2959
1 17
3 14
8 21
12 6
19 21
23 16
25 11
32 18
33 5
39 18
40 3
47 13
52 14
59 18
60 2
70 9
72 14
79 12
87 19
89 12
96 6
103 11
110 13
116 11
122 18
123 15
125 5
132 10
134 12
141 9
142 19
144 16
146 11
152 16
154 12
161 16
163 13
168 6
175 11
182 7
184 15
186 18
187 21
191 4
199 18
200 19
202 11
208 16
210 2
219 5
226 11
233 12
241 12
248 19
250 21
254 18
255 16
257 18
258 10
261 17
263 1
272 11
279 12
286 7
289 20
291 5
298 19
300 11
306 8
308 18
309 14
316 19
318 10
320 12
327 2
338 16
340 6
348 6
356 11
363 9
364 7
366 5
373 3
379 12
385 13
390 10
392 17
394 11
401 12
408 11
414 6
420 3
427 14
433 12
439 11
446 3
453 15
455 11
461 6
467 21
471 12
477 9
478 8
482 10
483 18
484 11
491 8
494 20
496 17
498 16
500 14
506 19
508 14
515 16
517 11
524 7
526 11
532 18
533 4
540 16
542 14
548 20
550 18
551 18
552 20
554 15
556 5
562 11
568 8
570 7
572 11
579 18
580 12
586 5
593 20
595 4
602 10
604 12
611 12
619 3
626 18
627 20
629 11
635 9
637 12
644 9
646 13
651 13
657 6
665 12
673 5
680 21
684 11
691 13
696 12
704 16
706 11
713 11
719 3
726 19
728 1
738 1
748 16
750 11
756 17
758 16
760 1
770 17
772 21
776 16
778 18
779 20
781 19
783 21
787 1
796 19
798 12
806 6
814 9
816 18
817 5
823 19
825 3
832 14
837 16
839 3
846 11
853 21
857 19
859 12
867 5
874 17
876 18
877 7
880 19
882 3
888 20
890 14
896 11
902 12
909 9
911 18
912 5
919 13
925 11
931 19
933 18
934 7
937 18
938 20
940 14
946 16
948 18
949 18
950 11
957 10
959 14
966 8
969 14
974 12
980 11
986 18
987 14
994 14
1001 16
1003 1
1013 14
1020 11
1027 18
1028 15
1030 2
1039 18
1040 19
1042 12
1049 17
1051 10
1053 8
1055 6
1061 8
1065 6
1073 15
1075 7
1078 16
1080 9
1082 11
1088 15
1090 11
1097 20
1099 18
1100 16
1102 9
1103 3
1110 8
1113 9
1115 12
1122 19
1124 18
1125 14
1131 9
1132 11
1139 8
1142 17
1144 10
1147 3
1153 16
1155 21
1159 2
1169 8
1172 11
1178 6
1185 13
1190 17
1192 11
1198 17
1200 12
1206 21
1210 12
1217 20
1219 12
1227 10
1229 12
1236 4
1244 2
1254 7
1256 20
1258 16
1260 16
1262 11
1269 21
1273 18
1274 14
1280 3
1287 13
1293 17
1295 15
1297 16
1299 18
1300 8
1304 13
1309 15
1311 5
1318 14
1324 10
1326 21
1330 15
1332 19
1334 11
1341 12
1349 12
1356 5
1363 17
1365 21
1369 3
1375 14
1381 11
1387 18
1388 19
1390 15
1392 12
1398 8
1400 12
1407 6
1414 20
1416 12
1422 13
1427 17
1429 5
1435 12
1442 1
1452 14
1459 15
1461 9
1462 19
1464 3
1471 1
1481 4
1488 21
1492 19
1494 13
1499 12
1505 11
1512 9
1513 16
1515 15
1517 18
1518 7
1521 6
1527 8
1530 18
1531 2
1541 15
1543 4
1549 16
1551 11
1558 15
1560 13
1565 21
1569 17
1571 19
1573 6
1579 5
1585 20
1587 18
1588 4
1594 17
1596 6
1602 11
1608 7
1610 9
1611 20
1613 1
1622 19
1624 8
1627 4
1635 18
1636 4
1643 13
1649 10
1652 16
1654 11
1661 18
1662 18
1663 8
1665 16
1667 18
1668 16
1670 8
1673 11
1679 11
1686 18
1687 9
1689 12
1696 3
1703 12
1711 16
1713 10
1716 8
1718 12
1724 9
1725 6
1732 12
1739 21
1743 21
1747 3
1754 15
1756 18
1757 4
1763 21
1767 11
1773 18
1774 18
1775 18
1776 11
1783 3
1789 18
1790 12
1798 3
1805 9
1807 12
1814 15
1816 14
1822 10
1825 11
1831 3
1838 1
1847 11
1854 3
1861 12
1867 12
1874 1
1884 18
1885 15
1887 5
1894 8
1896 11
1902 13
1908 13
1914 18
1915 13
1920 15
1922 13
1928 2
1939 21
1943 11
1949 2
1958 12
1965 12
1971 12
1977 17
1979 2
1989 13
1994 11
2000 11
2006 17
2008 6
2015 15
2017 6
2024 18
2025 6
2031 18
2032 20
2034 4
2040 13
2046 20
2048 11
2054 9
2056 12
2062 11
2069 18
2070 20
2072 18
2073 20
2075 10
2077 6
2085 12
2092 12
2099 21
2103 12
2111 18
2112 18
2113 4
2120 6
2127 11
2134 18
2135 16
2137 12
2144 9
2146 14
2152 19
2154 11
2160 3
2167 12
2174 12
2180 11
2186 14
2191 17
2193 11
2199 19
2201 10
2204 15
2206 15
2208 8
2211 11
2218 12
2225 10
2226 15
2228 21
2232 5
2238 14
2244 20
2246 10
2248 6
2254 6
2260 4
2268 3
2274 15
2276 2
2286 8
2288 11
2295 2
2304 5
2311 4
2319 8
2321 14
2326 13
2331 16
2333 11
2340 14
2347 15
2349 20
2351 15
2353 7
2356 20
2358 18
2359 9
2360 7
2363 9
2365 13
2370 21
2374 15
2376 1
2385 12
2392 11
2399 2
2410 21
2414 4
2422 11
2429 9
2431 21
2435 11
2441 19
2443 11
2450 7
2452 5
2459 11
2465 12
2473 15
2475 20
2477 15
2479 18
2480 6
2486 1
2496 11
2503 10
2505 1
2515 20
2517 18
2518 14
2525 4
2532 6
2540 10
2543 18
2544 1
2553 6
2559 7
2562 16
2564 17
2566 7
2568 1
2578 12
2585 5
2592 10
2594 3
2600 13
2605 11
2611 18
2612 15
2614 1
2623 8
2626 12
2634 6
2640 1
2649 12
2656 11
2662 9
2663 18
2664 15
2666 11
2672 1
2681 18
2682 11
2689 11
2696 9
2698 21
2702 15
2704 5
2711 12
2718 12
2726 14
2733 12
2740 20
2742 15
2744 4
2752 9
2753 19
2755 9
2757 15
2759 14
2765 11
2772 19
2774 5
2781 13
2787 4
2795 8
2798 2
2807 12
2815 2
2824 15
2826 13
2831 7
2833 5
2840 5
2846 14
2851 19
2853 12
2860 8
2863 14
2868 11
2874 8
2876 19
2878 11
2884 9
2885 21
2889 7
2892 2
2902 11
2908 18
2909 7
2912 17
2914 16
2916 9
2918 21
2922 2
2932 11
2938 13
2944 4
2951 4
2957 18
2958 15
2960 13
2965 8
2967 10
2969 4
2976 20
2978 12
2985 6
2993 5
3000 20
3002 13
3007 6
3014 15
3016 18
3017 10
3019 12
3025 12
3031 21
3035 16
3037 17
3039 10
3041 8
3045 7
3047 19
3049 21
3053 12
3060 21
3064 1
3073 6
3081 2
3091 14
3098 5
3105 3
3112 8
3115 11
3121 15
3123 12
3130 6
3137 17
3139 9
3140 20
3142 18
3143 9
3144 4
3150 9
3151 13
3157 15
3159 21
3163 10
3164 11
3171 3
3178 20
3180 21
3184 9
3186 16
3188 18
3189 13
3194 18
3195 8
3197 13
3203 9
3204 17
3206 3
3212 9
3213 11
3219 9
3220 15
3222 12
3228 8
3231 17
3233 18
3234 11
3240 21
3244 18
3245 21
3249 9
3251 21
3255 18
3256 20
3258 14
3265 20
3267 12
3275 17
3277 16
3279 20
3281 13
3287 18
3288 9
3289 10
3292 9
3294 12
3300 8
3303 14
3310 16
3312 12
3319 15
3321 1
3331 10
3334 17
3336 21
3340 9
3341 10
3342 7
3345 6
3351 6
3359 12
3366 4
3373 19
3375 4
3382 20
3384 15
3386 12
3394 15
3396 13
3401 3
3407 13
3412 12
3419 3
3425 14
3430 14
3437 5
3444 11
3451 9
3453 3
3459 12
3465 1
3474 6
3481 12
3488 1
3497 4
3504 1
3514 19
3516 9
3518 16
3520 11
3526 17
3528 17
3530 14
3537 11
3543 20
3545 6
3551 13
3557 6
3563 12
3571 5
3577 13
3582 12
3590 3
3596 20
3598 11
3605 19
3607 6
3615 14
3621 11
3628 18
3629 10
3632 21
3636 3
3642 21
3646 14
3652 1
3661 11
3668 4
3674 15
3676 19
3678 15
3680 5
3686 15
3688 17
3690 11
3697 10
3698 16
3700 1
3709 11
3715 19
3717 6
3723 6
3730 13
3735 13
3741 9
3743 6
3749 1
3759 12
3767 5
3773 17
3775 10
3776 15
3778 4
3785 12
3793 18
3794 18
3795 16
3797 18
3798 17
3800 1
3809 10
3811 12
3818 9
3820 17
3822 12
3830 13
3836 20
3838 11
3845 15
3847 7
3849 12
3856 4
3862 12
3870 12
3878 3
3885 4
3892 13
3898 10
3900 4
3908 4
3915 9
3916 10
3919 13
3924 7
3926 1
3935 17
3937 18
3938 20
3940 11
3947 6
3955 3
3962 20
3964 13
3970 7
3972 5
3979 12
3986 11
3992 14
3997 2
4006 17
4008 20
4010 11
4016 6
4023 12
4031 15
4033 12
4040 12
4046 1
4056 12
4064 14
4071 12
4077 4
4084 9
4085 11
4091 18
4092 18
4093 2
4104 4
4112 10
4113 7
4115 6
4122 10
4123 14
4130 12
4138 4
4145 8
4148 17
4150 19
4152 11
4159 8
4161 7
4163 18
4164 7
4167 21
4171 3
4177 5
4183 3
4189 1
4198 2
4209 18
4210 19
4212 9
4213 7
4215 5
4221 5
4228 11
4235 1
4244 11
4251 3
4257 11
4264 1
4274 21
4278 18
4279 21
4283 1
4292 11
4299 10
4301 12
4308 2
4317 1
4326 15
4328 16
4330 2
4340 11
4346 1
4356 20
4358 13
4364 14
4369 15
4371 3
4378 9
4380 6
4386 13
4391 10
4393 1
4402 18
4403 4
4410 14
4416 12
4424 11
4430 18
4431 11
4437 21
4441 12
4449 18
4450 10
4452 5
4458 5
4464 14
4471 8
4474 18
4475 6
4482 18
4483 7
4486 18
4487 20
4489 4
4496 2
4505 4
4513 11
4520 15
4522 16
4524 14
4531 6
4538 16
4540 18
4541 16
4543 13
4548 9
4549 18
4550 9
4551 18
4552 10
4555 1
4564 5
4570 12
4577 15
4579 1
4589 18
4590 21
4594 12
4600 21
4604 16
4606 12
4613 1
4623 19
4625 13
4630 8
4633 9
4635 18
4636 2
4645 2
4655 2
4666 18
4667 15
4669 11
4676 8
4679 19
4681 8
4683 1
4693 19
4695 9
4697 16
4699 16
4701 11
4707 14
4713 11
4719 11
4726 1
4736 9
4737 3
4744 20
4746 8
4750 1
4759 18
4760 18
4761 4
4768 12
4775 19
4777 9
4778 16
4780 3
4786 16
4788 11
4795 12
4801 9
4803 18
4804 15
4806 11
4813 11
4820 4
4826 21
4830 11
4836 11
4842 8
4846 8
4850 7
4853 15
4855 11
4862 5
4868 6
4874 2
4884 10
4885 18
4886 8
4889 12
4896 3
4902 20
4904 12
4911 16
4913 5
4920 18
4921 4
4929 13
4935 8
4938 16
4940 7
4943 2
4952 4
4958 12
4965 21
4969 11
4975 12
4982 5
4988 11
4995 12
5001 10
5003 12
5010 11
5016 16
5018 20
5020 11
5026 12
5034 5
5040 17
5042 16
5044 10
5047 8
5050 12
5057 11
5063 18
5064 19
5066 15
5068 21
5072 11
5078 21
5082 18
5083 9
5085 9
5086 5
5092 14
5099 14
5106 9
5108 15
5110 15
5112 15
5114 1
5124 4
5132 5
5138 15
5140 12
5147 18
5148 14
5154 11
5161 9
5162 18
5163 11
5169 20
5171 12
5179 10
5180 13
5185 18
5186 3
5192 12
5198 11
5204 15
5206 18
5207 8
5211 6
5218 11
5225 8
5229 17
5231 12
5237 11
5243 12
5251 7
5253 18
5254 11
5260 14
5265 10
5267 10
5270 11
5276 13
5281 3
5288 18
5289 14
5295 14
5301 12
5309 15
5311 12
5318 11
5325 15
5327 16
5329 12
5336 10
5339 1
5348 11
5354 17
5356 8
5359 15
5361 10
5362 18
5363 8
5366 9
5368 7
5370 4
5376 2
5386 12
5392 1
5401 15
5403 6
5409 1
5418 18
5419 18
5420 11
5426 12
5434 7
5437 18
5438 15
5440 20
5442 11
5448 12
5454 11
5460 12
5467 9
5468 5
5475 15
5477 8
5481 8
5484 18
5485 15
5487 3
5493 8
5495 4
5502 11
5509 8
5512 10
5514 14
5521 19
5523 13
5528 17
5530 16
5532 12
5539 7
5542 13
5548 12
5555 21
5559 12
5565 18
5566 16
5568 4
5574 17
5576 10
5579 4
5586 12
5594 13
5600 1
5610 12
5617 12
5623 15
5625 8
5628 11
5635 18
5636 11
5642 16
5644 16
5646 11
5652 7
5654 6
5662 17
5664 11
5671 12
5677 18
5678 11
5685 9
5686 12
5692 12
5700 8
5702 21
5706 6
5714 17
5716 12
5723 12
5730 13
5735 19
5737 10
5739 11
5746 17
5748 1
5757 1
5766 15
5768 4
5775 10
5777 16
5779 17
5781 7
5783 16
5785 3
5792 11
5798 12
5805 15
5807 11
5813 20
5815 17
5817 20
5819 7
5821 19
5823 5
5829 7
5832 12
5839 17
5841 11
5847 14
5852 5
5859 8
5861 20
5863 16
5865 21
5869 4
5876 15
5878 19
5880 18
5881 14
5887 16
5889 14
5895 8
5897 8
5901 18
5902 11
5909 10
5910 7
5913 15
5915 18
5916 12
5924 12
5930 4
5936 2
5945 3
5952 20
5954 1
5963 6
5970 16
5972 1
5981 12
5987 8
5990 11
5996 20
5998 8
6001 11
6008 15
6010 17
6012 6
6018 16
6020 11
6027 11
6033 11
6039 18
6040 15
6042 17
6044 4
6052 19
6054 4
6061 7
6063 12
6069 18
6070 16
6072 12
6079 18
6080 2
6089 10
6091 12
6097 10
6098 11
6105 11
6111 1
6121 7
6123 8
6125 16
6127 3
6133 11
6139 12
6146 11
6153 11
6159 18
6160 15
6162 16
6164 19
6166 1
6176 13
6182 16
6184 19
6186 4
6193 15
6195 21
6199 12
6207 15
6209 16
6211 3
6217 12
6224 9
6225 11
6231 20
6233 13
6238 5
6244 11
6251 6
6258 18
6259 7
6262 9
6264 17
6266 17
6268 14
6275 1
6284 10
6286 18
6287 11
6294 7
6297 21
6301 18
6302 16
6304 19
6306 6
6312 15
6314 10
6316 3
6322 16
6324 12
6331 20
6333 7
6335 10
6337 3
6343 16
6345 17
6347 11
6353 7
6355 21
6359 20
6361 9
6362 7
6364 1
6373 19
6375 17
6377 9
6378 12
6385 6
6393 8
6395 11
6402 12
6409 15
6411 10
6413 19
6415 14
6420 19
6422 12
6429 11
6435 7
6437 12
6444 18
6445 19
6447 14
6453 14
6459 11
6465 2
6474 3
6480 1
6489 16
6491 9
6492 14
6499 16
6501 19
6503 15
6505 12
6512 2
6522 11
6528 4
6535 9
6537 16
6539 15
6541 3
6547 5
6554 11
6560 11
6567 15
6569 7
6571 13
6576 7
6578 7
6580 17
6582 18
6583 2
6592 6
6599 15
6601 12
6608 12
6614 1
6623 15
6625 8
6628 1
6637 17
6639 10
6640 15
6642 11
6648 18
6649 9
6650 1
6660 21
6664 11
6670 21
6674 17
6676 11
6683 10
6685 7
6687 4
6694 13
6700 2
6710 7
6712 4
6718 18
6719 19
6721 11
6728 2
6739 18
6740 3
6746 6
6753 10
6754 13
6759 9
6760 17
6762 11
6769 2
6779 20
6781 17
6783 18
6784 12
6790 12
6797 6
6803 8
6806 3
6813 18
6814 11
6821 15
6823 11
6829 18
6830 1
6839 15
6841 14
6847 17
6849 18
6850 11
6857 19
6859 20
6861 13
6867 8
6869 13
6875 1
6884 9
6885 2
6896 15
6898 16
6900 9
6902 9
6904 11
6911 9
6913 2
6922 15
6924 17
6926 7
6929 17
6931 19
6933 21
6937 11
6944 11
6951 11
6957 14
6963 6
6970 12
6977 3
6984 2
6995 2
7005 13
7011 7
7014 9
7016 10
7019 19
7021 12
7028 13
7034 15
7036 16
7038 5
7044 4
7050 17
7052 4
7058 5
7064 18
7065 16
7067 7
7069 10
7071 3
7078 13
7083 18
7084 3
7090 11
7096 5
7102 11
7109 6
7117 11
7124 21
7128 16
7130 2
7140 5
7147 1
7157 9
7159 16
7161 18
7162 12
7170 15
7172 14
7177 15
7179 11
7185 11
7192 15
7194 19
7196 9
7197 16
7199 2
7209 11
7216 16
7218 13
7224 6
7231 8
7233 7
7236 7
7239 6
7245 13
7251 18
7252 1
7262 12
7270 11
7277 2
7286 1
7295 20
7297 12
7305 14
7311 14
7318 5
7324 14
7330 9
7332 15
7334 11
7340 19
7342 10
7345 3
7352 16
7354 6
7361 1
7370 15
7372 13
7377 10
7379 11
7385 13
7390 21
7394 15
7396 14
7402 11
7408 1
7417 11
7423 5
7429 16
7431 11
7437 1
7447 9
7449 19
7451 9
7453 7
7455 10
7457 9
7459 10
7461 18
7462 21
7466 20
7468 12
7476 12
7483 11
7490 21
7494 8
7498 2
7508 12
7515 15
7517 9
7518 10
7520 11
7526 9
7528 4
7536 4
7543 18
7544 13
7550 11
7556 17
7558 17
7560 8
7562 11
7568 20
7570 11
7577 14
7583 16
7585 18
7586 3
7592 20
7594 5
7601 20
7603 13
7608 17
7610 6
7616 5
7622 11
7628 9
7630 11
7636 19
7638 19
7640 18
7641 20
7643 18
7644 8
7648 20
7650 1
7660 6
7666 12
7672 6
7678 8
7682 3
7688 13
7694 17
7696 18
7697 18
7698 6
7704 7
7706 12
7713 2
7723 21
7727 16
7729 15
7731 6
7738 19
7740 6
7748 2
7757 14
7764 19
7766 11
7772 15
7774 1
7783 12
7791 1
7801 5
7807 1
7817 11
7824 20
7826 9
7828 19
7830 20
7832 8
7836 16
7838 11
7845 18
7846 18
7847 11
7853 8
7857 8
7861 3
7867 18
7868 11
7875 11
7882 10
7884 16
7886 8
7888 15
7890 15
7892 16
7894 13
7899 11
7905 6
7913 4
7920 11
7926 15
7928 1
7937 11
7943 11
7950 11
7957 2
7968 3
7975 14
7981 18
7982 12
7989 18
7990 18
7991 15
7993 18
7994 11
8001 4
8008 19
8010 4
8017 18
8018 18
8019 18
8020 8
8023 21
8027 21
8031 10
8032 11
8038 7
8041 14
8047 12
8055 12
8061 17
8063 12
8069 13
8075 18
8076 9
8077 15
8079 7
8081 13
8086 3
8093 12
8101 12
8108 9
8110 15
8112 18
8113 10
8114 9
8116 14
8123 15
8125 2
8136 14
8142 6
8148 20
8150 18
8151 2
8160 18
8161 10
8163 15
8165 18
8166 18
8167 5
8173 8
8176 12
8183 13
8188 21
8192 12
8200 6
8207 4
8215 15
8217 9
8219 8
8222 11
8229 12
8235 6
8242 2
8252 15
8254 4
8261 15
8263 17
8265 11
8272 18
8273 21
8277 1
8286 21
8290 12
8296 6
8302 6
8310 19
8312 15
8314 20
8316 14
8322 12
8328 16
8330 16
8332 5
8338 9
8339 12
8346 17
8348 4
8355 5
8361 8
8363 11
8370 11
8376 8
8378 16
8380 15
8382 4
8388 11
8395 8
8398 18
8399 7
8401 14
8406 21
8410 15
8412 20
8414 18
8415 9
8417 20
8419 11
8426 16
8428 18
8429 3
8435 2
8444 1
8454 11
8461 9
8462 11
8469 18
8470 11
8476 19
8478 4
8486 17
8488 11
8494 10
8497 7
8500 1
8510 20
8512 11
8519 18
8520 20
8522 21
8526 19
8528 18
8529 19
8531 3
8538 5
8544 11
8551 7
8553 1
8562 11
8569 11
8576 10
8577 12
8583 11
8590 11
8597 15
8599 18
8600 12
8606 2
8617 7
8619 7
8622 15
8624 8
8627 4
8634 14
8641 15
8643 5
8650 15
8652 13
8658 21
8662 19
8664 10
8666 19
8668 12
8676 18
8677 15
8679 17
8681 16
8683 18
8684 11
8690 14
8695 18
8696 10
8699 15
8701 19
8703 19
8705 12
8713 19
8715 1
8724 13
8730 12
8737 12
8744 17
8746 14
8753 14
8758 18
8759 16
8761 1
8771 3
8778 12
8785 11
8792 7
8795 10
8797 6
8804 16
8806 10
8808 6
8815 18
8816 10
8819 3
8825 13
8830 12
8837 16
8839 14
8845 15
8847 4
8854 4
8862 11
8868 2
8877 1
8886 8
8888 11
8894 12
8902 10
8904 11
8911 12
8918 15
8920 18
8921 20
8923 14
8930 12
8938 16
8940 17
8942 10
8945 18
8946 8
8949 1
8958 11
8964 20
8966 10
8968 11
8974 19
8976 21
8980 12
8986 11
8993 3
9000 17
9002 11
9009 21
9013 21
9017 4
9024 17
9026 20
9028 1
9037 9
9039 20
9041 11
9047 18
9048 12
9055 11
9061 3
9067 13
9073 7
9076 12
9082 12
9088 18
9089 6
9095 1
9104 1
9114 6
9121 1
9130 21
9134 14
9141 20
9143 4
9151 12
9158 10
9159 5
9166 3
9172 7
9174 4
9182 17
9184 14
9190 12
9197 16
9199 18
9200 12
9207 12
9215 13
9220 13
9226 5
9233 20
9235 20
9237 6
9245 7
9248 18
9249 11
9256 21
9260 1
9270 19
9272 4
9279 21
9283 12
9289 18
9290 17
9292 7
9295 10
9296 3
9303 4
9311 13
9317 7
9320 12
9326 11
9332 7
9335 11
9342 15
9344 16
9346 6
9354 12
9361 12
9368 18
9369 12
9376 13
9382 8
9384 10
9385 13
9390 21
9394 16
9396 18
9397 21
9401 21
9405 10
9407 10
9410 5
9417 15
9419 11
9426 14
9432 7
9435 1
9444 9
9446 5
9453 12
9460 5
9466 11
9473 10
9475 21
9479 12
9486 20
9488 7
9491 19
9493 12
9501 15
9503 5
9510 18
9511 5
9518 12
9525 20
9527 9
9529 2
9540 17
9542 12
9549 12
9557 6
9563 15
9565 5
9572 15
9574 12
9582 13
9588 20
9590 5
9597 21
9601 14
9606 3
9613 15
9615 4
9621 9
9622 19
9624 11
9630 3
9637 6
9644 1
9654 16
9656 11
9663 21
9667 4
9675 11
9682 6
9690 13
9695 18
9696 16
9698 7
9701 21
9705 17
9707 7
9709 2
9719 8
9722 12
9729 17
9731 11
9738 6
9746 12
9753 14
9759 10
9760 1
9770 18
9771 7
9773 3
9779 14
9785 3
9791 12
9798 18
9799 11
9806 2
9816 7
9818 11
9824 5
9831 3
9838 11
9845 12
9851 12
9859 10
9861 10
9863 14
9868 14
9873 12
9880 16
9882 8
9884 5
9890 13
9895 13
9901 11
9907 18
9908 2
9918 19
9920 11
9927 18
9928 5
9935 19
9937 16
9939 5
9946 13
9951 15
9953 16
9955 1
9965 12
9971 12
9977 16
9979 10
9980 11
9987 11
9993 12
10000 16
10002 8
10005 11
10011 2
10021 11
10028 12
10035 10
10037 16
10039 12
10047 19
10049 8
10052 19
10054 17
10056 8
10060 10
10062 18
10063 5
10070 11
10076 7
10079 16
10081 9
10082 11
10088 11
10094 11
10100 6
10107 18
10108 12
10115 3
10121 10
10123 11
10130 11
10137 14
10144 21
10148 6
10155 13
10161 3
10167 18
10168 18
10169 12
10176 18
10177 11
10184 5
10191 11
10198 13
10203 17
10205 2
10216 18
10217 9
10219 12
10226 3
10232 15
10234 15
10236 3
10243 19
10245 17
10247 4
10254 17
10256 18
10257 14
10263 10
10265 12
10272 8
10276 4
10283 1
10293 21
10297 11
10303 7
10306 17
10308 12
10315 12
10323 20
10325 6
10332 9
10334 3
10340 20
10342 2
10351 8
10354 12
10360 8
10363 20
10365 18
10366 17
10368 13
10373 2
10384 19
10386 1
10395 11
10402 1
10412 4
10419 20
10421 3
10428 15
10430 4
10437 14
10442 8
10444 16
10446 15
10448 12
10454 21
10458 3
10464 19
10466 18
10467 21
10471 4
10478 4
10484 11
10490 4
10497 20
10499 11
10505 11
10511 13
10516 21
10520 4
10528 7
10530 15
10532 15
10534 9
10536 7
10539 3
10545 5
10552 17
10554 18
10555 5
10561 4
10567 18
10568 14
10574 4
10582 9
10583 9
10584 9
10585 18
10586 18
10587 15
10589 14
10594 6
10600 4
10606 6
10614 17
10616 7
10618 14
10624 14
10631 16
10633 5
10640 3
10647 9
10648 1
10657 19
10659 17
10661 17
10663 18
10664 19
10666 20
10668 18
10669 1
10678 8
10681 11
10688 12
10696 20
10698 6
10705 12
10711 12
10718 17
10720 11
10726 14
10732 17
10734 3
10740 14
10745 9
10746 19
10748 6
10755 10
10756 1
10766 4
10772 2
10783 16
10785 9
10786 5
10792 5
10798 17
10800 17
10802 8
10804 1
10813 12
10820 21
10824 10
10826 18
10827 18
10828 8
10832 12
10840 14
10845 14
10851 11
10858 6
10865 10
10866 4
10873 15
10875 19
10877 12
10885 18
10886 10
10889 18
10890 5
10896 11
10902 11
10909 9
10911 20
10913 17
10915 19
10917 13
10922 8
10924 12
10931 11
10937 20
10939 10
10941 7
10944 15
10946 9
10948 2
10958 13
10963 12
10970 7
10972 4
10978 6
10984 15
10986 10
10988 2
10998 1
11008 1
11018 15
11020 16
11022 9
11023 17
11025 4
11031 21
11035 18
11036 3
11042 5
11048 21
11052 15
11054 10
11055 18
11056 4
11063 18
11064 3
11070 17
11072 10
11073 4
11079 13
11084 19
11086 20
11088 20
11090 12
11096 16
11098 1
11108 13
11114 11
11121 12
11129 15
11131 9
11132 7
11134 2
11144 16
11146 14
11152 1
11161 19
11163 6
11170 7
11172 9
11173 18
11174 10
11175 15
11177 4
11185 20
11187 18
11188 12
11195 20
11197 11
11204 11
11210 3
11216 10
11219 9
11221 2
11230 7
11233 18
11234 19
11236 5
11242 5
11248 1
11257 7
11259 9
11261 14
11267 10
11268 10
11269 7
11272 2
11281 17
11283 12
11289 4
11297 16
11299 11
11306 18
11307 9
11309 11
11315 11
11321 21
11325 1
11335 5
11341 11
11348 6
11355 9
11356 12
11364 13
11369 1
11379 6
11387 12
11393 12
11400 20
11402 14
11409 20
11411 19
11413 17
11415 2
11424 16
11426 2
11436 1
11446 18
11447 9
11449 5
11456 10
11459 4
11467 13
11472 13
11477 10
11479 10
11481 11
11487 7
11490 2
11499 8
11501 2
11511 15
11513 5
11519 4
11525 3
11531 15
11533 2
11544 3
11551 18
11552 6
11559 11
11565 20
11567 3
11574 21
11578 15
11580 17
11582 16
11584 1
11594 6
11600 14
11607 19
11609 11
11615 18
11616 5
11623 18
11624 14
11629 6
11637 15
11639 4
11645 15
11647 6
11655 10
11657 8
11659 6
11666 2
11675 14
11682 11
11689 5
11696 10
11698 12
11705 8
11708 18
11709 17
11711 7
11713 11
11720 9
11722 12
11729 10
11731 15
11733 20
11735 12
11741 9
11742 1
11751 3
11758 7
11760 6
11768 1
11777 13
11782 3
11788 11
11794 13
11800 8
11803 11
11810 18
11811 11
11817 16
11819 8
11821 11
11827 12
11833 6
11839 11
11846 11
11852 6
11859 15
11861 21
11865 2
11874 18
11875 11
11882 21
11886 4
11894 12
11901 7
11903 6
11911 5
11917 11
11923 8
11926 12
11933 11
11939 20
11941 21
11945 21
11949 15
11951 11
11958 18
11959 1
11968 2
11977 11
11984 5
11991 9
11993 16
11995 1
12005 3
12012 9
12013 12
12019 11
12025 11
12031 8
12034 12
12040 21
12044 5
12050 12
12056 12
12062 16
12064 17
12066 3
12073 20
12075 16
12077 17
12079 16
12081 12
12088 5
12095 11
12102 11
12108 3
12115 13
12120 21
12124 19
12126 12
12132 15
12134 18
12135 19
12137 7
12140 15
12142 19
12144 5
12151 11
12158 7
12161 16
12163 8
12166 20
12168 21
12172 16
12174 18
12175 18
12176 9
12178 12
12185 18
12186 18
12187 17
12189 1
12198 8
12200 11
12207 11
12214 3
12220 15
12222 13
12227 16
12229 21
12233 12
12240 11
12246 16
12248 20
12250 11
12257 3
12264 12
12272 16
12274 12
12281 19
12283 13
12288 1
12298 16
12300 14
12306 1
12316 15
12318 18
12319 10
12321 1
12330 14
12337 11
12343 11
12350 15
12352 2
12363 11
12369 16
12371 4
12379 11
12385 18
12386 8
12390 16
12392 6
12398 15
12400 1
12409 14
12414 15
12416 17
12418 20
12420 18
12421 2
12432 12
12439 9
12441 15
12443 11
12450 14
12455 15
12457 8
12461 8
12464 1
12474 3
12480 12
12487 16
12489 11
12495 17
12497 11
12504 17
12506 17
12508 5
12515 9
12517 17
12519 19
12521 3
12527 1
12536 10
12538 8
12540 10
12542 5
12548 6
12554 9
12555 13
12561 9
12562 7
12565 4
12571 11
12577 19
12579 11
12585 12
12592 11
12599 13
12605 16
12607 19
12609 13
12615 11
12621 11
12628 1
12638 21
12642 6
12648 19
12650 11
12656 7
12659 11
12666 19
12668 3
12674 10
12676 11
12683 13
12688 5
12694 17
12696 9
12697 14
12703 3
12710 18
12711 10
12713 16
12715 11
12721 7
12723 13
12728 15
12730 14
12736 12
12742 5
12749 21
12753 5
12759 4
12765 11
12772 18
12773 18
12774 12
12780 12
12787 11
12794 9
12795 12
12801 12
12807 11
12813 5
12820 14
12826 13
12832 20
12834 9
12836 5
12842 9
12843 2
12853 4
12860 13
12865 11
12872 9
12873 16
12875 1
12884 18
12885 12
12893 1
12903 11
12910 15
12912 4
12918 17
12920 19
12922 4
12929 18
12930 6
12936 12
12943 16
12945 7
12947 18
12948 6
12955 11
12961 9
12962 2
12972 13
12977 11
12984 10
12985 21
12989 11
12995 17
12997 11
13003 14
13008 13
13014 19
13016 2
13027 14
13032 15
13034 12
13041 20
13043 7
13045 1
13055 6
13062 11
13068 5
13075 11
13081 12
13087 9
13088 12
13096 16
13098 18
13099 7
13102 10
13104 7
13107 9
13108 19
13110 21
13114 11
13120 15
13122 19
13124 12
13132 18
13133 9
13135 21
13139 16
13141 2
13151 21
13155 10
13156 10
13159 11
13165 8
13168 14
13174 3
13180 17
13182 17
13184 12
13191 12
13198 17
13200 16
13202 19
13204 17
13206 5
13213 4
13219 21
13223 15
13225 2
13235 19
13237 20
13239 18
13240 6
13247 11
13253 8
13257 1
13266 5
13273 11
13279 20
13281 12
13287 12
13294 14
13301 17
13303 7
13305 14
13310 16
13312 11
13318 17
13320 19
13322 19
13324 11
13330 21
13334 5
13340 12
13347 3
13353 17
13355 3
13362 10
13364 7
