2959
1 14
6 19
8 16
10 8
13 7
15 8
18 12
25 9
27 14
33 11
40 8
43 15
45 9
47 20
49 14
55 14
62 20
64 15
66 12
73 10
75 12
82 18
83 18
84 5
90 19
92 12
100 9
102 15
104 16
106 16
108 19
110 5
117 13
122 11
129 14
136 7
138 13
144 5
151 3
157 9
158 7
160 11
167 1
176 9
177 8
179 9
180 8
183 19
185 10
187 15
189 5
196 17
198 14
205 6
213 16
215 11
221 11
228 18
229 12
235 1
245 18
246 4
252 15
254 7
256 7
259 6
266 12
273 12
279 9
281 21
285 8
288 3
294 7
297 15
299 17
301 11
307 8
310 19
312 12
320 12
327 9
329 16
331 4
339 15
341 4
349 6
356 16
358 12
365 8
367 18
368 18
369 12
376 2
386 12
394 21
398 4
406 11
413 7
415 1
424 4
431 9
432 14
438 11
445 5
451 1
460 11
467 7
469 1
478 1
487 2
496 9
498 10
500 3
507 13
512 8
514 18
515 10
516 18
517 11
524 8
527 11
534 1
544 16
546 6
553 13
558 5
564 1
573 7
575 18
576 18
577 12
584 12
591 11
598 18
599 20
601 8
604 14
610 8
613 18
614 21
618 8
621 9
623 20
625 5
631 12
637 12
645 2
655 2
665 12
672 5
678 16
680 10
681 7
684 4
691 11
697 12
705 11
712 9
713 5
719 7
722 3
729 11
735 5
742 17
744 2
753 10
755 13
760 17
762 18
763 9
764 1
773 16
775 19
777 2
787 11
794 11
801 15
803 9
804 5
811 3
817 11
823 11
830 1
840 14
845 12
852 15
854 8
857 12
865 11
871 3
878 6
885 14
891 3
898 18
899 20
901 21
905 9
907 6
914 9
916 20
918 16
920 11
926 2
936 6
942 12
949 18
950 6
958 20
960 21
964 8
967 12
975 13
980 11
987 11
993 12
1000 3
1006 17
1008 10
1009 20
1011 9
1012 5
1019 1
1028 2
1038 20
1040 13
1045 21
1049 5
1055 7
1057 11
1063 18
1064 17
1066 11
1072 16
1074 10
1075 4
1082 12
1089 5
1095 19
1097 18
1098 9
1100 7
1103 5
1109 18
1110 3
1116 10
1118 16
1120 13
1125 18
1126 1
1136 4
1142 15
1144 18
1145 19
1147 12
1155 16
1157 4
1165 2
1174 18
1175 18
1176 1
1186 16
1188 18
1189 1
1199 11
1205 7
1207 2
1217 5
1223 6
1229 17
1231 11
1237 1
1247 11
1254 12
1262 13
1268 13
1274 11
1281 5
1287 15
1289 11
1295 11
1301 18
1302 1
1312 11
1318 16
1320 18
1321 18
1322 19
1324 18
1325 18
1326 11
1333 5
1340 20
1342 8
1345 15
1347 4
1355 12
1361 21
1365 12
1372 14
1378 18
1379 15
1381 11
1387 15
1389 3
1396 2
1406 12
1414 13
1420 8
1422 15
1424 21
1428 18
1429 12
1436 4
1444 11
1451 1
1461 20
1463 10
1465 13
1470 1
1479 2
1489 11
1496 10
1498 18
1499 12
1506 11
1512 9
1514 7
1516 11
1523 5
1529 10
1531 12
1537 11
1544 10
1547 16
1549 13
1554 18
1555 10
1556 12
1562 12
1569 4
1577 17
1579 13
1585 18
1586 15
1588 15
1590 13
1596 9
1597 14
1602 13
1607 3
1613 8
1616 2
1626 5
1632 11
1639 2
1649 15
1651 7
1654 7
1657 6
1664 21
1668 11
1674 18
1675 8
1678 6
1686 10
1687 4
1693 13
1698 10
1700 12
1707 17
1709 12
1716 6
1723 6
1729 16
1731 4
1737 12
1745 11
1751 21
1755 3
1762 18
1763 18
1764 11
1771 9
1772 11
1778 16
1780 4
1787 6
1794 12
1802 11
1808 19
1810 18
1811 15
1813 1
1822 1
1832 5
1838 12
1846 14
1852 3
1859 20
1861 6
1868 6
1875 19
1877 11
1884 18
1885 18
1886 19
1888 13
1893 12
1900 11
1906 7
1909 19
1911 20
1913 21
1917 15
1919 15
1921 12
1927 9
1928 7
1930 3
1936 11
1942 12
1949 20
1951 3
1957 10
1960 14
1967 8
1970 15
1972 6
1979 17
1981 8
1983 18
1984 2
1993 15
1995 11
2001 9
2003 15
2005 19
2007 17
2009 11
2015 3
2021 1
2031 11
2038 1
2048 13
2054 4
2061 11
2068 12
2075 11
2082 12
2089 21
2093 19
2095 1
2105 4
2112 2
2122 16
2124 11
2130 8
2133 12
2140 17
2142 7
2145 14
2152 11
2158 13
2164 2
2174 18
2175 5
2182 16
2184 3
2190 7
2192 12
2199 11
2205 8
2207 18
2208 6
2215 12
2222 17
2224 1
2234 20
2236 1
2245 4
2252 6
2259 3
2265 19
2267 18
2268 12
2274 10
2276 1
2286 12
2293 7
2296 15
2298 1
2308 6
2314 10
2315 11
2321 2
2332 5
2338 17
2340 17
2342 10
2344 17
2346 7
2349 14
2355 18
2356 19
2358 11
2365 18
2366 14
2371 7
2373 12
2380 1
2390 12
2396 8
2399 13
2404 7
2406 21
2410 16
2412 18
2413 8
2416 5
2422 18
2423 1
2432 12
2438 11
2444 2
2455 9
2456 14
2463 3
2470 1
2480 15
2482 5
2488 16
2490 18
2491 8
2494 11
2501 14
2506 16
2508 21
2512 12
2518 11
2525 13
2530 5
2537 1
2547 11
2553 13
2559 18
2560 18
2561 11
2567 1
2577 20
2579 17
2581 15
2583 11
2589 11
2595 21
2599 12
2607 2
2617 15
2619 21
2623 9
2624 1
2633 21
2637 20
2639 11
2645 12
2652 13
2658 9
2660 8
2664 11
2670 11
2676 5
2682 6
2688 11
2694 18
2695 17
2697 10
2699 12
2706 17
2708 18
2709 11
2715 12
2723 2
2732 16
2734 19
2736 6
2743 3
2750 16
2752 1
2762 11
2768 1
2777 21
2781 20
2783 9
2784 5
2790 6
2797 15
2799 11
2806 12
2814 13
2819 16
2821 21
2825 18
2826 1
2836 12
2843 3
2849 13
2854 12
2862 21
2866 12
2873 19
2875 7
2878 16
2880 18
2881 4
2888 21
2892 1
2901 9
2903 11
2910 20
2912 16
2914 11
2920 17
2922 11
2928 4
2935 5
2941 4
2949 1
2959 18
2960 14
2967 6
2973 15
2975 11
2981 18
2982 9
2983 8
2985 6
2992 18
2993 20
2995 18
2996 20
2998 8
3000 18
3001 10
3003 21
3007 19
3009 12
3016 17
3018 11
3025 12
3032 21
3036 2
3046 8
3049 4
3057 12
3064 14
3069 15
3071 15
3073 8
3076 4
3083 19
3085 8
3088 18
3089 15
3091 1
3100 11
3106 4
3112 19
3114 18
3115 12
3122 9
3124 17
3126 2
3136 11
3143 20
3145 17
3147 21
3151 12
3157 19
3159 18
3160 15
3162 11
3169 11
3175 5
3182 11
3188 1
3198 14
3205 3
3212 20
3214 11
3220 18
3221 18
3222 16
3224 11
3230 6
3236 6
3242 11
3249 4
3257 11
3264 12
3270 20
3272 19
3274 18
3275 18
3276 7
3279 10
3281 6
3288 18
3289 16
3291 16
3293 14
3300 1
3310 12
3317 12
3324 1
3334 12
3342 19
3344 12
3351 9
3353 2
3363 3
3369 13
3374 18
3375 19
3377 18
3378 18
3379 16
3381 9
3382 18
3383 16
3385 21
3389 19
3391 18
3392 21
3396 2
3406 16
3408 6
3414 9
3415 20
3417 2
3426 18
3427 12
3434 17
3436 11
3443 7
3445 4
3452 11
3458 12
3466 18
3467 15
3469 15
3471 1
3480 8
3482 3
3489 2
3499 9
3501 4
3509 12
3517 10
3519 5
3525 11
3531 20
3533 14
3540 15
3542 6
3549 18
3550 3
3557 12
3564 10
3567 12
3575 9
3577 16
3579 18
3580 5
3587 11
3593 7
3595 7
3598 11
3605 21
3609 5
3616 4
3622 12
3628 7
3631 19
3633 11
3639 17
3641 20
3643 11
3650 11
3656 15
3658 11
3664 21
3668 15
3670 20
3672 8
3676 1
3685 19
3687 5
3694 2
3703 1
3712 9
3713 13
3719 5
3726 5
3732 11
3739 18
3740 18
3741 14
3747 5
3753 15
3755 11
3761 9
3763 12
3771 21
3775 21
3779 11
3785 17
3787 6
3795 14
3801 9
3803 19
3805 16
3807 2
3817 14
3823 5
3829 11
3835 12
3842 10
3844 1
3853 6
3860 21
3864 4
3872 19
3874 2
3883 1
3892 14
3898 15
3900 17
3902 9
3903 13
3908 20
3910 7
3912 11
3919 12
3927 7
3930 11
3937 20
3939 12
3947 20
3949 12
3957 1
3966 10
3969 21
3973 16
3975 9
3977 11
3983 3
3990 14
3997 20
3999 11
4006 14
4013 13
4019 15
4021 11
4028 4
4034 12
4041 8
4044 16
4046 11
4053 16
4055 1
4065 18
4066 19
4068 7
4070 2
4080 21
4084 18
4085 8
4088 18
4089 18
4090 12
4096 10
4099 17
4101 11
4108 18
4109 9
4111 1
4120 21
4124 21
4128 6
4135 19
4137 16
4139 15
4141 12
4149 13
4154 7
4156 14
4163 2
4172 1
4182 4
4189 1
4198 20
4200 6
4207 15
4209 16
4211 21
4215 12
4222 17
4224 21
4228 3
4235 11
4242 12
4249 11
4256 10
4259 15
4261 21
4265 9
4266 12
4273 5
4279 2
4289 5
4296 1
4306 5
4312 8
4315 9
4317 19
4319 18
4320 16
4322 12
4329 12
4335 11
4342 2
4351 8
4354 17
4356 8
4360 5
4366 2
4376 8
4379 11
4386 10
4387 18
4388 18
4389 12
4396 2
4407 17
4409 3
4415 15
4417 8
4421 11
4428 14
4433 19
4435 20
4437 11
4443 21
4447 19
4449 11
4456 12
4463 3
4469 11
4475 6
4481 16
4483 8
4486 1
4495 17
4497 21
4501 15
4503 3
4509 21
4513 20
4515 7
4518 4
4526 16
4528 11
4534 19
4536 16
4538 5
4545 9
4547 3
4554 12
4562 11
4568 15
4570 2
4580 1
4590 12
4598 5
4605 19
4607 11
4614 19
4616 8
4618 19
4620 3
4626 3
4632 8
4635 19
4637 9
4638 7
4640 18
4641 9
4642 1
4652 12
4660 8
4664 1
4674 6
4680 5
4686 4
4692 10
4694 11
4700 4
4706 1
4715 17
4717 11
4723 12
4729 18
4730 16
4732 11
4738 17
4740 20
4742 12
4749 10
4750 4
4757 6
4764 11
4771 1
4780 13
4785 14
4791 1
4801 8
4804 8
4807 1
4817 6
4825 4
4833 18
4834 21
4838 11
4845 9
4846 17
4848 19
4850 10
4853 18
4854 18
4855 2
4866 9
4867 17
4869 2
4880 10
4882 17
4884 12
4892 1
4901 11
4908 3
4914 11
4921 9
4923 17
4925 11
4931 12
4937 21
4941 18
4942 7
4944 15
4946 3
4952 11
4958 8
4960 9
4962 14
4968 1
4978 12
4985 14
4991 15
4993 4
5001 1
5010 7
5012 4
5019 20
5021 1
5031 14
5037 18
5038 20
5040 18
5041 13
5046 18
5047 12
5055 14
5061 8
5063 4
5070 18
5071 12
5078 21
5082 18
5083 2
5092 10
5093 12
5099 17
5101 9
5103 15
5105 21
5109 16
5111 12
5118 18
5119 6
5126 11
5132 4
5138 17
5140 11
5146 15
5148 11
5154 19
5156 5
5163 9
5165 18
5166 1
5176 1
5186 14
5193 14
5200 21
5204 7
5207 11
5214 19
5216 18
5217 3
5223 11
5230 19
5232 5
5238 9
5240 15
5242 15
5244 17
5246 21
5250 4
5256 12
5262 11
5268 1
5278 6
5286 9
5288 2
5299 1
5309 19
5311 17
5313 6
5320 15
5322 1
5331 12
5339 12
5345 3
5351 11
5357 20
5359 11
5365 17
5367 17
5369 3
5376 20
5378 8
5381 9
5383 18
5384 11
5390 12
5397 3
5404 2
5413 11
5420 14
5426 21
5430 8
5433 6
5440 3
5446 12
5454 12
5461 16
5463 12
5469 12
5476 12
5483 20
5485 12
5492 7
5495 19
5497 18
5498 1
5507 17
5509 12
5516 21
5520 18
5521 11
5528 5
5535 5
5542 12
5549 11
5555 14
5561 2
5571 14
5577 17
5579 7
5582 21
5586 18
5587 3
5594 10
5596 8
5599 18
5600 4
5608 5
5614 8
5616 6
5623 13
5628 11
5634 9
5636 3
5643 1
5652 8
5656 9
5658 2
5667 4
5674 3
5680 11
5686 8
5689 5
5696 11
5702 15
5704 13
5709 1
5719 13
5725 17
5727 18
5728 12
5735 21
5739 17
5741 15
5743 2
5752 12
5759 10
5760 12
5768 3
5775 3
5781 2
5791 13
5796 12
5802 18
5803 2
5812 17
5814 19
5816 12
5823 11
5830 13
5835 3
5841 18
5842 5
5849 16
5851 5
5858 7
5861 19
5863 7
5865 4
5873 1
5883 17
5885 4
5891 9
5893 12
5899 12
5906 5
5913 9
5915 20
5917 4
5924 6
5932 1
5942 11
5948 11
5954 7
5956 20
5958 7
5960 21
5964 20
5966 3
5972 12
5979 12
5987 20
5989 18
5990 12
5997 11
6004 19
6006 5
6012 18
6013 6
6020 11
6026 16
6028 19
6030 3
6036 16
6038 8
6040 11
6046 13
6052 11
6058 1
6068 6
6075 18
6076 12
6083 4
6089 11
6096 16
6098 4
6106 14
6113 13
6119 21
6123 17
6125 12
6132 12
6139 21
6143 2
6154 1
6163 17
6165 5
6171 18
6172 7
6174 7
6176 18
6177 19
6179 14
6185 9
6186 11
6192 12
6200 6
6208 11
6215 11
6221 11
6227 6
6235 10
6237 8
6239 9
6240 6
6247 11
6253 9
6255 21
6259 13
6265 6
6271 14
6276 3
6283 4
6290 7
6293 1
6303 3
6310 13
6316 18
6317 3
6323 17
6325 21
6329 6
6336 19
6338 21
6342 7
6344 12
6351 6
6358 18
6359 14
6365 7
6367 2
6378 2
6387 3
6393 14
6399 18
6400 20
6402 2
6412 11
6418 3
6425 20
6427 9
6429 12
6436 11
6442 12
6449 9
6450 1
6460 14
6466 14
6472 13
6477 17
6479 5
6486 2
6495 11
6501 5
6508 10
6510 14
6517 18
6518 13
6524 9
6525 1
6535 11
6542 7
6544 14
6550 20
6552 12
6558 8
6561 11
6568 3
6574 21
6578 18
6579 14
6586 1
6595 18
6596 2
6606 14
6613 2
6624 5
6630 13
6636 10
6638 14
6645 11
6651 4
6658 6
6666 6
6673 15
6675 4
6683 19
6685 2
6695 18
6696 6
6703 6
6710 2
6720 4
6727 17
6729 2
6740 8
6743 7
6746 19
6748 3
6754 18
6755 5
6762 2
6772 16
6774 11
6781 8
6784 4
6791 18
6792 21
6796 20
6798 19
6800 11
6806 3
6813 10
6815 16
6817 19
6819 17
6821 3
6828 9
6830 9
6832 4
6839 2
6849 17
6851 3
6858 15
6860 11
6866 10
6868 3
6874 12
6880 18
6881 4
6888 12
6894 9
6896 9
6897 15
6899 12
6907 15
6909 18
6910 5
6917 2
6927 18
6928 12
6935 14
6940 20
6942 14
6948 2
6957 6
6964 16
6966 13
6972 11
6979 16
6981 3
6988 21
6992 11
6998 3
7004 11
7011 18
7012 21
7016 16
7018 20
7020 12
7027 19
7029 2
7039 13
7045 2
7055 20
7057 11
7064 12
7071 14
7077 7
7080 12
7087 11
7093 14
7099 6
7107 13
7113 6
7119 15
7121 12
7129 5
7135 11
7142 9
7143 13
7148 11
7154 16
7156 6
7163 12
7169 11
7176 18
7177 16
7179 18
7180 20
7182 11
7188 3
7194 15
7196 3
7203 9
7204 16
7206 8
7210 8
7213 11
7219 3
7226 9
7228 14
7235 12
7243 14
7249 18
7250 13
7255 5
7261 1
7271 14
7277 13
7282 11
7289 12
7297 3
7304 11
7310 12
7318 9
7320 9
7322 14
7329 18
7330 8
7333 15
7335 12
7342 21
7346 8
7349 20
7351 14
7357 2
7368 14
7375 19
7377 11
7383 7
7386 10
7389 1
7399 4
7405 13
7411 5
7417 5
7424 9
7426 17
7428 9
7429 21
7433 12
7440 1
7449 18
7450 11
7457 12
7463 12
7470 21
7474 10
7476 12
7482 12
7488 15
7490 19
7492 10
7495 9
7496 18
7497 10
7500 11
7507 4
7515 7
7518 5
7524 15
7526 1
7536 12
7543 14
7548 10
7549 19
7551 13
7557 1
7566 2
7576 11
7583 12
7589 11
7596 3
7602 14
7608 20
7610 20
7612 13
7617 18
7618 19
7620 11
7627 14
7633 21
7637 21
7641 15
7643 21
7647 3
7654 3
7661 6
7668 12
7675 19
7677 8
7679 1
7689 21
7693 12
7700 3
7707 12
7714 11
7721 3
7727 11
7734 20
7736 17
7738 19
7740 16
7742 4
7749 11
7755 11
7762 6
7768 9
7769 3
7776 5
7782 12
7790 8
7793 17
7795 5
7801 11
7808 19
7810 6
7817 14
7824 3
7830 20
7832 5
7838 16
7840 7
7842 13
7847 15
7849 10
7851 11
7857 11
7863 10
7864 20
7866 13
7871 13
7876 2
7886 7
7889 19
7891 4
7899 6
7905 4
7913 12
7920 8
7924 18
7925 12
7931 21
7935 10
7937 2
7946 11
7953 2
7962 21
7966 11
7973 15
7975 11
7981 1
7991 15
7993 11
8000 11
8006 7
8009 5
8015 9
8017 3
8023 10
8025 15
8027 20
8029 18
8030 16
8032 12
8040 20
8042 7
8045 17
8047 7
8049 9
8050 9
8051 10
8052 12
8059 13
8064 21
8068 6
8075 7
8078 18
8079 15
8081 11
8088 18
8089 11
8096 18
8097 1
8107 10
8108 8
8112 11
8119 13
8125 12
8132 12
8139 11
8145 4
8152 16
8154 11
8161 10
8164 11
8171 8
8174 21
8178 9
8180 11
8186 12
8193 1
8203 18
8204 20
8206 9
8207 15
8209 7
8212 18
8213 7
8215 2
8226 11
8233 15
8235 17
8237 12
8244 3
8251 2
8261 1
8271 3
8278 21
8282 5
8288 15
8290 2
8300 20
8302 19
8304 8
8307 9
8309 3
8315 12
8321 18
8322 2
8332 17
8334 8
8338 10
8340 16
8342 12
8349 7
8351 2
8361 8
8363 16
8365 17
8367 21
8371 12
8378 9
8379 2
8389 3
8396 11
8402 18
8403 16
8405 11
8411 6
8418 21
8422 4
8428 10
8431 4
8439 4
8446 20
8448 16
8450 18
8451 9
8452 4
8460 6
8468 4
8475 18
8476 4
8483 9
8484 19
8486 13
8491 2
8502 16
8504 9
8506 3
8512 1
8522 12
8528 11
8535 12
8541 17
8543 20
8545 13
8550 5
8557 18
8558 5
8565 13
8570 8
8574 20
8576 6
8582 18
8583 11
8590 3
8596 12
8604 19
8606 15
8608 17
8610 12
8617 21
8621 14
8627 8
8630 17
8632 6
8639 12
8645 12
8653 11
8660 13
8665 11
8671 10
8673 8
8675 3
8681 12
8688 17
8690 3
8696 6
8703 8
8705 15
8707 11
8714 7
8716 9
8718 17
8720 20
8722 10
8724 12
8730 11
8737 4
8744 21
8748 13
8754 19
8756 11
8762 13
8767 15
8769 15
8771 5
8777 14
8782 12
8789 16
8791 16
8793 9
8795 17
8797 4
8803 10
8805 21
8809 2
8820 12
8827 20
8829 18
8830 7
8832 6
8838 4
8845 4
8852 6
8859 20
8861 18
8862 11
8868 9
8870 15
8872 17
8874 12
8880 15
8882 18
8883 21
8887 12
8894 3
8900 15
8902 12
8909 14
8914 11
8920 16
8922 20
8924 14
8930 13
8936 11
8942 8
8946 18
8947 19
8949 12
8957 11
8963 5
8970 12
8978 19
8980 8
8983 18
8984 3
8991 4
8998 12
9005 16
9007 2
9017 17
9019 6
9025 5
9031 21
9035 11
9042 6
9048 21
9052 3
9058 11
9065 15
9067 15
9069 4
9076 21
9080 15
9082 2
9091 11
9097 21
9101 12
9107 11
9114 17
9116 17
9118 12
9124 1
9133 16
9135 21
9139 18
9140 16
9142 16
9144 18
9145 11
9152 7
9155 21
9159 20
9161 7
9164 17
9166 17
9168 15
9170 9
9172 4
9179 20
9181 10
9183 7
9185 17
9187 14
9194 2
9203 4
9209 19
9211 12
9218 18
9219 14
9225 12
9231 2
9240 18
9241 19
9243 8
9246 12
9254 11
9261 18
9262 14
9268 6
9275 21
9279 13
9285 12
9291 20
9293 11
9299 11
9306 11
9312 5
9318 15
9320 19
9322 12
9329 2
9340 5
9347 4
9354 7
9357 11
9363 4
9371 18
9372 21
9376 12
9383 2
9393 3
9400 7
9402 8
9404 14
9411 1
9421 12
9429 6
9436 12
9442 18
9443 8
9446 8
9449 11
9455 14
9461 17
9463 21
9467 19
9469 15
9471 12
9477 3
9484 4
9491 13
9497 7
9500 19
9502 21
9506 4
9514 15
9516 21
9520 8
9524 12
9531 8
9533 6
9541 9
9543 12
9549 11
9555 7
9558 19
9560 12
9567 12
9573 8
9575 12
9583 17
9585 8
9589 4
9597 12
9605 19
9607 18
9608 9
9610 6
9617 20
9619 20
9621 19
9623 13
9628 20
9630 11
9636 11
9642 13
9647 21
9651 3
9658 17
9660 15
9662 12
9670 13
9676 3
9683 11
9689 3
9696 14
9702 18
9703 11
9709 4
9716 12
9723 14
9730 20
9732 17
9734 4
9742 18
9743 1
9752 11
9758 12
9766 16
9768 11
9775 5
9781 18
9782 3
9788 18
9789 2
9799 10
9800 15
9802 11
9808 10
9810 8
9814 17
9816 8
9820 1
9830 11
9837 15
9839 18
9840 11
9847 11
9854 17
9856 21
9860 13
9866 1
9876 17
9878 11
9885 11
9891 18
9892 11
9899 17
9901 3
9907 18
9908 14
9913 13
9918 7
9920 13
9926 4
9932 15
9934 16
9936 8
9938 4
9946 4
9953 11
9960 11
9966 12
9973 6
9980 18
9981 5
9988 4
9995 8
9998 14
10004 12
10011 12
10017 11
10023 3
10030 10
10032 8
10035 4
10041 17
10043 15
10045 5
10052 19
10054 11
10061 18
10062 7
10064 13
10070 8
10073 7
10076 11
10083 2
10092 12
10099 15
10101 15
10103 7
10106 7
10109 17
10111 20
10113 16
10115 4
10123 13
10129 15
10131 10
10132 18
10133 21
10137 8
10140 10
10143 21
10147 4
10153 7
10155 18
10156 18
10157 13
10162 6
10170 5
10177 12
10184 17
10186 16
10188 8
10190 13
10196 20
10198 11
10205 4
10212 4
10219 18
10220 18
10221 6
10227 11
10233 15
10235 11
10242 12
10249 14
10255 20
10257 5
10263 11
10269 9
10271 7
10274 6
10281 18
10282 11
10288 10
10291 13
10297 1
10306 18
10307 7
10309 10
10312 11
10319 11
10325 14
10332 19
10334 14
10340 17
10342 20
10344 10
10346 4
10353 15
10355 15
10357 14
10363 10
10365 20
10367 21
10371 17
10373 14
10380 19
10382 11
10389 14
10394 8
10396 18
10397 5
10404 18
10405 6
10412 11
10418 6
10424 17
10426 18
10427 9
10429 2
10439 18
10440 16
10442 11
10448 11
10455 7
10457 15
10459 16
10461 21
10465 3
10472 9
10474 20
10476 4
10484 17
10486 11
10493 2
10502 21
10506 14
10512 11
10518 18
10519 10
10521 16
10523 8
10526 19
10528 2
10539 12
10547 14
10553 11
10560 8
10563 10
10564 20
10566 14
10571 15
10573 11
10580 10
10583 16
10585 17
10587 3
10593 21
10597 12
10604 20
10606 7
10609 1
10619 8
10623 19
10625 11
10632 11
10638 16
10640 9
10642 15
10644 11
10651 6
10658 4
10665 1
10674 11
10680 18
10681 15
10683 4
10690 18
10691 8
10694 16
10696 20
10698 9
10700 17
10702 5
10709 11
10715 9
10716 18
10717 18
10718 13
10723 11
10729 9
10730 11
10737 17
10739 12
10746 12
10753 5
10760 15
10762 18
10763 14
10768 6
10776 12
10783 20
10785 20
10787 11
10793 16
10795 11
10802 3
10808 13
10814 19
10816 4
10823 12
10830 18
10831 21
10835 11
10841 12
10848 15
10850 4
10858 4
10864 14
10871 11
10877 15
10879 3
10886 11
10892 11
10898 19
10900 6
10907 6
10913 6
10921 15
10923 8
10927 20
10929 13
10935 20
10937 14
10943 16
10945 3
10951 15
10953 20
10955 12
10962 21
10966 18
10967 6
10973 20
10975 11
10981 17
10983 2
10992 13
10998 4
11005 11
11012 21
11016 1
11025 13
11030 13
11036 13
11042 3
11049 20
11051 14
11056 12
11063 5
11069 9
11070 8
11073 1
11082 13
11087 8
11091 2
11102 7
11104 21
11108 21
11112 12
11120 15
11122 8
11126 6
11133 18
11134 14
11141 5
11147 11
11153 11
11159 12
11166 18
11167 4
11174 12
11180 20
11182 11
11189 12
11196 16
11198 13
11204 8
11207 8
11210 17
11212 8
11215 8
11219 16
11221 21
11225 13
11230 19
11232 9
11234 3
11240 11
11247 3
11254 11
11260 21
11264 12
11272 9
11274 4
11281 11
11287 1
11296 12
11304 18
11305 4
11313 4
11321 16
11323 4
11330 11
11337 19
11339 11
11345 5
11351 15
11353 11
11359 11
11366 9
11367 10
11370 19
11372 2
11381 11
11387 11
11393 12
11399 12
11406 12
11414 16
11416 19
11418 20
11420 10
11423 19
11425 14
11431 11
11437 20
11439 9
11441 19
11443 12
11450 8
11452 8
11456 16
11458 2
11468 16
11470 12
11477 11
11483 18
11484 17
11486 11
11493 21
11497 21
11501 7
11503 9
11505 16
11507 11
11514 11
11520 3
11526 6
11533 7
11535 9
11536 8
11540 1
11549 17
11551 4
11559 11
11565 15
11567 12
11574 4
11580 8
11582 18
11583 18
11584 11
11590 21
11594 20
11596 19
11598 19
11600 18
11601 19
11603 2
11613 16
11615 9
11617 5
11623 18
11624 14
11629 17
11631 12
11638 20
11640 1
11650 9
11651 21
11655 9
11657 18
11658 2
11669 6
11676 12
11682 21
11686 8
11690 9
11691 17
11693 11
11700 13
11706 2
11715 7
11718 15
11720 20
11722 11
11728 1
11737 21
11741 11
11748 1
11757 14
11762 13
11767 21
11771 11
11778 11
11785 15
11787 21
11791 5
11798 2
11807 15
11809 15
11811 6
11819 6
11826 10
11827 20
11829 21
11833 11
11840 2
11850 3
11856 16
11858 12
11866 13
11872 18
11873 21
11877 7
11879 19
11881 18
11882 6
11889 1
11898 18
11899 3
11906 12
11912 1
11921 5
11927 11
11934 19
11936 8
11939 6
11945 18
11946 15
11948 15
11950 7
11953 12
11959 20
11961 11
11968 1
11978 16
11980 11
11987 8
11990 14
11996 3
12003 5
12009 11
12015 11
12022 15
12024 21
12028 11
12034 6
12041 1
12050 21
12054 12
12060 9
12062 3
12068 13
12073 12
12080 11
12086 17
12088 9
12089 10
12092 11
12098 1
12107 9
12108 12
12115 3
12122 8
12124 12
12132 9
12133 12
12141 9
12143 21
12147 11
12153 19
12155 7
12158 14
12164 11
12171 12
12178 12
12184 6
12190 11
12197 19
12199 16
12201 14
12208 20
12210 11
12217 16
12219 12
12226 16
12228 11
12234 11
12241 12
12249 16
12251 6
12258 6
12265 5
12272 12
12280 21
12284 13
12290 11
12297 6
12303 5
12309 18
12310 1
12320 14
12326 8
12329 1
12338 18
12339 11
12345 4
12352 1
12361 10
12364 11
12371 15
12373 3
12379 20
12381 5
12387 19
12389 12
12396 12
12403 21
12407 20
12409 3
12416 12
12423 19
12425 12
12433 14
12440 18
12441 18
12442 18
12443 12
12450 19
12452 12
12460 1
12469 7
12472 16
12474 3
12480 11
12486 5
12492 16
12494 16
12496 12
12502 12
12509 21
12513 21
12517 3
12524 16
12526 13
12532 11
12538 11
12545 16
12547 17
12549 12
12556 9
12558 13
12563 6
12570 16
12572 15
12574 18
12575 4
12583 11
12589 7
12592 3
12599 1
12609 12
12617 18
12618 5
12625 7
12627 17
12629 11
12636 11
12642 1
12652 2
12661 11
12668 5
12675 15
12677 2
12687 21
12691 5
12697 17
12699 15
12701 9
12702 20
12704 17
12706 2
12716 17
12718 4
12726 11
12733 12
12741 17
12743 21
12747 12
12755 20
12757 5
12763 17
12765 18
12766 9
12767 5
12773 21
12777 14
12783 13
12788 5
12795 4
12802 10
12804 5
12810 18
12811 6
12819 11
12825 17
12827 12
12833 12
12840 13
12845 9
12847 17
12849 12
12857 11
12863 11
12870 13
12876 1
12886 9
12887 11
12893 3
12899 5
12906 4
12914 12
12922 12
12929 17
12931 5
12938 15
12940 11
12947 18
12948 2
12958 1
12967 12
12974 13
12979 12
12987 11
12994 16
12996 12
13004 12
13011 11
13018 5
13025 14
13031 15
13033 11
13040 12
13048 1
13058 21
13062 1
13071 11
13078 19
13080 11
13087 11
13093 7
13096 12
13102 10
13104 7
13107 13
13112 19
13114 15
13116 11
13123 20
13125 12
13132 3
13139 13
13144 21
13148 11
13154 3
13160 3
13166 13
13171 12
13178 3
13184 10
13187 1
13196 11
13202 7
13204 19
13206 21
13210 6
13218 17
13220 12
13227 6
13234 14
13241 12
13248 18
13249 11
13256 20
13258 8
13260 9
13261 13
13267 4
13275 17
13277 20
13279 10
13281 21
13285 2
13296 14
13302 12
13309 15
13311 20
13313 11
13319 12
13325 11
13331 13
13336 8
13339 10
13341 1
13351 11
13357 14
13363 5
13369 6
13376 11
13383 19
13385 13
13391 16
13393 3
13399 15
13401 2
13411 4
13418 6
13424 8
13426 18
13427 16
13429 2
13439 2
13449 7
13452 7
13455 14
13462 1
13472 12
13479 12
13486 12
13493 14
13500 9
13501 16
13503 11
13509 16
13511 3
13518 12
13526 21
13530 16
13532 7
13535 7
13537 5
13544 3
13551 11
13558 1
13567 18
13568 11
13575 16
13577 8
13581 21
13585 19
13587 11
13594 12
13602 20
13604 10
13606 4
13614 8
13617 5
13623 11
13629 15
13631 19
13633 18
13634 20
13636 21
13640 17
13642 20
13644 16
13646 3
13652 18
13653 10
13655 17
13657 5
13663 10
13665 13
13671 9
13673 20
13675 3
13682 11
13689 15
13691 18
13692 3
13698 19
13700 5
13706 7
13708 11
13715 2
13725 11
13731 16
13733 18
13734 13
13739 13
13744 14
13750 21
13754 12
13761 12
13769 11
13776 11
13783 4
13790 11
13796 1
13806 14
13812 11
13818 16
13820 14
13826 17
13828 12
13835 17
13837 11
13843 19
13845 11
13852 14
13858 18
13859 12
13865 15
13867 14
13873 9
13874 17
13876 15
13878 4
13884 14
13889 14
13894 6
13902 13
13908 4
13915 10
13917 2
13926 11
13932 18
13933 15
13935 20
13937 15
13939 20
13941 8
13944 13
13950 21
13954 19
13956 1
13966 11
13973 1
13983 12
13991 6
13998 4
14005 9
