2959
1 5
7 7
9 2
20 2
30 18
31 12
38 15
40 18
41 2
50 10
52 3
59 14
66 6
73 11
79 7
81 19
83 15
85 11
92 12
100 19
102 20
104 17
106 11
113 10
116 3
122 11
129 8
131 12
138 19
140 2
149 9
151 4
159 14
164 18
165 11
171 1
181 19
183 11
190 12
196 2
207 14
213 1
223 11
230 11
237 21
241 14
248 19
250 12
257 13
262 12
269 8
272 10
273 15
275 13
281 14
287 21
291 19
293 12
299 13
305 7
308 14
315 16
317 19
319 15
321 7
323 2
334 7
337 6
344 17
346 3
353 3
360 12
367 18
368 14
374 7
377 18
378 14
383 2
394 2
405 1
415 21
419 12
426 1
436 10
439 13
445 4
452 12
458 1
468 19
470 12
476 5
483 12
490 11
497 1
507 5
513 12
520 11
527 12
534 14
540 12
548 2
557 18
558 16
560 18
561 14
567 5
573 19
575 11
582 12
589 19
591 7
593 11
599 1
608 11
615 11
621 8
625 9
626 8
628 13
633 14
639 15
641 19
643 12
651 20
653 1
662 5
669 21
673 21
677 11
683 21
687 18
688 18
689 18
690 10
693 11
700 12
707 9
709 10
710 6
716 13
722 11
728 17
730 12
736 11
742 11
749 6
756 3
762 14
767 14
772 2
782 2
792 11
799 14
805 4
812 10
814 4
821 9
823 11
830 11
836 11
843 11
850 2
861 16
863 17
865 12
873 20
875 21
879 3
886 19
888 8
891 11
898 20
900 4
907 2
917 16
919 13
924 5
931 20
933 9
935 13
940 21
944 12
952 16
954 18
955 11
961 11
967 12
973 8
975 8
978 13
983 13
988 7
990 18
991 12
998 4
1005 16
1007 8
1011 8
1014 9
1016 10
1017 18
1018 11
1024 14
1031 12
1037 12
1044 21
1048 9
1050 15
1052 6
1059 9
1060 13
1066 21
1070 15
1072 16
1074 12
1081 11
1087 16
1089 18
1090 18
1091 7
1094 21
1098 10
1100 11
1107 18
1108 18
1109 6
1117 4
1124 11
1130 7
1133 15
1135 11
1141 3
1148 15
1150 12
1157 12
1163 11
1170 5
1177 11
1184 16
1186 12
1193 15
1195 14
1201 21
1205 6
1213 15
1215 14
1221 11
1227 18
1228 18
1229 9
1231 20
1233 3
1239 11
1245 12
1251 6
1259 10
1261 21
1265 18
1266 18
1267 8
1270 7
1273 17
1275 6
1282 4
1289 13
1294 2
1303 17
1305 6
1312 2
1323 18
1324 17
1326 11
1332 5
1339 17
1341 10
1344 2
1355 20
1357 4
1364 10
1366 10
1368 15
1370 21
1374 2
1384 11
1391 5
1397 8
1400 16
1402 12
1408 1
1418 20
1420 12
1427 3
1434 11
1440 11
1447 13
1453 1
1463 16
1465 1
1474 11
1480 9
1482 14
1488 10
1489 4
1497 3
1504 2
1515 12
1521 8
1523 4
1530 21
1534 3
1541 11
1548 9
1549 5
1556 20
1558 7
1561 5
1567 2
1576 15
1578 6
1584 14
1590 12
1598 1
1607 12
1613 11
1620 3
1626 19
1628 21
1632 16
1634 13
1640 6
1646 3
1652 4
1659 8
1663 6
1670 2
1679 11
1686 1
1696 18
1697 12
1703 5
1710 12
1717 11
1723 11
1729 11
1736 19
1738 12
1744 17
1746 6
1753 18
1754 7
1756 1
1765 18
1766 12
1772 12
1778 2
1788 19
1790 15
1792 12
1798 1
1807 10
1808 5
1815 12
1823 16
1825 13
1831 5
1838 17
1840 13
1845 3
1852 11
1858 21
1862 12
1869 12
1876 5
1882 15
1884 11
1890 3
1896 15
1898 18
1899 13
1904 1
1914 2
1925 12
1932 21
1936 12
1944 11
1950 10
1953 12
1961 5
1968 3
1975 20
1977 11
1984 18
1985 20
1987 21
1991 3
1998 14
2003 18
2004 18
2005 4
2013 12
2021 14
2027 15
2029 17
2031 4
2038 19
2040 8
2042 20
2044 12
2050 21
2054 5
2061 1
2070 10
2073 21
2077 18
2078 12
2085 11
2091 7
2094 4
2100 11
2106 11
2112 6
2118 9
2119 11
2126 1
2135 7
2137 11
2143 16
2145 16
2147 11
2153 6
2160 18
2161 8
2165 9
2166 16
2168 7
2170 5
2176 18
2177 17
2179 17
2181 19
2183 16
2185 8
2187 11
2193 1
2202 21
2206 16
2208 19
2210 10
2213 8
2216 4
2223 19
2225 12
2231 5
2237 12
2244 1
2253 15
2255 17
2257 11
2263 21
2267 15
2269 11
2276 7
2278 3
2285 12
2292 12
2299 2
2310 15
2312 20
2314 14
2320 4
2326 12
2332 16
2334 19
2336 17
2338 11
2344 10
2346 6
2353 8
2356 16
2358 18
2359 20
2361 21
2365 11
2371 16
2373 3
2380 11
2386 10
2388 11
2395 20
2397 21
2401 18
2402 17
2404 17
2406 14
2411 2
2420 12
2426 18
2427 14
2432 20
2434 15
2436 6
2443 17
2445 12
2453 5
2460 8
2463 12
2470 12
2477 3
2484 4
2492 14
2498 12
2504 11
2511 13
2516 19
2518 15
2520 21
2524 17
2526 11
2532 12
2539 11
2545 17
2547 5
2553 18
2554 11
2561 19
2563 1
2572 20
2574 5
2580 11
2587 5
2593 13
2599 11
2605 17
2607 1
2616 18
2617 12
2625 12
2632 18
2633 3
2639 9
2641 17
2643 11
2650 9
2652 11
2659 3
2666 6
2672 2
2682 13
2687 14
2693 11
2700 11
2707 2
2717 13
2723 2
2733 12
2741 12
2749 16
2751 1
2760 2
2769 11
2775 11
2782 2
2793 8
2797 11
2803 18
2804 12
2812 11
2819 13
2824 3
2831 12
2838 4
2845 4
2853 13
2858 12
2864 1
2874 8
2878 20
2880 6
2887 13
2892 12
2898 18
2899 6
2906 2
2916 20
2918 10
2920 14
2926 15
2928 8
2932 6
2940 17
2942 12
2949 13
2954 11
2960 4
2966 2
2975 4
2983 13
2989 18
2990 18
2991 18
2992 6
2998 7
3000 8
3004 17
3006 21
3010 11
3016 11
3023 2
3033 3
3039 15
3041 11
3047 15
3049 7
3052 3
3059 7
3061 13
3066 14
3071 18
3072 12
3079 15
3081 21
3085 12
3092 3
3099 4
3105 3
3112 11
3119 14
3125 14
3131 9
3133 11
3139 15
3141 18
3142 6
3150 7
3152 10
3154 11
3161 16
3163 1
3172 10
3175 21
3179 18
3180 17
3182 20
3184 6
3191 8
3195 19
3197 19
3199 18
3200 11
3207 12
3213 11
3219 4
3227 11
3234 11
3240 11
3246 12
3253 3
3260 16
3262 4
3270 11
3276 3
3283 16
3285 3
3291 14
3298 15
3300 11
3306 2
3315 12
3322 1
3332 11
3338 10
3340 12
3348 14
3355 18
3356 19
3358 6
3365 1
3374 2
3384 12
3392 6
3399 14
3405 11
3412 3
3419 12
3427 19
3429 8
3431 7
3433 12
3440 8
3444 12
3450 15
3452 19
3454 14
3459 12
3466 6
3473 12
3480 18
3481 6
3489 19
3491 12
3498 20
3500 7
3502 21
3506 19
3508 12
3515 14
3520 14
3526 5
3532 15
3534 12
3542 5
3549 12
3556 12
3562 3
3568 20
3570 2
3581 21
3585 20
3587 11
3594 12
3601 10
3602 7
3605 12
3612 11
3618 7
3620 1
3629 21
3633 3
3639 4
3646 21
3650 6
3657 11
3664 4
3671 2
3681 16
3683 6
3690 13
3695 17
3697 12
3703 13
3708 19
3710 2
3720 20
3722 18
3723 19
3725 16
3727 10
3728 15
3730 19
3732 10
3733 11
3739 18
3740 19
3742 18
3743 21
3747 6
3755 19
3757 8
3759 15
3761 18
3762 15
3764 4
3770 11
3776 7
3779 3
3785 17
3787 16
3789 20
3791 3
3798 18
3799 11
3806 20
3808 2
3819 12
3825 3
3832 10
3835 8
3838 13
3844 5
3851 1
3860 8
3862 16
3864 13
3869 11
3875 14
3881 16
3883 11
3890 7
3893 11
3900 5
3906 12
3913 15
3915 4
3921 14
3926 6
3934 11
3941 12
3949 14
3954 11
3960 6
3967 7
3970 18
3971 10
3972 11
3979 2
3988 17
3990 5
3997 13
4002 4
4009 14
4015 6
4023 4
4030 15
4032 5
4039 11
4046 15
4048 13
4053 2
4063 4
4069 3
4076 11
4083 11
4089 12
4095 12
4102 5
4108 11
4114 11
4120 2
4131 6
4139 16
4141 15
4143 15
4145 9
4147 9
4148 5
4155 12
4161 12
4168 11
4175 12
4182 3
4189 21
4193 21
4197 18
4198 7
4201 11
4207 6
4214 18
4215 18
4216 8
4220 4
4227 8
4230 7
4233 11
4239 7
4241 14
4248 15
4250 19
4252 12
4260 21
4264 21
4268 3
4274 12
4282 6
4288 9
4289 5
4295 12
4302 16
4304 6
4311 6
4318 18
4319 13
4324 20
4326 19
4328 11
4334 21
4338 17
4340 20
4342 12
4349 4
4355 11
4362 3
4368 14
4374 6
4381 16
4383 11
4389 12
4395 16
4397 17
4399 19
4401 16
4403 9
4405 16
4407 15
4409 16
4411 19
4413 5
4419 2
4430 18
4431 13
4436 1
4446 17
4448 3
4455 12
4461 19
4463 16
4465 14
4471 19
4473 4
4479 17
4481 5
4488 21
4492 13
4498 1
4507 4
4515 8
4519 13
4524 11
4531 12
4537 19
4539 19
4541 3
4548 1
4557 12
4564 17
4566 16
4568 12
4574 7
4577 12
4584 19
4586 7
4589 16
4591 3
4597 15
4599 12
4606 18
4607 2
4617 11
4624 5
4630 12
4637 9
4638 12
4644 5
4651 17
4653 18
4654 11
4660 2
4671 4
4677 17
4679 2
4688 2
4699 17
4701 17
4703 4
4710 4
4717 11
4723 21
4727 12
4734 2
4743 7
4745 18
4746 6
4752 12
4759 12
4765 12
4771 12
4778 11
4784 4
4790 2
4801 9
4803 21
4807 8
4811 21
4815 15
4817 16
4819 19
4821 12
4828 16
4830 17
4832 14
4837 12
4845 20
4847 12
4855 2
4866 17
4868 2
4879 18
4880 5
4886 21
4890 11
4896 18
4897 11
4903 11
4910 14
4917 8
4920 6
4926 11
4933 3
4940 2
4950 10
4952 11
4959 12
4966 5
4972 10
4975 6
4983 12
4989 10
4991 2
5001 6
5009 17
5011 9
5012 13
5017 10
5020 8
5023 18
5024 11
5030 10
5031 6
5038 11
5045 3
5052 11
5059 16
5061 19
5063 16
5065 6
5073 11
5079 10
5080 8
5083 11
5090 16
5092 5
5099 12
5106 12
5113 19
5115 16
5117 9
5119 6
5126 3
5132 11
5138 7
5140 8
5143 20
5145 17
5147 18
5148 12
5155 11
5162 15
5164 16
5166 12
5173 11
5180 20
5182 17
5184 19
5186 2
5195 19
5197 10
5199 11
5205 11
5212 13
5217 17
5219 21
5223 2
5233 12
5239 12
5246 12
5252 2
5262 21
5266 2
5276 20
5278 13
5284 13
5289 12
5297 4
5304 11
5310 4
5317 12
5324 17
5326 17
5328 11
5334 6
5342 11
5349 12
5357 10
5359 2
5369 10
5372 11
5378 7
5380 11
5386 17
5388 8
5390 10
5391 12
5397 13
5402 12
5409 17
5411 6
5417 19
5419 2
5428 13
5433 18
5434 18
5435 13
5441 19
5443 11
5450 1
5459 11
5465 1
5474 21
5478 12
5486 14
5493 18
5494 6
5502 11
5508 12
5514 11
5521 12
5528 11
5534 9
5536 6
5542 18
5543 7
5545 1
5555 19
5557 20
5559 15
5561 12
5569 3
5575 12
5582 21
5586 10
5589 11
5596 12
5603 12
5610 7
5612 12
5619 6
5626 6
5633 11
5639 12
5646 10
5648 19
5650 3
5656 15
5658 3
5664 3
5670 11
5677 9
5679 3
5685 2
5695 11
5701 5
5707 3
5713 5
5719 5
5725 10
5726 11
5733 18
5734 5
5740 7
5743 5
5750 6
5756 20
5758 13
5764 5
5771 9
5773 20
5775 16
5777 14
5782 8
5786 6
5792 13
5797 8
5799 4
5806 11
5813 12
5820 18
5821 18
5822 17
5824 11
5831 3
5838 6
5845 12
5852 10
5853 11
5859 10
5861 15
5863 9
5864 13
5870 12
5877 17
5879 1
5889 12
5895 11
5901 18
5902 17
5904 8
5907 19
5909 13
5914 19
5916 18
5917 9
5919 11
5926 12
5932 21
5936 12
5943 5
5950 16
5952 12
5960 12
5966 10
5967 1
5977 12
5984 17
5986 10
5988 11
5995 12
6001 16
6003 12
6010 11
6016 20
6018 12
6025 18
6026 18
6027 12
6034 21
6038 21
6042 6
6049 16
6051 6
6059 11
6065 21
6069 10
6070 14
6077 11
6084 11
6090 12
6098 4
6106 11
6113 2
6123 12
6130 16
6132 1
6142 12
6148 5
6154 9
6155 9
6156 21
6160 18
6161 11
6167 2
6176 4
6184 7
6187 3
6194 5
6200 19
6202 16
6204 12
6211 12
6218 7
6220 18
6221 19
6223 12
6229 4
6237 7
6239 12
6246 2
6255 20
6257 18
6258 10
6261 9
6263 11
6269 2
6279 8
6282 10
6284 8
6286 2
6296 12
6304 17
6306 13
6312 6
6318 20
6320 6
6327 21
6331 16
6333 20
6335 12
6341 18
6342 18
6343 12
6349 14
6355 12
6363 18
6364 21
6368 21
6372 3
6378 8
6381 11
6387 13
6393 13
6399 19
6401 3
6408 21
6412 2
6421 3
6427 18
6428 17
6430 19
6432 3
6439 3
6446 11
6452 8
6455 16
6457 5
6463 11
6470 11
6476 14
6481 5
6487 18
6488 7
6490 18
6491 15
6493 1
6502 12
6509 12
6517 11
6524 15
6526 15
6528 5
6534 10
6536 11
6543 11
6549 18
6550 11
6556 11
6562 6
6569 8
6573 9
6574 18
6575 18
6576 18
6577 21
6581 8
6584 15
6586 8
6590 2
6599 3
6605 16
6607 13
6613 8
6616 18
6617 6
6625 12
6632 5
6639 2
6650 5
6657 11
6663 20
6665 15
6667 12
6673 9
6675 20
6677 13
6683 18
6684 9
6686 15
6688 18
6689 10
6692 15
6694 11
6701 18
6702 8
6705 1
6715 11
6721 14
6726 15
6728 16
6730 15
6732 3
6738 12
6744 6
6750 19
6752 4
6758 16
6760 1
6770 20
6772 19
6774 12
6782 7
6784 13
6790 10
6793 16
6795 15
6797 10
6798 6
6804 1
6814 12
6821 19
6823 12
6831 12
6838 3
6844 21
6848 10
6851 19
6853 17
6855 17
6857 21
6861 15
6863 9
6865 16
6867 19
6869 2
6880 7
6882 17
6884 16
6886 7
6888 18
6889 12
6896 11
6902 12
6909 11
6915 18
6916 10
6917 9
6918 5
6924 11
6931 11
6938 20
6940 10
6942 1
6952 14
6957 5
6964 8
6967 21
6971 5
6977 20
6979 11
6986 8
6989 1
6998 12
7005 12
7012 14
7017 15
7019 18
7020 8
7023 15
7025 17
7027 13
7032 14
7038 3
7044 18
7045 9
7047 18
7048 11
7054 18
7055 15
7057 18
7058 7
7060 10
7061 11
7068 12
7075 11
7081 11
7087 9
7089 13
7094 12
7101 11
7107 4
7113 13
7119 5
7125 5
7131 16
7133 9
7135 11
7141 3
7148 3
7154 10
7156 15
7158 11
7164 15
7166 12
7173 11
7179 19
7181 8
7184 13
7189 21
7193 6
7200 21
7204 7
7207 21
7211 17
7213 18
7214 20
7216 14
7222 18
7223 11
7230 21
7234 5
7240 15
7242 3
7248 18
7249 6
7257 16
7259 17
7261 18
7262 11
7269 18
7270 13
7276 2
7286 12
7292 18
7293 11
7299 2
7309 17
7311 16
7313 2
7323 2
7334 6
7341 14
7347 12
7354 14
7360 18
7361 11
7367 11
7373 18
7374 20
7376 11
7382 21
7386 2
7396 18
7397 4
7404 1
7414 14
7420 7
7422 6
7430 8
7434 12
7442 17
7444 12
7451 17
7453 3
7459 21
7463 20
7465 10
7468 15
7470 19
7472 11
7478 13
7484 15
7486 12
7493 4
7501 18
7502 11
7508 12
7515 20
7517 8
7520 12
7527 16
7529 12
7536 8
7540 13
7546 15
7548 1
7558 3
7564 17
7566 12
7573 13
7579 16
7581 14
7586 10
7588 9
7589 8
7593 4
7601 19
7603 15
7605 8
7608 11
7615 12
7622 11
7629 2
7639 11
7645 10
7646 5
7652 15
7654 7
7656 14
7662 6
7668 7
7670 8
7674 7
7676 6
7683 12
7690 17
7692 18
7693 12
7701 11
7707 15
7709 10
7711 12
7719 4
7726 2
7735 19
7737 1
7746 10
7747 18
7748 11
7755 11
7762 12
7770 4
7777 20
7779 14
7786 11
7792 10
7794 10
7795 3
7802 9
7803 5
7810 9
7812 15
7814 15
7816 11
7823 13
7829 21
7833 14
7839 19
7841 4
7849 5
7856 18
7857 7
7860 12
7867 4
7875 18
7876 13
7881 19
7883 18
7884 7
7886 14
7893 21
7897 15
7899 7
7902 19
7904 10
7906 3
7912 12
7920 15
7922 14
7928 12
7936 6
7944 6
7950 14
7956 1
7965 21
7969 11
7976 12
7982 12
7989 11
7995 12
8003 16
8005 15
8007 11
8014 10
8016 14
8021 3
8027 11
8033 12
8040 12
8048 11
8054 17
8056 11
8063 7
8066 6
8074 3
8081 11
8087 20
8089 11
8095 9
8097 20
8099 17
8101 19
8103 6
8110 8
8112 19
8114 11
8121 12
8128 4
8135 14
8142 17
8144 1
8153 17
8155 21
8159 1
8168 4
8174 11
8180 18
8181 11
8188 1
8198 4
8205 20
8207 11
8214 5
8221 16
8223 16
8225 18
8226 9
8228 10
8230 14
8237 11
8244 11
8251 20
8253 2
8263 12
8270 7
8273 19
8275 15
8277 19
8279 9
8281 17
8283 15
8285 20
8287 15
8289 12
8295 14
8302 12
8309 21
8313 3
8319 12
8326 15
8328 9
8329 20
8331 18
8332 12
8339 19
8341 3
8347 18
8348 8
8352 8
8355 7
8357 15
8359 17
8361 7
8363 7
8366 20
8368 5
8374 3
8381 12
8388 11
8394 21
8398 11
8405 4
8412 12
8420 12
8427 17
8429 21
8433 9
8435 21
8439 1
8449 3
8456 15
8458 12
8465 20
8467 18
8468 9
8469 11
8476 4
8483 15
8485 19
8487 12
8494 6
8500 5
8507 19
8509 17
8511 21
8515 12
8522 12
8529 12
8535 21
8539 20
8541 2
8550 9
8551 17
8553 1
8562 3
8568 11
8575 16
8577 15
8579 12
8587 14
8593 6
8601 9
8603 11
8610 11
8616 18
8617 13
8622 11
8629 1
8639 7
8642 15
8644 18
8645 11
8651 9
8653 4
8660 8
8663 6
8670 3
8677 21
8681 11
8687 10
8689 12
8695 2
8705 13
8710 12
8716 11
8723 19
8725 1
8734 18
8735 4
8742 18
8743 11
8749 4
8756 9
8757 14
8764 11
8770 2
8779 14
8786 11
8793 14
8799 13
8805 19
8807 9
8809 1
8818 2
8828 1
8838 8
8841 12
8847 18
8848 3
8854 5
8860 1
8870 15
8872 15
8874 18
8875 12
8881 1
8891 13
8896 12
8904 11
8910 21
8914 7
8916 15
8918 14
8925 11
8932 14
8939 11
8945 12
8952 19
8954 17
8956 21
8960 1
8970 4
8977 12
8985 3
8991 3
8998 17
9000 19
9002 20
9004 18
9005 13
9010 15
9012 16
9014 15
9016 13
9021 3
9028 16
9030 12
9037 13
9042 4
9049 1
9059 17
9061 11
9067 11
9073 6
9080 2
9089 8
9092 12
9099 16
9101 17
9103 12
9110 19
9112 13
9118 15
9120 18
9121 3
9127 16
9129 14
9134 17
9136 5
9143 18
9144 7
9146 2
9155 1
9164 11
9171 5
9178 19
9180 13
9186 15
9188 6
9195 18
9196 2
9206 19
9208 17
9210 12
9217 4
9224 11
9231 13
9236 5
9242 4
9248 18
9249 6
9256 20
9258 4
9265 13
9271 7
9273 11
9280 19
9282 15
9284 18
9285 15
9287 11
9293 11
9299 9
9301 11
9308 18
9309 6
9317 9
9318 3
9324 13
9329 18
9330 20
9332 18
9333 12
9341 13
9346 11
9353 2
9364 14
9370 12
9378 11
9384 18
9385 7
9388 12
9396 13
9401 19
9403 5
9409 10
9412 9
9413 11
9420 12
9427 11
9433 20
9435 21
9439 8
9442 16
9444 11
9451 7
9453 12
9460 18
9461 5
9468 21
9472 12
9479 4
9487 18
9488 9
9489 5
9495 14
9502 9
9504 19
9506 9
9507 21
9511 21
9515 18
9516 18
9517 18
9518 9
9520 9
9522 11
9529 20
9531 11
9538 4
9545 16
9547 11
9553 20
9555 21
9559 15
9561 18
9562 12
9568 20
9570 11
9576 13
9581 9
9583 16
9585 3
9592 12
9598 9
9599 12
9605 20
9607 8
9610 11
9616 3
9622 21
9626 3
9633 9
9635 12
9642 12
9649 17
9651 11
9658 12
9664 2
9675 12
9681 18
9682 11
9688 16
9690 4
9698 17
9700 5
9706 12
9713 15
9715 10
9716 16
9718 18
9719 11
9726 11
9732 15
9734 2
9743 4
9750 20
9752 2
9761 13
9766 13
9772 3
9778 11
9785 11
9791 3
9798 11
9804 11
9810 7
9813 6
9820 2
9830 4
9838 20
9840 12
9847 11
9854 11
9861 17
9863 14
9870 5
9876 19
9878 18
9879 7
9882 9
9884 6
9892 21
9896 2
9906 18
9907 9
9908 9
9909 11
9916 19
9918 12
9926 12
9933 16
9935 10
9937 17
9939 15
9941 13
9946 19
9948 18
9949 1
9959 1
9968 18
9969 7
9971 21
9975 2
9986 12
9992 18
9993 12
9999 19
10001 5
10007 12
10014 10
10017 18
10018 4
10025 10
10026 3
10033 11
10040 3
10046 20
10048 9
10049 2
10059 18
10060 2
10069 6
10076 18
10077 17
10079 12
10085 3
10092 12
10099 4
10105 18
10106 18
10107 14
10113 21
10117 11
10124 12
10132 18
10133 5
10139 2
10150 9
10151 7
10154 21
10158 12
10165 11
10171 12
10177 14
10182 12
10190 14
10196 16
10198 6
10204 4
10211 2
10220 7
10222 2
10232 15
10234 16
10236 3
10242 18
10243 19
10245 12
10253 12
10260 10
10262 11
10268 17
10270 12
10276 2
10287 8
10291 10
10294 3
10300 11
10307 21
10311 10
10312 20
10314 6
10321 2
10331 18
10332 18
10333 7
10335 20
10337 14
10344 11
10350 20
10352 11
10358 9
10359 1
10369 12
10376 19
10378 9
10380 17
10382 15
10384 13
10390 20
10392 15
10394 10
10397 12
10404 2
10413 10
10415 10
10417 18
10418 15
10420 11
10427 1
10436 2
10447 3
10453 20
10455 15
10457 3
10463 21
10467 4
10475 4
10482 17
10484 18
10485 20
10487 14
10493 12
10501 15
10503 21
10507 12
10514 13
10520 18
10521 11
10527 19
10529 4
10536 12
10542 11
10549 11
10555 1
10564 10
10567 5
10574 11
10581 8
10584 20
10586 18
10587 10
10588 11
10595 20
10597 19
10599 9
10601 21
10605 8
10609 20
10611 7
10614 13
10619 10
10621 10
10623 5
10629 11
10635 13
10640 7
10642 3
10648 21
10652 16
10654 12
10661 12
10667 21
10671 18
10672 3
10679 13
10684 6
10691 16
10693 1
10702 9
10703 19
10705 17
10707 18
10708 7
10710 9
10712 13
10718 12
10725 1
10734 13
10739 20
10741 12
10747 16
10749 2
10760 11
10767 17
10769 2
10779 4
10786 21
10790 8
10793 5
10799 16
10801 18
10802 5
10808 11
10814 1
10824 11
10830 8
10832 16
10834 14
10840 21
10844 14
10849 11
10855 12
10862 2
10871 12
10877 21
10881 17
10883 11
10890 20
10892 13
10898 10
10901 17
10903 1
10912 7
10915 12
10922 11
10929 14
10934 14
10941 11
10947 11
10954 2
10964 16
10966 5
10973 17
10975 6
10982 9
10984 14
10990 2
11000 12
11008 9
11009 13
11015 18
11016 8
11018 20
11020 17
11022 12
11029 17
11031 15
11033 11
11039 12
11045 18
11046 10
11048 12
11055 18
11056 6
11063 16
11065 6
11072 6
11080 19
11082 21
11086 20
11088 21
11092 14
11098 18
11099 21
11103 11
11109 11
11115 20
11117 18
11118 14
11123 19
11125 16
11127 12
11134 20
11136 6
11144 14
11151 14
11157 21
11161 18
11162 15
11164 21
11168 7
11171 18
11172 10
11174 5
11180 2
11190 18
11191 12
11199 5
11205 18
11206 12
11213 11
11220 7
11222 10
11224 8
11226 9
11228 20
11230 13
11236 4
11244 11
11251 1
11260 11
11266 14
11272 12
11279 12
11287 11
11294 18
11295 10
11297 7
11300 12
11306 2
11317 14
11323 17
11325 11
11332 14
11338 2
11349 12
11356 6
11364 8
11367 12
11375 3
11381 10
11383 11
11389 20
11391 19
11393 5
11400 12
11407 17
11409 11
11416 12
11424 20
11426 18
11427 15
11429 10
11431 18
11432 11
11438 1
11447 20
11449 1
11459 13
11465 13
11470 11
11477 18
11478 4
11485 15
11487 8
11489 11
11496 9
11497 17
11499 7
11502 11
11508 4
11514 12
11520 18
11521 18
11522 5
11528 15
11530 9
11532 8
11534 19
11536 11
11543 7
11546 13
11552 11
11559 4
11567 15
11569 11
11576 2
11586 12
11593 12
11601 4
11607 5
11614 3
11621 12
11627 3
11634 12
11641 18
11642 11
11649 2
11659 2
11670 11
11676 7
11678 13
11684 2
11693 18
11694 3
11701 21
11705 3
11712 18
11713 11
11720 21
11724 18
11725 3
11731 13
11737 5
11744 2
11753 1
11763 21
11767 9
11768 6
11775 18
11776 10
11777 18
11778 18
11779 8
11782 11
11789 1
11798 7
11800 6
11807 17
11809 20
11811 11
11818 15
11820 14
11826 21
11830 11
11837 20
11839 15
11841 12
11847 19
11849 6
11857 11
11864 15
11866 14
11872 4
11879 20
11881 14
11888 12
11894 9
11896 14
11901 16
11903 19
11905 21
11909 2
11919 11
11926 10
11929 9
11931 17
11933 16
11935 12
11942 15
11944 16
11946 5
11953 15
11955 10
11957 6
11964 12
11971 4
11978 11
11984 11
11990 11
11996 21
12000 1
12009 6
12016 18
12017 8
12021 11
12028 15
12030 16
12032 8
12035 21
12039 8
12043 15
12045 15
12047 17
12049 19
12051 15
12053 16
12055 21
12059 6
12065 19
12067 5
12074 16
12076 11
12082 12
12088 11
12095 17
12097 16
12099 12
12106 21
12110 16
12112 11
12119 17
12121 13
12127 6
12135 6
12143 13
12148 14
12153 17
12155 9
12156 17
12158 10
12161 11
12168 9
12169 3
12176 12
12183 18
12184 20
12186 18
12187 12
12194 11
12201 12
12208 4
12215 4
12222 21
12226 9
12227 8
12229 3
12236 15
12238 3
12244 12
12250 3
12257 4
12264 2
12275 1
12285 6
12293 9
12295 14
12302 13
12307 20
12309 12
12316 13
12322 12
12328 14
12334 11
12340 7
12343 9
12345 11
12351 2
12361 18
12362 12
12369 3
12375 2
12386 6
12392 21
12396 12
12404 19
12406 5
12413 12
12421 21
12425 14
12431 18
12432 12
12439 13
12444 19
12446 19
12448 19
12450 21
12454 2
12463 17
12465 21
12469 4
12477 7
12480 13
12486 7
12489 16
12491 12
12497 11
12504 11
12511 11
12517 18
12518 1
12527 6
12534 21
12538 11
12545 11
12552 18
12553 12
12560 11
12566 4
12572 6
12578 11
12585 10
12587 12
12594 19
12596 16
12598 16
12600 14
12606 11
12612 18
12613 19
12615 6
12622 3
12628 16
12630 8
12633 20
12635 5
12642 19
12644 11
12651 21
12655 16
12657 13
12662 17
12664 10
12666 8
12670 20
12672 18
12673 11
12679 12
12686 10
12687 11
12694 11
12701 16
12703 2
12713 14
12720 12
12727 19
12729 1
12738 11
12744 18
12745 21
12749 12
12755 14
12761 5
12767 11
12773 12
12780 12
12786 18
12787 9
12789 13
12794 10
12797 9
12799 9
12800 21
12804 7
12806 19
12808 15
12810 3
12816 3
12823 13
12828 2
12837 18
12838 9
12839 6
12846 18
12847 1
12857 11
12863 7
12865 21
12869 11
12875 12
12882 3
12888 9
12889 15
12891 14
12898 8
12901 4
12907 16
12909 12
12917 18
12918 12
12925 11
12932 11
12939 20
12941 21
12945 15
12947 12
12954 12
12960 11
12966 17
12968 6
12975 20
12977 12
12983 12
12990 1
13000 11
13007 12
13014 4
13021 18
13022 12
13029 14
13035 13
13040 11
13047 9
13049 5
13056 14
13061 9
13062 7
13065 4
13073 8
13075 6
13083 18
13084 7
13087 8
13090 6
13096 8
13099 20
13101 17
13103 9
13105 15
13107 20
13109 12
13115 12
13121 14
13127 12
13135 20
13137 13
13143 8
13146 5
13153 12
13161 16
13163 12
13171 12
13179 18
13180 16
13182 12
13190 12
13198 15
13200 19
13202 11
13209 18
13210 20
13212 19
13214 10
13215 11
13222 4
13230 20
13232 6
13238 16
13240 12
13248 1
13257 21
13261 15
13263 17
13265 7
13267 2
13277 12
13284 18
13285 15
13287 2
13296 7
13298 3
13304 1
13313 6
13320 18
13321 5
13327 6
13335 21
13339 15
13341 6
13348 12
13354 15
13356 18
13357 9
13359 15
13361 19
13363 3
13370 10
13371 12
13377 17
13379 20
13381 7
13383 17
13385 19
13387 16
13389 9
13391 18
13392 10
13394 13
13400 18
13401 8
13404 18
13405 16
13407 9
13409 4
13416 7
13419 13
13424 9
13426 20
13428 5
13434 11
13441 5
13447 9
13448 7
13450 9
13452 1
13462 6
13468 3
13474 9
13475 14
13481 3
13487 6
13495 12
13502 3
13508 5
13515 5
13522 7
13524 11
13531 13
13536 5
13543 17
13545 18
13546 2
13556 18
13557 3
13563 8
13566 11
13573 15
13575 6
13582 18
13583 15
13585 6
13592 18
13593 7
13596 17
13598 18
13599 21
13603 4
13609 12
13616 21
13620 11
13626 5
13632 8
13636 14
13642 8
13644 4
13651 9
13653 17
13655 6
13663 6
13670 1
13680 12
13688 6
13695 5
13701 12
13708 10
13709 13
13714 18
13715 6
13722 12
13728 16
13730 15
13732 9
13734 2
13744 2
13755 1
13764 4
13770 8
13774 13
13780 1
13789 13
13794 17
13796 11
13802 15
13804 1
13814 12
13822 1
13832 14
13838 19
13840 19
13842 11
13849 11
13856 6
13862 9
13864 6
13871 12
13878 16
13880 3
13886 18
13887 19
13889 19
13891 19
13893 1
13903 13
13909 6
13917 21
13921 4
13929 20
13931 19
13933 17
13935 5
13941 17
13943 10
13945 15
13947 11
13953 16
13955 2
13965 1
13975 1
13985 17
13987 17
13989 2
13999 12
14007 11
14013 6
14019 18
14020 11
14027 9
14028 16
14030 15
14032 12
14039 1
14049 8
14051 20
14053 18
14054 7
14056 4
14062 14
14067 11
14074 19
14076 2
14087 13
14093 12
