2959
1 9
2 7
4 7
6 9
7 2
14 6
20 13
25 11
30 12
36 4
42 17
44 3
51 18
52 2
59 20
61 19
63 19
65 7
68 12
74 5
80 12
88 18
89 1
96 2
105 16
107 3
114 11
120 16
122 12
126 9
127 6
133 3
138 20
139 21
143 21
147 12
153 12
157 13
162 6
168 1
175 11
180 13
184 20
185 14
189 12
193 11
198 21
202 11
209 7
212 9
213 16
215 14
220 5
226 21
230 12
238 9
239 16
241 10
242 12
250 16
252 4
260 6
266 14
271 11
278 12
282 9
284 12
292 12
296 7
299 21
303 12
309 15
311 19
313 14
317 17
319 6
327 18
328 20
330 18
331 11
336 12
344 12
350 16
352 5
358 20
359 9
361 17
363 1
372 21
376 11
381 12
387 14
394 20
395 12
401 14
405 15
407 11
413 9
415 12
421 7
424 16
426 6
434 9
435 11
441 17
443 17
445 18
446 18
447 18
448 20
449 12
455 14
462 4
470 2
479 9
481 11
488 11
493 11
498 3
505 4
511 3
516 2
525 11
530 17
532 20
534 18
535 7
537 10
540 2
549 11
554 6
560 16
562 6
568 10
569 21
573 12
579 11
586 21
590 12
594 6
600 2
609 19
611 4
619 6
625 11
630 10
631 18
632 20
633 15
635 21
639 12
643 12
651 11
655 7
657 10
660 9
661 7
663 18
664 12
668 19
669 7
671 20
672 12
678 14
684 11
689 18
690 21
694 5
701 11
705 13
710 19
711 1
719 15
721 18
722 10
725 12
729 2
736 14
742 15
744 12
752 11
756 5
760 11
764 12
770 15
772 12
776 18
777 12
783 18
784 11
791 12
797 15
799 18
800 13
806 11
811 2
822 12
828 2
835 7
838 20
839 4
845 13
851 3
858 5
863 2
872 18
873 6
881 2
890 7
892 17
894 4
902 17
904 16
906 5
912 12
920 18
921 11
927 10
930 20
931 1
938 14
943 12
949 12
957 12
963 13
967 12
973 14
980 2
989 14
995 4
1003 1
1012 8
1016 12
1024 9
1026 10
1027 12
1033 2
1042 14
1047 11
1051 8
1053 9
1055 20
1056 4
1062 11
1067 12
1075 8
1079 3
1085 19
1087 18
1088 14
1093 8
1097 13
1102 6
1108 1
1116 10
1119 16
1121 18
1122 8
1126 9
1128 15
1130 11
1137 20
1139 21
1143 12
1149 16
1151 5
1155 5
1159 1
1166 4
1172 8
1174 11
1181 3
1185 14
1189 10
1190 18
1191 17
1193 9
1195 11
1202 6
1210 17
1212 17
1214 2
1225 13
1230 4
1234 16
1236 14
1240 13
1246 11
1253 20
1255 12
1263 15
1265 21
1269 18
1270 20
1271 5
1275 5
1281 3
1287 17
1289 8
1291 5
1297 13
1303 12
1311 18
1312 10
1315 9
1316 12
1324 9
1325 11
1329 19
1331 4
1337 6
1345 6
1351 14
1358 16
1360 6
1366 7
1369 12
1375 3
1381 18
1382 9
1384 5
1391 4
1395 5
1401 18
1402 18
1403 16
1405 15
1407 2
1418 11
1422 8
1424 11
1431 11
1435 10
1438 8
1440 11
1445 5
1452 7
1455 12
1463 1
1470 3
1477 14
1483 16
1485 6
1489 14
1496 11
1500 15
1502 19
1503 19
1505 7
1508 5
1515 13
1520 21
1524 13
1529 13
1534 7
1537 15
1539 16
1541 2
1550 1
1558 11
1564 1
1573 12
1577 5
1584 12
1590 12
1594 19
1595 20
1596 1
1605 13
1611 4
1617 4
1621 8
1625 15
1627 5
1632 11
1638 8
1642 5
1646 14
1650 6
1656 11
1660 11
1664 20
1666 12
1674 16
1676 16
1678 5
1683 12
1689 11
1693 12
1701 10
1702 5
1707 1
1716 20
1718 20
1719 2
1726 11
1731 18
1732 19
1734 4
1742 20
1743 2
1754 7
1756 11
1763 2
1774 11
1778 19
1779 5
1786 6
1790 8
1792 12
1800 14
1806 4
1814 15
1816 11
1821 12
1827 1
1835 5
1842 12
1850 4
1854 12
1860 9
1861 8
1865 11
1869 11
1873 10
1874 4
1882 13
1886 14
1893 9
1894 18
1895 18
1896 19
1898 12
1902 16
1904 3
1909 14
1914 9
1916 13
1921 11
1927 18
1928 11
1932 21
1936 18
1937 20
1939 9
1941 11
1945 11
1950 3
1956 14
1960 3
1967 11
1972 11
1977 16
1979 7
1981 5
1988 14
1993 2
2002 8
2006 16
2008 20
2010 15
2012 5
2017 2
2026 20
2028 19
2030 6
2034 12
2040 7
2043 12
2049 19
2050 11
2055 4
2061 1
2070 20
2071 11
2075 2
2086 16
2088 18
2089 2
2098 11
2102 7
2104 14
2110 13
2115 12
2119 9
2121 21
2125 7
2127 2
2134 21
2138 5
2142 6
2148 17
2150 20
2151 12
2159 12
2165 9
2166 15
2168 16
2170 12
2178 18
2179 13
2184 3
2189 2
2198 12
2204 21
2208 1
2218 6
2222 17
2224 11
2229 7
2232 12
2240 14
2247 6
2253 12
2261 21
2265 12
2271 2
2280 21
2284 20
2286 7
2289 12
2295 10
2296 18
2297 17
2299 2
2308 16
2310 1
2319 12
2325 15
2327 4
2331 18
2332 12
2340 6
2344 14
2350 10
2353 17
2355 8
2359 19
2361 14
2368 18
2369 20
2371 18
2372 6
2378 7
2380 15
2382 12
2388 10
2389 17
2391 11
2398 6
2404 17
2406 21
2410 6
2418 19
2420 14
2427 10
2430 1
2438 19
2439 18
2440 11
2446 11
2451 19
2453 4
2459 14
2466 12
2472 10
2473 15
2475 13
2480 4
2484 20
2486 6
2490 19
2492 4
2498 11
2503 16
2505 9
2507 11
2511 2
2518 17
2520 6
2524 10
2527 12
2533 10
2534 19
2535 9
2537 11
2544 11
2549 21
2553 13
2557 11
2561 11
2566 21
2570 13
2576 4
2582 1
2589 17
2591 1
2600 6
2606 17
2608 4
2616 11
2620 10
2623 12
2631 4
2637 5
2644 9
2646 19
2647 13
2652 21
2656 8
2660 12
2664 11
2671 12
2679 15
2681 13
2686 15
2688 8
2692 17
2694 12
2698 16
2700 12
2708 11
2712 19
2714 19
2715 18
2716 7
2719 18
2720 3
2724 8
2726 11
2731 13
2735 18
2736 14
2742 15
2744 3
2751 12
2759 20
2761 10
2762 18
2763 17
2765 7
2767 11
2772 18
2773 16
2775 11
2782 11
2788 20
2789 12
2795 12
2801 12
2805 18
2806 7
2809 17
2811 8
2815 21
2819 17
2821 17
2823 18
2824 12
2832 12
2838 20
2840 16
2842 12
2846 17
2848 16
2850 11
2857 13
2862 9
2863 18
2864 9
2865 6
2871 1
2881 2
2892 1
2900 14
2907 12
2913 9
2914 5
2919 6
2925 4
2931 16
2933 7
2936 12
2942 13
2947 16
2949 11
2955 7
2957 9
2958 13
2963 4
2967 4
2971 17
2973 7
2976 11
2981 6
2985 13
2989 21
2993 15
2995 17
2997 3
3002 17
3004 4
3010 11
3017 14
3022 14
3026 5
3031 12
3037 18
3038 15
3040 21
3044 18
3045 1
3052 16
3054 4
3060 7
3063 8
3065 4
3071 1
3081 8
3083 21
3087 16
3089 8
3091 1
3100 11
3105 11
3110 13
3114 14
3120 15
3122 7
3124 12
3132 3
3137 2
3146 9
3147 12
3153 17
3155 10
3158 10
3161 11
3165 9
3167 14
3171 16
3173 10
3174 9
3176 12
3182 1
3192 10
3195 20
3197 13
3202 4
3208 11
3213 18
3214 13
3219 11
3226 10
3227 4
3231 18
3232 19
3233 12
3237 2
3246 14
3250 4
3258 20
3260 21
3264 9
3265 13
3271 18
3272 11
3278 8
3282 14
3286 2
3297 16
3299 2
3308 2
3315 7
3318 4
3324 15
3326 6
3332 7
3335 5
3339 3
3343 16
3345 18
3346 1
3354 12
3362 19
3364 6
3370 11
3377 17
3379 3
3383 18
3384 11
3389 1
3397 12
3401 1
3408 4
3414 15
3416 13
3421 5
3425 10
3426 11
3431 8
3435 11
3439 17
3441 13
3446 17
3448 15
3450 1
3458 12
3464 16
3466 18
3467 16
3469 1
3478 16
3480 10
3483 11
3489 19
3491 15
3493 20
3495 20
3497 11
3503 13
3509 16
3511 14
3516 11
3523 12
3529 16
3531 6
3537 12
3545 1
3553 17
3555 14
3560 11
3567 5
3571 6
3577 15
3579 16
3581 16
3583 3
3588 12
3594 5
3599 18
3600 15
3602 10
3603 11
3610 11
3617 1
3624 17
3626 12
3632 11
3639 17
3641 14
3645 19
3647 2
3656 21
3660 8
3662 19
3664 12
3672 5
3678 19
3679 9
3680 18
3681 11
3686 6
3690 4
3696 11
3703 2
3714 2
3725 10
3726 3
3730 6
3736 21
3740 5
3745 20
3746 12
3750 4
3756 11
3762 18
3763 9
3765 20
3767 12
3773 3
3780 11
3787 4
3795 6
3803 18
3804 15
3806 8
3810 11
3814 11
3818 20
3820 12
3828 11
3835 18
3836 11
3842 11
3848 12
3852 4
3860 11
3865 21
3869 8
3873 19
3875 11
3881 12
3887 13
3892 5
3896 11
3900 10
3903 12
3909 12
3915 11
3922 8
3924 3
3929 12
3935 11
3941 16
3943 18
3944 16
3946 16
3948 12
3956 15
3958 15
3960 18
3961 10
3964 10
3965 1
3973 17
3975 13
3979 12
3985 10
3988 5
3992 14
3996 18
3997 9
3999 12
4003 9
4004 21
4008 11
4012 16
4014 19
4016 4
4022 6
4028 3
4035 11
4039 11
4044 18
4045 3
4052 10
4053 11
4057 7
4059 9
4061 7
4063 17
4065 9
4066 11
4072 16
4074 12
4080 10
4083 11
4088 7
4091 11
4095 12
4101 16
4103 21
4107 3
4112 20
4113 5
4117 13
4123 2
4132 14
4138 3
4144 3
4149 11
4153 21
4157 18
4158 1
4168 4
4174 18
4175 19
4176 6
4182 14
4189 14
4195 17
4197 2
4206 13
4211 11
4216 1
4223 12
4231 21
4235 14
4240 21
4244 8
4246 11
4252 15
4254 20
4255 6
4261 12
4267 16
4269 6
4277 13
4281 21
4285 20
4286 6
4292 11
4296 14
4301 1
4309 11
4316 3
4321 21
4325 16
4327 3
4331 8
4333 18
4334 3
4341 5
4347 9
4349 3
4353 11
4359 11
4363 1
4373 17
4375 2
4386 11
4390 4
4398 15
4400 18
4401 6
4407 1
4417 11
4422 5
4429 1
4437 2
4446 13
4450 16
4452 21
4456 7
4459 19
4460 4
4466 15
4468 16
4470 11
4474 8
4476 15
4478 13
4484 14
4489 18
4490 11
4496 12
4500 12
4506 18
4507 17
4509 20
4511 11
4517 10
4518 12
4524 12
4530 8
4534 11
4541 21
4545 20
4547 19
4549 12
4555 19
4557 6
4563 20
4565 1
4575 14
4580 11
4584 20
4585 16
4587 16
4589 13
4594 12
4600 7
4603 5
4608 3
4614 13
4620 3
4627 14
4631 11
4638 15
4640 5
4647 7
4649 14
4655 11
4660 18
4661 12
4667 8
4669 11
4674 10
4677 14
4684 16
4686 11
4691 8
4693 18
4694 3
4700 17
4702 12
4708 15
4710 16
4712 4
4718 9
4719 18
4720 16
4722 6
4728 3
4733 19
4734 2
4743 13
4748 5
4754 6
4762 4
4768 19
4770 17
4772 15
4774 9
4775 4
4779 15
4781 13
4786 16
4788 18
4789 20
4791 12
4795 2
4804 12
4808 14
4815 11
4821 19
4822 19
4824 12
4828 1
4835 12
4841 10
4844 21
4848 3
4853 4
4859 21
4863 7
4865 11
4870 11
4874 16
4876 7
4878 18
4879 2
4886 16
4888 13
4892 6
4898 13
4903 11
4908 19
4910 1
4919 19
4920 20
4921 21
4925 16
4927 11
4933 9
4935 11
4941 12
4947 11
4952 4
4958 1
4968 8
4972 2
4981 4
4987 16
4989 7
4991 1
5000 11
5005 11
5010 11
5015 5
5019 2
5026 3
5032 17
5034 11
5040 7
5042 19
5043 17
5045 19
5046 12
5052 1
5061 12
5067 15
5069 17
5071 3
5075 17
5077 11
5083 13
5088 8
5092 12
5098 11
5105 11
5109 14
5113 12
5119 11
5123 5
5129 10
5132 12
5136 12
5142 3
5148 6
5154 13
5159 18
5160 15
5162 20
5164 11
5168 19
5169 2
5178 17
5180 20
5181 3
5188 19
5190 21
5194 15
5196 18
5197 16
5199 14
5203 11
5207 10
5208 20
5210 18
5211 18
5212 6
5218 17
5220 11
5225 20
5226 1
5233 17
5235 7
5237 3
5242 19
5243 18
5244 5
5249 14
5255 3
5260 15
5262 12
5270 11
5276 11
5281 16
5283 12
5291 7
5293 15
5295 16
5297 11
5303 11
5308 17
5310 13
5316 12
5324 12
5332 19
5333 4
5339 21
5343 11
5348 8
5352 13
5356 16
5358 1
5366 2
5375 11
5379 18
5380 2
5391 19
5393 15
5395 15
5397 3
5401 15
5403 11
5410 21
5414 18
5415 4
5423 18
5424 11
5428 12
5434 18
5435 16
5437 6
5441 11
5445 11
5452 3
5459 13
5464 3
5471 19
5473 6
5479 10
5480 3
5487 13
5493 13
5498 7
5501 2
5510 21
5514 16
5516 10
5517 15
5519 2
5526 14
5533 11
5539 19
5540 11
5544 11
5551 6
5557 1
5566 2
5575 3
5579 12
5583 17
5585 12
5589 7
5591 13
5596 11
5603 20
5604 10
5607 12
5613 11
5618 17
5620 4
5626 3
5630 20
5631 3
5635 11
5642 10
5645 17
5647 5
5654 17
5656 11
5660 18
5661 6
5667 10
5668 11
5672 15
5674 3
5678 12
5684 11
5688 4
5694 12
5700 5
5706 11
5712 19
5713 12
5719 21
5723 18
5724 13
5729 4
5737 17
5739 1
5748 18
5749 2
5756 9
5758 16
5760 19
5761 19
5762 5
5769 10
5772 1
5782 11
5786 12
5790 18
5791 20
5792 11
5796 18
5797 9
5798 20
5799 9
5800 5
5805 12
5811 19
5813 18
5814 15
5816 3
5821 15
5823 4
5827 11
5833 2
5842 11
5848 13
5853 11
5857 11
5861 17
5863 3
5868 15
5870 7
5872 10
5875 6
5881 14
5885 18
5886 12
5892 10
5895 8
5897 18
5898 6
5904 12
5910 1
5919 18
5920 7
5922 15
5924 10
5925 12
5933 4
5939 4
5947 12
5951 19
5953 5
5959 3
5964 2
5975 12
5979 11
5985 8
5987 3
5994 17
5996 4
6002 9
6004 11
6009 15
6011 11
6018 15
6020 17
6022 15
6024 2
6031 7
6033 3
6039 13
6043 6
6049 11
6056 9
6058 16
6060 11
6064 10
6065 19
6067 18
6068 12
6074 9
6076 18
6077 12
6083 15
6085 16
6087 8
6089 18
6090 21
6094 10
6097 18
6098 8
6102 12
6108 11
6115 6
6121 13
6126 6
6130 11
6136 5
6143 7
6145 14
6150 18
6151 12
6159 2
6168 18
6169 8
6171 18
6172 16
6174 8
6176 3
6183 4
6191 12
6199 21
6203 1
6211 5
6216 11
6220 14
6227 12
6233 19
6234 18
6235 6
6241 11
6248 12
6256 12
6262 16
6264 2
6273 14
6280 11
6284 12
6290 9
6291 12
6297 19
6299 20
6301 6
6309 6
6315 6
6319 20
6321 17
6323 18
6324 11
6329 14
6335 8
6337 19
6339 21
6343 21
6347 14
6352 11
6356 21
6360 12
6368 11
6374 13
6379 18
6380 11
6386 18
6387 10
6388 11
6392 14
6398 19
6400 11
6405 19
6407 16
6409 11
6415 21
6419 9
6420 5
6425 10
6428 6
6432 2
6441 14
6446 11
6452 2
6463 11
6469 14
6474 9
6475 11
6479 11
6484 11
6488 20
6490 16
6492 14
6496 11
6502 15
6504 19
6505 3
6511 18
6512 12
6518 1
6527 16
6529 11
6533 3
6539 18
6540 15
6542 8
6546 21
6550 6
6556 12
6560 10
6561 12
6567 8
6569 11
6575 11
6581 10
6584 18
6585 11
6589 2
6598 21
6602 14
6608 18
6609 6
6615 1
6624 12
6630 5
6637 20
6639 20
6641 18
6642 14
6646 11
6651 3
6658 16
6660 13
6665 16
6667 11
6671 9
6672 18
6673 8
6675 16
6677 8
6679 17
6681 21
6685 11
6692 2
6701 9
6703 18
6704 18
6705 9
6706 12
6712 13
6717 11
6722 9
6723 2
6732 11
6736 1
6743 16
6745 15
6747 11
6754 9
6756 9
6758 6
6764 8
6768 7
6771 11
6775 21
6779 10
6782 6
6786 2
6795 21
6799 16
6801 3
6806 12
6814 12
6820 1
6827 13
6833 14
6839 17
6841 6
6847 19
6849 18
6850 21
6854 11
6861 11
6868 11
6873 1
6882 21
6886 11
6891 16
6893 3
6897 18
6898 18
6899 17
6901 18
6902 8
6904 13
6910 10
6913 17
6915 17
6917 11
6922 6
6928 6
6936 3
6941 13
6946 12
6954 21
6958 12
6964 12
6970 14
6974 12
6978 11
6985 6
6989 7
6991 11
6995 18
6996 8
6998 12
7006 16
7008 11
7015 10
7016 4
7020 12
7028 12
7032 4
7040 4
7046 11
7051 17
7053 19
7054 6
7062 12
7070 16
7072 14
7076 2
7085 5
7089 21
7093 2
7104 5
7110 17
7112 10
7115 15
7117 9
7118 11
7124 11
7131 11
7135 13
7139 8
7141 17
7143 11
7149 4
7157 12
7161 16
7163 13
7167 5
7171 12
7177 3
7184 20
7185 13
7190 5
7194 5
7198 11
7205 18
7206 7
7209 12
7217 21
7221 2
7230 11
7235 12
7239 1
7249 18
7250 1
7258 3
7265 11
7269 7
7272 7
7275 5
7282 4
7286 10
7289 2
7298 5
7302 9
7304 11
7310 14
7315 13
7320 17
7322 21
7326 12
7334 12
7340 1
7347 9
7348 20
7350 16
7352 12
7358 18
7359 5
7364 11
7369 11
7376 21
7380 16
7382 15
7384 16
7386 15
7388 21
7392 12
7398 20
7400 11
7407 14
7411 12
7419 6
7427 3
7432 11
7439 15
7441 18
7442 19
7443 15
7445 3
7449 4
7453 4
7461 9
7462 18
7463 6
7471 18
7472 12
7476 4
7482 14
7487 3
7493 12
7501 15
7503 12
7511 17
7513 11
7520 9
7522 10
7525 10
7526 13
7531 11
7536 13
7541 18
7542 11
7548 11
7553 4
7559 15
7561 7
7564 12
7570 1
7577 17
7579 13
7584 21
7588 18
7589 11
7594 17
7596 17
7598 3
7603 12
7611 3
7615 9
7617 2
7628 10
7631 1
7638 7
7640 3
7644 14
7649 13
7655 11
7661 15
7663 14
7670 16
7672 18
7673 1
7683 11
7687 13
7693 8
7697 11
7703 19
7705 10
7708 11
7712 6
7718 18
7719 18
7720 5
7725 12
7731 12
7737 11
7742 13
7747 5
7751 18
7752 10
7755 10
7758 12
7762 18
7763 12
7769 2
7778 12
7784 2
7795 7
7797 1
7806 16
7808 19
7809 11
7813 14
7820 12
7828 6
7834 14
7839 13
7844 16
7846 14
7852 10
7853 11
7857 10
7860 1
7870 6
7874 11
7881 21
7885 11
7890 11
7895 16
7897 7
7900 7
7902 17
7904 13
7909 2
7918 3
7923 21
7927 12
7933 12
7941 12
7947 10
7948 4
7954 3
7960 13
7965 16
7967 9
7969 5
7976 19
7977 18
7978 21
7982 8
7984 17
7986 11
7992 14
7996 11
8001 3
8008 21
8012 17
8014 15
8016 6
8020 19
8022 11
8028 13
8032 7
8034 11
8040 17
8042 11
8048 1
8055 12
8059 11
8064 17
8066 8
8068 2
8075 19
8077 20
8078 4
8084 11
8088 17
8090 4
8096 16
8098 14
8104 15
8106 18
8107 4
8113 10
8114 9
8116 17
8118 13
8123 12
8129 14
8135 12
8141 10
8142 12
8150 20
8152 3
8157 12
8165 12
8169 12
8175 8
8177 8
8181 16
8183 2
8192 12
8198 7
8201 16
8203 17
8205 13
8210 18
8211 12
8215 17
8217 11
8223 8
8225 9
8227 4
8231 12
8235 2
8246 1
8256 18
8257 10
8258 9
8259 5
8263 4
8267 5
8273 14
8278 12
8284 2
8295 20
8296 6
8302 10
8303 19
8305 1
8315 11
8322 13
8327 9
8329 2
8338 18
8339 5
8344 11
8349 13
8353 18
8354 10
8357 15
8359 12
8365 21
8369 12
8375 11
8382 6
8388 18
8389 9
8391 17
8393 17
8395 19
8396 15
8398 7
8400 2
8409 2
8416 7
8418 6
8424 21
8428 13
8433 18
8434 12
8438 11
8444 6
8450 3
8455 18
8456 15
8458 4
8464 6
8472 3
8477 3
8483 20
8485 12
8491 8
8493 10
8496 3
8501 12
8507 6
8511 5
8518 1
8526 2
8535 8
8539 7
8541 14
8547 11
8551 11
8555 19
8556 15
8558 9
8560 15
8562 6
8570 2
8581 12
8589 17
8591 2
8600 20
8602 18
8603 16
8605 16
8607 12
8613 4
8621 10
8624 12
8628 7
8631 9
8632 18
8633 11
8638 7
8641 4
8647 5
8654 20
8656 18
8657 5
8661 19
8662 9
8663 21
8667 14
8671 15
8673 11
8679 15
8681 6
8689 12
8697 6
8703 4
8707 6
8713 6
8717 17
8719 20
8720 12
8726 8
8728 9
8730 14
8734 12
8742 11
8747 21
8751 10
8754 12
8760 7
8762 19
8764 13
8770 13
8775 9
8777 9
8779 10
8782 5
8789 12
8795 12
8801 5
8807 12
8811 20
8812 10
8815 5
8820 18
8821 6
8829 3
8834 21
8838 14
8843 2
8850 11
8855 7
8858 6
8864 21
8868 14
8873 17
8875 3
8880 21
8884 6
8890 20
8891 11
8897 11
8901 8
8903 21
8907 6
8911 8
8913 4
8919 11
8925 2
8936 15
8938 15
8940 18
8941 12
8947 12
8951 3
8957 7
8959 14
8966 7
8968 19
8970 16
8972 9
8974 14
8978 21
8982 18
8983 3
8987 11
8994 18
8995 15
8997 19
8998 18
8999 21
9003 6
9009 15
9011 13
9017 18
9018 4
9022 7
9025 9
9027 12
9033 4
9037 11
9044 12
9050 11
9056 9
9058 10
9059 16
9061 14
9067 5
9071 10
9074 4
9080 18
9081 14
9087 16
9089 5
9096 7
9098 16
9100 1
9108 15
9110 18
9111 1
9121 12
9129 13
9133 2
9142 18
9143 2
9154 4
9162 12
9168 11
9174 4
9178 16
9180 11
9184 3
9191 9
9192 16
9194 11
9198 12
9204 14
9211 18
9212 10
9215 20
9216 20
9218 12
9224 11
9230 15
9232 17
9234 5
9240 5
9245 13
9250 17
9252 10
9255 1
9265 6
9271 21
9275 14
9279 18
9280 10
9281 15
9283 14
9289 5
9295 7
9298 16
9300 8
9302 18
9303 6
9311 21
9315 11
9321 7
9324 11
9331 18
9332 11
9339 19
9340 7
9342 12
9348 16
9350 6
9356 18
9357 21
9361 6
9367 11
9374 7
9377 1
9384 4
9390 16
9392 18
9393 1
9400 18
9401 15
9403 8
9405 18
9406 4
9414 11
9419 2
9428 18
9429 12
9435 11
9440 18
9441 15
9443 7
9446 18
9447 2
9456 17
9458 12
9462 14
9467 9
9468 19
9469 12
9475 11
9479 18
9480 16
9482 11
9489 12
9497 12
9503 12
9509 2
9520 6
9526 18
9527 19
9529 12
9537 11
9541 17
9543 10
9544 21
9548 12
9554 10
9555 1
9562 5
9568 18
9569 11
9575 15
9577 12
9581 16
9583 16
9585 1
9595 11
9602 18
9603 18
9604 11
9608 2
9617 18
9618 5
9623 18
9624 9
9625 11
9632 16
9634 13
9639 2
9650 8
9652 11
9657 19
9658 4
9662 14
9668 7
9670 12
9676 17
9678 10
9679 12
9683 5
9687 7
9689 15
9691 8
9693 21
9697 11
9704 3
9710 7
9712 11
9716 3
9723 1
9732 14
9738 20
9739 11
9746 15
9748 12
9756 4
9764 18
9765 8
9769 1
9778 12
9784 11
9789 7
9792 3
9796 16
9798 16
9800 3
9805 20
9806 21
9810 12
9814 12
9820 11
9824 5
9831 13
9836 6
9840 14
9847 7
9849 20
9850 3
9854 18
9855 12
9863 15
9865 13
9870 2
9877 8
9881 1
9888 12
9892 18
9893 13
9897 6
9905 17
9907 11
9913 18
9914 12
9922 18
9923 15
9925 14
9932 21
9936 20
9938 9
9939 18
9940 9
9941 11
9948 14
9953 11
9959 18
9960 21
9964 11
9970 6
9978 20
9979 9
9980 6
9988 9
9989 11
9993 12
9999 2
10006 7
10008 1
10018 2
10029 19
10031 18
10032 5
10037 11
10043 14
10049 10
10052 12
10056 8
10058 5
10065 15
10067 11
10071 21
10075 11
10081 16
10083 21
10087 11
10091 3
10097 1
10107 3
10111 17
10113 12
10119 1
10128 2
10135 2
10144 9
10145 12
10151 14
10155 18
10156 3
10163 11
10170 12
10174 12
10182 2
10193 12
10199 13
10205 4
10211 18
10212 6
10220 17
10222 17
10224 16
10226 9
10228 10
10231 6
10237 11
10243 12
10247 12
10255 18
10256 9
10257 20
10259 3
10264 8
10268 12
10274 3
10279 21
10283 18
10284 2
10295 19
10297 18
10298 16
10300 3
10306 11
10313 21
10317 15
10319 7
10322 17
10324 2
10333 20
10335 8
10337 8
10339 2
10348 19
10350 12
10354 12
10362 10
10363 18
10364 4
10370 2
10379 11
10386 13
10392 11
10398 20
10399 11
10403 19
10405 13
10411 6
10419 7
10421 21
10425 11
10430 12
10438 16
10440 12
10444 17
10446 9
10448 15
10450 13
10454 15
10456 4
10460 16
10462 16
10464 12
10472 10
10475 2
10482 14
10489 11
10494 17
10496 11
10503 12
10511 11
10516 8
10520 18
10521 17
10523 20
10524 12
10530 11
10535 1
10544 1
10553 5
10557 5
10564 11
10569 9
10571 13
10577 19
10578 17
10580 6
10584 20
10585 20
10586 17
10588 12
10596 15
10598 12
10604 16
10606 14
10610 12
10616 3
10623 21
10627 9
10629 9
10630 5
10636 12
10644 2
10651 8
10653 3
10659 18
10660 7
10662 5
10667 12
10673 13
10678 14
10684 18
10685 11
10691 16
10693 10
10694 16
10696 18
10697 18
10698 9
10700 18
10701 15
10703 20
10704 21
10708 8
10712 1
10720 5
10725 14
10731 17
10733 11
10737 14
10743 12
10751 16
10753 5
10758 2
10769 10
10770 16
10772 15
10774 2
10783 17
10785 12
10791 12
10797 5
10803 12
10807 13
10812 11
10816 15
10818 10
10821 6
10827 1
10835 1
10843 14
10848 11
10855 2
10864 19
10865 11
10872 16
10874 13
10880 17
10882 10
10885 11
10892 2
10899 13
10903 11
10910 7
10912 1
10922 5
10929 12
10935 12
10943 20
10945 14
10949 11
10956 5
10961 16
10963 18
10964 18
10965 17
10967 19
10968 11
10972 10
10975 12
10983 18
10984 19
10986 3
10993 11
11000 12
11008 12
11014 3
11021 10
11024 9
11025 15
11027 18
11028 5
11035 20
11037 6
11041 20
11042 20
11043 15
11045 9
11047 6
11055 10
11056 20
11058 19
11060 18
11061 13
11066 19
11068 10
11069 13
11074 15
11076 19
11077 19
11078 2
11089 5
11094 17
11096 7
11099 18
11100 21
11104 8
11108 4
11112 11
11117 11
11122 21
11126 13
11132 10
11133 18
11134 10
11137 12
11143 9
11144 18
11145 17
11147 11
11153 21
11157 11
11161 10
11162 4
11166 20
11167 13
11171 11
11176 14
11182 18
11183 19
11185 9
11186 16
11188 20
11190 1
11200 10
11201 8
11203 6
11209 2
11220 15
11222 17
11224 16
11226 17
11228 18
11229 10
11232 9
11234 4
11242 19
11244 18
11245 10
11246 20
11247 3
11254 4
11262 16
11264 8
11268 7
11271 10
11274 11
11279 3
11283 1
11290 18
11291 13
11297 16
11299 6
11305 18
11306 3
11310 11
11315 7
11318 19
11320 3
11326 12
11332 2
11343 12
11347 1
11357 17
11359 19
11360 3
11365 8
11367 3
11372 15
11374 21
11378 6
11384 20
11386 11
11392 12
11398 18
11399 19
11401 8
11405 15
11407 10
11410 6
11414 4
11420 11
11427 11
11431 12
11437 14
11443 5
11449 20
11451 11
11458 15
11460 4
11466 6
11474 6
11478 9
11479 13
11483 1
11490 18
11491 16
11493 17
11495 12
11499 16
11501 17
11503 15
11505 7
11508 4
11512 12
11516 9
11518 12
11522 19
11524 5
11530 12
11538 7
11540 18
11541 12
11549 20
11551 15
11553 17
11555 11
11559 20
11560 15
11562 19
11563 18
11564 6
11570 8
11574 7
11577 12
11581 1
11588 17
11590 11
11596 18
11597 4
11603 21
11607 5
11613 15
11615 15
11617 13
11622 14
11627 11
11632 14
11636 2
11647 12
11653 2
11664 18
11665 15
11667 2
11674 17
11676 7
11678 17
11680 11
11686 11
11693 3
11699 10
11702 11
11707 20
11709 16
11711 9
11713 6
11719 11
11725 2
11732 16
11734 15
11736 6
11740 12
11746 7
11749 18
11750 21
11754 4
11760 20
11762 18
11763 2
11770 15
11772 1
11781 1
11788 8
11792 5
11799 14
11804 14
11808 12
11816 11
11822 17
11824 5
11828 18
11829 12
11835 12
11839 18
11840 6
11846 7
11849 12
11855 14
11859 18
11860 11
11866 8
11870 11
11876 15
11878 15
11880 1
11888 13
11894 3
11901 19
11902 12
11908 16
11910 5
11917 21
11921 1
11929 20
11930 12
11934 15
11936 14
11940 11
11945 5
11949 8
11953 11
11959 7
11962 5
11968 12
11974 12
11980 16
11982 18
11983 9
11985 16
11987 3
11994 16
11996 16
11998 10
11999 5
12006 13
12011 6
12017 14
12023 7
12025 15
12027 5
12033 18
12034 7
12036 19
12037 12
12041 13
12046 6
12052 8
12054 1
12061 9
12063 19
12064 1
12072 15
12074 18
12075 21
12079 11
12086 1
12095 10
12096 10
12097 11
12103 18
12104 13
12110 18
12111 21
12115 9
12117 1
12124 18
12125 9
12126 12
12134 10
12135 15
12137 20
12138 18
12139 12
12143 19
12144 21
12148 11
12154 15
12156 14
12161 14
12168 5
12175 11
12180 5
12186 12
12194 10
12195 3
12202 4
12208 12
12216 11
12222 21
12226 6
12234 10
12235 12
12241 21
12245 1
12254 11
12259 3
12266 5
12270 2
12279 9
12281 6
12289 3
12296 11
12302 11
12308 6
12316 7
12319 20
12320 12
12324 3
12328 9
12329 7
12331 3
12338 12
12342 3
12346 13
12351 10
12352 16
12354 6
12362 5
12368 10
12371 13
12376 11
12381 19
12383 11
12388 16
12390 12
12396 12
12402 19
12404 11
12408 13
12414 14
12421 4
12427 18
12428 12
12432 15
12434 20
12435 13
12441 3
12445 12
12451 7
12453 16
12455 14
12461 15
12463 13
12468 19
12469 8
12471 11
12478 11
12485 19
