2959
1 8
4 13
9 6
15 4
22 16
24 21
28 5
34 12
41 13
47 6
55 7
57 19
59 12
66 10
69 18
70 4
77 15
79 18
80 21
84 11
90 12
96 19
98 17
100 8
103 12
111 12
117 5
123 18
124 18
125 13
131 8
135 18
136 20
138 10
141 6
147 1
157 16
159 12
166 11
172 10
173 15
175 3
181 2
190 8
193 12
200 11
206 16
208 16
210 5
216 2
227 17
229 7
231 14
236 11
243 11
249 15
251 18
252 11
258 15
260 15
262 12
269 11
276 8
278 11
285 11
291 14
297 1
306 2
317 11
324 2
334 11
341 9
342 8
346 14
352 13
358 11
364 3
370 8
374 17
376 9
378 19
380 20
382 14
388 10
391 19
393 8
397 2
408 5
414 17
416 8
418 9
420 2
431 12
439 18
440 10
442 13
448 3
455 1
465 11
471 4
479 14
484 12
491 5
497 11
504 15
506 2
516 20
518 15
520 16
522 9
523 12
530 18
531 21
535 5
542 4
550 6
558 5
565 12
571 3
577 11
583 18
584 9
585 15
587 11
593 5
600 19
602 18
603 1
612 8
615 18
616 2
627 8
629 15
631 18
632 11
639 12
645 9
646 20
648 16
650 4
658 19
660 7
662 6
668 15
670 14
676 11
683 12
691 20
693 20
695 14
700 21
704 11
710 16
712 11
719 20
721 2
731 8
734 4
740 7
743 13
749 14
755 16
757 9
759 4
766 2
776 3
782 1
791 7
794 17
796 11
802 11
808 11
815 7
817 9
819 10
822 21
826 13
831 10
834 11
841 11
848 18
849 6
857 4
865 13
871 14
877 19
879 15
881 11
888 4
896 21
900 3
907 16
909 12
916 8
919 15
921 18
922 14
928 16
930 14
935 12
941 12
948 8
950 11
957 14
962 4
969 20
971 15
973 9
975 11
981 5
987 11
993 2
1004 12
1011 16
1013 21
1017 8
1019 14
1024 15
1026 3
1033 13
1038 11
1044 17
1046 17
1048 19
1050 7
1052 18
1053 3
1060 13
1066 6
1073 9
1074 11
1080 2
1090 12
1097 18
1098 1
1108 3
1114 20
1116 14
1121 6
1128 6
1135 12
1141 13
1146 5
1153 11
1159 9
1160 14
1166 5
1173 8
1175 3
1181 18
1182 7
1185 7
1187 15
1189 5
1196 21
1200 14
1206 3
1212 21
1216 15
1218 12
1226 8
1229 16
1231 17
1233 16
1235 12
1241 12
1247 6
1253 21
1257 12
1264 11
1271 18
1272 20
1274 15
1276 3
1282 17
1284 16
1286 15
1288 4
1295 7
1298 6
1306 10
1308 6
1316 7
1319 4
1326 20
1328 15
1330 15
1332 16
1334 11
1340 13
1345 19
1347 16
1349 12
1356 17
1358 19
1360 2
1369 1
1378 17
1380 3
1386 11
1392 20
1394 10
1396 11
1402 3
1408 3
1414 17
1416 13
1422 16
1424 5
1431 2
1441 8
1443 12
1450 16
1452 12
1459 8
1461 14
1467 18
1468 9
1470 4
1478 12
1486 11
1492 3
1498 11
1505 13
1510 16
1512 14
1517 6
1524 1
1533 16
1535 9
1537 13
1542 11
1548 12
1554 2
1563 5
1569 11
1575 11
1582 18
1583 15
1585 14
1591 11
1597 21
1601 2
1612 12
1618 18
1619 20
1621 16
1623 11
1630 19
1632 21
1636 11
1643 18
1644 17
1646 11
1653 1
1662 20
1664 20
1666 12
1673 15
1675 17
1677 2
1687 12
1694 17
1696 1
1706 9
1707 13
1713 17
1715 18
1716 17
1718 11
1724 6
1730 12
1736 11
1742 18
1743 21
1747 8
1749 12
1757 8
1760 7
1762 2
1771 18
1772 5
1779 2
1789 14
1794 3
1801 13
1807 14
1813 3
1819 19
1821 15
1823 9
1825 2
1836 12
1843 14
1848 11
1855 14
1861 16
1863 14
1869 11
1876 5
1883 13
1888 8
1891 8
1895 4
1902 8
1904 14
1910 12
1917 19
1919 6
1926 16
1928 14
1934 6
1941 11
1948 11
1955 20
1957 12
1963 14
1970 17
1972 18
1973 11
1980 16
1982 1
1991 3
1997 8
1999 21
2003 21
2007 3
2013 12
2019 3
2025 11
2031 12
2038 4
2045 15
2047 1
2056 6
2063 17
2065 16
2067 12
2074 15
2076 11
2083 15
2085 6
2093 5
2099 9
2100 12
2107 15
2109 19
2111 18
2112 19
2114 20
2116 9
2118 11
2124 7
2127 4
2134 20
2136 20
2138 16
2140 18
2141 11
2148 11
2155 4
2161 15
2163 13
2168 2
2178 6
2186 5
2193 12
2199 18
2200 15
2202 15
2204 9
2206 9
2207 21
2211 6
2219 12
2226 17
2228 12
2236 1
2246 9
2248 11
2255 12
2262 18
2263 18
2264 6
2271 11
2278 5
2284 7
2287 15
2289 11
2296 10
2298 2
2308 5
2315 11
2321 11
2327 3
2333 12
2340 1
2350 11
2356 5
2363 17
2365 19
2367 11
2374 4
2380 18
2381 16
2383 11
2390 2
2400 21
2404 4
2412 11
2419 14
2424 5
2430 5
2436 8
2438 12
2445 6
2452 5
2459 2
2470 20
2472 13
2477 9
2479 18
2480 5
2487 1
2497 7
2500 9
2502 8
2505 7
2507 12
2515 11
2522 17
2524 3
2530 14
2535 12
2543 15
2545 9
2546 5
2553 21
2557 7
2560 2
2571 18
2572 18
2573 12
2580 17
2582 9
2584 12
2591 11
2598 9
2599 13
2605 21
2609 16
2611 15
2613 11
2619 9
2620 15
2622 5
2628 7
2630 11
2636 18
2637 15
2639 12
2646 9
2647 16
2649 12
2656 14
2661 10
2663 11
2669 21
2673 18
2674 12
2682 4
2690 19
2692 12
2699 15
2701 10
2704 10
2707 14
2712 6
2719 4
2725 16
2727 21
2731 8
2734 4
2740 5
2747 17
2749 15
2751 11
2758 19
2760 11
2767 16
2769 8
2772 13
2777 11
2783 12
2790 6
2798 17
2800 12
2807 6
2815 15
2817 16
2819 10
2821 1
2831 11
2837 12
2844 12
2851 12
2857 3
2863 21
2867 18
2868 14
2874 7
2877 16
2879 17
2881 10
2883 20
2885 17
2887 12
2893 11
2899 10
2901 5
2907 12
2914 15
2916 9
2918 11
2924 2
2933 21
2937 21
2941 11
2948 20
2950 4
2957 11
2963 11
2969 8
2972 1
2982 3
2988 11
2994 11
3000 5
3007 11
3013 11
3019 20
3021 21
3025 8
3028 20
3030 11
3037 11
3043 21
3047 6
3054 15
3056 11
3063 12
3069 15
3071 1
3080 18
3081 13
3087 11
3093 14
3099 18
3100 14
3107 9
3108 4
3114 12
3121 7
3123 5
3129 1
3139 13
3144 13
3149 18
3150 12
3158 8
3161 9
3163 2
3174 12
3182 18
3183 5
3190 12
3197 7
3200 17
3202 11
3208 6
3215 10
3216 2
3226 20
3228 5
3234 17
3236 12
3244 7
3246 18
3247 17
3249 13
3254 17
3256 21
3260 16
3262 11
3268 12
3275 2
3285 15
3287 12
3294 12
3301 8
3303 17
3305 3
3311 13
3317 5
3323 16
3325 3
3331 21
3335 18
3336 5
3342 18
3343 11
3350 8
3354 11
3360 11
3366 11
3372 10
3373 12
3379 9
3380 18
3381 9
3382 13
3387 6
3395 1
3405 8
3408 16
3410 11
3416 12
3423 2
3433 15
3435 18
3436 20
3438 5
3445 12
3452 4
3460 7
3462 6
3469 12
3476 16
3478 2
3488 2
3498 12
3505 11
3511 11
3518 15
3520 5
3526 16
3528 12
3535 17
3537 21
3541 15
3543 7
3546 19
3548 9
3549 17
3551 5
3558 14
3563 1
3572 15
3574 13
3580 17
3582 18
3583 12
3591 8
3594 5
3600 19
3602 6
3608 18
3609 18
3610 6
3616 11
3623 5
3629 10
3631 20
3633 13
3638 15
3640 15
3642 15
3644 4
3651 2
3660 4
3668 18
3669 11
3675 17
3677 21
3681 8
3685 20
3687 16
3689 11
3695 7
3698 2
3709 13
3715 4
3721 5
3728 13
3734 1
3744 16
3746 11
3753 4
3761 10
3763 8
3766 21
3770 11
3776 17
3778 5
3785 7
3787 2
3798 16
3800 19
3802 15
3804 17
3806 21
3810 2
3819 11
3826 14
3833 3
3840 10
3842 16
3844 18
3845 11
3851 18
3852 15
3854 8
3857 12
3863 11
3869 8
3873 13
3879 2
3890 19
3892 2
3901 18
3902 19
3904 4
3911 17
3913 11
3919 9
3920 4
3926 11
3933 11
3940 19
3942 6
3949 15
3951 3
3958 19
3960 11
3966 12
3974 1
3983 12
3990 12
3998 11
4005 2
4015 1
4025 18
4026 18
4027 12
4033 13
4038 6
4044 14
4051 20
4053 15
4055 15
4057 11
4063 17
4065 17
4067 11
4073 4
4080 17
4082 20
4084 11
4091 6
4097 9
4098 14
4104 18
4105 18
4106 18
4107 7
4110 17
4112 20
4114 15
4116 15
4118 20
4120 18
4121 16
4123 10
4125 10
4126 11
4132 3
4138 16
4140 11
4147 19
4149 21
4153 4
4161 14
4166 12
4173 5
4180 13
4185 12
4191 6
4198 11
4204 7
4206 18
4207 12
4215 12
4222 17
4224 12
4232 14
4239 17
4241 7
4244 18
4245 19
4247 10
4250 16
4252 2
4262 11
4268 18
4269 19
4271 9
4273 11
4280 5
4287 20
4289 20
4291 15
4293 11
4299 13
4304 14
4309 19
4311 15
4313 13
4318 4
4324 12
4330 12
4338 12
4346 12
4352 16
4354 8
4357 17
4359 9
4360 13
4366 14
4372 18
4373 12
4381 16
4383 19
4385 17
4387 13
4393 12
4400 11
4406 8
4410 14
4415 18
4416 12
4423 17
4425 4
4432 16
4434 12
4441 18
4442 1
4452 16
4454 6
4460 7
4462 18
4463 2
4473 15
4475 12
4482 13
4488 1
4498 5
4505 16
4507 10
4509 9
4511 10
4514 3
4520 11
4526 1
4535 3
4542 11
4548 20
4550 12
4557 17
4559 6
4566 20
4568 12
4575 21
4579 17
4581 17
4583 9
4585 18
4586 15
4588 14
4594 9
4596 12
4603 10
4605 9
4606 1
4615 18
4616 1
4625 6
4632 7
4635 14
4641 8
4644 11
4651 18
4652 11
4658 12
4665 1
4675 3
4682 13
4687 1
4697 13
4703 8
4707 11
4714 13
4720 9
4722 16
4724 9
4726 12
4732 20
4734 10
4735 13
4741 10
4744 17
4746 9
4747 8
4751 9
4752 7
4755 12
4761 7
4764 11
4771 19
4773 17
4775 18
4776 16
4778 11
4784 13
4789 4
4796 3
4803 10
4804 3
4810 18
4811 11
4818 8
4821 13
4826 14
4832 18
4833 3
4839 2
4849 12
4857 12
4865 18
4866 9
4868 5
4875 9
4877 8
4879 18
4880 7
4883 12
4890 14
4896 16
4898 12
4904 18
4905 8
4909 4
4916 5
4923 15
4925 1
4934 11
4940 7
4943 18
4944 9
4946 4
4954 10
4957 6
4964 6
4971 2
4981 17
4983 20
4985 10
4987 16
4989 11
4996 13
5002 18
5003 8
5005 18
5006 12
5013 19
5015 12
5021 11
5027 11
5034 3
5040 19
5042 1
5052 16
5054 18
5055 21
5059 13
5064 7
5066 21
5070 6
5077 1
5086 12
5092 18
5093 19
5095 17
5097 7
5099 12
5107 2
5118 18
5119 8
5121 11
5128 10
5130 13
5135 16
5137 1
5147 11
5153 11
5159 16
5161 8
5164 20
5166 9
5168 10
5170 9
5171 11
5178 18
5179 2
5188 7
5190 15
5192 17
5194 11
5200 13
5206 12
5213 3
5219 11
5225 5
5232 7
5234 3
5241 8
5245 1
5254 3
5261 16
5263 16
5265 4
5272 18
5273 5
5280 20
5282 21
5286 11
5293 10
5294 11
5301 15
5303 11
5309 18
5310 18
5311 21
5315 5
5321 14
5328 8
5331 2
5342 3
5348 11
5354 18
5355 15
5357 5
5363 11
5370 16
5372 1
5381 5
5387 17
5389 19
5391 20
5393 19
5395 10
5397 9
5399 12
5406 16
5408 20
5410 7
5413 7
5415 18
5416 18
5417 12
5423 18
5424 15
5426 7
5428 5
5435 12
5442 3
5448 15
5450 10
5452 12
5458 19
5460 19
5462 17
5464 6
5472 18
5473 11
5480 19
5482 1
5492 18
5493 2
5503 7
5506 11
5512 7
5514 21
5518 11
5524 13
5529 9
5530 9
5532 13
5537 11
5544 19
5546 17
5548 10
5549 4
5555 18
5556 17
5558 15
5560 7
5563 18
5564 11
5570 13
5575 19
5577 10
5579 3
5585 17
5587 14
5593 18
5594 3
5600 5
5607 5
5614 3
5621 20
5623 2
5633 2
5644 6
5651 6
5658 9
5660 1
5669 20
5671 15
5673 12
5680 4
5686 13
5692 21
5696 5
5703 5
5710 17
5712 3
5718 19
5720 15
5722 11
5728 13
5734 9
5736 12
5744 5
5751 8
5754 11
5761 15
5763 11
5769 21
5773 4
5780 18
5781 11
5787 4
5793 14
5798 1
5807 8
5810 12
5816 20
5818 9
5819 15
5821 12
5829 11
5835 19
5837 11
5843 17
5845 1
5854 8
5857 17
5859 1
5868 5
5875 12
5882 15
5884 19
5886 13
5891 11
5897 11
5903 21
5907 14
5912 13
5918 14
5923 18
5924 15
5926 12
5933 20
5935 9
5936 13
5941 14
5947 19
5949 20
5951 18
5952 8
5954 11
5961 18
5962 4
5969 15
5971 7
5973 9
5975 14
5980 15
5982 21
5986 1
5996 21
6000 20
6002 3
6009 11
6015 3
6021 10
6023 17
6025 1
6035 1
6044 1
6054 6
6061 5
6068 11
6074 16
6076 11
6083 13
6089 5
6096 20
6098 15
6100 12
6107 5
6114 14
6119 1
6128 9
6129 11
6135 17
6137 4
6144 2
6154 14
6159 12
6165 8
6168 5
6175 21
6179 15
6181 10
6182 9
6183 21
6187 14
6193 6
6200 19
6202 15
6204 6
6211 12
6218 21
6222 13
6227 12
6233 14
6239 21
6243 11
6250 11
6256 13
6262 7
6264 6
6271 7
6273 9
6275 18
6276 1
6285 20
6287 19
6289 2
6300 11
6306 16
6308 14
6313 11
6319 8
6322 9
6323 9
6325 11
6332 1
6341 13
6346 12
6353 7
6355 12
6362 11
6369 7
6371 5
6377 3
6384 1
6394 12
6401 20
6403 18
6404 16
6406 11
6413 11
6419 16
6421 15
6423 5
6429 18
6430 11
6436 18
6437 18
6438 1
6447 20
6449 10
6451 16
6453 14
6458 7
6461 13
6466 11
6472 16
6474 12
6481 2
6490 16
6492 18
6493 5
6499 10
6501 15
6503 7
6505 12
6512 14
6519 12
6527 8
6530 8
6533 11
6539 11
6545 19
6547 10
6549 3
6556 18
6557 13
6562 10
6564 12
6570 2
6580 11
6586 20
6588 18
6589 16
6591 4
6598 7
6600 11
6607 19
6609 17
6611 11
6618 21
6622 12
6630 2
6641 13
6646 9
6647 7
6650 12
6658 11
6664 16
6666 11
6672 9
6673 11
6680 13
6685 12
6693 9
6695 5
6701 12
6709 15
6711 12
6718 16
6720 2
6730 13
6736 18
6737 8
6739 20
6741 6
6747 1
6757 2
6766 13
6772 21
6776 4
6783 12
6790 1
6800 3
6806 16
6808 18
6809 2
6819 7
6822 4
6829 20
6831 11
6838 6
6845 12
6853 18
6854 18
6855 18
6856 8
6859 12
6867 15
6869 6
6877 8
6880 3
6886 17
6888 12
6895 20
6897 7
6900 18
6901 17
6903 9
6904 6
6912 1
6922 21
6926 20
6928 3
6934 11
6941 17
6943 11
6950 16
6952 17
6954 12
6961 8
6965 4
6972 15
6974 12
6981 10
6982 1
6991 15
6993 11
7000 6
7007 1
7016 15
7018 7
7021 6
7028 12
7035 20
7037 18
7038 15
7040 7
7042 12
7050 17
7052 3
7058 1
7067 14
7074 11
7080 16
7082 20
7084 16
7086 18
7087 3
7093 10
7095 15
7097 15
7099 6
7105 15
7107 6
7114 18
7115 18
7116 1
7126 19
7128 9
7129 11
7135 1
7144 12
7152 20
7154 17
7156 12
7163 4
7171 14
7178 10
7180 1
7189 2
7198 13
7204 11
7210 15
7212 4
7219 11
7225 9
7226 15
7228 13
7233 18
7234 3
7240 19
7242 15
7244 5
7251 16
7253 3
7259 15
7261 7
7264 11
7270 18
7271 17
7273 2
7283 12
7291 3
7298 8
7301 5
7308 19
7310 11
7316 13
7322 21
7326 21
7330 11
7337 13
7342 18
7343 7
7346 4
7353 14
7358 18
7359 16
7361 12
7369 3
7375 11
7381 2
7392 21
7396 11
7402 20
7404 3
7411 14
7416 12
7424 10
7426 9
7427 9
7429 10
7431 9
7433 15
7435 15
7437 18
7438 3
7444 18
7445 5
7451 11
7457 8
7460 18
7461 16
7463 7
7466 17
7468 12
7476 18
7477 13
7482 15
7484 5
7491 11
7498 14
7503 12
7510 4
7517 18
7518 15
7520 12
7527 17
7529 9
7531 17
7533 7
7535 12
7542 11
7548 9
7550 9
7552 6
7558 11
7564 21
7568 1
7577 18
7578 15
7580 10
7581 4
7587 5
7594 12
7601 4
7607 13
7612 11
7618 18
7619 7
7621 18
7622 2
7632 1
7642 10
7643 8
7646 2
7656 11
7662 2
7672 20
7674 20
7676 11
7683 12
7690 13
7696 17
7698 19
7700 7
7703 12
7709 14
7714 11
7721 20
7723 18
7724 3
7731 21
7735 11
7742 17
7744 11
7751 8
7754 10
7757 6
7764 15
7766 18
7767 6
7774 10
7776 16
7778 11
7785 15
7787 11
7793 12
7800 7
7803 15
7805 12
7813 9
7815 4
7823 18
7824 19
7826 18
7827 2
7837 4
7845 13
7851 18
7852 13
7857 13
7862 17
7864 12
7872 3
7879 15
7881 2
7891 1
7900 15
7902 7
7904 4
7911 20
7913 12
7921 9
7923 8
7927 11
7933 7
7935 10
7937 8
7940 16
7942 19
7944 16
7946 16
7948 5
7955 8
7957 1
7967 1
7977 16
7979 9
7980 9
7981 21
7985 6
7992 9
7994 21
7998 12
8004 21
8008 18
8009 12
8017 9
8018 1
8028 20
8030 12
8038 15
8040 12
8047 12
8055 7
8058 15
8060 4
8067 12
8073 15
8075 14
8082 15
8084 9
8086 12
8092 9
8093 19
8095 15
8097 19
8099 9
8101 10
8104 21
8108 1
8117 21
8121 16
8123 2
8134 12
8140 1
8149 6
8155 5
8161 14
8167 15
8169 1
8178 12
8184 7
8187 21
8191 18
8192 14
8197 2
8208 2
8218 9
8220 3
8226 18
8227 16
8229 9
8230 14
8237 7
8240 11
8247 18
8248 4
8254 18
8255 3
8261 18
8262 11
8268 14
8274 11
8280 21
8284 19
8286 10
8288 12
8296 8
8298 7
8301 12
8308 9
8310 15
8312 11
8318 8
8321 13
8326 9
8327 1
8336 15
8338 3
8344 14
8351 11
8357 12
8364 19
8366 4
8374 5
8380 20
8382 21
8386 7
8388 11
8395 18
8396 7
8398 4
8404 13
8409 12
8415 18
8416 11
8423 21
8427 2
8436 12
8444 6
8451 12
8457 6
8464 3
8470 11
8476 15
8478 3
8484 14
8489 8
8491 20
8493 18
8494 13
8500 11
8507 12
8514 5
8520 7
8522 9
8523 12
8531 5
8538 12
8545 8
8548 4
8555 14
8562 11
8568 9
8569 3
8575 3
8582 4
8590 16
8592 15
8594 6
8601 2
8610 11
8617 14
8623 19
8625 20
8627 11
8634 6
8640 11
8646 18
8647 16
8649 12
8656 19
8658 4
8664 12
8671 15
8673 18
8674 21
8678 4
8684 10
8685 12
8691 4
8698 9
8700 11
8707 21
8711 3
8718 13
8724 12
8731 15
8733 11
8740 20
8742 1
8752 12
8759 11
8766 6
8774 13
8779 11
8786 2
8797 3
8803 9
8805 13
8811 12
8817 1
8826 9
8827 19
8829 14
8834 13
8839 8
8842 11
8849 19
8851 2
8861 16
8863 1
8872 7
8874 13
8879 19
8881 1
8890 18
8891 13
8896 13
8901 17
8903 4
8911 5
8918 11
8925 21
8929 13
8935 7
8937 8
8940 6
8946 20
8948 3
8955 17
8957 1
8967 9
8968 7
8971 7
8974 14
8980 7
8982 19
8984 20
8986 18
8987 18
8988 6
8995 11
9002 9
9004 18
9005 12
9012 6
9018 13
9024 21
9028 4
9035 17
9037 10
9038 13
9044 21
9048 2
9057 13
9063 11
9070 18
9071 8
9073 12
9079 8
9083 19
9085 18
9086 8
9088 3
9094 16
9096 16
9098 12
9105 9
9107 14
9113 12
9119 7
9122 14
9127 4
9134 11
9140 2
9151 2
9160 14
9165 17
9167 8
9170 18
9171 12
9178 17
9180 10
9182 6
9188 13
9194 11
9201 19
9203 15
9205 19
9207 3
9213 5
9220 20
9222 12
9229 20
9231 16
9233 18
9234 11
9241 5
9247 11
9253 14
9258 13
9264 5
9270 15
9272 1
9282 9
9284 4
9290 1
9299 12
9307 18
9308 11
9314 2
9324 9
9325 10
9327 12
9335 1
9344 2
9354 12
9361 15
9363 11
9369 21
9373 17
9375 11
9381 10
9383 19
9385 4
9392 17
9394 18
9395 5
9401 6
9408 18
9409 11
9416 7
9418 20
9420 2
9430 5
9437 11
9444 2
9453 13
9459 12
9465 9
9466 2
9476 2
9485 4
9493 21
9497 21
9501 7
9504 10
9507 5
9514 7
9517 3
9523 21
9527 11
9533 11
9539 11
9545 18
9546 12
9553 15
9555 21
9559 18
9560 9
9562 9
9563 20
9565 5
9571 7
9573 8
9576 19
9578 19
9580 18
9581 13
9586 9
9588 12
9594 14
9601 14
9607 1
9617 12
9624 8
9626 11
9632 11
9639 11
9646 17
9648 18
9649 11
9655 12
9662 7
9665 15
9667 17
9669 16
9671 16
9673 3
9680 12
9687 17
9689 2
9699 11
9705 16
9707 10
9708 12
9716 15
9718 18
9719 7
9722 1
9732 16
9734 16
9736 17
9738 7
9740 11
9747 18
9748 9
9749 11
9756 18
9757 13
9762 2
9772 4
9779 11
9786 10
9789 18
9790 18
9791 11
9797 3
9803 18
9804 18
9805 12
9812 11
9819 3
9826 12
9832 11
9838 7
9841 10
9844 14
9851 14
9857 18
9858 18
9859 11
9866 17
9868 11
9874 3
9880 18
9881 21
9885 19
9887 14
9893 6
9900 11
9906 2
9915 13
9920 8
9922 12
9929 1
9938 6
9944 16
9946 12
9953 2
9964 18
9965 5
9971 8
9974 13
9979 13
9984 10
9985 15
9987 10
9988 4
9996 18
9997 17
9999 2
10010 6
10016 11
10022 11
10029 11
10036 4
10044 21
10048 13
10053 3
10060 21
10064 13
10070 21
10074 18
10075 5
10082 15
10084 12
10091 14
10098 11
10105 18
10106 4
10113 12
10119 11
10126 6
10134 1
10143 18
10144 9
10146 13
10152 19
10154 12
10160 8
10164 12
10171 21
10175 12
10182 6
10189 4
10196 2
10206 12
10213 4
10219 12
10227 17
10229 5
10236 5
10242 13
10247 18
10248 13
10253 3
10259 8
10263 8
10265 9
10267 9
10268 11
10275 20
10277 11
10283 19
10285 20
10287 18
10288 6
10296 11
10303 12
10310 12
10318 2
10328 13
10333 2
10343 8
10346 16
10348 2
10359 12
10365 5
10371 21
10375 5
10382 11
10388 2
10398 20
10400 11
10407 13
10412 14
10418 20
10420 17
10422 13
10428 4
10435 14
10440 18
10441 9
10443 11
10450 19
10452 6
10459 2
10470 13
10475 1
10485 12
10493 13
10498 20
10500 15
10502 12
10509 9
10511 10
10513 8
10515 12
10523 1
10533 9
10534 5
10540 15
10542 10
10545 7
10547 21
10551 4
10558 17
10560 5
10567 4
10574 21
10578 19
10580 17
10582 17
10584 17
10586 11
10592 19
10594 11
10601 18
10602 20
10604 4
10611 2
10620 18
10621 8
10625 20
10627 21
10631 18
10632 19
10634 18
10635 18
10636 18
10637 2
10646 20
10648 16
10650 14
10655 12
10663 6
10671 11
10678 17
10680 18
10681 18
10682 21
10686 12
10694 7
10696 14
10702 8
10705 12
10712 6
10720 19
10722 2
10732 17
10734 6
10741 13
10746 18
10747 14
10754 12
10761 4
10769 4
10775 20
10777 6
10783 9
10785 11
10792 17
10794 5
10800 18
10801 17
10803 17
10805 5
10811 11
10817 16
10819 14
10826 3
10833 19
10835 20
10837 20
10839 3
10846 18
10847 2
10856 7
10858 21
10862 2
10872 6
10878 15
10880 10
10882 11
10888 18
10889 11
10896 18
10897 19
10899 10
10900 8
10903 18
10904 1
10914 19
10916 7
10918 3
10925 13
10930 4
10936 11
10942 19
10944 5
10951 4
10957 6
10965 12
10972 21
10976 17
10978 11
10984 7
10986 12
10993 19
10995 17
10997 18
10998 15
11000 12
11006 19
11008 2
11019 6
11026 6
11032 11
11039 11
11045 2
11055 2
11066 12
11072 3
11079 4
11085 5
11092 5
11099 2
11109 6
11115 11
11121 9
11123 4
11131 6
11139 9
11141 1
11151 6
11158 1
11167 18
11168 8
11171 6
11178 11
11185 12
11192 1
11201 1
11210 20
11212 14
11218 20
11220 9
11222 8
11225 18
11226 11
11232 12
11239 21
11243 17
11245 21
11249 5
11255 15
11257 6
11264 6
11272 13
11277 16
11279 17
11281 10
11282 8
11285 9
11286 17
11288 11
11294 18
11295 11
11302 18
11303 11
11310 11
11317 18
11318 19
11320 11
11327 11
11334 2
11344 10
11346 15
11348 13
11353 6
11359 16
11361 11
11368 16
11370 11
11377 9
11379 3
11385 15
11387 8
11390 5
11396 1
11405 12
11412 13
11417 12
11424 5
11430 19
11432 19
11434 21
11438 4
11445 17
11447 7
11450 7
11452 5
11459 13
11465 16
11467 5
11474 4
11481 1
11490 17
11492 18
11493 4
11499 18
11500 12
11507 21
11511 12
11517 4
11525 19
11527 1
11536 17
11538 12
11545 9
11547 6
11554 12
11561 12
11569 10
11571 18
11572 12
11579 4
11586 6
11593 14
11599 11
11606 15
11608 13
11614 12
11620 7
11622 12
11628 9
11629 12
11637 7
11639 6
11646 21
11650 18
11651 11
11658 12
11665 6
11672 19
11674 19
11676 10
11677 10
11678 11
11685 18
11686 13
11692 9
11694 15
11696 16
11698 18
11699 11
11706 11
11713 2
11722 9
11723 18
11724 9
11725 18
11726 12
11734 19
11736 6
11742 8
11744 13
11750 4
11758 18
11759 6
11766 7
11769 9
11770 21
11774 12
11780 18
11781 13
11787 4
11794 4
11801 17
11803 21
11807 2
11818 5
11824 18
11825 10
11828 8
11831 11
11837 12
11844 7
11846 13
11851 16
11853 10
11855 3
11861 21
11865 12
11871 16
11873 3
11879 10
11881 21
11885 19
11887 4
11894 5
11901 14
11908 1
11917 12
11924 15
11926 11
11932 7
11934 5
11940 16
11942 19
11944 1
11954 2
11963 1
11972 11
11978 1
11987 1
11997 16
11999 11
12006 19
12008 11
12014 14
12020 19
12022 6
12029 13
12035 18
12036 8
12038 8
12042 15
12044 17
12046 9
12048 12
12055 12
12062 12
12070 13
12075 2
12085 14
12090 12
12098 1
12107 3
12114 3
12120 7
12123 2
12133 4
12140 5
12147 21
12151 11
12158 8
12160 12
12167 10
12169 18
12170 4
12177 18
12178 11
12184 5
12191 14
12197 13
12202 12
12210 20
12212 1
12221 14
12226 3
12232 18
12233 11
12240 16
12242 10
12245 20
12247 6
12253 7
12256 19
12258 17
12260 5
12267 18
12268 12
12275 12
12281 17
12283 8
12286 21
12290 11
12296 9
12297 12
12304 19
12306 5
12312 20
12314 12
12321 20
12323 16
12325 5
12331 14
12337 16
12339 12
12346 11
12353 18
12354 21
12358 18
12359 9
12361 3
12368 16
12370 5
12376 5
12382 15
12384 18
12385 18
12386 13
12391 15
12393 2
12404 12
12410 12
12417 17
12419 11
12426 20
12428 12
12436 12
12443 18
12444 14
12450 4
12456 7
12459 18
12460 5
12466 19
12468 11
12475 12
12483 6
12490 3
12496 18
12497 18
12498 19
12500 15
12502 3
12509 15
12511 18
12512 11
12518 19
12520 17
12522 8
12524 5
12530 18
12531 16
12533 2
12543 19
12545 11
12552 7
12555 7
12558 12
12566 12
12572 16
12574 5
12580 5
12587 14
12592 12
12598 12
12605 12
12611 17
12613 15
12615 16
12617 14
12623 12
12631 11
12637 21
12641 2
12650 8
12654 12
12661 19
12663 10
12665 10
12667 11
12673 13
12678 19
12680 11
12687 10
12689 18
12690 5
12697 5
12704 8
12707 20
12709 1
12718 12
12725 1
12734 5
12741 12
12749 11
12755 11
12761 5
12768 18
12769 15
12771 7
12774 8
12778 12
12785 16
12787 13
12793 9
12795 1
12805 1
12815 12
12823 16
12825 2
12834 9
12835 5
12841 2
12852 18
12853 18
12854 4
12861 2
12871 11
12878 8
12881 11
12887 16
12889 8
12892 12
12900 4
12906 2
12915 6
12922 7
12925 9
12926 15
12928 13
12933 8
12936 6
12944 5
12950 12
12956 4
12962 11
12969 20
12971 1
12981 12
12989 19
12991 10
12993 21
12997 5
13003 8
13005 4
13012 15
13014 7
13016 9
13017 20
13019 14
13026 8
13029 20
13031 15
13033 12
13039 11
13045 18
13046 21
13050 18
13051 6
13058 3
13064 6
13070 3
13077 12
13085 14
13092 10
13093 15
13095 14
13102 11
13109 13
13115 21
13119 11
13125 5
13132 21
13136 11
13143 9
13145 4
13153 12
13160 18
13161 10
13163 18
13164 21
13168 5
13175 21
13179 8
13182 7
13185 11
13192 1
13201 20
13203 9
13204 19
13206 4
13212 13
13218 3
13224 11
13230 15
13232 16
13234 12
13242 11
13248 12
13254 18
13255 8
13257 12
13265 1
13274 2
13284 2
13294 18
13295 2
13304 12
13310 4
13317 13
13323 18
13324 1
13333 10
13335 21
13339 20
13341 6
13349 19
13351 2
13361 10
13363 11
13369 19
13371 11
13378 17
13380 19
13382 11
13388 13
13394 19
13396 17
13398 11
13404 3
13410 18
13411 8
13413 15
13415 5
13422 9
13423 4
13430 16
13432 11
13439 3
13445 7
13448 6
13454 16
13456 18
13457 15
13459 12
13466 10
13468 18
13469 4
13476 11
13483 20
13485 12
13491 11
13497 6
13505 6
13511 9
13513 18
13514 16
13516 19
13518 15
13520 13
13525 16
13527 12
13533 1
13543 12
13549 12
13557 21
13561 15
13563 13
13569 4
13575 18
13576 17
13578 13
13584 14
13589 3
13596 21
13600 15
13602 11
13609 13
13615 8
13619 16
13621 3
13628 18
13629 5
13636 21
13640 16
13642 9
13644 4
13650 16
13652 16
13654 2
13665 20
13667 11
13673 12
13680 10
13682 17
13684 19
