2959
1 19
3 4
7 17
9 8
11 5
15 11
20 6
26 4
34 20
36 14
43 2
54 11
60 9
61 11
65 20
66 12
72 4
80 18
81 17
83 14
89 7
92 2
99 6
105 15
107 7
109 4
115 11
120 6
126 19
128 20
129 13
134 7
136 16
138 15
140 5
145 2
154 9
155 18
156 12
164 21
168 21
172 3
178 1
187 11
192 1
201 7
203 12
209 16
211 7
213 14
219 18
220 8
224 18
225 11
231 18
232 18
233 20
234 3
239 17
241 9
243 19
245 16
247 15
249 18
250 16
252 4
258 14
264 6
272 18
273 1
283 9
284 9
286 11
292 12
298 14
303 18
304 11
308 12
314 4
320 15
322 3
327 18
328 8
330 3
337 11
342 6
346 11
353 1
363 10
366 16
368 1
375 5
381 14
385 15
387 7
390 9
392 7
394 14
399 14
405 18
406 5
411 13
416 15
418 17
420 16
422 11
427 11
434 18
435 17
437 18
438 16
440 11
446 11
452 19
453 11
460 2
469 6
475 20
476 4
482 17
484 19
485 11
492 14
499 3
506 12
512 16
514 21
518 16
520 18
521 18
522 14
526 11
532 12
536 12
544 12
552 1
559 1
567 5
574 15
576 10
577 8
581 13
587 9
588 8
592 9
593 13
598 9
599 8
603 11
607 15
609 7
612 7
615 3
619 11
625 18
626 12
632 2
639 12
647 11
652 17
654 1
663 1
673 6
681 12
687 3
693 9
695 3
701 12
705 11
712 21
716 2
725 4
731 16
733 7
736 7
739 7
741 11
747 12
753 7
755 10
758 15
760 7
763 11
769 11
773 14
777 1
786 5
791 15
793 17
795 13
800 15
802 6
808 10
811 17
813 1
822 11
828 4
832 21
836 3
840 18
841 11
847 4
853 2
862 5
866 1
874 7
877 18
878 2
887 14
894 4
898 20
899 11
906 13
911 7
913 11
918 8
922 12
926 9
927 9
928 7
931 18
932 2
941 11
945 11
951 12
957 9
959 10
960 11
966 19
967 7
970 12
976 11
983 21
987 3
992 11
998 12
1006 11
1010 5
1017 1
1026 14
1033 10
1036 17
1038 12
1044 4
1050 4
1058 11
1063 10
1066 21
1070 13
1076 11
1081 11
1086 16
1088 11
1093 15
1095 4
1099 5
1106 4
1114 2
1123 12
1129 17
1131 14
1138 11
1143 13
1149 13
1153 4
1157 6
1165 1
1172 1
1179 8
1183 14
1190 6
1194 2
1203 21
1207 20
1209 11
1216 15
1218 17
1220 21
1224 18
1225 6
1229 20
1231 14
1235 10
1238 18
1239 10
1242 16
1244 12
1250 12
1258 14
1264 19
1266 4
1270 1
1278 12
1282 20
1284 8
1288 18
1289 14
1294 4
1298 14
1302 6
1308 3
1313 11
1317 3
1323 16
1325 18
1326 18
1327 13
1332 13
1336 5
1340 1
1350 3
1354 1
1363 11
1368 19
1369 19
1371 20
1372 3
1376 8
1380 8
1382 12
1388 3
1395 12
1401 12
1405 8
1407 12
1413 9
1414 2
1425 20
1426 8
1430 20
1431 18
1432 6
1438 20
1439 18
1440 20
1441 2
1450 12
1454 15
1456 17
1458 12
1462 8
1466 17
1468 14
1475 14
1481 2
1492 1
1499 8
1503 19
1505 9
1507 10
1508 15
1510 13
1514 11
1519 17
1521 16
1523 18
1524 11
1528 1
1535 17
1537 12
1541 19
1542 18
1543 15
1545 18
1546 11
1551 8
1555 12
1561 1
1569 6
1573 9
1574 11
1579 6
1585 5
1592 6
1598 12
1604 7
1606 20
1607 14
1611 21
1615 8
1619 20
1620 12
1626 14
1633 13
1637 8
1641 10
1642 11
1648 1
1657 18
1658 18
1659 12
1665 10
1666 8
1668 20
1669 12
1673 11
1680 9
1681 6
1689 12
1695 8
1699 5
1704 11
1711 11
1716 2
1727 19
1729 5
1735 18
1736 12
1744 11
1748 4
1754 16
1756 11
1763 8
1767 17
1769 3
1775 16
1777 7
1780 11
1785 3
1791 11
1795 4
1803 8
1805 17
1807 13
1811 11
1817 10
1820 15
1822 11
1829 11
1834 12
1840 15
1842 18
1843 14
1848 2
1857 7
1860 11
1864 16
1866 18
1867 4
1875 10
1878 3
1883 12
1889 18
1890 13
1895 21
1899 18
1900 4
1906 15
1908 1
1916 12
1924 16
1926 12
1932 2
1943 21
1947 9
1948 10
1949 1
1959 14
1963 14
1969 11
1975 15
1977 5
1981 5
1986 11
1992 18
1993 9
1995 18
1996 4
2004 5
2009 5
2013 11
2018 11
2025 7
2028 9
2030 10
2033 12
2037 11
2043 16
2045 4
2053 13
2057 15
2059 6
2065 8
2067 19
2069 19
2070 7
2073 19
2074 18
2075 9
2077 11
2081 11
2086 7
2089 12
2097 3
2104 21
2108 1
2115 18
2116 20
2117 14
2121 8
2125 12
2131 3
2137 4
2141 11
2146 10
2147 10
2148 1
2158 9
2160 9
2162 2
2169 6
2175 15
2177 17
2179 13
2185 18
2186 1
2195 16
2197 12
2205 11
2209 14
2213 14
2220 11
2224 6
2232 12
2238 11
2244 18
2245 18
2246 6
2252 12
2258 21
2262 10
2263 20
2265 5
2272 2
2281 14
2285 8
2289 5
2293 3
2299 11
2305 20
2307 18
2308 12
2314 11
2321 2
2330 14
2334 8
2338 11
2344 4
2350 20
2351 10
2352 10
2353 14
2358 17
2360 10
2361 11
2366 18
2367 11
2371 1
2379 7
2382 3
2387 5
2392 10
2393 12
2399 3
2406 8
2408 4
2414 14
2418 9
2419 7
2422 6
2428 11
2435 9
2437 12
2441 17
2443 3
2447 11
2452 5
2458 11
2462 18
2463 19
2464 11
2468 7
2470 4
2478 5
2483 11
2489 5
2496 17
2498 10
2501 5
2507 6
2515 16
2517 11
2524 20
2525 12
2531 18
2532 1
2539 7
2541 20
2542 19
2543 20
2545 4
2549 8
2553 17
2555 18
2556 12
2562 11
2566 5
2571 19
2572 11
2576 7
2578 12
2584 7
2587 18
2588 18
2589 16
2591 3
2596 18
2597 18
2598 12
2604 1
2614 11
2621 17
2623 10
2626 13
2630 21
2634 10
2637 5
2641 1
2648 5
2652 13
2656 2
2667 9
2669 16
2671 12
2679 5
2685 18
2686 1
2696 7
2698 18
2699 1
2706 16
2708 5
2712 5
2717 21
2721 11
2727 7
2729 3
2736 16
2738 19
2740 11
2745 12
2751 20
2753 12
2759 8
2763 10
2764 9
2765 12
2771 16
2773 10
2774 1
2783 4
2789 10
2790 8
2792 13
2797 11
2804 12
2812 9
2813 15
2815 7
2818 11
2824 5
2830 8
2834 6
2838 18
2839 1
2846 19
2847 8
2849 11
2855 12
2861 12
2865 3
2872 11
2877 7
2879 18
2880 18
2881 12
2887 2
2898 16
2900 11
2905 11
2909 8
2913 7
2916 5
2921 19
2922 15
2924 12
2928 16
2930 12
2936 19
2937 4
2945 14
2949 20
2951 4
2957 16
2959 6
2963 12
2971 19
2972 2
2981 18
2982 11
2987 12
2995 11
2999 9
3001 19
3002 17
3004 11
3011 15
3013 13
3019 2
3028 20
3029 7
3032 16
3034 8
3038 18
3039 20
3041 10
3042 19
3043 5
3048 11
3053 6
3061 6
3067 12
3073 5
3077 18
3078 21
3082 8
3086 6
3092 8
3094 20
3096 11
3102 18
3103 16
3105 11
3110 15
3112 9
3114 15
3116 8
3120 12
3124 18
3125 16
3127 12
3135 17
3137 5
3143 3
3149 1
3158 14
3164 7
3167 18
3168 18
3169 8
3173 17
3175 10
3176 20
3177 2
3186 13
3191 18
3192 19
3193 11
3197 6
3201 14
3207 9
3209 11
3214 12
3220 21
3224 4
3230 15
3232 1
3239 13
3244 18
3245 3
3249 4
3255 10
3258 20
3259 5
3266 17
3268 6
3274 12
3278 1
3286 12
3294 6
3300 20
3301 10
3304 12
3308 12
3312 11
3316 18
3317 21
3321 3
3325 9
3327 14
3334 12
3342 12
3350 11
3357 14
3363 7
3365 13
3370 9
3372 6
3378 7
3381 2
3390 21
3394 9
3396 3
3402 11
3408 14
3414 6
3422 10
3425 3
3431 7
3434 2
3443 20
3445 10
3446 9
3447 4
3453 8
3455 1
3463 17
3465 12
3473 11
3478 20
3479 2
3486 21
3490 19
3491 18
3492 6
3496 18
3497 20
3499 21
3503 16
3505 17
3507 18
3508 12
3512 15
3514 8
3518 18
3519 14
3523 3
3528 14
3532 12
3538 18
3539 9
3540 12
3546 17
3548 9
3549 14
3554 11
3559 11
3564 18
3565 15
3567 17
3569 12
3573 11
3580 15
3582 5
3586 6
3590 15
3592 10
3595 11
3601 7
3604 8
3606 3
3612 21
3616 11
3622 11
3627 11
3631 8
3633 9
3635 15
3637 18
3638 7
3640 13
3644 18
3645 18
3646 12
3650 16
3652 11
3657 21
3661 11
3665 6
3671 19
3672 9
3673 8
3677 5
3681 11
3688 2
3695 3
3702 12
3706 14
3713 2
3720 18
3721 12
3727 20
3728 13
3733 14
3737 21
3741 14
3747 20
3748 15
3750 3
3757 16
3759 18
3760 4
3766 7
3768 18
3769 16
3771 14
3776 20
3778 10
3781 11
3786 17
3788 1
3796 12
3802 17
3804 21
3808 4
3816 20
3817 11
3822 18
3823 12
3829 10
3832 11
3837 5
3842 12
3846 11
3852 8
3854 16
3856 7
3858 6
3862 12
3866 11
3873 19
3875 12
3879 3
3884 4
3892 16
3894 6
3898 7
3900 12
3906 15
3908 13
3914 20
3916 18
3917 19
3918 3
3923 10
3924 16
3926 12
3932 16
3934 3
3940 6
3946 14
3950 6
3958 20
3960 7
3962 11
3966 12
3972 2
3983 9
3985 15
3987 17
3989 13
3993 3
3999 18
4000 3
4005 14
4012 5
4016 5
4021 18
4022 17
4024 6
4030 7
4033 6
4041 7
4044 3
4050 11
4056 6
4060 4
4064 20
4065 5
4071 13
4075 4
4083 7
4086 5
4092 18
4093 1
4102 7
4105 11
4109 18
4110 20
4111 16
4113 5
4119 10
4120 16
4122 3
4126 2
4137 5
4142 6
4148 3
4155 12
4161 3
4167 15
4169 14
4175 1
4182 10
4185 19
4186 11
4190 15
4192 3
4198 7
4200 11
4206 21
4210 2
4219 19
4220 5
4225 14
4230 20
4231 6
4237 12
4243 19
4244 13
4250 18
4251 17
4253 12
4257 3
4264 5
4268 15
4270 17
4272 3
4279 6
4283 9
4284 12
4290 10
4291 21
4295 12
4301 18
4302 13
4307 18
4308 15
4310 17
4312 16
4314 9
4316 18
4317 3
4322 5
4329 14
4333 9
4334 9
4336 11
4341 8
4345 12
4349 18
4350 7
4352 12
4358 3
4362 18
4363 15
4365 2
4374 3
4380 11
4386 11
4392 17
4394 12
4402 4
4410 21
4414 7
4416 5
4421 13
4425 6
4431 10
4434 20
4436 12
4444 14
4450 11
4456 21
4460 21
4464 8
4468 14
4475 12
4481 11
4488 12
4496 20
4497 12
4503 9
4504 11
4511 18
4512 1
4521 12
4529 14
4533 3
4537 18
4538 19
4540 4
4544 12
4548 2
4555 1
4562 10
4565 18
4566 11
4571 14
4575 21
4579 2
4588 2
4597 11
4602 11
4607 11
4614 17
4616 15
4618 17
4620 14
4624 5
4631 11
4635 18
4636 21
4640 11
4644 12
4648 10
4651 14
4658 8
4660 2
4669 4
4675 7
4678 13
4683 8
4687 18
4688 7
4691 7
4693 3
4698 5
4703 21
4707 10
4708 8
4710 6
4718 11
4723 17
4725 16
4727 19
4728 11
4734 17
4736 7
4739 13
4744 11
4750 12
4756 13
4761 8
4765 5
4772 11
4776 6
4780 11
4784 11
4791 5
4798 16
4800 21
4804 11
4811 15
4813 15
4815 11
4820 12
4826 2
4833 14
4838 8
4842 21
4846 11
4850 14
4854 8
4856 12
4864 13
4869 4
4873 16
4875 9
4876 18
4877 15
4879 7
4882 13
4888 11
4895 2
4904 7
4906 13
4912 7
4914 8
4918 3
4922 8
4924 12
4932 14
4939 12
4945 5
4951 17
4953 14
4959 20
4961 9
4962 14
4966 14
4973 10
4974 7
4976 10
4979 4
4985 10
4986 6
4990 11
4994 14
4998 4
5004 11
5008 13
5013 18
5014 2
5021 12
5027 11
5032 14
5038 8
5042 6
5050 3
5055 2
5062 4
5066 3
5070 20
5071 2
5082 13
5086 13
5090 12
5098 4
5106 18
5107 11
5111 12
5115 17
5117 6
5123 17
5125 11
5129 12
5135 7
5137 6
5145 17
5147 14
5151 18
5152 12
5158 3
5162 1
5172 4
5178 19
5180 20
5182 4
5188 3
5192 6
5196 21
5200 20
5202 16
5204 12
5210 16
5212 8
5216 10
5219 6
5225 7
5227 5
5232 7
5234 11
5240 9
5241 9
5242 17
5244 18
5245 10
5246 16
5248 9
5249 21
5253 8
5257 17
5259 9
5260 21
5264 11
5268 11
5273 18
5274 20
5276 12
5284 17
5286 11
5291 11
5298 20
5300 2
5309 7
5312 15
5314 14
5318 16
5320 10
5323 8
5325 1
5334 12
5338 16
5340 1
5348 11
5353 18
5354 18
5355 8
5359 5
5365 18
5366 13
5370 13
5374 15
5376 17
5378 10
5379 8
5383 15
5385 11
5392 18
5393 12
5399 18
5400 15
5402 14
5406 17
5408 19
5410 11
5415 3
5419 21
5423 11
5430 12
5436 7
5439 20
5440 12
5448 11
5455 20
5456 11
5462 11
5468 11
5475 3
5482 1
5490 6
5496 18
5497 19
5499 15
5501 15
5503 1
5511 11
5515 18
5516 11
5522 5
5527 3
5533 12
5539 5
5544 2
5551 5
5558 7
5561 12
5567 16
5569 19
5570 3
5575 11
5580 5
5584 10
5585 10
5586 3
5592 13
5596 8
5598 3
5604 21
5608 15
5610 1
5620 12
5628 12
5636 11
5643 11
5649 9
5651 13
5655 21
5659 16
5661 3
5668 12
5674 19
5676 21
5680 16
5682 10
5685 12
5693 14
5700 18
5701 9
5703 1
5710 18
5711 10
5712 4
5718 12
5726 10
5727 1
5736 1
5745 3
5752 8
5756 5
5763 16
5765 3
5772 12
5778 14
5784 18
5785 21
5789 4
5797 13
5801 15
5803 3
5809 10
5812 3
5817 16
5819 14
5824 11
5830 13
5836 18
5837 11
5843 15
5845 12
5853 2
5862 21
5866 7
5868 16
5870 12
5878 4
5884 3
5888 2
5899 4
5905 18
5906 8
5908 11
5913 8
5915 15
5917 8
5921 1
5929 11
5936 1
5945 15
5947 20
5948 3
5952 10
5955 11
5961 16
5963 11
5968 3
5975 1
5984 15
5986 20
5987 6
5991 4
5995 13
5999 9
6001 6
6007 11
6014 18
6015 8
6017 12
6025 18
6026 18
6027 2
6038 15
6040 18
6041 2
6050 2
6057 5
6063 11
6069 16
6071 21
6075 19
6077 2
6084 18
6085 6
6089 3
6094 10
6095 10
6096 11
6100 12
6106 11
6110 1
6118 13
6124 4
6132 19
6134 10
6135 2
6144 12
6150 7
6152 11
6156 18
6157 16
6159 14
6165 8
6169 1
6178 12
6186 18
6187 11
6193 10
6194 4
6202 14
6209 11
6214 18
6215 15
6217 18
6218 15
6220 15
6222 7
6224 4
6230 6
6234 5
6239 18
6240 8
6242 3
6246 2
6255 4
6261 20
6263 12
6269 10
6272 3
6279 12
6287 21
6291 16
6293 12
6297 4
6303 11
6307 18
6308 8
6310 15
6312 16
6314 9
6316 20
6318 2
6327 19
6328 19
6330 15
6332 3
6336 14
6342 1
6350 11
6357 3
6361 7
6363 18
6364 13
6369 2
6380 1
6389 1
6398 12
6404 21
6408 21
6412 12
6418 11
6423 1
6433 2
6442 15
6444 8
6448 10
6451 16
6453 4
6457 11
6463 20
6464 20
6465 18
6466 7
6468 20
6469 16
6471 8
6475 12
6481 11
6487 3
6494 7
6497 15
6499 5
6506 11
6511 5
6515 9
6516 7
6518 20
6520 11
6526 1
6533 14
6539 2
6548 15
6550 18
6551 3
6555 20
6556 5
6560 1
6569 14
6576 18
6577 6
6583 2
6590 4
6598 4
6604 10
6605 18
6606 11
6612 17
6614 16
6616 5
6620 11
6624 15
6626 5
6633 21
6637 9
6639 17
6641 11
6647 9
6648 12
6654 8
6656 10
6657 10
6658 15
6660 15
6662 18
6663 10
6664 1
6673 1
6682 13
6688 18
6689 10
6690 12
6696 11
6702 3
6706 21
6710 3
6714 18
6715 6
6723 21
6727 1
6734 12
6740 7
6742 9
6743 3
6747 1
6755 21
6759 11
6763 2
6772 13
6777 5
6783 15
6785 16
6787 4
6795 5
6802 18
6803 18
6804 18
6805 9
6807 11
6811 12
6819 11
6824 16
6826 2
6835 12
6843 19
6845 10
6846 11
6853 14
6858 11
6863 13
6868 15
6870 18
6871 11
6876 20
6878 9
6880 9
6881 5
6887 14
6894 11
6900 16
6902 11
6908 13
6913 4
6917 10
6920 20
6921 3
6925 11
6930 21
6934 4
6940 18
6941 1
6951 1
6960 16
6962 12
6970 18
6971 17
6973 16
6975 12
6983 18
6984 4
6990 2
6999 11
7005 13
7010 1
7020 11
7025 3
7030 10
7031 18
7032 5
7037 6
7045 18
7046 18
7047 5
7052 20
7054 17
7056 18
7057 11
7063 11
7068 3
7072 8
7074 7
7076 6
7080 12
7086 12
7092 15
7094 11
7099 9
7101 13
7107 12
7115 20
7116 11
7121 11
7125 5
7129 13
7133 11
7140 5
7145 11
7151 4
7157 17
7159 10
7160 11
7164 17
7166 4
7172 18
7173 12
7181 18
7182 6
7188 14
7195 21
7199 11
7203 10
7206 20
7207 11
7212 12
7218 14
7222 2
7231 3
7237 17
7239 16
7241 11
7248 4
7254 5
7258 18
7259 6
7265 12
7271 3
7276 19
7278 18
7279 3
7284 11
7288 18
7289 10
7290 10
7293 1
7300 5
7306 11
7310 15
7312 7
7314 11
7321 21
7325 18
7326 11
7332 7
7334 9
7335 11
7339 12
7345 16
7347 12
7355 4
7361 21
7365 16
7367 11
7374 11
7381 15
7383 18
7384 5
7389 12
7393 1
7401 11
7407 1
7415 4
7423 11
7430 11
7435 11
7442 19
7443 19
7445 11
7451 10
7452 11
7459 19
7461 16
7463 5
7467 11
7472 12
7478 17
7480 18
7481 11
7488 18
7489 2
7498 11
7505 10
7506 17
7508 8
7510 11
7516 1
7523 12
7529 1
7538 3
7543 18
7544 11
7550 7
7552 16
7554 11
7559 10
7562 6
7566 11
7572 12
7578 8
7580 15
7582 12
7588 12
7592 19
7594 13
7598 11
7605 9
7606 12
7612 4
7620 5
7627 7
7630 2
7639 13
7645 3
7649 15
7651 11
7657 12
7663 18
7664 18
7665 7
7667 11
7673 2
7684 6
7688 16
7690 9
7691 4
7697 20
7698 18
7699 12
7705 1
7713 18
7714 18
7715 7
7718 1
7727 11
7734 12
7740 18
7741 8
7743 13
7747 7
7750 11
7754 3
7761 19
7762 5
7769 19
7770 12
7776 11
7782 11
7786 19
7787 16
7789 7
7791 21
7795 9
7797 21
7801 9
7803 7
7806 11
7812 7
7815 15
7817 6
7825 9
7826 2
7835 3
7839 16
7841 11
7845 15
7847 19
7848 9
7849 3
7854 6
7858 11
7865 8
7867 11
7874 4
7878 8
7880 5
7884 2
7891 10
7894 17
7896 12
7904 12
7912 11
7917 16
7919 11
7926 16
7928 2
7937 1
7946 12
7950 14
7956 18
7957 7
7960 10
7963 16
7965 4
7969 17
7971 19
7973 2
7982 12
7990 2
8001 3
8006 2
8015 14
8022 16
8024 20
8026 11
8030 2
8041 6
8049 1
8056 12
8062 2
8073 12
8081 18
8082 12
8090 8
8094 14
8100 2
8111 11
8116 18
8117 2
8124 11
8129 15
8131 2
8140 4
8146 12
8152 16
8154 11
8159 5
8165 11
8169 13
8174 18
8175 17
8177 12
8181 11
8188 9
8190 8
8192 9
8193 5
8197 9
8199 12
8207 2
8218 1
8228 21
8232 15
8234 17
8236 13
8240 4
8244 16
8246 6
8252 6
8256 3
8261 11
8268 20
8269 19
8271 12
8279 1
8288 19
8289 4
8295 20
8296 9
8297 14
8301 18
8302 6
8308 1
8316 9
8318 3
8324 13
8329 6
8335 18
8336 2
8345 19
8347 9
8348 6
8354 11
8359 18
8360 10
8363 12
8367 11
8374 9
8376 6
8382 12
8388 5
8395 9
8397 8
8401 12
8407 11
8412 15
8414 12
8418 11
8423 11
8428 19
8430 13
8434 4
8438 16
8440 2
8449 10
8452 11
8457 12
8461 6
8467 14
8473 15
8475 3
8479 19
8481 14
8488 12
8492 12
8498 21
8502 6
8508 14
8514 14
8519 19
8521 16
8523 21
8527 18
8528 18
8529 15
8531 5
8538 11
8542 17
8544 19
8545 11
8552 12
8558 18
8559 14
8566 5
8571 10
8574 12
8580 4
8586 13
8591 5
8597 8
8599 17
8601 10
8602 12
8608 6
8614 15
8616 2
8623 15
8625 18
8626 4
8632 16
8634 11
8641 12
8647 5
8653 14
8658 5
8663 14
8668 6
8672 9
8674 18
8675 2
8686 17
8688 12
8692 18
8693 4
8701 4
8705 2
8712 13
8716 4
8720 13
8726 1
8735 12
8741 15
8743 10
8746 19
8747 15
8749 8
8751 1
8759 12
8763 7
8765 1
8772 11
8778 12
8786 8
8790 11
8794 2
8803 1
8812 10
8815 6
8821 2
8828 12
8832 12
8838 18
8839 13
8845 13
8850 6
8856 7
8858 11
8863 3
8867 11
8873 3
8880 13
8884 1
8892 4
8898 6
8904 10
8907 1
8916 11
8920 3
8927 5
8932 13
8937 14
8943 4
8951 1
8959 10
8960 12
8966 11
8972 16
8974 9
8976 19
8977 16
8979 11
8986 13
8991 5
8998 11
9005 1
9013 13
9017 12
9025 18
9026 9
9027 13
9032 2
9039 4
9045 21
9049 9
9050 11
9054 4
9060 7
9063 20
9064 11
9069 11
9074 7
9077 16
9079 10
9082 11
9087 8
9089 13
9093 12
9099 15
9101 12
9105 16
9107 21
9111 19
9112 18
9113 9
9115 18
9116 9
9118 11
9124 16
9126 5
9133 11
9139 19
9140 20
9141 3
9146 12
9154 9
9155 6
9159 6
9165 18
9166 9
9168 6
9174 18
9175 11
9179 18
9180 17
9182 6
9188 8
9192 16
9194 11
9200 14
9206 12
9210 2
9221 1
9229 20
9230 5
9236 12
9244 15
9246 2
9257 15
9259 11
9264 11
9268 2
9279 9
9281 20
9283 2
9294 12
9302 15
9304 12
9308 15
9310 2
9317 11
9323 15
9325 5
9331 13
9336 13
9341 6
9347 12
9355 11
9359 14
9363 7
9365 7
9368 13
9373 6
9379 18
9380 18
9381 11
9388 12
9396 6
9400 17
9402 18
9403 18
9404 14
9408 21
9412 20
9414 11
9418 17
9420 13
9425 13
9430 21
9434 12
9440 16
9442 11
9447 7
9449 19
9451 1
9460 11
9464 21
9468 1
9477 8
9479 11
9485 11
9491 18
9492 16
9494 11
9498 18
9499 14
9504 11
9510 12
9516 4
9522 7
9524 11
9531 1
9539 11
9546 15
9548 3
9555 3
9559 4
9563 19
9564 11
9571 18
9572 10
9575 6
9579 15
9581 18
9582 1
9592 15
9594 1
9602 6
9606 17
9608 18
9609 11
9614 1
9623 4
9627 9
9628 11
9632 17
9634 4
9640 13
9646 12
9652 21
9656 17
9658 16
9660 20
9662 18
9663 1
9671 12
9677 11
9684 2
9693 7
9696 12
9700 11
9706 6
9712 3
9717 6
9723 6
9729 9
9730 18
9731 11
9737 14
9741 10
9744 11
9751 15
9753 15
9755 19
9757 9
9758 12
9766 21
9770 13
9775 11
9782 2
9791 18
9792 11
9797 11
9803 19
9804 15
9806 12
9812 18
9813 21
9817 12
9821 10
9824 7
9826 19
9828 12
9834 20
9836 16
9838 7
9840 1
9847 5
9853 11
9858 2
9865 11
9872 17
9874 18
9875 17
9877 18
9878 21
9882 11
9889 15
9891 3
9896 9
9898 4
9902 7
9905 9
9906 12
9910 18
9911 19
9913 3
9918 5
9925 15
9927 6
9935 12
9943 7
9945 4
9951 10
9954 1
9962 5
9969 14
9974 18
9975 12
9981 10
9982 8
9984 8
9988 19
9989 12
9997 14
10004 13
10009 12
10013 6
10019 17
10021 11
10026 5
10031 21
10035 17
10037 17
10039 2
10046 1
10053 11
10057 21
10061 11
10067 11
10074 3
10080 6
10088 14
10092 17
10094 16
10096 21
10100 17
10102 21
10106 20
10107 4
10113 6
10117 6
10121 20
10122 3
10128 12
10136 15
10138 17
10140 14
10144 16
10146 20
10147 6
10151 18
10152 19
10153 8
10155 14
10159 11
10165 3
10172 9
10174 12
10182 13
10188 19
10190 8
10192 2
10201 12
10207 3
10212 3
10218 16
10220 12
10228 16
10230 16
10232 5
10239 17
10241 14
10245 11
10251 16
10253 11
10259 3
10265 8
10269 12
10275 11
10280 6
10286 9
10287 11
10293 11
10298 20
10300 8
10304 15
10306 12
10312 8
10314 8
10316 10
10317 19
10319 9
10320 9
10321 18
10322 15
10324 6
10330 5
10337 12
10343 12
10347 4
10353 11
10357 12
10365 17
10367 7
10370 17
10372 11
10378 14
10384 13
10389 15
10391 9
10393 15
10395 12
10403 6
10411 8
10413 7
10416 1
10424 14
10428 11
10434 16
10436 18
10437 8
10441 18
10442 3
10449 7
10451 3
10455 13
10460 21
10464 18
10465 18
10466 14
10471 6
10479 13
10483 16
10485 13
10490 7
10492 19
10494 21
10498 19
10499 12
10505 17
10507 13
10512 11
10518 18
10519 15
10521 11
10527 16
10529 15
10531 1
10540 2
10551 18
10552 15
10554 15
10556 12
10560 21
10564 12
10568 16
10570 19
10572 12
10576 17
10578 2
10587 18
10588 6
10592 6
10598 20
10600 7
10603 12
10607 13
10611 1
10620 16
10622 12
10628 12
10634 2
10641 2
10648 9
10650 9
10651 12
10655 15
10657 6
10661 20
10663 15
10665 4
10669 10
10670 16
10672 9
10673 11
10677 2
10684 9
10686 13
10691 1
10698 12
10704 5
10709 18
10710 11
10715 8
10717 8
10719 12
10725 11
10730 13
10735 20
10737 11
10744 13
10748 5
10755 11
10761 3
10766 8
10770 12
10774 16
10776 11
10781 15
10783 5
10789 11
10795 12
10801 12
10807 2
10818 11
10823 4
10829 14
10835 4
10843 12
10849 15
10851 16
10853 7
10856 5
10860 11
10864 13
10868 20
10870 18
10871 9
10873 11
10879 2
10888 19
10890 4
10896 9
10898 19
10900 11
10907 13
10913 16
10915 9
10917 8
10921 4
10927 12
10933 2
10942 6
10948 7
10951 18
10952 6
10960 13
10965 7
10968 14
10975 18
10976 11
10981 21
10985 15
10987 15
10989 5
10995 10
10998 9
10999 8
11001 10
11004 11
11008 2
11017 9
11018 11
11023 11
11027 15
11029 3
11033 1
11040 18
11041 11
11046 16
11048 12
11056 9
11057 11
11062 20
11063 11
11068 13
11073 1
11082 18
11083 18
11084 18
11085 16
11087 9
11089 14
11095 4
11101 10
11102 3
11109 11
11113 11
11117 11
11124 2
11133 19
11135 16
11137 18
11138 18
11139 17
11141 5
11148 11
11153 17
11155 21
11159 4
11165 6
11173 8
11177 2
11188 9
11190 18
11191 20
11193 12
11201 9
11203 17
11205 2
11212 10
11215 17
11217 18
11218 13
11223 11
11227 13
11233 12
11239 6
11247 12
11255 12
11263 14
11270 10
11273 15
11275 6
11281 13
11286 14
11291 21
11295 9
11297 18
11298 15
11300 11
11305 12
11309 13
11313 2
11322 11
11327 15
11329 14
11335 7
11337 18
11338 1
11345 19
11347 6
11355 17
11357 9
11359 4
11365 16
11367 16
11369 11
11373 12
11377 1
11384 5
11389 18
11390 18
11391 3
11397 17
11399 21
11403 10
11404 7
11406 19
11407 2
11418 12
11424 8
11426 11
11433 17
11435 17
11437 12
11443 16
11445 14
11450 18
11451 12
11459 11
11463 11
11468 9
11470 2
11479 15
11481 5
11485 11
11492 13
11497 9
11498 6
11504 15
11506 11
11511 19
11512 12
11518 9
11519 11
11526 16
11528 7
11531 15
11533 5
11538 8
11540 9
11541 20
11542 11
11549 17
11551 10
11552 18
11553 11
11558 20
11560 12
11566 12
11570 18
11571 4
11579 5
11585 21
11589 2
11598 12
11604 21
11608 10
11609 8
11611 12
11617 1
11625 20
11626 9
11628 19
11629 9
11631 2
11642 15
11644 10
11647 6
11653 11
11659 2
11668 18
11669 4
11673 9
11675 2
11682 19
11683 10
11686 11
11693 20
11694 16
11696 11
11701 4
11707 15
11709 7
11712 11
11719 11
11725 3
11732 20
11734 21
11738 13
11743 11
11748 12
11752 18
11753 5
11760 20
11761 11
11765 19
11767 6
11773 18
11774 12
11782 8
11786 3
11791 19
11793 3
11799 5
11806 16
11808 20
11809 19
11810 11
11815 13
11821 18
11822 2
11829 5
11833 3
11838 16
11840 11
11845 2
11854 7
11857 8
11859 12
11865 4
11871 15
11873 13
11878 5
11883 18
11884 3
11891 1
11901 3
11905 12
11911 12
11919 19
11921 8
11925 10
11926 11
11930 15
11932 18
11933 18
11934 7
11937 2
11948 8
11950 7
11952 17
11954 15
11956 6
11962 14
11969 19
11970 9
11971 12
11979 10
11980 21
11984 2
11993 11
11999 16
12001 14
12008 10
12011 15
12013 1
12021 6
12025 7
12028 15
12030 6
12034 19
12035 1
12044 12
12050 12
12054 11
12058 3
12064 17
12066 10
12069 12
12073 11
12079 21
12083 5
12087 3
12091 20
12093 19
12095 7
12098 14
12104 7
12106 16
12108 5
12113 10
12114 12
12120 11
12125 9
12126 20
12128 17
12130 17
12132 18
12133 6
12139 6
12145 12
12149 2
12158 21
12162 1
12172 14
12179 2
12188 10
12189 5
12193 18
12194 9
12196 21
12200 1
12210 4
12216 18
12217 9
12218 3
12222 1
12229 19
12231 14
12237 3
12241 12
12245 18
12246 3
12251 14
12255 13
12259 11
12264 19
12266 6
12272 20
12273 17
12275 16
12277 9
12278 21
12282 2
12293 10
12294 11
12298 5
12304 12
12308 20
12309 5
12313 11
12318 19
12320 6
12326 13
12331 4
12337 9
12339 8
12341 15
12343 12
12351 21
12355 19
12356 18
12357 14
12364 14
12371 16
12373 14
12377 8
12381 11
12386 18
12387 1
