2959
1 11
7 7
9 4
17 14
22 21
26 18
27 2
37 7
40 12
48 11
55 7
58 1
67 9
69 12
76 11
82 18
83 8
87 2
97 15
99 21
103 21
107 20
109 14
115 17
117 9
119 12
126 10
129 13
135 16
137 7
139 7
141 18
142 8
145 12
153 21
157 9
159 11
165 4
172 16
174 12
180 11
186 13
191 9
193 2
203 17
205 4
212 3
218 11
225 18
226 4
233 8
237 4
243 7
246 21
250 20
252 4
260 1
269 21
273 19
275 11
282 10
283 17
285 12
292 7
295 4
302 20
304 8
307 4
315 18
316 20
318 12
324 7
326 5
332 15
334 17
336 13
342 12
350 13
356 9
357 13
363 8
366 10
368 16
370 8
373 11
379 19
381 11
388 20
390 9
391 20
393 11
399 14
406 21
410 8
412 15
414 8
418 10
420 10
423 18
424 18
425 18
426 6
433 2
443 20
445 16
447 9
448 15
450 19
452 5
458 7
460 11
467 20
469 11
476 12
482 14
487 17
489 1
498 15
500 12
507 4
515 3
522 8
526 18
527 6
534 3
541 18
542 7
544 2
555 18
556 2
567 11
574 5
581 5
588 16
590 14
595 18
596 6
603 4
610 8
614 13
620 19
622 14
629 18
630 13
636 5
642 5
648 12
655 9
656 15
658 11
664 14
670 11
676 14
681 16
683 12
691 7
693 2
703 9
704 5
711 9
713 21
717 7
719 12
725 12
733 15
735 3
742 12
748 11
755 19
757 11
764 20
766 3
773 20
775 2
785 8
789 11
795 20
797 18
798 18
799 15
801 11
807 16
809 5
816 11
823 10
825 9
826 5
832 20
834 11
841 1
850 10
853 15
855 6
863 3
869 14
875 9
876 19
878 21
882 11
889 18
890 12
897 9
899 5
906 4
912 5
919 18
920 21
924 2
934 4
941 1
950 16
952 17
954 12
962 3
968 6
975 1
984 6
991 6
998 12
1005 18
1006 2
1016 17
1018 9
1020 17
1022 9
1023 11
1029 18
1030 18
1031 10
1033 16
1035 16
1037 18
1038 16
1040 20
1042 7
1045 12
1051 3
1058 5
1064 17
1066 6
1072 20
1074 18
1075 16
1077 8
1081 10
1083 19
1085 16
1087 3
1093 18
1094 18
1095 20
1097 1
1106 12
1113 13
1119 12
1127 9
1129 19
1131 19
1133 15
1135 2
1145 18
1146 3
1153 19
1155 13
1160 12
1167 9
1168 21
1172 4
1178 5
1185 20
1187 2
1198 19
1200 18
1201 10
1202 16
1204 12
1211 9
1212 15
1214 12
1221 15
1223 12
1231 18
1232 9
1233 16
1235 5
1241 11
1248 3
1254 9
1255 12
1262 21
1266 18
1267 21
1271 14
1277 6
1284 17
1286 11
1293 18
1294 19
1296 10
1298 16
1300 12
1306 18
1307 5
1314 11
1320 6
1327 2
1337 15
1339 17
1341 14
1347 11
1353 11
1359 4
1366 8
1369 1
1379 10
1380 8
1383 12
1389 18
1390 20
1392 10
1394 11
1401 20
1403 13
1409 11
1416 5
1422 11
1429 10
1430 15
1432 20
1434 12
1441 12
1448 11
1455 1
1465 20
1467 10
1469 15
1471 14
1476 8
1479 21
1483 8
1486 14
1491 10
1493 21
1497 11
1504 18
1505 12
1512 14
1519 16
1521 17
1523 13
1528 7
1531 14
1537 17
1539 18
1540 12
1548 12
1555 5
1561 6
1567 1
1576 14
1582 15
1584 2
1594 19
1596 14
1602 8
1604 9
1605 1
1614 13
1620 21
1624 5
1630 1
1640 8
1642 18
1643 14
1650 7
1652 2
1661 2
1671 17
1673 8
1676 17
1678 13
1683 12
1690 12
1697 14
1704 1
1713 6
1721 11
1728 17
1730 3
1736 12
1743 8
1746 14
1752 18
1753 11
1759 20
1761 4
1769 11
1775 8
1779 18
1780 14
1785 11
1792 11
1799 12
1807 1
1817 11
1824 20
1826 19
1828 15
1830 1
1839 21
1843 10
1844 18
1845 18
1846 12
1852 6
1858 14
1864 19
1866 20
1868 12
1875 12
1883 6
1889 2
1900 11
1906 5
1913 21
1917 5
1923 4
1930 2
1941 13
1946 13
1952 18
1953 12
1961 12
1967 3
1973 6
1980 14
1985 16
1987 11
1993 6
2001 16
2003 12
2009 18
2010 16
2012 12
2020 7
2023 15
2025 11
2031 11
2038 20
2040 9
2042 14
2049 11
2055 18
2056 2
2067 12
2074 14
2080 11
2087 10
2089 8
2091 7
2093 17
2095 5
2101 21
2105 15
2107 16
2109 20
2111 9
2113 12
2121 17
2123 21
2127 5
2133 11
2140 18
2141 5
2148 7
2151 12
2157 12
2164 16
2166 9
2168 13
2174 14
2180 19
2182 2
2193 21
2197 11
2204 11
2210 8
2213 12
2219 13
2224 2
2234 15
2236 8
2238 15
2240 18
2241 11
2248 4
2255 8
2257 12
2263 14
2269 1
2278 20
2280 18
2281 12
2288 3
2295 16
2297 16
2299 15
2301 10
2303 8
2306 6
2313 12
2321 16
2323 19
2325 5
2332 21
2336 11
2342 9
2343 14
2348 19
2350 12
2356 4
2362 12
2369 10
2371 15
2373 11
2380 15
2382 18
2383 9
2384 12
2392 8
2394 18
2395 2
2406 15
2408 1
2417 12
2424 18
2425 7
2427 14
2434 4
2440 16
2442 15
2444 11
2450 12
2457 11
2463 2
2473 12
2480 15
2482 21
2486 12
2494 18
2495 12
2502 4
2509 12
2516 6
2522 21
2526 17
2528 14
2533 1
2543 6
2550 11
2557 12
2563 16
2565 2
2576 11
2583 5
2589 12
2596 10
2598 18
2599 20
2601 2
2611 18
2612 11
2618 9
2619 10
2620 1
2630 19
2632 11
2638 4
2645 18
2646 12
2654 7
2656 21
2660 8
2663 14
2670 13
2675 11
2682 3
2688 18
2689 12
2696 8
2700 19
2702 1
2711 12
2719 6
2726 5
2733 19
2735 19
2737 4
2744 17
2746 12
2753 21
2757 2
2766 18
2767 16
2769 18
2770 9
2772 14
2778 9
2779 19
2781 5
2787 5
2794 12
2801 2
2812 18
2813 10
2814 10
2816 12
2824 18
2825 16
2827 6
2833 8
2835 16
2837 15
2839 11
2846 18
2847 19
2849 6
2856 11
2863 11
2870 1
2880 16
2882 17
2884 11
2891 15
2893 17
2895 1
2905 11
2911 18
2912 12
2918 11
2925 12
2931 7
2933 20
2935 14
2941 21
2945 1
2954 11
2960 18
2961 5
2967 18
2968 15
2970 3
2977 5
2983 6
2989 19
2991 11
2998 5
3005 20
3007 20
3009 5
3015 11
3021 21
3025 10
3027 18
3028 12
3034 6
3042 13
3047 15
3049 1
3059 13
3064 2
3074 16
3076 3
3083 6
3091 13
3097 12
3104 14
3111 9
3112 21
3116 19
3118 21
3122 17
3124 13
3130 11
3136 11
3142 13
3148 10
3151 14
3157 9
3158 3
3164 16
3166 21
3170 19
3172 8
3174 11
3180 20
3182 13
3187 19
3189 19
3191 14
3197 12
3203 16
3205 2
3215 17
3217 8
3220 6
3227 19
3229 13
3235 15
3237 2
3247 20
3249 15
3251 17
3253 1
3262 13
3268 19
3270 7
3273 12
3281 18
3282 16
3284 12
3291 21
3295 11
3302 11
3309 13
3314 4
3321 19
3323 7
3325 9
3327 5
3334 20
3336 18
3337 18
3338 2
3349 3
3356 9
3358 7
3361 5
3367 8
3369 12
3375 11
3382 18
3383 11
3390 11
3397 10
3399 18
3400 18
3401 21
3405 13
3411 12
3419 15
3421 14
3426 10
3428 11
3435 11
3441 11
3448 10
3450 14
3456 20
3458 8
3462 13
3467 1
3476 13
3481 13
3486 16
3488 11
3494 18
3495 11
3502 17
3504 12
3511 13
3516 16
3518 15
3520 6
3527 3
3534 7
3536 17
3538 15
3540 18
3541 12
3548 7
3550 13
3556 1
3566 20
3568 1
3578 18
3579 4
3586 15
3588 11
3595 8
3599 2
3608 7
3611 16
3613 6
3621 2
3631 19
3633 20
3635 16
3637 19
3639 18
3640 12
3647 21
3651 12
3658 8
3661 12
3668 15
3670 11
3677 10
3678 2
3687 13
3693 18
3694 11
3700 14
3705 4
3712 11
3718 20
3720 21
3724 11
3731 1
3741 8
3743 12
3751 18
3752 20
3754 18
3755 14
3761 7
3764 11
3771 3
3778 17
3780 9
3782 18
3783 11
3790 4
3797 16
3799 14
3805 6
3812 17
3814 18
3815 16
3817 6
3823 8
3826 12
3833 5
3839 6
3845 8
3848 13
3854 16
3856 15
3858 5
3864 13
3870 14
3876 17
3878 12
3886 12
3892 11
3898 10
3900 15
3902 1
3912 18
3913 19
3915 19
3917 11
3923 15
3925 5
3932 7
3935 14
3942 11
3948 12
3954 18
3955 15
3957 17
3959 16
3961 1
3970 21
3974 18
3975 17
3977 4
3985 9
3987 12
3995 3
4001 17
4003 21
4007 18
4008 11
4014 16
4016 11
4022 3
4029 9
4031 4
4039 12
4046 6
4053 18
4054 4
4060 9
4061 19
4063 15
4065 12
4071 15
4073 5
4080 12
4087 15
4089 10
4090 2
4100 7
4102 18
4103 11
4109 1
4118 6
4124 14
4131 16
4133 18
4134 7
4136 3
4143 12
4151 11
4158 4
4165 3
4171 15
4173 13
4178 16
4180 2
4189 2
4200 16
4202 15
4204 11
4210 21
4214 6
4220 11
4226 14
4232 12
4240 19
4242 11
4248 13
4254 16
4256 1
4265 15
4267 21
4271 1
4281 2
4291 15
4293 19
4295 9
4297 17
4299 12
4305 12
4312 17
4314 18
4315 16
4317 6
4323 18
4324 15
4326 21
4330 4
4338 3
4344 13
4350 13
4355 1
4365 7
4367 13
4372 18
4373 12
4380 15
4382 12
4390 11
4396 16
4398 8
4401 19
4403 8
4407 11
4413 7
4416 18
4417 8
4421 7
4424 15
4426 4
4433 18
4434 11
4441 10
4442 12
4449 12
4455 2
4465 3
4471 6
4478 13
4483 12
4491 12
4497 6
4505 15
4507 11
4514 15
4516 11
4522 18
4523 9
4525 18
4526 17
4528 12
4535 19
4537 8
4540 16
4542 18
4543 21
4547 12
4555 13
4561 8
4565 18
4566 12
4574 13
4579 11
4586 21
4590 16
4592 1
4601 14
4607 12
4614 7
4617 16
4619 11
4625 17
4627 11
4633 11
4639 11
4645 11
4652 14
4658 11
4664 12
4671 1
4681 20
4683 11
4689 11
4695 11
4702 19
4704 1
4714 4
4722 19
4724 12
4730 16
4732 5
4738 3
4744 17
4746 12
4753 11
4759 11
4766 11
4773 1
4782 11
4789 19
4791 14
4798 11
4805 2
4815 15
4817 21
4821 16
4823 11
4829 9
4830 17
4832 18
4833 1
4842 10
4844 12
4850 12
4856 18
4857 13
4863 11
4869 15
4871 6
4878 12
4885 17
4887 12
4895 9
4897 9
4899 19
4901 9
4902 3
4908 18
4909 11
4915 17
4917 19
4919 5
4926 5
4933 14
4939 12
4945 14
4952 19
4954 16
4956 13
4962 12
4970 2
4980 21
4984 4
4992 11
4999 3
5005 14
5012 11
5019 13
5025 11
5032 11
5039 15
5041 12
5048 15
5050 16
5052 5
5059 12
5067 17
5069 4
5076 8
5080 10
5082 9
5083 13
5089 4
5096 11
5102 9
5104 14
5109 12
5117 6
5124 21
5128 1
5137 11
5144 1
5154 9
5156 11
5162 11
5169 15
5171 16
5173 13
5178 3
5185 13
5190 7
5192 16
5194 21
5198 11
5204 10
5206 12
5213 17
5215 12
5222 18
5223 12
5230 13
5236 8
5238 12
5246 11
5252 21
5256 9
5257 18
5258 20
5260 6
5266 15
5268 21
5272 4
5278 12
5286 1
5296 2
5306 12
5312 3
5319 15
5321 21
5325 19
5327 20
5329 12
5336 18
5337 12
5343 12
5351 21
5355 5
5361 1
5371 9
5372 12
5378 3
5384 11
5391 19
5393 8
5396 13
5401 2
5411 9
5413 12
5419 12
5425 8
5427 18
5428 10
5430 7
5433 3
5440 11
5446 21
5450 2
5460 11
5466 13
5471 16
5473 18
5474 20
5476 11
5483 3
5490 15
5492 14
5498 18
5499 21
5503 15
5505 13
5510 10
5512 18
5513 8
5516 20
5518 1
5527 8
5531 13
5536 15
5538 3
5545 18
5546 12
5552 1
5561 9
5563 8
5566 4
5572 12
5579 14
5585 21
5589 18
5590 12
5598 7
5601 12
5607 6
5614 4
5621 8
5623 11
5630 12
5636 2
5645 6
5653 14
5660 11
5667 21
5671 15
5673 11
5679 11
5686 11
5693 9
5694 18
5695 20
5697 21
5701 7
5703 10
5704 17
5706 13
5711 21
5715 13
5721 20
5723 20
5725 1
5734 12
5740 2
5749 19
5751 17
5753 5
5759 18
5760 20
5762 17
5764 9
5765 21
5769 14
5776 17
5778 16
5780 2
5790 19
5792 3
5798 11
5804 12
5811 16
5813 7
5815 20
5817 11
5824 8
5827 1
5836 21
5840 3
5846 21
5850 19
5852 15
5854 19
5856 11
5862 16
5864 11
5871 17
5873 1
5883 19
5885 18
5886 10
5887 12
5893 20
5895 21
5899 11
5905 13
5911 2
5922 14
5927 5
5933 8
5936 14
5943 2
5953 6
5960 11
5966 7
5968 20
5970 9
5971 18
5972 2
5982 7
5985 11
5991 20
5993 10
5995 14
6002 1
6012 4
6018 21
6022 16
6024 14
6031 10
6033 15
6035 2
6045 12
6053 16
6055 3
6062 18
6063 10
6066 12
6074 19
6076 4
6084 7
6086 15
6088 20
6090 7
6093 9
6095 20
6097 20
6099 8
6103 11
6109 11
6116 18
6117 19
6119 13
6125 18
6126 18
6127 2
6137 11
6143 8
6145 14
6151 18
6152 14
6159 4
6165 9
6166 4
6174 8
6178 17
6180 20
6182 11
6189 17
6191 18
6192 6
6198 2
6207 6
6215 21
6219 8
6222 8
6224 8
6227 7
6230 4
6236 8
6240 6
6246 9
6248 2
6258 21
6262 3
6268 21
6272 3
6278 20
6280 6
6286 18
6287 11
6293 14
6299 6
6306 3
6312 18
6313 20
6315 2
6324 17
6326 17
6328 16
6330 11
6337 11
6343 2
6354 4
6361 17
6363 3
6369 21
6373 12
6381 12
6387 9
6389 10
6392 12
6398 4
6405 20
6407 4
6414 1
6423 18
6424 9
6426 11
6432 14
6438 12
6445 19
6447 12
6453 12
6461 14
6466 1
6475 13
6481 16
6483 7
6486 20
6488 1
6497 3
6503 2
6513 17
6515 10
6517 20
6519 11
6525 11
6532 9
6534 9
6535 4
6543 18
6544 13
6549 18
6550 19
6552 21
6556 13
6561 10
6563 1
6572 15
6574 18
6575 12
6582 11
6589 4
6597 1
6607 14
6612 2
6622 6
6629 6
6636 18
6637 5
6643 12
6650 7
6653 6
6661 18
6662 14
6668 8
6672 7
6674 11
6680 16
6682 3
6689 21
6693 14
6699 11
6705 15
6707 4
6714 19
6716 12
6722 2
6733 10
6735 4
6743 11
6749 8
6751 13
6757 8
6760 1
6769 18
6770 7
6773 15
6775 7
6777 17
6779 3
6786 17
6788 1
6798 12
6806 10
6807 10
6809 12
6816 10
6817 18
6818 4
6826 18
6827 3
6834 3
6841 8
6844 7
6846 9
6847 1
6856 11
6863 4
6870 11
6877 7
6879 15
6881 15
6883 3
6890 12
6898 4
6906 9
6908 10
6911 17
6913 4
6919 9
6920 1
6930 11
6937 17
6939 8
6943 11
6950 21
6954 11
6961 11
6968 9
6970 1
6980 16
6982 15
6984 16
6986 1
6996 12
7003 4
7010 10
7011 6
7018 1
7028 12
7035 3
7041 10
7043 13
7048 11
7055 19
7057 10
7060 11
7067 1
7076 17
7078 20
7080 7
7082 20
7084 7
7087 14
7094 18
7095 2
7104 21
7108 17
7110 16
7112 8
7115 4
7122 3
7129 5
7135 20
7137 11
7143 6
7151 4
7158 5
7164 11
7170 12
7178 9
7180 11
7187 12
7194 4
7200 9
7202 12
7210 12
7217 13
7222 4
7229 12
7235 18
7236 14
7241 18
7242 12
7250 19
7252 16
7254 15
7256 12
7262 11
7268 15
7270 1
7280 16
7282 18
7283 12
7291 9
7293 11
7300 16
7302 14
7309 11
7316 11
7323 16
7325 12
7332 18
7333 20
7335 15
7337 20
7339 5
7346 16
7348 7
7350 11
7357 15
7359 12
7366 2
7375 11
7382 12
7390 11
7396 7
7399 4
7406 12
7414 4
7420 13
7425 16
7427 6
7435 1
7445 4
7453 8
7455 7
7457 12
7463 12
7469 12
7476 11
7483 16
7485 3
7492 13
7497 10
7499 9
7500 4
7506 8
7509 10
7510 11
7517 21
7521 21
7525 12
7531 10
7532 7
7535 12
7543 6
7549 20
7551 15
7553 10
7555 12
7562 8
7566 21
7570 1
7580 15
7582 16
7584 18
7585 19
7587 7
7589 2
7598 14
7604 16
7606 5
7612 2
7623 3
7630 13
7636 14
7642 11
7649 11
7656 5
7663 4
7669 19
7671 4
7679 9
7680 5
7687 12
7694 13
7700 14
7705 10
7708 3
7714 20
7716 8
7719 10
7720 12
7728 4
7735 11
7741 1
7750 17
7752 18
7753 19
7755 13
7760 11
7767 13
7772 11
7778 11
7784 10
7786 12
7793 3
7800 14
7806 12
7813 3
7820 11
7827 8
7829 12
7836 11
7842 21
7846 16
7848 15
7850 4
7858 11
7864 4
7871 19
7873 3
7879 4
7886 21
7890 15
7892 21
7896 16
7898 12
7904 12
7910 1
7920 18
7921 11
7927 15
7929 10
7930 11
7937 10
7939 18
7940 20
7942 8
7944 14
7951 9
7952 19
7954 14
7960 8
7963 13
7968 17
7970 10
7972 19
7974 9
7975 20
7977 3
7983 10
7985 11
7991 11
7998 11
8005 21
8009 21
8013 20
8015 12
8022 20
8024 11
8030 16
8032 9
8033 18
8034 12
8042 21
8046 11
8052 8
8054 21
8058 17
8060 14
8065 8
8067 1
8077 10
8079 16
8081 12
8089 11
8096 11
8102 17
8104 12
8111 12
8119 18
8120 3
8126 12
8132 10
8134 16
8136 8
8139 21
8143 12
8150 14
8156 12
8164 12
8172 15
8174 17
8176 13
8182 11
8189 13
8195 21
8199 11
8205 11
8212 18
8213 15
8215 10
8216 7
8218 5
8225 12
8232 3
8239 17
8241 7
8243 4
8251 10
8253 14
8259 12
8265 3
8271 11
8278 4
8285 18
8286 16
8288 6
8294 2
8304 11
8310 11
8317 14
8324 8
8326 11
8332 18
8333 15
8335 2
8345 12
8351 20
8353 3
8360 21
8364 6
8371 11
8377 11
8384 2
8394 4
8401 14
8407 17
8409 15
8411 12
8418 11
8424 17
8426 19
8428 17
8430 21
8434 13
8440 4
8446 4
8453 8
8455 10
8458 10
8460 18
8461 12
8468 2
8479 7
8481 11
8488 21
8492 17
8494 19
8496 2
8506 17
8508 12
8515 12
8522 6
8529 3
8535 7
8538 6
8546 18
8547 12
8554 2
8564 3
8570 20
8572 4
8578 13
8584 21
8588 6
8595 11
8601 11
8607 4
8614 12
8620 8
8622 18
8623 10
8625 14
8632 11
8639 10
8642 11
8649 21
8653 15
8655 3
8662 9
8663 15
8665 18
8666 3
8672 19
8674 13
8679 4
8685 19
8687 12
8693 5
8699 5
8705 11
8711 21
8715 15
8717 11
8723 20
8725 4
8731 11
8738 11
8745 21
8749 2
8760 12
8766 12
8774 16
8776 11
8782 8
8784 3
8791 10
8794 10
8797 6
8804 7
8806 18
8807 14
8813 15
8815 18
8816 12
8824 9
8826 11
8833 11
8840 12
8846 12
8854 4
8861 21
8865 13
8870 7
8872 21
8876 14
8882 6
8890 11
8897 12
8903 11
8909 20
8911 17
8913 17
8915 2
8924 7
8927 7
8929 6
8935 18
8936 4
8944 4
8951 18
8952 5
8959 7
8962 1
8971 8
8973 17
8975 21
8979 21
8983 2
8992 11
8999 12
9006 21
9010 21
9014 2
9024 12
9031 2
9041 16
9043 19
9045 20
9047 20
9049 18
9050 10
9052 10
9054 19
9056 5
9063 11
9069 6
9076 6
9082 3
9089 18
9090 14
9096 16
9098 10
9099 18
9100 1
9110 18
9111 12
9118 18
9119 8
9122 4
9130 6
9138 11
9145 11
9152 2
9162 12
9169 9
9170 12
9178 20
9180 12
9188 13
9193 11
9200 2
9211 8
9214 16
9216 5
9222 5
9228 17
9230 11
9236 12
9243 16
9245 6
9251 12
9258 17
9260 18
9261 12
9267 16
9269 14
9275 18
9276 20
9278 15
9280 11
9287 18
9288 6
9295 12
9303 14
9310 8
9314 18
9315 4
9323 11
9329 19
9331 9
9332 6
9339 16
9341 19
9343 3
9349 11
9356 12
9363 10
9365 6
9372 11
9378 19
9380 12
9387 18
9388 11
9395 12
9402 18
9403 21
9407 18
9408 5
9414 5
9421 12
9427 19
9429 15
9431 16
9433 11
9440 13
9446 1
9456 17
9458 1
9467 17
9469 5
9475 8
9478 2
9489 7
9491 5
9497 12
9504 17
9506 17
9508 18
9509 5
9516 2
9525 10
9526 18
9527 7
9530 10
9531 10
9532 18
9533 11
9539 21
9543 17
9545 3
9552 20
9554 7
9557 18
9558 20
9560 17
9562 3
9569 13
9575 12
9583 10
9586 9
9588 5
9594 7
9596 20
9598 21
9602 7
9605 19
9607 12
9614 21
9618 5
9624 16
9626 8
9630 6
9636 19
9638 16
9640 16
9642 2
9652 10
9653 16
9655 16
9657 11
9663 8
9667 11
9674 4
9681 4
9688 11
9694 6
9702 18
9703 16
9705 2
9714 19
9716 2
9727 17
9729 10
9730 12
9736 18
9737 11
9743 15
9745 5
9752 19
9754 14
9761 11
9767 12
9773 12
9780 7
9783 12
9789 7
9792 7
9794 7
9796 11
9802 19
9804 16
9806 3
9813 10
9815 13
9821 7
9823 9
9825 1
9835 8
9839 16
9841 20
9843 16
9845 12
9852 15
9854 19
9856 1
9865 15
9867 16
9869 1
9878 20
9880 1
9890 15
9892 15
9894 17
9896 20
9898 21
9902 12
9908 18
9909 9
9910 1
9919 18
9920 9
9922 15
9924 12
9932 9
9933 8
9936 12
9943 12
9950 8
9952 9
9953 7
9955 4
9963 12
9971 11
9977 12
9984 3
9990 4
9997 21
10001 11
10007 17
10009 4
10016 3
10023 2
10033 11
10040 1
10050 11
10057 4
10064 14
10071 18
10072 12
10080 9
10082 16
10084 12
10091 11
10098 11
10104 11
10110 20
10112 4
10119 2
10130 11
10137 9
10139 12
10145 7
10148 18
10149 11
10156 11
10163 17
10165 17
10167 15
10169 9
10170 20
10172 18
10173 19
10175 18
10176 7
10178 1
10188 18
10189 15
10191 2
10201 12
10207 13
10213 15
10215 1
10224 18
10225 14
10232 12
10238 4
10245 8
10248 14
10254 21
10258 20
10260 11
10266 12
10273 3
10280 18
10281 9
10282 17
10284 16
10286 10
10287 4
10294 18
10295 5
10302 14
10309 4
10316 20
10318 17
10320 7
10322 6
10329 16
10331 11
10338 15
10340 18
10341 11
10347 11
10354 11
10360 19
10362 12
10369 18
10370 17
10372 18
10373 10
10375 18
10376 3
10383 21
10387 16
10389 6
10397 14
10404 4
10410 9
10411 13
10417 18
10418 21
10422 11
10428 13
10434 1
10444 9
10446 12
10454 12
10462 20
10464 4
10470 14
10476 8
10480 14
10486 9
10488 19
10490 21
10494 4
10500 11
10507 2
10518 4
10524 8
10527 11
10533 5
10540 10
10542 17
10544 14
10549 21
10553 15
10555 8
10559 10
10562 15
10564 17
10566 15
10568 11
10574 12
10581 14
10587 18
10588 5
10594 14
10600 16
10602 2
10611 11
10618 16
10620 1
10630 5
10637 12
10643 18
10644 12
10651 10
10653 12
10660 17
10662 9
10664 1
10674 11
10681 1
10690 9
10692 16
10694 19
10696 11
10702 12
10710 20
10712 20
10714 21
10718 14
10723 11
10729 18
10730 13
10736 11
10742 5
10748 20
10750 11
10756 20
10758 5
10765 20
10767 15
10769 17
10771 8
10774 16
10776 17
10778 9
10779 2
10789 9
10791 12
10798 12
10805 10
10807 12
10814 10
10815 12
10822 12
10830 19
10832 3
10839 10
10840 12
10848 11
10854 12
10860 11
10866 9
10867 5
10873 4
10881 11
10887 19
10889 17
10891 12
10898 8
10902 5
10909 6
10916 6
10923 5
10930 10
10932 18
10933 5
10939 4
10946 12
10953 18
10954 16
10956 11
10963 9
10965 16
10967 3
10973 5
10979 11
10986 8
10989 15
10991 9
10992 15
10994 11
11000 19
11002 14
11008 2
11019 20
11021 9
11023 5
11029 11
11036 18
11037 19
11039 1
11048 19
11050 12
11057 18
11058 15
11060 18
11061 15
11063 10
11065 13
11070 17
11072 4
11078 21
11082 7
11084 12
11092 2
11103 15
11105 11
11111 4
11118 11
11124 11
11130 1
11139 11
11145 21
11149 5
11156 8
11158 11
11164 18
11165 7
11168 11
11174 20
11176 11
11182 5
11188 18
11189 10
11191 20
11193 1
11202 9
11203 11
11210 5
11217 17
11219 18
11220 9
11221 21
11225 16
11227 11
11234 21
11238 17
11240 16
11242 9
11244 12
11250 7
11252 21
11256 12
11262 12
11269 6
11277 12
11285 1
11294 5
11301 18
11302 11
11309 4
11315 11
11322 6
11329 3
11336 15
11338 18
11339 4
11346 21
11350 15
11352 16
11354 16
11356 4
11362 11
11369 19
11371 1
11381 15
11383 18
11384 5
11390 21
11394 11
11400 18
11401 14
11407 21
11411 10
11412 21
11416 12
11422 12
11430 20
11432 12
11439 19
11441 19
11443 17
11445 2
11455 21
11459 16
11461 11
11468 17
11470 9
11471 17
11473 11
11479 17
11481 6
11488 6
11496 16
11498 1
11507 12
11514 19
11516 11
11523 4
11530 13
11535 10
11538 18
11539 8
11543 13
11549 5
11555 11
11561 20
11563 16
11565 16
11567 12
11573 12
11579 15
11581 12
11589 21
11593 11
11599 8
11603 3
11609 3
11616 12
11622 11
11628 6
11635 2
11645 11
11651 19
11653 16
11655 10
11657 16
11659 9
11661 1
11671 5
11678 1
11687 11
11694 15
11696 2
11705 15
11707 18
11708 12
11715 19
11717 15
11719 15
11721 14
11727 2
11737 10
11738 17
11740 11
11747 8
11751 21
11755 19
11757 11
11763 4
11770 21
11774 13
11779 8
11782 12
11789 18
11790 4
11797 11
11803 4
11810 5
11816 21
11820 15
11822 15
11824 6
11831 15
11833 12
11841 5
11848 11
11855 15
11857 2
11868 11
11875 18
11876 1
11885 6
11892 4
11900 14
11907 12
11914 1
11923 8
11926 7
11929 4
11936 18
11937 12
11944 13
11950 11
11957 11
11963 16
11965 13
11971 19
11973 5
11980 8
11983 12
11991 20
11993 14
11998 6
12005 3
12011 10
12013 18
12014 11
12021 2
12030 11
12036 12
12042 7
12044 9
12045 9
12046 10
12047 7
12050 11
12057 16
12059 12
12066 14
12073 3
12080 14
12086 13
12091 11
12098 12
12105 7
12107 12
12114 21
12118 3
12124 18
12125 15
12127 9
12129 5
12136 6
12143 21
12147 6
12153 12
12160 21
12164 7
12167 21
12171 14
12177 8
12181 18
12182 21
12186 10
12187 7
12189 12
12195 14
12201 18
12202 3
12209 4
12216 14
12223 16
12225 15
12227 10
12229 10
12231 6
12238 11
12245 12
12251 12
12257 12
12263 12
12269 4
12276 10
12278 16
12280 13
12285 18
12286 12
12292 19
12294 19
12296 3
12302 11
12308 10
12310 14
12316 1
12326 5
12332 10
12334 11
12341 9
12342 5
12348 17
12350 5
12357 13
12363 17
12365 18
12366 10
12369 17
12371 17
12373 12
12380 14
12386 11
12393 4
12399 15
12401 12
12408 5
12415 11
12421 6
12428 4
12436 11
12443 2
12454 11
12460 14
12466 17
12468 8
12471 18
12472 5
12478 12
12484 11
12491 17
12493 18
12494 11
12501 10
12504 8
12507 9
12509 17
12511 16
12513 16
12515 11
12522 11
12528 15
12530 18
12531 18
12532 10
12533 11
12540 1
12549 10
12551 11
12557 20
12559 3
12565 20
12567 11
12574 12
12580 18
12581 20
12583 6
12590 13
12596 21
12600 12
12608 18
12609 12
12615 2
12625 12
12631 7
12634 18
12635 11
12642 15
12644 7
12647 18
12648 18
12649 11
12656 3
12662 12
12669 11
12676 9
12677 12
12683 21
12687 11
12694 16
12696 6
12702 21
12706 4
12714 4
12722 12
12729 20
12731 12
12739 12
12747 2
12758 4
12765 4
12772 8
12774 10
12777 7
12779 14
12785 20
12787 8
12791 8
12794 12
12801 18
12802 5
12808 5
12814 6
12820 21
12824 3
12830 18
12831 6
12837 2
12846 16
12848 11
12855 11
12862 4
12870 14
12876 11
12882 9
12884 9
12886 11
12892 11
12898 21
12902 1
12912 11
12918 11
12925 18
12926 16
12928 12
12936 16
12938 8
12940 12
12947 12
12954 18
12955 14
12962 19
12964 16
12966 3
12973 15
12975 9
12976 11
12982 17
12984 1
12994 13
13000 17
13002 21
13006 1
13015 1
13025 12
13032 5
13039 9
13040 12
13047 11
13054 10
13057 6
13063 20
13065 13
13070 11
13077 5
13084 9
13085 16
13087 8
13090 3
13097 16
13099 18
13100 11
13106 20
13108 3
13115 19
13117 15
13119 20
13121 5
13128 7
13130 12
13137 21
13141 18
13142 15
13144 12
13151 10
13152 16
13154 11
13160 12
13166 15
13168 14
13173 5
13180 21
13184 17
13186 10
13189 3
13196 18
13197 17
13199 19
13201 9
13203 15
13205 18
13206 4
13213 9
13215 8
13219 4
13227 15
13229 15
13231 5
13238 13
13244 21
13248 10
13250 2
13261 12
13268 14
13275 4
13283 13
13288 13
13294 21
13298 20
13300 16
13302 21
13306 1
13315 3
13322 17
13324 18
13325 10
13327 5
13334 17
13336 3
13343 14
13349 6
13356 10
13357 6
13364 1
13373 9
13375 20
13377 16
13379 11
13385 20
13387 7
13390 9
13392 5
13398 11
13404 14
13411 17
13413 9
13414 18
13415 11
13422 2
13432 19
13434 6
13441 4
13449 6
13456 1
13465 17
13467 4
13473 9
13474 19
13476 14
13483 10
13485 14
13491 18
13492 9
13494 21
13498 12
13506 13
13511 20
13513 14
13519 12
13527 16
13529 5
13535 12
13541 1
13550 17
13552 16
13554 11
13560 6
13568 12
13575 12
13582 17
13584 11
13591 14
13597 17
13599 21
13603 6
13610 4
13617 4
13624 18
13625 18
13626 11
13633 12
13641 7
13644 13
13650 11
13657 2
13668 10
13671 4
13678 11
13684 10
13687 15
