2959
1 11
7 7
9 4
17 14
22 21
26 18
27 2
38 7
41 12
49 11
56 7
59 1
68 9
70 12
78 11
84 18
85 8
89 2
100 15
102 21
106 21
110 20
112 14
119 17
121 9
123 12
131 10
134 13
140 16
142 7
144 7
146 18
147 8
149 12
157 21
161 9
163 11
169 4
175 16
177 12
183 11
189 13
194 9
196 2
205 17
207 4
213 3
219 11
226 18
227 4
235 8
239 4
245 7
248 21
252 20
254 4
262 1
271 21
275 19
277 11
284 10
285 17
287 12
293 7
296 4
304 20
306 8
308 4
316 18
317 20
319 12
325 7
327 5
333 15
335 17
337 13
343 12
351 13
357 9
358 13
364 8
368 10
371 16
373 8
377 11
383 19
385 11
392 20
394 9
395 20
397 11
403 14
410 21
414 8
416 15
418 8
422 10
425 10
428 18
429 18
430 18
431 6
437 2
448 20
450 16
452 9
453 15
455 19
457 5
463 7
465 11
472 20
474 11
481 12
487 14
492 17
494 1
503 15
505 12
511 4
519 3
526 8
530 18
531 6
537 3
544 18
545 7
547 2
558 18
559 2
570 11
577 5
584 5
591 16
593 14
598 18
599 6
605 4
613 8
617 13
623 19
625 14
632 18
633 13
639 5
645 5
651 12
657 9
658 15
660 11
666 14
673 11
679 14
684 16
686 12
694 7
696 2
705 9
706 5
713 9
715 21
719 7
721 12
727 12
735 15
737 3
744 12
750 11
757 19
759 11
766 20
768 3
775 20
777 2
786 8
790 11
796 20
798 18
799 18
800 15
802 11
808 16
810 5
817 11
824 10
825 9
826 5
832 20
834 11
841 1
850 10
853 15
855 6
863 3
869 14
874 9
875 19
877 21
881 11
888 18
889 12
895 9
897 5
904 4
910 5
917 18
918 21
922 2
933 4
939 1
948 16
950 17
952 12
960 3
966 6
972 1
981 6
987 6
993 12
999 18
1000 2
1009 17
1011 9
1013 17
1015 9
1016 11
1022 18
1023 18
1024 10
1027 16
1029 16
1031 18
1032 16
1034 20
1036 7
1039 12
1045 3
1052 5
1058 17
1060 6
1066 20
1068 18
1069 16
1071 8
1075 10
1078 19
1080 16
1082 3
1088 18
1089 18
1090 20
1092 1
1101 12
1107 13
1113 12
1121 9
1123 19
1125 19
1127 15
1129 2
1140 18
1141 3
1148 19
1150 13
1155 12
1163 9
1164 21
1168 4
1174 5
1181 20
1183 2
1194 19
1196 18
1197 10
1198 16
1200 12
1208 9
1209 15
1211 12
1217 15
1219 12
1227 18
1228 9
1229 16
1231 5
1237 11
1244 3
1250 9
1251 12
1257 21
1261 18
1262 21
1266 14
1271 6
1277 17
1279 11
1286 18
1287 19
1289 10
1292 16
1294 12
1300 18
1301 5
1308 11
1314 6
1320 2
1329 15
1331 17
1333 14
1340 11
1346 11
1352 4
1360 8
1364 1
1374 10
1375 8
1377 12
1383 18
1384 20
1386 10
1387 11
1394 20
1396 13
1402 11
1409 5
1415 11
1422 10
1423 15
1425 20
1427 12
1433 12
1441 11
1448 1
1458 20
1460 10
1463 15
1465 14
1470 8
1474 21
1478 8
1480 14
1485 10
1488 21
1492 11
1499 18
1500 12
1506 14
1513 16
1515 17
1517 13
1522 7
1525 14
1532 17
1534 18
1535 12
1543 12
1551 5
1557 6
1563 1
1572 14
1577 15
1579 2
1588 19
1590 14
1597 8
1599 9
1600 1
1609 13
1615 21
1619 5
1625 1
1635 8
1637 18
1638 14
1645 7
1647 2
1656 2
1667 17
1669 8
1673 17
1675 13
1680 12
1686 12
1694 14
1701 1
1710 6
1718 11
1725 17
1727 3
1733 12
1741 8
1745 14
1750 18
1751 11
1757 20
1759 4
1767 11
1773 8
1777 18
1778 14
1783 11
1790 11
1797 12
1805 1
1815 11
1822 20
1824 19
1826 15
1828 1
1837 21
1841 10
1842 18
1843 18
1844 12
1850 6
1856 14
1861 19
1863 20
1865 12
1871 12
1879 6
1885 2
1896 11
1902 5
1909 21
1913 5
1919 4
1925 2
1936 13
1941 13
1947 18
1948 12
1956 12
1962 3
1968 6
1976 14
1981 16
1983 11
1989 6
1997 16
1999 12
2005 18
2006 16
2008 12
2016 7
2019 15
2021 11
2027 11
2034 20
2036 9
2038 14
2045 11
2051 18
2052 2
2063 12
2071 14
2076 11
2083 10
2086 8
2088 7
2090 17
2092 5
2098 21
2102 15
2104 16
2106 20
2108 9
2110 12
2118 17
2120 21
2124 5
2130 11
2137 18
2138 5
2145 7
2148 12
2154 12
2162 16
2164 9
2166 13
2172 14
2179 19
2181 2
2192 21
2196 11
2203 11
2209 8
2213 12
2219 13
2224 2
2235 15
2237 8
2239 15
2241 18
2242 11
2249 4
2257 8
2259 12
2265 14
2272 1
2281 20
2283 18
2284 12
2292 3
2299 16
2301 16
2303 15
2305 10
2308 8
2310 6
2318 12
2326 16
2328 19
2330 5
2337 21
2341 11
2347 9
2348 14
2353 19
2355 12
2361 4
2367 12
2373 10
2374 15
2376 11
2383 15
2385 18
2386 9
2387 12
2395 8
2397 18
2398 2
2409 15
2411 1
2420 12
2428 18
2429 7
2431 14
2438 4
2444 16
2446 15
2448 11
2454 12
2460 11
2466 2
2475 12
2481 15
2483 21
2487 12
2495 18
2496 12
2504 4
2510 12
2516 6
2522 21
2526 17
2528 14
2533 1
2543 6
2549 11
2556 12
2562 16
2564 2
2575 11
2582 5
2588 12
2594 10
2597 18
2598 20
2600 2
2609 18
2610 11
2616 9
2617 10
2618 1
2628 19
2630 11
2636 4
2644 18
2645 12
2653 7
2655 21
2659 8
2663 14
2670 13
2675 11
2682 3
2688 18
2689 12
2695 8
2699 19
2701 1
2710 12
2718 6
2724 5
2731 19
2733 19
2735 4
2743 17
2745 12
2753 21
2757 2
2766 18
2767 16
2769 18
2770 9
2772 14
2777 9
2778 19
2780 5
2786 5
2793 12
2799 2
2810 18
2811 10
2812 10
2813 12
2821 18
2822 16
2824 6
2830 8
2832 16
2834 15
2836 11
2843 18
2844 19
2846 6
2852 11
2859 11
2866 1
2876 16
2878 17
2880 11
2887 15
2889 17
2891 1
2901 11
2907 18
2908 12
2914 11
2921 12
2927 7
2929 20
2931 14
2936 21
2940 1
2949 11
2955 18
2956 5
2962 18
2963 15
2965 3
2972 5
2978 6
2984 19
2986 11
2993 5
3000 20
3002 20
3004 5
3010 11
3016 21
3020 10
3023 18
3024 12
3030 6
3038 13
3043 15
3045 1
3055 13
3060 2
3069 16
3071 3
3078 6
3086 13
3092 12
3098 14
3105 9
3106 21
3110 19
3112 21
3116 17
3118 13
3124 11
3130 11
3136 13
3142 10
3145 14
3152 9
3153 3
3159 16
3161 21
3165 19
3167 8
3169 11
3175 20
3177 13
3182 19
3184 19
3186 14
3193 12
3199 16
3201 2
3212 17
3214 8
3218 6
3224 19
3226 13
3232 15
3234 2
3245 20
3247 15
3249 17
3251 1
3260 13
3266 19
3268 7
3271 12
3279 18
3280 16
3282 12
3290 21
3294 11
3301 11
3308 13
3313 4
3319 19
3321 7
3323 9
3325 5
3332 20
3334 18
3335 18
3336 2
3347 3
3354 9
3356 7
3359 5
3365 8
3367 12
3373 11
3380 18
3381 11
3388 11
3395 10
3396 18
3397 18
3398 21
3402 13
3408 12
3416 15
3418 14
3423 10
3424 11
3431 11
3437 11
3444 10
3445 14
3452 20
3454 8
3458 13
3463 1
3472 13
3477 13
3482 16
3484 11
3490 18
3491 11
3498 17
3500 12
3508 13
3513 16
3515 15
3517 6
3525 3
3532 7
3534 17
3536 15
3538 18
3539 12
3545 7
3547 13
3553 1
3563 20
3565 1
3575 18
3576 4
3584 15
3586 11
3593 8
3597 2
3606 7
3609 16
3611 6
3619 2
3630 19
3632 20
3634 16
3636 19
3638 18
3639 12
3645 21
3649 12
3657 8
3661 12
3667 15
3669 11
3676 10
3677 2
3686 13
3692 18
3693 11
3699 14
3704 4
3712 11
3718 20
3720 21
3724 11
3731 1
3741 8
3743 12
3751 18
3752 20
3754 18
3755 14
3762 7
3765 11
3772 3
3779 17
3781 9
3783 18
3784 11
3791 4
3797 16
3799 14
3804 6
3810 17
3812 18
3813 16
3815 6
3821 8
3823 12
3831 5
3837 6
3843 8
3847 13
3853 16
3855 15
3857 5
3863 13
3869 14
3876 17
3878 12
3886 12
3892 11
3898 10
3901 15
3903 1
3913 18
3914 19
3916 19
3918 11
3924 15
3926 5
3933 7
3936 14
3943 11
3949 12
3955 18
3956 15
3958 17
3960 16
3962 1
3971 21
3975 18
3976 17
3978 4
3986 9
3988 12
3996 3
4002 17
4004 21
4008 18
4009 11
4015 16
4017 11
4023 3
4030 9
4032 4
4040 12
4046 6
4054 18
4055 4
4061 9
4062 19
4064 15
4066 12
4072 15
4074 5
4081 12
4087 15
4089 10
4090 2
4101 7
4103 18
4104 11
4110 1
4119 6
4125 14
4132 16
4134 18
4135 7
4137 3
4144 12
4152 11
4159 4
4165 3
4171 15
4173 13
4178 16
4180 2
4189 2
4200 16
4202 15
4204 11
4210 21
4214 6
4220 11
4226 14
4233 12
4241 19
4243 11
4249 13
4255 16
4257 1
4266 15
4268 21
4272 1
4282 2
4291 15
4293 19
4295 9
4297 17
4299 12
4305 12
4311 17
4313 18
4314 16
4316 6
4322 18
4323 15
4325 21
4329 4
4337 3
4343 13
4349 13
4354 1
4364 7
4366 13
4371 18
4372 12
4378 15
4380 12
4388 11
4394 16
4396 8
4400 19
4402 8
4406 11
4412 7
4415 18
4416 8
4420 7
4423 15
4425 4
4431 18
4432 11
4439 10
4440 12
4448 12
4454 2
4465 3
4471 6
4477 13
4482 12
4490 12
4496 6
4504 15
4506 11
4513 15
4515 11
4521 18
4522 9
4524 18
4525 17
4527 12
4533 19
4535 8
4537 16
4539 18
4540 21
4544 12
4552 13
4558 8
4562 18
4563 12
4571 13
4576 11
4583 21
4587 16
4589 1
4598 14
4605 12
4611 7
4614 16
4616 11
4622 17
4624 11
4630 11
4636 11
4642 11
4649 14
4656 11
4662 12
4670 1
4680 20
4682 11
4688 11
4694 11
4701 19
4703 1
4713 4
4721 19
4723 12
4729 16
4731 5
4737 3
4743 17
4745 12
4753 11
4759 11
4766 11
4773 1
4782 11
4789 19
4791 14
4798 11
4805 2
4816 15
4818 21
4822 16
4824 11
4830 9
4831 17
4833 18
4834 1
4843 10
4844 12
4850 12
4856 18
4857 13
4863 11
4869 15
4871 6
4879 12
4885 17
4887 12
4895 9
4897 9
4899 19
4901 9
4902 3
4908 18
4909 11
4915 17
4917 19
4919 5
4926 5
4933 14
4938 12
4944 14
4951 19
4953 16
4955 13
4961 12
4969 2
4978 21
4982 4
4990 11
4997 3
5003 14
5010 11
5017 13
5023 11
5030 11
5037 15
5039 12
5047 15
5049 16
5051 5
5058 12
5066 17
5068 4
5076 8
5080 10
5083 9
5084 13
5090 4
5096 11
5102 9
5104 14
5109 12
5117 6
5125 21
5129 1
5138 11
5145 1
5155 9
5157 11
5163 11
5170 15
5172 16
5174 13
5179 3
5186 13
5191 7
5193 16
5195 21
5199 11
5205 10
5208 12
5214 17
5216 12
5224 18
5225 12
5231 13
5237 8
5239 12
5247 11
5253 21
5257 9
5258 18
5259 20
5261 6
5267 15
5269 21
5273 4
5279 12
5287 1
5297 2
5306 12
5312 3
5319 15
5321 21
5325 19
5327 20
5329 12
5337 18
5338 12
5344 12
5352 21
5356 5
5362 1
5372 9
5373 12
5379 3
5385 11
5392 19
5394 8
5396 13
5401 2
5410 9
5412 12
5418 12
5424 8
5426 18
5427 10
5428 7
5431 3
5438 11
5444 21
5448 2
5457 11
5463 13
5468 16
5470 18
5471 20
5473 11
5480 3
5487 15
5489 14
5496 18
5497 21
5501 15
5503 13
5508 10
5509 18
5510 8
5512 20
5514 1
5523 8
5527 13
5532 15
5534 3
5541 18
5542 12
5548 1
5557 9
5559 8
5561 4
5567 12
5575 14
5580 21
5584 18
5585 12
5593 7
5596 12
5602 6
5610 4
5616 8
5618 11
5625 12
5631 2
5640 6
5648 14
5655 11
5662 21
5666 15
5668 11
5674 11
5681 11
5688 9
5689 18
5690 20
5692 21
5696 7
5698 10
5699 17
5701 13
5706 21
5710 13
5716 20
5718 20
5720 1
5729 12
5735 2
5744 19
5746 17
5748 5
5754 18
5755 20
5757 17
5759 9
5760 21
5764 14
5771 17
5773 16
5775 2
5786 19
5788 3
5794 11
5800 12
5808 16
5810 7
5812 20
5814 11
5821 8
5825 1
5834 21
5838 3
5844 21
5848 19
5850 15
5852 19
5854 11
5860 16
5862 11
5869 17
5871 1
5881 19
5883 18
5884 10
5885 12
5891 20
5893 21
5897 11
5903 13
5909 2
5920 14
5925 5
5931 8
5935 14
5942 2
5951 6
5959 11
5965 7
5967 20
5969 9
5970 18
5971 2
5982 7
5985 11
5991 20
5993 10
5994 14
6001 1
6011 4
6017 21
6021 16
6023 14
6030 10
6033 15
6035 2
6046 12
6054 16
6056 3
6063 18
6064 10
6067 12
6075 19
6077 4
6085 7
6087 15
6089 20
6091 7
6094 9
6096 20
6098 20
6100 8
6104 11
6110 11
6117 18
6118 19
6120 13
6126 18
6127 18
6128 2
6139 11
6145 8
6147 14
6152 18
6153 14
6160 4
6166 9
6167 4
6175 8
6179 17
6181 20
6183 11
6190 17
6192 18
6193 6
6199 2
6208 6
6216 21
6220 8
6222 8
6224 8
6226 7
6229 4
6235 8
6239 6
6245 9
6247 2
6258 21
6262 3
6268 21
6272 3
6278 20
6280 6
6286 18
6287 11
6293 14
6300 6
6306 3
6312 18
6313 20
6315 2
6324 17
6326 17
6328 16
6330 11
6337 11
6343 2
6354 4
6360 17
6362 3
6368 21
6372 12
6380 12
6386 9
6388 10
6391 12
6397 4
6403 20
6405 4
6413 1
6422 18
6423 9
6425 11
6431 14
6436 12
6442 19
6444 12
6450 12
6458 14
6463 1
6472 13
6478 16
6480 7
6483 20
6485 1
6494 3
6500 2
6509 17
6511 10
6512 20
6514 11
6520 11
6527 9
6529 9
6530 4
6538 18
6539 13
6544 18
6545 19
6547 21
6551 13
6556 10
6557 1
6566 15
6568 18
6569 12
6577 11
6584 4
6592 1
6602 14
6607 2
6618 6
6624 6
6632 18
6633 5
6639 12
6645 7
6648 6
6656 18
6657 14
6662 8
6666 7
6668 11
6674 16
6676 3
6683 21
6687 14
6692 11
6698 15
6700 4
6706 19
6708 12
6714 2
6725 10
6728 4
6736 11
6742 8
6744 13
6750 8
6752 1
6761 18
6762 7
6765 15
6767 7
6769 17
6771 3
6778 17
6780 1
6790 12
6798 10
6799 10
6802 12
6810 10
6811 18
6812 4
6820 18
6821 3
6828 3
6835 8
6839 7
6841 9
6842 1
6851 11
6858 4
6866 11
6873 7
6875 15
6877 15
6879 3
6886 12
6894 4
6902 9
6904 10
6907 17
6909 4
6915 9
6916 1
6926 11
6933 17
6935 8
6939 11
6946 21
6950 11
6957 11
6964 9
6966 1
6976 16
6978 15
6980 16
6982 1
6992 12
7000 4
7006 10
7007 6
7013 1
7023 12
7029 3
7035 10
7036 13
7041 11
7048 19
7050 10
7053 11
7060 1
7069 17
7071 20
7073 7
7075 20
7077 7
7080 14
7087 18
7088 2
7097 21
7101 17
7103 16
7105 8
7109 4
7115 3
7122 5
7128 20
7130 11
7136 6
7144 4
7150 5
7156 11
7162 12
7170 9
7172 11
7179 12
7187 4
7193 9
7195 12
7203 12
7211 13
7216 4
7222 12
7228 18
7229 14
7234 18
7235 12
7243 19
7245 16
7247 15
7249 12
7255 11
7261 15
7263 1
7273 16
7275 18
7276 12
7284 9
7286 11
7293 16
7295 14
7302 11
7309 11
7316 16
7318 12
7324 18
7325 20
7327 15
7329 20
7331 5
7338 16
7340 7
7342 11
7349 15
7351 12
7359 2
7368 11
7375 12
7383 11
7389 7
7392 4
7398 12
7406 4
7412 13
7417 16
7419 6
7427 1
7437 4
7445 8
7447 7
7449 12
7455 12
7461 12
7467 11
7474 16
7476 3
7483 13
7488 10
7491 9
7492 4
7498 8
7502 10
7503 11
7510 21
7514 21
7518 12
7524 10
7525 7
7528 12
7536 6
7542 20
7544 15
7546 10
7549 12
7555 8
7559 21
7563 1
7573 15
7575 16
7577 18
7578 19
7580 7
7582 2
7591 14
7598 16
7600 5
7606 2
7617 3
7624 13
7630 14
7635 11
7642 11
7649 5
7656 4
7662 19
7664 4
7672 9
7673 5
7680 12
7686 13
7692 14
7697 10
7700 3
7706 20
7708 8
7712 10
7713 12
7721 4
7729 11
7735 1
7744 17
7746 18
7747 19
7749 13
7754 11
7761 13
7766 11
7772 11
7778 10
7779 12
7787 3
7794 14
7801 12
7807 3
7814 11
7821 8
7823 12
7831 11
7837 21
7841 16
7843 15
7845 4
7853 11
7859 4
7865 19
7867 3
7873 4
7879 21
7883 15
7885 21
7889 16
7891 12
7897 12
7903 1
7913 18
7914 11
7920 15
7922 10
7923 11
7930 10
7931 18
7932 20
7934 8
7936 14
7943 9
7944 19
7946 14
7951 8
7953 13
7958 17
7960 10
7963 19
7965 9
7966 20
7968 3
7974 10
7977 11
7983 11
7990 11
7997 21
8001 21
8005 20
8007 12
8013 20
8015 11
8021 16
8023 9
8024 18
8025 12
8033 21
8037 11
8043 8
8045 21
8049 17
8051 14
8056 8
8058 1
8068 10
8069 16
8071 12
8079 11
8086 11
8092 17
8094 12
8102 12
8110 18
8111 3
8117 12
8123 10
8126 16
8128 8
8132 21
8136 12
8144 14
8151 12
8159 12
8167 15
8169 17
8171 13
8177 11
8184 13
8190 21
8194 11
8200 11
8207 18
8208 15
8210 10
8211 7
8213 5
8220 12
8228 3
8235 17
8237 7
8239 4
8247 10
8248 14
8253 12
8259 3
8265 11
8272 4
8278 18
8279 16
8281 6
8287 2
8298 11
8304 11
8311 14
8318 8
8320 11
8326 18
8327 15
8329 2
8340 12
8346 20
8348 3
8355 21
8359 6
8367 11
8373 11
8380 2
8389 4
8395 14
8400 17
8402 15
8404 12
8410 11
8416 17
8418 19
8420 17
8422 21
8426 13
8432 4
8438 4
8444 8
8446 10
8449 10
8450 18
8451 12
8459 2
8470 7
8472 11
8479 21
8483 17
8485 19
8487 2
8498 17
8500 12
8506 12
8512 6
8520 3
8526 7
8529 6
8537 18
8538 12
8546 2
8557 3
8563 20
8565 4
8571 13
8577 21
8581 6
8589 11
8595 11
8601 4
8607 12
8613 8
8615 18
8616 10
8617 14
8624 11
8631 10
8634 11
8641 21
8645 15
8647 3
8654 9
8655 15
8657 18
8658 3
8664 19
8666 13
8671 4
8677 19
8679 12
8685 5
8691 5
8697 11
8703 21
8707 15
8709 11
8715 20
8717 4
8723 11
8730 11
8737 21
8741 2
8752 12
8758 12
8766 16
8768 11
8774 8
8776 3
8783 10
8786 10
8789 6
8795 7
8797 18
8798 14
8805 15
8807 18
8808 12
8816 9
8818 11
8825 11
8832 12
8838 12
8846 4
8854 21
8858 13
8863 7
8865 21
8869 14
8876 6
8884 11
8891 12
8897 11
8903 20
8905 17
8907 17
8909 2
8918 7
8921 7
8923 6
8929 18
8930 4
8938 4
8944 18
8945 5
8952 7
8955 1
8964 8
8966 17
8968 21
8972 21
8976 2
8985 11
8992 12
8998 21
9002 21
9006 2
9015 12
9023 2
9032 16
9034 19
9036 20
9038 20
9040 18
9041 10
9042 10
9045 19
9047 5
9054 11
9060 6
9068 6
9074 3
9081 18
9082 14
9087 16
9089 10
9090 18
9091 1
9101 18
9102 12
9110 18
9111 8
9113 4
9121 6
9129 11
9136 11
9143 2
9154 12
9162 9
9163 12
9171 20
9173 12
9181 13
9186 11
9193 2
9204 8
9208 16
9210 5
9216 5
9222 17
9224 11
9230 12
9236 16
9238 6
9244 12
9252 17
9254 18
9255 12
9261 16
9263 14
9268 18
9269 20
9271 15
9273 11
9280 18
9281 6
9289 12
9297 14
9304 8
9308 18
9309 4
9317 11
9323 19
9325 9
9326 6
9332 16
9334 19
9336 3
9342 11
9349 12
9357 10
9358 6
9364 11
9370 19
9372 12
9378 18
9379 11
9386 12
9392 18
9393 21
9397 18
9398 5
9404 5
9411 12
9417 19
9419 15
9421 16
9423 11
9430 13
9436 1
9446 17
9448 1
9457 17
9459 5
9465 8
9469 2
9480 7
9482 5
9488 12
9496 17
9498 17
9500 18
9501 5
9508 2
9517 10
9518 18
9519 7
9522 10
9523 10
9524 18
9525 11
9531 21
9535 17
9537 3
9544 20
9546 7
9549 18
9550 20
9552 17
9554 3
9561 13
9567 12
9575 10
9578 9
9580 5
9586 7
9588 20
9590 21
9594 7
9597 19
9599 12
9605 21
9609 5
9615 16
9617 8
9621 6
9627 19
9629 16
9631 16
9633 2
9644 10
9645 16
9647 16
9649 11
9655 8
9659 11
9666 4
9674 4
9680 11
9686 6
9694 18
9695 16
9697 2
9706 19
9708 2
9719 17
9721 10
9722 12
9728 18
9729 11
9735 15
9737 5
9744 19
9746 14
9753 11
9759 12
9765 12
9771 7
9774 12
9780 7
9783 7
9785 7
9787 11
9793 19
9795 16
9797 3
9804 10
9807 13
9813 7
9815 9
9817 1
9827 8
9831 16
9833 20
9835 16
9837 12
9843 15
9845 19
9847 1
9856 15
9858 16
9860 1
9869 20
9871 1
9881 15
9883 15
9885 17
9887 20
9889 21
9893 12
9899 18
9900 9
9901 1
9910 18
9911 9
9913 15
9915 12
9923 9
9924 8
9928 12
9936 12
9944 8
9946 9
9947 7
9949 4
9957 12
9965 11
9971 12
9977 3
9983 4
9989 21
9993 11
9999 17
10001 4
10007 3
10014 2
10023 11
10030 1
10040 11
10047 4
10055 14
10062 18
10063 12
10071 9
10073 16
10075 12
10081 11
10088 11
10094 11
10100 20
10102 4
10110 2
10121 11
10128 9
10130 12
10136 7
10139 18
10140 11
10147 11
10154 17
10156 17
10158 15
10160 9
10161 20
10163 18
10164 19
10166 18
10167 7
10169 1
10179 18
10180 15
10182 2
10193 12
10199 13
10205 15
10207 1
10216 18
10217 14
10224 12
10230 4
10236 8
10240 14
10247 21
10251 20
10253 11
10259 12
10267 3
10274 18
10275 9
10276 17
10278 16
10280 10
10281 4
10289 18
10290 5
10297 14
10304 4
10312 20
10314 17
10316 7
10318 6
10326 16
10328 11
10335 15
10337 18
10338 11
10344 11
10351 11
10357 19
10359 12
10367 18
10368 17
10370 18
10371 10
10374 18
10375 3
10382 21
10386 16
10388 6
10396 14
10403 4
10409 9
10410 13
10416 18
10417 21
10421 11
10427 13
10433 1
10443 9
10445 12
10453 12
10461 20
10463 4
10469 14
10474 8
10478 14
10483 9
10485 19
10487 21
10491 4
10497 11
10504 2
10515 4
10521 8
10523 11
10529 5
10536 10
10537 17
10539 14
10544 21
10548 15
10550 8
10554 10
10557 15
10559 17
10561 15
10563 11
10569 12
10577 14
10582 18
10583 5
10589 14
10594 16
10596 2
10605 11
10612 16
10614 1
10624 5
10631 12
10637 18
10638 12
10646 10
10649 12
10655 17
10657 9
10659 1
10669 11
10676 1
10685 9
10687 16
10689 19
10691 11
10697 12
10705 20
10707 20
10709 21
10713 14
10718 11
10724 18
10725 13
10731 11
10737 5
10743 20
10745 11
10751 20
10753 5
10760 20
10762 15
10764 17
10766 8
10770 16
10772 17
10774 9
10775 2
10786 9
10788 12
10794 12
10802 10
10805 12
10811 10
10812 12
10820 12
10828 19
10830 3
10837 10
10838 12
10846 11
10852 12
10858 11
10864 9
10865 5
10871 4
10879 11
10885 19
10887 17
10889 12
10895 8
10899 5
10906 6
10914 6
10920 5
10927 10
10928 18
10929 5
10935 4
10943 12
10949 18
10950 16
10952 11
10959 9
10961 16
10963 3
10969 5
10975 11
10982 8
10984 15
10986 9
10987 15
10989 11
10995 19
10997 14
11002 2
11013 20
11015 9
11017 5
11023 11
11030 18
11031 19
11033 1
11042 19
11044 12
11050 18
11051 15
11053 18
11054 15
11056 10
11059 13
11064 17
11066 4
11072 21
11076 7
11078 12
11086 2
11097 15
11099 11
11105 4
11113 11
11119 11
11125 1
11134 11
11140 21
11144 5
11151 8
11153 11
11159 18
11160 7
11163 11
11169 20
11171 11
11177 5
11183 18
11184 10
11185 20
11187 1
11196 9
11197 11
11204 5
11211 17
11213 18
11214 9
11215 21
11219 16
11221 11
11228 21
11232 17
11234 16
11236 9
11238 12
11244 7
11246 21
11250 12
11256 12
11264 6
11272 12
11280 1
11289 5
11296 18
11297 11
11304 4
11310 11
11317 6
11323 3
11330 15
11332 18
11333 4
11339 21
11343 15
11345 16
11347 16
11349 4
11355 11
11362 19
11364 1
11374 15
11376 18
11377 5
11383 21
11387 11
11393 18
11394 14
11399 21
11403 10
11404 21
11408 12
11414 12
11422 20
11424 12
11430 19
11432 19
11434 17
11436 2
11447 21
11451 16
11453 11
11460 17
11462 9
11463 17
11465 11
11471 17
11473 6
11479 6
11487 16
11489 1
11498 12
11504 19
11506 11
11513 4
11519 13
11524 10
11527 18
11528 8
11532 13
11538 5
11544 11
11550 20
11552 16
11554 16
11556 12
11562 12
11568 15
11570 12
11578 21
11582 11
11588 8
11592 3
11598 3
11605 12
11611 11
11617 6
11625 2
11634 11
11640 19
11642 16
11644 10
11647 16
11649 9
11651 1
11661 5
11668 1
11677 11
11684 15
11686 2
11695 15
11697 18
11698 12
11704 19
11706 15
11708 15
11710 14
11717 2
11728 10
11729 17
11731 11
11738 8
11742 21
11746 19
11748 11
11754 4
11760 21
11764 13
11769 8
11771 12
11777 18
11778 4
11786 11
11792 4
11800 5
11806 21
11810 15
11812 15
11814 6
11820 15
11822 12
11830 5
11837 11
11844 15
11846 2
11857 11
11864 18
11865 1
11874 6
11882 4
11890 14
11897 12
11903 1
11912 8
11916 7
11919 4
11925 18
11926 12
11934 13
11940 11
11947 11
11953 16
11955 13
11961 19
11963 5
11970 8
11974 12
11982 20
11984 14
11989 6
11997 3
12003 10
12004 18
12005 11
12012 2
12021 11
12027 12
12033 7
12035 9
12036 9
12037 10
12038 7
12041 11
12048 16
12050 12
12056 14
12063 3
12070 14
12075 13
12080 11
12087 12
12095 7
12097 12
12105 21
12109 3
12115 18
12116 15
12118 9
12120 5
12127 6
12133 21
12137 6
12143 12
12151 21
12155 7
12158 21
12162 14
12169 8
12173 18
12174 21
12178 10
12179 7
12181 12
12187 14
12194 18
12195 3
12202 4
12208 14
12215 16
12217 15
12219 10
12222 10
12225 6
12231 11
12238 12
12244 12
12250 12
12256 12
12262 4
12270 10
12271 16
12273 13
12278 18
12279 12
12285 19
12287 19
12289 3
12295 11
12301 10
12302 14
12307 1
12317 5
12323 10
12324 11
12331 9
12332 5
12338 17
12340 5
12347 13
12353 17
12355 18
12356 10
12359 17
12361 17
12363 12
12371 14
12378 11
12385 4
12391 15
12393 12
12401 5
12408 11
12414 6
12422 4
12430 11
12437 2
12448 11
12454 14
12459 17
12461 8
12465 18
12466 5
12472 12
12478 11
12485 17
12487 18
12488 11
12495 10
12498 8
12502 9
12504 17
12506 16
12508 16
12510 11
12517 11
12523 15
12525 18
12526 18
12527 10
12528 11
12535 1
12544 10
12547 11
12553 20
12555 3
12561 20
12563 11
12570 12
12576 18
12577 20
12579 6
12585 13
12591 21
12595 12
12603 18
12604 12
12610 2
12619 12
12625 7
12628 18
12629 11
12636 15
12638 7
12641 18
12642 18
12643 11
12650 3
12656 12
12664 11
12671 9
12672 12
12678 21
12682 11
12689 16
12691 6
12697 21
12701 4
12709 4
12717 12
12723 20
12725 12
12733 12
12741 2
12752 4
12760 4
12766 8
12768 10
12771 7
12773 14
12780 20
12782 8
12786 8
12790 12
12798 18
12799 5
12805 5
12811 6
12817 21
12821 3
12827 18
12828 6
12834 2
12843 16
12845 11
12852 11
12859 4
12867 14
12872 11
12878 9
12880 9
12882 11
12888 11
12894 21
12898 1
12908 11
12914 11
12921 18
12922 16
12924 12
12932 16
12934 8
12936 12
12944 12
12950 18
12951 14
12958 19
12960 16
12962 3
12969 15
12971 9
12972 11
12978 17
12980 1
12990 13
12996 17
12998 21
13002 1
13011 1
13021 12
13027 5
13034 9
13035 12
13041 11
13048 10
13051 6
13057 20
13059 13
13064 11
13071 5
13078 9
13079 16
13081 8
13083 3
13090 16
13092 18
13093 11
13099 20
13101 3
13108 19
13110 15
13112 20
13114 5
13121 7
13123 12
13129 21
13133 18
13134 15
13136 12
13144 10
13145 16
13147 11
13153 12
13159 15
13161 14
13166 5
13173 21
13177 17
13179 10
13182 3
13189 18
13190 17
13192 19
13194 9
13196 15
13198 18
13199 4
13205 9
13207 8
13211 4
13219 15
13221 15
13223 5
13230 13
13236 21
13240 10
13241 2
13252 12
13260 14
13267 4
13275 13
13280 13
13286 21
13290 20
13292 16
13294 21
13298 1
13307 3
13314 17
13316 18
13317 10
13318 5
13325 17
13327 3
13334 14
13339 6
13347 10
13348 6
13356 1
13365 9
13367 20
13369 16
13371 11
13377 20
13379 7
13382 9
13384 5
13390 11
13396 14
13403 17
13405 9
13406 18
13407 11
13414 2
13425 19
13427 6
13435 4
13443 6
13449 1
13458 17
13460 4
13466 9
13467 19
13469 14
13476 10
13477 14
13482 18
13483 9
13485 21
13489 12
13497 13
13502 20
13504 14
13511 12
13519 16
13521 5
13527 12
13533 1
13542 17
13544 16
13546 11
13552 6
13560 12
13566 12
13574 17
13576 11
13583 14
13590 17
13592 21
13596 6
13604 4
13612 4
13618 18
13619 18
13620 11
13627 12
13635 7
13638 13
13644 11
13651 2
13662 10
13665 4
13671 11
13677 10
13680 15
