2959
1 16
3 4
11 16
13 4
20 18
21 11
28 12
34 6
40 10
42 5
48 12
55 18
56 15
58 19
60 8
63 21
67 18
68 4
75 12
82 13
88 12
96 3
103 7
105 21
109 12
115 5
122 12
129 5
136 11
143 1
153 19
155 1
165 11
172 18
173 12
181 4
188 9
190 5
197 21
201 21
205 12
212 18
213 12
220 9
222 12
229 12
235 12
241 13
247 10
250 6
257 16
259 3
265 18
266 6
273 15
275 20
277 7
280 16
282 12
288 17
290 1
300 5
307 11
314 1
324 12
330 17
332 12
339 14
345 5
352 18
353 7
355 21
359 12
366 13
371 10
372 9
374 19
376 11
382 3
388 16
390 11
397 5
404 14
410 11
417 4
424 7
427 15
429 14
435 6
442 15
444 18
445 21
449 16
451 12
458 18
459 11
466 10
468 11
475 11
482 20
484 3
490 14
497 10
500 18
501 8
504 13
509 18
510 6
517 21
521 1
531 3
537 21
541 8
545 4
552 15
554 19
556 2
566 11
572 19
574 16
576 8
579 11
585 19
587 20
589 19
591 11
597 6
605 16
607 10
609 10
611 6
618 14
624 21
628 12
635 8
639 1
649 11
656 11
663 1
673 12
680 9
681 8
683 18
684 21
688 18
689 20
691 4
699 18
700 11
707 11
714 13
720 11
726 15
728 18
729 11
736 15
738 19
740 1
750 12
756 18
757 21
761 18
762 6
770 18
771 14
777 17
779 12
786 12
794 11
801 12
809 15
811 11
817 5
823 11
830 8
832 16
834 9
835 2
845 16
847 18
848 14
854 11
860 14
866 15
868 18
869 11
876 14
882 13
888 5
895 1
905 6
911 12
919 1
928 2
937 17
939 1
949 11
956 18
957 1
966 12
974 20
976 14
982 18
983 4
991 12
999 15
1001 1
1011 17
1013 15
1015 21
1019 14
1025 13
1030 18
1031 14
1037 2
1046 3
1052 19
1054 21
1058 13
1063 20
1065 2
1074 3
1081 3
1088 11
1094 7
1097 16
1099 17
1101 11
1107 9
1109 12
1116 4
1123 17
1125 4
1131 6
1138 12
1146 9
1148 7
1150 21
1154 12
1161 8
1165 10
1167 11
1173 1
1182 10
1183 20
1185 12
1191 10
1194 20
1196 10
1199 9
1201 8
1204 13
1210 21
1214 2
1223 2
1234 18
1235 7
1238 9
1239 4
1246 12
1252 20
1254 1
1263 21
1267 7
1270 17
1272 18
1273 15
1275 18
1276 5
1282 9
1284 11
1291 18
1292 14
1298 14
1304 1
1313 2
1323 3
1330 5
1336 12
1343 12
1350 18
1351 20
1353 4
1361 17
1363 18
1364 6
1371 11
1378 12
1385 15
1387 3
1394 13
1400 16
1402 15
1404 9
1405 7
1408 2
1417 18
1418 3
1425 7
1427 13
1433 21
1437 5
1443 10
1445 21
1449 20
1451 18
1452 12
1459 2
1469 16
1471 17
1473 2
1483 18
1484 11
1491 11
1497 10
1499 15
1501 16
1503 12
1510 18
1511 12
1519 11
1525 6
1532 10
1534 12
1541 14
1546 1
1556 5
1562 18
1563 13
1568 7
1570 15
1572 12
1580 12
1587 7
1590 19
1592 14
1598 11
1604 11
1610 7
1612 20
1614 17
1616 10
1618 12
1626 4
1632 16
1634 2
1645 12
1652 11
1659 4
1667 19
1669 18
1670 6
1677 18
1678 16
1680 3
1686 13
1692 3
1698 2
1708 18
1709 15
1711 2
1721 13
1727 21
1731 8
1734 5
1741 11
1747 11
1753 12
1759 11
1765 19
1767 16
1769 2
1779 19
1781 9
1782 11
1788 14
1794 2
1805 21
1809 2
1819 10
1820 7
1822 11
1828 11
1835 11
1842 9
1844 19
1846 15
1848 7
1851 3
1858 6
1864 8
1867 17
1869 8
1871 5
1878 21
1882 8
1885 10
1886 10
1887 6
1894 12
1900 15
1902 18
1903 9
1904 11
1911 12
1918 3
1924 21
1928 13
1934 10
1937 2
1947 1
1956 1
1966 16
1968 6
1975 10
1978 7
1981 18
1982 9
1984 4
1992 13
1998 4
2006 6
2014 13
2019 11
2026 11
2032 6
2040 7
2043 21
2047 18
2048 21
2052 5
2059 3
2066 21
2070 12
2076 12
2084 7
2087 7
2090 15
2092 20
2094 18
2095 6
2103 20
2105 6
2112 13
2117 4
2124 20
2126 14
2133 20
2135 16
2137 11
2144 8
2147 17
2149 21
2153 4
2160 20
2162 12
2169 4
2176 16
2178 10
2181 2
2192 12
2199 6
2205 2
2215 16
2217 1
2226 7
2229 13
2235 11
2242 13
2248 8
2250 10
2252 7
2255 11
2261 1
2270 20
2272 12
2278 7
2280 18
2281 15
2283 11
2289 7
2292 18
2293 6
2299 10
2301 18
2302 11
2308 11
2315 7
2318 7
2321 5
2327 17
2329 9
2331 8
2335 16
2337 18
2338 10
2340 20
2342 18
2343 3
2350 18
2351 15
2353 6
2360 18
2361 8
2364 10
2365 1
2375 8
2378 6
2386 20
2388 14
2394 11
2400 13
2405 13
2411 17
2413 18
2414 20
2416 5
2423 11
2429 9
2431 19
2433 11
2440 12
2447 12
2454 15
2456 6
2464 15
2466 17
2468 1
2478 18
2479 20
2481 5
2488 10
2490 9
2492 18
2493 11
2500 19
2502 18
2503 12
2509 14
2515 2
2525 5
2531 1
2540 20
2542 21
2546 3
2552 17
2554 18
2555 18
2556 13
2562 7
2565 12
2572 19
2574 7
2577 5
2583 17
2585 4
2592 11
2598 12
2605 16
2607 17
2609 11
2615 1
2625 13
2631 13
2637 17
2639 7
2641 4
2647 12
2653 1
2662 11
2669 21
2673 6
2680 13
2686 11
2693 4
2700 16
2702 19
2704 20
2706 9
2707 17
2709 17
2711 12
2718 11
2725 1
2735 11
2741 3
2748 5
2755 4
2762 5
2768 12
2774 12
2781 6
2788 8
2791 11
2797 3
2804 11
2810 19
2812 11
2818 4
2825 7
2827 11
2833 19
2835 2
2844 2
2853 21
2857 12
2864 14
2870 11
2877 11
2883 14
2888 20
2890 4
2897 5
2903 16
2905 20
2907 21
2911 5
2917 11
2924 12
2930 14
2936 6
2943 11
2949 1
2958 12
2966 5
2973 18
2974 13
2979 17
2981 7
2984 2
2994 11
3001 9
3002 16
3004 19
3006 9
3007 12
3015 3
3022 2
3031 11
3038 12
3044 12
3051 15
3053 4
3059 4
3066 11
3072 3
3079 12
3086 13
3092 12
3100 2
3111 21
3115 20
3117 13
3123 15
3125 19
3127 18
3128 21
3132 16
3134 11
3140 2
3150 11
3157 20
3159 18
3160 15
3162 18
3163 11
3170 1
3180 16
3182 8
3184 11
3191 11
3198 3
3204 21
3208 4
3215 2
3224 20
3226 21
3230 14
3236 20
3238 7
3241 20
3243 18
3244 15
3246 8
3249 7
3252 16
3254 14
3259 2
3268 14
3273 19
3275 19
3277 5
3284 11
3291 1
3301 9
3302 1
3312 11
3319 16
3321 4
3327 15
3329 4
3336 14
3342 7
3344 2
3355 20
3357 21
3361 18
3362 10
3365 11
3371 12
3378 20
3380 11
3386 1
3395 9
3397 19
3399 11
3405 11
3412 11
3419 14
3426 18
3427 20
3429 18
3430 18
3431 17
3433 7
3435 7
3438 17
3440 4
3447 15
3449 15
3451 12
3457 17
3459 4
3466 12
3474 1
3484 4
3490 18
3491 3
3497 11
3504 12
3510 18
3511 11
3517 13
3522 16
3524 8
3528 11
3534 10
3536 16
3538 5
3544 15
3546 16
3548 6
3555 3
3562 12
3568 11
3575 2
3584 12
3590 14
3597 3
3603 14
3610 4
3618 6
3625 16
3627 7
3629 9
3630 15
3632 13
3638 7
3641 19
3643 7
3645 15
3647 20
3649 18
3650 10
3652 21
3656 3
3663 10
3665 1
3675 9
3677 20
3679 11
3685 1
3694 20
3696 18
3697 15
3699 12
3707 10
3710 13
3716 13
3721 19
3723 13
3729 12
3736 17
3738 6
3744 11
3750 5
3756 18
3757 2
3767 10
3770 16
3772 14
3778 11
3785 13
3791 7
3794 1
3804 17
3806 6
3813 18
3814 4
3821 12
3827 13
3832 6
3839 20
3841 11
3847 9
3848 3
3854 7
3857 11
3863 12
3871 6
3878 12
3885 18
3886 18
3887 13
3892 16
3894 12
3902 12
3909 17
3911 9
3912 15
3914 8
3916 1
3926 3
3933 6
3940 9
3942 7
3944 1
3953 6
3960 9
3962 14
3968 1
3978 12
3986 4
3992 21
3996 18
3997 19
3999 8
4002 19
4004 13
4010 12
4016 6
4023 11
4029 17
4031 11
4038 11
4045 8
4047 12
4053 12
4060 10
4061 9
4062 3
4069 7
4072 9
4073 7
4076 8
4079 11
4086 12
4092 11
4098 10
4101 13
4106 18
4107 3
4114 21
4118 4
4125 14
4131 14
4138 21
4142 12
4149 2
4159 11
4166 4
4174 18
4175 16
4177 11
4183 20
4185 11
4192 8
4195 11
4201 15
4203 9
4205 6
4212 11
4219 17
4221 15
4223 13
4229 8
4231 11
4237 5
4243 11
4250 13
4255 5
4261 18
4262 14
4267 10
4270 13
4276 5
4283 15
4285 7
4287 12
4295 14
4301 8
4303 1
4313 2
4323 8
4326 4
4333 18
4334 18
4335 12
4343 12
4350 10
4352 11
4359 19
4361 1
4371 5
4377 20
4379 2
4390 1
4399 19
4401 11
4408 15
4410 15
4412 7
4414 8
4416 17
4418 8
4421 9
4423 21
4427 7
4429 13
4435 11
4441 16
4443 5
4450 8
4453 7
4455 12
4462 20
4464 12
4472 5
4478 13
4484 18
4485 16
4487 12
4494 12
4500 10
4502 19
4504 18
4505 6
4512 9
4513 20
4515 10
4518 10
4519 20
4521 13
4526 18
4527 18
4528 12
4535 18
4536 4
4544 4
4551 6
4558 11
4564 8
4567 21
4571 5
4577 2
4586 3
4592 1
4601 1
4610 4
4617 14
4623 15
4625 17
4627 2
4637 4
4645 3
4651 18
4652 18
4653 19
4655 18
4656 9
4657 10
4660 12
4668 5
4675 8
4678 2
4688 12
4694 19
4696 18
4697 1
4706 13
4711 12
4717 13
4723 20
4725 16
4727 10
4729 3
4735 11
4742 18
4743 1
4752 4
4759 8
4762 11
4768 20
4770 8
4773 12
4780 16
4782 9
4783 12
4791 15
4793 9
4794 8
4796 8
4800 12
4807 12
4813 11
4819 18
4820 8
4824 12
4831 16
4833 12
4841 18
4842 18
4843 21
4847 17
4849 17
4851 3
4858 3
4864 4
4871 6
4878 11
4884 2
4894 12
4901 13
4906 11
4912 20
4914 17
4916 15
4918 11
4924 4
4930 16
4932 1
4941 20
4943 3
4949 9
4950 15
4952 9
4954 11
4960 15
4962 8
4964 15
4966 2
4976 12
4983 18
4984 20
4986 3
4993 11
4999 21
5003 4
5010 15
5012 12
5020 9
5021 9
5023 5
5029 17
5031 4
5039 14
5044 8
5047 11
5053 3
5060 10
5062 6
5068 11
5075 18
5076 16
5078 18
5079 12
5086 10
5088 17
5090 11
5096 16
5098 11
5105 20
5107 15
5109 20
5111 21
5115 8
5118 14
5123 17
5125 11
5131 1
5141 1
5151 13
5156 16
5158 11
5164 18
5165 11
5171 11
5178 16
5180 12
5187 17
5189 10
5191 15
5193 2
5203 11
5210 1
5220 14
5227 4
5233 9
5234 5
5240 3
5247 8
5249 20
5251 8
5253 16
5255 11
5262 15
5264 12
5272 12
5279 21
5283 14
5290 10
5293 5
5300 9
5301 4
5308 18
5309 14
5314 17
5316 19
5318 2
5328 11
5334 9
5336 12
5342 20
5344 4
5351 12
5357 15
5359 2
5368 16
5370 13
5376 12
5384 21
5388 4
5396 15
5398 21
5402 1
5411 12
5418 11
5424 1
5433 21
5437 12
5444 8
5446 16
5448 5
5454 15
5456 2
5465 4
5472 13
5478 12
5486 18
5487 16
5489 21
5493 18
5494 17
5496 11
5502 12
5510 12
5516 3
5523 16
5525 18
5526 5
5533 12
5540 4
5548 9
5549 11
5555 7
5558 10
5560 19
5562 16
5564 10
5567 12
5574 11
5581 11
5587 8
5590 13
5596 16
5598 18
5599 10
5602 19
5604 18
5605 11
5611 21
5615 3
5622 15
5624 18
5625 19
5627 8
5630 4
5637 1
5647 16
5649 15
5651 19
5653 9
5655 19
5657 15
5659 1
5669 12
5675 20
5677 11
5683 3
5690 19
5692 5
5698 20
5700 21
5704 14
5710 12
5717 20
5719 11
5725 11
5732 15
5734 15
5736 18
5737 8
5739 19
5741 16
5743 20
5745 4
5752 10
5754 21
5758 12
5764 6
5770 9
5771 4
5778 14
5785 14
5792 1
5801 20
5803 18
5804 17
5806 18
5807 20
5809 16
5811 1
5821 14
5827 16
5829 20
5831 16
5833 4
5841 16
5843 11
5850 10
5852 12
5858 9
5860 12
5868 12
5875 2
5885 17
5887 10
5888 9
5890 12
5898 3
5904 15
5906 3
5912 11
5918 21
5922 17
5924 21
5928 13
5933 19
5935 6
5943 9
5944 11
5950 20
5952 12
5959 12
5966 3
5972 7
5975 5
5982 18
5983 9
5985 3
5991 5
5998 5
6004 19
6006 11
6013 1
6023 12
6030 15
6032 14
6037 11
6043 12
6050 6
6057 12
6064 6
6072 20
6074 6
6081 7
6084 15
6086 17
6088 21
6092 10
6093 20
6095 5
6101 11
6107 12
6113 1
6123 18
6124 21
6128 10
6130 14
6136 13
6141 4
6148 16
6150 18
6151 16
6153 2
6164 14
6170 5
6177 20
6179 6
6185 11
6191 3
6197 5
6203 12
6211 21
6215 12
6221 14
6228 20
6230 12
6236 11
6243 3
6249 11
6255 11
6261 18
6262 15
6264 5
6271 18
6272 3
6279 21
6283 7
6286 13
6291 20
6293 18
6294 7
6296 6
6302 19
6304 12
6312 20
6314 11
6321 21
6325 14
6332 20
6334 6
6341 17
6343 11
6349 4
6356 12
6363 7
6366 19
6368 16
6370 6
6376 4
6383 5
6390 9
6391 18
6392 21
6396 1
6405 11
6412 12
6420 12
6428 6
6435 10
6437 14
6443 17
6445 9
6446 13
6452 18
6453 2
6462 14
6468 15
6470 12
6477 12
6485 10
6486 21
6490 18
6491 11
6498 20
6500 18
6501 2
6511 15
6513 14
6518 12
6525 18
6526 13
6531 12
6538 18
6539 4
6546 15
6548 5
6555 16
6557 18
6558 9
6559 12
6565 6
6573 17
6575 15
6577 17
6579 6
6585 11
6592 4
6599 11
6605 4
6611 12
6619 14
6626 7
6628 20
6630 17
6632 19
6634 5
6641 11
6648 8
6652 20
6654 13
6659 17
6661 7
6664 2
6675 11
6682 9
6683 14
6689 11
6695 10
6696 17
6698 11
6704 12
6711 12
6717 3
6723 11
6730 9
6731 6
6737 12
6744 20
6746 9
6747 5
6754 7
6757 3
6763 4
6769 11
6775 11
6781 11
6788 16
6790 2
6800 1
6809 14
6814 5
6821 17
6823 14
6830 1
6840 6
6847 18
6848 20
6850 8
6854 16
6856 15
6858 5
6865 11
6871 18
6872 21
6876 11
6882 15
6884 10
6885 20
6887 13
6892 14
6898 11
6904 17
6906 1
6915 17
6917 6
6925 11
6931 19
6933 12
6940 11
6946 12
6953 1
6963 12
6970 8
6973 9
6975 7
6978 10
6980 12
6987 3
6994 1
7004 4
7011 12
7017 7
7019 12
7026 12
7033 1
7043 9
7045 5
7051 12
7059 4
7066 12
7072 13
7077 11
7083 14
7088 16
7090 19
7092 12
7099 16
7101 4
7109 14
7114 16
7116 18
7117 1
7126 5
7132 7
7134 18
7135 17
7137 10
7139 5
7145 18
7146 21
7150 14
7157 13
7163 5
7169 4
7175 11
7181 3
7188 12
7195 9
7196 6
7203 12
7210 11
7217 15
7219 1
7229 11
7235 1
7245 15
7247 16
7249 15
7251 19
7253 14
7259 8
7263 12
7269 8
7273 8
7276 6
7283 2
7292 11
7298 10
7299 18
7300 8
7302 18
7303 13
7309 16
7311 13
7316 13
7322 2
7332 20
7334 18
7335 11
7342 18
7343 4
7350 19
7352 16
7354 11
7360 3
7366 9
7368 21
7372 9
7374 4
7382 17
7384 16
7386 3
7392 12
7399 18
7400 11
7406 21
7410 1
7419 12
7426 16
7428 12
7435 11
7441 19
7443 7
7446 1
7456 16
7458 6
7465 5
7472 16
7474 1
7484 3
7491 20
7493 5
7499 11
7506 12
7513 11
7520 21
7524 6
7531 1
7541 3
7547 10
7549 12
7556 18
7557 13
7562 12
7570 5
7577 3
7584 12
7590 17
7592 2
7601 15
7603 3
7609 21
7613 6
7620 1
7630 8
7633 6
7640 21
7644 16
7646 1
7655 9
7657 4
7664 15
7666 5
7673 2
7684 1
7694 19
7696 5
7702 12
7708 5
7714 2
7723 1
7733 12
7740 20
7742 7
7745 10
7748 11
7755 18
7756 11
7763 11
7769 11
7776 11
7782 18
7783 18
7784 9
7786 11
7792 12
7800 11
7807 8
7811 3
7818 7
7820 15
7822 1
7831 1
7840 20
7842 9
7843 11
7849 14
7855 4
7863 16
7865 16
7867 6
7875 21
7879 17
7881 1
7890 11
7897 10
7899 8
7902 12
7910 13
7916 10
7919 13
7925 17
7927 11
7933 14
7939 2
7949 11
7956 13
7962 2
7973 12
7981 16
7983 9
7985 20
7987 13
7993 6
7999 15
8001 12
8009 17
8011 14
8017 12
8024 5
8031 18
8032 9
8034 7
8037 3
8044 11
8050 9
8051 3
8057 2
8067 12
8074 17
8076 12
8083 16
8085 11
8092 3
8099 4
8106 5
8113 12
8119 20
8121 10
8123 2
8134 10
8135 11
8141 9
8142 12
8149 17
8151 18
8152 15
8154 12
8160 16
8162 13
8167 7
8169 10
8171 13
8177 12
8184 14
8189 10
8191 12
8199 16
8201 17
8203 11
8209 10
8211 3
8217 11
8224 11
8230 7
8232 16
8234 12
8240 18
8241 18
8242 18
8243 9
8245 7
8248 9
8249 17
8251 1
8261 10
8263 12
8270 12
8276 18
8277 6
8284 19
8286 11
8292 12
8299 13
8304 19
8306 18
8307 11
8314 18
8315 1
8324 17
8326 16
8328 21
8332 9
8334 8
8337 20
8339 20
8341 5
8348 12
8355 9
8357 9
8358 4
8364 8
8367 12
8374 20
8376 12
8382 2
8392 7
8395 20
8397 11
8403 8
8406 7
8409 13
8415 11
8422 20
8424 4
8431 7
8434 18
8435 18
8436 12
8443 12
8451 17
8453 13
8459 16
8461 11
8468 10
8470 11
8476 18
8477 14
8484 6
8491 2
8500 12
8506 18
8507 3
8513 2
8523 19
8525 18
8526 20
8528 9
8529 1
8538 11
8544 6
8551 11
8558 3
8565 3
8572 11
8578 5
8585 10
8586 10
8588 13
8594 12
8601 13
8607 12
8614 18
8615 6
8623 9
8624 3
8630 7
8632 17
8634 21
8638 20
8640 13
8646 19
8648 5
8654 14
8660 12
8666 3
8672 18
8673 16
8675 21
8679 5
8686 5
8692 8
8694 19
8696 10
8698 15
8700 6
8708 3
8715 8
8718 3
8724 12
8731 12
8739 19
8741 2
8752 19
8754 11
8761 19
8763 1
8773 6
8779 1
8788 6
8795 8
8798 20
8800 9
8801 6
8807 11
8813 18
8814 8
8818 11
8824 8
8828 5
8835 14
8841 13
8846 11
8853 8
8857 5
8863 13
8868 6
8875 18
8876 2
8886 17
8888 11
8894 19
8896 12
8903 4
8910 21
8914 18
8915 12
8923 11
8929 19
8931 18
8932 19
8934 16
8936 10
8938 19
8940 7
8943 12
8951 2
8961 11
8967 2
8977 12
8983 4
8990 12
8996 1
9005 18
9006 11
9012 18
9013 18
9014 12
9020 7
9023 9
9025 6
9032 11
9039 17
9041 5
9048 15
9050 16
9052 13
9058 16
9060 11
9066 15
9068 3
9075 10
9077 21
9081 16
9083 12
9091 4
9098 12
9105 4
9113 16
9115 2
9125 14
9132 21
9136 2
9146 18
9147 17
9149 14
9154 9
9156 21
9160 18
9161 2
9172 6
9179 6
9187 11
9194 4
9202 12
9209 6
9215 3
9221 8
9224 15
9226 16
9228 18
9229 11
9236 6
9243 15
9245 19
9247 1
9256 3
9262 7
9264 6
9270 7
9273 1
9282 6
9288 9
9289 3
9296 11
9302 16
9304 14
9309 14
9315 12
9323 8
9326 19
9328 18
9329 21
9333 5
9339 12
9345 16
9347 9
9348 12
9354 7
9356 12
9363 4
9371 8
9374 20
9376 18
9377 14
9383 14
9388 10
9390 10
9393 11
9400 11
9406 9
9407 11
9413 19
9415 12
9422 8
9425 10
9427 17
9429 3
9435 1
9444 2
9453 3
9459 16
9461 15
9463 12
9469 18
9470 12
9478 7
9481 14
9487 11
9494 4
9501 6
9508 2
9518 10
9519 19
9521 9
9523 21
9527 20
9529 4
9537 7
9539 21
9543 4
9551 19
9553 18
9554 10
9557 9
9559 18
9560 18
9561 6
9568 13
9573 17
9575 1
9584 1
9593 4
9599 11
9605 2
9614 9
9616 10
9618 12
9625 11
9632 1
9641 12
9647 16
9649 12
9656 3
9662 2
9672 18
9673 14
9678 12
9685 12
9692 15
9694 10
9697 3
9704 7
9706 15
9708 14
9714 5
9720 13
9725 21
9729 1
9739 18
9740 20
9742 11
9748 2
9758 1
9768 4
9775 10
9777 12
9785 17
9787 14
9794 12
9801 7
9803 3
9810 11
9817 11
9823 16
9825 12
9831 10
9834 9
9835 20
9837 12
9843 4
9851 12
9859 7
9861 18
9862 5
9869 17
9871 7
9874 17
9876 13
9882 6
9889 9
9890 2
9900 18
9901 19
9903 2
9912 7
9914 17
9916 3
9922 11
9929 20
9931 1
9940 12
9946 11
9953 14
9958 8
9961 11
9967 16
9969 1
9978 1
9987 17
9989 11
9995 11
10001 12
10009 13
10015 12
10021 8
10024 10
10026 5
10033 7
10035 20
10037 14
10043 11
10049 20
10051 12
10058 18
10059 13
10065 7
10067 12
10074 12
10082 18
10083 2
10093 8
10097 15
10099 1
10109 4
10115 18
10116 12
10122 17
10124 12
10130 14
10135 13
10140 16
10142 11
10149 18
10150 9
10151 4
10158 12
10164 20
10166 8
10170 13
10175 18
10176 6
10184 13
10189 14
10195 18
10196 11
10203 11
10210 11
10217 8
10221 20
10223 3
10230 11
10237 10
10239 10
10240 11
10247 5
10254 4
10260 1
10270 4
10276 16
10278 14
10284 17
10286 18
10287 11
10294 15
10296 12
10303 14
10310 6
10316 6
10324 17
10326 15
10328 8
10330 18
10331 9
10332 6
10338 2
10348 5
10354 6
10361 15
10363 8
10367 10
10370 20
10372 4
10379 14
10386 19
10388 7
10391 1
10401 3
10408 18
10409 17
10411 18
10412 11
10418 14
10423 18
10424 11
10431 15
10433 7
10436 13
10442 9
10444 16
10446 14
10451 18
10452 13
10457 12
10464 10
10465 6
10472 12
10479 11
10486 9
10487 7
10489 12
10495 18
10496 4
10504 11
10510 11
10517 10
10520 11
10526 14
10532 5
10538 8
10542 12
10548 17
10550 6
10556 8
10560 15
10562 11
10568 12
10575 11
10581 20
10583 9
10584 12
10590 12
10598 10
10601 2
10611 7
10613 2
10623 4
10630 12
10637 16
10639 7
10642 11
10649 6
10655 12
10661 8
10664 17
10666 5
10673 11
10680 10
10682 10
10683 20
10685 14
10691 15
10693 12
10699 15
10701 19
10703 14
10708 2
10718 12
10724 16
10726 13
10732 2
10742 8
10745 18
10746 14
10751 15
10753 5
10759 18
10760 4
10767 8
10770 17
10772 18
10773 7
10776 15
10778 17
10780 11
10787 12
10794 17
10796 8
10798 16
10800 11
10807 12
10814 1
10823 14
10829 21
10833 15
10835 5
10842 11
10849 4
10857 2
10867 3
10874 20
10876 6
10882 11
10888 18
10889 8
10893 19
10895 18
10896 6
10903 11
10910 19
10912 13
10918 18
10919 1
10928 17
10930 6
10937 17
10939 19
10941 17
10943 5
10950 13
10955 20
10957 11
10963 9
10964 12
10971 15
10973 14
10979 8
10983 10
10985 9
10987 21
10991 11
10998 8
11000 13
11005 11
11012 18
11013 10
11016 18
11017 16
11019 10
11021 16
11023 2
11033 19
11035 16
11037 1
11047 7
11049 6
11056 16
11058 16
11060 6
11068 14
11074 19
11076 16
11078 5
11085 18
11086 21
11090 17
11092 19
11094 13
11099 21
11103 4
11110 19
11112 11
11119 14
11125 5
11131 9
11133 14
11140 11
11147 7
11149 19
11151 18
11152 16
11154 18
11155 17
11157 14
11164 5
11170 5
11177 15
11179 11
11186 12
11193 7
11196 10
11198 4
11204 21
11208 18
11209 13
11215 18
11216 21
11220 11
11226 2
11235 11
11242 11
11249 10
11251 11
11257 13
11262 5
11269 8
11271 3
11277 21
11281 6
11289 4
11296 4
11303 15
11305 18
11306 15
11308 11
11314 8
11317 3
11324 12
11331 19
11333 1
11343 11
11349 12
11356 2
11366 14
11371 19
11373 10
11374 12
11381 11
11387 17
11389 9
11391 19
11393 4
11399 18
11400 1
11410 12
11416 18
11417 4
11423 5
11430 1
11439 21
11443 19
11445 13
11450 20
11452 11
11459 4
11466 10
11468 8
11470 6
11477 16
11479 18
11480 11
11486 15
11488 15
11490 11
11497 6
11505 9
11507 8
11511 11
11518 10
11520 2
11530 15
11532 11
11539 3
11545 12
11552 6
11560 11
11567 11
11574 20
11576 13
11581 1
11591 1
11601 12
11607 11
11613 16
11615 1
11625 5
11631 11
11638 13
11644 12
11651 11
11658 9
11660 4
11668 2
11678 3
11684 15
11686 9
11687 14
11693 9
11695 21
11699 11
11706 17
11708 4
11716 21
11720 11
11727 9
11729 8
11733 13
11739 21
11743 12
11749 4
11756 1
11766 9
11768 9
11769 18
11770 6
11777 19
11779 2
11789 3
11795 6
11801 10
11804 20
11806 12
11812 4
11819 10
11821 14
11828 19
11830 18
11831 18
11832 11
11839 21
11843 8
11845 11
11851 11
11858 17
11860 11
11867 19
11869 9
11870 21
11874 11
11881 4
11888 1
11897 21
11901 12
11908 12
11914 7
11916 5
11923 18
11924 5
11930 15
11932 18
11933 4
11941 15
11943 11
11949 20
11951 18
11952 6
11958 12
11966 21
11970 15
11972 12
11980 18
11981 15
11983 15
11985 17
11987 11
11994 11
12000 16
12002 17
12004 7
12006 14
12011 18
12012 5
12018 10
12020 11
12027 13
12032 18
12033 6
12039 21
12043 13
12048 15
12050 15
12052 18
12053 19
12055 17
12057 15
12059 5
12066 16
12068 7
12070 11
12077 12
12083 20
12085 13
12091 10
12093 11
12100 2
12111 20
12113 20
12115 12
12122 21
12126 11
12133 15
12135 16
12137 15
12139 13
12144 21
12148 11
12154 12
12161 18
12162 17
12164 12
12171 3
12178 6
12184 6
12192 11
12198 9
12200 6
12206 8
12209 12
12215 17
12217 17
12219 12
12225 16
12227 11
12233 19
12235 19
12237 8
12240 14
12246 4
12253 15
12255 11
12261 20
12263 15
12265 19
12267 21
12271 9
12273 12
12280 15
12282 9
12284 19
12286 4
12292 17
12294 11
12300 14
12306 12
12313 14
12319 19
12321 3
12327 18
12328 10
12330 11
12336 11
12343 17
12345 15
12347 20
12349 10
12351 6
12359 12
12366 13
12372 17
12374 17
12376 4
12384 15
12386 8
12389 19
12391 15
12393 18
12394 3
12400 14
12406 7
12409 3
12415 10
12417 9
12419 9
12420 13
12426 18
12427 11
12434 2
12445 18
12446 11
12452 18
12453 4
12460 16
12462 17
12464 18
12465 5
12472 16
12474 3
12481 21
12485 21
12489 8
12492 16
12494 11
12500 8
12503 3
12509 10
12511 17
12513 12
12520 4
12527 5
12533 21
12537 18
12538 11
12545 1
12554 12
12561 12
12568 12
12575 19
12577 21
12581 12
12588 12
12595 17
12597 18
12598 16
12600 6
12607 7
12609 17
12611 19
12613 17
12615 10
12617 9
12619 16
12621 3
12628 11
12635 20
12637 11
12643 18
12644 15
12646 1
12655 20
12657 3
12663 12
12670 9
12671 15
12673 11
12680 15
12682 21
12686 11
12693 5
12699 8
12701 3
12708 18
12709 19
12711 17
12713 6
12721 19
12723 4
12730 7
12733 5
12739 18
12740 2
12750 19
12752 12
12758 13
12763 11
12770 9
12771 3
12777 3
12783 7
12786 20
12788 14
12795 5
12802 2
12812 18
12813 11
12820 8
12823 9
12824 10
12827 12
12835 7
12838 3
12845 13
12850 13
12856 18
12857 11
12863 10
12865 15
12867 14
12874 3
12881 4
12889 7
12891 9
12893 7
12896 12
12904 21
12908 18
12909 7
12912 12
12920 21
12924 12
12931 20
12933 10
12936 10
12938 18
12939 20
12941 11
12947 11
12954 21
12958 12
12965 4
12972 9
12974 9
12975 5
12981 8
12983 12
12990 21
12994 11
13001 12
13008 16
13010 8
13012 12
13019 15
13021 16
13023 2
13034 9
13035 13
13040 11
13047 18
13048 9
13049 21
13053 4
13060 13
13066 18
13067 13
13073 7
13076 13
13082 11
13089 10
13090 18
13091 18
13092 12
13099 9
13100 18
13101 14
13107 4
13114 19
13116 15
13118 12
13124 12
13131 10
13134 4
13142 19
13144 11
13150 8
13153 8
13156 21
13160 9
13162 21
13166 17
13168 18
13169 12
13176 1
13185 15
13187 3
13193 6
13199 14
13205 12
13212 12
13220 1
13230 7
13233 1
13242 9
13244 1
13253 11
13259 11
13266 18
13267 11
13273 21
13277 19
13279 16
13281 19
13283 9
13284 10
13286 9
13288 5
13294 18
13295 17
13297 9
13298 8
13302 7
13304 19
13306 7
13308 20
13310 5
13316 6
13323 16
13325 15
13327 14
13333 4
13340 11
13347 1
13357 2
13368 10
13370 15
13372 12
13379 9
13380 11
13387 13
13393 15
13395 16
13397 5
13404 21
13408 18
13409 6
13416 12
13423 5
13430 17
13432 21
13436 5
13442 14
13449 12
13457 7
13459 17
13461 8
13464 8
13467 16
13469 17
13471 11
13477 13
13483 9
13484 6
13490 10
13493 11
13500 16
13502 7
13505 6
13512 2
13523 6
13530 12
13538 20
13540 11
13546 10
13548 12
13555 9
13557 4
13563 14
13569 20
13571 2
13581 17
13583 21
13587 16
13589 14
13595 16
13597 11
13604 12
13611 9
13613 16
13615 4
13621 9
13622 1
13631 12
13639 3
13646 13
13651 16
13653 12
13660 13
13665 1
13674 4
13681 12
13688 12
13696 1
13705 18
13706 10
13708 16
13710 21
13714 12
13720 12
13726 12
