2959
1 21
5 3
12 11
19 12
25 7
28 14
34 10
35 21
39 19
41 12
47 7
50 4
58 5
65 6
72 11
79 17
81 12
87 12
94 3
101 21
105 16
107 12
114 9
115 12
122 19
124 7
127 8
130 12
136 15
138 3
145 13
151 20
153 18
154 12
161 16
163 15
165 17
167 13
173 12
179 5
186 19
188 15
190 11
196 13
201 2
211 1
220 16
222 5
228 14
233 12
240 16
242 8
244 2
254 3
261 17
263 12
269 13
274 9
276 19
278 12
286 12
294 19
296 6
303 9
305 21
309 11
316 12
322 16
324 11
331 14
336 11
343 11
349 6
356 11
363 12
370 5
376 18
377 12
385 18
386 13
392 2
402 12
408 8
411 11
418 19
420 18
421 21
425 5
431 11
437 21
441 13
447 4
453 4
460 7
462 6
468 12
475 2
485 12
491 12
498 1
507 18
508 10
510 3
517 1
526 12
533 11
539 5
545 10
546 17
548 7
551 1
560 19
562 12
569 11
575 6
581 17
583 2
593 1
602 12
609 18
610 10
612 1
621 11
628 1
637 8
641 3
647 11
654 11
660 21
664 12
670 11
676 15
678 21
682 15
684 12
692 11
698 13
704 21
708 9
709 21
713 15
715 6
722 9
724 12
731 3
738 9
739 21
743 2
753 1
762 11
769 15
771 17
773 11
780 9
781 5
788 11
795 16
797 7
800 15
802 16
804 18
805 6
812 4
819 14
826 3
832 3
839 14
845 11
852 15
854 2
864 18
865 13
870 10
871 20
873 17
875 12
883 11
890 3
896 1
906 5
913 2
924 21
928 14
935 11
941 19
943 19
945 2
955 2
964 1
973 12
979 16
981 9
983 20
985 18
986 5
992 15
994 15
996 19
998 11
1005 13
1011 19
1013 19
1015 12
1022 13
1027 8
1029 18
1030 9
1031 12
1038 6
1044 18
1045 21
1049 2
1059 10
1062 13
1067 20
1069 9
1070 8
1073 12
1080 19
1082 18
1083 5
1090 11
1096 19
1098 13
1104 11
1110 14
1115 18
1116 7
1118 13
1124 1
1134 3
1140 12
1148 11
1155 13
1160 14
1166 21
1170 1
1179 18
1180 12
1187 19
1189 12
1197 3
1204 14
1211 12
1217 9
1219 2
1229 18
1230 4
1237 12
1244 7
1247 3
1253 14
1260 7
1263 7
1265 14
1272 11
1279 14
1285 21
1289 19
1291 12
1298 21
1302 11
1309 2
1319 10
1321 2
1332 12
1339 2
1350 4
1357 21
1361 13
1367 12
1375 6
1382 11
1388 6
1395 10
1397 19
1399 18
1400 13
1406 11
1413 12
1420 12
1428 15
1430 8
1433 12
1441 7
1443 11
1449 5
1455 17
1457 2
1467 1
1476 18
1477 21
1481 11
1487 16
1489 15
1491 12
1497 12
1505 3
1511 8
1514 10
1516 9
1518 17
1520 15
1522 14
1528 18
1529 12
1536 17
1538 13
1544 20
1546 2
1557 18
1558 9
1560 14
1565 13
1570 13
1575 5
1582 11
1588 9
1590 7
1593 9
1595 12
1603 1
1612 5
1619 20
1621 17
1623 15
1625 3
1631 4
1638 17
1640 18
1641 9
1642 2
1653 10
1655 17
1657 11
1663 14
1669 2
1679 15
1681 11
1688 3
1694 1
1704 17
1706 11
1713 17
1715 15
1717 1
1727 14
1732 12
1739 11
1745 20
1747 12
1754 19
1756 18
1757 5
1764 3
1771 9
1772 21
1776 11
1783 19
1785 21
1789 5
1796 11
1803 9
1805 9
1807 12
1814 18
1815 11
1822 9
1823 15
1825 7
1828 11
1834 12
1841 7
1844 8
1848 15
1850 5
1857 3
1864 9
1866 3
1873 16
1875 11
1882 15
1884 1
1893 8
1895 10
1896 6
1904 3
1911 12
1919 6
1925 11
1931 14
1938 6
1944 9
1945 12
1952 12
1959 9
1961 11
1968 20
1970 9
1972 9
1974 16
1976 11
1983 12
1990 11
1997 14
2002 12
2009 21
2013 6
2019 4
2027 6
2034 16
2036 21
2040 1
2050 16
2052 11
2059 5
2065 14
2070 15
2072 2
2081 12
2089 3
2096 17
2098 2
2108 18
2109 13
2115 14
2122 8
2125 11
2132 10
2133 9
2135 2
2145 10
2147 12
2155 20
2157 6
2164 3
2171 13
2176 14
2182 11
2189 17
2191 9
2192 6
2198 6
2204 18
2205 4
2211 15
2213 19
2215 16
2217 9
2218 21
2222 15
2224 15
2226 12
2234 9
2236 11
2242 10
2245 16
2247 7
2250 13
2255 18
2256 21
2260 2
2271 12
2279 13
2284 14
2290 5
2296 12
2304 18
2305 2
2315 12
2323 2
2332 12
2339 20
2341 13
2347 1
2357 11
2364 5
2370 21
2374 11
2380 11
2386 4
2392 12
2400 1
2409 13
2415 12
2422 3
2428 11
2434 21
2438 11
2444 12
2451 12
2458 12
2465 15
2467 6
2475 20
2477 15
2479 15
2481 11
2487 13
2492 18
2493 3
2500 2
2511 7
2513 16
2515 12
2522 15
2524 12
2531 1
2541 9
2543 16
2545 11
2551 19
2553 19
2555 18
2556 9
2557 18
2558 11
2564 12
2572 2
2583 21
2587 5
2593 7
2595 11
2601 15
2603 2
2612 2
2622 13
2628 5
2634 12
2640 12
2648 15
2650 9
2651 14
2658 15
2660 12
2667 12
2673 20
2675 6
2682 7
2685 11
2692 2
2702 13
2708 8
2710 11
2716 4
2722 1
2731 10
2734 8
2737 18
2738 11
2745 18
2746 7
2749 19
2751 21
2755 1
2764 12
2771 16
2773 12
2780 18
2781 19
2783 21
2787 3
2794 14
2799 19
2801 16
2803 18
2804 12
2812 11
2819 4
2826 9
2827 18
2828 15
2830 6
2837 10
2839 16
2841 5
2847 11
2853 17
2855 20
2857 4
2864 17
2866 11
2873 1
2882 12
2889 11
2896 16
2898 15
2900 11
2906 19
2908 12
2915 6
2922 16
2924 17
2926 16
2928 20
2930 8
2932 20
2934 20
2936 5
2942 11
2948 5
2954 17
2956 14
2962 12
2970 16
2972 18
2973 16
2975 15
2977 1
2986 12
2994 18
2995 15
2997 17
2999 20
3001 9
3002 20
3004 14
3009 18
3010 6
3017 11
3024 3
3030 5
3036 8
3039 10
3040 15
3042 8
3045 7
3048 15
3050 11
3056 14
3062 13
3068 18
3069 12
3076 11
3082 8
3084 18
3085 17
3087 20
3089 21
3093 6
3100 19
3102 8
3105 10
3106 10
3109 3
3115 10
3117 20
3119 8
3123 21
3127 6
3133 7
3136 18
3137 18
3138 8
3140 11
3147 14
3152 11
3158 11
3165 6
3173 1
3182 11
3188 2
3199 12
3207 20
3209 2
3218 2
3227 17
3229 4
3236 19
3238 16
3240 18
3241 15
3243 3
3250 5
3257 3
3264 17
3266 1
3276 10
3278 19
3280 4
3288 11
3295 8
3299 6
3307 14
3314 2
3325 11
3331 16
3333 12
3340 17
3342 3
3349 17
3351 4
3358 13
3364 6
3371 11
3378 14
3384 12
3392 19
3394 11
3401 9
3402 17
3404 11
3411 3
3418 14
3424 17
3426 21
3430 10
3431 13
3436 20
3438 11
3444 5
3450 18
3451 18
3452 5
3458 20
3460 14
3466 12
3472 11
3479 18
3480 8
3482 18
3483 11
3489 12
3496 4
3503 12
3509 17
3511 11
3517 12
3524 11
3531 18
3532 12
3539 12
3547 1
3557 12
3564 2
3574 10
3576 7
3579 12
3587 6
3594 9
3595 8
3599 21
3603 4
3609 11
3615 13
3620 17
3622 10
3623 9
3624 17
3626 13
3632 11
3639 12
3646 4
3652 16
3654 3
3661 12
3668 13
3674 10
3677 12
3683 11
3689 12
3696 10
3698 13
3704 1
3714 19
3716 12
3722 7
3725 13
3730 2
3740 13
3745 9
3746 12
3752 7
3755 1
3765 20
3767 18
3768 7
3770 11
3776 12
3783 1
3793 11
3799 7
3802 5
3808 20
3810 19
3812 19
3814 6
3822 4
3830 17
3832 21
3836 8
3840 7
3843 13
3849 3
3855 5
3861 2
3871 11
3878 6
3885 16
3887 7
3890 11
3896 21
3900 7
3902 12
3909 11
3915 11
3921 8
3924 7
3927 21
3931 19
3933 18
3934 19
3936 1
3946 7
3948 11
3954 5
3960 13
3965 9
3966 10
3967 19
3969 18
3970 17
3972 5
3979 17
3981 18
3982 11
3988 19
3990 5
3996 6
4003 18
4004 20
4006 17
4008 11
4014 1
4023 11
4029 18
4030 4
4037 19
4039 12
4046 6
4052 14
4058 9
4059 11
4066 18
4067 1
4076 5
4082 13
4088 15
4090 21
4094 12
4102 8
4105 7
4107 1
4116 9
4118 16
4120 12
4128 7
4131 15
4133 16
4135 1
4144 14
4150 18
4151 18
4152 6
4159 16
4161 12
4169 19
4171 9
4172 17
4174 3
4181 12
4189 6
4195 17
4197 18
4198 19
4200 14
4205 11
4212 4
4219 15
4221 17
4223 9
4225 17
4227 7
4230 16
4232 8
4236 8
4240 18
4241 12
4248 17
4250 18
4251 5
4258 9
4260 15
4262 11
4269 21
4273 14
4279 8
4283 5
4289 12
4296 1
4305 5
4312 20
4314 8
4316 8
4320 16
4322 9
4324 18
4325 12
4333 9
4334 8
4337 11
4343 12
4349 13
4354 15
4356 18
4357 3
4364 11
4370 11
4376 12
4382 19
4384 10
4385 4
4393 20
4395 10
4397 17
4399 14
4406 6
4413 3
4420 12
4428 11
4434 9
4436 18
4437 12
4444 9
4445 9
4447 16
4449 2
4458 4
4464 14
4471 5
4477 1
4486 15
4488 21
4492 18
4493 2
4503 17
4505 14
4511 5
4518 10
4521 14
4528 5
4535 13
4540 12
4546 16
4548 11
4555 18
4556 18
4557 15
4559 11
4565 5
4572 6
4578 18
4579 19
4581 3
4587 14
4594 15
4596 11
4602 11
4609 10
4610 20
4612 5
4618 2
4627 20
4629 21
4633 21
4637 20
4639 11
4645 10
4646 13
4652 14
4658 6
4665 11
4672 11
4679 13
4685 15
4687 15
4689 10
4690 12
4696 20
4698 18
4699 16
4701 2
4711 19
4713 15
4715 12
4723 11
4730 15
4732 21
4736 15
4738 15
4740 16
4742 13
4747 11
4754 5
4761 12
4768 2
4778 19
4780 19
4782 11
4788 11
4794 4
4801 6
4808 15
4810 4
4816 20
4818 15
4820 18
4821 21
4825 16
4827 3
4834 17
4836 8
4839 4
4845 12
4852 21
4856 11
4862 13
4867 16
4869 8
4872 12
4880 4
4886 17
4888 15
4890 11
4896 18
4897 12
4904 1
4914 13
4919 15
4921 7
4923 8
4926 2
4936 9
4937 17
4939 19
4941 11
4948 13
4954 11
4960 3
4967 13
4972 3
4979 6
4986 14
4992 7
4995 8
4998 16
5000 4
5007 18
5008 20
5010 4
5017 11
5023 13
5028 16
5030 20
5032 12
5040 8
5044 19
5046 21
5050 15
5052 2
5062 4
5069 20
5071 12
5079 18
5080 18
5081 1
5091 18
5092 1
5102 18
5103 1
5112 14
5119 19
5121 17
5123 18
5124 12
5131 3
5138 18
5139 7
5142 20
5144 12
5150 11
5157 7
5160 9
5161 14
5167 11
5174 19
5176 16
5178 12
5184 9
5186 12
5192 4
5199 12
5207 14
5213 20
5215 12
5223 12
5231 7
5233 2
5243 2
5253 6
5259 1
5269 12
5276 17
5278 12
5284 18
5285 10
5287 10
5289 21
5293 6
5301 16
5303 11
5309 11
5315 12
5321 14
5326 9
5327 8
5330 8
5334 18
5335 19
5337 1
5347 17
5349 18
5350 6
5358 15
5360 6
5366 6
5373 14
5380 11
5386 19
5388 12
5395 13
5400 19
5402 12
5410 1
5419 12
5426 11
5432 6
5439 7
5441 16
5443 7
5446 15
5448 4
5454 18
5455 15
5457 11
5463 1
5472 14
5477 20
5479 11
5486 20
5488 9
5489 12
5495 9
5497 1
5507 13
5513 11
5520 8
5523 12
5530 11
5537 11
5543 11
5550 21
5554 11
5560 12
5568 11
5574 14
5580 19
5582 10
5584 18
5585 11
5591 5
5598 11
5605 13
5611 16
5613 12
5619 4
5627 19
5629 4
5637 16
5639 11
5645 4
5652 18
5653 11
5660 16
5662 21
5666 4
5673 20
5675 18
5676 21
5680 8
5682 12
5689 11
5695 9
5696 18
5697 12
5704 16
5706 20
5708 12
5715 11
5721 4
5729 9
5731 10
5734 11
5741 5
5748 12
5756 9
5758 9
5760 4
5767 12
5774 11
5781 11
5788 8
5791 7
5794 2
5804 18
5805 16
5807 21
5811 5
5818 16
5820 10
5822 1
5832 11
5839 4
5845 16
5847 12
5853 13
5859 19
5861 17
5863 5
5870 6
5877 10
5879 4
5885 3
5892 18
5893 13
5899 13
5904 17
5906 4
5913 11
5920 1
5930 14
5937 12
5943 1
5952 11
5959 4
5965 3
5972 7
5974 5
5980 2
5990 20
5992 18
5993 19
5995 16
5997 15
5999 7
6002 19
6004 8
6006 17
6008 14
6014 11
6021 18
6022 2
6032 19
6034 15
6036 5
6042 12
6048 11
6054 7
6056 11
6062 11
6068 1
6077 18
6078 7
6081 18
6082 6
6088 4
6095 19
6097 1
6106 5
6113 16
6115 9
6117 17
6119 15
6121 9
6122 6
6130 15
6132 11
6138 11
6144 2
6154 1
6164 3
6171 15
6173 2
6183 18
6184 19
6186 17
6188 19
6190 12
6197 3
6204 18
6205 20
6207 11
6213 16
6215 12
6222 15
6224 5
6231 18
6232 12
6240 15
6242 19
6244 21
6248 6
6256 2
6267 11
6273 10
6274 20
6276 11
6282 9
6283 7
6285 13
6291 4
6298 7
6301 19
6303 16
6305 13
6310 15
6312 20
6314 13
6320 12
6327 6
6333 1
6343 9
6345 15
6347 11
6353 7
6355 21
6359 9
6361 4
6367 18
6368 18
6369 11
6375 5
6382 2
6392 9
6394 1
6404 4
6411 9
6413 14
6419 19
6421 12
6428 17
6430 12
6437 2
6447 18
6448 12
6456 3
6463 21
6467 12
6475 2
6485 11
6491 16
6493 3
6499 6
6507 11
6514 12
6522 12
6529 10
6530 6
6537 11
6543 7
6545 15
6547 7
6550 21
6554 13
6559 2
6568 18
6569 11
6576 16
6578 18
6579 19
6581 19
6583 1
6593 12
6599 11
6606 2
6617 1
6626 9
6627 10
6629 11
6636 16
6638 5
6645 13
6651 15
6653 19
6655 11
6661 6
6669 7
6672 12
6678 9
6679 18
6680 12
6687 2
6697 12
6704 17
6706 18
6707 13
6713 1
6723 15
6725 18
6726 7
6729 5
6735 16
6737 12
6745 20
6747 15
6749 15
6751 12
6758 15
6760 20
6762 16
6764 3
6771 9
6773 15
6775 4
6783 11
6789 4
6796 20
6798 14
6804 6
6811 21
6815 13
6820 3
6826 8
6829 18
6830 16
6832 1
6842 2
6853 9
6855 9
6856 19
6858 9
6859 17
6861 9
6862 13
6867 6
6873 6
6879 11
6885 7
6887 12
6895 9
6897 11
6903 10
6905 11
6911 19
6913 6
6920 21
6924 15
6926 6
6934 3
6940 9
6942 2
6951 6
6959 8
6962 12
6968 18
6969 11
6975 13
6980 3
6986 4
6994 2
7005 20
7007 17
7009 14
7014 11
7020 12
7026 8
7028 5
7035 12
7041 11
7047 12
7055 11
7062 15
7064 15
7066 11
7073 15
7075 16
7077 11
7083 17
7085 20
7087 18
7088 9
7090 21
7094 8
7097 7
7100 2
7111 12
7118 14
7124 11
7130 15
7132 6
7139 3
7146 11
7153 10
7155 8
7157 15
7159 11
7165 10
7168 7
7171 12
7177 16
7179 12
7186 1
7196 12
7202 13
7208 19
7210 12
7218 3
7225 12
7232 11
7239 14
7244 19
7246 2
7257 4
7264 1
7273 9
7275 6
7281 4
7289 18
7290 9
7292 18
7293 10
7295 6
7302 9
7304 11
7311 9
7312 11
7319 11
7326 6
7334 15
7336 7
7338 11
7344 11
7350 8
7354 3
7361 11
7367 9
7369 5
7375 11
7381 6
7389 10
7390 15
7392 14
7398 15
7400 10
7403 4
7409 8
7412 8
7414 21
7418 16
7420 13
7426 12
7434 11
7440 6
7447 19
7449 6
7456 7
7459 18
7460 3
7466 4
7472 17
7474 18
7475 10
7477 20
7479 8
7482 4
7490 18
7491 16
7493 21
7497 2
7507 11
7514 19
7516 2
7526 6
7532 13
7537 16
7539 19
7541 3
7548 11
7554 14
7559 6
7566 15
7568 18
7569 7
7571 14
7578 21
7582 16
7584 21
7588 11
7595 16
7597 10
7599 21
7603 8
7605 14
7611 18
7612 15
7614 18
7615 12
7621 11
7627 19
7629 11
7636 16
7638 12
7645 9
7647 11
7653 2
7662 2
7673 17
7675 15
7677 21
7681 1
7690 12
7696 14
7703 20
7705 18
7706 11
7712 9
7713 11
7719 11
7726 11
7733 18
7734 20
7736 12
7743 12
7749 3
7755 20
7757 13
7763 14
7768 1
7778 15
7780 6
7786 8
7790 12
7797 14
7804 11
7810 13
7815 11
7822 20
7824 3
7830 7
7832 18
7833 18
7834 1
7844 2
7853 18
7854 13
7859 19
7861 21
7865 2
7874 7
7876 2
7887 18
7888 3
7894 21
7898 12
7905 3
7911 14
7917 11
7924 18
7925 18
7926 18
7927 17
7929 11
7935 14
7941 3
7948 5
7954 2
7963 19
7965 18
7966 7
7969 6
7975 9
7977 11
7983 12
7990 6
7998 11
8004 16
8006 6
8013 14
8019 9
8021 18
8022 10
8024 14
8030 7
8032 18
8033 16
8035 13
8041 3
8047 3
8053 8
8056 12
8062 18
8063 18
8064 18
8065 19
8067 2
8078 12
8084 12
8092 12
8099 15
8101 13
8106 7
8109 12
8116 5
8122 11
8128 3
8135 12
8141 11
8148 2
8159 1
8168 2
8178 6
8184 11
8191 2
8201 2
8210 13
8216 13
8222 18
8223 12
8231 19
8233 5
8239 16
8241 3
8248 11
8254 4
8261 21
8265 5
8272 11
8279 4
8285 4
8293 14
8299 11
8305 17
8307 9
8309 11
8315 5
8322 14
8329 19
8331 17
8333 4
8339 1
8349 18
8350 11
8357 1
8367 10
8368 7
8370 12
8378 12
8385 11
8392 8
8396 18
8397 3
8403 16
8405 1
8414 17
8416 10
8417 8
8420 10
8421 6
8428 12
8434 13
8440 11
8446 12
8452 7
8455 15
8457 6
8464 2
8474 6
8480 16
8482 17
8484 12
8492 11
8499 15
8501 4
8508 9
8509 13
8514 8
8517 16
8519 2
8528 15
8530 21
8534 4
8541 18
8542 12
8548 1
8558 9
8560 15
8562 11
8568 2
8577 8
8579 2
8588 4
8595 10
8598 9
8600 5
8607 19
8609 9
8611 20
8613 7
8616 18
8617 21
8621 8
8623 2
8633 18
8634 11
8641 14
8646 20
8648 15
8650 2
8659 2
8669 11
8676 16
8678 16
8680 5
8686 11
8693 16
8695 15
8697 4
8704 6
8711 3
8717 4
8725 10
8727 11
8733 3
8740 2
8750 17
8752 18
8753 6
8760 6
8767 12
8774 1
8784 7
8786 10
8787 16
8789 8
8792 9
8793 19
8795 9
8796 8
8800 8
8803 11
8809 12
8817 15
8819 8
8822 18
8823 20
8825 13
8830 18
8831 11
8837 7
8840 14
8846 17
8848 5
8854 1
8864 18
8865 11
8871 11
8878 10
8881 5
8888 12
8894 5
8901 9
8902 10
8904 15
8906 9
8908 8
8911 12
8918 19
8920 18
8921 13
8927 3
8934 10
8936 18
8937 10
8940 18
8941 7
8943 18
8944 10
8945 2
8956 20
8958 5
8964 16
8966 7
8968 7
8971 15
8973 18
8974 12
8980 8
8984 8
8987 9
8989 4
8995 6
9002 8
9006 2
9017 4
9024 13
9030 19
9032 18
9033 9
9034 11
9040 15
9042 20
9044 4
9051 19
9053 9
9054 7
9056 20
9058 9
9059 4
9066 16
9068 3
9074 1
9084 13
9090 5
9097 6
9103 1
9112 1
9122 7
9124 9
9125 11
9132 10
9134 12
9141 15
9143 15
9145 11
9152 11
9158 11
9165 7
9167 9
9169 11
9176 16
9178 6
9185 2
9194 11
9200 6
9207 16
9209 16
9211 20
9213 9
9214 4
9222 18
9223 19
9225 4
9232 3
9239 16
9241 19
9243 1
9253 4
9259 12
9267 12
9273 11
9279 21
9283 18
9284 21
9288 17
9290 12
9297 7
9299 1
9308 19
9310 2
9320 17
9322 15
9324 3
9330 7
9333 5
9339 15
9341 3
9348 4
9354 6
9362 11
9368 3
9374 9
9375 15
9377 11
9383 18
9384 8
9387 13
9393 19
9395 2
9406 12
9412 15
9414 5
9420 12
9427 8
9430 19
9432 9
9434 19
9436 8
9439 18
9440 16
9442 21
9446 12
9452 2
9463 15
9465 13
9470 6
9478 18
9479 15
9481 19
9483 2
9494 1
9504 21
9508 5
9515 12
9522 7
9524 21
9528 21
9532 5
9538 15
9540 1
9550 11
9556 6
9564 6
9570 19
9572 10
9573 15
9575 6
9583 19
9585 3
9592 14
9598 13
9604 13
9610 19
9612 18
9613 7
9615 12
9621 19
9623 14
9630 18
9631 19
9633 20
9635 2
9644 11
9651 11
9658 10
9660 3
9666 5
9673 1
9682 8
9686 14
9692 14
9697 21
9701 18
9702 12
9709 19
9711 15
9713 19
9715 14
9721 19
9723 16
9725 11
9732 18
9733 14
9738 8
9741 8
9744 14
9750 16
9752 18
9753 17
9755 16
9757 18
9758 10
9760 12
9767 10
9769 18
9770 4
9776 7
9778 8
9781 20
9783 12
9790 12
9797 17
9799 4
9806 20
9808 3
9814 12
9821 18
9822 10
9823 7
9825 10
9826 16
9828 7
9831 11
9837 15
9839 5
9846 3
9852 19
9854 10
9857 3
9864 9
9866 18
9867 7
9870 20
9872 12
9880 8
9883 20
9885 10
9887 4
9894 19
9896 18
9897 8
9899 19
9901 15
9903 9
9904 12
9912 6
9920 1
9930 4
9937 4
9943 20
9945 1
9955 15
9957 15
9959 19
9961 16
9963 11
9970 21
9974 8
9977 20
9979 5
9986 8
9988 4
9996 21
10000 12
10008 9
10009 9
10011 10
10012 12
10020 16
10022 12
10030 16
10032 12
10039 12
10047 19
10049 13
10054 11
10061 3
10067 11
10074 3
10081 10
10082 3
10089 14
10096 12
10103 6
10111 17
10113 9
10114 18
10115 6
10121 3
10128 17
10130 10
10132 11
10138 9
10139 16
10141 12
10148 8
10151 18
10152 15
10154 11
10161 13
10166 12
10173 14
10180 12
10187 12
10193 19
10195 18
10196 19
10198 16
10200 12
10206 10
10208 8
10211 2
10220 5
10227 13
10233 11
10239 12
10246 11
10253 16
10255 5
10262 18
10263 6
10271 12
10277 16
10279 12
10286 6
10292 7
10295 11
10301 8
10305 4
10312 15
10314 9
10315 11
10321 18
10322 16
10324 4
10330 11
10336 14
10341 18
10342 10
10344 16
10346 8
10349 13
10354 12
10361 12
10367 11
10373 18
10374 21
10378 5
10384 13
10389 5
10395 19
10397 20
10399 11
10405 6
10411 12
10419 12
10425 3
10431 3
10438 20
10440 9
10441 5
10448 13
10454 5
10461 2
10471 8
10474 16
10476 12
10484 5
10491 19
10493 14
10499 11
10505 15
10507 4
10514 16
10516 3
10523 6
10530 15
10532 20
10534 2
10544 8
10547 21
10551 16
10553 4
10560 8
10563 16
10565 9
10567 11
10573 13
10578 13
10584 18
10585 17
10587 15
10589 17
10591 15
10593 17
10595 16
10597 12
10604 12
10610 2
10620 5
10626 11
10633 1
10642 18
10643 14
10649 11
10655 15
10657 11
10664 2
10675 5
10681 10
10682 2
10692 12
10699 2
10709 16
10711 2
10721 9
10723 19
10725 13
10731 15
10733 10
10736 12
10743 11
10749 11
10756 11
10762 11
10769 12
10777 8
10780 7
10782 8
10785 3
10791 11
10797 14
10803 12
10810 9
10812 10
10814 11
10820 4
10827 13
10833 5
10840 17
10842 15
10844 11
10850 18
10851 11
10857 11
10863 12
10869 5
10876 7
10878 12
10885 12
10893 11
10900 12
10908 13
10914 16
10916 3
10923 21
10927 14
10932 9
10933 19
10935 17
10937 19
10939 20
10941 12
10948 18
10949 11
10956 3
10962 19
10964 3
10970 19
10972 11
10979 11
10985 18
10986 16
10988 4
10995 10
10997 2
11008 1
11018 15
11020 15
11022 11
11029 7
11031 15
11033 5
11039 18
11040 11
11046 7
11048 12
11055 21
11059 8
11062 13
11068 12
11075 18
11076 21
11080 7
11082 14
11087 15
11089 4
11097 9
11099 15
11101 14
11108 11
11114 9
11116 17
11118 12
11125 20
11127 9
11128 9
11129 16
11131 15
11133 5
11140 5
11147 21
11151 8
11154 17
11156 11
11162 16
11164 4
11170 12
11177 18
11178 7
11180 14
11186 17
11188 16
11190 14
11195 12
11203 19
11205 1
11214 8
11218 11
11224 3
11230 17
11232 12
11238 14
11244 18
11245 18
11246 5
11252 12
11259 15
11261 5
11268 5
11274 4
11280 11
11286 11
11292 8
11295 8
11299 14
11306 2
11316 18
11317 13
11323 2
11332 11
11338 5
11344 14
11349 7
11352 19
11354 21
11358 16
11360 14
11365 21
11369 8
11371 11
11377 19
11379 14
11386 15
11388 12
11395 18
11396 3
11403 5
11410 5
11417 4
11424 11
11431 12
11438 21
11442 18
11443 11
11449 20
11451 9
11453 18
11454 8
11458 14
11464 14
11470 15
11472 17
11474 11
11481 15
11483 12
11490 3
11497 12
11503 2
11513 15
11515 3
11522 8
11525 5
11531 5
11537 1
11546 21
11550 3
11557 6
11565 21
11569 11
11576 5
11582 8
11584 16
11586 4
11593 11
11600 8
11603 13
11608 1
11618 17
11620 2
11630 5
11636 21
11640 13
11645 20
11647 6
11655 3
11662 21
11666 18
11667 16
11669 12
11677 9
11679 18
11680 11
11687 18
11688 18
11689 11
11695 2
11706 15
11708 20
11710 10
11712 20
11714 5
11720 2
11730 12
11737 18
11738 12
11745 11
11752 1
11762 9
11764 16
11766 20
11768 9
11770 5
11777 2
11787 15
11789 16
11791 3
11798 19
11800 16
11802 9
11803 18
11804 2
11815 2
11826 8
11829 8
11832 9
11833 15
11835 13
11841 15
11843 13
11848 16
11850 6
11856 18
11857 11
11864 3
11870 12
11877 7
11880 8
11883 10
11886 21
11890 16
11892 11
11898 11
11904 9
11906 15
11908 6
11915 15
11917 14
11922 19
11924 14
11931 10
11933 7
11936 8
11939 10
11941 6
11948 15
11950 20
11952 18
11953 8
11957 13
11963 7
11965 18
11966 12
11973 11
11980 18
11981 19
11983 12
11990 18
11991 20
11993 15
11995 18
11996 13
12001 2
12012 14
12018 7
12020 12
12027 3
12034 5
12041 7
12044 17
12046 18
12047 11
12054 4
12060 12
12067 16
12069 16
12071 13
12077 2
12087 19
12089 5
12095 15
12097 11
12103 17
12105 4
12111 8
12114 12
12121 20
12123 4
12129 10
12130 14
12135 15
12137 12
12143 13
12149 13
12154 21
12158 1
12168 7
12171 12
12179 6
12186 11
12192 4
12199 2
12210 19
12212 18
12213 20
12215 7
12217 6
12224 19
12226 1
12236 5
12243 15
12245 12
12253 15
12255 12
12262 16
12264 4
12271 14
12276 14
12283 4
12290 13
12296 12
12302 21
12306 17
12308 7
12310 19
12312 11
12319 21
12323 21
12327 16
12329 11
12335 7
12337 20
12339 3
12345 12
12353 5
12359 14
12365 2
12376 17
12378 19
12380 12
12388 1
12398 7
12400 3
12407 19
12409 17
12411 21
12415 16
12417 20
12419 12
12426 11
12432 19
12434 10
12436 16
12438 4
12446 3
12452 20
12454 8
12457 4
12465 6
12472 10
12473 20
12475 9
12477 4
12484 18
12485 12
12492 18
12493 15
12495 3
12501 12
12509 5
12515 17
12517 3
12524 8
12528 6
12535 6
12542 15
12544 11
12550 12
12556 12
12563 12
12571 14
12577 11
12583 18
12584 19
12586 16
12588 12
12595 13
12601 3
12607 2
12618 8
12620 11
12627 17
12629 17
12631 16
12633 14
12640 5
12646 14
12653 18
12654 3
12660 7
12662 15
12664 3
12670 14
12677 21
12681 12
12687 8
12689 9
12691 18
12692 18
12693 9
12694 11
12701 3
12707 5
12713 11
12719 17
12721 3
12728 12
12734 5
12741 19
12743 20
12745 3
12751 9
12752 6
12759 17
12761 11
12767 8
12770 11
12776 13
12782 14
12788 11
12795 18
12796 7
12798 7
12801 20
12803 18
12804 16
12806 2
12815 12
12821 12
12828 13
12834 18
12835 12
12842 6
12849 16
12851 1
12861 19
12863 17
12865 6
12871 1
12880 10
12882 11
12889 6
12896 11
12903 18
12904 12
12911 20
12913 8
12916 3
12922 11
12929 10
12932 20
12934 2
12944 14
12950 19
12952 7
12955 11
12962 19
12964 1
12973 4
12981 1
12991 1
13000 1
13010 11
13017 3
13024 4
13031 16
13033 9
13035 1
13044 21
13048 8
13051 12
13057 1
13066 2
13076 8
13079 1
13089 20
13091 12
13099 11
13105 4
13112 17
13114 12
13120 19
13122 11
13129 7
13132 11
13139 11
13145 8
13148 1
13158 1
13168 10
13170 13
13175 2
13186 5
13192 13
13197 8
13200 18
13201 16
13203 11
13209 7
13212 12
13219 1
13228 13
13233 11
13239 1
13249 10
13251 17
13253 17
13255 20
13257 1
13266 5
13273 18
13274 21
13278 18
13279 19
13281 12
13289 21
13293 11
13300 1
13310 21
13314 21
13318 8
13322 11
13329 17
13331 21
13335 18
13336 19
13338 19
13340 2
13350 18
13351 15
13353 18
13354 11
13361 5
13367 20
13369 5
13375 10
13377 6
13384 18
13385 12
13391 16
13393 11
13399 8
13401 16
13403 12
13410 4
13418 18
13419 20
13421 13
13427 2
13438 14
13445 16
13447 16
13449 9
13450 11
13457 3
13464 12
13472 1
13482 6
13489 1
13499 21
13503 1
13513 21
13517 12
13525 4
13532 12
13540 20
13542 11
13548 4
13555 20
13557 19
13559 8
13562 20
13564 5
13570 2
13580 11
13586 13
13591 6
13597 11
13603 17
13605 9
13606 12
13614 2
13624 21
13628 10
13630 20
13632 16
13634 10
13635 4
13643 17
13645 18
13646 10
13648 17
13650 20
13652 1
13661 12
13667 12
13674 5
13680 11
13686 4
13693 17
13695 12
13701 19
13703 12
13710 18
13711 20
13713 21
13717 3
13724 19
13726 11
13732 5
13739 11
13746 6
13753 18
13754 13
13759 18
13760 15
13762 17
13764 18
13765 4
13771 6
13779 3
13785 11
13792 8
13796 1
13805 15
13807 9
13809 5
13815 12
13823 16
13825 11
