2959
1 4
9 11
16 6
23 7
26 3
33 6
40 6
47 12
54 6
61 10
64 21
68 1
78 19
80 4
87 12
94 11
100 7
102 11
108 11
115 12
122 6
129 3
135 7
137 11
143 4
151 13
157 21
161 16
163 3
170 18
171 7
174 16
176 11
183 11
190 3
197 6
203 11
210 17
212 12
220 21
224 12
232 20
234 19
236 5
243 11
249 11
256 16
258 11
265 21
269 11
275 8
279 19
281 2
291 5
297 8
300 7
303 7
305 21
309 1
319 15
321 10
323 9
325 17
327 5
333 14
339 15
341 21
345 15
347 10
349 13
355 14
362 19
364 7
367 5
373 11
380 16
382 5
389 7
392 11
399 11
406 5
413 1
422 21
426 7
429 11
435 9
437 7
440 15
442 18
443 12
450 14
456 11
463 16
465 21
469 10
471 10
473 11
479 18
480 18
481 2
492 10
494 19
496 21
500 7
502 6
508 18
509 18
510 18
511 11
518 20
520 16
522 9
524 12
532 11
539 20
541 10
543 8
546 1
556 2
565 12
573 18
574 5
581 11
587 1
596 11
602 2
613 16
615 15
617 3
624 8
626 20
628 3
634 16
636 11
643 6
649 7
651 11
657 9
659 11
665 11
671 8
673 16
675 11
682 12
689 10
692 13
697 3
704 11
711 12
717 6
725 21
729 16
731 21
735 3
741 2
750 2
759 18
760 17
762 14
769 12
776 12
783 13
788 21
792 11
799 3
806 16
808 16
810 7
812 12
819 7
822 19
824 18
825 8
828 12
835 2
845 18
846 12
853 21
857 18
858 9
860 6
868 15
870 17
872 21
876 1
886 12
892 7
895 13
900 6
906 12
913 11
919 8
923 20
925 1
935 1
944 5
951 16
953 2
964 11
970 6
977 7
980 17
982 20
984 9
985 11
991 6
999 6
1007 6
1015 4
1021 15
1023 9
1024 6
1031 11
1037 6
1044 16
1046 18
1047 1
1057 21
1061 12
1068 12
1074 17
1076 16
1078 12
1084 19
1086 16
1088 18
1089 11
1095 3
1101 11
1107 12
1114 2
1124 10
1126 8
1128 14
1133 11
1140 18
1141 11
1147 4
1154 21
1158 5
1165 4
1173 8
1176 9
1178 1
1187 12
1194 14
1201 2
1211 15
1213 2
1223 5
1230 11
1236 7
1239 6
1246 3
1252 13
1258 18
1259 18
1260 6
1266 6
1272 16
1274 14
1280 16
1282 7
1285 16
1287 19
1289 2
1300 2
1310 15
1312 12
1320 11
1326 9
1328 15
1330 11
1336 20
1338 15
1340 11
1346 4
1353 4
1359 12
1366 11
1373 12
1380 16
1382 21
1386 11
1392 16
1394 15
1396 15
1398 18
1399 11
1406 11
1413 3
1420 18
1421 11
1427 12
1435 7
1438 2
1448 2
1458 6
1464 10
1466 7
1468 1
1477 19
1479 12
1486 6
1493 4
1501 14
1508 11
1515 13
1520 1
1530 1
1539 13
1545 21
1549 11
1555 12
1563 18
1564 9
1566 11
1572 12
1579 3
1585 13
1591 11
1597 14
1603 6
1611 14
1618 7
1621 8
1623 21
1627 15
1629 4
1636 8
1638 12
1645 4
1653 9
1654 19
1656 7
1659 8
1661 16
1663 10
1665 14
1671 5
1678 12
1684 13
1690 8
1693 11
1700 15
1702 20
1704 10
1707 9
1708 18
1709 4
1715 9
1716 11
1722 9
1724 5
1730 8
1734 12
1742 15
1744 16
1746 7
1748 5
1754 7
1756 20
1758 18
1759 8
1761 2
1770 6
1777 16
1779 15
1781 18
1782 11
1789 4
1795 1
1805 16
1807 14
1814 17
1816 2
1825 1
1835 21
1839 9
1841 10
1842 12
1849 9
1850 20
1852 12
1860 12
1868 19
1870 11
1876 11
1883 9
1884 12
1891 12
1899 9
1900 19
1902 4
1909 18
1910 17
1912 2
1922 11
1928 6
1936 8
1938 10
1941 18
1942 12
1949 15
1951 14
1957 21
1961 11
1968 10
1971 6
1978 3
1984 19
1986 9
1987 15
1989 21
1993 7
1995 17
1997 9
1999 4
2005 12
2012 5
2019 3
2025 14
2031 5
2037 10
2039 8
2041 6
2047 11
2054 20
2056 4
2063 12
2070 1
2079 11
2085 6
2091 12
2098 5
2105 11
2111 4
2118 12
2125 12
2132 20
2134 11
2141 8
2144 15
2146 2
2157 15
2159 17
2161 9
2162 2
2172 19
2174 9
2175 18
2176 12
2184 12
2191 1
2200 5
2206 9
2207 2
2217 19
2219 4
2226 4
2234 9
2236 9
2238 14
2245 19
2247 20
2249 6
2255 13
2261 12
2267 20
2269 4
2276 8
2278 14
2284 4
2290 5
2296 6
2303 3
2309 6
2317 19
2319 9
2321 12
2328 15
2330 8
2332 21
2336 20
2338 19
2340 11
2347 11
2354 18
2355 21
2359 19
2361 15
2363 10
2365 2
2375 12
2381 19
2383 11
2389 20
2391 14
2397 17
2399 16
2401 11
2408 10
2411 10
2412 7
2414 2
2425 16
2427 20
2429 12
2435 2
2445 11
2451 5
2458 18
2459 16
2461 8
2465 12
2471 11
2478 12
2486 6
2493 18
2494 16
2496 4
2504 11
2511 11
2518 11
2524 18
2525 11
2531 16
2533 11
2539 16
2541 16
2543 20
2545 11
2552 8
2555 17
2557 10
2560 9
2562 2
2573 14
2579 8
2582 21
2586 1
2595 1
2605 11
2611 7
2614 19
2616 20
2618 20
2620 7
2622 7
2624 13
2629 13
2634 7
2636 12
2643 7
2646 4
2653 14
2659 6
2666 12
2674 15
2676 11
2682 11
2688 12
2695 15
2697 11
2704 15
2706 18
2707 9
2708 17
2710 1
2720 14
2727 15
2729 2
2740 7
2743 9
2745 8
2749 19
2751 2
2761 18
2762 4
2769 11
2775 21
2779 20
2781 5
2788 14
2794 5
2800 4
2807 12
2813 1
2822 16
2824 4
2832 2
2842 4
2848 19
2850 5
2856 20
2858 11
2865 15
2867 21
2871 21
2875 13
2880 11
2887 12
2894 8
2898 8
2901 18
2902 12
2909 11
2915 1
2924 11
2930 17
2932 11
2938 17
2940 13
2945 16
2947 11
2953 11
2959 17
2961 11
2968 11
2974 11
2980 11
2987 14
2993 19
2995 12
3001 3
3008 18
3009 11
3016 14
3022 14
3028 14
3033 2
3043 5
3049 19
3051 11
3058 17
3060 2
3070 11
3077 4
3083 6
3091 7
3094 5
3100 11
3106 11
3112 12
3119 9
3121 12
3129 4
3137 18
3138 7
3141 11
3148 15
3150 9
3151 17
3153 3
3160 14
3166 16
3168 7
3170 21
3174 7
3176 11
3183 21
3187 17
3189 10
3191 15
3193 11
3200 8
3204 12
3211 5
3218 19
3220 10
3221 7
3223 18
3224 6
3230 17
3232 14
3238 13
3244 5
3250 12
3257 11
3263 8
3265 21
3269 8
3272 4
3278 12
3285 18
3286 16
3288 18
3289 3
3296 15
3298 16
3300 7
3303 19
3305 3
3312 21
3316 1
3326 4
3333 12
3339 11
3345 11
3352 18
3353 2
3363 11
3369 12
3376 10
3379 3
3385 12
3392 12
3399 14
3406 5
3412 6
3419 8
3421 11
3428 2
3439 2
3449 17
3451 13
3456 10
3457 18
3458 12
3466 11
3472 2
3482 16
3484 11
3491 13
3496 8
3500 6
3508 6
3516 19
3518 12
3526 20
3528 3
3535 9
3536 6
3543 1
3552 9
3553 13
3559 20
3561 19
3563 12
3570 16
3572 8
3576 11
3582 11
3588 11
3595 15
3597 12
3604 4
3610 16
3612 18
3613 8
3616 21
3620 21
3624 12
3630 2
3640 11
3646 2
3657 5
3663 15
3665 17
3667 11
3673 21
3677 18
3678 18
3679 18
3680 11
3687 17
3689 11
3696 17
3698 3
3704 15
3706 12
3713 21
3717 10
3718 3
3724 4
3731 11
3738 11
3745 14
3752 11
3758 11
3765 18
3766 11
3772 17
3774 4
3780 6
3787 11
3793 20
3795 9
3797 8
3801 2
3811 10
3812 5
3818 6
3825 16
3827 12
3835 15
3837 6
3843 3
3850 15
3852 16
3854 16
3856 5
3863 12
3869 18
3870 1
3880 15
3882 6
3889 9
3890 4
3897 11
3904 15
3906 12
3913 1
3922 12
3930 4
3937 3
3943 5
3950 8
3953 15
3955 7
3958 8
3960 2
3971 7
3973 13
3979 17
3981 18
3982 10
3984 20
3986 18
3987 8
3990 7
3993 7
3995 21
3999 17
4001 7
4004 16
4006 20
4008 18
4009 10
4011 21
4015 3
4022 13
4027 18
4028 7
4031 1
4040 18
4041 2
4051 17
4053 11
4059 12
4065 11
4071 14
4078 3
4084 1
4094 14
4100 12
4107 11
4114 12
4120 13
4126 3
4132 9
4134 18
4135 3
4141 14
4147 6
4154 18
4155 7
4157 1
4167 11
4174 9
4176 15
4178 11
4184 14
4190 4
4197 12
4204 5
4211 9
4212 18
4213 8
4215 12
4221 5
4228 11
4234 20
4236 5
4242 21
4246 13
4251 6
4259 10
4262 17
4264 6
4271 1
4280 9
4282 8
4285 21
4289 17
4291 3
4298 11
4305 7
4307 15
4309 21
4313 11
4320 20
4322 19
4324 11
4330 4
4337 11
4344 18
4345 8
4348 4
4354 20
4356 1
4365 16
4367 2
4376 5
4382 4
4390 11
4397 17
4399 8
4401 12
4408 14
4415 9
4417 1
4427 7
4430 16
4432 12
4439 2
4449 7
4451 8
4455 9
4456 9
4458 12
4464 11
4471 11
4477 20
4479 9
4480 2
4490 11
4497 8
4499 2
4509 12
4517 15
4519 2
4529 21
4533 21
4537 19
4539 20
4541 15
4543 11
4550 8
4554 7
4556 18
4557 5
4564 14
4570 7
4572 11
4578 9
4579 20
4581 18
4582 15
4584 11
4590 10
4592 11
4598 15
4600 10
4603 11
4609 2
4619 16
4621 8
4624 1
4634 8
4637 12
4643 11
4649 11
4655 13
4661 21
4665 5
4671 4
4678 3
4684 5
4690 8
4694 12
4701 16
4703 20
4705 3
4712 10
4714 17
4716 21
4720 18
4721 13
4727 19
4729 12
4737 20
4739 12
4745 3
4752 3
4758 16
4760 18
4761 11
4767 16
4769 17
4771 5
4778 20
4780 11
4787 16
4789 3
4796 21
4800 6
4807 10
4808 10
4810 14
4817 18
4818 12
4825 1
4834 11
4840 7
4843 14
4849 11
4856 12
4863 19
4865 12
4871 15
4873 15
4875 11
4881 11
4887 12
4895 10
4896 11
4902 12
4910 12
4916 17
4918 4
4926 16
4928 19
4930 12
4937 12
4944 12
4950 9
4951 13
4956 10
4959 11
4966 3
4973 17
4975 17
4977 20
4979 11
4985 2
4995 18
4996 5
5003 6
5009 4
5015 19
5017 14
5024 4
5031 9
5032 12
5039 6
5046 17
5048 11
5055 11
5061 16
5063 21
5067 7
5069 3
5076 13
5081 15
5083 16
5085 12
5091 21
5095 11
5101 15
5103 11
5110 5
5117 19
5119 1
5129 12
5135 3
5142 11
5148 9
5149 7
5152 13
5157 13
5163 15
5165 2
5175 14
5181 14
5188 11
5194 7
5196 11
5202 13
5208 5
5214 3
5221 2
5231 13
5237 3
5244 6
5251 21
5255 11
5261 19
5263 20
5265 3
5272 1
5282 9
5284 14
5291 6
5298 18
5299 11
5306 12
5314 13
5320 13
5325 13
5330 17
5332 10
5334 12
5341 8
5344 3
5351 11
5357 15
5359 19
5361 15
5363 11
5369 1
5379 15
5381 5
5388 12
5396 3
5403 17
5405 11
5412 8
5415 2
5425 3
5431 13
5437 20
5439 14
5446 12
5453 19
5455 11
5461 11
5468 4
5475 12
5481 7
5484 14
5490 1
5499 10
5501 21
5505 13
5510 18
5511 12
5518 11
5525 16
5527 15
5529 14
5535 14
5540 6
5547 15
5549 9
5551 12
5559 4
5566 12
5572 10
5575 8
5579 15
5581 14
5587 12
5594 8
5598 20
5600 12
5607 21
5611 16
5613 19
5615 4
5621 1
5631 21
5635 18
5636 21
5640 18
5641 19
5643 18
5644 21
5648 20
5650 7
5652 19
5654 4
5661 14
5667 10
5669 12
5677 17
5679 12
5686 3
5693 10
5696 15
5698 8
5702 14
5707 4
5713 8
5716 3
5723 20
5725 1
5735 16
5737 12
5744 5
5750 21
5754 9
5755 14
5761 8
5764 14
5769 6
5775 18
5776 19
5778 12
5785 8
5788 4
5795 18
5796 17
5798 9
5799 18
5800 14
5806 12
5813 5
5820 3
5826 16
5828 12
5835 3
5842 3
5848 11
5855 8
5859 1
5869 13
5875 15
5877 9
5879 11
5885 17
5887 12
5895 21
5899 10
5901 11
5908 2
5918 13
5924 5
5931 7
5933 16
5935 6
5942 11
5949 15
5951 3
5957 3
5964 14
5969 11
5976 16
5978 20
5980 12
5988 5
5995 12
6001 4
6007 9
6009 11
6016 20
6018 11
6024 8
6027 12
6033 21
6037 20
6039 18
6040 9
6041 12
6048 11
6054 7
6056 20
6058 14
6064 9
6066 13
6072 19
6074 4
6081 12
6088 10
6091 9
6093 11
6099 17
6101 11
6107 8
6110 6
6116 12
6123 11
6129 10
6130 12
6136 3
6143 18
6144 19
6146 17
6148 7
6151 7
6154 8
6156 12
6163 9
6165 7
6168 6
6176 16
6178 2
6188 18
6189 16
6191 1
6200 11
6207 17
6209 11
6215 6
6221 18
6222 11
6228 5
6235 19
6237 7
6239 5
6245 12
6251 17
6253 20
6255 8
6259 10
6262 1
6271 6
6278 10
6280 3
6286 18
6287 5
6293 19
6295 10
6296 10
6299 13
6305 2
6316 6
6322 11
6329 18
6330 17
6332 9
6333 15
6335 1
6344 3
6350 17
6352 18
6353 15
6355 8
6357 5
6363 11
6370 18
6371 12
6377 18
6378 11
6384 5
6391 9
6392 12
6398 11
6404 1
6414 13
6420 3
6427 11
6433 11
6440 3
6446 9
6448 15
6450 2
6460 19
6462 15
6464 19
6466 9
6468 12
6474 20
6476 11
6482 12
6489 4
6496 12
6502 20
6504 11
6511 10
6513 1
6522 13
6527 18
6528 14
6534 6
6541 15
6543 11
6550 4
6556 9
6557 14
6563 19
6565 21
6569 8
6572 1
6582 11
6589 19
6591 14
6598 9
6599 6
6607 11
6613 6
6621 12
6627 18
6628 19
6630 8
6634 14
6640 16
6642 15
6644 11
6651 2
6660 12
6667 15
6669 16
6671 5
6677 1
6687 17
6689 11
6695 1
6705 19
6707 19
6709 4
6717 12
6723 12
6730 15
6732 13
6738 6
6746 18
6747 10
6749 6
6756 20
6758 1
6768 21
6772 21
6776 14
6782 11
6789 13
6795 3
6802 11
6808 19
6810 2
6821 9
6822 20
6824 9
6826 11
6833 18
6834 12
6841 8
6844 14
6850 9
6851 19
6853 18
6854 16
6856 10
6858 18
6859 15
6861 18
6862 6
6869 18
6870 14
6876 11
6882 16
6884 3
6890 8
6893 16
6895 7
6898 18
6899 11
6906 9
6908 21
6912 21
6916 18
6917 9
6918 11
6924 6
6930 18
6931 21
6935 6
6942 10
6945 14
6951 2
6962 3
6968 2
6979 17
6981 4
6988 4
6994 20
6996 13
7001 18
7002 9
7004 2
7015 21
7019 8
7022 10
7024 7
7026 18
7027 15
7029 21
7033 5
7040 13
7045 17
7047 16
7049 11
7056 18
7057 18
7058 12
7064 13
7070 16
7072 7
7075 8
7077 3
7083 2
7094 11
7100 16
7102 12
7109 12
7116 16
7118 14
7125 11
7131 12
7137 10
7139 18
7140 11
7146 5
7153 13
7158 3
7164 11
7170 19
7172 17
7174 10
7176 18
7177 15
7179 15
7181 3
7187 1
7196 7
7198 19
7200 9
7201 20
7203 14
7209 3
7216 18
7217 21
7221 17
7223 14
7229 18
7230 5
7236 18
7237 7
7240 9
7242 6
7249 12
7256 12
7262 18
7263 18
7264 18
7265 18
7266 9
7267 12
7274 14
7279 11
7286 19
7288 4
7295 10
7297 11
7304 19
7306 10
7307 12
7314 11
7320 3
7326 19
7328 20
7330 4
7337 12
7343 11
7350 19
7352 9
7354 20
7356 11
7363 10
7365 7
7367 8
7370 11
7376 9
7378 11
7385 19
7387 4
7395 16
7397 1
7407 9
7409 20
7411 7
7414 2
7423 18
7424 18
7425 19
7427 18
7428 1
7438 20
7440 14
7445 10
7448 12
7455 4
7462 21
7466 11
7473 19
7475 9
7477 12
7483 20
7485 15
7487 9
7489 20
7491 6
7498 3
7505 11
7512 12
7519 9
7521 4
7528 14
7534 13
7540 7
7543 12
7550 4
7558 9
7560 12
7566 21
7570 14
7576 12
7583 10
7584 5
7591 16
7593 11
7599 18
7600 14
7605 18
7606 7
7608 20
7610 1
7619 11
7626 11
7632 21
7636 5
7643 21
7647 18
7648 16
7650 20
7652 13
7657 6
7665 5
7672 2
7682 21
7686 19
7688 6
7694 2
7705 11
7712 21
7716 18
7717 15
7719 10
7722 13
7727 11
7733 19
7735 11
7741 8
7744 12
7750 4
7757 15
7759 6
7767 3
7773 11
7780 3
7786 17
7788 12
7796 11
7803 11
7809 12
7817 2
7827 12
7833 1
7842 18
7843 9
7844 4
7851 12
7857 8
7860 16
7862 11
7868 11
7875 11
7881 4
7888 13
7893 9
7895 18
7896 9
7897 1
7907 12
7913 3
7920 9
7921 3
7928 14
7935 12
7941 8
7945 12
7952 9
7954 16
7956 12
7963 17
7965 5
7971 8
7973 12
7979 21
7983 8
7985 18
7986 6
7993 7
7996 12
8004 18
8005 11
8012 20
8014 9
8016 7
8019 18
8020 19
8022 18
8023 15
8025 12
8031 12
8038 6
8045 18
8046 3
8052 6
8059 12
8066 5
8072 11
8078 13
8083 15
8085 1
8095 15
8097 21
8101 6
8108 18
8109 12
8116 11
8122 11
8129 15
8131 19
8133 11
8140 16
8142 13
8148 1
8157 3
8163 3
8170 10
8172 1
8182 17
8184 2
8194 13
8200 16
8202 1
8211 15
8213 8
8217 4
8224 18
8225 15
8227 15
8229 3
8235 9
8236 12
8242 4
8249 11
8256 13
8262 17
8264 12
8271 18
8272 11
8279 20
8281 15
8283 13
8289 12
8295 19
8297 4
8303 7
8305 12
8311 18
8312 11
8318 11
8325 10
8328 18
8329 3
8335 11
8341 3
8348 15
8350 11
8356 18
8357 12
8365 16
8367 15
8369 16
8371 7
8373 19
8375 18
8376 11
8383 9
8385 12
8391 1
8400 10
8403 12
8410 9
8412 17
8414 5
8420 20
8422 17
8424 1
8433 10
8435 21
8439 18
8440 8
8443 11
8450 8
8453 11
8460 12
8466 11
8472 14
8477 18
8478 3
8485 21
8489 8
8493 11
8500 7
8503 2
8513 15
8515 13
8520 18
8521 11
8528 18
8529 9
8530 4
8536 11
8543 11
8550 12
8557 21
8561 11
8567 4
8573 20
8575 6
8581 5
8588 10
8591 18
8592 11
8599 8
8601 8
8604 12
8612 20
8614 6
8621 6
8628 20
8630 21
8634 16
8636 11
8643 3
8650 5
8657 4
8663 18
8664 21
8668 9
8670 14
8676 9
8678 16
8680 11
8686 20
8688 21
8692 18
8693 11
8699 4
8706 8
8708 4
8715 10
8718 5
8725 7
8728 1
8738 21
8742 13
8747 18
8748 11
8754 11
8761 18
8762 2
8772 18
8773 13
8779 9
8780 1
8790 11
8797 15
8799 4
8806 4
8812 1
8821 7
8824 1
8834 19
8836 17
8838 4
8844 12
8852 19
8854 10
8856 11
8863 12
8871 18
8872 18
8873 11
8879 17
8881 3
8888 21
8892 6
8898 12
8905 18
8906 4
8913 8
8917 20
8919 17
8921 16
8923 8
8925 10
8927 3
8933 7
8935 12
8943 12
8951 9
8952 21
8956 8
8958 3
8964 15
8966 12
8974 20
8976 12
8982 9
8983 5
8989 19
8991 13
8997 21
9001 12
9008 11
9015 16
9017 17
9019 1
9029 20
9031 12
9037 20
9039 11
9046 12
9054 11
9060 20
9062 4
9068 9
9069 10
9072 11
9079 15
9081 21
9085 13
9090 3
9097 21
9101 18
9102 12
9109 4
9116 19
9118 12
9125 18
9126 2
9136 11
9143 19
9145 18
9146 7
9149 9
9151 21
9155 21
9159 19
9161 7
9163 8
9166 4
9173 21
9177 7
9179 9
9181 11
9187 20
9189 11
9195 20
9197 16
9199 13
9204 7
9207 17
9209 11
9215 12
9221 5
9228 21
9232 3
9239 3
9246 12
9254 4
9261 20
9263 11
9269 11
9275 9
9277 4
9284 6
9291 4
9298 9
9299 12
9305 3
9311 13
9316 8
9320 17
9322 9
9324 17
9326 12
9332 9
9333 2
9342 10
9345 15
9347 11
9353 20
9355 9
9357 13
9362 16
9364 11
9370 10
9372 4
9378 20
9380 7
9383 18
9384 14
9389 18
9390 12
9398 9
9400 1
9410 6
9417 12
9425 12
9433 1
9443 4
9450 18
9451 7
9454 7
9456 19
9458 6
9465 1
9475 10
9476 12
9482 14
9487 12
9493 7
9495 18
9496 18
9497 11
9504 11
9510 15
9512 21
9516 8
9518 11
9525 9
9526 4
9533 21
9537 15
9539 6
9547 18
9548 9
9549 20
9551 17
9553 3
9559 11
9566 1
9576 15
9578 6
9584 18
9585 11
9592 12
9600 16
9602 6
9608 11
9614 18
9615 16
9617 2
9627 15
9629 18
9630 19
9632 1
9641 16
9643 16
9645 4
9652 17
9654 12
9661 14
9667 7
9670 12
9677 15
9679 11
9685 17
9687 15
9689 12
9695 12
9703 4
9709 11
9715 8
9717 12
9724 13
9729 2
9739 18
9740 10
9741 18
9742 8
9745 13
9751 20
9753 8
9755 13
9760 11
9767 4
9774 16
9776 3
9782 18
9783 7
9786 19
9788 12
9794 20
9796 7
9799 1
9808 16
9810 10
9813 9
9815 18
9816 12
9823 7
9825 11
9831 15
9833 16
9835 13
9840 1
9850 1
9859 12
9867 1
9876 11
9882 19
9884 19
9886 5
9893 3
9900 2
9911 3
9918 16
9920 17
9922 1
9932 17
9934 19
9936 12
9944 11
9950 12
9957 19
9959 1
9969 2
9979 7
9982 21
9986 20
9988 18
9989 12
9996 10
9997 8
10000 21
10004 12
10011 11
10018 11
10025 18
10026 18
10027 1
10037 12
10044 9
10046 10
10049 2
10059 20
10061 11
10068 15
10070 7
10072 12
10078 5
10084 19
10086 11
10093 14
10100 3
10106 14
10113 21
10117 5
10123 18
10124 7
10127 13
10133 16
10135 11
10142 12
10149 12
10156 8
10160 5
10167 5
10173 9
10174 11
10180 11
10187 9
10189 18
10190 12
10198 18
10199 12
10206 7
10209 11
10215 7
10218 10
10220 7
10222 14
10229 21
10233 15
10235 13
10240 20
10242 12
10250 7
10252 6
10258 14
10264 12
10270 12
10277 19
10279 21
10283 1
10292 20
10294 1
10303 6
10310 7
10312 16
10314 13
10320 19
10322 3
10328 3
10335 1
10344 21
10348 5
10355 5
10361 11
10367 7
10370 6
10377 14
10384 18
10385 11
10391 12
10397 11
10404 11
10411 11
10417 4
10425 2
10436 5
10443 13
10448 4
10455 8
10458 18
10459 1
10469 5
10475 12
10481 19
10483 21
10487 1
10497 14
10502 2
10512 15
10514 20
10516 20
10518 10
10519 17
10521 12
10528 6
10536 15
10538 8
10542 10
10545 2
10556 15
10558 11
10565 21
10569 3
10576 20
10578 12
10585 3
10591 4
10597 14
10602 18
10603 11
10609 18
10610 10
10611 9
10612 18
10613 15
10615 18
10616 9
10618 15
10620 19
10622 9
10624 18
10625 2
10635 17
10637 17
10639 2
10649 16
10651 11
10657 7
10660 6
10668 12
10675 7
10677 21
10681 12
10688 2
10698 19
10700 4
10708 9
10709 12
10715 11
10721 12
10728 12
10735 6
10743 18
10744 18
10745 3
10751 11
10758 18
10759 7
10762 3
10768 16
10770 6
10777 19
10779 11
10785 13
10791 7
10793 11
10799 18
10800 9
10801 12
10807 18
10808 15
10810 8
10814 18
10815 16
10817 5
10824 4
10830 11
10836 16
10838 6
10845 15
10847 14
10853 4
10861 8
10864 14
10869 14
10874 21
10878 21
10882 18
10883 6
10890 7
10892 16
10894 6
10902 16
10904 5
10911 21
10915 9
10917 21
10921 19
10923 12
10929 10
10932 19
10934 11
10941 4
10948 8
10951 18
10952 5
10959 9
10960 3
10966 18
10967 9
10968 9
10969 11
10975 19
10977 16
10979 12
10986 20
10988 5
10994 3
11001 5
11008 18
11009 19
11011 20
11013 2
11022 5
11029 8
11033 8
11036 12
11043 14
11049 5
11055 2
11065 12
11071 15
11073 11
11079 20
11081 18
11082 12
11089 18
11090 11
11096 14
11102 18
11103 11
11110 11
11116 4
11122 11
11128 20
11130 18
11131 19
11133 8
11135 12
11143 7
11145 15
11147 12
11154 11
11161 16
11163 10
11164 12
11171 16
11173 21
11177 11
11183 15
11185 3
11191 2
11201 6
11208 8
11212 8
11215 15
11217 4
11225 1
11234 21
11238 1
11248 20
11250 21
11254 14
11260 21
11264 12
11271 6
11278 2
11288 12
11296 17
11298 9
11299 3
11306 19
11308 3
11315 18
11316 9
11317 3
11324 14
11330 10
11333 12
11339 17
11341 11
11347 6
11354 15
11356 14
11363 15
11365 7
11368 8
11371 7
11373 20
11375 4
11382 17
11384 5
11391 18
11392 8
11395 11
11401 11
11408 13
11414 11
11421 17
11423 11
11429 18
11430 19
11432 11
11439 3
11446 2
11456 11
11463 16
11465 4
11472 3
11479 6
11487 17
11489 8
11493 11
11500 2
11510 12
11518 16
11520 4
11526 6
11534 14
11541 18
11542 12
11548 11
11554 21
11558 12
11566 14
11572 14
11578 12
11584 12
11592 5
11599 14
11604 19
11606 12
11614 8
11616 11
11622 8
11624 9
11625 15
11627 9
11628 7
11630 5
11636 10
11638 1
11647 12
11655 20
11657 11
11664 8
11667 21
11671 13
11677 17
11679 3
11686 18
11687 1
11697 4
11704 9
11706 8
11708 6
11715 18
11716 4
11723 17
11725 13
11730 12
11737 2
11747 11
11754 20
11756 16
11758 5
11765 21
11769 4
11777 15
11779 11
11786 3
11793 11
11800 12
11807 19
11809 12
11817 20
11819 3
11826 6
11833 2
11844 4
11850 16
11852 11
11858 11
11865 6
11872 3
11879 20
11881 3
11887 11
11894 8
11897 10
11899 10
11901 18
11902 20
11904 6
11911 7
11913 20
11915 12
11921 1
11931 11
11937 21
11941 6
11948 7
11950 13
11956 20
11958 13
11963 18
11964 11
11971 19
11973 5
11980 4
11986 10
11987 18
11988 16
11990 18
11991 20
11993 19
11995 17
11997 3
12003 18
12004 3
12010 4
12017 15
12019 11
12026 18
12027 14
12033 17
12035 6
12042 20
12044 12
12052 16
12054 19
12056 6
12064 7
12067 15
12069 20
12071 1
12080 21
12084 14
12090 12
12097 11
12104 20
12106 3
12112 19
12114 11
12120 2
12130 5
12137 11
12143 14
12149 12
12156 11
12163 20
12165 11
12172 10
12174 21
12178 13
12184 4
12190 10
12192 13
12197 16
12199 11
12205 14
12211 2
12222 2
12231 16
12233 12
12240 9
12241 13
12247 11
12254 3
12260 17
12262 5
12269 20
12271 7
12273 3
12280 2
12290 21
12294 18
12295 10
12298 20
12300 13
12305 1
12314 15
12316 3
12322 11
12329 3
12335 18
12336 11
12342 8
12345 16
12347 16
12349 16
12351 15
12353 15
12355 12
12362 11
12368 12
12374 7
12376 11
12383 11
12390 20
12392 2
12402 20
12404 16
12406 11
12413 10
12416 9
12418 11
12424 20
12426 18
12427 11
12434 21
12438 12
12444 15
12446 11
12452 3
12459 8
12463 11
12469 7
12472 4
12479 11
12485 4
12491 21
12495 7
12498 4
12505 18
12506 12
12514 7
12517 2
12527 20
12529 11
12535 8
12538 1
12548 3
12555 2
12566 4
12573 12
12580 12
12587 10
12588 17
12590 12
12597 5
12603 12
12609 7
12612 13
12618 11
12624 9
12625 15
12627 13
12633 18
12634 10
12636 4
12643 15
12645 17
12647 7
12649 15
12651 18
12652 12
12660 19
12662 4
12668 9
12669 20
12671 21
12675 11
12681 14
12686 12
12694 9
12695 11
12702 12
12708 16
12710 13
12716 18
12717 21
12721 15
12723 11
12730 10
12732 11
12738 11
12744 7
12746 9
12747 20
12749 10
12750 6
12758 1
12767 4
12774 15
12776 1
12786 11
12793 21
12797 16
12799 11
12805 18
12806 11
12812 1
12822 15
12824 11
12830 16
12832 4
12838 12
12845 3
12852 17
12854 10
12857 3
12864 17
12866 7
12869 1
12879 19
12881 16
12883 14
12889 12
12895 6
12901 21
12905 1
12915 18
12916 11
12923 14
12928 2
12938 11
12945 19
12947 3
12954 11
12960 12
12966 12
12973 17
12975 6
12982 12
12989 12
12996 18
12997 7
13000 12
13006 8
13009 15
13011 1
13021 20
13023 20
13025 16
13027 7
13029 4
13035 18
13036 10
13038 12
13045 18
13046 1
13055 11
13062 11
13068 12
13076 6
13083 12
13090 11
13096 6
13103 6
13110 11
13116 14
13121 17
13123 1
13132 3
13138 16
13140 12
13148 19
13150 2
13161 8
13164 15
13166 9
13167 21
13171 17
13173 10
13175 15
13177 8
13181 17
13183 15
13185 21
13189 12
13197 4
13203 4
13210 20
13212 19
13214 18
13215 21
13219 15
13221 14
13227 7
13230 16
13232 10
13234 1
13244 6
13252 19
13254 16
13256 21
13260 9
13262 10
13265 11
13272 1
13282 16
13284 11
13291 13
13296 7
13298 9
13300 12
13306 19
13308 6
13315 21
13319 13
13324 15
13326 14
13332 18
13333 8
13335 17
13337 11
13343 3
13350 15
13352 5
13359 1
13368 9
13370 3
13377 15
13379 5
13385 12
13392 17
13394 12
13401 17
13403 11
13409 21
13413 5
13419 5
13425 12
13432 9
13434 4
13441 13
13446 1
13455 5
13461 11
13468 11
13474 11
13480 11
13487 3
13494 10
13495 18
13496 2
13507 11
13513 13
13519 18
13520 21
13524 17
13526 11
13533 11
13539 10
13540 18
13541 11
13548 3
13555 19
13557 21
13561 4
13569 15
13571 5
13577 13
13583 12
13591 6
13598 9
13600 13
13605 11
13612 3
13618 18
13619 18
13620 14
13627 13
13633 3
13639 14
13645 17
13647 13
13652 9
13653 9
13655 15
13657 21
13661 14
13668 2
13678 16
13680 14
13687 11
13694 16
13696 8
13700 19
13702 20
13704 18
13705 14
13711 18
13712 20
13714 7
13716 16
13718 5
13725 16
13727 17
13729 3
13735 2
13745 1
13755 2
13764 1
13774 5
13781 10
13784 15
