2959
1 12
8 10
10 2
20 18
21 8
24 14
30 6
37 19
39 11
45 8
48 13
54 4
62 19
64 12
71 20
73 21
77 1
87 1
96 11
103 13
108 13
113 13
119 7
121 15
123 14
129 14
135 6
141 18
142 17
144 14
151 17
153 18
154 6
161 3
168 15
170 12
176 13
182 18
183 16
185 8
188 3
195 4
201 18
202 12
209 21
213 11
219 2
228 20
230 12
236 15
238 17
240 19
242 9
244 11
250 20
252 18
253 17
255 11
261 12
268 15
270 20
272 11
278 6
285 14
291 12
298 17
300 9
301 10
303 12
310 20
312 6
318 12
325 12
332 12
339 13
345 11
351 12
358 11
365 11
371 13
376 12
383 8
387 20
389 8
392 15
394 12
401 15
403 2
413 19
415 16
417 19
419 4
427 21
431 11
437 11
443 11
450 12
458 18
459 12
465 11
471 4
478 9
480 4
487 2
498 20
500 18
501 18
502 17
504 11
511 13
517 8
521 14
527 13
532 16
534 7
537 7
539 2
549 3
555 6
562 8
565 14
571 6
578 18
579 12
586 16
588 6
594 12
601 11
608 11
615 4
622 2
633 7
636 16
638 3
645 16
647 11
653 1
662 5
668 15
670 16
672 10
674 12
681 12
688 4
695 1
705 12
713 14
718 16
720 20
722 18
723 18
724 10
726 8
730 11
737 8
739 12
746 16
748 18
749 15
751 9
752 1
762 21
766 16
768 13
774 5
780 18
781 4
788 11
795 5
802 7
804 3
811 12
817 1
827 17
829 18
830 12
838 19
840 4
846 18
847 5
853 15
855 11
862 12
868 9
869 7
872 3
878 6
884 11
890 14
896 18
897 13
903 8
906 11
912 10
915 5
921 12
928 21
932 6
939 15
941 10
943 8
946 11
952 2
962 11
969 9
971 7
974 21
978 13
983 6
990 12
996 11
1002 16
1004 1
1014 1
1024 11
1031 18
1032 21
1036 15
1038 14
1044 11
1050 7
1053 21
1057 13
1062 20
1064 6
1072 3
1079 11
1085 9
1086 9
1088 15
1090 5
1097 10
1100 4
1106 13
1112 11
1118 9
1119 11
1126 6
1134 12
1141 20
1143 8
1147 19
1149 12
1156 15
1158 11
1164 17
1166 9
1167 7
1169 5
1176 12
1183 10
1186 21
1190 7
1192 12
1200 11
1206 16
1208 11
1215 10
1217 5
1224 11
1230 13
1236 12
1243 18
1244 11
1251 9
1253 12
1260 11
1266 20
1268 20
1270 12
1276 18
1277 3
1284 9
1286 20
1288 12
1295 15
1297 12
1304 2
1315 20
1317 19
1319 19
1321 21
1325 20
1327 12
1335 18
1336 16
1338 19
1340 12
1346 2
1356 17
1358 13
1364 1
1373 18
1374 18
1375 11
1381 4
1389 1
1398 17
1400 21
1404 13
1410 12
1418 14
1424 9
1425 11
1431 21
1435 1
1444 4
1451 5
1458 17
1460 11
1466 11
1473 21
1477 2
1486 11
1492 2
1502 19
1504 10
1507 13
1513 13
1518 1
1527 11
1534 1
1543 13
1548 21
1552 12
1559 18
1560 8
1563 12
1571 1
1581 20
1583 3
1589 14
1595 1
1604 15
1606 19
1608 15
1610 1
1619 5
1625 9
1627 10
1629 11
1636 11
1643 21
1647 13
1653 15
1655 5
1662 20
1664 14
1671 21
1675 21
1679 11
1686 17
1688 5
1695 2
1704 16
1706 14
1712 12
1719 3
1725 1
1734 11
1740 11
1746 21
1750 11
1757 21
1761 13
1766 2
1776 20
1778 18
1779 3
1785 16
1787 18
1788 18
1789 4
1797 4
1805 12
1811 21
1815 1
1824 19
1826 11
1832 13
1838 4
1846 7
1849 11
1856 10
1858 19
1860 10
1861 16
1863 9
1865 13
1870 17
1872 12
1880 18
1881 10
1882 6
1888 19
1890 11
1897 3
1903 4
1911 8
1914 21
1918 3
1925 12
1933 18
1934 14
1940 14
1946 11
1952 11
1959 18
1960 12
1968 21
1972 12
1980 12
1987 6
1993 12
2000 12
2007 12
2015 2
2025 9
2027 6
2034 12
2040 13
2046 10
2048 17
2050 11
2057 7
2060 2
2069 8
2072 11
2078 18
2079 5
2086 18
2087 4
2095 12
2102 15
2104 2
2114 11
2121 12
2128 14
2133 7
2136 2
2146 10
2147 13
2153 4
2161 19
2163 15
2165 4
2172 11
2178 11
2185 1
2195 10
2197 10
2198 18
2199 8
2202 1
2211 17
2213 19
2215 14
2222 18
2223 21
2227 20
2229 15
2231 4
2238 17
2240 7
2242 8
2245 6
2251 18
2252 1
2262 2
2272 19
2274 12
2280 19
2282 6
2290 18
2291 3
2298 10
2299 14
2305 2
2315 15
2317 18
2318 12
2324 9
2325 5
2331 12
2338 12
2344 8
2347 7
2350 14
2357 18
2358 12
2365 12
2372 3
2378 18
2379 21
2383 8
2386 21
2390 11
2396 11
2403 18
2404 13
2410 10
2412 20
2414 15
2416 8
2419 12
2427 1
2437 6
2444 5
2450 11
2456 11
2462 11
2468 10
2470 10
2472 15
2474 10
2477 10
2478 19
2480 11
2486 16
2488 3
2494 2
2504 12
2511 11
2517 11
2523 20
2525 17
2527 12
2535 17
2537 6
2543 9
2545 12
2552 19
2554 19
2556 2
2566 12
2574 12
2580 18
2581 12
2589 19
2591 2
2602 13
2608 7
2610 15
2612 11
2619 9
2620 18
2621 2
2631 11
2638 3
2644 10
2645 4
2652 12
2659 17
2661 9
2662 20
2664 11
2671 19
2673 12
2679 14
2684 1
2693 19
2695 10
2697 9
2699 21
2703 11
2710 16
2712 3
2718 12
2725 19
2727 4
2734 11
2740 2
2751 20
2753 19
2755 17
2757 14
2763 7
2765 16
2767 6
2773 11
2780 21
2784 5
2790 6
2796 11
2803 5
2809 13
2814 12
2820 11
2827 17
2829 13
2835 13
2841 9
2843 14
2848 10
2850 18
2851 7
2853 9
2855 20
2857 7
2859 4
2866 16
2868 9
2869 12
2876 17
2878 16
2880 16
2882 19
2884 20
2886 18
2887 17
2889 15
2891 7
2894 6
2901 6
2908 5
2915 17
2917 8
2919 15
2921 9
2923 13
2928 12
2934 1
2944 9
2946 14
2952 11
2958 12
2964 11
2970 11
2976 20
2978 11
2985 2
2994 12
3001 7
3004 13
3009 19
3011 16
3013 11
3019 11
3025 1
3034 11
3041 13
3046 5
3053 8
3056 18
3057 12
3064 1
3074 12
3080 5
3087 16
3089 11
3095 11
3102 18
3103 19
3105 9
3107 20
3109 20
3111 2
3120 11
3127 11
3134 18
3135 21
3139 19
3141 14
3146 18
3147 17
3149 1
3158 19
3160 3
3167 11
3173 13
3179 11
3186 16
3188 16
3190 12
3197 20
3199 1
3208 5
3214 18
3215 18
3216 16
3218 12
3226 12
3233 18
3234 9
3236 4
3243 12
3250 3
3257 18
3258 6
3265 4
3272 15
3274 12
3282 21
3286 7
3288 1
3298 4
3305 16
3307 2
3317 16
3319 12
3326 11
3332 19
3334 5
3341 16
3343 17
3345 17
3347 15
3349 12
3356 19
3358 10
3359 20
3361 7
3363 11
3369 8
3371 10
3374 11
3381 13
3386 17
3388 12
3396 15
3398 7
3401 7
3403 14
3409 11
3416 6
3422 8
3425 20
3427 15
3429 20
3431 15
3433 11
3440 4
3447 15
3449 17
3451 20
3453 11
3459 4
3466 21
3470 9
3471 11
3477 11
3483 12
3489 5
3496 15
3498 16
3500 2
3511 14
3516 3
3522 10
3523 13
3528 16
3530 16
3532 13
3538 14
3544 15
3546 2
3556 17
3558 11
3564 17
3566 15
3568 18
3569 9
3571 11
3577 14
3584 11
3590 19
3592 16
3594 16
3596 4
3603 21
3607 11
3613 7
3616 18
3617 11
3624 10
3626 6
3633 1
3643 19
3645 18
3646 5
3652 16
3654 12
3661 1
3670 20
3672 9
3674 16
3676 10
3678 11
3685 11
3692 21
3696 11
3702 18
3703 15
3705 3
3711 3
3717 13
3723 16
3725 13
3730 2
3741 8
3743 18
3744 11
3750 7
3752 6
3760 11
3766 8
3769 11
3775 9
3776 14
3783 17
3785 20
3787 20
3789 16
3791 4
3798 10
3801 19
3803 11
3810 18
3811 12
3817 4
3825 19
3827 9
3828 19
3830 6
3836 21
3840 16
3842 21
3846 3
3852 11
3859 9
3860 9
3861 7
3864 6
3871 1
3881 18
3882 15
3884 12
3891 11
3897 5
3903 13
3909 6
3917 5
3923 17
3925 11
3931 12
3938 12
3945 11
3952 11
3959 10
3961 19
3963 12
3970 17
3972 21
3976 7
3978 11
3985 10
3987 17
3989 11
3996 21
4000 20
4002 1
4011 21
4015 10
4017 21
4021 8
4024 1
4034 1
4043 11
4049 12
4056 1
4066 1
4076 19
4078 19
4080 11
4086 11
4092 11
4098 11
4104 11
4111 2
4121 5
4127 18
4128 13
4133 18
4134 18
4135 11
4142 12
4149 14
4154 12
4162 4
4169 8
4172 4
4179 12
4185 11
4191 6
4199 11
4206 19
4208 3
4214 12
4222 11
4228 10
4230 14
4235 17
4237 3
4244 5
4251 20
4253 20
4255 13
4261 2
4270 16
4272 4
4280 3
4286 20
4288 8
4291 11
4297 16
4299 10
4301 20
4303 8
4305 11
4311 21
4315 16
4317 2
4327 20
4329 11
4335 13
4341 19
4343 13
4349 17
4351 8
4353 10
4354 9
4355 21
4359 6
4366 10
4368 13
4373 12
4379 9
4381 10
4384 18
4385 14
4391 10
4393 18
4394 16
4396 1
4406 19
4408 7
4411 18
4412 18
4413 9
4415 14
4422 2
4432 18
4433 12
4440 10
4442 12
4448 1
4457 19
4459 14
4464 4
4472 2
4481 1
4490 12
4497 12
4504 12
4510 13
4516 2
4526 6
4532 5
4538 3
4544 12
4551 8
4553 17
4555 13
4561 13
4567 16
4569 13
4575 1
4585 14
4590 14
4596 2
4605 18
4606 20
4608 6
4615 11
4622 21
4626 14
4632 12
4638 14
4643 17
4645 7
4648 14
4654 8
4657 21
4661 7
4663 8
4666 1
4675 1
4685 16
4687 7
4690 8
4693 11
4699 1
4708 2
4719 3
4725 13
4731 2
4741 2
4752 20
4754 17
4756 17
4758 8
4762 18
4763 9
4765 17
4767 10
4769 4
4775 5
4781 5
4787 10
4790 5
4797 11
4803 4
4811 2
4822 3
4829 11
4835 12
4841 16
4843 12
4851 18
4852 11
4858 9
4860 5
4866 7
4868 11
4874 10
4876 11
4883 12
4891 18
4892 11
4898 19
4900 11
4907 7
4909 11
4916 18
4917 7
4919 18
4920 5
4927 9
4929 3
4936 9
4937 6
4945 18
4946 14
4952 2
4961 16
4963 18
4964 14
4970 11
4976 8
4979 13
4984 16
4986 19
4988 11
4995 16
4997 15
4999 12
5006 18
5007 16
5009 21
5013 6
5019 11
5025 12
5031 12
5038 1
5047 18
5048 11
5054 2
5063 3
5070 10
5072 12
5079 13
5085 16
5087 3
5094 2
5104 14
5111 21
5115 7
5118 10
5120 12
5127 2
5137 14
5144 8
5147 18
5148 10
5150 16
5152 13
5157 18
5158 18
5159 7
5161 1
5170 12
5178 2
5187 15
5189 17
5191 4
5197 4
5204 14
5209 8
5212 17
5214 12
5220 11
5227 18
5228 5
5235 11
5241 11
5248 21
5252 7
5254 18
5255 20
5257 6
5265 13
5271 13
5276 6
5283 8
5286 7
5288 21
5292 11
5299 18
5300 15
5302 17
5304 11
5311 11
5317 15
5319 2
5330 4
5336 18
5337 18
5338 18
5339 5
5345 12
5352 21
5356 8
5358 11
5364 12
5371 3
5378 3
5384 2
5394 7
5396 15
5398 21
5402 17
5404 20
5406 6
5413 1
5423 7
5425 11
5431 10
5432 11
5439 9
5441 19
5443 12
5450 13
5455 4
5462 11
5468 12
5476 12
5483 18
5484 17
5486 12
5494 14
5501 19
5503 21
5507 4
5513 2
5523 20
5525 21
5529 15
5531 1
5540 1
5550 15
5552 6
5560 11
5567 17
5569 12
5577 20
5579 10
5581 11
5587 9
5589 18
5590 9
5591 17
5593 6
5600 18
5601 11
5608 21
5612 14
5617 12
5623 6
5630 18
5631 11
5637 2
5647 7
5649 6
5656 17
5658 2
5668 13
5674 11
5681 4
5687 2
5698 16
5700 19
5702 12
5709 12
5716 18
5717 11
5724 11
5730 1
5739 18
5740 11
5747 11
5753 20
5755 11
5762 20
5764 10
5765 11
5772 21
5776 18
5777 15
5779 11
5786 12
5793 18
5794 8
5796 13
5801 1
5810 11
5816 18
5817 12
5824 6
5831 2
5840 8
5843 2
5852 6
5858 17
5860 19
5862 6
5868 20
5870 12
5877 12
5885 9
5886 18
5887 2
5898 9
5899 15
5901 14
5908 21
5912 15
5914 20
5916 7
5919 3
5926 19
5928 2
5937 16
5939 16
5941 14
5947 7
5949 14
5955 21
5959 1
5969 15
5971 8
5974 21
5978 12
5985 13
5991 9
5992 14
5998 13
6003 13
6008 3
6015 21
6019 8
6022 10
6024 18
6025 12
6032 10
6033 18
6034 21
6038 21
6042 11
6049 15
6051 3
6058 18
6059 11
6066 1
6076 5
6083 17
6085 17
6087 18
6088 12
6095 18
6096 12
6103 21
6107 6
6115 5
6122 7
6124 12
6130 8
6134 7
6137 7
6139 11
6145 2
6155 13
6160 16
6162 2
6172 14
6178 17
6180 14
6187 16
6189 15
6191 4
6199 5
6206 3
6212 13
6217 16
6219 12
6226 12
6233 17
6235 15
6237 18
6238 13
6243 18
6244 13
6249 11
6256 15
6258 5
6265 11
6271 12
6279 15
6281 11
6288 11
6294 17
6296 6
6303 14
6310 16
6312 4
6318 12
6326 9
6328 2
6337 11
6344 3
6351 17
6353 11
6360 6
6366 12
6372 19
6374 17
6376 17
6378 12
6385 5
6392 15
6394 11
6400 13
6406 11
6412 11
6418 12
6425 7
6427 6
6435 11
6442 14
6447 10
6449 9
6451 11
6457 11
6463 14
6469 12
6476 12
6482 21
6486 12
6493 20
6495 18
6496 14
6501 1
6510 9
6512 2
6523 7
6525 10
6528 18
6529 20
6531 3
6537 16
6539 18
6540 1
6550 4
6557 2
6568 18
6569 11
6576 11
6582 18
6583 18
6584 11
6591 12
6598 20
6600 20
6602 14
6608 20
6610 8
6614 13
6620 12
6627 18
6628 21
6632 2
6642 20
6644 15
6646 13
6652 15
6654 17
6656 15
6658 17
6660 11
6666 12
6672 10
6675 10
6676 19
6678 11
6684 3
6691 14
6698 12
6706 1
6715 10
6717 9
6719 7
6721 11
6727 12
6733 12
6741 14
6746 15
6748 4
6755 11
6762 19
6764 19
6766 20
6768 18
6769 2
6779 8
6782 10
6783 11
6790 18
6791 12
6799 21
6803 6
6810 17
6812 3
6819 21
6823 21
6827 9
6829 12
6835 21
6839 11
6846 2
6855 13
6860 2
6869 7
6871 8
6873 5
6879 2
6888 3
6895 11
6901 5
6907 1
6916 14
6923 6
6929 10
6931 6
6938 18
6939 19
6941 3
6947 21
6951 18
6952 12
6959 13
6965 9
6966 12
6974 18
6975 6
6981 16
6983 6
6990 8
6994 3
7001 2
7012 17
7014 4
7022 16
7024 13
7029 12
7035 12
7042 11
7049 13
7054 11
7060 4
7068 18
7069 13
7074 21
7078 5
7084 11
7090 1
7100 5
7106 11
7112 18
7113 17
7115 12
7122 13
7127 11
7133 12
7141 12
7147 9
7149 17
7151 14
7156 7
7159 8
7162 11
7168 11
7174 20
7176 15
7178 11
7185 21
7189 12
7196 9
7197 2
7206 18
7207 9
7208 10
7209 3
7215 10
7217 4
7225 14
7232 15
7234 5
7240 7
7243 18
7244 12
7252 8
7255 6
7263 2
7273 6
7281 7
7284 6
7290 11
7296 15
7298 9
7299 12
7306 4
7314 11
7320 5
7327 4
7334 5
7340 18
7341 11
7348 8
7351 9
7352 14
7357 3
7364 17
7366 10
7369 9
7371 11
7378 15
7380 2
7389 11
7396 21
7400 3
7406 7
7409 18
7410 4
7418 11
7424 6
7431 7
7434 7
7437 4
7444 12
7451 20
7453 13
7459 7
7461 6
7468 13
7473 15
7475 15
7477 12
7485 20
7487 14
7492 17
7494 11
7500 14
7506 15
7508 4
7516 9
7518 1
7527 11
7534 2
7543 6
7549 11
7556 9
7557 12
7565 11
7571 11
7577 2
7587 11
7593 16
7595 12
7602 17
7604 17
7606 11
7613 21
7617 18
7618 11
7624 11
7630 7
7632 5
7638 4
7645 16
7647 4
7654 17
7656 8
7659 11
7666 20
7668 21
7672 2
7683 12
7691 7
7693 12
7700 19
7702 2
7711 11
7717 15
7719 5
7725 12
7732 16
7734 14
7741 19
7743 5
7750 9
7751 6
7758 1
7767 3
7773 18
7774 20
7776 1
7785 12
7792 4
7799 7
7802 11
7808 5
7815 19
7817 3
7824 2
7835 5
7841 12
7848 1
7858 12
7865 11
7872 10
7874 18
7875 5
7881 6
7889 11
7895 13
7900 14
7906 1
7916 13
7922 4
7929 14
7935 17
7937 9
7938 7
7941 6
7949 6
7955 10
7957 18
7958 6
7965 15
7967 8
7969 19
7971 8
7975 9
7977 4
7983 20
7985 14
7992 18
7993 2
8003 9
8004 18
8005 19
8007 18
8008 21
8012 6
8018 10
8020 18
8021 11
8028 11
8034 1
8043 16
8045 17
8047 4
8055 12
8062 5
8068 9
8069 6
8075 13
8081 12
8087 21
8091 18
8092 12
8098 6
8106 2
8116 2
8127 12
8135 16
8137 11
8143 18
8144 19
8146 18
8147 18
8148 19
8150 12
8157 15
8159 12
8166 8
8170 12
8177 5
8184 21
8188 12
8195 14
8201 15
8203 13
8209 5
8215 15
8217 19
8219 10
8221 13
8226 21
8230 5
8236 19
8238 5
8244 18
8245 19
8247 13
8253 15
8255 19
8257 17
8259 7
8262 14
8268 17
8270 9
8272 9
8274 6
8282 9
8283 13
8288 14
8294 12
8301 14
8307 3
8314 11
8320 12
8327 2
8338 14
8345 6
8352 11
8359 18
8360 17
8362 13
8368 11
8375 8
8379 4
8385 18
8386 10
8388 15
8390 5
8397 7
8399 20
8401 11
8408 1
8417 5
8423 11
8429 8
8432 6
8439 6
8447 18
8448 20
8450 12
8458 6
8465 9
8467 1
8476 10
8479 9
8480 12
8488 21
8492 21
8496 2
8507 3
8513 14
8518 18
8519 11
8525 7
8527 18
8528 21
8532 18
8533 19
8535 9
8537 18
8538 9
8540 17
8542 18
8543 19
8545 15
8547 9
8549 19
8551 11
8558 18
8559 11
8566 21
8570 14
8577 11
8583 7
8585 6
8593 8
8596 16
8598 20
8600 8
8604 12
8610 18
8611 7
8614 2
8624 12
8631 17
8633 14
8640 4
8647 9
8649 11
8655 1
8665 12
8672 18
8673 1
8683 9
8685 16
8687 18
8688 11
8695 5
8702 1
8711 11
8717 4
8723 17
8725 14
8730 11
8736 12
8742 12
8749 21
8753 12
8761 12
8768 11
8774 19
8776 14
8781 9
8782 12
8789 15
8791 5
8798 20
8800 14
8805 18
8806 10
8809 20
8811 11
8818 12
8825 16
8827 7
8830 9
8832 12
8838 1
8847 15
8849 11
8856 3
8862 15
8864 15
8866 13
8871 11
8878 19
8880 9
8882 6
8889 11
8896 12
8903 6
8910 11
8917 1
8926 2
8935 3
8941 15
8943 5
8950 18
8951 12
8958 1
8967 12
8974 12
8981 6
8988 6
8994 11
9000 21
9004 14
9009 4
9016 21
9020 18
9021 12
9027 18
9028 13
9033 4
9040 16
9042 14
9048 15
9050 21
9054 20
9056 10
9058 13
9064 17
9066 12
9074 18
9075 16
9077 2
9086 6
9093 11
9099 10
9101 8
9104 21
9108 13
9113 12
9120 18
9121 11
9128 18
9129 12
9137 11
9144 19
9146 2
9156 2
9167 16
9169 16
9171 18
9172 15
9174 7
9177 14
9183 15
9185 11
9192 3
9198 12
9205 11
9211 18
9212 9
9214 15
9216 15
9218 11
9224 12
9232 11
9238 6
9246 19
9248 9
9250 16
9252 10
9255 10
9258 11
9265 13
9270 9
9272 11
9279 3
9285 12
9293 5
9299 4
9305 17
9307 7
9310 18
9311 4
9318 12
9324 14
9331 1
9341 9
9342 11
9348 8
9351 11
9357 17
9359 4
9366 9
9368 2
9377 12
9384 11
9390 20
9392 17
9394 1
9404 11
9411 18
9412 10
9415 7
9418 6
9426 12
9433 7
9436 9
9438 1
9448 11
9454 11
9460 4
9467 6
9474 4
9481 2
9490 19
9492 12
9499 17
9501 18
9502 5
9508 13
9514 15
9516 6
9524 11
9531 11
9538 12
9545 1
9554 15
9556 11
9562 14
9568 11
9574 15
9576 14
9581 3
9588 7
9591 21
9595 21
9599 7
9602 6
9609 19
9611 8
9613 7
9615 12
9623 6
9630 13
9635 4
9641 20
9643 11
9650 19
9652 3
9658 13
9664 20
9666 6
9673 2
9684 8
9688 21
9692 7
9694 15
9696 15
9698 11
9705 12
9712 18
9713 19
9715 11
9722 9
9723 18
9724 11
9730 5
9737 12
9744 9
9745 5
9751 21
9755 20
9757 12
9764 17
9766 2
9776 13
9781 4
9787 5
9793 15
9795 14
9802 11
9808 14
9813 5
9820 14
9827 12
9833 14
9838 12
9844 13
9850 8
9853 12
9859 12
9867 9
9869 21
9873 18
9874 18
9875 13
9881 15
9883 11
9890 6
9897 5
9903 18
9904 5
9910 6
9918 6
9926 12
9933 11
9940 16
9942 21
9946 15
9948 2
9957 18
9958 11
9965 2
9975 4
9981 9
9982 5
9989 14
9995 7
9997 18
9998 20
10000 12
10008 18
10009 21
10013 11
10019 13
10024 18
10025 11
10031 9
10033 11
10040 2
10050 11
10056 11
10063 10
10066 11
10072 2
10081 10
10083 1
10093 10
10096 8
10099 12
10106 5
10112 9
10113 3
10120 2
10130 6
10136 18
10137 20
10139 2
10148 9
10150 3
10156 17
10158 11
10164 12
10171 9
10173 12
10181 7
10183 9
10184 21
10188 19
10190 12
10198 11
10205 15
10207 1
10217 7
10220 19
10222 4
10228 20
10230 10
10231 21
10235 20
10237 2
10248 12
10254 2
10264 18
10265 11
10272 17
10274 10
10277 11
10283 11
10289 18
10290 16
10292 17
10294 9
10296 16
10298 1
10308 12
10315 20
10317 9
10318 11
10324 19
10326 18
10327 16
10329 8
10332 2
10342 18
10343 4
10351 11
10357 15
10359 17
10361 10
10364 17
10366 19
10368 9
10370 5
10376 5
10382 11
10388 6
10394 14
10400 11
10407 21
10411 19
10413 4
10420 12
10426 13
10431 12
10438 6
10444 5
10451 15
10453 11
10460 9
10462 14
10469 12
10476 12
10483 12
10490 10
10491 3
10497 1
10507 11
10514 11
10521 7
10524 12
10531 1
10541 2
10551 3
10558 9
10560 2
10571 18
10572 5
10578 9
10579 13
10585 19
10587 17
10589 21
10593 16
10595 13
10600 15
10602 18
10603 5
10610 6
10618 18
10619 20
10621 12
10628 4
10635 9
10637 4
10645 11
10651 16
10653 12
10661 2
10670 18
10671 12
10677 18
10678 16
10680 3
10687 10
10688 18
10689 4
10696 10
10698 21
10702 15
10704 18
10705 16
10707 11
10713 3
10719 12
10725 14
10731 10
10734 12
10741 8
10744 18
10745 15
10747 15
10749 11
10756 19
10758 4
10766 9
10767 15
10769 21
10773 11
10779 16
10781 18
10782 11
10788 12
10795 11
10801 14
10807 7
10810 13
10816 11
10822 18
10823 9
10824 11
10830 21
10834 18
10835 9
10836 12
10843 2
10853 18
10854 13
10859 20
10861 12
10867 21
10871 6
10879 16
10881 11
10887 13
10892 3
10899 4
10907 21
10911 11
10917 15
10919 12
10927 10
10929 11
10935 12
10941 9
10942 3
10948 6
10954 3
10961 18
10962 6
10969 9
10970 12
10977 6
10983 13
10989 7
10992 12
10999 16
11001 16
11003 11
11010 6
11018 21
11022 17
11024 21
11028 19
11030 12
11037 9
11039 19
11041 18
11042 19
11044 19
11046 3
11053 21
11057 10
11059 12
11066 2
11076 8
11079 21
11083 16
11085 9
11086 13
11091 9
11092 8
11095 5
11101 9
11103 20
11105 9
11106 8
11109 12
11115 1
11124 3
11131 16
11133 14
11140 12
11148 4
11155 5
11161 6
11169 14
11174 9
11175 21
11179 18
11180 11
11186 11
11192 15
11194 18
11195 1
11205 7
11208 5
11215 21
11219 11
11225 12
11232 11
11239 12
11245 2
11255 12
11262 16
11264 17
11266 18
11267 13
11273 16
11275 7
11277 18
11278 12
11285 18
11286 2
11296 8
11300 4
11307 16
11309 6
11315 12
11321 10
11322 11
11329 7
11332 11
11339 12
11347 18
11348 15
11350 13
11356 18
11357 11
11363 14
11368 19
11370 17
11372 4
11378 13
11384 5
11391 5
11397 11
11404 5
11411 6
11418 18
11419 11
11425 10
11427 18
11428 3
11434 4
11442 2
11452 1
11461 18
11462 12
11469 11
11475 4
11483 13
11489 13
11494 7
11496 4
11503 18
11504 12
11512 18
11513 6
11519 9
11520 11
11527 2
11536 12
11543 12
11550 2
11559 17
11561 9
11562 4
11568 20
11570 11
11576 10
11579 4
11586 12
11593 5
11600 6
11607 12
11615 6
11623 11
11629 5
11635 20
11637 8
11641 8
11645 17
11647 21
11651 2
11661 19
11663 15
11665 12
11672 12
11678 17
11680 9
11682 21
11686 13
11691 20
11693 14
11698 16
11700 5
11706 11
11713 9
11715 3
11721 11
11728 9
11729 11
11736 15
11738 7
11741 11
11748 11
11755 15
11757 11
11763 4
11771 14
11778 12
11786 3
11793 3
11800 5
11807 2
11818 14
11824 20
11826 18
11827 12
11833 20
11835 17
11837 18
11838 11
11845 18
11846 18
11847 19
11849 11
11855 11
11862 12
11869 10
11872 4
11879 5
11885 19
11887 2
11898 6
11904 1
11914 12
11920 19
11922 16
11924 13
11930 15
11932 18
11933 10
11936 14
11942 18
11943 21
11947 5
11953 13
11959 12
11966 17
11968 15
11970 21
11974 7
11977 4
11985 11
11991 7
11993 11
11999 9
12000 20
12002 15
12004 2
12014 14
12021 20
12023 2
12033 12
12041 9
12042 9
12044 2
12054 11
12061 20
12063 4
12070 11
12076 3
12082 11
12088 2
12097 16
12099 6
12107 1
12117 11
12124 2
12134 2
12144 15
12146 15
12148 11
12154 1
12163 18
12164 6
12172 18
12173 11
12179 14
12185 18
12186 8
12190 12
12196 15
12198 10
12199 11
12206 11
12213 11
12220 12
12226 15
12228 20
12230 19
12232 5
12239 19
12241 1
12251 21
12255 10
12256 11
12263 12
12271 13
12276 20
12278 10
12281 4
12288 1
12297 11
12303 19
12305 9
12306 13
12312 11
12319 8
12322 14
12329 1
12338 4
12345 4
12353 5
12359 15
12361 11
12368 12
12374 5
12380 18
12381 1
12390 11
12396 18
12397 4
12405 15
12407 16
12409 10
12410 4
12418 12
12424 1
12433 3
12439 9
12440 12
12447 3
12454 11
12461 19
12463 19
12465 14
12470 14
12477 3
12483 18
12484 12
12491 15
12493 12
12500 18
12501 21
12505 2
12516 3
12523 7
12525 10
12528 2
12538 20
12540 10
12542 18
12543 17
12545 11
12552 11
12558 14
12564 11
12570 10
12573 11
12579 15
12581 12
12588 6
12594 14
12600 18
12601 11
12608 3
12615 14
12622 13
12627 11
12634 5
12640 14
12646 20
12648 7
12651 18
12652 18
12653 12
12660 7
12662 12
12669 1
12679 7
12681 4
12688 1
12698 10
12701 11
12708 4
12714 1
12723 5
12730 19
12732 17
12734 12
12740 11
12746 2
12755 9
12756 14
12761 18
12762 1
12771 11
12777 20
12779 12
12786 8
12788 20
12790 6
12797 17
12799 12
12807 15
12809 3
12816 15
12818 14
12824 16
12826 13
12831 20
12833 3
12839 11
12845 11
12851 16
12853 1
12862 15
12864 18
12865 1
12874 6
12882 13
12887 1
12897 20
12899 4
12906 5
12913 12
12919 12
12926 13
12932 1
12942 18
12943 20
12945 19
12947 14
12954 3
12961 4
12968 17
12970 5
12977 17
12979 14
12984 12
12991 17
12993 21
12997 9
12998 14
13005 14
13011 14
13016 17
13018 12
13024 18
13025 6
13031 12
13038 8
13042 11
13048 16
13050 5
13057 2
13067 11
13074 1
13084 17
13086 11
13092 10
13094 18
13095 17
13097 16
13099 18
13100 2
13110 6
13118 11
13125 3
13131 11
13138 6
13145 11
13151 18
13152 13
13157 5
13164 11
13171 3
13177 1
13186 12
13192 12
13198 15
13200 5
13207 13
13212 3
13219 10
13220 1
13229 10
13232 14
13238 18
13239 15
13241 16
13243 17
13245 5
13251 9
13252 14
13259 2
13270 16
13272 18
13273 7
13275 7
13277 11
13284 3
13290 2
13301 17
13303 18
13304 11
13310 8
13313 11
13319 14
13325 21
13329 4
13336 1
13345 3
13351 18
13352 21
13356 16
13358 19
13360 17
13362 21
13366 16
13368 21
13372 12
13378 4
13385 11
13391 18
13392 12
13399 9
13401 2
13412 5
13418 11
13424 1
13434 1
13443 14
13448 17
13450 19
13452 21
13456 11
13462 4
13469 14
13474 3
13480 13
13485 9
13486 21
13490 15
13492 11
13499 5
13506 20
13508 6
13514 9
13515 19
13517 10
13519 5
13525 21
13529 17
13531 5
13537 12
13545 11
13552 18
13553 16
13555 18
13556 17
13558 11
13565 21
13569 9
13570 10
13572 6
13579 14
13586 18
13587 20
13589 6
13596 20
13598 11
13604 13
13609 7
13611 11
13617 18
13618 15
13620 17
13622 12
13629 11
13636 14
13642 14
13647 17
13649 5
13656 12
13663 9
13664 7
13666 12
13673 8
13676 2
13686 1
13696 19
13698 6
13705 11
13712 4
13718 7
13720 17
13722 6
13729 2
13740 9
13741 14
13747 2
13758 13
13764 7
13766 10
13768 20
13770 17
13772 18
13773 17
13775 13
13780 12
13787 11
13793 14
13799 10
13802 10
13805 16
13807 5
13814 9
13815 9
13817 15
13819 21
13823 12
13830 13
13836 19
13838 6
13846 5
13853 18
13854 3
13860 2
13871 8
13874 1
13884 10
13887 18
13888 4
13894 18
13895 11
13902 14
13908 9
13910 9
13911 11
13918 12
13924 18
13925 13
13931 16
13933 15
13935 11
13942 11
13949 12
13955 19
13957 1
13967 11
13973 12
13979 11
13986 10
13988 20
13990 19
13992 5
13998 14
14005 9
14007 11
14013 5
14020 12
14027 11
14033 18
14034 2
