2959
1 12
9 6
16 12
23 7
26 13
32 10
34 10
36 11
42 3
49 8
51 17
53 2
63 8
67 10
68 15
70 12
77 14
83 11
90 11
97 12
105 19
107 12
114 21
118 16
120 9
122 11
129 20
131 15
133 9
134 10
136 11
142 15
144 6
151 20
153 1
162 15
164 12
171 18
172 1
182 7
185 10
187 13
193 17
195 3
202 2
212 11
219 17
221 14
227 3
233 16
235 18
236 6
243 16
245 12
252 17
254 1
264 8
267 4
275 18
276 12
283 11
289 17
291 14
297 17
299 13
304 15
306 19
308 7
310 2
320 10
323 15
325 10
328 7
330 21
334 18
335 21
339 3
346 14
351 1
361 15
363 19
365 18
366 20
368 15
370 12
377 11
383 6
390 11
396 5
402 9
403 1
412 4
419 4
426 21
430 21
434 8
436 16
438 5
444 12
450 7
453 11
459 4
466 11
472 5
478 12
485 11
492 14
498 17
500 6
507 12
514 11
520 9
521 12
528 19
530 1
540 15
542 14
547 1
557 5
564 13
569 15
571 9
572 2
582 12
590 10
592 1
601 6
608 16
610 12
617 18
618 11
624 12
630 8
633 3
639 15
641 13
647 12
654 16
656 12
664 6
670 9
671 12
677 18
678 12
685 9
686 9
687 20
689 15
691 17
693 21
697 5
703 11
709 11
715 5
722 18
723 6
731 12
738 8
742 7
744 13
749 4
755 9
756 14
762 13
768 8
771 7
773 20
775 3
782 14
787 12
793 10
796 8
799 11
806 15
808 11
814 3
820 13
825 11
832 3
839 8
842 2
852 4
859 1
869 15
871 14
877 14
884 12
891 11
898 8
901 10
902 11
909 5
916 14
922 9
924 21
928 19
930 4
937 21
941 5
948 9
950 15
952 21
956 1
965 10
966 16
968 6
975 10
978 6
985 8
988 15
990 21
994 11
1000 14
1006 11
1013 13
1019 12
1025 2
1035 3
1041 2
1050 12
1056 12
1063 12
1070 13
1076 15
1078 7
1080 16
1082 15
1084 11
1090 8
1092 3
1098 4
1106 1
1115 15
1117 20
1119 18
1120 11
1126 18
1127 13
1132 21
1136 15
1138 11
1145 12
1151 2
1161 6
1168 19
1170 11
1176 19
1178 20
1180 11
1187 11
1194 19
1196 8
1200 17
1202 2
1213 19
1215 18
1216 6
1222 18
1223 12
1230 20
1232 12
1240 1
1250 1
1259 15
1261 11
1268 13
1274 18
1275 5
1281 11
1288 12
1294 18
1295 10
1297 7
1300 17
1302 18
1303 14
1308 10
1309 17
1311 17
1313 16
1315 20
1317 20
1319 10
1321 13
1327 4
1334 8
1336 7
1339 7
1342 3
1349 1
1359 11
1366 5
1373 2
1383 3
1390 18
1391 13
1396 11
1403 7
1406 2
1415 15
1417 17
1419 11
1425 13
1431 11
1437 16
1439 12
1446 2
1457 10
1460 17
1462 18
1463 8
1466 10
1468 6
1474 17
1476 21
1480 4
1486 12
1492 8
1495 9
1497 15
1499 8
1502 6
1510 5
1516 16
1518 8
1520 7
1523 12
1529 15
1531 10
1533 1
1543 19
1545 14
1550 4
1557 18
1558 11
1565 4
1571 5
1577 16
1579 5
1586 17
1588 1
1597 2
1606 14
1612 20
1614 16
1616 6
1622 6
1629 12
1635 14
1640 7
1642 2
1651 21
1655 10
1656 15
1658 11
1665 14
1670 17
1672 7
1675 11
1682 5
1688 14
1694 1
1704 19
1706 1
1716 8
1718 2
1727 8
1730 2
1741 12
1747 1
1757 18
1758 7
1761 16
1763 10
1765 12
1773 15
1775 12
1782 6
1790 2
1800 19
1802 8
1804 12
1812 18
1813 17
1815 11
1822 12
1828 5
1834 19
1836 13
1841 8
1845 5
1852 4
1859 11
1866 12
1874 18
1875 16
1877 18
1878 12
1885 10
1887 3
1894 9
1896 3
1903 10
1905 19
1907 11
1913 15
1915 7
1918 9
1920 15
1922 18
1923 11
1929 11
1935 20
1937 6
1945 5
1952 18
1953 11
1959 7
1961 18
1962 11
1968 15
1970 1
1979 14
1986 12
1993 1
2002 21
2006 14
2013 3
2019 10
2021 20
2023 14
2028 16
2030 14
2035 19
2037 12
2045 11
2051 13
2057 20
2059 12
2065 10
2067 12
2075 17
2077 5
2084 11
2091 15
2093 19
2095 20
2097 4
2103 12
2111 16
2113 19
2115 10
2117 16
2119 4
2126 11
2133 9
2134 11
2140 15
2142 16
2144 12
2151 4
2159 20
2161 9
2163 5
2169 16
2171 18
2172 13
2178 11
2184 4
2191 11
2197 13
2203 17
2205 1
2214 15
2216 21
2220 8
2223 20
2225 12
2231 15
2233 1
2243 1
2252 10
2254 14
2260 6
2266 11
2272 2
2281 11
2288 13
2293 9
2294 5
2300 12
2308 9
2309 17
2311 12
2318 13
2324 14
2330 10
2332 11
2338 18
2339 7
2342 18
2343 11
2349 20
2351 17
2353 21
2357 11
2363 11
2369 11
2376 11
2382 19
2384 12
2390 11
2397 1
2407 6
2414 12
2421 2
2432 5
2438 12
2445 16
2447 4
2453 12
2459 9
2461 21
2465 19
2467 21
2471 11
2478 3
2485 14
2490 10
2491 20
2493 20
2495 12
2502 1
2512 6
2520 2
2530 20
2532 15
2534 20
2536 14
2542 16
2544 18
2545 6
2552 5
2558 18
2559 18
2560 7
2562 2
2572 17
2574 2
2584 18
2585 18
2586 14
2593 6
2600 18
2601 1
2611 12
2618 6
2625 16
2627 6
2635 9
2636 12
2643 3
2650 21
2654 18
2655 16
2657 8
2660 11
2666 6
2673 9
2675 8
2678 10
2680 20
2682 12
2689 18
2690 20
2692 16
2694 9
2695 17
2697 4
2704 11
2711 17
2713 12
2719 16
2721 15
2723 11
2729 17
2731 11
2737 6
2743 16
2745 3
2751 17
2753 11
2759 21
2763 10
2765 16
2767 9
2768 16
2770 10
2771 21
2775 21
2779 3
2786 10
2788 4
2795 5
2802 16
2804 14
2810 17
2812 16
2814 1
2824 12
2830 18
2831 18
2832 6
2839 8
2841 2
2851 17
2853 9
2855 11
2861 6
2868 10
2870 9
2871 1
2881 15
2883 20
2885 12
2891 12
2898 1
2908 20
2910 2
2920 16
2922 6
2930 6
2937 10
2938 18
2939 9
2940 3
2946 4
2952 12
2959 11
2966 15
2968 18
2969 18
2970 4
2976 12
2984 18
2985 7
2987 13
2992 11
2998 18
2999 11
3005 11
3012 9
3014 12
3021 12
3027 21
3031 6
3038 21
3042 5
3048 5
3055 12
3062 16
3064 7
3067 21
3071 12
3078 1
3087 12
3094 19
3096 11
3103 11
3110 10
3112 6
3118 16
3120 12
3127 8
3131 14
3138 15
3140 10
3142 17
3144 18
3145 3
3152 7
3155 14
3160 4
3168 18
3169 15
3171 12
3178 3
3185 13
3190 7
3193 16
3195 10
3196 18
3197 1
3207 7
3210 14
3216 13
3221 12
3229 21
3233 11
3239 1
3248 16
3250 17
3252 17
3254 11
3260 17
3262 18
3263 18
3264 13
3269 20
3271 14
3277 11
3284 10
3286 16
3288 21
3292 12
3299 21
3303 2
3312 11
3319 10
3322 15
3324 20
3326 20
3328 8
3331 8
3333 5
3339 3
3346 5
3352 6
3358 19
3360 12
3367 19
3369 11
3376 15
3378 12
3385 11
3391 11
3398 10
3401 11
3407 12
3413 20
3415 16
3417 16
3419 12
3425 17
3427 15
3429 20
3431 15
3433 14
3439 18
3440 12
3448 5
3454 8
3457 7
3460 13
3466 13
3471 4
3477 5
3484 17
3486 16
3488 9
3490 19
3492 21
3496 12
3503 10
3505 11
3512 5
3518 18
3519 11
3525 13
3530 11
3536 18
3537 18
3538 17
3540 18
3541 15
3543 18
3544 19
3546 9
3548 15
3550 18
3551 6
3557 10
3559 11
3565 9
3566 18
3567 1
3577 7
3579 11
3586 14
3593 6
3599 5
3605 16
3607 8
3609 12
3615 17
3617 18
3618 8
3621 8
3623 6
3629 19
3631 9
3632 17
3634 11
3640 11
3646 21
3650 18
3651 11
3658 8
3660 14
3666 7
3668 4
3676 18
3677 6
3684 6
3691 16
3693 18
3694 2
3703 16
3705 11
3711 18
3712 17
3714 20
3716 7
3719 6
3725 18
3726 11
3733 21
3737 4
3744 16
3746 21
3750 11
3756 7
3759 10
3762 18
3763 12
3770 7
3773 1
3782 5
3788 21
3792 12
3799 15
3801 12
3807 14
3813 20
3815 17
3817 3
3823 19
3825 13
3831 11
3838 8
3841 4
3849 19
3851 5
3858 13
3863 5
3869 15
3871 11
3877 9
3878 15
3880 20
3882 15
3884 7
3886 18
3887 20
3889 5
3895 21
3899 11
3906 12
3913 19
3915 12
3923 7
3926 11
3933 19
3935 6
3942 11
3948 11
3955 15
3957 18
3958 16
3960 19
3962 14
3969 18
3970 18
3971 14
3977 17
3979 19
3981 21
3985 9
3987 20
3989 18
3990 1
3999 16
4001 3
4007 12
4014 2
4024 15
4026 21
4030 7
4032 18
4033 14
4039 15
4041 18
4042 12
4049 12
4055 11
4062 11
4069 21
4073 15
4075 12
4081 10
4083 19
4085 6
4092 4
4099 15
4101 12
4109 12
4115 12
4123 12
4131 21
4135 12
4142 9
4144 7
4147 6
4153 17
4155 10
4156 19
4158 2
4167 11
4174 19
4176 12
4183 20
4185 11
4191 12
4197 17
4199 1
4209 16
4211 8
4214 1
4224 5
4230 3
4237 11
4244 4
4250 5
4257 14
4264 6
4271 20
4273 10
4275 14
4281 19
4283 11
4290 10
4293 15
4295 13
4301 17
4303 17
4305 11
4312 2
4323 8
4326 20
4328 15
4330 12
4337 18
4338 16
4340 11
4347 7
4350 7
4352 21
4356 17
4358 2
4367 16
4369 6
4376 10
4378 10
4381 16
4383 8
4387 12
4394 20
4396 18
4397 14
4404 3
4410 5
4416 12
4423 6
4430 18
4431 11
4438 6
4444 21
4448 5
4455 20
4457 19
4459 19
4461 18
4462 19
4464 11
4471 21
4475 8
4478 7
4480 15
4482 11
4488 12
4495 13
4501 3
4507 19
4509 12
4516 4
4523 21
4527 4
4535 8
4539 11
4545 17
4547 14
4552 9
4554 6
4561 18
4562 12
4569 11
4576 14
4582 9
4583 20
4585 6
4593 11
4600 17
4602 4
4608 16
4610 7
4612 12
4618 12
4625 11
4631 20
4633 19
4635 15
4637 20
4639 5
4645 10
4647 1
4656 12
4662 15
4664 3
4671 13
4676 9
4677 17
4679 7
4682 11
4688 20
4690 2
4700 2
4710 13
4715 16
4717 5
4724 15
4726 18
4727 20
4729 19
4731 16
4733 12
4740 21
4744 10
4745 7
4747 15
4749 14
4755 9
4757 21
4761 11
4768 12
4775 2
4784 10
4787 14
4794 9
4796 3
4803 12
4810 8
4812 14
4819 14
4825 13
4831 14
4836 3
4843 7
4846 9
4848 10
4850 10
4852 17
4854 16
4856 2
4867 11
4873 9
4874 4
4881 20
4883 3
4890 3
4897 11
4903 12
4909 7
4911 14
4918 10
4921 19
4923 7
4925 7
4927 6
4933 4
4940 11
4947 20
4949 20
4951 9
4953 11
4959 2
4968 17
4970 18
4971 15
4973 9
4975 5
4981 12
4988 11
4994 11
5000 3
5007 11
5013 20
5015 1
5025 11
5032 11
5039 11
5046 9
5048 1
5057 8
5060 2
5070 13
5076 7
5078 5
5085 16
5087 18
5088 15
5090 12
5097 18
5098 3
5104 14
5110 17
5112 11
5119 5
5125 16
5127 12
5134 6
5140 19
5142 10
5144 15
5146 4
5153 5
5160 1
5169 16
5171 5
5178 9
5180 12
5186 18
5187 2
5197 3
5203 17
5205 14
5212 5
5219 1
5228 1
5238 11
5244 9
5246 6
5253 11
5259 12
5266 12
5274 18
5275 20
5277 18
5278 20
5280 4
5287 13
5292 1
5302 7
5304 3
5311 17
5313 13
5318 21
5322 2
5332 4
5340 9
5341 10
5344 18
5345 5
5351 4
5359 9
5360 7
5362 11
5369 16
5371 13
5377 7
5380 18
5381 11
5387 13
5393 3
5399 11
5405 20
5407 1
5417 19
5419 13
5424 1
5434 7
5436 11
5443 7
5446 21
5450 11
5457 13
5463 3
5469 11
5475 15
5477 11
5484 19
5486 12
5493 21
5497 13
5502 5
5509 16
5511 16
5513 18
5514 2
5525 20
5527 14
5533 17
5535 15
5537 12
5544 4
5551 18
5552 11
5559 13
5565 16
5567 16
5569 1
5578 10
5581 10
5584 9
5586 18
5587 12
5594 21
5598 11
5605 18
5606 2
5615 20
5617 6
5624 18
5625 18
5626 11
5633 2
5643 21
5647 12
5654 11
5660 11
5666 2
5675 3
5682 15
5684 8
5687 11
5693 10
5695 17
5697 11
5704 16
5706 16
5708 20
5710 3
5717 8
5719 9
5720 18
5721 11
5728 17
5730 16
5732 11
5739 12
5747 20
5749 20
5751 11
5757 16
5759 15
5761 4
5769 8
5771 13
5777 7
5779 2
5789 15
5791 13
5797 15
5799 6
5806 12
5814 16
5816 5
5822 11
5829 19
5831 17
5833 10
5834 11
5840 19
5842 13
5847 4
5854 11
5860 13
5865 19
5867 18
5868 11
5875 18
5876 18
5877 5
5883 12
5890 6
5896 6
5904 19
5906 13
5912 17
5914 19
5916 10
5918 4
5925 21
5929 11
5936 19
5938 19
5940 13
5945 9
5946 11
5953 2
5963 13
5969 8
5972 10
5975 4
5982 11
5989 7
5991 4
5999 9
6000 12
6007 20
6009 20
6011 13
6017 12
6024 8
6027 18
6028 4
6036 12
6043 17
6045 2
6056 10
6057 21
6061 12
6069 11
6075 11
6081 16
6083 11
6090 20
6092 15
6094 11
6100 5
6107 18
6108 18
6109 20
6111 18
6112 12
6120 18
6121 5
6128 11
6134 15
6136 13
6141 6
6148 18
6149 5
6156 15
6158 13
6163 5
6170 18
6171 11
6177 19
6179 5
6185 12
6191 1
6200 19
6202 9
6204 19
6206 3
6212 20
6214 16
6216 17
6218 11
6224 19
6226 12
6233 17
6235 3
6242 18
6243 13
6249 18
6250 7
6252 4
6259 9
6261 12
6269 20
6271 19
6273 19
6275 5
6282 19
6284 2
6293 11
6300 14
6306 7
6309 13
6314 10
6315 20
6317 11
6323 8
6326 10
6327 2
6337 5
6344 8
6348 18
6349 16
6351 18
6352 11
6358 11
6364 1
6373 16
6375 18
6376 11
6383 10
6385 16
6387 8
6390 3
6397 15
6399 12
6405 18
6406 12
6412 11
6418 1
6427 1
6437 18
6438 11
6444 9
6446 4
6453 17
6455 17
6457 12
6465 3
6471 9
6472 13
6477 19
6479 13
6484 21
6488 16
6490 9
6492 19
6494 16
6496 1
6505 13
6511 2
6522 1
6531 3
6537 11
6544 11
6551 12
6557 18
6558 13
6564 18
6565 18
6566 6
6573 17
6575 6
6581 8
6584 1
6594 10
6595 15
6597 11
6603 7
6605 15
6607 21
6611 7
6613 12
6620 2
6629 11
6636 2
6646 6
6654 21
6658 14
6664 18
6665 20
6667 11
6674 11
6680 19
6682 12
6690 15
6692 3
6698 10
6700 15
6702 17
6704 2
6713 5
6720 15
6722 18
6723 10
6725 6
6732 9
6733 5
6740 3
6746 19
6748 21
6752 12
6759 11
6765 11
6772 18
6773 12
6779 12
6785 18
6786 17
6788 6
6795 17
6797 12
6804 11
6810 19
6812 1
6822 17
6824 18
6825 12
6833 12
6840 11
6846 6
6852 2
6862 1
6871 11
6877 3
6884 14
6891 21
6895 7
6898 7
6901 15
6903 6
6910 3
6916 21
6920 8
6924 18
6925 10
6926 19
6928 3
6934 9
6936 19
6938 17
6940 18
6941 2
6951 8
6954 20
6956 9
6958 15
6960 12
6968 5
6974 11
6981 18
6982 10
6983 21
6987 15
6989 5
6996 10
6999 11
7005 17
7007 15
7009 11
7015 5
7021 4
7028 5
7034 15
7036 11
7043 11
7049 16
7051 19
7053 12
7060 12
7066 18
7067 18
7068 10
7069 4
7076 12
7083 14
7090 9
7091 21
7095 13
7101 12
7108 19
7110 17
7112 19
7114 3
7121 16
7123 16
7125 11
7131 16
7133 10
7136 14
7142 19
7144 11
7151 11
7157 20
7159 7
7162 6
7170 13
7176 13
7181 13
7187 5
7194 18
7195 20
7197 5
7203 6
7210 11
7216 9
7217 17
7219 10
7222 12
7229 10
7231 11
7238 21
7242 15
7244 11
7250 21
7254 11
7261 2
7271 3
7278 6
7285 11
7291 12
7299 9
7300 12
7307 6
7314 15
7316 12
7323 9
7324 11
7330 5
7336 11
7342 4
7348 13
7354 21
7358 5
7364 11
7371 4
7378 12
7386 11
7393 15
7395 3
7402 3
7408 21
7412 20
7414 4
7420 20
7422 12
7428 20
7430 6
7437 16
7439 6
7446 20
7448 2
7459 18
7460 18
7461 11
7468 11
7475 6
7482 16
7484 18
7485 2
7495 18
7496 11
7502 4
7510 8
7513 16
7515 14
7520 8
7522 7
7524 16
7526 2
7536 14
7542 12
7550 8
7552 11
7559 17
7561 16
7563 10
7566 11
7573 21
7577 13
7582 7
7585 7
7587 11
7594 8
7596 19
7598 16
7600 11
7607 16
7609 18
7610 11
7617 11
7624 9
7626 13
7631 8
7633 16
7635 9
7636 18
7637 11
7643 2
7654 5
7660 7
7663 3
7670 11
7676 16
7678 11
7685 9
7686 19
7688 13
7694 11
7701 12
7708 2
7719 3
7725 2
7735 8
7737 11
7744 19
7746 8
7748 14
7754 3
7760 8
7764 20
7766 20
7768 7
7770 9
7772 1
7781 13
7787 4
7795 15
7797 12
7803 3
7809 6
7816 6
7823 3
7829 11
7836 15
7838 12
7845 11
7851 4
7858 7
7860 13
7865 7
7868 9
7870 1
7879 11
7885 18
7886 10
7888 14
7894 11
7901 16
7903 10
7906 18
7907 11
7914 11
7920 13
7925 20
7927 20
7929 10
7931 17
7933 4
7940 6
7947 21
7951 15
7953 7
7955 5
7961 11
7968 6
7976 16
7978 17
7980 21
7984 3
7990 4
7997 12
8004 18
8005 6
8012 16
8014 16
8016 18
8017 18
8018 11
8024 8
8028 21
8032 17
8034 1
8043 5
8050 12
8056 19
8058 15
8060 12
8067 15
8069 6
8075 11
8081 21
8085 2
8096 17
8098 14
8104 21
8108 12
8115 10
8117 9
8118 12
8125 19
8127 18
8128 14
8135 18
8136 18
8137 12
8144 7
8147 7
8149 12
8156 14
8161 13
8166 20
8168 10
8170 7
8172 3
8179 2
8189 6
8195 7
8197 13
8203 18
8204 20
8206 10
8208 13
8213 12
8219 20
8221 1
8231 4
8239 10
8242 18
8243 16
8245 1
8255 18
8256 8
8259 1
8269 2
8279 19
8281 19
8283 13
8288 11
8295 7
8297 11
8304 12
8312 19
8314 7
8317 8
8321 6
8327 11
8334 1
8344 5
8350 2
8361 12
8367 5
8374 18
8375 9
8377 10
8380 11
8386 18
8387 9
8388 13
8393 15
8395 11
8402 6
8410 8
8414 1
8423 18
8424 17
8426 9
8427 12
8434 2
8443 4
8449 6
8456 12
8464 11
8471 9
8473 5
8479 2
8488 11
8494 12
8501 11
8508 12
8515 12
8522 11
8528 17
8530 14
8536 14
8541 12
8548 6
8555 9
8557 3
8564 15
8566 8
8570 6
8578 11
8584 11
8590 10
8591 8
8595 1
8604 3
8611 19
8613 10
8615 8
8618 1
8627 16
8629 5
8635 11
8641 21
8645 18
8646 9
8648 6
8654 15
8656 8
8659 8
8661 3
8667 11
8674 15
8676 9
8678 5
8684 12
8692 6
8699 5
8706 20
8708 11
8714 19
8716 17
8718 17
8720 16
8722 7
8725 18
8726 18
8727 16
8729 7
8731 11
8737 14
8743 5
8750 13
8756 16
8758 12
8765 10
8767 17
8769 11
8776 3
8782 17
8784 17
8786 3
8792 6
8799 11
8806 12
8812 6
8818 12
8824 13
8829 8
8831 13
8837 20
8839 3
8845 2
8856 10
8859 9
8861 18
8862 21
8866 8
8869 11
8876 18
8877 12
8885 15
8887 10
8889 9
8891 9
8892 16
8894 2
8905 6
8912 1
8921 15
8923 2
8934 21
8938 14
8943 7
8946 19
8948 8
8952 12
8959 17
8961 3
8967 11
8974 12
8982 5
8989 18
8990 13
8996 20
8998 12
9005 18
9006 7
9009 15
9011 6
9017 12
9025 21
9029 6
9037 13
9043 11
9049 19
9051 18
9052 2
9062 11
9068 4
9075 20
9077 13
9083 18
9084 13
9090 20
9092 5
9098 13
9103 6
9111 12
9118 12
9126 5
9133 11
9139 7
9142 11
9149 21
9153 11
9160 18
9161 3
9168 4
9175 5
9181 11
9187 14
9193 16
9195 10
9196 21
9200 10
9203 16
9205 16
9207 12
9213 3
9220 11
9226 16
9228 10
9230 5
9237 18
9238 5
9244 12
9251 9
9252 19
9254 17
9256 15
9258 19
9260 5
9267 15
9269 16
9271 4
9279 11
9286 2
9295 16
9297 11
9303 11
9310 11
9316 13
9322 15
9324 19
9326 16
9328 15
9330 17
9332 14
9339 12
9346 13
9351 13
9357 16
9359 18
9360 9
9361 5
9368 18
9369 20
9371 15
9373 12
9379 2
9389 4
9396 8
9398 4
9406 19
9408 3
9415 2
9425 18
9426 15
9428 20
9430 1
9439 13
9444 9
9445 4
9451 20
9453 21
9457 12
9464 17
9466 9
9468 12
9474 16
9476 8
9480 3
9487 13
9493 11
9499 12
9505 15
9507 11
9513 9
9515 11
9522 16
9524 12
9532 5
9538 2
9548 7
9550 7
9553 9
9554 18
9555 15
9557 18
9558 20
9560 3
9567 17
9569 15
9571 13
9577 21
9581 17
9583 11
9589 5
9596 20
9598 18
9599 11
9605 16
9607 18
9608 11
9614 18
9615 21
9619 18
9620 17
9622 7
9624 21
9628 13
9633 4
9640 9
9641 11
9647 12
9655 12
9662 3
9668 20
9670 6
9676 5
9683 20
9685 12
9692 11
9699 12
9706 16
9708 14
9713 19
9715 1
9724 12
9731 1
9741 11
9747 5
9754 7
9757 19
9759 21
9763 18
9764 2
9775 3
9782 12
9790 14
9796 11
9803 12
9810 11
9816 12
9823 1
9833 16
9835 4
9842 21
9846 12
9854 18
9855 1
9864 11
9871 15
9873 11
9879 16
9881 15
9883 9
9884 1
9893 19
9895 9
9896 3
9902 8
9904 3
9910 19
9912 16
9914 17
9916 11
9922 15
9924 18
9925 18
9926 11
9933 14
9939 1
9948 7
9951 15
9953 11
9960 4
9968 7
9970 18
9971 21
9975 11
9981 2
9990 21
9994 10
9996 2
10005 8
10009 19
10011 14
10018 11
10025 3
10031 8
10034 11
10040 12
10048 18
10049 12
10056 11
10062 12
10068 18
10069 8
10072 12
10079 21
10083 16
10085 5
10092 14
10098 19
10100 3
10107 11
10114 2
10123 20
10125 7
10128 18
10129 18
10130 20
10132 14
10138 21
10142 1
10152 21
10156 20
10158 8
10161 13
10166 3
10172 5
10179 1
10188 18
10189 12
10196 11
10203 8
10205 21
10209 6
10215 11
10221 4
10227 12
10234 2
10245 8
10247 12
10253 16
10255 20
10257 1
10267 5
10274 16
10276 18
10277 12
10283 12
10290 19
10292 11
10299 4
10306 10
10308 17
10310 3
10317 7
10319 20
10321 21
10325 12
10331 9
10333 1
10343 15
10345 17
10347 17
10349 12
10356 3
10363 11
10370 3
10376 21
10380 7
10382 7
10384 18
10385 20
10387 5
10394 11
10401 18
10402 9
10404 9
10406 11
10413 14
10420 4
10426 9
10428 11
10435 6
10443 19
10445 2
10455 7
10458 11
10464 10
10467 13
10472 2
10482 7
10485 16
10487 11
10493 20
10495 9
10496 7
10498 11
10505 9
10506 12
10513 16
10515 7
10518 15
10520 18
10521 12
10528 13
10533 19
10535 18
10536 12
10543 18
10544 20
10546 3
10552 11
10558 11
10564 15
10566 14
10573 18
10574 7
10577 7
10580 11
10587 14
10593 5
10599 4
10607 12
10615 12
10622 18
10623 18
10624 19
10626 18
10627 11
10633 19
10635 17
10637 11
10643 12
10649 11
10656 1
10665 9
10666 7
10669 21
10673 17
10675 12
10681 11
10687 13
10692 21
10696 5
10703 10
10706 6
10713 4
10719 12
10726 5
10733 16
10735 11
10741 12
10748 19
10750 19
10752 2
10763 9
10765 11
10772 9
10773 16
10775 1
10784 12
10790 1
10799 8
10802 11
10809 15
10811 21
10815 3
10821 11
10827 11
10834 20
10836 18
10837 19
10839 11
10845 8
10847 16
10849 4
10857 9
10858 20
10860 2
10870 18
10871 11
10878 14
10884 12
10892 19
10894 10
10896 15
10898 11
10905 21
10909 7
10912 10
10913 10
10914 17
10916 4
10923 5
10929 15
10931 11
10938 6
10945 13
10951 13
10956 21
10960 6
10967 12
10974 5
10980 13
10986 14
10992 12
10999 13
11004 18
11005 4
11011 11
11018 16
11020 6
11026 10
11028 4
11035 4
11041 12
11048 12
11055 12
11061 5
11068 3
11074 2
11084 18
11085 18
11086 16
11088 16
11090 13
11096 14
11103 2
11112 18
11113 18
11114 15
11116 2
11126 8
11130 18
11131 3
11138 17
11140 11
11146 14
11153 16
11155 13
11161 7
11163 12
11169 10
11171 7
11174 5
11180 18
11181 12
11189 21
11193 9
11195 12
11203 6
11211 12
11218 3
11224 13
11230 17
11232 8
11236 11
11242 11
11249 11
11255 16
11257 20
11259 3
11265 11
11272 13
11277 10
11279 21
11283 16
11285 18
11286 2
11296 19
11298 12
11306 11
11313 11
11319 13
11324 4
11330 17
11332 18
11333 12
11340 21
11344 13
11350 4
11356 8
11360 11
11367 12
11374 21
11378 11
11385 3
11391 15
11393 18
11394 14
11400 9
11401 18
11402 10
11404 5
11411 14
11418 12
11425 17
11427 7
11430 18
11431 19
11433 19
11435 7
11438 3
11445 11
11451 9
11453 7
11456 1
11465 12
11471 7
11474 11
11481 15
11483 4
11489 12
11496 5
11502 16
11504 7
11507 1
11517 10
11519 11
11526 1
11535 4
11541 13
11546 18
11547 2
11556 15
11558 20
11560 9
11561 1
11570 13
11576 21
11580 10
11583 11
11589 12
11597 19
11599 11
11606 11
11612 14
11618 18
11619 16
11621 15
11623 12
11630 15
11632 5
11639 13
11644 18
11645 6
11652 7
11655 6
11662 10
11663 9
11665 4
11673 12
11680 16
11682 11
11688 1
11698 16
11700 13
11706 12
11713 9
11715 4
11721 17
11723 6
11731 5
11738 3
11745 12
11753 20
11755 10
11757 12
11764 7
11766 7
11768 19
11770 11
11777 2
11787 19
11789 1
11799 10
11801 14
11806 5
11813 17
11815 20
11817 19
11819 13
11824 18
11825 16
11827 18
11828 13
11834 19
11836 19
11838 17
11840 9
11842 9
11843 16
11845 18
11846 12
11854 17
11856 11
11862 3
11869 1
11879 16
11881 9
11882 12
11889 13
11894 12
11902 5
11908 19
11910 4
11917 18
11918 2
11928 1
11937 11
11944 21
11948 11
11954 20
11956 15
11958 14
11964 17
11966 12
11973 7
11976 18
11977 3
11983 21
11987 20
11989 18
11990 4
11998 17
12000 3
12006 7
12008 19
12010 18
12011 11
12018 16
12020 11
12026 1
12035 19
12037 9
12038 11
12045 12
12053 15
12055 7
12058 17
12060 14
12067 6
12074 3
12081 15
12083 8
12087 18
12088 8
12091 11
12098 5
12105 16
12107 15
12109 5
12116 10
12118 16
12120 14
12125 8
12127 7
12129 11
12135 10
12137 12
12145 5
12152 11
12159 7
12162 3
12169 12
12176 6
12183 4
12190 11
12196 4
12203 15
12205 2
12214 4
12221 5
12227 1
12237 18
12238 15
12240 4
12247 6
12254 16
12256 21
12260 19
12262 7
12265 11
12271 15
12273 1
12282 12
12288 15
12290 4
12298 18
12299 13
12305 6
12312 14
12318 11
12325 3
12332 11
12338 8
12341 20
12343 7
12345 20
12347 2
12357 4
12365 15
12367 4
12373 15
12375 12
12382 2
12391 17
12393 15
12395 18
12396 12
12403 11
12409 1
12418 11
12424 18
12425 1
12434 12
12441 4
12449 4
12456 12
12462 12
12470 8
12473 14
12478 17
12480 10
12483 13
12488 10
12490 4
12497 13
12503 21
12507 15
12509 12
12517 21
12521 5
12528 16
12530 14
12536 21
12540 9
12541 14
12547 18
12548 15
12550 11
12557 16
12559 8
12561 11
12568 6
12574 4
12581 13
12586 12
12593 11
12599 3
12606 20
12608 7
12610 17
12612 17
12614 4
12622 11
12628 11
12635 12
12642 2
12651 20
12653 21
12657 3
12664 10
12666 12
12673 12
12679 9
12681 2
12690 11
12696 13
12701 12
12708 12
12715 18
12716 11
12723 7
12726 19
12728 13
12733 9
12735 12
12743 3
12749 18
12750 11
12756 11
12762 4
12768 3
12775 1
12784 7
12787 2
12797 11
12804 14
12811 11
12817 19
12819 21
12823 1
12832 10
12833 16
12835 11
12841 17
12843 5
12849 9
12850 16
12852 11
12859 11
12865 13
12870 2
12880 4
12887 11
12893 10
12894 9
12895 19
12897 11
12903 4
12909 5
12915 15
12917 12
12923 11
12930 13
12936 18
12937 5
12944 1
12953 5
12960 12
12968 3
12975 4
12982 18
12983 13
12989 11
12996 17
12998 12
13005 7
13007 21
13011 6
13017 7
13019 11
13026 13
13031 10
13033 16
13035 15
13037 8
13040 21
13044 3
13050 12
13057 1
13066 14
13072 15
13074 11
13080 11
13086 2
13096 18
13097 11
13103 16
13105 9
13107 12
13114 2
13124 3
13130 12
13138 6
13145 5
13151 8
13154 13
13160 18
13161 18
13162 6
13169 4
13176 11
13183 5
13190 12
13197 15
13199 9
13201 12
13209 11
13215 19
13217 15
13219 11
13226 10
13229 13
13235 16
13237 18
13238 1
13247 4
13253 5
13260 14
13267 21
13271 11
13278 18
13279 7
13282 14
13288 6
13296 1
13306 4
13313 12
13319 11
13325 11
13332 14
13338 1
13348 8
13352 6
13359 11
13365 11
13371 7
13373 12
13379 8
13383 15
13385 18
13386 18
13387 19
13389 16
13391 14
13398 14
13403 5
13410 7
13412 16
13414 17
13416 2
13426 15
13428 20
13430 21
13434 18
13435 8
13438 17
13440 20
13442 7
13445 11
13452 18
13453 11
13460 18
13461 8
13464 5
13471 5
13477 11
13483 8
13485 17
13487 12
13494 9
13496 11
13503 11
13510 16
13512 13
13518 14
13523 21
13527 11
13533 17
13535 3
13541 9
13543 2
