2959
1 7
3 21
7 13
12 2
22 3
28 7
31 6
38 11
44 12
50 5
56 1
65 8
69 16
71 6
78 11
84 12
92 3
98 7
100 8
104 13
109 12
115 11
122 11
128 13
134 14
141 19
143 8
147 19
149 15
151 19
153 18
154 6
161 11
167 7
170 15
172 14
178 6
185 12
193 14
199 3
205 10
207 11
213 11
220 17
222 7
224 5
231 2
240 11
247 7
249 18
250 5
256 10
257 8
260 18
261 18
262 11
268 1
278 11
285 12
293 3
300 18
301 21
305 14
311 11
318 18
319 15
321 11
328 16
330 4
337 12
344 10
346 6
352 10
354 17
356 6
362 14
369 19
371 12
379 18
380 1
389 13
394 18
395 18
396 11
402 12
410 15
412 16
414 19
416 7
418 3
425 6
433 9
434 11
441 12
449 12
456 12
463 11
469 2
479 21
483 14
489 16
491 5
498 4
505 1
515 10
518 1
528 12
536 10
538 7
540 8
543 19
545 8
548 15
550 3
557 8
560 16
562 6
569 2
580 18
581 11
587 4
593 18
594 7
597 11
603 21
607 15
609 1
618 11
625 15
627 3
633 17
635 9
637 11
644 18
645 7
648 19
650 2
661 11
668 9
669 7
672 16
674 4
681 4
688 9
689 11
696 21
700 6
707 12
713 12
719 6
726 14
733 1
742 3
748 21
752 12
759 18
760 14
765 8
768 12
774 11
780 11
786 17
788 18
789 19
791 18
792 18
793 18
794 16
796 11
803 21
807 10
810 21
814 1
823 18
824 14
830 14
836 14
842 9
843 19
845 4
851 11
857 15
859 6
866 14
871 13
876 18
877 1
887 12
895 16
897 4
905 11
912 18
913 8
916 5
922 17
924 18
925 5
931 16
933 5
940 10
941 11
947 20
949 17
951 2
961 14
967 9
968 9
969 14
974 2
984 7
987 18
988 1
997 12
1004 2
1013 10
1015 7
1017 21
1021 12
1029 4
1036 18
1037 11
1044 21
1048 7
1051 19
1053 16
1055 14
1061 4
1069 16
1071 7
1074 21
1078 10
1081 15
1083 15
1085 21
1089 10
1090 12
1098 20
1100 11
1107 2
1116 20
1118 14
1124 6
1131 21
1135 15
1137 16
1139 12
1146 11
1152 4
1159 13
1164 2
1174 18
1175 5
1181 12
1189 12
1197 13
1202 10
1204 18
1205 4
1212 8
1215 17
1217 12
1224 18
1225 5
1232 11
1239 21
1243 8
1246 2
1255 1
1264 8
1266 12
1274 16
1276 6
1283 11
1290 17
1292 5
1299 21
1303 9
1305 12
1313 11
1319 14
1325 2
1335 2
1344 7
1346 18
1347 1
1357 1
1366 12
1374 4
1381 4
1387 12
1395 9
1397 14
1404 16
1406 10
1408 10
1411 9
1413 14
1418 11
1424 17
1426 12
1433 2
1443 16
1445 18
1446 5
1452 2
1462 15
1464 13
1470 12
1478 21
1482 12
1489 1
1499 11
1505 18
1506 11
1513 11
1520 20
1522 21
1526 14
1533 12
1541 12
1548 12
1556 12
1563 5
1569 12
1577 12
1584 12
1590 15
1592 18
1593 11
1599 21
1603 6
1610 11
1617 18
1618 7
1620 19
1622 4
1629 17
1631 13
1636 12
1642 12
1649 16
1651 16
1653 6
1661 14
1668 7
1671 1
1680 18
1681 11
1687 4
1694 7
1697 20
1699 21
1703 12
1711 12
1717 5
1724 15
1726 3
1733 4
1740 6
1746 5
1753 11
1760 12
1766 11
1773 21
1777 10
1778 12
1785 4
1793 7
1795 10
1797 18
1798 14
1804 16
1806 15
1808 13
1814 17
1816 4
1822 7
1825 21
1829 21
1833 8
1835 5
1842 12
1850 20
1852 17
1854 17
1856 3
1863 19
1865 18
1866 2
1877 9
1879 5
1885 7
1887 14
1893 15
1895 12
1903 4
1909 6
1915 11
1921 12
1928 8
1930 5
1936 5
1942 10
1945 12
1952 11
1959 12
1965 15
1967 18
1968 15
1970 14
1975 2
1984 13
1990 21
1994 12
2001 8
2003 10
2006 18
2007 1
2017 9
2019 12
2026 8
2029 10
2031 13
2036 8
2039 15
2041 17
2043 11
2050 19
2052 7
2055 19
2057 2
2067 4
2074 14
2079 13
2084 20
2086 10
2087 2
2097 15
2099 8
2101 12
2108 17
2110 3
2117 6
2125 4
2133 8
2136 21
2140 16
2142 5
2149 3
2156 5
2162 11
2169 5
2176 15
2178 17
2180 12
2187 3
2194 9
2196 5
2202 12
2208 4
2216 13
2221 11
2227 13
2233 11
2240 12
2247 11
2253 20
2255 14
2262 18
2263 1
2272 4
2278 8
2281 16
2283 12
2289 4
2296 11
2303 21
2307 2
2316 8
2319 4
2326 2
2336 4
2343 5
2349 1
2359 12
2367 12
2374 3
2380 16
2382 18
2383 10
2384 12
2390 12
2396 12
2404 9
2405 21
2409 12
2415 4
2421 10
2423 14
2429 14
2435 11
2442 11
2449 13
2455 6
2462 11
2468 18
2469 16
2471 3
2477 3
2483 8
2487 1
2496 18
2497 4
2505 15
2507 11
2514 5
2520 20
2522 9
2524 6
2531 11
2537 9
2538 10
2540 21
2544 11
2551 16
2553 12
2560 3
2567 8
2570 19
2572 9
2574 16
2576 9
2577 18
2578 15
2580 20
2582 17
2584 10
2587 13
2592 18
2593 20
2595 20
2597 11
2603 17
2605 9
2607 21
2611 17
2613 12
2619 3
2626 19
2628 18
2629 17
2631 11
2638 4
2644 20
2646 5
2652 16
2654 19
2656 16
2658 18
2659 19
2661 13
2667 17
2669 4
2677 5
2683 19
2685 8
2688 19
2690 15
2692 9
2693 18
2694 18
2695 11
2702 16
2704 11
2710 18
2711 6
2719 12
2727 11
2734 8
2736 5
2742 17
2744 6
2750 11
2756 6
2763 21
2767 16
2769 16
2771 11
2778 8
2782 11
2789 18
2790 19
2792 12
2800 2
2810 21
2814 8
2816 15
2818 13
2824 6
2830 11
2836 12
2843 2
2853 19
2855 16
2857 3
2863 13
2868 9
2869 8
2871 8
2873 15
2875 15
2877 11
2883 14
2889 11
2895 7
2897 19
2899 6
2907 12
2913 17
2915 16
2917 12
2923 14
2930 6
2937 11
2944 2
2954 16
2956 9
2957 14
2964 7
2966 11
2973 13
2978 17
2980 7
2983 9
2984 18
2985 11
2992 7
2994 5
3001 16
3003 10
3005 4
3013 13
3019 10
3021 21
3025 11
3031 4
3039 14
3044 14
3050 9
3052 14
3058 21
3062 21
3066 18
3067 19
3069 2
3079 16
3081 3
3087 17
3089 10
3090 18
3091 2
3100 8
3102 20
3104 18
3105 2
3114 17
3116 10
3118 11
3124 11
3130 20
3132 11
3139 8
3143 15
3145 3
3152 8
3156 13
3161 18
3162 9
3164 12
3171 4
3178 8
3182 20
3184 7
3186 18
3187 11
3193 6
3199 6
3206 11
3213 12
3221 17
3223 11
3230 12
3237 17
3239 21
3243 6
3251 15
3253 18
3254 15
3256 12
3263 19
3265 10
3267 20
3269 12
3275 20
3277 1
3287 3
3293 15
3295 17
3297 15
3299 15
3301 19
3303 2
3312 15
3314 9
3315 17
3317 11
3323 19
3325 12
3333 12
3340 9
3341 14
3346 9
3348 20
3350 14
3356 13
3362 14
3368 10
3370 2
3379 19
3381 5
3387 11
3393 12
3401 5
3407 5
3414 11
3420 18
3421 9
3422 16
3424 18
3425 9
3427 18
3428 13
3434 16
3436 18
3437 16
3439 1
3449 16
3451 18
3452 6
3459 19
3461 9
3463 13
3469 14
3476 8
3478 9
3480 5
3486 12
3494 7
3497 1
3506 11
3513 13
3518 11
3524 7
3527 2
3537 3
3543 16
3545 21
3549 12
3556 15
3558 19
3560 12
3568 11
3574 1
3583 16
3585 19
3587 15
3589 11
3595 8
3597 6
3603 15
3605 20
3607 3
3614 12
3621 14
3626 18
3627 17
3629 11
3635 18
3636 12
3643 4
3649 16
3651 1
3661 14
3667 11
3673 21
3677 15
3679 21
3683 15
3685 10
3688 16
3690 11
3697 5
3704 13
3709 6
3717 15
3719 17
3721 16
3723 16
3725 19
3727 6
3734 18
3735 10
3736 9
3737 19
3739 16
3741 14
3746 6
3754 20
3756 17
3758 11
3765 11
3772 3
3779 4
3787 19
3789 8
3792 2
3803 1
3812 16
3814 16
3816 6
3822 5
3828 5
3835 21
3839 9
3840 21
3844 12
3852 14
3859 11
3865 6
3872 16
3874 10
3875 16
3877 11
3883 15
3885 18
3886 3
3893 12
3901 17
3903 18
3904 13
3910 1
3920 10
3921 11
3927 7
3929 13
3935 18
3936 11
3943 11
3949 7
3951 18
3952 12
3959 11
3966 3
3972 11
3978 4
3985 17
3987 1
3997 1
4006 13
4012 18
4013 12
4020 14
4026 11
4032 10
4033 4
4040 18
4041 19
4043 1
4052 4
4060 5
4066 19
4068 10
4070 10
4071 16
4073 12
4079 18
4080 17
4082 19
4084 19
4086 16
4088 11
4094 11
4101 15
4103 12
4110 19
4112 18
4113 7
4116 18
4117 21
4121 12
4128 12
4136 5
4142 13
4148 9
4150 1
4160 12
4168 21
4172 21
4176 6
4182 12
4189 2
4199 5
4206 2
4217 11
4223 2
4232 13
4238 2
4248 11
4254 20
4256 11
4262 1
4272 11
4278 9
4280 12
4287 2
4298 13
4304 3
4311 16
4313 18
4314 2
4324 12
4332 11
4339 13
4344 2
4354 17
4356 10
4358 18
4359 1
4369 8
4371 12
4379 7
4382 12
4390 11
4397 12
4404 2
4413 9
4414 11
4421 19
4423 7
4425 8
4429 9
4431 15
4433 11
4440 11
4446 3
4453 5
4460 13
4466 6
4474 11
4481 11
4488 11
4495 18
4496 10
4498 15
4500 11
4506 14
4511 11
4517 13
4523 11
4529 21
4533 6
4540 16
4542 19
4544 2
4554 14
4559 15
4561 11
4568 14
4573 5
4580 7
4582 11
4589 12
4595 11
4601 11
4608 11
4615 11
4622 16
4624 17
4626 13
4632 11
4638 1
4647 18
4648 12
4656 12
4663 10
4666 12
4672 6
4680 21
4684 19
4686 13
4692 12
4699 20
4701 7
4704 19
4706 7
4708 14
4713 11
4719 9
4720 13
4726 17
4728 4
4736 5
4742 11
4749 11
4756 2
4766 16
4768 3
4775 18
4776 15
4778 21
4782 16
4784 11
4791 11
4798 6
4804 15
4806 7
4809 2
4818 12
4826 18
4827 8
4830 12
4837 4
4844 21
4848 12
4855 18
4856 10
4859 11
4866 15
4868 5
4874 2
4885 12
4892 18
4893 12
4899 6
4906 20
4908 18
4909 18
4910 7
4913 11
4920 5
4926 20
4928 3
4934 6
4940 11
4947 13
4952 16
4954 11
4961 11
4967 5
4973 11
4980 1
4990 16
4992 16
4994 4
5001 16
5003 11
5009 8
5011 12
5017 9
5019 15
5021 12
5027 7
5030 8
5032 11
5038 12
5045 5
5051 13
5057 13
5063 3
5070 16
5072 4
5080 14
5086 1
5095 7
5097 4
5103 3
5109 12
5117 1
5126 19
5128 13
5134 9
5135 15
5137 11
5144 16
5146 16
5148 18
5149 21
5153 11
5159 16
5161 18
5162 11
5168 14
5173 16
5175 12
5181 2
5191 16
5193 11
5199 21
5203 9
5205 15
5207 15
5209 10
5211 12
5218 20
5220 12
5228 18
5229 12
5236 1
5245 6
5252 8
5256 2
5265 12
5273 7
5275 17
5277 19
5279 9
5281 19
5283 9
5284 2
5294 1
5304 12
5312 12
5319 18
5320 15
5322 4
5330 10
5331 8
5334 21
5338 2
5348 12
5355 18
5356 16
5358 11
5365 4
5372 11
5378 14
5383 9
5384 15
5386 1
5396 12
5404 16
5406 17
5408 4
5416 13
5422 6
5428 12
5436 20
5438 3
5445 17
5447 11
5454 18
5455 5
5461 20
5463 18
5464 9
5465 12
5472 15
5474 4
5482 18
5483 19
5485 5
5492 16
5494 11
5501 8
5504 11
5510 17
5512 6
5519 12
5526 8
5529 20
5531 6
5538 18
5539 17
5541 4
5549 7
5551 21
5555 20
5557 15
5559 7
5561 5
5568 5
5575 5
5581 12
5588 11
5594 15
5596 15
5598 16
5600 11
5607 21
5611 12
5617 1
5626 11
5632 12
5639 2
5648 6
5655 1
5665 15
5667 4
5675 15
5677 11
5683 11
5689 6
5696 5
5703 5
5709 9
5710 6
5718 11
5725 5
5731 18
5732 19
5734 14
5741 6
5748 12
5755 9
5757 18
5758 8
5762 12
5770 11
5776 19
5778 17
5780 18
5781 14
5788 2
5799 21
5803 10
5805 6
5813 11
5820 5
5827 11
5834 14
5840 7
5842 4
5849 19
5851 15
5853 3
5859 12
5866 8
5870 3
5877 6
5883 6
5890 11
5897 6
5905 5
5912 9
5914 4
5920 11
5926 19
5928 21
5932 15
5934 9
5935 1
5945 8
5948 3
5954 11
5961 18
5962 20
5964 18
5965 5
5972 11
5978 11
5984 11
5990 11
5996 12
6003 18
6004 8
6007 5
6013 16
6015 6
6021 20
6023 13
6028 19
6030 8
6033 14
6039 3
6046 12
6052 4
6059 18
6060 5
6066 4
6073 17
6075 7
6077 8
6080 3
6086 1
6096 1
6106 5
6113 1
6122 11
6129 16
6131 13
6136 20
6138 19
6140 17
6142 12
6149 12
6155 4
6162 1
6172 5
6179 9
6180 15
6182 11
6189 3
6195 11
6202 14
6208 8
6210 19
6212 7
6214 4
6220 16
6222 15
6224 15
6226 12
6232 17
6234 2
6244 13
6249 12
6256 11
6263 2
6274 17
6276 18
6277 15
6279 2
6289 6
6296 17
6298 15
6300 21
6304 3
6310 18
6311 20
6313 14
6319 19
6321 5
6327 9
6329 8
6331 8
6333 7
6336 11
6342 1
6351 21
6355 7
6358 18
6359 21
6363 19
6365 21
6369 17
6371 11
6377 12
6384 1
6394 12
6402 9
6404 4
6412 10
6413 18
6414 11
6421 17
6423 12
6430 15
6432 15
6434 6
6442 20
6444 4
6450 11
6457 17
6459 20
6461 9
6463 8
6467 18
6468 16
6470 18
6471 6
6478 11
6484 13
6490 9
6492 12
6498 17
6500 15
6502 18
6503 1
6512 14
6519 20
6521 11
6528 18
6529 8
6532 11
6538 10
6539 15
6541 14
6547 11
6553 16
6555 16
6557 12
6564 10
6565 1
6574 13
6580 6
6587 16
6589 14
6594 13
6599 11
6606 9
6608 3
6614 2
6623 11
6629 7
6632 19
6634 16
6636 1
6646 10
6649 17
6651 8
6653 9
6655 4
6661 15
6663 11
6669 17
6671 4
6678 18
6679 18
6680 18
6681 12
6688 6
6695 15
6697 21
6701 10
6702 16
6704 17
6706 4
6714 2
6723 12
6729 11
6736 20
6738 11
6745 11
6751 21
6755 5
6761 6
6768 15
6770 12
6776 21
6780 12
6787 1
6797 16
6799 18
6800 16
6802 15
6804 17
6806 4
6813 9
6815 13
6821 12
6828 7
6830 8
6832 5
6839 21
6843 2
6853 11
6859 1
6869 19
6871 1
6881 21
6885 5
6891 16
6893 19
6895 12
6903 1
6912 13
6917 18
6918 11
6925 18
6926 8
6928 16
6930 6
6938 17
6940 7
6942 6
6948 18
6949 18
6950 11
6956 13
6962 15
6964 12
6972 1
6982 17
6984 11
6991 18
6992 1
7002 3
7009 17
7011 18
7012 7
7015 9
7016 6
7023 10
7025 14
7032 11
7039 6
7047 20
7049 3
7056 18
7057 16
7059 8
7062 13
7067 10
7068 10
7070 2
7080 21
7084 11
7090 16
7092 13
7098 16
7100 2
7110 11
7116 16
7118 18
7119 7
7122 15
7124 18
7125 11
7132 10
7133 5
7139 10
7140 6
7147 10
7150 3
7156 17
7158 19
7160 16
7162 14
7168 5
7175 11
7182 18
7183 4
7189 18
7190 3
7196 21
7200 3
7206 12
7213 21
7217 19
7219 15
7221 6
7229 3
7236 11
7243 8
7246 6
7254 13
7259 13
7265 3
7271 20
7273 11
7280 12
7286 16
7288 18
7289 5
7295 4
7302 21
7306 4
7312 11
7318 12
7325 19
7327 4
7333 10
7335 1
7344 17
7346 21
7350 9
7352 13
7357 14
7363 21
7367 9
7369 16
7371 7
7374 15
7376 18
7377 9
7379 2
7389 14
7396 5
7402 10
7403 20
7405 17
7407 8
7409 19
7411 12
7417 11
7423 15
7425 12
7431 11
7437 20
7439 20
7441 17
7443 11
7450 1
7459 18
7460 21
7464 12
7471 20
7473 18
7474 6
7481 12
7489 18
7490 2
7499 7
7502 12
7509 16
7511 13
7517 16
7519 6
7525 6
7533 11
7539 19
7541 11
7547 5
7554 11
7561 11
7567 8
7571 13
7576 19
7578 16
7580 15
7582 13
7588 16
7590 19
7592 7
7594 4
7601 2
7612 17
7614 12
7621 12
7628 19
7630 11
7636 20
7638 6
7646 2
7656 5
7662 5
7669 20
7671 12
7679 11
7686 7
7688 8
7690 19
7692 11
7698 12
7706 3
7712 20
7714 18
7715 21
7719 20
7721 11
7728 11
7735 12
7741 1
7750 7
7753 16
7755 15
7757 13
7762 13
7768 7
7770 20
7772 7
7775 21
7779 9
7780 13
7785 14
7790 11
7797 7
7799 12
7807 20
7809 3
7815 3
7821 8
7825 21
7829 4
7835 19
7837 11
7844 19
7846 4
7853 21
7857 11
7863 11
7869 12
7875 16
7877 10
7879 12
7885 21
7889 16
7891 4
7897 6
7903 13
7909 10
7911 17
7913 21
7917 19
7919 18
7920 2
7931 17
7933 12
7940 20
7942 5
7949 18
7950 15
7952 11
7958 13
7963 14
7968 5
7975 5
7981 11
7988 16
7990 2
8001 4
8008 18
8009 12
8015 8
8017 1
8027 13
8032 9
8033 1
8042 8
8045 4
8053 10
8055 17
8057 21
8061 1
8071 12
8077 15
8079 13
8084 4
8091 20
8093 12
8100 2
8110 17
8112 16
8114 14
8120 10
8121 18
8122 8
8125 3
8131 11
8138 11
8144 14
8151 12
8157 5
8163 1
8173 11
8179 6
8185 13
8191 11
8197 12
8204 2
8214 7
8216 11
8223 7
8226 5
8233 19
8235 11
8242 19
8244 13
8249 10
8252 9
8253 11
8260 7
8263 2
8273 11
8280 15
8282 8
8285 16
8287 6
8294 13
8299 10
8300 18
8301 21
8305 6
8312 11
8319 4
8326 17
8328 13
8334 18
8335 14
8341 2
8351 18
8352 8
8354 10
8357 1
8367 11
8373 17
8375 18
8376 11
8382 8
8385 7
8387 14
8392 3
8399 16
8401 18
8402 16
8404 11
8410 9
8411 12
8417 18
8418 3
8424 19
8426 4
8434 5
8441 11
8447 15
8449 1
8458 6
8466 13
8471 17
8473 20
8475 20
8477 20
8479 3
8486 11
8492 10
8493 11
8499 5
8506 1
8515 12
8522 13
8528 9
8530 13
8535 12
8542 2
8551 9
8553 21
8557 14
8562 11
8568 8
8571 21
8575 8
8578 14
8584 12
8590 11
8596 19
8598 2
8608 9
8609 14
8615 13
8620 12
8626 5
8632 11
8638 21
8642 3
8648 20
8650 17
8652 11
8659 14
8666 14
8671 16
8673 12
8679 11
8686 11
8693 9
8695 11
8702 10
8704 20
8706 21
8710 18
8711 13
8716 11
8722 13
8727 4
8734 20
8736 11
8742 2
8753 12
8759 11
8765 7
8768 3
8774 1
8784 19
8786 9
8788 12
8795 12
8801 16
8803 5
8810 14
8816 12
8824 5
8830 18
8831 15
8833 9
8835 3
8842 18
8843 5
8849 15
8851 2
8861 11
8868 18
8869 14
8876 6
8882 1
8891 9
8893 10
8895 2
8905 12
8912 12
8919 4
8927 6
8934 1
8944 12
8952 3
8959 11
8965 19
8967 18
8968 9
8970 6
8977 1
8987 20
8989 14
8995 1
9004 16
9006 12
9014 5
9020 2
9031 21
9035 16
9037 12
9045 12
9052 2
9062 6
9070 12
9077 12
9085 11
9092 5
9099 13
9105 11
9112 12
9120 2
9129 14
9135 7
9137 2
9146 1
9156 11
9163 19
9165 11
9171 11
9177 18
9178 15
9180 9
9181 15
9183 12
9190 6
9197 5
9204 21
9208 5
9215 16
9217 3
9223 4
9229 18
9230 16
9232 5
9239 8
9242 11
9249 9
9250 10
9253 19
9255 15
9257 14
9263 8
9267 11
9273 2
9283 6
9290 17
9292 11
9298 8
9301 5
9307 4
9314 3
9321 11
9327 14
9333 11
9339 1
9349 9
9350 1
9360 19
9362 2
9371 21
9375 18
9376 19
9378 7
9380 11
9387 5
9393 11
9399 3
9406 11
9412 11
9419 2
9429 12
9435 10
9438 5
9445 15
9447 19
9449 11
9455 5
9462 2
9472 6
9479 8
9482 15
9484 20
9486 16
9488 16
9490 11
9497 17
9499 12
9506 1
9515 11
9521 8
9525 12
9532 4
9538 5
9545 9
9547 5
9554 17
9556 11
9562 14
9568 16
9570 4
9578 11
9585 10
9586 18
9587 7
9589 16
9591 1
9600 9
9601 4
9608 1
9618 20
9620 4
9627 15
9629 18
9630 12
9637 19
9639 11
9645 2
9655 5
9662 18
9663 5
9669 1
9679 21
9683 16
9685 12
9692 16
9694 12
9701 7
9703 11
9710 20
9712 18
9713 2
9723 17
9725 16
9727 13
9732 5
9739 4
9747 18
9748 10
9749 12
9755 4
9761 12
9767 15
9769 5
9776 21
9780 3
9787 3
9794 11
9800 12
9806 15
9808 20
9810 17
9812 9
9813 9
9814 12
9820 9
9822 4
9830 5
9836 1
9845 9
9847 10
9850 13
9855 5
9862 7
9865 11
9872 17
9874 3
9880 12
9887 12
9894 5
9901 5
9907 11
9914 13
9919 12
9926 4
9933 12
9940 7
9943 15
9945 14
9952 9
9954 8
9958 18
9959 12
9966 10
9969 2
9980 6
9987 15
9989 1
9999 4
10006 18
10007 9
10008 4
10014 10
10016 9
10017 15
10019 4
10026 1
10036 18
10037 18
10038 15
10040 6
10046 7
10048 12
10055 21
10059 7
10061 15
10063 11
10069 13
10074 13
10080 15
10082 17
10084 10
10085 3
10092 21
10096 5
10103 4
10110 7
10112 9
10114 9
10115 20
10117 16
10119 11
10126 8
10129 16
10131 11
10138 6
10146 16
10148 7
10151 14
10157 9
10158 12
10165 3
10172 9
10174 12
10181 15
10183 12
10191 14
10197 13
10203 1
10212 9
10214 15
10216 14
10222 19
10224 12
10231 18
10232 20
10234 1
10243 3
10249 8
10252 15
10254 1
10263 13
10268 12
10275 21
10279 9
10280 19
10282 13
10288 7
10290 19
10292 10
10294 16
10296 11
10303 4
10310 4
10317 4
10325 7
10327 12
10335 14
10341 8
10345 9
10346 5
10352 2
10362 19
10364 16
10366 18
10367 7
10369 18
10370 11
10376 18
10377 5
10383 19
10385 2
10395 11
10402 13
10407 4
10414 6
10420 2
10430 11
10436 20
10438 9
10440 16
10442 2
10452 18
10453 2
10462 21
10466 4
10473 13
10478 21
10482 11
10488 17
10490 11
10496 5
10502 6
10509 3
10516 7
10518 7
10521 15
10523 6
10531 16
10533 17
10535 11
10541 11
10548 15
10550 4
10558 3
10564 3
10570 12
10577 12
10585 3
10592 11
10598 3
10605 11
10611 13
10616 18
10617 19
10619 19
10621 10
10623 10
10624 12
10631 17
10633 1
10643 16
10645 21
10649 15
10651 3
10658 16
10660 18
10661 14
10667 12
10674 11
10681 19
10683 10
10684 9
10686 18
10687 18
10688 5
10695 1
10704 15
10706 8
10709 11
10716 20
10718 19
10720 12
10727 5
10733 15
10735 18
10736 1
10745 7
10748 15
10750 11
10756 20
10758 16
10760 10
10762 13
10768 4
10775 12
10782 12
10789 7
10792 16
10794 17
10796 3
10802 17
10804 12
10811 6
10817 17
10819 4
10826 1
10836 8
10839 12
10847 12
10854 11
10860 21
10864 11
10870 11
10876 7
10879 2
10889 17
10891 11
10897 13
10903 15
10905 19
10907 9
10908 13
10913 18
10914 18
10915 19
10917 8
10921 5
10928 20
10930 11
10937 18
10938 20
10940 21
10944 14
10950 7
10952 11
10959 4
10967 20
10969 17
10971 5
10977 1
10986 14
10992 12
10999 2
11009 5
11016 1
11026 12
11034 3
11040 12
11046 1
11056 6
11063 12
11069 9
11071 14
11078 6
11085 12
11093 20
11095 6
11102 10
11104 4
11112 18
11113 17
11115 18
11116 16
11118 15
11120 18
11121 5
11128 8
11130 12
11138 7
11141 11
11148 9
11149 7
11151 2
11161 20
11163 18
11164 7
11166 11
11173 12
11181 19
11183 13
11189 5
11196 11
11202 7
11205 18
11206 14
11212 3
11219 18
11220 11
11227 3
11233 19
11235 1
11244 18
11245 4
11252 16
11254 18
11255 12
11262 9
11263 18
11264 6
11271 20
11273 5
11280 14
11286 18
11287 10
11289 13
11294 14
11299 8
11301 11
11308 4
11314 18
11315 18
11316 14
11321 10
11323 17
11325 11
11332 4
11338 10
11340 13
11346 3
11352 20
11354 14
11360 1
11370 9
11371 8
11374 17
11376 3
11383 9
11384 11
11390 8
11393 3
11400 10
11403 18
11404 1
11414 15
11416 2
11427 4
11434 2
11445 11
11451 12
11459 14
11465 4
11471 11
11477 9
11479 18
11480 21
11484 12
11491 18
11492 11
11499 12
11506 12
11514 6
11522 13
11527 16
11529 11
11535 3
11542 6
11550 13
11555 17
11557 7
11559 20
11561 14
11568 11
11575 11
11582 3
11589 17
11591 20
11593 15
11595 1
11604 17
11606 11
11612 1
11622 15
11624 18
11625 11
11631 19
11633 19
11635 2
11644 15
11646 18
11647 6
11654 17
11656 17
11658 7
11660 2
11670 17
11672 4
11679 11
11685 9
11687 21
11691 2
11701 14
11707 21
11711 15
11713 5
11720 6
11728 20
11730 21
11734 5
11740 16
11742 8
11746 12
11753 11
11759 15
11761 11
11768 3
11775 16
11777 5
11784 12
11790 15
11792 4
11800 6
11808 14
11814 5
11821 16
11823 12
11829 3
11836 11
11843 11
11850 15
11852 21
11856 12
11862 21
11866 14
11872 14
11877 5
11884 12
11890 11
11897 11
11904 13
11910 11
11917 8
11920 3
11926 19
11928 21
11932 11
11938 14
11943 14
11948 1
11958 11
11965 18
11966 12
11972 3
11979 17
11981 12
11989 8
11993 10
11995 11
12002 17
12004 4
12011 12
12018 4
12026 8
12029 12
12035 18
12036 3
12043 15
12045 12
12052 12
12060 10
12062 18
12063 18
12064 12
12071 11
12077 18
12078 7
12081 6
12088 11
12094 11
12100 1
12110 15
12112 18
12113 18
12114 4
12121 11
12128 3
12134 15
12136 2
12146 12
12153 3
12159 4
12167 13
12173 7
12176 20
12178 10
12180 14
12185 9
12186 5
12193 5
12200 14
12205 20
12207 17
12209 4
12217 1
12227 6
12233 7
12235 21
12239 11
12246 9
12248 12
12256 16
12258 18
12259 18
12260 4
12267 5
12274 11
12281 1
12290 12
12297 8
12300 7
12302 4
12309 6
12317 20
12319 3
12325 12
12332 11
12339 18
12340 1
12349 17
12351 12
12359 20
12361 16
12363 15
12365 16
12367 3
12373 21
12377 11
12383 17
12385 12
12392 19
12394 11
12401 2
12410 12
12416 2
12427 16
12429 11
12436 11
12443 15
12445 18
12446 6
12453 7
12456 2
12467 15
12469 3
12475 15
12477 10
12480 4
12488 19
12490 11
12496 7
12498 11
12505 10
12507 18
12508 11
12514 2
12523 14
12528 12
12535 18
12536 1
12546 9
12547 12
12554 13
12560 11
12567 3
12574 11
12580 19
12582 2
12592 21
12596 11
12603 17
12605 2
12614 1
12623 15
12625 15
12627 12
12635 18
12636 21
12640 9
12642 12
12648 17
12650 21
12654 11
12660 8
12663 12
12671 11
12677 9
12679 5
12686 11
12692 13
12697 4
12705 11
12711 21
12715 12
12721 11
12727 2
12737 6
12745 13
12751 11
12758 12
12765 18
12766 15
12768 14
12775 5
12781 13
12786 3
12792 16
12794 12
12801 6
12808 14
12814 17
12816 2
12825 13
12830 14
12836 6
12843 19
12845 20
12847 12
12853 18
12854 19
12856 8
12860 6
12867 20
12869 7
12871 9
12872 14
12877 12
12885 8
12889 7
12892 2
12901 4
12908 12
12915 16
12917 5
12924 11
12930 11
12936 2
12946 11
12953 9
12955 11
12961 14
12967 12
12974 11
12980 15
12982 8
12985 11
12991 13
12996 12
13003 17
13005 8
13008 1
13018 5
13025 12
13033 12
13041 16
13043 11
13050 21
13054 4
13061 10
13062 15
13064 5
13070 21
13074 11
13081 8
13084 17
13086 4
13094 16
13096 4
13102 13
13107 10
13109 9
13110 11
13117 1
13126 17
13128 11
13135 18
13136 4
13143 11
13149 19
13151 7
13154 3
13161 12
13169 11
13175 13
13180 3
13187 18
13188 11
13195 13
13201 11
13208 7
13211 19
13213 11
13219 5
13226 4
13232 18
13233 5
13239 19
13241 10
13244 2
13255 11
13261 11
13268 5
13275 17
13277 4
13284 16
13286 16
13288 17
13290 14
13296 11
13302 15
13304 10
13305 12
13311 2
13322 9
13324 2
13334 6
13342 17
13344 7
13346 12
13354 17
13356 11
13362 18
13363 12
13369 11
13376 11
13382 20
13384 16
13386 11
13392 14
13398 13
13404 17
13406 3
13412 6
13420 5
13426 11
13432 21
13436 20
13438 7
13441 12
13448 3
13454 9
13456 3
13462 5
13468 11
13474 19
13476 7
13478 11
13485 20
13487 18
13488 7
13491 15
13493 19
13495 11
13502 10
13504 10
13505 19
13507 20
13509 14
13514 21
13518 1
13528 2
13538 7
13540 19
13542 3
13549 13
13554 4
13561 12
13568 15
13570 6
13578 13
13584 20
13586 18
13587 19
13589 15
13591 11
13597 10
13599 11
13606 13
13611 1
13621 21
13625 6
13631 8
13634 11
13641 11
13647 11
13654 8
13656 9
13657 15
13659 2
13668 20
13670 12
13677 11
13684 19
13686 14
13691 15
13693 9
13695 15
13697 19
13699 11
13706 9
13707 4
13715 6
13721 8
13723 19
13725 11
13731 8
13733 2
13743 14
13749 21
13753 14
13758 12
13766 15
13768 12
13774 5
13780 7
13782 11
13788 19
13790 12
13798 14
13803 20
13805 13
13811 11
13817 7
13819 11
13826 17
13828 18
13829 20
13831 7
13834 12
13842 9
13843 11
13849 2
13860 15
13862 12
13870 8
13874 12
13881 9
13882 7
13885 9
13887 11
13894 17
13896 18
13897 9
13898 12
13905 11
13911 17
13913 20
13915 12
13922 11
13928 12
13935 12
13941 12
13948 14
13954 5
13961 19
13963 1
13972 3
13978 16
13980 5
13987 1
13997 12
14004 14
