2959
1 7
3 12
9 16
11 12
17 14
22 15
24 3
30 6
36 11
43 11
49 19
51 5
58 18
59 2
68 5
74 13
79 8
81 8
85 12
91 2
102 12
110 17
112 14
119 12
127 9
128 5
135 8
139 2
150 12
158 9
159 16
161 15
163 12
169 10
170 7
173 1
183 18
184 18
185 18
186 19
188 12
194 18
195 14
202 9
204 12
210 12
216 10
219 6
227 16
229 3
236 11
242 16
244 13
250 12
258 10
259 8
261 7
264 11
271 19
273 1
282 11
289 11
295 20
297 13
303 5
309 4
317 11
323 16
325 11
332 11
338 11
344 15
346 9
347 19
349 12
355 15
357 4
363 5
369 16
371 1
380 12
388 7
391 20
393 11
400 2
409 16
411 15
413 20
415 3
421 4
427 13
432 19
434 6
440 8
442 19
444 18
445 5
451 18
452 8
456 14
463 20
465 16
467 3
473 11
480 20
482 14
487 12
495 6
503 11
509 5
515 12
523 11
529 20
531 4
537 11
543 3
550 5
556 11
562 12
570 15
572 3
579 13
584 1
593 7
596 7
598 5
604 11
611 5
618 11
625 1
635 6
643 13
649 13
655 12
663 9
665 9
666 2
677 14
682 14
687 13
693 5
700 11
706 14
713 15
715 4
721 11
727 8
729 4
735 11
742 2
751 14
758 5
765 5
772 18
773 18
774 4
780 11
786 11
793 2
802 18
803 18
804 4
810 12
816 21
820 18
821 7
823 10
824 13
830 8
834 19
836 18
837 10
840 16
842 21
846 11
853 12
859 8
863 19
865 6
871 7
873 9
875 14
880 18
881 8
885 15
887 15
889 11
896 4
904 13
909 7
911 14
916 11
922 12
930 8
934 16
936 11
942 15
944 11
951 12
957 8
959 21
963 1
972 1
982 10
983 4
991 20
993 11
999 21
1003 2
1012 1
1021 13
1027 13
1032 11
1039 18
1040 6
1046 6
1054 12
1062 15
1064 5
1071 1
1080 4
1086 1
1095 10
1098 18
1099 19
1101 8
1103 18
1104 14
1109 8
1113 12
1121 12
1127 12
1135 17
1137 18
1138 11
1145 1
1154 12
1160 12
1168 3
1174 18
1175 12
1181 9
1182 10
1185 9
1186 18
1187 18
1188 17
1190 11
1196 19
1198 4
1206 14
1211 12
1219 10
1222 11
1229 12
1237 7
1240 16
1242 17
1244 2
1255 4
1263 4
1269 1
1279 6
1287 12
1295 17
1297 7
1299 14
1306 11
1312 4
1320 11
1326 12
1332 11
1339 6
1345 12
1353 7
1356 20
1358 13
1364 11
1371 9
1372 13
1378 10
1381 11
1388 13
1394 17
1396 18
1397 18
1398 17
1400 11
1407 11
1413 10
1416 13
1421 21
1425 21
1429 4
1435 12
1443 1
1452 15
1454 21
1458 20
1460 11
1466 8
1468 9
1469 15
1471 18
1472 17
1474 14
1481 11
1487 2
1498 18
1499 8
1503 11
1510 10
1511 5
1517 4
1523 4
1531 7
1534 11
1541 2
1550 7
1553 18
1554 21
1558 9
1559 4
1565 11
1571 12
1579 19
1581 21
1585 7
1588 15
1590 8
1594 12
1602 11
1609 5
1616 18
1617 1
1627 8
1631 5
1637 16
1639 4
1647 18
1648 11
1655 8
1657 4
1665 11
1671 11
1677 5
1684 20
1686 18
1687 8
1689 15
1691 18
1692 1
1702 11
1708 11
1714 11
1720 13
1725 2
1736 4
1742 9
1744 18
1745 16
1747 18
1748 17
1750 11
1757 9
1759 21
1763 12
1769 6
1777 12
1783 14
1788 18
1789 18
1790 12
1796 14
1803 4
1811 15
1813 18
1814 17
1816 14
1823 3
1829 4
1835 12
1843 11
1849 7
1852 16
1854 16
1856 11
1863 13
1868 12
1876 20
1878 20
1880 5
1886 18
1887 8
1891 19
1893 10
1894 11
1901 1
1910 5
1917 12
1925 16
1927 6
1933 16
1935 18
1936 12
1942 21
1946 14
1953 6
1961 18
1962 21
1966 11
1973 9
1974 11
1981 5
1988 2
1997 4
2005 1
2015 12
2023 12
2029 17
2031 6
2039 18
2040 1
2049 9
2050 18
2051 2
2060 18
2061 6
2067 6
2075 12
2081 20
2083 11
2090 10
2093 18
2094 19
2096 11
2102 11
2108 12
2116 15
2118 9
2119 11
2126 20
2128 19
2130 1
2139 6
2145 11
2152 2
2161 20
2163 11
2170 1
2180 12
2186 14
2193 11
2200 11
2207 14
2214 3
2220 13
2226 11
2232 5
2239 12
2247 17
2249 6
2255 12
2263 3
2270 18
2271 20
2273 19
2275 21
2279 4
2285 7
2287 18
2288 7
2290 16
2292 15
2294 7
2296 18
2297 14
2304 18
2305 1
2315 16
2317 1
2327 12
2333 20
2335 1
2344 1
2354 11
2360 11
2366 2
2375 1
2384 2
2393 7
2396 11
2403 15
2405 13
2410 15
2412 19
2414 6
2422 17
2424 21
2428 17
2430 9
2431 12
2437 5
2443 3
2449 21
2453 9
2455 6
2461 1
2470 19
2472 18
2473 17
2475 12
2481 17
2483 13
2489 7
2492 19
2494 6
2500 16
2502 7
2504 7
2506 8
2510 16
2512 20
2514 14
2519 12
2527 11
2533 21
2537 6
2545 12
2553 5
2560 10
2561 10
2564 15
2566 9
2568 6
2576 18
2577 5
2583 12
2589 19
2591 2
2600 2
2609 8
2613 4
2619 18
2620 16
2622 7
2625 19
2627 7
2630 14
2637 3
2643 18
2644 18
2645 14
2652 2
2663 20
2665 5
2671 3
2678 15
2680 6
2688 2
2699 7
2701 15
2703 11
2710 10
2711 9
2712 10
2713 12
2721 15
2723 6
2731 8
2733 11
2740 2
2749 15
2751 14
2758 6
2766 2
2777 19
2779 19
2781 5
2788 6
2796 7
2798 19
2800 1
2810 11
2817 17
2819 21
2823 5
2830 17
2832 9
2834 18
2835 11
2842 4
2850 10
2851 7
2854 17
2856 12
2862 3
2869 7
2872 12
2878 3
2884 14
2889 18
2890 12
2896 18
2897 11
2903 10
2906 1
2915 13
2921 14
2928 11
2935 12
2941 4
2949 17
2951 19
2953 16
2955 3
2962 11
2969 8
2973 15
2975 7
2978 8
2980 18
2981 17
2983 18
2984 4
2990 5
2997 21
3001 9
3002 19
3004 11
3011 2
3022 11
3028 21
3032 18
3033 3
3039 17
3041 1
3050 18
3051 1
3060 21
3064 1
3074 16
3076 21
3080 18
3081 18
3082 19
3084 2
3093 10
3094 18
3095 4
3101 2
3112 15
3114 18
3115 5
3122 18
3123 13
3128 9
3130 13
3136 7
3139 3
3146 1
3156 12
3162 11
3169 12
3177 11
3184 11
3190 1
3200 9
3202 12
3208 20
3210 10
3213 20
3215 14
3222 13
3228 11
3235 4
3241 19
3243 12
3249 10
3252 14
3259 11
3265 20
3267 9
3269 11
3276 10
3277 12
3285 6
3293 2
3302 7
3304 19
3306 12
3312 15
3314 7
3317 2
3328 6
3334 15
3336 14
3343 12
3349 7
3352 6
3358 15
3360 2
3369 1
3379 11
3385 21
3389 7
3392 12
3400 8
3404 18
3405 1
3414 18
3415 11
3421 19
3423 5
3430 16
3432 11
3438 11
3444 7
3447 11
3453 3
3460 14
3467 8
3471 9
3473 2
3482 18
3483 18
3484 19
3486 7
3489 10
3490 20
3492 13
3497 21
3501 1
3511 15
3513 11
3520 8
3522 11
3529 1
3539 16
3541 11
3547 16
3549 19
3551 13
3557 11
3564 13
3570 18
3571 13
3576 1
3585 11
3591 11
3597 11
3604 18
3605 3
3612 11
3618 4
3624 4
3632 10
3633 11
3640 1
3649 10
3652 18
3653 2
3664 19
3666 15
3668 11
3675 7
3677 12
3683 16
3685 14
3690 6
3698 10
3699 16
3701 17
3703 11
3710 8
3712 11
3719 18
3720 12
3728 1
3738 6
3746 17
3748 19
3750 7
3753 8
3757 14
3762 2
3771 19
3773 14
3780 9
3781 12
3787 17
3789 3
3796 18
3797 4
3803 12
3809 11
3815 3
3822 18
3823 2
3832 2
3841 12
3849 21
3853 16
3855 18
3856 18
3857 13
3862 4
3870 16
3872 15
3874 3
3880 12
3886 9
3888 12
3896 17
3898 1
3907 18
3908 8
3912 18
3913 21
3917 6
3923 11
3930 17
3932 9
3934 8
3936 18
3937 4
3945 8
3947 18
3948 19
3950 12
3956 19
3958 11
3964 3
3971 6
3977 10
3980 13
3985 11
3992 12
3998 10
3999 10
4002 12
4010 17
4012 20
4014 12
4020 1
4029 19
4031 4
4039 11
4046 13
4052 2
4061 7
4064 16
4066 21
4070 1
4079 17
4081 13
4086 17
4088 11
4094 13
4099 13
4105 5
4112 19
4114 13
4120 21
4124 3
4130 12
4138 12
4146 10
4149 19
4151 7
4154 3
4161 17
4163 11
4169 18
4170 20
4172 3
4179 4
4185 4
4193 12
4201 8
4205 9
4206 20
4208 12
4214 18
4215 1
4225 11
4232 18
4233 21
4237 16
4239 10
4242 12
4248 13
4254 3
4261 11
4267 1
4277 14
4282 10
4285 8
4289 21
4293 12
4301 4
4309 1
4319 7
4322 4
4330 11
4336 17
4338 9
4339 11
4345 21
4349 13
4355 17
4357 18
4358 3
4364 16
4366 7
4369 12
4375 3
4382 18
4383 15
4385 4
4391 8
4395 2
4404 6
4412 11
4419 12
4427 5
4434 11
4440 11
4447 13
4453 4
4461 19
4463 17
4465 11
4471 2
4482 12
4488 18
4489 8
4493 9
4494 12
4500 7
4502 11
4508 11
4515 20
4517 4
4525 7
4527 17
4529 15
4531 10
4532 21
4536 15
4538 14
4545 16
4547 17
4549 17
4551 21
4555 18
4556 1
4566 10
4567 6
4575 19
4577 1
4587 3
4594 3
4600 12
4608 8
4610 11
4617 16
4619 12
4627 4
4633 16
4635 21
4639 11
4645 12
4653 3
4660 2
4669 7
4671 12
4677 12
4683 10
4684 9
4685 6
4691 19
4693 21
4697 7
4699 18
4700 19
4702 18
4703 14
4710 5
4717 12
4725 2
4736 6
4744 8
4748 12
4754 12
4762 18
4763 18
4764 8
4768 16
4770 21
4774 10
4775 19
4777 9
4778 11
4784 10
4785 11
4791 18
4792 13
4797 14
4802 3
4808 11
4815 20
4817 18
4818 12
4824 5
4831 7
4834 20
4836 11
4842 19
4844 7
4846 12
4854 18
4855 8
4857 1
4866 18
4867 6
4875 16
4877 11
4883 11
4889 7
4891 19
4893 17
4895 4
4901 20
4903 19
4905 8
4907 14
4912 7
4915 14
4920 8
4924 1
4934 3
4940 20
4942 12
4948 15
4950 21
4954 8
4956 20
4958 13
4964 8
4966 10
4967 6
4975 13
4981 11
4988 8
4992 17
4994 14
5001 21
5005 18
5006 7
5008 18
5009 13
5014 17
5016 12
5024 9
5025 18
5026 8
5030 13
5036 15
5038 16
5040 3
5047 12
5053 17
5055 12
5063 11
5070 12
5078 11
5084 1
5093 5
5099 9
5101 19
5103 5
5110 14
5117 17
5119 15
5121 5
5127 17
5129 1
5138 8
5140 11
5146 5
5152 3
5159 17
5161 20
5163 4
5169 4
5177 11
5183 4
5191 1
5201 15
5203 5
5210 12
5216 10
5217 6
5223 14
5228 4
5236 2
5245 2
5254 13
5259 17
5261 12
5269 1
5279 18
5280 12
5286 10
5287 9
5289 14
5296 3
5303 15
5305 1
5314 10
5317 12
5325 13
5330 3
5336 12
5344 11
5351 8
5353 17
5355 7
5357 21
5361 5
5367 19
5369 16
5371 11
5378 11
5385 11
5391 16
5393 4
5399 16
5401 12
5409 4
5417 8
5419 4
5427 6
5433 1
5442 12
5448 17
5450 2
5461 20
5463 7
5465 6
5473 12
5479 4
5487 12
5493 1
5503 7
5505 1
5514 11
5521 10
5524 12
5532 4
5538 10
5541 4
5547 8
5551 1
5560 12
5566 11
5573 12
5581 19
5583 14
5590 12
5596 15
5598 17
5600 11
5606 11
5613 7
5616 16
5618 12
5626 11
5633 15
5635 2
5644 9
5645 1
5654 18
5655 12
5661 6
5669 6
5675 10
5678 3
5684 11
5691 1
5701 5
5707 3
5713 9
5714 3
5720 11
5726 1
5736 20
5738 16
5740 4
5746 18
5747 15
5749 5
5755 12
5763 11
5770 5
5776 3
5782 20
5784 13
5789 10
5792 18
5793 9
5795 12
5801 17
5803 1
5812 15
5814 6
5822 21
5826 5
5833 12
5841 2
5850 1
5860 20
5862 11
5868 5
5874 20
5876 4
5882 19
5884 7
5886 3
5893 15
5895 17
5897 12
5903 4
5909 12
5915 7
5918 3
5924 10
5925 15
5927 1
5937 15
5939 5
5945 18
5946 7
5948 15
5950 15
5952 18
5953 9
5954 2
5965 15
5967 11
5974 16
5976 11
5983 1
5993 14
6000 14
6005 20
6007 21
6011 21
6015 12
6021 15
6023 1
6032 4
6038 20
6040 1
6049 11
6056 3
6063 19
6065 10
6068 19
6070 20
6072 2
6081 4
6087 15
6089 18
6090 3
6096 18
6097 11
6104 21
6108 15
6110 19
6112 4
6118 18
6119 10
6122 17
6124 15
6126 5
6132 14
6137 19
6139 12
6147 17
6149 10
6150 12
6158 13
6163 15
6165 3
6171 13
6177 6
6183 8
6187 4
6193 10
6194 12
6200 2
6211 4
6217 2
6228 3
6234 6
6240 12
6246 13
6251 20
6253 16
6255 11
6262 3
6268 21
6272 2
6283 11
6289 13
6294 11
6301 2
6310 20
6312 10
6313 7
6316 2
6327 5
6333 19
6335 10
6336 2
6345 3
6352 5
6358 12
6364 11
6370 7
6372 14
6377 10
6380 11
6386 19
6388 18
6389 15
6391 6
6397 11
6403 1
6412 11
6419 12
6425 21
6429 12
6437 12
6445 6
6451 12
6457 4
6463 19
6465 11
6472 19
6474 10
6475 9
6477 2
6486 9
6488 20
6490 18
6491 10
6494 11
6500 1
6510 12
6516 16
6518 3
6525 2
6536 1
6546 17
6548 10
6549 12
6557 4
6563 5
6569 8
6571 13
6576 13
6581 5
6587 11
6594 11
6601 12
6607 20
6609 1
6618 10
6621 14
6628 16
6630 14
6635 13
6641 7
6643 5
6650 9
6651 6
6659 10
6662 17
6664 3
6671 11
6678 3
6684 7
6686 13
6692 10
6695 3
6701 6
6707 12
6713 4
6719 10
6722 15
6724 2
6735 10
6738 20
6740 12
6746 12
6754 1
6763 12
6771 12
6779 18
6780 8
6782 9
6784 21
6788 8
6790 11
6796 2
6805 3
6812 19
6814 1
6824 12
6832 20
6834 19
6836 7
6838 15
6840 12
6846 17
6848 3
6855 2
6866 10
6869 11
6876 15
6878 10
6879 15
6881 4
6887 9
6888 18
6889 1
6898 12
6906 2
6917 19
6919 18
6920 11
6926 18
6927 14
6932 1
6941 10
6942 11
6949 8
6953 17
6955 12
6961 17
6963 12
6971 4
6977 8
6979 8
6983 6
6991 15
6993 4
6999 15
7001 2
7010 12
7016 6
7022 20
7024 11
7031 9
7032 11
7038 20
7040 9
7041 10
7044 11
7051 13
7057 4
7065 21
7069 14
7074 2
7085 10
7086 9
7088 12
7094 18
7095 11
7101 6
7109 4
7117 5
7124 16
7126 3
7132 10
7133 7
7136 9
7137 9
7138 7
7140 3
7146 16
7148 3
7155 12
7163 2
7172 7
7175 11
7182 20
7184 11
7191 20
7193 17
7195 11
7201 17
7203 15
7205 7
7208 4
7214 18
7215 20
7217 3
7224 18
7225 21
7229 1
7238 11
7245 12
7251 12
7257 12
7263 18
7264 6
7272 2
7283 19
7285 11
7291 11
7298 20
7300 14
7305 15
7307 1
7317 12
7323 2
7332 12
7338 18
7339 13
7344 21
7348 17
7350 12
7358 19
7360 11
7366 11
7372 11
7378 4
7386 7
7388 18
7389 7
7391 2
7400 11
7406 16
7408 13
7413 9
7414 20
7416 11
7423 18
7424 14
7429 10
7432 12
7440 12
7446 8
7450 18
7451 13
7456 11
7463 9
7465 18
7466 16
7468 19
7470 15
7472 9
7473 9
7475 11
7481 11
7487 15
7489 9
7490 3
7496 6
7502 11
7508 6
7516 16
7518 3
7525 11
7531 18
7532 14
7537 11
7543 8
7547 11
7554 11
7561 11
7568 11
7575 11
7581 12
7587 12
7595 11
7602 12
7608 11
7614 15
7616 13
7622 3
7629 19
7631 16
7633 11
7639 15
7641 4
7647 2
7658 12
7666 18
7667 11
7673 3
7679 18
7680 2
7691 11
7697 10
7698 11
7704 5
7710 4
7716 5
7723 13
7728 12
7734 17
7736 4
7744 11
7751 16
7753 8
7757 13
7763 11
7769 1
7779 12
7787 2
7796 19
7798 10
7799 5
7805 21
7809 12
7817 11
7823 5
7830 14
7837 9
7838 2
7847 2
7856 12
7862 3
7868 4
7876 13
7882 12
7888 6
7896 16
7898 11
7905 16
7907 9
7908 14
7915 20
7917 11
7923 19
7925 6
7931 6
7937 4
7945 6
7951 20
7953 21
7957 3
7963 1
7972 11
7978 6
7986 16
7988 16
7990 20
7992 21
7996 15
7998 16
8000 16
8002 11
8008 11
8014 3
8020 14
8027 11
8034 11
8040 12
8048 18
8049 17
8051 2
8060 5
8067 18
8068 3
8074 17
8076 18
8077 3
8083 21
8087 19
8089 11
8096 14
8101 4
8109 1
8118 8
8120 5
8127 15
8129 5
8135 12
8141 19
8143 14
8150 19
8152 12
8158 14
8165 13
8170 2
8179 6
8185 17
8187 2
8196 18
8197 1
8206 18
8207 3
8214 11
8220 20
8222 20
8224 12
8232 16
8234 11
8240 20
8242 12
8248 3
8254 12
8260 18
8261 3
8268 19
8270 13
8276 1
8286 12
8292 10
8295 21
8299 20
8301 17
8303 11
8309 16
8311 5
8318 21
8322 8
8324 11
8330 6
8336 18
8337 1
8346 7
8348 14
8353 11
8359 18
8360 12
8366 14
8373 18
8374 12
8380 1
8390 15
8392 16
8394 10
8397 12
8405 19
8407 9
8409 12
8415 5
8421 6
8427 21
8431 9
8433 4
8439 6
8447 2
8458 11
8464 14
8471 12
8477 15
8479 9
8480 18
8481 21
8485 11
8492 12
8500 4
8506 11
8512 11
8519 19
8521 6
8529 2
8540 13
8546 18
8547 12
8553 1
8562 11
8569 18
8570 11
8577 7
8579 14
8586 8
8590 16
8592 16
8594 13
8600 18
8601 18
8602 5
8608 11
8615 7
8617 11
8624 9
8626 5
8633 20
8635 14
8642 18
8643 19
8645 15
8647 3
8653 1
8663 12
8669 1
8678 13
8683 18
8684 13
8689 21
8693 3
8700 19
8702 15
8704 15
8706 11
8713 7
8716 2
8725 13
8731 11
8737 9
8739 7
8741 5
8748 12
8756 8
8758 11
8765 3
8772 3
8779 1
8789 18
8790 7
8793 12
8801 12
8809 10
8812 20
8814 8
8816 6
8822 20
8824 13
8829 1
8838 20
8840 11
8847 7
8850 14
8857 4
8863 6
8869 7
8871 8
8875 14
8880 12
8886 12
8892 3
8899 3
8905 7
8908 5
8914 11
8920 11
8927 6
8933 12
8939 2
8950 17
8952 14
8959 3
8966 21
8970 11
8977 12
8983 13
8989 11
8996 21
9000 15
9002 20
9004 18
9005 11
9012 20
9014 12
9022 5
9029 3
9036 17
9038 8
9040 2
9049 14
9054 12
9062 5
9069 7
9071 4
9079 2
9090 18
9091 7
9093 11
9100 4
9108 11
9115 17
9117 20
9119 2
9128 5
9134 17
9136 18
9137 11
9143 18
9144 1
9154 11
9160 15
9162 18
9163 18
9164 12
9170 9
9172 13
9178 1
9188 9
9189 15
9191 11
9197 18
9198 5
9204 14
9209 14
9216 5
9223 18
9224 1
9234 13
9240 10
9243 13
9248 8
9252 11
9259 9
9261 16
9263 19
9265 11
9271 11
9277 3
9283 10
9284 12
9292 11
9298 1
9307 11
9314 8
9316 17
9318 12
9326 13
9331 12
9339 18
9340 3
9346 16
9348 4
9356 14
9361 11
9367 11
9373 18
9374 14
9379 16
9381 11
9388 12
9396 17
9398 4
9406 7
9409 18
9410 18
9411 14
9418 11
9425 19
9427 16
9429 12
9437 20
9439 8
9443 13
9449 18
9450 17
9452 11
9458 16
9460 14
9465 12
9471 4
9479 8
9483 15
9485 11
9491 16
9493 15
9495 6
9501 2
9510 11
9516 11
9522 11
9529 19
9531 21
9535 18
9536 18
9537 14
9542 2
9551 9
9553 13
9558 16
9560 20
9562 13
9568 3
9574 14
9581 12
9589 12
9597 6
9603 12
9611 20
9613 6
9621 2
9630 11
9637 9
9638 11
9644 17
9646 14
9651 12
9657 5
9664 18
9665 1
9674 6
9680 10
9681 12
9687 9
9689 8
9693 6
9699 2
9710 17
9712 10
9715 13
9720 15
9722 13
9727 9
9729 15
9731 20
9733 12
9741 17
9743 13
9748 18
9749 21
9753 7
9755 20
9757 10
9758 9
9760 6
9766 18
9767 11
9773 5
9780 11
9786 11
9792 10
9795 4
9803 9
9804 4
9810 2
9821 21
9825 3
9832 20
9834 13
9839 11
9846 20
9848 14
9853 17
9855 3
9861 14
9868 17
9870 13
9875 18
9876 2
9885 16
9887 10
9890 12
9898 11
9904 20
9906 20
9908 2
9919 9
9921 16
9923 3
9929 15
9931 4
9937 10
9940 21
9944 11
9951 5
9957 19
9959 21
9963 8
9967 2
9978 12
9984 11
9990 11
9997 19
9999 17
10001 18
10002 12
10008 11
10014 11
10021 14
10028 12
10034 19
10036 11
10042 11
10049 12
10055 19
10057 12
10065 7
10068 20
10070 11
10077 10
10078 20
10080 16
10082 15
10084 12
10090 9
10091 18
10092 12
10100 21
10104 19
10106 14
10113 2
10122 5
10128 12
10136 5
10142 19
10144 4
10150 20
10152 14
10157 20
10159 10
10160 18
10161 17
10163 5
10169 10
10172 21
10176 18
10177 15
10179 1
10189 18
10190 15
10192 7
10194 7
10196 9
10197 2
10206 12
10214 16
10216 11
10222 4
10230 7
10233 11
10239 11
10245 15
10247 11
10253 12
10261 11
10267 12
10273 12
10279 21
10283 2
10294 17
10296 17
10298 5
10305 18
10306 19
10308 10
10311 10
10312 16
10314 11
10320 6
10328 8
10330 9
10332 15
10334 16
10336 15
10338 16
10340 2
10351 12
10359 5
10366 4
10374 17
10376 16
10378 15
10380 10
10383 12
10391 6
10397 12
10403 10
10406 13
10411 4
10417 8
10421 1
10431 20
10433 2
10442 13
10448 15
10450 7
10453 5
10459 5
10466 13
10472 18
10473 8
10475 19
10477 4
10485 12
10493 15
10495 11
10502 17
10504 12
10512 3
10518 12
10524 12
10532 13
10537 18
10538 11
10544 4
10550 20
10552 14
10559 18
10560 18
10561 7
10563 10
10564 18
10565 17
10567 9
10569 6
10577 1
10586 10
10589 11
10596 12
10602 14
10609 16
10611 4
10619 15
10621 19
10623 20
10625 15
10627 13
10633 4
10639 10
10640 18
10641 6
10649 12
10657 3
10664 7
10666 16
10668 11
10675 12
10681 17
10683 9
10684 1
10694 1
10703 21
10707 12
10713 12
10721 10
10724 11
10731 15
10733 18
10734 18
10735 17
10737 12
10743 14
10748 5
10754 12
10760 2
10771 16
10773 11
10779 2
10790 1
10800 15
10802 20
10804 18
10805 1
10814 3
10821 2
10830 9
10831 7
10833 19
10835 5
10841 16
10843 15
10845 7
10848 11
10854 15
10856 9
10858 14
10865 2
10876 4
10884 12
10892 19
10894 20
10896 11
10903 1
10913 21
10917 17
10919 15
10921 14
10926 6
10932 2
10943 14
10950 5
10957 21
10961 11
10968 18
10969 4
10977 1
10986 13
10992 11
10999 16
11001 16
11003 9
11005 14
11012 12
11018 12
11026 20
11028 5
11035 4
11043 10
11044 4
11052 3
11059 3
11066 18
11067 14
11074 2
11085 11
11091 2
11100 5
11107 11
11114 11
11120 19
11122 13
11127 1
11137 7
11140 11
11146 13
11152 14
11159 11
11165 12
11173 9
11175 2
11184 6
11190 17
11192 16
11194 12
11202 19
11204 12
11212 12
11218 11
11224 16
11226 14
11231 10
11234 11
11241 2
11252 9
11253 10
11256 19
11258 13
11264 21
11268 12
11276 11
11283 10
11284 3
11291 7
11293 11
11300 11
11307 19
11309 17
11311 2
11320 12
11326 19
11328 9
11329 11
11335 1
11345 12
11351 20
11353 5
11359 11
11366 18
11367 15
11369 5
11376 11
11383 1
11392 18
11393 11
11399 11
11406 6
11412 10
11415 3
11422 18
11423 8
11427 20
11429 4
11435 6
11441 18
11442 4
11448 21
11452 9
11454 8
11456 8
11458 11
11465 21
11469 17
11471 4
11477 11
11484 12
11492 2
11503 4
11511 9
11513 20
11515 6
11521 16
11523 11
11530 10
11533 11
11539 20
11541 18
11542 17
11544 15
11546 11
11553 12
11559 10
11560 17
11562 19
11564 14
11571 11
11578 4
11586 8
11588 18
11589 9
11590 11
11596 17
11598 21
11602 7
11605 18
11606 8
11610 12
11616 10
11617 20
11619 10
11622 3
11629 11
11636 9
11638 15
11640 18
11641 11
11647 4
11653 11
11659 20
11661 16
11663 3
11670 5
11676 2
11687 17
11689 12
11697 18
11698 3
11704 18
11705 11
11711 11
11717 16
11719 1
11728 20
11730 16
11732 12
11738 12
11746 20
11748 18
11749 13
11755 21
11759 18
11760 15
11762 16
11764 17
11766 21
11770 17
11772 17
11774 10
11775 11
11782 15
11784 7
11786 18
11787 20
11789 9
11790 5
11797 17
11799 11
11805 16
11807 4
11815 14
11822 15
11824 5
11830 9
11832 17
11834 12
11842 6
11850 17
11852 7
11854 21
11858 15
11860 10
11863 16
11865 14
11870 19
11872 13
11878 14
11885 11
11891 5
11897 7
11900 18
11901 6
11907 2
11916 5
11922 19
11924 3
11931 13
11937 9
11938 15
11940 4
11946 4
11952 20
11954 18
11955 18
11956 18
11957 17
11959 12
11965 11
11972 8
11974 9
11975 14
11980 15
11982 6
11988 14
11993 18
11994 5
12001 18
12002 6
12008 1
12017 18
12018 20
12020 3
12026 16
12028 10
12029 16
12031 2
12042 11
12048 6
12054 14
12059 5
12065 9
12066 16
12068 15
12070 11
12077 20
12079 15
12081 14
12088 3
12095 11
12102 5
12109 7
12112 11
12119 13
12124 1
12133 7
12136 4
12144 17
12146 4
12152 12
12158 16
12160 2
12171 11
12177 1
12187 2
12196 11
12203 6
12209 4
12215 12
12221 13
12227 12
12233 15
12235 12
12241 6
12249 9
12251 11
12258 7
12260 20
12262 17
12264 13
12269 6
12275 3
12282 5
12288 17
12290 2
12301 12
12309 12
12317 16
12319 3
12325 8
12329 7
12332 4
12340 11
12347 10
12350 17
12352 11
12358 12
12366 18
12367 19
12369 11
12375 19
12377 11
12383 17
12385 14
12390 4
12396 18
12397 12
12405 2
12416 12
12424 11
12430 9
12432 19
12434 18
12435 3
12442 15
12444 18
12445 11
12451 19
12453 12
12461 18
12462 6
12470 5
12476 6
12482 12
12490 19
12492 4
12500 9
12502 18
12503 12
12509 11
12515 19
12517 11
12523 9
12524 19
12526 12
12534 9
12535 15
12537 17
12539 9
12540 8
12544 17
12546 9
12547 15
12549 16
12551 12
12559 21
12563 2
12572 16
12574 12
12582 18
12583 7
12585 4
12591 19
12593 17
12595 1
12605 11
12612 14
12617 5
12624 12
12632 17
12634 8
12636 20
12638 18
12639 6
12647 4
12655 20
12657 10
12660 21
12664 12
12670 13
12676 17
12678 16
12680 4
12688 20
12690 18
12691 19
12693 3
12700 11
12706 12
12714 12
12722 20
12724 19
12726 2
12735 15
12737 12
12743 17
12745 7
12747 16
12749 18
12750 2
12761 15
12763 11
12769 11
12776 21
12780 20
12782 5
12789 3
12795 12
12803 14
12810 10
12811 1
12821 20
12823 20
12825 21
12829 11
12836 15
12838 18
12839 15
12841 12
12847 5
12853 12
12861 17
12863 8
12865 6
12871 12
12877 13
12883 12
12889 6
12897 1
12907 11
12913 12
12919 14
12924 15
12926 11
12933 2
12942 1
12952 14
12959 6
12967 18
12968 11
12974 20
12976 4
12984 5
12991 9
12993 1
13003 9
13004 21
13008 14
13013 12
13021 1
13030 12
13038 2
13047 1
13057 11
13064 9
13065 12
13073 7
13076 5
13082 1
13091 19
13093 8
13095 13
13101 7
13103 12
13109 16
13111 18
13112 8
13116 2
13125 18
13126 1
13135 10
13136 5
13143 1
13152 15
13154 1
13164 7
13166 10
13167 6
13175 13
13181 11
13187 13
13193 4
13199 7
13202 3
13209 17
13211 13
13217 8
13219 20
13221 12
13229 5
13236 7
13238 16
13240 8
13242 21
13246 9
13248 18
13249 6
13255 12
13261 6
13269 12
13277 4
13283 16
13285 19
13287 10
13288 11
13295 5
13301 7
13304 12
13312 13
13317 1
13326 4
13332 11
13339 2
13350 10
13351 5
13358 6
13366 21
13370 11
13376 20
13378 11
13384 11
13390 7
13392 8
13396 11
13402 16
13404 1
13414 20
13416 6
13422 5
13428 2
13439 3
13445 10
13446 12
13454 17
13456 18
13457 11
13464 11
13471 2
13480 4
13486 18
13487 11
13494 6
13500 11
13507 16
13509 1
13519 6
13527 11
13534 2
13545 15
13547 12
13553 12
13559 11
13565 2
13574 13
13579 21
13583 17
13585 5
13592 18
13593 4
13599 10
13602 6
13608 12
13616 13
13621 17
13623 20
13625 19
13627 5
13634 19
13636 11
13642 17
13644 9
13645 19
13647 19
13649 15
13651 21
13655 12
13663 11
13669 11
13675 4
13681 19
13683 4
13691 19
13693 18
13694 19
13696 18
13697 11
13704 20
13706 6
13712 21
13716 15
13718 12
13726 20
13728 16
13730 2
13741 18
13742 10
13743 17
13745 19
13747 10
13750 3
13757 14
13764 12
13772 11
13779 11
13785 14
13790 11
13797 11
13803 12
13811 16
13813 5
13819 21
13823 17
13825 19
13827 14
13834 4
13842 18
13843 4
13849 6
13855 18
13856 6
13864 20
13866 21
13870 16
13872 12
13878 11
13885 3
13892 19
13894 20
13896 8
13898 11
13904 17
13906 19
13908 21
13912 13
13918 20
13920 11
13926 14
13931 21
13935 8
13937 17
13939 21
13943 19
13945 16
13947 9
13949 3
13956 7
13958 19
13960 2
13969 18
13970 2
13981 18
13982 11
13989 14
13996 17
13998 18
13999 17
14001 8
14003 12
14011 18
14012 13
14017 8
14019 11
14026 16
14028 11
14035 7
14037 2
14046 2
14055 18
14056 2
14065 7
14067 4
14075 12
14083 1
14092 17
