2959
1 16
3 18
4 8
8 17
10 13
14 8
16 7
18 11
23 12
29 20
31 19
32 2
39 14
43 10
46 15
48 13
53 15
55 8
57 17
59 12
65 18
66 9
68 17
70 21
74 12
80 20
82 21
86 14
92 9
93 9
94 12
100 2
111 3
116 19
117 15
119 11
125 17
127 14
134 12
138 1
148 18
149 18
150 4
156 12
164 17
166 10
169 4
173 19
175 20
176 9
177 2
188 15
190 7
193 5
198 19
199 1
207 5
214 2
225 17
227 2
234 12
242 7
245 12
249 14
256 4
262 12
270 11
274 12
278 11
285 18
286 18
287 6
293 15
295 12
301 18
302 13
307 4
315 2
324 11
331 11
338 21
342 10
343 17
345 2
352 13
358 6
364 11
370 13
375 2
384 12
390 12
396 11
400 14
404 10
405 4
409 11
413 13
418 14
422 12
426 5
430 8
432 12
436 20
438 10
439 21
443 8
447 12
453 20
455 4
461 10
464 18
465 7
467 2
476 9
477 21
481 13
486 5
490 21
494 1
503 12
509 7
512 17
514 19
515 11
519 18
520 7
522 11
528 18
529 12
535 18
536 15
538 8
542 18
543 11
549 10
552 16
554 5
558 3
562 14
568 14
573 10
574 11
578 11
583 10
586 11
593 8
597 20
599 1
606 13
611 11
618 3
625 11
630 11
634 10
635 11
639 15
641 20
643 15
645 20
647 18
648 15
650 18
651 6
657 11
663 17
665 1
672 11
679 7
681 10
684 19
686 16
688 12
692 1
702 20
703 8
707 11
714 3
720 10
721 18
722 4
726 21
730 17
732 6
738 7
741 1
749 1
757 16
759 4
763 13
768 7
770 12
776 10
777 21
781 9
783 12
787 20
789 2
798 7
801 1
811 8
815 10
816 5
823 17
825 16
827 12
833 2
842 7
845 8
849 13
853 16
855 12
863 12
869 5
873 1
883 11
888 5
893 10
894 6
900 3
905 18
906 12
912 9
913 1
922 16
924 9
926 16
928 19
930 17
932 14
938 9
940 11
946 12
954 1
964 13
969 19
971 3
976 11
981 18
982 12
988 18
989 3
995 6
1001 17
1003 8
1007 4
1011 20
1012 16
1014 14
1021 4
1029 16
1031 16
1033 5
1038 1
1047 11
1051 12
1057 11
1064 12
1070 8
1072 12
1080 4
1086 6
1094 7
1097 14
1103 15
1105 12
1113 1
1121 11
1127 11
1131 19
1133 6
1137 14
1144 13
1148 10
1149 7
1151 8
1153 1
1160 4
1164 1
1173 8
1175 18
1176 11
1182 16
1184 10
1185 19
1187 10
1190 4
1194 6
1202 5
1209 8
1213 2
1222 19
1223 13
1228 13
1233 13
1238 8
1242 11
1249 11
1254 14
1261 9
1263 7
1265 21
1269 4
1275 12
1281 6
1289 8
1293 2
1302 1
1309 18
1310 19
1312 5
1319 10
1320 17
1322 15
1324 3
1328 18
1329 12
1333 13
1337 14
1341 4
1345 8
1349 4
1355 11
1361 7
1363 1
1370 12
1376 17
1378 6
1384 12
1390 13
1395 12
1401 12
1405 21
1409 8
1413 1
1422 1
1429 18
1430 6
1438 11
1443 6
1451 2
1458 2
1467 4
1475 15
1477 6
1483 2
1490 14
1495 5
1502 14
1507 7
1510 1
1520 2
1527 2
1534 16
1536 18
1537 14
1541 20
1542 10
1543 4
1551 20
1553 11
1558 3
1563 6
1571 9
1572 15
1574 11
1579 11
1584 15
1586 19
1587 16
1589 1
1598 1
1606 18
1607 18
1608 19
1609 9
1611 9
1613 6
1619 11
1623 12
1631 6
1635 8
1639 20
1641 10
1642 8
1644 8
1648 21
1652 16
1654 11
1659 12
1667 13
1672 11
1678 5
1682 3
1686 11
1692 2
1701 5
1708 18
1709 1
1718 2
1729 9
1731 2
1738 7
1740 18
1741 11
1747 19
1749 18
1750 12
1754 12
1758 8
1762 11
1769 20
1771 6
1777 18
1778 5
1784 11
1789 7
1792 10
1795 2
1804 18
1805 9
1807 15
1809 1
1817 18
1818 11
1824 9
1826 9
1828 6
1836 18
1837 6
1845 3
1850 3
1855 15
1857 21
1861 16
1863 1
1872 17
1874 7
1876 13
1882 21
1886 12
1894 12
1900 15
1902 2
1909 4
1915 18
1916 9
1918 7
1921 4
1927 13
1933 13
1937 13
1941 20
1943 9
1944 11
1951 17
1953 11
1957 10
1958 11
1964 12
1970 11
1977 16
1979 1
1988 11
1993 15
1995 15
1997 6
2005 21
2009 5
2015 11
2020 7
2023 5
2030 13
2035 19
2036 11
2043 10
2046 20
2048 16
2050 20
2052 12
2056 16
2058 2
2067 15
2069 13
2074 16
2076 3
2081 8
2083 15
2085 12
2093 15
2095 11
2101 9
2102 13
2108 7
2111 14
2116 16
2118 13
2122 11
2127 11
2131 14
2135 6
2141 18
2142 15
2144 1
2153 2
2162 15
2164 9
2166 11
2173 18
2174 15
2176 17
2178 18
2179 15
2181 12
2187 21
2191 11
2196 17
2198 11
2202 7
2204 8
2208 11
2215 2
2224 10
2225 13
2230 2
2241 8
2243 14
2248 14
2253 15
2255 8
2257 6
2265 15
2267 20
2268 11
2274 12
2280 11
2287 18
2288 11
2293 20
2294 4
2298 3
2303 6
2309 6
2315 11
2321 11
2325 14
2329 17
2331 11
2335 1
2342 11
2346 3
2353 8
2357 10
2360 12
2368 18
2369 18
2370 6
2378 11
2382 12
2390 12
2394 20
2395 12
2403 9
2405 9
2407 14
2413 12
2419 10
2420 15
2422 21
2426 1
2435 6
2441 3
2447 10
2450 18
2451 11
2456 8
2460 3
2464 1
2472 11
2478 12
2484 6
2488 20
2489 20
2491 14
2497 20
2499 21
2503 1
2510 17
2512 16
2514 16
2516 5
2523 11
2528 19
2529 18
2530 5
2535 7
2537 11
2541 7
2543 17
2545 21
2549 16
2551 4
2557 3
2562 13
2567 15
2569 13
2574 6
2578 17
2580 14
2587 8
2591 21
2595 3
2599 21
2603 9
2605 18
2606 7
2609 15
2611 11
2617 17
2619 21
2623 11
2629 10
2630 3
2635 6
2641 12
2649 12
2653 13
2659 3
2664 18
2665 10
2666 12
2672 16
2674 19
2676 6
2682 15
2684 7
2687 16
2689 4
2695 18
2696 3
2703 12
2707 19
2708 7
2710 8
2712 19
2713 9
2714 12
2720 15
2722 12
2726 17
2728 17
2730 19
2731 9
2733 11
2739 12
2745 14
2752 12
2758 20
2759 3
2764 19
2765 12
2771 9
2772 15
2774 18
2775 15
2777 10
2780 6
2788 17
2790 7
2793 9
2794 18
2795 17
2797 10
2800 10
2801 20
2803 6
2809 12
2817 15
2819 10
2820 12
2824 4
2830 19
2832 11
2836 3
2842 11
2847 12
2853 7
2855 12
2859 4
2867 2
2874 5
2878 19
2879 12
2883 8
2887 20
2889 8
2891 12
2897 15
2899 16
2901 1
2910 13
2915 14
2920 17
2922 1
2932 7
2935 17
2937 18
2938 3
2944 13
2950 10
2951 10
2954 21
2958 12
2964 12
2970 19
2971 11
2976 17
2978 9
2980 21
2984 17
2986 15
2988 8
2990 9
2991 18
2992 1
2999 6
3005 1
3015 1
3024 3
3030 15
3032 19
3033 12
3037 7
3039 11
3046 11
3051 15
3053 4
3057 1
3064 12
3068 14
3072 20
3073 10
3074 21
3078 12
3086 14
3091 20
3092 7
3094 5
3100 21
3104 9
3106 14
3110 19
3111 15
3113 11
3119 19
3120 12
3124 15
3126 18
3127 12
3131 5
3138 6
3144 9
3145 17
3147 21
3151 10
3154 16
3156 2
3167 11
3173 3
3179 16
3181 3
3187 5
3192 3
3197 19
3199 11
3204 20
3206 12
3212 11
3219 13
3225 19
3227 14
3232 18
3233 11
3240 1
3248 16
3250 11
3256 9
3257 6
3263 13
3268 1
3276 15
3278 19
3279 18
3280 9
3281 7
3284 16
3286 17
3288 21
3292 11
3299 12
3307 2
3316 15
3318 5
3323 11
3328 21
3332 11
3337 15
3339 5
3344 13
3348 13
3353 9
3354 11
3359 6
3365 18
3366 19
3368 16
3370 7
3372 16
3374 18
3375 11
3379 21
3383 18
3384 12
3390 4
3398 1
3406 3
3410 19
3412 12
3420 14
3426 19
3428 11
3432 6
3436 9
3437 9
3438 12
3444 11
3448 13
3452 11
3459 5
3464 12
3470 19
3472 11
3476 19
3477 8
3479 13
3484 20
3485 7
3487 8
3491 18
3492 1
3499 16
3501 8
3503 11
3510 11
3516 12
3522 16
3524 16
3526 10
3527 12
3535 2
3546 16
3548 18
3549 10
3552 11
3558 20
3559 12
3565 20
3567 7
3570 7
3572 9
3573 1
3582 7
3584 6
3590 4
3596 12
3604 18
3605 12
3611 12
3617 12
3621 13
3626 12
3634 15
3636 18
3637 9
3639 9
3640 5
3645 18
3646 2
3655 17
3657 14
3661 17
3663 12
3667 2
3678 9
3680 6
3684 12
3690 8
3692 13
3697 1
3707 12
3713 17
3715 5
3720 2
3729 15
3731 13
3735 11
3740 3
3747 12
3751 16
3753 21
3757 11
3762 16
3764 6
3772 18
3773 11
3780 12
3786 3
3793 20
3795 12
3801 3
3808 11
3814 11
3819 21
3823 16
3825 9
3826 7
3828 12
3834 10
3835 9
3837 14
3842 12
3848 1
3857 1
3866 11
3872 20
3874 11
3878 18
3879 16
3881 11
3888 2
3897 11
3903 7
3905 12
3913 5
3920 8
3922 20
3923 6
3931 5
3936 10
3939 15
3941 21
3945 7
3948 15
3950 1
3960 10
3961 12
3967 12
3975 4
3981 18
3982 19
3983 12
3987 14
3994 14
4000 12
4004 21
4008 8
4010 17
4012 20
4013 14
4018 3
4023 16
4025 18
4026 11
4030 21
4034 5
4039 21
4043 6
4049 1
4058 2
4065 18
4066 11
4070 21
4074 1
4083 1
4091 20
4093 6
4097 8
4099 6
4105 5
4110 11
4114 8
4116 21
4120 11
4124 4
4130 18
4131 7
4133 9
4134 11
4141 13
4145 11
4149 11
4155 11
4159 12
4167 13
4172 13
4177 19
4178 15
4180 12
4186 12
4194 2
4205 8
4209 10
4212 15
4214 20
4215 3
4222 5
4227 13
4231 11
4235 21
4239 12
4245 19
4246 11
4251 10
4254 19
4256 21
4260 2
4269 12
4273 16
4275 13
4280 21
4284 7
4287 11
4294 1
4303 11
4310 8
4314 15
4316 12
4324 18
4325 10
4328 5
4332 12
4338 11
4343 20
4345 15
4347 9
4348 18
4349 8
4351 21
4355 5
4362 9
4364 3
4370 21
4374 12
4378 12
4384 12
4390 19
4391 11
4396 13
4402 12
4408 16
4410 20
4412 15
4414 2
4421 21
4425 2
4434 2
4445 18
4446 10
4447 5
4454 3
4459 17
4461 11
4468 19
4469 16
4471 1
4478 16
4480 12
4486 5
4491 11
4496 14
4500 6
4508 2
4519 18
4520 11
4524 13
4529 17
4531 12
4537 14
4544 7
4546 19
4547 8
4549 11
4554 18
4555 19
4556 20
4558 12
4562 17
4564 12
4568 4
4574 19
4576 1
4583 16
4585 9
4586 11
4591 12
4597 12
4603 7
4606 12
4610 6
4618 15
4620 13
4625 15
4627 11
4633 18
4634 11
4641 6
4647 11
4653 4
4661 3
4668 13
4673 5
4678 16
4680 7
4682 16
4684 11
4691 11
4697 21
4701 11
4706 19
4708 12
4714 17
4716 12
4720 13
4726 15
4728 11
4735 16
4737 2
4746 20
4748 11
4753 16
4755 3
4760 18
4761 11
4768 1
4775 21
4779 20
4780 11
4785 21
4789 5
4793 15
4795 11
4799 14
4804 20
4805 17
4807 6
4813 21
4817 13
4823 13
4828 4
4834 8
4838 15
4840 6
4844 1
4854 4
4860 20
4861 11
4868 4
4876 10
4877 11
4883 12
4889 11
4896 21
4900 15
4902 3
4909 18
4910 12
4918 2
4927 20
4929 11
4936 3
4941 11
4947 8
4949 16
4951 3
4957 7
4959 4
4963 19
4964 18
4965 17
4967 11
4973 21
4977 5
4981 16
4983 12
4987 10
4990 13
4996 8
5000 4
5006 13
5011 20
5012 1
5021 2
5030 20
5031 12
5035 16
5037 9
5039 7
5041 11
5046 12
5050 16
5052 15
5054 17
5056 12
5064 2
5073 9
5075 11
5080 18
5081 18
5082 4
5088 2
5099 14
5106 10
5109 12
5117 12
5125 12
5129 1
5136 21
5140 18
5141 14
5146 9
5147 5
5153 12
5161 2
5170 18
5171 4
5177 10
5178 18
5179 13
5184 16
5186 12
5190 12
5198 9
5200 21
5204 7
5207 2
5214 15
5216 2
5227 19
5228 16
5230 13
5236 6
5240 16
5242 11
5246 18
5247 18
5248 12
5254 5
5260 9
5262 18
5263 11
5270 18
5271 15
5273 8
5277 19
5278 10
5279 4
5287 12
5293 5
5298 4
5304 7
5306 17
5308 11
5312 17
5314 11
5321 1
5328 5
5334 20
5335 14
5339 1
5349 17
5351 12
5357 4
5361 20
5363 20
5364 3
5370 5
5375 3
5381 17
5383 19
5385 12
5391 10
5394 18
5395 18
5396 18
5397 18
5398 10
5401 7
5403 18
5404 21
5408 15
5410 8
5412 19
5414 15
5416 11
5421 11
5428 10
5431 11
5438 15
5440 4
5446 3
5450 8
5452 7
5454 13
5460 9
5462 8
5464 4
5470 11
5475 18
5476 19
5477 17
5479 13
5484 13
5488 4
5494 1
5503 9
5504 10
5505 12
5511 17
5513 8
5515 15
5517 20
5518 12
5522 7
5524 18
5525 7
5527 15
5529 19
5531 18
5532 13
5536 16
5538 6
5544 11
5550 4
5554 19
5556 10
5557 3
5561 20
5563 12
5569 10
5570 2
5581 14
5585 12
5593 9
5595 9
5597 20
5599 1
5607 20
5609 11
5614 16
5616 17
5618 15
5620 1
5627 17
5629 11
5633 13
5639 5
5646 11
5650 17
5652 7
5654 2
5663 8
5667 7
5670 21
5674 12
5678 12
5684 20
5686 12
5690 6
5694 8
5696 15
5698 18
5699 9
5700 11
5706 11
5713 9
5714 18
5715 10
5718 2
5725 17
5727 21
5731 12
5739 12
5745 13
5751 20
5753 12
5761 20
5762 12
5766 11
5770 19
5771 17
5773 11
5777 11
5782 13
5788 2
5797 11
5801 12
5805 11
5811 17
5813 4
5821 15
5823 18
5824 11
5831 16
5833 13
5838 16
5840 5
5846 7
5848 3
5854 15
5856 12
5862 18
5863 20
5865 8
5869 9
5871 16
5873 11
5879 5
5885 18
5886 8
5888 12
5892 19
5894 18
5895 12
5901 19
5902 1
5909 7
5911 3
5916 11
5923 18
5924 11
5928 14
5935 11
5941 1
5949 2
5956 19
5957 15
5959 18
5960 18
5961 10
5962 14
5969 10
5970 18
5971 12
5975 2
5986 12
5992 9
5994 8
5996 12
6002 11
6009 20
6011 12
6017 14
6022 14
6026 17
6028 11
6032 12
6036 1
6045 12
6049 18
6050 10
6051 12
6057 16
6059 7
6061 4
6067 11
6071 9
6072 14
6076 16
6078 16
6080 21
6084 17
6086 8
6090 3
6095 14
6101 12
6107 17
6109 13
6113 2
6122 11
6127 4
6133 21
6137 17
6139 3
6145 14
6149 4
6157 18
6158 4
6166 2
6173 12
6179 12
6185 11
6191 14
6195 5
6199 19
6201 14
6208 17
6210 16
6212 19
6213 6
6219 14
6225 5
6230 6
6234 20
6235 10
6236 11
6241 2
6250 5
6254 5
6259 14
6263 11
6268 10
6271 11
6277 5
6284 17
6286 6
6290 11
6296 21
6300 17
6302 1
6312 9
6313 12
6321 19
6323 21
6327 20
6329 20
6330 21
6334 12
6342 18
6343 11
6349 19
6350 12
6358 16
6360 1
6370 11
6375 18
6376 3
6382 2
6393 17
6395 11
6400 21
6404 13
6408 11
6412 16
6414 10
6415 18
6416 11
6423 10
6424 21
6428 12
6434 16
6436 11
6440 11
6445 11
6451 12
6459 11
6464 18
6465 18
6466 4
6470 12
6476 14
6481 20
6483 18
6484 5
6490 2
6501 19
6502 11
6509 1
6519 8
6523 10
6526 19
6528 12
6534 11
6541 3
6547 10
6550 3
6556 18
6557 5
6563 2
6574 18
6575 3
6580 9
6581 13
6586 16
6588 6
6594 17
6596 17
6598 15
6600 4
6604 20
6606 11
6611 6
6615 1
6622 2
6629 16
6631 8
6633 16
6635 17
6637 9
6639 11
6646 9
6648 8
6650 8
6652 21
6656 17
6658 16
6660 6
6668 16
6670 16
6672 5
6678 11
6685 5
6692 16
6694 6
6702 10
6703 18
6704 3
6710 11
6714 21
6718 15
6720 18
6721 19
6723 9
6725 10
6728 11
6733 8
6735 19
6737 3
6741 15
6743 15
6745 1
6754 6
6760 11
6764 15
6766 1
6773 12
6779 11
6784 8
6788 5
6793 5
6798 11
6802 17
6804 14
6808 18
6809 13
6813 18
6814 21
6818 10
6821 15
6823 14
6829 18
6830 15
6832 14
6838 13
6842 18
6843 19
6844 10
6845 1
6855 16
6857 16
6859 10
6860 7
6862 20
6864 10
6867 11
6872 14
6877 6
6881 8
6885 12
6893 21
6897 11
6904 4
6910 11
6917 12
6925 5
6930 11
6936 11
6942 18
6943 13
6948 7
6951 13
6955 2
6962 8
6966 15
6968 10
6971 15
6973 20
6974 21
6978 12
6986 4
6992 15
6994 16
6996 12
7002 12
7010 11
7015 11
7020 15
7022 1
7029 9
7031 11
7038 1
7045 18
7046 14
7053 12
7059 15
7061 2
7068 12
7074 9
7076 21
7080 3
7087 13
7092 5
7096 3
7100 2
7111 6
7117 8
7121 16
7123 17
7125 18
7126 7
7129 12
7135 1
7142 16
7144 16
7146 10
7149 8
7153 14
7158 5
7164 12
7170 6
7174 2
7185 18
7186 12
7192 4
7198 11
7205 19
7206 13
7212 5
7218 10
7221 5
7225 2
7232 10
7235 11
7240 11
7246 11
7252 8
7256 10
7257 13
7262 13
7266 14
7273 4
7281 3
7287 11
7294 9
7295 5
7300 18
7301 15
7303 6
7309 15
7311 15
7313 12
7317 20
7319 14
7323 18
7324 10
7325 18
7326 18
7327 14
7333 8
7337 18
7338 11
7343 21
7347 18
7348 11
7354 11
7360 9
7362 12
7366 10
7367 21
7371 13
7375 11
7380 11
7386 13
7392 15
7394 2
7403 18
7404 7
7406 8
7408 21
7412 12
7418 20
7419 10
7422 21
7426 8
7430 15
7432 17
7434 11
7440 17
7442 16
7444 17
7446 16
7448 10
7451 13
7456 15
7458 18
7459 12
7465 5
7472 21
7476 18
7477 18
7478 14
7485 15
7487 18
7488 1
7498 18
7499 18
7500 11
7507 20
7508 12
7514 20
7516 16
7518 16
7520 10
7523 16
7525 16
7527 5
7532 2
7541 10
7544 20
7545 3
7551 7
7553 7
7555 12
7561 12
7567 10
7570 1
7579 20
7581 5
7586 19
7588 3
7594 16
7596 16
7598 14
7602 12
7608 18
7609 11
7613 16
7615 18
7616 12
7622 12
7628 3
7633 11
7640 8
7642 12
7648 1
7657 12
7663 18
7664 6
7672 18
7673 12
7679 17
7681 7
7684 10
7687 5
7692 18
7693 18
7694 1
7701 3
7708 5
7713 5
7720 18
7721 17
7723 8
7725 9
7727 12
7731 21
7735 18
7736 16
7738 14
7745 15
7747 11
7754 15
7756 5
7763 11
7767 15
7769 20
7770 21
7774 5
7778 1
7788 11
7794 16
7796 14
7800 19
7802 2
7809 13
7814 15
7816 12
7822 19
7823 18
7824 11
7829 15
7831 18
7832 18
7833 18
7834 12
7840 6
7844 13
7850 12
7854 11
7859 12
7867 21
7871 17
7873 16
7875 15
7877 11
7884 8
7888 10
7889 12
7897 21
7901 5
7905 8
7909 4
7915 7
7917 18
7918 12
7922 4
7926 1
7935 5
7940 13
7945 5
7949 12
7953 13
7958 9
7960 17
7962 10
7965 19
7966 11
7972 15
7974 11
7979 5
7985 3
7989 11
7995 4
8001 9
8003 12
8011 5
8017 13
8023 11
8030 21
8034 6
8040 12
8046 15
8048 1
8057 17
8059 8
8063 16
8065 21
8069 20
8071 11
8075 8
8079 5
8085 12
8091 8
8093 11
8098 18
8099 20
8101 18
8102 18
8103 13
8107 6
8115 18
8116 13
8122 14
8126 7
8129 1
8139 15
8141 16
8143 19
8145 16
8147 2
8154 11
8158 19
8159 2
8168 3
8174 21
8178 20
8180 21
8184 21
8188 13
8194 11
8201 7
8203 4
8209 7
8212 4
8218 18
8219 16
8221 2
8232 14
8238 2
8249 21
8253 9
8255 13
8260 18
8261 16
8263 20
8264 12
8270 11
8277 10
8278 11
8282 16
8284 12
8288 11
8294 1
8302 18
8303 7
8305 1
8315 10
8318 12
8324 3
8329 1
8338 19
8340 12
8346 13
8351 12
8359 15
8361 18
8362 1
8369 17
8371 18
8372 9
8373 11
8379 5
8386 11
8391 18
8392 8
8394 3
8401 8
8403 12
8407 19
8408 13
8413 12
8419 19
8421 12
8429 6
8433 2
8440 13
8446 11
8450 12
8456 12
8462 6
8466 20
8468 13
8474 20
8476 14
8482 18
8483 4
8487 18
8488 10
8489 6
8497 1
8506 12
8512 17
8514 5
8521 19
8522 11
8529 17
8531 18
8532 14
8537 19
8538 15
8540 21
8544 12
8550 14
8555 3
8562 18
8563 18
8564 13
8570 3
8575 14
8579 11
8586 1
8596 18
8597 17
8599 11
8605 18
8606 13
8612 12
8616 19
8618 3
8624 10
8627 4
8633 15
8635 11
8640 16
8642 19
8644 7
8646 20
8648 14
8653 20
8654 4
8662 16
8664 8
8668 13
8673 11
8680 7
8683 20
8684 11
8688 12
8694 18
8695 15
8697 9
8698 12
8702 10
8705 13
8710 8
8714 10
8717 8
8719 9
8720 8
8724 14
8731 6
8737 7
8739 2
8746 11
8753 4
8759 8
8761 3
8765 21
8769 21
8773 12
8779 16
8781 11
8785 19
8786 18
8787 16
8789 7
8792 14
8798 4
8802 1
8811 6
8819 7
8822 13
8827 19
8829 2
8838 11
8842 12
8848 10
8851 18
8852 8
8854 3
8861 16
8863 16
8865 11
8871 13
8877 11
8881 15
8883 2
8894 20
8895 6
8899 9
8901 13
8907 1
8917 5
8923 1
8930 14
8937 21
8941 20
8942 11
8948 11
8953 13
8957 16
8959 18
8960 18
8961 18
8962 11
8968 19
8970 1
8980 18
8981 15
8983 4
8987 2
8994 20
8996 7
8999 7
9001 11
9005 4
9013 6
9017 9
9018 12
9026 12
9032 7
9035 21
9039 4
9043 15
9045 10
9048 16
9050 21
9054 1
9062 4
9066 12
9072 2
9081 15
9083 10
9086 6
9090 11
9094 3
9098 20
9100 11
9104 5
9110 15
9112 18
9113 8
9115 3
9122 11
9128 20
9129 11
9133 18
9134 4
9140 3
9146 2
9155 14
9162 11
9169 12
9175 3
9179 20
9180 9
9182 4
9188 18
9189 8
9193 8
9195 19
9196 7
9199 16
9201 19
9202 4
9206 14
9212 11
9218 14
9225 7
9227 4
9233 7
9235 15
9237 1
9245 3
9251 15
9253 1
9261 17
9263 9
9264 6
9270 6
9276 18
9277 20
9278 13
9283 4
9291 12
9295 11
9300 11
9307 18
9308 14
9315 17
9317 21
9321 19
9322 21
9326 21
9330 18
9331 14
9335 1
9345 18
9346 11
9350 19
9352 8
9354 6
9360 18
9361 12
9369 15
9371 11
9377 11
9383 12
9389 21
9393 12
9399 14
9405 15
9407 21
9411 1
9421 4
9425 16
9427 1
9434 19
9435 18
9436 9
9437 12
9445 4
9451 2
9460 8
9462 2
9469 5
9474 19
9476 11
9480 11
9486 12
9494 8
9498 5
9504 18
9505 18
9506 8
9510 11
9515 10
9516 3
9522 2
9531 2
9542 18
9543 16
9545 11
9552 3
9556 8
9560 9
9561 8
9565 17
9567 21
9571 4
9577 12
9581 3
9586 3
9592 11
9598 20
9599 11
9605 20
9606 17
9608 10
9609 2
9618 1
9626 18
9627 17
9629 17
9631 18
9632 14
9638 15
9640 19
9641 18
9642 18
9643 15
9645 6
9651 1
9659 12
9667 1
9677 7
9679 7
9681 6
9685 10
9686 6
9690 11
9694 9
9695 4
9701 11
9706 20
9708 12
9714 17
9716 17
9718 18
9719 21
9723 12
9727 10
9730 12
9738 10
9739 7
9741 1
9748 7
9750 7
9752 6
9756 11
9762 11
9767 6
9773 7
9775 11
9781 17
9783 18
9784 3
9790 12
9796 5
9802 13
9808 9
9810 8
9812 2
9821 4
9825 5
9832 6
9838 13
9842 7
9844 4
9850 6
9858 13
9864 16
9866 20
9867 1
9874 13
9879 11
9883 12
9889 15
9891 14
9897 17
9899 20
9901 11
9907 18
9908 3
9914 18
9915 9
9916 10
9919 7
9921 7
9924 12
9932 16
9934 8
9938 13
9943 15
9945 5
9949 6
9953 1
9962 7
9965 5
9970 10
9971 3
9978 11
9983 12
9989 5
9995 2
10004 11
10009 18
10010 3
10017 8
10021 1
10028 12
10034 20
10036 7
10039 15
10041 11
10046 20
10048 13
10053 16
10055 5
10059 1
10068 12
10074 21
10078 10
10079 2
10086 12
10094 3
10098 19
10100 8
10102 8
10106 9
10108 2
10119 11
10125 21
10129 12
10137 7
10139 7
10141 20
10142 12
10148 14
10153 12
10159 3
10165 15
10167 12
10173 9
10175 21
10179 14
10186 20
10187 11
10191 16
10193 2
10204 3
10208 14
10213 19
10215 11
10222 9
10223 13
10228 21
10232 12
10240 5
10244 14
10248 7
10250 18
10251 18
10252 13
10257 17
10259 21
10263 10
10264 2
10273 2
10282 11
10287 11
10294 15
10296 20
10298 13
10303 10
10304 14
10310 18
10311 15
10313 1
10320 11
10326 15
10328 7
10330 16
10332 9
10333 3
10340 1
10350 11
10355 4
10361 2
10372 4
10378 12
10382 20
10383 11
10390 5
10396 10
10397 8
10399 2
10408 20
10410 14
10416 12
10422 1
10432 15
10434 5
10440 12
10448 18
10449 18
10450 11
10454 12
10460 20
10462 13
10468 10
10469 15
10471 17
10473 10
10476 9
10478 18
10479 18
10480 12
10486 6
10492 21
10496 1
10504 21
10508 9
10509 18
10510 11
10516 11
10523 21
10527 13
10532 7
10534 6
10540 9
10542 5
10546 7
10549 8
10551 15
10553 6
10557 12
10565 3
10571 20
10572 16
10574 2
10583 11
10590 10
10591 12
10599 13
10604 3
10608 15
10610 11
10616 6
10622 15
10624 15
10626 13
10631 19
10632 6
10638 21
10642 17
10644 15
10646 21
10650 11
10655 11
10659 9
10660 15
10662 20
10664 14
10668 12
10672 21
10676 12
10684 21
10688 2
10695 7
10697 12
10701 7
10703 12
10707 20
10709 16
10711 1
10720 1
10730 18
10731 21
10735 15
10737 2
10746 5
10752 13
10757 5
10761 9
10763 8
10765 11
10770 6
10778 21
10782 20
10784 21
10788 21
10792 7
10794 11
10799 11
10804 11
10810 20
10811 11
10815 11
10822 12
10830 21
10834 18
10835 4
10843 4
10851 9
10853 9
10855 21
10859 1
10866 10
10869 9
10870 8
10874 18
10875 2
10884 14
10888 1
10895 16
10897 19
10898 5
10902 12
10910 11
10917 12
10923 14
10930 10
10931 15
10933 4
10939 17
10941 9
10942 18
10943 3
10949 15
10951 10
10954 18
10955 12
10963 9
10964 16
10966 6
10972 12
10978 21
10982 12
10986 18
10987 3
10991 12
10995 11
11002 2
11013 3
11019 10
11022 5
11026 15
11028 3
11034 12
11040 13
11044 4
11050 5
11055 19
11057 1
11066 21
11070 18
11071 5
11075 15
11077 7
11080 11
11085 16
11087 17
11089 1
11097 11
11103 11
11108 9
11109 11
11113 11
11118 12
11122 3
11127 20
11129 15
11131 5
11136 14
11141 20
11142 21
11146 18
11147 17
11149 14
11155 11
11162 21
11166 16
11168 11
11172 7
11174 6
11180 17
11182 5
11189 16
11191 12
11197 12
11205 11
11209 1
11218 13
11222 11
11227 11
11234 12
11242 11
11248 4
11252 19
11254 14
11259 7
11261 6
11265 14
11269 12
11275 5
11280 14
11285 18
11286 5
11291 3
11295 10
11296 15
11298 1
11306 6
11312 9
11313 16
11315 11
11322 11
11329 8
11333 16
11335 15
11337 21
11341 11
11347 4
11351 18
11352 17
11354 20
11356 20
11358 12
11364 11
11370 17
11372 6
11380 12
11386 8
11390 18
11391 9
11393 12
11401 12
11407 14
11411 8
11415 11
11420 6
11424 11
11429 21
11433 12
11437 14
11442 4
11446 5
11451 12
11455 21
11459 20
11461 18
11462 16
11464 7
11467 16
11469 10
11470 19
11471 11
11476 15
11478 11
11483 18
11484 3
11490 12
11496 15
11498 5
11503 18
11504 3
11511 4
11517 21
11521 11
11526 20
11528 15
11530 12
11536 7
11538 11
11544 11
11550 9
11552 7
11555 19
11557 2
11568 18
11569 3
11576 11
11583 18
11584 13
11590 12
11596 8
11598 8
11602 10
11605 4
11611 11
11616 8
11618 6
11624 6
11632 8
11636 6
11642 4
11650 3
11655 12
11659 11
11664 12
11668 17
11670 1
11677 14
11683 20
11685 18
11686 19
11687 4
11691 12
11695 12
11699 7
11702 11
11709 1
11717 14
11723 19
11725 19
11727 11
11731 8
11735 11
11742 12
11748 21
11752 18
11753 3
11760 5
11766 18
11767 14
11772 17
11774 18
11775 5
11780 11
11784 11
11788 11
11795 16
11797 12
11803 6
11811 15
11813 3
11820 7
11822 3
11828 7
11831 18
11832 14
11839 21
11843 11
11850 17
11852 13
11858 4
11862 17
11864 9
11865 11
11870 12
11878 21
11882 7
11885 18
11886 8
11888 18
11889 6
11897 5
11904 20
11906 17
11908 14
11913 9
11914 15
11916 7
11918 7
11920 10
11921 9
11923 8
11927 10
11928 6
11936 21
11940 16
11942 12
11946 5
11953 11
11957 21
11961 11
11967 8
11971 16
11973 16
11975 12
11983 17
11985 14
11990 15
11992 21
11996 21
12000 12
12004 13
12010 12
12018 8
12022 13
12027 11
12034 15
12036 8
12040 20
12041 17
12043 15
12045 11
12051 4
12055 5
12061 18
12062 11
12067 1
12076 16
12078 3
12083 3
12089 15
12091 16
12093 12
12099 12
12105 20
12106 6
12112 19
12114 3
12120 6
12126 11
12130 16
12132 21
12136 3
12142 7
12145 19
12147 3
12152 11
12156 8
12158 12
12164 9
12165 6
12173 8
12177 11
12182 20
12184 12
