2959
1 10
4 7
6 12
10 2
21 21
25 4
31 16
33 8
37 3
42 18
43 1
52 4
56 15
58 14
62 1
72 2
81 16
83 9
85 12
89 15
91 12
99 20
100 19
101 17
103 17
105 12
111 9
113 21
117 14
123 16
125 9
127 21
131 3
136 13
141 19
143 11
149 9
150 16
152 18
153 13
158 6
162 16
164 4
172 11
176 17
178 5
182 18
183 6
189 18
190 13
194 20
195 12
201 11
208 11
214 12
218 18
219 19
220 12
226 2
233 18
234 2
243 20
245 4
249 12
253 4
259 6
263 11
270 7
272 9
273 12
281 12
287 15
289 21
293 20
294 5
299 13
304 17
306 3
312 11
316 20
317 16
319 8
321 10
322 18
323 18
324 14
331 5
335 15
337 20
339 4
347 11
351 17
353 19
354 8
356 12
360 12
366 5
371 5
375 21
379 4
383 5
390 11
395 12
401 1
409 21
413 8
415 12
419 4
425 8
429 5
434 15
436 17
438 3
444 10
447 5
453 12
461 16
463 7
466 21
470 15
472 3
476 12
482 14
487 12
493 11
498 11
503 15
505 12
511 13
517 13
521 18
522 3
527 12
533 14
538 12
544 19
545 9
547 11
554 20
556 6
560 18
561 1
569 9
570 18
571 3
577 5
583 4
589 18
590 17
592 11
596 11
603 21
607 11
614 3
619 11
624 3
630 9
632 13
637 5
642 3
649 11
653 14
658 10
661 16
663 3
669 11
675 20
676 9
678 20
680 11
687 11
693 21
697 3
701 15
703 10
704 11
710 9
711 15
713 13
717 4
723 12
729 19
731 21
735 12
741 6
747 2
756 3
763 11
767 5
774 8
778 12
782 19
784 2
793 11
797 12
803 4
811 9
812 21
816 5
820 7
822 4
828 11
833 5
840 7
842 6
850 11
857 20
858 16
860 14
867 2
876 19
878 14
885 11
889 10
892 14
896 7
899 6
905 15
907 4
913 19
914 16
916 11
920 10
923 11
927 8
929 12
935 8
937 12
941 16
943 12
949 15
951 12
959 12
965 2
974 11
980 16
982 12
990 7
993 14
997 12
1003 10
1006 11
1010 13
1016 10
1019 8
1023 8
1025 13
1030 12
1036 16
1038 2
1047 11
1052 21
1056 11
1061 11
1066 21
1070 9
1072 9
1074 16
1076 6
1080 16
1082 3
1086 12
1092 12
1096 1
1104 19
1106 13
1110 11
1114 14
1119 13
1124 20
1125 2
1132 16
1134 8
1138 4
1144 11
1149 16
1151 4
1157 12
1165 16
1167 12
1173 7
1176 9
1177 6
1185 3
1189 3
1193 2
1200 21
1204 10
1207 10
1208 7
1210 8
1214 4
1218 14
1222 7
1224 7
1226 13
1231 20
1233 1
1240 15
1242 12
1246 14
1252 16
1254 12
1258 18
1259 13
1264 12
1272 21
1276 19
1278 14
1285 12
1291 6
1297 4
1303 2
1312 15
1314 10
1315 12
1321 1
1328 6
1334 11
1338 15
1340 11
1344 12
1350 14
1355 9
1357 12
1365 8
1367 16
1369 1
1378 14
1382 10
1383 17
1385 10
1388 9
1390 13
1395 11
1401 17
1403 12
1411 14
1415 8
1417 11
1422 19
1424 17
1426 5
1430 19
1432 1
1441 21
1445 4
1449 10
1450 19
1451 18
1452 18
1453 2
1462 1
1470 18
1471 11
1475 3
1479 18
1480 10
1481 11
1486 12
1490 19
1491 15
1493 11
1499 12
1503 15
1505 11
1510 3
1515 13
1521 18
1522 12
1528 12
1532 6
1540 8
1544 11
1550 12
1554 11
1560 21
1564 20
1565 2
1574 20
1576 9
1577 16
1579 8
1583 17
1585 9
1587 9
1589 11
1596 11
1602 12
1610 17
1612 14
1617 18
1618 13
1622 11
1627 16
1629 2
1638 21
1642 12
1648 18
1649 17
1651 14
1655 12
1663 5
1669 6
1677 11
1683 2
1694 3
1698 6
1706 6
1714 20
1715 6
1721 18
1722 16
1724 10
1725 11
1730 5
1735 18
1736 11
1743 12
1747 20
1748 15
1750 13
1756 20
1757 13
1762 18
1763 21
1767 11
1774 21
1778 11
1784 18
1785 4
1793 19
1794 13
1799 2
1808 3
1813 2
1824 13
1829 21
1833 16
1835 15
1837 13
1842 10
1845 15
1847 4
1853 5
1858 11
1862 7
1864 4
1870 12
1876 9
1877 13
1882 18
1883 8
1887 17
1889 18
1890 8
1894 4
1902 16
1904 4
1908 5
1913 8
1917 13
1922 18
1923 8
1925 13
1929 8
1931 1
1939 15
1941 11
1945 16
1947 14
1951 3
1955 4
1961 12
1965 12
1973 3
1979 4
1983 1
1991 4
1997 12
2005 15
2007 6
2013 18
2014 3
2018 7
2021 10
2022 18
2023 1
2030 10
2033 15
2035 12
2043 12
2047 21
2051 3
2056 18
2057 12
2065 12
2071 13
2077 3
2082 9
2083 11
2087 9
2088 11
2093 13
2098 17
2100 8
2104 19
2106 16
2108 10
2111 14
2115 7
2117 15
2119 19
2120 21
2124 5
2130 21
2134 5
2139 12
2147 18
2148 4
2152 8
2156 11
2163 3
2168 7
2171 12
2175 15
2177 21
2181 9
2183 8
2187 13
2192 18
2193 18
2194 2
2203 12
2209 6
2213 8
2217 4
2223 21
2227 15
2229 11
2234 7
2237 16
2239 19
2241 18
2242 15
2244 10
2247 17
2249 3
2253 8
2255 21
2259 8
2263 7
2266 7
2269 7
2272 3
2279 18
2280 3
2287 1
2294 17
2296 6
2302 13
2307 6
2313 17
2315 12
2319 16
2321 5
2325 9
2326 12
2330 8
2334 9
2336 14
2343 15
2345 14
2349 7
2351 15
2353 8
2355 14
2360 18
2361 1
2368 13
2374 18
2375 21
2379 17
2381 11
2385 2
2394 10
2395 14
2401 13
2406 16
2408 15
2410 18
2411 20
2412 6
2416 15
2418 16
2420 12
2428 10
2429 9
2431 18
2432 15
2434 7
2437 11
2443 12
2449 13
2453 6
2457 18
2458 4
2466 9
2468 13
2473 17
2475 18
2476 19
2477 11
2484 2
2491 2
2498 18
2499 11
2504 6
2508 15
2510 7
2512 3
2516 16
2518 15
2520 18
2521 9
2523 10
2526 3
2530 21
2534 19
2535 4
2541 4
2547 15
2549 20
2551 3
2555 11
2560 9
2561 16
2563 3
2569 14
2576 13
2581 14
2585 17
2587 11
2592 21
2596 18
2597 11
2602 19
2604 2
2611 17
2613 5
2620 13
2625 6
2633 12
2637 18
2638 7
2640 6
2648 20
2650 16
2652 11
2659 11
2664 18
2665 11
2671 8
2675 5
2679 9
2680 7
2683 11
2690 12
2696 21
2700 9
2702 13
2707 1
2715 17
2717 11
2724 11
2728 2
2739 12
2747 18
2748 16
2750 9
2752 18
2753 13
2758 6
2766 6
2772 11
2779 18
2780 15
2782 12
2786 12
2792 15
2794 9
2796 4
2800 20
2801 7
2803 6
2809 18
2810 12
2814 6
2818 1
2826 12
2832 8
2836 2
2845 5
2851 15
2853 11
2860 2
2867 5
2872 19
2874 5
2878 5
2884 15
2886 11
2890 2
2899 13
2904 11
2910 5
2914 11
2919 2
2926 9
2928 16
2930 10
2933 12
2937 11
2944 7
2947 14
2954 3
2958 3
2965 3
2969 11
2973 9
2974 12
2980 3
2986 4
2994 16
2996 15
2998 2
3005 11
3012 19
3013 4
3017 19
3018 2
3025 1
3032 10
3033 5
3037 7
3039 21
3043 19
3044 19
3046 10
3049 11
3053 7
3055 4
3063 20
3065 9
3067 13
3071 21
3075 11
3079 7
3082 18
3083 8
3085 17
3087 3
3094 17
3096 2
3103 6
3109 20
3110 16
3112 5
3119 16
3121 18
3122 18
3123 12
3129 13
3135 6
3141 12
3147 21
3151 11
3155 9
3156 12
3162 16
3164 16
3166 19
3168 9
3169 13
3173 11
3178 11
3182 20
3183 20
3185 21
3189 7
3192 5
3198 13
3203 8
3205 17
3207 19
3208 10
3211 11
3217 17
3219 12
3225 18
3226 10
3229 11
3234 12
3240 19
3242 6
3250 14
3256 21
3260 2
3269 2
3278 4
3282 10
3285 19
3286 12
3290 4
3294 11
3298 10
3301 7
3304 18
3305 6
3311 3
3316 5
3320 4
3328 8
3330 11
3337 15
3339 2
3350 12
3354 20
3355 12
3361 3
3365 21
3369 9
3371 15
3373 4
3381 21
3385 6
3393 12
3399 1
3407 3
3413 20
3414 11
3420 11
3427 17
3429 9
3431 2
3442 21
3446 12
3452 12
3458 11
3465 10
3468 5
3472 11
3478 2
3487 10
3488 6
3494 16
3496 13
3501 16
3503 3
3508 13
3513 12
3517 20
3519 13
3524 10
3525 7
3527 19
3529 19
3531 6
3537 3
3541 4
3547 11
3551 19
3552 12
3560 10
3563 12
3567 1
3576 6
3584 11
3591 19
3593 15
3595 18
3596 21
3600 13
3605 12
3609 10
3612 10
3615 3
3620 16
3622 20
3624 18
3625 6
3631 3
3638 11
3643 2
3650 6
3658 11
3662 9
3664 5
3668 7
3670 12
3678 18
3679 9
3681 18
3682 11
3689 11
3694 12
3700 11
3704 11
3709 12
3717 11
3722 18
3723 2
3730 5
3734 1
3744 12
3748 6
3752 18
3753 18
3754 8
3756 14
3762 11
3767 12
3773 14
3780 9
3782 5
3787 7
3789 18
3790 15
3792 8
3796 20
3797 17
3799 9
3800 2
3809 12
3815 12
3821 8
3825 13
3831 6
3837 2
3844 16
3846 19
3848 15
3850 12
3856 18
3857 9
3858 2
3867 4
3875 21
3879 12
3885 11
3892 21
3896 15
3898 18
3899 2
3906 19
3907 1
3914 2
3921 7
3923 8
3927 12
3931 4
3937 16
3939 3
3945 9
3946 11
3950 7
3952 11
3957 17
3959 20
3960 18
3961 1
3970 1
3977 18
3978 14
3984 5
3988 21
3992 12
3998 19
3999 16
4001 16
4003 5
4009 12
4015 17
4017 12
4023 9
4024 7
4026 4
4032 2
4039 7
4042 10
4043 10
4044 9
4045 11
4050 21
4054 3
4059 3
4065 16
4067 11
4073 3
4080 4
4084 11
4088 17
4090 21
4094 3
4100 14
4104 2
4113 11
4118 4
4124 4
4132 7
4134 9
4136 18
4137 16
4139 4
4147 1
4154 12
4160 20
4162 17
4164 4
4172 12
4178 17
4180 18
4181 9
4183 10
4186 17
4188 7
4191 15
4193 9
4195 6
4201 12
4207 8
4211 8
4215 12
4221 2
4228 12
4234 11
4241 12
4247 11
4251 11
4255 2
4266 17
4268 21
4272 2
4283 16
4285 14
4292 2
4301 19
4302 16
4304 12
4308 18
4309 6
4315 12
4321 1
4331 11
4336 9
4338 1
4345 5
4350 18
4351 7
4354 8
4358 12
4364 11
4371 2
4382 5
4388 14
4392 11
4396 11
4402 9
4404 7
4406 7
4409 2
4418 9
4420 15
4422 18
4423 12
4427 11
4431 11
4436 18
4437 20
4439 17
4441 10
4444 16
4446 10
4449 12
4455 4
4461 7
4463 17
4465 12
4469 11
4476 10
4479 8
4481 3
4486 2
4497 11
4502 11
4508 13
4512 11
4517 7
4519 1
4528 11
4533 8
4535 15
4537 13
4542 20
4544 4
4552 12
4560 6
4566 9
4567 18
4568 20
4570 17
4572 7
4574 13
4578 14
4583 10
4584 12
4588 19
4590 11
4596 6
4602 21
4606 11
4611 9
4613 11
4619 8
4623 18
4624 11
4631 13
4637 1
4644 1
4654 3
4658 18
4659 17
4661 15
4663 6
4671 10
4672 18
4673 7
4676 3
4681 17
4683 11
4687 16
4689 15
4691 12
4697 15
4699 4
4707 15
4709 11
4714 18
4715 7
4717 1
4725 9
4726 6
4734 6
4740 2
4747 5
4754 16
4756 19
4757 7
4759 4
4763 21
4767 18
4768 18
4769 12
4775 4
4779 18
4780 15
4782 11
4786 2
4793 11
4799 12
4807 17
4809 18
4810 11
4816 18
4817 21
4821 11
4825 9
4827 14
4831 12
4835 11
4841 15
4843 8
4845 16
4847 21
4851 11
4858 12
4864 19
4865 18
4866 15
4868 11
4873 3
4878 19
4879 18
4880 8
4882 17
4884 18
4885 5
4889 1
4898 12
4904 14
4908 7
4910 10
4911 4
4915 12
4919 20
4921 4
4927 20
4929 7
4931 13
4936 1
4945 12
4949 19
4951 13
4956 1
4963 13
4968 20
4970 16
4972 18
4973 11
4978 15
4980 15
4982 15
4984 5
4989 4
4997 16
4999 20
5001 12
5007 18
5008 11
5015 1
5025 6
5033 20
5035 11
5042 16
5044 11
5051 12
5055 16
5057 20
5058 12
5066 3
5070 8
5074 18
5075 1
5085 8
5089 12
5095 12
5099 2
5108 9
5110 18
5111 16
5113 21
5117 6
5121 21
5125 12
5131 19
5133 2
5142 5
5148 13
5154 8
5156 13
5161 7
5163 21
5167 15
5169 1
5176 10
5179 12
5185 19
5186 13
5191 18
5192 10
5195 19
5196 16
5198 1
5208 11
5215 7
5217 1
5227 2
5236 11
5241 18
5242 15
5244 7
5247 5
5253 16
5255 4
5263 8
5265 13
5270 11
5274 1
5282 8
5284 19
5285 12
5289 11
5295 21
5299 11
5304 20
5306 8
5310 12
5316 6
5324 6
5332 18
5333 5
5340 11
5346 19
5348 13
5353 15
5355 4
5361 11
5367 15
5369 2
5376 1
5385 9
5387 3
5391 10
5394 9
5396 12
5402 6
5408 12
5414 19
5415 19
5417 11
5422 12
5426 18
5427 15
5429 5
5434 9
5436 12
5444 1
5451 12
5459 12
5465 15
5467 4
5473 7
5476 1
5483 13
5489 12
5497 18
5498 19
5499 12
5503 16
5505 13
5510 4
5514 12
5520 19
5522 11
5528 11
5534 7
5537 2
5546 17
5548 17
5550 18
5551 19
5553 2
5560 7
5562 21
5566 2
5577 12
5583 1
5591 17
5593 5
5600 16
5602 21
5606 11
5611 5
5616 16
5618 17
5620 15
5622 11
5629 7
5632 21
5636 14
5641 20
5643 11
5650 5
5656 10
5657 12
5663 4
5671 17
5673 9
5674 12
5678 11
5685 6
5691 19
5693 3
5700 8
5704 12
5708 10
5711 1
5720 9
5721 9
5722 8
5724 20
5726 15
5728 20
5730 8
5734 6
5738 2
5749 20
5750 16
5752 18
5753 16
5755 5
5762 9
5763 7
5766 16
5768 21
5772 10
5773 18
5774 6
5780 5
5785 19
5787 18
5788 6
5796 15
5798 12
5804 20
5806 20
5807 8
5811 7
5813 12
5821 2
5830 20
5831 1
5841 11
5846 12
5852 21
5856 2
5865 18
5866 8
5870 11
5876 11
5882 14
5889 2
5898 5
5902 11
5906 17
5908 14
5912 20
5913 17
5915 5
5921 18
5922 21
5926 14
5932 3
5936 9
5938 21
5942 10
5945 17
5947 21
5951 12
5955 2
5962 2
5973 11
5978 19
5979 12
5987 21
5991 18
5992 2
6001 12
6009 4
6017 16
6019 11
6025 11
6032 4
6036 8
6040 20
6041 9
6042 5
6047 13
6051 12
6055 11
6062 1
6069 11
6076 11
6082 5
6087 14
6092 11
6096 5
6101 6
6107 18
6108 21
6112 16
6114 5
6120 4
6126 12
6130 10
6131 10
6134 18
6135 6
6139 19
6140 10
6143 13
6147 15
6149 8
6153 12
6159 15
6161 16
6163 9
6164 12
6170 16
6172 7
6175 7
6178 16
6180 16
6182 11
6186 2
6195 14
6199 18
6200 10
6203 11
6209 16
6211 14
6216 16
6218 15
6220 2
6229 11
6233 18
6234 7
6237 20
6238 12
6242 4
6250 14
6254 11
6259 13
6263 8
6267 18
6268 14
6273 11
6280 20
6282 14
6288 6
6296 18
6297 2
6304 18
6305 1
6315 7
6317 18
6318 3
6323 12
6331 12
6337 5
6342 6
6348 11
6354 2
6363 11
6368 20
6369 4
6377 12
6381 15
6383 11
6389 16
6391 17
6393 5
6400 12
6406 20
6407 10
6408 19
6409 11
6414 9
6415 11
6422 16
6424 12
6428 10
6431 18
6432 5
6439 15
6441 11
6448 2
6457 11
6464 3
6469 15
6471 10
6472 5
6478 1
6487 18
6488 9
6490 10
6493 11
6499 6
6505 13
6511 13
6515 11
6521 8
6525 1
6532 2
6541 11
6548 13
6553 13
6557 6
6565 14
6570 11
6574 14
6581 2
6588 16
6590 4
6594 12
6600 21
6604 11
6611 11
6616 2
6623 11
6628 15
6630 13
6636 12
6642 12
6648 6
6656 11
6661 11
6666 9
6668 19
6669 11
6675 16
6677 2
6684 16
6686 16
6688 5
6695 2
6704 11
6709 6
6713 17
6715 18
6716 17
6718 13
6724 17
6726 9
6728 16
6730 13
6735 17
6737 14
6744 9
6745 8
6747 13
6752 14
6756 12
6762 8
6766 19
6768 20
6769 11
6773 13
6778 2
6785 14
6792 11
6797 12
6801 12
6807 11
6814 8
6816 12
6820 6
6826 2
6833 19
6834 10
6835 18
6836 15
6838 2
6845 8
6847 14
6851 16
6853 17
6855 12
6861 7
6864 5
6869 9
6871 11
6875 6
6881 12
6887 6
6891 14
6897 16
6899 17
6901 11
6906 10
6907 20
6908 6
6914 3
6921 8
6925 5
6929 11
6936 8
6940 21
6944 5
6950 11
6955 17
6957 4
6961 3
6968 3
6974 9
6976 2
6983 11
6988 16
6990 19
6992 7
6994 1
7002 16
7004 21
7008 18
7009 16
7011 2
7020 18
7021 19
7022 8
7024 3
7031 4
7035 12
7041 15
7043 15
7045 20
7047 10
7050 14
7054 21
7058 18
7059 17
7061 12
7067 8
7071 12
7077 11
7084 9
7085 11
7092 9
7093 9
7094 7
7097 11
7102 1
7110 12
7118 14
7123 11
7128 20
7129 8
7131 15
7133 16
7135 8
7139 1
7147 11
7153 18
7154 8
7156 12
7162 20
7164 11
7170 17
7172 8
7174 18
7175 18
7176 14
7183 20
7184 12
7190 10
7193 15
7195 8
7197 21
7201 12
7205 17
7207 4
7215 8
7219 3
7224 7
7226 8
7228 1
7237 13
7242 8
7246 5
7250 17
7252 10
7255 4
7261 7
7264 1
7274 18
7275 11
7282 9
7283 15
7285 6
7291 8
7293 3
7297 19
7298 18
7299 11
7306 16
7308 15
7310 16
7312 12
7318 21
7322 5
7329 18
7330 11
7336 5
7341 7
7343 5
7348 1
7358 5
7363 18
7364 12
7370 7
7373 12
7377 12
7383 18
7384 14
7391 11
7396 8
7400 18
7401 6
7409 20
7410 11
7417 10
7420 11
7426 18
7427 4
7431 18
7432 2
7439 21
7443 14
7448 20
7450 12
7456 12
7464 12
7470 11
7475 11
7481 5
7485 9
7487 16
7489 6
7495 4
7501 17
7503 7
7505 1
7513 19
7514 14
7520 15
7522 15
7524 3
7528 10
7529 18
7530 17
7532 1
7541 3
7548 18
7549 4
7555 3
7562 18
7563 9
7564 11
7568 13
7572 19
7573 16
7575 5
7579 10
7580 6
7588 13
7593 10
7594 7
7596 5
7603 7
7606 12
7612 2
7623 20
7624 18
7625 11
7632 1
7640 9
7641 2
7650 9
7652 8
7654 11
7658 11
7662 5
7669 15
7671 21
7675 11
7681 10
7684 19
7685 7
7688 6
7694 1
7704 13
7709 10
7710 12
7716 12
7724 11
7731 12
7735 6
7741 16
7743 14
7748 2
7757 5
7764 17
7766 1
7775 11
7781 10
7782 11
7788 12
7796 10
7797 4
7803 16
7805 12
7811 5
7815 11
7819 12
7825 10
7826 13
7830 7
7832 12
7836 4
7842 9
7844 21
7848 7
7851 21
7855 2
7866 13
7872 18
7873 19
7875 1
7883 16
7885 10
7886 13
7891 7
7894 16
7896 21
7900 7
7903 9
7905 18
7906 18
7907 4
7913 16
7915 18
7916 12
7920 7
7923 12
7929 10
7930 17
7932 14
7936 6
7942 18
7943 9
7944 16
7946 13
7951 13
7957 13
7962 2
7971 11
7978 1
7988 18
7989 16
7991 9
7992 12
7996 10
7997 17
7999 11
8003 6
8009 12
8017 2
8026 9
8027 2
8038 12
8044 8
8048 16
8050 11
8054 1
8061 11
8066 6
8072 17
8074 15
8076 18
8077 14
8082 1
8092 1
8101 2
8110 21
8114 8
8116 8
8118 10
8119 20
8121 14
8126 12
8132 4
8138 2
8145 11
8151 8
8155 9
8157 17
8159 16
8161 21
8165 12
8171 18
8172 9
8174 17
8176 21
8180 21
8184 12
8192 15
8194 21
8198 8
8200 2
8207 2
8218 18
8219 19
8221 7
8224 17
8226 18
8227 10
8230 12
8236 2
8245 14
8251 7
8253 11
8258 3
8264 2
8271 16
8273 10
8276 5
8283 12
8287 9
8289 15
8291 12
8297 16
8299 5
8303 8
8305 11
8310 5
8316 11
8322 12
8328 11
8334 12
8340 3
8345 5
8351 11
8355 13
8359 18
8360 4
8366 15
8368 5
8375 6
8383 21
8387 6
8393 8
8397 18
8398 18
8399 10
8402 4
8408 10
8409 14
8413 11
8419 6
8423 8
8427 6
8435 11
8439 1
8449 11
8456 5
8461 10
8462 12
8466 8
8468 15
8470 12
8476 8
8480 10
8481 7
8483 12
8489 17
8491 13
8496 11
8502 21
8506 11
8510 11
8517 19
8519 17
8521 2
8530 6
8536 2
8547 18
8548 12
8556 12
8564 11
8571 8
8573 20
8574 12
8582 5
8586 20
8587 12
8593 2
8600 13
8605 9
8607 18
8608 17
8610 4
8614 3
8620 18
8621 16
8623 5
8628 5
8635 14
8641 16
8643 4
8647 15
8649 9
8650 6
8658 10
8661 11
8665 10
8668 12
8674 16
8676 14
8680 3
8686 4
8692 12
8700 6
8708 3
8714 11
8719 14
8725 11
8730 12
8736 4
8744 12
8750 21
8754 21
8758 11
8764 3
8769 11
8773 4
8779 12
8785 12
8791 15
8793 3
8797 7
8799 15
8801 11
8805 14
8811 18
8812 14
8818 17
8820 15
8822 4
8826 9
8828 19
8830 10
8833 10
8836 3
8843 19
8844 2
8853 3
8858 7
8861 10
8864 6
8868 15
8870 11
8877 16
8879 3
8885 2
8892 18
8893 11
8898 14
8905 3
8912 12
8920 12
8928 2
8937 5
8942 12
8950 3
8955 18
8956 14
8961 16
8963 18
8964 13
8969 12
8975 13
8980 21
8984 21
8988 18
8989 11
8994 18
8995 9
8996 6
9002 14
9006 4
9012 19
9013 9
9014 6
9018 3
9022 20
9023 1
9032 18
9033 20
9035 12
9041 11
9045 14
9051 3
9058 13
9063 11
9067 18
9068 4
9072 16
9074 2
9081 5
9085 15
9087 6
9095 12
9103 12
9107 5
9111 9
9112 9
9114 12
9118 2
9125 14
9132 20
9134 18
9135 10
9136 18
9137 13
9142 11
9148 10
9149 8
9153 11
9157 11
9162 19
9164 9
9165 11
9172 11
9179 20
9180 16
9182 13
9186 18
9187 10
9190 8
9192 18
9193 11
9198 4
9206 19
9208 8
9212 13
9216 21
9220 11
9226 21
9230 11
9237 13
9243 17
9245 4
9251 11
9258 18
9259 15
9261 2
9270 18
9271 20
9273 6
9281 18
9282 19
9283 3
9289 20
9290 18
9291 7
9294 9
9295 21
9299 3
9304 19
9306 21
9310 12
9316 15
9318 11
9324 9
9325 13
9330 2
9337 12
9343 4
9349 10
9350 17
9352 2
9361 3
9368 7
9370 18
9371 12
9375 21
9379 18
9380 1
9388 10
9389 16
9391 19
9392 3
9398 10
9399 12
9405 6
9411 2
9418 18
9419 9
9421 15
9423 19
9425 12
9431 10
9434 11
9438 21
9442 2
9449 2
9456 12
9460 6
9466 6
9472 19
9474 16
9476 7
9479 18
9480 12
9484 7
9486 18
9487 12
9495 9
9496 9
9497 15
9499 10
9500 17
9502 1
9510 12
9516 8
9518 13
9523 7
9525 16
9527 5
9531 12
9539 12
9545 16
9547 6
9551 12
9559 8
9563 18
9564 5
9569 12
9573 4
9579 17
9581 3
9586 14
9591 21
9595 13
9601 20
9603 11
9608 14
9614 12
9618 12
9622 18
9623 15
9625 1
9635 12
9641 16
9643 10
9646 19
9647 15
9649 16
9651 6
9659 12
9665 14
9669 11
9673 11
9680 10
9681 17
9683 18
9684 12
9690 3
9696 10
9697 11
9704 13
9710 12
9714 13
9719 5
9724 9
9725 18
9726 11
9733 4
9739 2
9748 11
9753 18
9754 11
9758 6
9762 8
9766 11
9773 2
9782 14
9786 18
9787 15
9789 7
9792 18
9793 1
9800 11
9807 3
9813 20
9814 12
9822 18
9823 20
9824 10
9825 11
9832 11
9836 20
9837 17
9839 21
9843 12
9847 5
9854 18
9855 11
9861 17
9863 18
9864 18
9865 21
9869 11
9875 19
9877 17
9879 5
9885 14
9889 10
9890 3
9894 20
9896 6
9902 17
9904 17
9906 8
9908 18
9909 11
9915 7
9917 5
9921 2
9930 15
9932 20
9934 6
9942 21
9946 12
9952 18
9953 16
9955 20
9957 1
9967 5
9973 3
9980 13
9985 17
9987 12
9991 2
10000 11
10006 16
10008 11
10013 8
10015 4
10019 1
10026 15
10028 9
10030 16
10032 2
10039 16
10041 2
10052 3
10057 21
10061 16
10063 16
10065 11
10071 12
10077 11
10081 18
10082 11
10086 1
10093 13
10099 21
10103 11
10108 7
10111 19
10112 11
10116 16
10118 21
10122 4
10126 6
10130 16
10132 11
10136 18
10137 4
10143 9
10145 9
10146 11
10150 9
10151 13
10156 14
10161 11
10165 21
10169 11
10175 7
10178 18
10179 10
10182 11
10189 11
10194 17
10196 1
10203 18
10204 2
10213 5
10220 11
10224 15
10226 13
10231 11
10237 13
10242 12
10250 20
10252 13
10257 18
10258 3
10263 17
10265 20
10266 2
10277 12
10281 9
10283 11
10288 2
10297 10
10300 7
10303 6
10309 11
10313 7
10316 9
10317 20
10319 17
10321 4
10327 4
10331 19
10333 5
10338 11
10342 15
10344 15
10346 18
10347 4
10351 8
10355 12
10359 9
10360 2
10369 8
10371 19
10372 8
10376 20
10378 8
10382 9
10384 7
10387 17
10389 18
10390 16
10392 9
10394 15
10396 16
10398 18
10399 12
10407 17
10409 12
10417 3
10422 8
10426 11
10430 20
10431 11
10436 14
10440 12
10444 6
10448 9
10449 15
10451 16
10453 9
10454 21
10458 4
10466 11
10473 14
10480 11
10487 21
10491 6
10495 10
10498 14
10504 11
10511 7
10513 11
10520 15
10522 6
10528 18
10529 6
10537 7
10539 9
10541 9
10543 18
10544 14
10551 16
10553 10
10556 15
10558 17
10560 6
10566 16
10568 18
10569 11
10575 12
10581 12
10587 14
10593 11
10597 3
10602 14
10609 15
10611 13
10616 21
10620 3
10627 7
10630 12
10634 18
10635 10
10638 21
10642 18
10643 17
10645 17
10647 16
10649 2
10658 18
10659 11
10663 15
10665 12
10671 17
10673 19
10675 12
10679 11
10685 12
10691 5
10698 16
10700 11
10705 12
10711 8
10713 18
10714 17
10716 1
10724 1
10731 3
10735 19
10736 10
10739 3
10745 19
10746 21
10750 19
10751 15
10753 13
10757 4
10763 20
10764 1
10773 10
10776 16
10778 12
10782 7
10784 8
10788 9
10789 9
10790 3
10794 1
10802 10
10805 21
10809 4
10815 4
10821 19
10822 21
10826 9
10828 17
10830 5
10834 7
10836 12
10844 12
10852 12
10858 15
10860 21
10864 20
10866 19
10867 18
10868 1
10875 5
10881 5
10885 13
10890 11
10894 17
10896 20
10898 16
10900 9
10901 14
10908 20
10910 11
10916 18
10917 11
10924 12
10932 16
10934 14
10938 1
10945 16
10947 10
10948 5
10955 11
10960 13
10964 12
10968 18
10969 3
10975 5
10979 13
10983 20
10984 20
10986 5
10990 1
10997 14
11001 5
11005 3
11009 13
11014 16
11016 20
11017 18
11018 12
11026 14
11033 4
11037 7
11040 15
11042 11
11048 2
11055 7
11057 7
11060 11
11067 6
11073 11
11079 17
11081 18
11082 12
11090 14
11095 3
11101 9
11102 9
11103 11
11109 2
11118 3
11123 16
11125 7
11127 18
11128 11
11135 2
11142 5
11146 20
11148 16
11150 3
11155 8
11159 8
11161 8
11163 9
11164 4
11172 6
11180 3
11184 12
11190 12
11194 8
11198 1
11208 14
11212 9
11213 5
11218 3
11225 12
11231 20
11233 5
11239 1
11249 5
11256 12
11260 18
11261 6
11267 5
11274 16
11276 10
11279 5
11286 18
11287 16
11289 18
11290 1
11298 18
11299 12
11305 16
11307 10
11310 16
11312 1
11321 17
11323 4
11331 5
11335 1
11342 4
11348 11
11355 19
11356 14
11361 1
11371 6
11377 17
11379 21
11383 18
11384 12
11392 8
11396 4
11400 15
11402 18
11403 4
11409 11
11415 8
11417 6
11423 5
11429 18
11430 6
11436 18
11437 18
11438 20
11440 10
11441 9
11442 11
11448 13
11454 11
11459 9
11460 18
11461 18
11462 18
11463 15
11465 12
11471 15
11473 11
11478 4
11482 11
11486 5
11492 11
11497 19
11499 21
11503 2
11512 4
11518 7
11521 16
11523 17
11525 5
11530 11
11534 13
11539 15
11541 9
11543 4
11549 12
11555 4
11561 15
11563 11
11568 21
11572 17
11574 8
11578 1
11585 18
11586 13
11591 4
11597 9
11598 11
11602 17
11604 6
11608 10
11609 15
11611 12
11617 18
11618 15
11620 3
11626 4
11630 1
11638 5
11643 12
11647 15
11649 12
11657 7
11660 18
11661 21
11665 9
11666 3
11671 18
11672 11
11679 20
11680 7
11682 18
11683 10
11686 18
11687 17
11689 3
11694 21
11698 9
11700 7
11702 1
11712 17
11714 11
11721 15
11723 16
11725 8
11727 12
11733 12
11739 1
11749 15
11751 2
11760 6
11766 4
11774 4
11782 1
11789 1
11798 3
11805 12
11809 16
11811 19
11812 12
11820 11
11826 15
11828 1
11836 15
11838 2
11847 1
11857 18
11858 20
11859 18
11860 12
11866 21
11870 18
11871 12
11879 6
11885 12
11889 18
11890 10
11891 18
11892 4
11898 6
11904 15
11906 12
11912 16
11914 11
11920 11
11925 11
11930 13
11935 9
11937 13
11942 2
11949 19
11951 12
11957 13
11961 21
11965 7
11967 18
11968 7
11970 12
11976 19
11977 2
11988 7
11990 11
11996 9
11997 10
11998 8
12002 11
12009 9
12010 21
12014 3
12020 21
12024 13
12029 18
12030 2
12041 11
12045 11
12050 3
12057 4
12063 8
12065 9
12067 13
12071 17
12073 3
12078 7
12081 20
12083 15
12085 20
12086 12
12092 8
12096 18
12097 12
12103 7
12106 8
12110 18
12111 12
12115 12
12121 20
12123 15
12125 2
