2959
1 15
3 8
5 12
12 12
19 12
26 8
28 11
34 4
41 18
42 11
49 12
55 11
61 11
68 3
74 16
76 16
78 15
80 7
83 12
89 12
96 15
98 9
99 11
106 13
112 18
113 9
114 2
125 6
133 9
134 6
142 12
149 21
153 13
159 18
160 5
167 18
168 20
170 13
175 1
185 9
187 17
189 19
191 9
193 2
203 3
209 19
211 10
214 14
220 11
226 17
228 10
231 10
233 8
235 1
244 11
250 11
257 11
263 19
265 8
267 4
275 11
281 21
285 4
293 19
295 8
298 1
307 10
309 20
311 16
313 18
314 6
321 16
323 20
325 4
332 12
338 7
341 10
344 11
350 5
357 20
359 12
367 11
374 6
380 12
387 10
388 15
390 12
398 9
400 19
402 10
404 16
406 18
407 20
409 2
420 19
422 12
430 1
440 1
450 8
454 2
465 11
472 12
479 11
486 12
493 2
503 11
509 4
516 13
521 12
528 5
535 1
545 8
547 12
554 6
561 18
562 11
569 8
572 17
574 6
581 10
582 16
584 17
586 7
588 10
590 10
593 4
599 7
601 14
607 2
617 1
626 3
632 12
640 15
642 12
650 11
656 8
660 20
662 20
664 21
668 9
670 11
676 6
684 15
686 15
688 15
690 19
692 15
694 4
702 15
704 3
711 20
713 21
717 10
719 16
721 15
723 16
725 18
726 12
734 18
735 5
742 20
744 18
745 16
747 3
753 12
760 4
766 19
768 4
774 16
776 4
784 21
788 19
790 18
791 3
798 15
800 16
802 11
809 17
811 19
813 16
815 6
823 17
825 1
835 12
841 9
843 18
844 11
851 7
853 10
855 17
857 6
865 3
872 5
878 9
879 18
880 5
886 19
888 12
894 11
901 11
908 12
915 7
918 15
920 11
927 6
934 20
936 17
938 11
944 18
945 3
952 20
954 16
956 12
962 12
969 10
972 4
980 5
986 15
988 5
994 7
997 17
999 18
1000 20
1002 8
1004 5
1011 18
1012 18
1013 17
1015 9
1016 21
1020 11
1027 5
1033 4
1040 13
1045 17
1047 5
1053 13
1058 12
1065 5
1072 20
1074 5
1080 9
1081 18
1082 4
1089 15
1091 17
1093 12
1099 11
1106 2
1117 12
1124 20
1126 16
1128 3
1134 15
1136 18
1137 10
1140 16
1142 11
1148 18
1149 18
1150 13
1156 4
1163 17
1165 12
1173 11
1179 9
1180 11
1186 16
1188 11
1194 18
1195 13
1201 9
1203 19
1205 15
1207 11
1213 18
1214 12
1221 10
1223 2
1233 10
1236 13
1241 9
1243 18
1244 3
1251 12
1258 13
1264 5
1271 20
1273 18
1274 16
1276 6
1283 7
1285 14
1291 3
1297 20
1299 20
1301 11
1307 9
1309 15
1311 11
1318 2
1327 6
1333 18
1334 20
1336 7
1339 11
1345 3
1351 11
1358 9
1360 18
1361 2
1370 17
1372 12
1379 5
1386 19
1388 14
1393 1
1403 21
1407 12
1414 6
1422 4
1430 20
1432 3
1439 3
1445 15
1447 12
1453 15
1455 9
1457 15
1459 10
1461 12
1468 4
1475 11
1482 12
1489 12
1497 3
1504 3
1511 3
1517 7
1520 17
1522 11
1528 13
1534 2
1545 6
1552 5
1558 14
1563 17
1565 4
1571 12
1577 14
1583 11
1590 19
1592 19
1594 16
1596 17
1598 21
1602 14
1607 20
1609 2
1619 18
1620 17
1622 14
1628 7
1631 13
1636 18
1637 9
1638 21
1642 16
1644 2
1653 5
1659 18
1660 5
1667 11
1673 19
1675 14
1681 13
1687 19
1689 6
1697 12
1704 12
1710 9
1711 16
1713 11
1720 3
1727 12
1734 14
1740 16
1742 1
1752 15
1754 9
1755 3
1761 12
1769 19
1771 13
1776 9
1778 17
1780 5
1786 16
1788 15
1790 17
1792 3
1798 9
1799 14
1805 8
1808 11
1814 12
1821 5
1827 8
1829 1
1839 17
1841 7
1843 10
1845 6
1852 6
1860 3
1866 12
1872 18
1873 21
1877 19
1879 8
1881 10
1883 17
1885 12
1892 11
1899 12
1906 11
1913 6
1920 11
1927 17
1929 16
1931 18
1932 9
1933 6
1940 14
1947 11
1953 11
1959 13
1965 21
1969 11
1975 2
1986 18
1987 12
1995 10
1996 1
2005 9
2007 7
2009 1
2018 12
2024 8
2028 3
2034 1
2044 21
2048 11
2054 20
2056 21
2060 11
2067 12
2074 11
2080 12
2087 8
2091 2
2101 12
2109 12
2117 6
2124 1
2134 13
2139 14
2145 11
2152 10
2155 15
2157 20
2159 1
2169 10
2171 3
2177 11
2183 3
2190 16
2192 21
2196 17
2198 12
2205 5
2212 15
2214 8
2218 20
2220 17
2222 18
2223 18
2224 11
2231 3
2238 10
2240 18
2241 11
2247 4
2254 11
2260 11
2267 15
2269 11
2276 5
2283 5
2290 6
2297 7
2300 2
2309 6
2316 12
2322 5
2328 3
2335 2
2346 17
2348 20
2350 8
2352 11
2359 6
2366 11
2372 18
2373 12
2381 1
2390 2
2400 10
2403 1
2412 4
2419 6
2425 11
2432 14
2439 1
2448 11
2454 11
2461 3
2468 8
2472 11
2478 2
2489 12
2495 11
2501 14
2506 17
2508 2
2518 11
2525 7
2528 15
2530 9
2531 15
2533 14
2539 2
2549 13
2555 6
2561 18
2562 11
2568 16
2570 10
2573 5
2579 2
2589 12
2597 7
2600 13
2605 13
2610 16
2612 18
2613 5
2620 5
2627 10
2630 4
2636 11
2642 10
2643 18
2644 16
2646 11
2653 8
2655 9
2657 12
2665 10
2666 14
2673 6
2680 16
2682 21
2686 7
2688 15
2690 16
2692 8
2695 1
2705 9
2706 11
2712 11
2718 10
2719 9
2721 19
2723 8
2725 17
2727 15
2729 5
2736 9
2737 14
2743 11
2749 17
2751 10
2754 19
2756 19
2758 2
2767 5
2774 11
2781 9
2782 13
2788 18
2789 15
2791 18
2792 18
2793 18
2794 6
2800 19
2802 12
2808 11
2815 11
2821 15
2823 11
2829 14
2834 14
2841 14
2847 14
2853 18
2854 13
2860 14
2866 6
2874 12
2881 16
2883 19
2885 11
2892 14
2898 2
2908 1
2918 8
2920 17
2922 9
2924 18
2925 21
2929 1
2939 11
2946 5
2952 18
2953 16
2955 13
2960 21
2964 21
2968 2
2979 11
2986 20
2988 17
2990 10
2993 7
2995 3
3002 12
3010 12
3017 13
3023 6
3030 14
3036 15
3038 16
3040 2
3050 18
3051 16
3053 2
3063 16
3065 20
3067 1
3076 15
3078 17
3080 12
3086 11
3092 16
3094 21
3098 9
3100 14
3105 11
3112 21
3116 17
3118 12
3125 8
3129 15
3131 4
3137 21
3141 5
3147 7
3150 14
3155 12
3163 1
3172 16
3174 15
3176 12
3182 21
3186 13
3191 21
3195 16
3197 16
3199 4
3205 7
3208 13
3213 12
3219 10
3221 8
3224 8
3228 3
3235 11
3241 18
3242 16
3244 10
3246 11
3253 4
3260 14
3266 18
3267 21
3271 11
3277 11
3283 12
3289 20
3291 13
3296 11
3302 11
3309 1
3319 11
3326 17
3328 6
3334 6
3341 12
3347 16
3349 6
3356 6
3363 7
3366 20
3368 11
3375 13
3380 19
3382 11
3388 12
3396 4
3403 9
3405 10
3407 14
3413 18
3414 8
3417 13
3422 19
3424 12
3430 12
3437 7
3439 12
3447 1
3457 11
3463 6
3469 11
3476 3
3482 16
3484 8
3487 9
3489 9
3490 11
3496 9
3497 16
3499 9
3500 9
3501 21
3505 11
3512 20
3514 17
3516 13
3522 15
3524 3
3530 9
3531 16
3533 15
3535 11
3542 6
3549 17
3551 4
3557 12
3564 11
3571 8
3573 2
3583 18
3584 10
3586 21
3590 4
3597 13
3603 9
3605 2
3615 12
3622 8
3624 2
3634 5
3641 12
3648 19
3650 1
3659 10
3661 18
3662 4
3669 21
3673 8
3677 10
3679 15
3681 5
3687 12
3694 11
3700 18
3701 7
3704 7
3707 6
3714 13
3719 3
3726 16
3728 9
3730 12
3738 11
3744 12
3751 11
3758 7
3760 1
3769 11
3776 8
3780 9
3781 13
3787 19
3789 17
3791 16
3793 11
3799 18
3800 2
3811 2
3821 12
3828 14
3833 6
3840 11
3847 12
3854 9
3855 6
3862 12
3869 17
3871 18
3872 12
3879 6
3886 3
3892 10
3894 8
3898 7
3901 16
3903 10
3905 11
3912 18
3913 5
3919 15
3921 17
3923 7
3926 3
3932 6
3940 11
3946 6
3952 18
3953 9
3955 18
3956 18
3957 5
3964 16
3966 18
3967 12
3974 12
3982 2
3992 19
3994 18
3995 8
3998 6
4004 13
4010 3
4017 5
4023 12
4029 11
4035 10
4037 10
4040 10
4042 18
4043 15
4045 5
4051 10
4053 11
4060 6
4067 11
4073 5
4079 12
4087 17
4089 5
4095 15
4097 5
4103 14
4109 21
4113 6
4121 11
4128 20
4130 8
4132 9
4134 6
4141 11
4148 6
4154 8
4157 11
4164 6
4172 12
4180 14
4185 17
4187 11
4193 6
4200 16
4202 7
4205 5
4211 21
4215 11
4222 21
4226 8
4229 6
4236 4
4242 16
4244 4
4251 13
4257 21
4261 18
4262 19
4264 12
4271 19
4273 4
4280 1
4290 8
4294 21
4298 21
4302 5
4308 9
4309 9
4310 14
4315 15
4317 16
4319 15
4321 15
4323 8
4327 2
4338 20
4340 10
4342 14
4348 11
4354 5
4361 1
4370 7
4373 14
4379 7
4382 7
4384 4
4392 5
4399 2
4409 12
4415 21
4419 10
4422 18
4423 10
4425 12
4432 17
4434 19
4436 9
4438 19
4440 11
4446 9
4447 11
4453 2
4464 20
4466 12
4474 7
4477 20
4479 19
4481 9
4483 10
4485 2
4494 12
4500 17
4502 17
4504 8
4507 12
4514 9
4515 15
4517 11
4524 4
4530 20
4532 19
4534 13
4540 4
4548 17
4550 16
4552 3
4559 5
4566 6
4574 5
4580 14
4585 7
4588 16
4590 19
4592 13
4598 2
4608 4
4615 2
4626 18
4627 13
4632 21
4636 11
4642 18
4643 10
4645 7
4647 18
4648 18
4649 8
4652 9
4653 18
4654 15
4656 16
4658 13
4664 4
4672 10
4674 17
4676 4
4683 17
4685 21
4689 3
4696 15
4698 11
4704 18
4705 17
4707 9
4709 21
4713 11
4720 11
4726 13
4731 18
4732 4
4738 18
4739 5
4746 14
4752 11
4759 3
4766 2
4777 17
4779 9
4781 19
4783 12
4790 9
4791 11
4797 9
4798 8
4802 3
4808 19
4810 12
4817 1
4826 16
4828 17
4830 14
4837 12
4845 13
4850 6
4857 7
4859 13
4864 11
4871 15
4873 16
4875 13
4880 7
4883 19
4885 6
4892 11
4898 8
4902 6
4909 3
4915 17
4917 2
4926 14
4931 20
4933 16
4935 13
4941 19
4943 9
4945 11
4952 21
4956 6
4964 1
4973 16
4975 9
4976 14
4982 15
4984 10
4987 15
4989 2
5000 7
5002 18
5003 7
5006 13
5012 3
5018 3
5024 19
5026 15
5028 11
5034 19
5036 5
5042 4
5050 12
5057 12
5064 14
5070 18
5071 18
5072 14
5077 5
5083 10
5085 13
5090 18
5091 3
5098 2
5108 4
5115 18
5116 11
5123 15
5125 6
5132 17
5134 3
5140 10
5141 15
5143 9
5145 18
5146 12
5154 9
5155 5
5161 9
5162 16
5164 21
5168 12
5176 21
5180 21
5184 18
5185 12
5192 3
5198 18
5199 8
5202 15
5204 10
5206 2
5216 18
5217 1
5227 21
5231 15
5233 11
5239 20
5241 20
5243 18
5244 11
5251 16
5253 16
5255 20
5257 2
5266 19
5268 17
5270 17
5272 19
5274 11
5281 13
5286 12
5294 11
5301 15
5303 3
5309 18
5310 15
5312 16
5314 1
5323 11
5330 8
5333 2
5344 20
5346 17
5348 4
5354 18
5355 10
5358 13
5363 11
5370 11
5377 14
5383 5
5389 4
5395 7
5397 2
5407 17
5409 16
5411 20
5413 10
5416 10
5418 12
5425 11
5432 18
5433 9
5434 8
5437 7
5440 12
5447 6
5455 11
5461 9
5463 16
5465 3
5471 18
5472 14
5478 8
5480 1
5489 7
5492 10
5493 5
5499 5
5506 16
5508 6
5516 18
5517 2
5526 6
5532 1
5542 3
5549 21
5553 11
5559 16
5561 7
5564 21
5568 15
5570 21
5574 11
5580 7
5583 6
5591 21
5595 11
5601 9
5602 17
5604 18
5605 12
5613 14
5618 18
5619 18
5620 20
5622 12
5629 11
5635 21
5639 8
5642 10
5644 3
5650 12
5657 13
5663 5
5669 4
5676 7
5678 8
5681 10
5682 12
5688 1
5698 18
5699 11
5705 20
5707 7
5709 18
5710 2
5719 18
5720 21
5724 3
5730 11
5737 16
5739 14
5744 8
5746 11
5753 11
5760 15
5762 2
5771 6
5778 12
5785 9
5787 5
5794 4
5801 11
5808 7
5810 17
5812 5
5818 1
5827 14
5833 11
5839 17
5841 4
5848 20
5850 6
5857 18
5858 15
5860 3
5867 9
5869 18
5870 1
5880 15
5882 19
5884 13
5890 18
5891 7
5894 19
5896 12
5904 6
5912 11
5918 1
5928 12
5935 6
5942 5
5948 13
5953 13
5958 3
5965 17
5967 18
5968 5
5974 14
5979 4
5985 17
5987 10
5988 7
5991 11
5997 9
5999 9
6001 8
6005 17
6007 2
6017 5
6023 9
6024 21
6028 3
6034 6
6041 2
6050 13
6056 11
6063 16
6065 12
6072 4
6079 11
6086 11
6092 3
6099 6
6106 15
6108 12
6114 2
6123 12
6130 5
6137 2
6148 11
6155 11
6161 12
6169 19
6171 13
6176 4
6182 11
6189 5
6196 7
6199 20
6201 13
6207 2
6218 9
6219 6
6227 8
6230 1
6240 15
6242 8
6245 19
6247 19
6249 11
6255 18
6256 12
6262 12
6269 21
6273 14
6280 10
6283 20
6285 14
6291 16
6293 10
6295 10
6297 8
6300 6
6308 12
6314 7
6317 17
6319 14
6324 18
6325 17
6327 7
6330 18
6331 10
6333 15
6335 11
6341 19
6343 11
6349 15
6351 3
6358 15
6360 19
6362 12
6368 11
6375 8
6378 14
6384 10
6385 5
6392 20
6394 2
6405 14
6411 14
6417 2
6427 11
6433 12
6441 18
6442 7
6445 12
6451 11
6458 11
6465 2
6474 14
6479 16
6481 7
6484 11
6491 21
6495 11
6501 9
6502 5
6509 11
6516 13
6521 2
6530 20
6532 11
6539 5
6545 12
6552 19
6554 10
6556 15
6558 5
6565 1
6575 11
6581 11
6588 18
6589 21
6593 7
6595 6
6603 7
6605 16
6607 7
6609 18
6610 16
6612 18
6613 2
6623 13
6629 3
6636 14
6642 20
6644 18
6645 11
6651 5
6657 1
6667 12
6674 11
6680 18
6681 12
6687 21
6691 12
6698 12
6705 7
6708 9
6709 18
6710 3
6716 2
6726 16
6728 21
6732 12
6740 11
6747 12
6754 18
6755 12
6762 11
6769 20
6771 11
6777 3
6783 20
6785 17
6787 19
6789 15
6791 8
6793 9
6794 18
6795 8
6799 6
6805 15
6807 4
6813 19
6815 19
6817 21
6821 12
6829 18
6830 18
6831 13
6837 11
6844 5
6851 12
6857 8
6860 1
6869 18
6870 11
6876 9
6877 18
6878 14
6883 16
6885 13
6890 11
6896 12
6903 4
6911 5
6917 7
6919 2
6929 18
6930 9
6931 18
6932 13
6938 8
6941 9
6943 8
6946 12
6953 5
6960 19
6962 9
6964 13
6970 11
6977 14
6984 17
6986 21
6990 14
6996 16
6998 21
7002 3
7009 9
7011 2
7021 6
7028 13
7034 20
7036 1
7045 10
7047 12
7055 15
7057 3
7063 16
7065 19
7067 3
7074 12
7081 11
7087 2
7097 15
7099 7
7102 21
7106 11
7113 16
7115 7
7118 9
7120 15
7122 8
7125 13
7131 7
7134 15
7136 1
7145 21
7149 9
7151 11
7157 3
7163 13
7169 7
7171 20
7173 3
7179 19
7181 6
7187 2
7197 11
7204 11
7210 6
7216 2
7226 10
7229 6
7235 12
7243 6
7249 2
7258 8
7260 14
7265 6
7272 9
7273 2
7284 14
7291 12
7298 11
7304 12
7310 17
7312 14
7317 9
7318 15
7320 11
7326 3
7333 19
7335 1
7344 4
7352 11
7359 11
7366 14
7371 12
7378 21
7382 10
7385 21
7389 12
7396 15
7398 13
7404 5
7410 12
7418 9
7420 5
7427 13
7433 1
7443 13
7448 16
7450 5
7457 2
7468 18
7469 7
7471 16
7473 1
7482 21
7486 15
7488 11
7494 10
7496 12
7502 13
7508 6
7515 14
7522 17
7524 20
7526 11
7533 20
7535 1
7544 13
7549 19
7551 10
7554 2
7563 20
7565 8
7568 5
7574 2
7585 8
7589 15
7591 9
7592 7
7594 4
7602 7
7605 20
7607 10
7610 13
7616 15
7618 10
7620 21
7624 14
7629 16
7631 18
7632 11
7638 12
7645 8
7648 11
7654 6
7661 13
7666 3
7672 10
7674 14
7680 19
7682 8
7685 14
7691 18
7692 16
7694 21
7698 14
7703 7
7706 12
7712 10
7715 5
7721 12
7727 16
7729 1
7738 12
7746 19
7748 12
7754 6
7761 18
7762 10
7763 5
7770 1
7780 16
7782 12
7789 9
7791 4
7797 8
7799 18
7800 10
7802 16
7804 5
7811 4
7818 12
7825 4
7833 14
7839 12
7845 1
7855 21
7859 9
7860 17
7862 7
7865 13
7870 9
7872 20
7874 12
7882 15
7884 11
7890 7
7892 20
7894 11
7900 18
7901 12
7909 12
7915 13
7921 7
7923 17
7925 16
7927 7
7929 17
7931 20
7933 9
7934 13
7940 13
7946 9
7947 17
7949 8
7952 5
7958 7
7961 11
7967 14
7973 14
7979 12
7985 9
7987 8
7990 7
7992 16
7994 12
8001 18
8002 18
8003 11
8010 7
8013 19
8015 11
8022 7
8024 1
8033 9
8035 12
8041 18
8042 13
8047 2
8056 18
8057 13
8062 6
8068 5
8075 3
8082 16
8084 8
8087 2
8096 9
8097 11
8103 18
8104 15
8106 15
8108 10
8109 11
8116 7
8118 19
8120 1
8130 10
8132 12
8138 5
8145 7
8148 16
8150 1
8159 1
8168 13
8173 11
8179 11
8185 7
8187 18
8188 4
8195 13
8201 13
8207 12
8214 11
8221 12
8229 13
8234 16
8236 14
8242 16
8244 18
8245 11
8251 18
8252 12
8258 9
8260 12
8267 11
8274 3
8281 20
8283 11
8290 16
8292 5
8298 15
8300 13
8305 6
8312 2
8322 11
8328 21
8332 9
8333 8
8337 19
8339 3
8346 2
8355 8
8358 15
8360 18
8361 12
8368 11
8374 15
8376 15
8378 16
8380 11
8387 4
8395 19
8397 16
8399 6
8407 18
8408 8
8411 7
8413 12
8419 15
8421 8
8424 16
8426 9
8427 9
8428 16
8430 18
8431 12
8438 2
8449 20
8451 12
8458 18
8459 1
8469 3
8475 11
8481 11
8488 14
8493 20
8495 8
8499 6
8506 10
8508 18
8509 2
8518 18
8519 1
8529 1
8539 19
8541 3
8548 21
8552 9
8553 21
8557 10
8559 12
8565 2
8575 8
8579 12
8586 18
8587 21
8591 20
8593 11
8600 1
8609 3
8615 5
8622 14
8628 11
8634 16
8636 3
8642 14
8648 3
8654 9
8656 11
8662 4
8670 19
8672 11
8679 18
8680 2
8690 21
8694 2
8703 16
8705 11
8712 18
8713 18
8714 15
8716 16
8718 1
8728 19
8730 21
8734 12
8740 14
8746 6
8752 12
8759 21
8763 8
8766 12
8774 3
8780 20
8782 12
8789 1
8799 6
8806 15
8808 16
8810 14
8815 19
8817 12
8824 21
8828 21
8832 20
8834 18
8835 12
8841 4
8849 18
8850 3
8857 11
8864 5
8871 7
8873 20
8875 15
8877 10
8879 3
8886 15
8888 4
8896 6
8902 15
8904 2
8914 11
8921 19
8923 12
8929 15
8931 3
8937 10
8938 19
8940 6
8946 7
8949 11
8955 9
8957 5
8964 18
8965 15
8967 6
8975 16
8977 12
8985 13
8990 14
8996 14
9002 9
9003 12
9010 8
9014 19
9016 15
9018 1
9027 14
9034 14
9041 16
9043 12
9050 13
9056 6
9063 3
9069 20
9071 12
9078 12
9086 11
9093 2
9104 12
9111 5
9117 12
9124 21
9128 2
9139 12
9146 10
9148 14
9153 11
9159 2
9169 19
9171 13
9176 10
9178 8
9182 11
9189 12
9196 18
9197 4
9205 8
9208 2
9218 15
9220 9
9222 5
9229 16
9231 11
9238 20
9240 8
9244 8
9247 5
9254 17
9256 12
9263 17
9265 11
9272 10
9274 12
9280 12
9288 18
9289 1
9298 7
9300 21
9304 20
9306 2
9315 14
9322 11
9329 10
9331 7
9333 14
9339 5
9345 4
9351 19
9353 6
9359 19
9361 18
9362 6
9369 12
9375 6
9383 8
9386 2
9396 12
9403 19
9405 11
9411 5
9418 11
9425 3
9432 17
9434 9
9436 4
9444 19
9446 2
9457 15
9459 13
9465 19
9467 9
9468 2
9478 15
9480 9
9481 20
9483 14
9490 13
9496 12
9503 6
9510 20
9512 6
9519 7
9522 3
9528 3
9534 4
9540 1
9549 8
9551 7
9554 21
9558 15
9560 14
9566 11
9573 17
9575 11
9581 18
9582 11
9588 6
9594 6
9600 11
9606 18
9607 2
9618 18
9619 2
9628 18
9629 2
9639 11
9646 7
9649 12
9655 13
9660 12
9668 15
9670 17
9672 7
9674 18
9675 10
9678 6
9686 10
9688 13
9693 12
9699 15
9701 1
9711 13
9716 19
9718 1
9728 6
9734 21
9738 21
9742 19
9744 14
9749 7
9752 8
9755 14
9761 18
9762 19
9764 9
9765 20
9767 2
9777 11
9784 12
9791 3
9797 9
9798 12
9804 7
9807 7
9810 9
9811 17
9813 16
9815 2
9825 6
9833 15
9835 11
9841 12
9848 15
9850 16
9852 16
9854 8
9856 11
9862 18
9863 11
9869 13
9874 17
9876 1
9885 17
9887 12
9894 19
9896 17
9898 12
9904 15
9906 13
9911 11
9918 16
9920 11
9927 20
9929 12
9937 15
9939 11
9945 21
9949 16
9951 18
9952 1
9962 12
9970 12
9977 1
9987 9
9989 21
9993 18
9994 17
9996 14
10003 10
10005 9
10006 14
10013 16
10015 18
10016 18
10017 18
10018 12
10024 15
10026 18
10027 18
10028 6
10035 1
10044 6
10050 8
10052 10
10054 21
10058 19
10060 8
10063 11
10069 11
10076 6
10083 11
10089 16
10091 15
10093 11
10099 11
10105 16
10107 18
10108 9
10109 2
10118 7
10121 3
10127 11
10133 17
10135 7
10138 21
10142 21
10146 3
10153 7
10156 21
10160 5
10167 3
10174 10
10175 8
10178 6
10186 19
10188 5
10194 13
10200 8
10203 11
10209 16
10211 7
10214 18
10215 13
10220 2
10230 9
10232 6
10238 13
10243 4
10250 15
10252 12
10258 21
10262 4
10269 14
10274 5
10281 18
10282 17
10284 11
10291 11
10298 21
10302 3
10308 17
10310 6
10316 21
10320 2
10329 11
10335 12
10341 18
10342 3
10349 11
10355 15
10357 21
10361 3
10367 11
10374 11
10380 9
10382 17
10384 18
10385 6
10392 16
10394 10
10395 20
10397 12
10405 18
10406 13
10411 5
10418 9
10419 11
10425 20
10427 13
10433 13
10438 12
10445 17
10447 20
10449 18
10450 15
10452 7
10454 6
10462 7
10464 19
10466 9
10468 5
10474 1
10483 12
10490 6
10497 12
10504 7
10507 15
10509 9
10510 18
10511 17
10513 5
10520 21
10524 20
10526 16
10528 21
10532 21
10536 16
10538 19
10540 18
10541 12
10549 10
10551 12
10557 11
10563 16
10565 12
10571 20
10573 7
10576 3
10582 2
10592 19
10594 8
10597 2
10606 13
10611 11
10618 19
10620 3
10626 12
10634 1
10643 12
10650 5
10656 14
10663 16
10665 17
10667 11
10674 17
10676 7
10679 12
10685 17
10687 2
10696 14
10703 18
10704 21
10708 6
10715 18
10716 6
10723 11
10730 15
10732 13
10738 4
10746 5
10752 12
10759 18
10760 12
10767 6
10774 3
10781 11
10788 1
10797 18
10798 8
10800 3
10807 18
10808 16
10810 8
10813 8
10817 20
10819 19
10821 16
10823 18
10824 9
10826 3
10832 7
10834 14
10840 2
10849 11
10855 18
10856 17
10858 6
10864 2
10873 12
10880 2
10889 18
10890 17
10892 18
10893 11
10900 2
10910 16
10912 7
10915 3
10922 3
10929 5
10936 13
10942 15
10944 14
10949 9
10951 6
10958 1
10968 19
10970 6
10977 11
10983 5
10990 4
10997 13
11002 6
11009 15
11011 5
11017 16
11019 12
11025 20
11027 15
11029 7
11031 6
11038 6
11044 17
11046 18
11047 14
11052 7
11055 17
11057 12
11064 19
11066 17
11068 11
11075 16
11077 8
11080 12
11087 15
11089 21
11093 15
11095 18
11096 19
11098 9
11100 10
11102 12
11109 4
11116 3
11123 18
11124 12
11131 5
11137 10
11140 12
11147 11
11154 18
11155 16
11157 10
11159 6
11166 11
11173 18
11174 11
11180 6
11188 16
11190 16
11192 6
11199 20
11201 14
11208 14
11214 10
11215 7
11218 1
11228 14
11233 5
11240 13
11245 17
11247 12
11253 18
11254 20
11256 2
11266 15
11268 18
11269 15
11271 9
11273 17
11275 19
11277 5
11283 19
11285 18
11286 14
11293 21
11297 18
11298 8
11302 12
11310 15
11312 18
11313 11
11320 4
11327 13
11333 11
11340 16
11342 12
11350 12
11356 11
11363 5
11370 11
11376 6
11383 19
11385 21
11389 11
11395 15
11397 21
11401 9
11403 6
11409 4
11416 10
11417 18
11418 11
11425 8
11428 12
11436 11
11443 15
11445 21
11449 10
11451 18
11452 5
11458 12
11465 8
11467 10
11468 11
11474 18
11475 13
11481 11
11487 11
11494 18
11495 11
11502 8
11505 12
11513 18
11514 1
11523 14
11530 2
11540 20
11542 16
11544 10
11547 7
11549 3
11555 7
11557 21
11561 20
11563 19
11565 12
11573 11
11579 6
11585 1
11594 14
11601 7
11603 2
11613 21
11617 3
11624 16
11626 6
11633 18
11634 12
11640 11
11646 4
11654 9
11656 14
11662 14
11668 4
11675 10
11677 5
11684 12
11690 2
11700 12
11707 18
11708 18
11709 15
11711 12
11719 11
11725 7
11728 1
11738 16
11740 12
11748 18
11749 1
11759 4
11765 15
11767 4
11775 11
11781 11
11788 4
11795 11
11802 12
11810 11
11817 12
11823 1
11832 8
11835 21
11839 18
11840 18
11841 12
11848 9
11850 11
11857 12
11864 5
11871 5
11878 11
11885 16
11887 5
11893 12
11900 15
11902 16
11904 3
11911 12
11919 17
11921 14
11926 19
11928 14
11933 12
11940 11
11946 21
11950 1
11960 4
11966 11
11972 17
11974 10
11976 18
11977 7
11980 14
11987 12
11993 18
11994 18
11995 16
11997 15
11999 21
12003 3
12010 2
12020 5
12026 21
12030 19
12032 15
12034 14
12039 9
12041 8
12043 10
12044 7
12046 3
12053 17
12055 7
12057 2
12067 20
12069 1
12079 10
12080 6
12087 6
12095 10
12098 13
12104 11
12110 1
12119 11
12126 20
12128 11
12134 18
12135 5
12141 3
12148 20
12150 11
12156 21
12160 4
12168 11
12175 20
12177 8
12180 11
12186 6
12194 6
12201 4
12207 11
12213 12
12221 14
12227 7
12229 17
12231 15
12233 20
12235 18
12236 11
12242 12
12250 17
12252 12
12259 8
12261 11
12267 13
12273 14
12279 1
12288 11
12295 16
12297 19
12299 17
12301 20
12303 16
12305 21
12309 17
12311 5
12318 12
12324 16
12326 5
12333 15
12335 18
12336 17
12338 12
12345 14
12350 8
12353 9
12354 11
12360 12
12366 11
12372 16
12374 11
12380 11
12387 13
12392 12
12399 4
12407 18
12408 21
12412 12
12419 14
12425 17
12427 11
12434 13
12439 12
12446 13
12451 18
12452 20
12454 8
12458 18
12459 11
12465 14
12471 11
12477 21
12481 7
12484 20
12486 6
12492 2
12503 16
12505 15
12507 13
12512 16
12514 12
12521 12
12527 20
12529 17
12531 16
12533 18
12534 3
12540 14
12547 16
12549 19
12551 12
12559 10
12561 9
12562 11
12568 5
12574 12
12581 20
12583 15
12585 11
12592 8
12595 4
12602 11
12608 10
12611 11
12618 18
12619 8
12622 2
12632 2
12641 13
12646 12
12653 19
12655 1
12664 9
12665 3
12671 18
12672 21
12676 15
12678 8
12682 21
12686 20
12688 6
12696 17
12698 5
12704 12
12711 19
12713 16
12715 15
12717 18
12718 18
12719 17
12721 9
12723 18
12724 1
12733 2
12743 14
12749 9
12751 11
12758 9
12759 7
12762 16
12764 11
12771 15
12773 7
12776 12
12783 19
12785 8
12788 17
12790 9
12791 11
12797 12
12804 18
12805 7
12808 6
12816 1
12826 9
12827 13
12833 11
12840 21
12844 5
12850 6
12857 19
12859 17
12861 13
12866 20
12868 17
12870 9
12872 12
12879 6
12885 16
12887 18
12888 19
12890 18
12891 16
12893 4
12900 9
12902 16
12904 3
12910 19
12912 16
12914 15
12916 8
12919 5
12925 9
12926 10
12929 10
12930 8
12934 19
12936 6
12943 6
12951 20
12953 10
12955 14
12960 4
12967 9
12968 2
12979 11
12986 11
12993 14
12999 11
13005 10
13007 19
13009 9
13010 21
13014 6
13022 11
13029 11
13036 9
13038 18
13039 12
13046 18
13047 8
13049 11
13056 19
13058 17
13060 14
13066 1
13075 10
13077 14
13083 4
13090 4
13098 10
13101 5
13108 21
13112 21
13116 12
13124 3
13131 18
13132 12
13139 13
13144 12
13152 13
13157 12
13163 20
13165 12
13173 6
13180 10
13182 11
13188 12
13195 5
13202 19
13204 20
13206 7
13209 18
13210 7
13213 3
13220 9
13222 10
13224 20
13226 12
13232 10
13235 19
13237 13
13243 15
13245 13
13251 18
13252 12
13260 6
13266 17
13268 6
13274 16
13276 11
13283 12
13290 1
13299 11
13306 13
13311 9
13312 17
13314 14
13319 12
13326 14
13333 14
13338 13
13343 6
13350 4
13357 3
13363 7
13365 6
13371 18
13372 6
13379 4
13387 1
13397 15
13399 13
13404 11
13410 19
13412 12
13420 18
13421 1
13431 12
13438 5
13445 17
13447 13
13453 11
13460 12
13467 21
13471 12
13479 21
13483 12
13490 18
13491 1
13501 3
13507 1
13517 18
13518 16
13520 17
13522 16
13524 10
13526 19
13528 6
13534 12
13541 12
13548 11
13554 20
13556 13
13562 11
13569 12
13575 15
13577 3
