2959
1 12
9 2
18 17
20 12
28 11
35 6
43 8
47 2
58 18
59 12
66 9
67 13
73 19
75 11
82 8
84 19
86 21
90 10
91 3
98 10
100 18
101 10
102 9
103 11
110 6
117 11
123 11
129 11
136 15
138 14
145 7
147 15
149 5
155 19
157 15
159 8
162 14
169 11
176 11
182 6
189 12
196 17
198 15
200 10
202 6
209 9
211 15
213 13
219 20
221 2
231 4
238 14
244 11
251 16
253 18
254 3
261 20
263 11
269 9
271 8
273 1
282 5
289 11
295 3
302 3
309 19
311 7
314 13
320 10
322 10
324 13
330 6
337 15
339 19
341 11
348 6
354 8
358 11
364 11
371 7
373 21
377 12
384 6
390 19
392 9
394 2
404 20
406 12
413 12
421 11
428 14
433 18
434 13
440 18
441 11
448 6
454 1
464 12
472 20
474 4
482 14
488 11
495 12
503 11
510 20
512 10
514 11
521 18
522 10
524 6
531 3
537 12
543 14
549 8
552 2
563 12
571 20
573 17
575 19
577 11
584 15
586 15
588 12
595 7
598 10
601 20
603 6
610 15
612 15
614 21
618 11
624 16
626 8
628 13
633 20
635 13
641 10
642 2
653 14
658 12
665 6
671 18
672 11
679 1
689 15
691 12
698 12
705 2
715 4
722 4
729 7
731 14
737 21
741 6
749 9
751 12
757 4
764 4
770 14
776 18
777 5
784 16
786 16
788 11
795 21
799 3
805 8
808 12
816 2
827 16
829 7
831 1
841 6
848 17
850 4
857 16
859 11
865 12
872 10
874 3
881 3
887 18
888 21
892 4
898 17
900 4
907 5
914 3
921 19
923 21
927 7
930 20
932 20
934 17
936 5
942 6
949 7
952 19
954 12
960 10
963 9
965 1
975 1
984 18
985 18
986 12
993 18
994 11
1000 18
1001 12
1009 12
1015 2
1026 1
1036 16
1038 19
1040 21
1044 18
1045 15
1047 3
1054 20
1056 5
1062 13
1067 14
1073 4
1080 6
1086 18
1087 5
1093 4
1101 2
1112 16
1114 18
1115 10
1117 12
1124 14
1130 17
1132 5
1139 18
1140 11
1147 11
1154 18
1155 16
1157 7
1160 14
1166 19
1168 20
1170 10
1172 13
1178 12
1184 2
1194 2
1204 9
1205 17
1207 10
1208 11
1215 1
1225 7
1228 18
1229 8
1233 20
1235 10
1237 12
1243 17
1245 9
1246 11
1252 5
1259 11
1265 5
1272 9
1274 18
1275 11
1281 20
1283 10
1286 2
1297 11
1303 11
1310 18
1311 2
1320 12
1326 8
1329 21
1333 17
1335 1
1344 20
1346 5
1352 1
1362 16
1364 13
1369 17
1371 11
1378 19
1380 12
1387 16
1389 12
1397 10
1399 12
1405 9
1406 12
1413 20
1415 19
1417 12
1424 11
1430 9
1431 12
1438 13
1444 18
1445 14
1450 10
1451 19
1453 9
1455 11
1461 1
1471 16
1473 9
1474 5
1481 13
1486 12
1492 8
1494 14
1500 8
1503 11
1510 20
1512 11
1518 18
1519 10
1521 8
1523 11
1530 11
1536 21
1540 6
1547 15
1549 1
1558 8
1561 2
1571 3
1578 11
1585 18
1586 8
1589 21
1593 3
1600 18
1601 13
1607 3
1614 9
1615 4
1622 2
1632 21
1636 1
1645 21
1649 19
1651 4
1658 4
1664 11
1670 19
1672 4
1680 16
1682 5
1689 12
1696 11
1703 11
1709 12
1717 13
1722 20
1724 9
1725 12
1732 18
1733 18
1734 7
1736 14
1741 5
1748 9
1749 9
1751 6
1757 2
1767 11
1774 5
1781 12
1787 1
1797 2
1808 4
1816 4
1823 16
1825 5
1832 12
1838 9
1840 3
1847 15
1849 11
1855 18
1856 14
1861 14
1867 15
1869 7
1872 9
1873 1
1882 7
1884 15
1886 16
1888 14
1894 11
1901 21
1905 15
1907 16
1909 12
1916 17
1918 5
1924 11
1930 4
1937 17
1939 19
1941 3
1947 3
1954 16
1956 3
1962 16
1964 4
1971 18
1972 17
1974 11
1980 19
1982 11
1989 4
1996 16
1998 3
2004 12
2011 13
2016 14
2022 10
2023 11
2029 21
2033 15
2035 20
2037 12
2043 11
2049 4
2056 15
2058 15
2060 19
2062 18
2063 1
2072 20
2074 15
2076 6
2083 18
2084 14
2090 5
2097 9
2099 12
2106 12
2112 13
2118 12
2125 13
2131 16
2133 19
2135 12
2142 21
2146 17
2148 9
2149 5
2155 7
2158 17
2160 6
2168 12
2174 11
2180 20
2182 19
2184 10
2186 4
2192 12
2199 3
2206 3
2213 14
2218 14
2225 4
2231 13
2237 2
2247 5
2253 18
2254 1
2264 9
2265 11
2271 11
2277 20
2279 8
2282 16
2284 20
2286 18
2287 16
2289 11
2296 4
2303 15
2305 1
2315 13
2321 13
2326 19
2328 11
2334 4
2340 21
2344 18
2345 18
2346 12
2353 19
2355 11
2362 11
2369 5
2375 20
2377 15
2379 3
2385 2
2395 18
2396 17
2398 11
2404 18
2405 21
2409 4
2416 1
2426 11
2433 16
2435 20
2437 9
2439 11
2446 11
2453 12
2460 6
2466 6
2472 6
2479 7
2482 13
2488 8
2490 17
2492 19
2494 11
2500 3
2506 1
2515 4
2523 5
2530 11
2536 18
2537 20
2539 11
2546 3
2552 7
2554 18
2555 20
2557 18
2558 11
2564 21
2568 13
2574 11
2580 19
2582 2
2591 5
2597 21
2601 11
2607 14
2614 14
2620 12
2627 7
2629 3
2635 16
2637 1
2647 21
2651 18
2652 8
2655 12
2662 8
2665 6
2672 8
2675 19
2677 14
2683 17
2685 11
2691 18
2692 20
2694 19
2696 10
2697 7
2700 10
2701 19
2703 7
2706 15
2708 21
2712 1
2721 4
2729 3
2736 16
2738 21
2742 7
2745 14
2750 18
2751 14
2757 11
2764 11
2771 10
2774 6
2781 2
2790 14
2796 20
2798 7
2801 11
2808 1
2817 10
2818 11
2824 1
2834 7
2836 12
2844 11
2850 11
2857 1
2867 19
2869 5
2876 17
2878 11
2885 10
2886 11
2892 13
2897 18
2898 12
2905 11
2912 4
2920 18
2921 12
2928 18
2929 21
2933 15
2935 11
2942 11
2949 19
2951 9
2953 5
2959 11
2966 11
2972 13
2977 11
2984 6
2991 8
2993 2
3004 16
3006 21
3010 2
3020 12
3027 11
3034 14
3039 1
3049 12
3056 2
3066 16
3068 17
3070 16
3072 12
3080 7
3083 8
3086 2
3096 6
3103 21
3107 9
3108 12
3116 11
3122 9
3124 20
3126 13
3131 7
3133 11
3140 7
3143 10
3145 2
3156 5
3162 11
3169 6
3175 17
3177 9
3179 20
3181 19
3183 4
3191 14
3197 12
3205 17
3207 17
3209 11
3216 10
3218 16
3220 17
3222 16
3224 6
3230 15
3232 4
3240 2
3250 8
3253 2
3262 11
3269 9
3270 17
3272 15
3274 3
3280 21
3284 21
3288 16
3290 16
3292 6
3298 18
3299 9
3300 12
3307 12
3314 18
3315 10
3318 19
3320 14
3325 3
3331 2
3341 16
3343 21
3347 11
3354 2
3364 13
3369 6
3376 9
3377 17
3379 14
3385 7
3388 20
3390 11
3397 9
3398 19
3400 10
3402 13
3408 21
3412 11
3418 12
3425 4
3431 11
3437 21
3441 20
3443 5
3450 10
3452 11
3459 3
3465 12
3472 4
3478 21
3482 5
3488 2
3497 13
3502 18
3503 11
3510 9
3512 15
3514 11
3520 6
3527 7
3529 8
3533 6
3540 16
3542 5
3549 8
3552 15
3554 18
3555 12
3562 18
3563 11
3569 8
3572 12
3578 2
3589 16
3591 4
3599 18
3600 11
3606 17
3608 1
3618 14
3624 7
3626 11
3632 15
3634 11
3641 17
3643 9
3644 3
3651 8
3654 17
3656 2
3666 17
3668 20
3670 3
3676 6
3684 12
3692 11
3699 15
3701 12
3708 12
3714 14
3720 10
3722 5
3729 9
3731 9
3732 12
3739 2
3748 5
3755 16
3757 4
3764 4
3771 12
3777 1
3787 15
3789 11
3796 3
3803 5
3809 10
3811 17
3813 14
3819 12
3826 2
3835 18
3836 7
3839 2
3849 16
3851 20
3853 1
3863 11
3869 6
3876 19
3878 12
3885 11
3891 15
3893 21
3897 17
3899 20
3901 15
3903 11
3909 11
3916 19
3918 7
3920 11
3927 11
3933 21
3937 15
3939 3
3945 14
3951 5
3958 7
3961 11
3967 3
3973 19
3975 5
3981 8
3984 10
3985 18
3986 2
3995 5
4002 1
4012 14
4017 8
4021 2
4032 2
4043 9
4045 4
4052 6
4058 11
4065 4
4073 12
4080 12
4087 15
4089 11
4095 17
4097 5
4103 11
4110 17
4112 11
4118 2
4127 14
4133 14
4139 10
4141 12
4148 20
4150 15
4152 11
4159 18
4160 15
4162 13
4168 18
4169 6
4177 5
4184 18
4185 16
4187 5
4193 14
4200 11
4207 7
4209 11
4215 14
4220 10
4222 2
4233 21
4237 5
4243 11
4250 13
4255 11
4262 11
4268 21
4272 19
4274 4
4280 19
4282 2
4291 19
4293 18
4294 12
4302 12
4308 6
4315 19
4317 14
4322 14
4328 18
4329 17
4331 20
4333 16
4335 15
4337 14
4344 21
4348 14
4354 21
4358 7
4360 12
4367 7
4369 13
4375 20
4377 13
4382 15
4384 12
4390 11
4397 10
4398 21
4402 14
4407 3
4414 5
4421 12
4429 18
4430 11
4436 1
4446 12
4453 13
4458 15
4460 18
4461 5
4468 18
4469 19
4471 18
4472 8
4475 8
4478 4
4486 20
4488 13
4493 15
4495 9
4496 11
4503 12
4511 12
4518 11
4524 15
4526 18
4527 15
4529 12
4535 3
4542 11
4548 6
4555 12
4562 9
4563 10
4566 17
4568 11
4575 18
4576 20
4578 2
4588 12
4594 1
4604 11
4611 18
4612 16
4614 2
4624 12
4631 12
4639 7
4641 21
4645 10
4647 5
4654 15
4656 9
4658 9
4660 18
4661 2
4671 11
4677 3
4684 19
4686 2
4696 6
4704 17
4706 1
4715 8
4718 16
4720 12
4728 9
4729 15
4731 20
4733 16
4735 1
4744 13
4750 17
4752 21
4756 13
4762 18
4763 18
4764 6
4770 16
4772 16
4774 5
4780 7
4783 7
4785 13
4790 14
4797 17
4799 13
4804 6
4811 16
4813 8
4817 12
4823 12
4829 13
4835 11
4842 4
4849 10
4851 11
4857 20
4859 16
4861 15
4863 20
4865 4
4872 12
4878 15
4880 12
4887 1
4896 12
4903 20
4905 7
4907 17
4909 3
4916 21
4920 11
4926 11
4933 13
4939 20
4941 13
4947 3
4953 6
4960 21
4964 11
4971 18
4972 7
4975 4
4983 4
4990 6
4997 11
5003 20
5005 12
5011 4
5019 5
5026 18
5027 2
5038 8
5041 11
5048 1
5057 9
5059 7
5061 2
5071 2
5080 21
5084 18
5085 4
5093 19
5095 21
5099 17
5101 7
5104 14
5110 12
5117 21
5121 1
5130 20
5132 15
5134 11
5140 1
5149 21
5153 2
5163 4
5171 3
5178 6
5184 17
5186 7
5189 14
5194 16
5196 3
5202 15
5204 3
5211 11
5218 21
5222 21
5226 13
5231 2
5240 21
5244 15
5246 16
5248 14
5254 20
5256 18
5257 1
5266 6
5272 11
5278 12
5286 6
5293 11
5300 6
5306 10
5308 13
5313 6
5319 13
5325 19
5327 1
5336 19
5338 18
5339 18
5340 12
5347 11
5353 15
5355 20
5357 18
5358 1
5368 9
5370 4
5377 11
5383 6
5391 16
5393 5
5399 11
5406 11
5413 9
5415 4
5422 11
5428 6
5435 18
5436 16
5438 11
5444 11
5451 11
5457 18
5458 10
5461 11
5467 6
5474 6
5481 3
5487 7
5489 12
5497 17
5499 7
5502 8
5506 5
5512 8
5514 11
5520 5
5527 11
5534 11
5540 11
5546 11
5553 10
5556 13
5562 19
5564 4
5571 11
5577 8
5580 5
5586 11
5593 2
5603 10
5605 15
5607 12
5615 14
5621 12
5627 11
5634 18
5635 7
5637 1
5647 1
5657 5
5664 7
5666 10
5668 6
5675 6
5681 20
5683 15
5685 18
5686 6
5694 13
5699 8
5702 18
5703 13
5709 15
5711 18
5712 1
5722 18
5723 17
5725 15
5727 19
5729 11
5736 10
5738 18
5739 17
5741 11
5748 12
5755 15
5757 11
5764 8
5766 6
5772 10
5775 7
5777 4
5784 2
5794 11
5801 12
5808 5
5815 21
5819 21
5823 18
5824 12
5832 12
5840 14
5847 7
5850 19
5852 12
5858 19
5860 11
5867 9
5869 11
5875 18
5876 18
5877 11
5884 11
5891 11
5898 13
5904 11
5911 6
5918 12
5925 15
5927 6
5934 2
5943 11
5949 12
5955 3
5962 13
5968 2
5978 9
5979 7
5981 11
5988 12
5995 6
6003 13
6008 8
6010 11
6017 15
6019 5
6026 11
6033 3
6040 5
6046 19
6048 21
6052 10
6054 4
6060 12
6066 13
6071 9
6072 11
6079 5
6086 11
6093 17
6095 4
6101 10
6102 19
6104 15
6106 15
6108 2
6119 11
6125 11
6132 1
6142 10
6143 11
6149 7
6151 8
6154 4
6160 8
6163 18
6164 1
6173 11
6179 15
6181 6
6187 7
6190 11
6197 11
6203 5
6210 11
6216 15
6218 6
6224 9
6225 11
6231 1
6240 5
6247 13
6253 18
6254 16
6256 11
6263 11
6269 11
6276 5
6283 2
6293 3
6299 20
6301 15
6303 18
6304 11
6311 11
6318 1
6327 7
6330 12
6337 9
6339 12
6345 18
6346 11
6352 18
6353 17
6355 11
6362 8
6364 16
6366 13
6372 12
6380 17
6382 6
6390 19
6392 2
6402 13
6407 9
6408 14
6413 18
6414 10
6415 11
6421 11
6428 5
6435 21
6439 12
6446 21
6450 11
6457 2
6467 13
6472 15
6474 9
6475 7
6478 8
6481 13
6487 5
6493 7
6496 1
6506 2
6516 17
6518 15
6520 19
6522 21
6526 18
6527 18
6528 5
6534 10
6536 9
6538 10
6540 1
6549 15
6551 16
6553 10
6555 20
6557 7
6560 14
6567 20
6569 10
6570 21
6574 2
6584 5
6591 17
6593 4
6599 19
6601 16
6603 15
6605 21
6609 8
6611 19
6613 2
6623 11
6629 17
6631 7
6634 5
6641 19
6643 21
6647 21
6651 20
6653 2
6663 20
6665 4
6672 2
6681 11
6687 8
6690 16
6692 18
6693 11
6699 10
6701 17
6703 13
6708 6
6714 3
6721 5
6728 11
6734 12
6741 11
6748 12
6755 1
6764 15
6766 10
6769 11
6776 20
6778 17
6780 3
6786 14
6791 14
6797 16
6799 11
6805 6
6811 9
6812 13
6817 5
6824 11
6831 11
6838 14
6845 7
6848 11
6854 11
6860 16
6862 18
6863 5
6869 18
6870 2
6880 7
6882 9
6884 9
6886 8
6889 14
6895 15
6897 16
6899 11
6906 8
6909 18
6910 18
6911 15
6913 3
6919 5
6925 14
6930 4
6936 3
6942 13
6948 17
6950 18
6951 11
6957 5
6963 16
6965 18
6966 3
6972 7
6974 16
6976 8
6978 17
6980 18
6981 14
6987 21
6991 11
6998 6
7006 7
7009 11
7016 11
7023 8
7027 12
7033 16
7035 21
7039 12
7047 20
7049 11
7055 9
7057 4
7065 2
7076 13
7081 2
7091 21
7095 1
7104 20
7106 8
7108 11
7114 16
7116 12
7123 15
7125 14
7131 12
7137 12
7143 6
7149 6
7156 11
7162 13
7168 3
7175 14
7181 5
7187 11
7193 8
7196 12
7204 12
7212 6
7220 14
7226 6
7232 12
7238 11
7244 14
7249 19
7251 12
7258 4
7265 3
7272 18
7273 1
7282 9
7284 4
7291 8
7295 14
7302 6
7308 4
7315 16
7317 12
7325 4
7333 16
7335 7
7338 12
7345 16
7347 3
7354 7
7356 11
7362 19
7364 1
7373 18
7374 2
7385 12
7392 12
7398 4
7405 2
7414 4
7422 9
7423 18
7424 19
7426 16
7428 12
7435 12
7442 21
7446 7
7449 18
7450 18
7451 12
7458 21
7462 12
7469 1
7479 4
7485 11
7492 1
7501 14
7506 11
7512 18
7513 8
7515 21
7519 11
7525 5
7531 6
7538 3
7545 13
7551 17
7553 5
7559 12
7566 17
7568 15
7570 3
7577 12
7583 3
7589 7
7591 20
7593 18
7594 19
7596 5
7602 15
7604 18
7605 11
7612 13
7617 6
7625 4
7632 19
7634 11
7641 18
7642 1
7652 11
7658 11
7665 8
7669 9
7670 9
7672 19
7674 2
7684 1
7693 12
7700 12
7707 4
7714 18
7715 12
7722 14
7729 16
7731 14
7737 5
7744 19
7746 17
7748 8
7750 16
7752 4
7759 6
7765 11
7771 6
7778 9
7780 4
7787 18
7788 6
7794 12
7802 19
7804 11
7811 12
7819 10
7821 11
7827 6
7834 13
7839 13
7844 11
7850 3
7857 10
7860 14
7867 14
7874 3
7881 15
7883 6
7890 11
7896 2
7907 2
7918 11
7925 13
7930 13
7935 17
7937 7
7939 12
7945 14
7952 2
7962 4
7969 8
7973 5
7980 16
7982 11
7988 2
7999 19
8001 8
8003 10
8005 3
8011 1
8021 12
8028 21
8032 17
8034 5
8041 12
8047 7
8050 8
8054 6
8061 18
8062 21
8066 8
8068 21
8072 12
8080 16
8082 4
8089 5
8095 16
8097 19
8099 11
8106 11
8113 11
8119 13
8124 7
8127 18
8128 6
8135 15
8137 5
8144 19
8146 3
8153 12
8160 2
8170 16
8172 11
8178 11
8185 12
8193 16
8195 13
8200 11
8206 11
8213 9
8215 6
8223 11
8229 11
8235 4
8243 19
8245 12
8253 20
8255 11
8262 15
8264 7
8267 18
8268 18
8269 16
8271 19
8273 17
8275 6
8283 11
8289 18
8290 3
8297 9
8298 1
8307 10
8308 1
8318 14
8324 9
8326 12
8332 20
8334 18
8335 9
8337 11
8343 7
8346 18
8347 1
8356 15
8358 1
8368 10
8370 11
8376 9
8377 4
8385 18
8386 1
8395 5
8402 16
8404 13
8409 18
8410 18
8411 14
8417 4
8424 12
8432 20
8434 17
8436 17
8438 19
8440 16
8442 10
8445 10
8446 8
8449 11
8455 3
8461 11
8468 21
8472 4
8479 16
8481 13
8487 11
8494 1
8503 8
8506 15
8508 11
8515 1
8525 14
8532 12
8540 11
8546 12
8554 11
8561 15
8563 7
8566 12
8573 14
8579 18
8580 14
8586 13
8592 6
8598 12
8604 21
8608 12
8615 17
8617 12
8624 15
8626 14
8633 15
8635 21
8639 14
8644 11
8650 1
8659 15
8661 4
8668 12
8674 14
8680 1
8690 11
8696 21
8700 2
8710 12
8716 18
8717 8
8720 18
8721 1
8731 14
8738 12
8745 11
8751 4
8757 18
8758 18
8759 10
8761 19
8763 11
8770 4
8777 11
8783 5
8790 1
8799 13
8805 17
8807 13
8813 10
8815 11
8822 20
8824 20
8826 3
8833 7
8835 5
8841 12
8848 1
8857 8
8860 4
8868 18
8869 5
8876 12
8883 5
8889 6
8895 13
8901 19
8903 2
8913 12
8919 21
8923 1
8932 18
8933 11
8939 16
8941 16
8943 11
8950 16
8952 11
8958 4
8966 17
8968 8
8970 13
8976 10
8977 16
8979 15
8981 12
8989 3
8995 11
9001 15
9003 14
9009 18
9010 14
9015 15
9017 8
9020 12
9028 18
9029 6
9035 14
9040 9
9041 16
9043 10
9046 11
9053 9
9055 1
9064 12
9071 12
9079 6
9085 14
9091 11
9098 9
9099 9
9100 2
9109 2
9120 9
9121 18
9122 10
9123 16
9125 4
9132 5
9139 10
9141 14
9146 19
9148 16
9150 1
9159 15
9161 6
9168 12
9175 19
9177 19
9179 8
9183 1
9192 18
9193 2
9203 9
9204 19
9206 12
9213 14
9218 19
9220 11
9226 14
9233 8
9236 2
9245 8
9249 6
9256 18
9257 17
9259 3
9266 18
9267 2
9277 12
9285 17
9287 11
9294 7
9296 14
9302 1
9311 14
9317 1
9327 1
9336 10
9339 11
9346 12
9353 13
9359 19
9361 5
9367 15
9369 11
9375 13
9380 12
9387 11
9394 4
9401 15
9403 16
9405 9
9406 1
9415 13
9420 18
9421 12
9429 18
9430 20
9432 17
9434 5
9441 17
9443 11
9450 13
9455 6
9462 7
9464 15
9466 17
9468 10
9471 9
9472 8
9476 11
9482 20
9484 18
9485 6
9493 6
9499 11
9506 9
9507 15
9509 8
9511 2
9521 18
9522 13
9527 18
9528 19
9530 19
9532 12
9539 20
9541 15
9543 4
9550 12
9557 16
9559 4
9566 18
9567 16
9569 11
9576 2
9586 18
9587 16
9589 11
9595 18
9596 12
9602 1
9611 13
9617 7
9619 16
9621 9
9623 8
9625 12
9633 10
9635 5
9642 3
9648 20
9650 6
9656 14
9661 1
9670 12
9677 6
9684 11
9690 9
9692 7
9695 15
9697 11
9704 21
9708 12
9714 3
9720 14
9726 18
9727 21
9731 8
9733 4
9739 19
9741 6
9749 13
9755 18
9756 18
9757 6
9765 17
9767 4
9774 10
9776 18
9777 2
9787 13
9793 17
9795 4
9803 1
9812 18
9813 18
9814 18
9815 6
9822 21
9826 15
9828 13
9834 11
9840 9
9842 8
9846 7
9848 16
9850 16
9852 9
9854 12
9861 12
9868 2
9879 21
9883 11
9889 4
9896 20
9898 15
9900 4
9907 11
9914 20
9916 8
9919 11
9925 15
9927 11
9933 18
9934 5
9941 21
9945 20
9947 16
9949 21
9953 10
9955 11
9961 15
9963 15
9965 6
9972 15
9974 11
9980 17
9982 17
9984 3
9991 15
9993 3
10000 1
10009 7
10012 20
10014 3
10021 19
10023 13
10029 6
10036 15
10038 12
10045 4
10052 16
10054 6
10061 3
10067 18
10068 9
10070 5
10076 21
10080 21
10084 12
10090 11
10097 12
10103 5
10109 6
10117 12
10124 12
10131 15
10133 19
10135 16
10137 13
10142 5
10149 19
10151 16
10153 16
10155 17
10157 16
10159 18
10160 10
10162 13
10168 14
10173 20
10175 11
10182 6
10188 11
10194 12
10200 9
10202 11
10208 16
10210 18
10211 3
10217 11
10224 16
10226 18
10227 16
10229 12
10236 11
10242 12
10249 7
10251 21
10255 6
10262 21
10266 14
10273 10
10274 13
10279 1
10288 6
10296 11
10303 6
10311 18
10312 20
10314 13
10320 14
10325 11
10331 15
10333 11
10339 9
10341 14
10347 18
10348 2
10359 17
10361 11
10368 19
10370 8
10373 9
10375 11
10381 18
10382 16
10384 11
10390 18
10391 11
10398 5
10404 16
10406 16
10408 6
10416 2
10425 12
10433 11
10439 12
10447 11
10454 11
10461 18
10462 12
10469 13
10474 19
10476 15
10478 9
10480 15
10482 21
10486 12
10493 20
10495 9
10496 19
10498 2
10509 15
10511 21
10515 11
10522 10
10524 15
10526 16
10528 14
10534 13
10539 7
10541 18
10542 18
10543 2
10553 1
10563 4
10571 5
10577 12
10584 12
10591 20
10593 6
10600 12
10607 12
10613 10
10614 20
10616 9
10618 12
10625 15
10627 9
10628 12
10636 3
10642 7
10645 15
10647 12
10654 11
10661 19
10663 12
10670 6
10678 6
10685 18
10686 18
10687 7
10689 10
10691 8
10693 3
10699 6
10707 21
10711 11
10718 18
10719 9
10721 6
10729 12
10735 16
10737 4
10743 14
10748 18
10749 16
10751 18
10752 1
10762 16
10764 15
10766 8
10768 9
10769 19
10771 11
10777 6
10784 3
10791 3
10798 11
10804 4
10812 1
10821 6
10828 17
10830 14
10836 19
10838 12
10844 9
10846 4
10853 2
10863 7
10865 16
10867 13
10873 12
10879 11
10886 11
10893 12
10900 12
10907 15
10909 12
10915 4
10923 21
10927 2
10937 20
10939 12
10945 7
10948 6
10955 5
10961 21
10965 3
10971 17
10973 9
10975 1
10985 3
10991 12
10998 20
11000 7
11002 12
11009 20
11011 19
11013 9
11015 7
11018 13
11023 18
11024 11
11030 21
11034 18
11035 18
11036 17
11038 9
11040 21
11044 11
11051 12
11058 8
11061 18
11062 11
11068 16
11070 21
11074 21
11078 2
11088 20
11090 3
11097 1
11106 8
11109 6
11116 15
11118 11
11124 5
11130 11
11137 12
11143 4
11149 17
11151 13
11157 9
11159 1
11169 12
11176 12
11182 11
11189 11
11196 12
11204 2
11215 12
11221 15
11223 13
11229 9
11231 11
11238 20
11240 6
11247 1
11256 9
11257 18
11258 11
11265 11
11271 14
11277 7
11279 18
11280 17
11282 4
11288 14
11295 15
11297 12
11304 18
11305 3
11311 17
11313 10
11315 3
11321 20
11323 10
11326 14
11332 20
11334 6
11341 11
11348 11
11354 18
11355 10
11357 10
11359 15
11361 12
11368 13
11374 8
11376 15
11378 14
11384 14
11390 18
11391 15
11393 3
11400 12
11407 21
11411 18
11412 7
11414 11
11420 12
11428 15
11430 13
11435 20
11437 4
11444 9
11446 1
11455 7
11458 18
11459 19
11461 19
11463 4
11471 18
11472 3
11478 7
11481 21
11485 18
11486 12
11493 14
11500 18
11501 11
11508 15
11510 5
11516 10
11518 8
11521 11
11527 17
11529 9
11530 11
11536 12
11542 11
11548 19
11550 18
11551 20
11553 20
11555 17
11557 10
11559 4
11566 10
11567 15
11569 11
11575 19
11577 11
11583 15
11585 9
11587 4
11594 16
11596 17
11598 1
11607 19
11609 19
11611 8
11615 11
11622 20
11624 15
11626 3
11632 11
11638 15
11640 12
11647 5
11654 11
11660 12
11668 8
11671 4
11677 17
11679 11
11685 12
11692 17
11694 4
11702 11
11708 13
11713 4
11720 11
11726 1
11735 2
11745 15
11747 14
11753 16
11755 15
11757 17
11759 5
11766 6
11773 10
11775 9
11776 18
11777 11
11784 12
11791 3
11798 8
11801 10
11803 1
11813 13
11819 3
11826 18
11827 21
11831 3
11837 4
11843 13
11849 12
11855 4
11862 4
11869 18
11870 16
11872 20
11874 11
11881 8
11883 5
11890 2
11901 10
11903 9
11904 15
11906 11
11912 5
11919 11
11926 18
11927 19
11929 15
11931 12
11938 11
11945 12
11952 20
11954 11
11960 10
11962 2
11972 9
11973 5
11980 11
11986 17
11988 2
11997 21
12001 13
12007 3
12013 3
12019 6
12025 10
12027 6
12035 11
12041 16
12043 12
12050 12
12057 21
12061 15
12063 7
12066 6
12072 3
12079 8
12083 12
12091 10
12092 1
12102 13
12107 1
12117 11
12124 13
12130 4
12137 5
12144 16
12146 15
12148 9
12149 11
12156 19
12158 8
12162 9
12163 18
12164 9
12165 13
12170 4
12177 18
12178 4
12185 20
12187 5
12193 4
12199 11
12205 3
12211 20
12213 9
12214 8
12217 15
12219 14
12225 18
12226 6
12233 2
12243 11
12249 20
12251 10
12253 11
12260 19
12262 21
12266 4
12272 11
12278 2
12287 12
12294 21
12298 12
12306 20
12308 11
12314 20
12316 15
12318 11
12325 6
12332 21
12336 18
12337 13
12343 8
12346 20
12348 11
12354 19
12356 3
12362 2
12371 20
12373 5
12379 13
12385 6
12392 11
12399 20
12401 9
12402 12
12410 2
12420 21
12424 8
12428 8
12430 12
12436 1
12445 20
12447 12
12454 16
12456 20
12458 5
12464 11
12471 8
12475 17
12477 2
12488 18
12489 11
12496 19
12498 12
12504 11
12511 21
12515 12
12522 12
12529 11
12536 9
12538 21
12542 2
12552 16
12554 11
12560 11
12567 6
12574 2
12583 6
12591 15
12593 12
12599 19
12601 9
12602 1
12611 2
12622 5
12629 9
12631 4
12639 16
12641 11
12648 17
12650 15
12652 11
12658 14
12664 9
12666 4
12673 4
12681 9
12682 20
12684 18
12685 11
12691 5
12698 11
12704 9
12705 20
12707 13
12713 9
12715 15
12717 12
12725 4
12731 11
12738 12
12744 18
12745 18
12746 2
12757 11
12764 18
12765 16
12767 20
12769 2
12780 19
12782 14
12789 11
12795 9
12796 17
12798 16
12800 12
12807 17
12809 12
12816 18
12817 15
12819 13
12825 3
12832 19
12834 12
12842 3
12848 10
12850 2
12860 4
12867 16
12869 20
12871 6
12877 7
12880 10
12883 4
12889 12
12895 9
12897 11
12904 15
12906 8
12908 1
12917 9
12919 11
12926 11
12933 8
12935 16
12937 5
12944 12
12951 5
12958 16
12960 6
12966 14
12973 16
12975 18
12976 5
12982 9
12983 14
12990 10
12992 15
12994 16
12996 12
13002 18
13003 19
13005 5
13011 5
13017 20
13019 10
13022 18
13023 4
13030 6
13036 11
13042 11
13049 20
13051 17
13053 16
13055 1
13064 7
13067 3
13073 2
13083 4
13089 13
13094 12
13101 19
13103 18
13104 12
13110 4
13116 19
13118 17
13120 21
13124 11
13131 9
13133 4
13139 14
13145 11
13152 11
13159 12
13166 21
13170 13
13176 15
13178 4
13184 12
13191 19
13193 16
13195 5
13202 11
13208 12
13215 18
13216 14
13222 21
13226 3
13232 10
13234 5
13240 5
13246 18
13247 9
13249 12
13256 6
13263 18
13264 17
13266 18
13267 17
13269 12
13276 6
13283 15
13285 21
13289 21
13293 12
13301 3
13307 16
13309 19
13311 5
13318 21
13322 10
13324 12
13331 18
13332 21
13336 5
13342 10
13344 20
13346 6
13353 16
13355 1
13364 11
13370 7
13372 12
13378 11
13385 12
13392 11
13399 17
13401 17
13403 14
13410 13
13415 12
13422 8
13426 14
13431 18
13432 18
13433 1
13443 3
13450 4
13458 13
13463 11
13470 10
13471 5
13477 12
13484 20
13486 14
13492 11
13498 15
13500 11
13507 1
13516 12
13523 3
13529 20
13531 5
13538 14
13544 13
13550 1
13560 17
13562 11
13569 16
13571 13
13577 14
13583 12
13590 11
13596 5
13603 9
13605 19
13607 19
13609 9
13611 12
13618 2
13627 7
13629 16
13631 18
13632 7
13634 9
13636 3
13643 18
13644 1
13653 1
13663 19
13665 10
13666 8
13670 11
13676 5
13683 1
13693 12
13699 4
13706 10
13708 5
13715 17
13717 9
13719 11
13725 21
13729 17
13731 14
13737 11
13744 5
13750 3
13757 15
13759 5
13766 1
13776 16
13778 3
13785 21
13789 7
13791 13
13796 18
13797 8
13800 3
13807 18
13808 12
13815 14
13820 9
13821 9
13822 5
13829 11
13836 20
13838 10
13841 18
13842 11
13848 7
13850 6
13857 5
13864 7
13866 18
13867 9
13868 12
13875 3
13882 16
13884 12
13891 11
13897 18
13898 1
13908 2
13917 18
13918 10
13921 10
13924 3
13930 15
13932 16
13934 15
13936 16
13938 16
13940 8
13944 16
13946 4
13952 7
