2959
1 12
9 1
19 11
26 12
33 12
39 7
41 6
47 19
49 18
50 14
55 6
61 5
68 13
73 19
75 16
77 20
79 12
86 21
90 2
100 14
106 1
115 4
122 4
128 4
134 11
141 11
147 6
154 14
161 19
163 15
165 14
170 11
176 9
177 13
182 5
188 13
193 19
195 17
197 1
206 20
208 9
210 9
212 12
219 14
226 21
230 13
235 17
237 4
244 10
246 13
251 20
253 19
255 16
257 8
261 18
262 18
263 11
270 4
277 15
279 12
286 12
293 13
298 11
305 19
307 12
313 9
314 11
321 1
330 11
337 19
339 11
345 8
349 10
350 12
358 12
365 12
371 10
373 7
375 17
377 9
379 14
386 6
392 15
394 16
396 14
401 11
407 2
417 20
419 16
421 12
429 18
430 9
431 12
439 4
446 3
452 8
456 14
463 12
470 13
476 12
484 6
492 1
502 13
507 7
510 11
516 19
518 15
520 15
522 15
524 16
526 21
530 1
539 5
545 8
547 6
554 5
560 12
567 6
575 12
582 8
584 11
591 11
597 16
599 21
603 16
605 10
606 3
613 12
620 11
627 17
629 20
631 11
638 6
645 6
651 13
657 15
659 6
667 9
668 7
670 11
676 13
682 9
683 4
689 19
691 7
693 19
695 11
701 13
706 5
712 5
719 12
725 18
726 7
729 7
732 13
738 13
743 17
745 4
753 12
760 12
766 2
776 18
777 10
780 1
790 2
800 17
802 6
809 3
815 10
816 17
818 2
829 2
839 8
842 6
850 21
854 9
856 5
862 17
864 21
868 11
875 13
880 20
882 14
887 13
893 9
895 21
899 10
900 15
902 11
909 4
917 8
919 12
925 12
933 19
935 15
937 2
946 11
953 21
957 10
959 10
961 12
967 11
974 11
980 11
987 10
988 8
991 8
993 7
996 21
1000 12
1008 14
1014 9
1016 11
1023 10
1026 11
1032 16
1034 18
1035 11
1042 3
1048 15
1050 14
1055 2
1064 11
1070 11
1076 8
1079 18
1080 18
1081 3
1087 17
1089 16
1091 5
1098 17
1100 17
1102 21
1106 7
1108 18
1109 11
1115 11
1122 11
1128 1
1138 9
1140 7
1143 18
1144 12
1150 13
1155 18
1156 5
1163 14
1169 12
1176 15
1178 18
1179 11
1186 1
1195 1
1205 4
1212 13
1217 9
1218 20
1220 12
1227 11
1233 1
1243 12
1249 11
1255 2
1264 15
1266 17
1268 12
1276 1
1285 11
1291 11
1297 13
1303 11
1310 21
1314 11
1321 12
1327 1
1336 11
1343 12
1351 14
1357 12
1364 19
1366 19
1368 21
1372 11
1379 5
1386 18
1387 15
1389 17
1391 18
1392 3
1398 1
1408 18
1409 5
1416 15
1418 10
1420 2
1429 7
1432 10
1434 18
1435 21
1439 16
1441 3
1447 15
1449 18
1450 10
1453 18
1454 4
1462 12
1469 18
1470 12
1477 21
1481 19
1483 12
1489 4
1496 12
1504 5
1510 17
1512 18
1513 11
1520 16
1522 2
1532 16
1534 11
1541 9
1543 1
1552 11
1559 20
1561 20
1563 11
1570 7
1573 15
1575 1
1585 13
1591 11
1598 11
1604 18
1605 8
1609 21
1613 3
1619 6
1627 10
1629 11
1636 18
1637 8
1640 21
1644 7
1647 20
1649 10
1651 18
1652 12
1659 6
1667 4
1673 12
1679 21
1683 15
1685 12
1692 5
1698 20
1700 19
1702 17
1704 14
1710 8
1713 13
1718 1
1728 12
1736 14
1742 1
1751 11
1758 1
1768 17
1770 17
1772 19
1774 8
1777 19
1779 19
1781 12
1788 9
1790 10
1793 7
1795 10
1797 8
1801 6
1808 21
1812 19
1814 18
1815 11
1821 12
1829 21
1833 2
1843 12
1849 18
1850 4
1858 18
1859 1
1868 4
1875 11
1881 7
1883 19
1885 10
1887 13
1892 17
1894 2
1904 16
1906 12
1913 4
1919 10
1921 12
1928 7
1930 11
1936 20
1938 4
1945 1
1954 15
1956 7
1959 3
1966 11
1973 14
1978 17
1980 11
1986 6
1994 11
2000 20
2002 20
2004 7
2006 12
2013 2
2023 12
2029 3
2036 8
2040 17
2042 4
2048 1
2058 18
2059 4
2065 5
2071 4
2079 7
2082 18
2083 11
2089 12
2097 12
2104 19
2106 3
2113 17
2115 15
2117 4
2125 3
2131 11
2138 12
2146 18
2147 15
2149 12
2155 15
2157 21
2161 9
2163 20
2165 18
2166 14
2171 20
2173 16
2175 18
2176 2
2185 2
2196 4
2203 4
2211 3
2218 19
2220 18
2221 18
2222 2
2232 5
2238 15
2240 3
2247 11
2253 15
2255 3
2262 13
2268 12
2274 20
2276 12
2283 21
2287 5
2293 18
2294 3
2300 11
2306 10
2308 2
2318 16
2320 10
2323 12
2330 12
2336 4
2344 13
2349 14
2355 7
2358 8
2361 11
2368 13
2374 18
2375 12
2382 21
2386 6
2393 6
2400 17
2402 16
2404 6
2410 11
2416 12
2422 12
2429 18
2430 3
2436 11
2442 14
2447 12
2454 1
2464 4
2471 19
2473 6
2480 16
2482 14
2489 18
2490 12
2497 18
2498 8
2502 12
2508 11
2515 2
2525 8
2529 15
2531 8
2534 12
2540 13
2545 19
2547 11
2554 11
2560 19
2562 19
2564 13
2570 12
2577 12
2584 18
2585 20
2587 11
2594 5
2601 1
2610 18
2611 18
2612 20
2614 21
2618 10
2620 9
2622 16
2624 6
2632 18
2633 2
2642 14
2648 10
2649 8
2653 13
2659 5
2665 3
2672 15
2674 11
2680 12
2687 8
2690 16
2692 11
2699 5
2705 11
2712 14
2717 20
2719 12
2726 13
2731 21
2735 20
2737 11
2744 5
2750 8
2752 11
2758 16
2760 17
2762 17
2764 9
2766 10
2767 11
2773 5
2779 12
2787 16
2789 9
2790 8
2794 8
2798 12
2806 5
2813 11
2820 13
2826 16
2828 11
2835 15
2837 1
2846 19
2848 5
2854 1
2863 15
2865 2
2875 18
2876 9
2878 20
2880 6
2886 12
2892 5
2899 12
2907 17
2909 10
2910 18
2911 19
2913 12
2920 12
2928 21
2932 18
2933 14
2938 18
2939 12
2945 20
2947 15
2949 2
2960 14
2965 12
2972 16
2974 20
2976 15
2978 19
2980 11
2987 17
2989 2
2999 16
3001 20
3003 13
3009 4
3015 2
3026 11
3032 13
3038 11
3045 18
3046 21
3050 18
3051 12
3057 9
3058 19
3060 4
3067 8
3070 13
3076 2
3085 11
3092 3
3099 12
3105 12
3111 14
3118 8
3122 2
3133 19
3135 14
3141 11
3147 13
3152 5
3158 13
3164 11
3171 12
3178 11
3185 6
3191 19
3193 13
3198 10
3200 5
3206 19
3208 1
3218 10
3221 12
3227 18
3228 19
3230 4
3237 15
3239 12
3245 5
3252 19
3254 8
3258 11
3265 6
3273 2
3283 11
3289 1
3298 19
3300 5
3306 12
3314 21
3318 7
3320 11
3326 16
3328 13
3333 11
3339 11
3346 10
3349 13
3354 20
3356 21
3360 11
3366 10
3368 5
3374 8
3376 9
3378 7
3380 20
3382 20
3384 12
3391 10
3393 11
3400 13
3405 18
3406 11
3412 13
3417 12
3424 6
3430 11
3437 6
3444 21
3448 2
3458 9
3460 11
3466 1
3475 18
3476 12
3483 21
3487 11
3494 7
3496 7
3498 11
3505 3
3512 2
3523 10
3526 9
3527 16
3529 14
3536 20
3538 15
3540 14
3545 3
3552 4
3559 18
3560 7
3563 6
3570 9
3571 5
3578 8
3582 10
3585 2
3596 20
3598 10
3599 8
3603 5
3609 11
3616 12
3624 21
3628 1
3637 9
3638 6
3646 15
3648 15
3650 4
3656 11
3662 12
3669 3
3675 11
3682 4
3689 8
3693 18
3694 11
3701 7
3703 11
3709 19
3711 12
3718 6
3724 12
3732 14
3738 18
3739 11
3745 7
3747 6
3753 21
3757 13
3763 11
3769 11
3775 17
3777 10
3779 2
3790 5
3796 14
3802 9
3804 11
3811 12
3819 6
3827 11
3833 5
3840 7
3843 12
3850 15
3852 8
3854 1
3863 15
3865 21
3869 20
3871 18
3872 8
3876 15
3878 6
3885 12
3893 12
3901 9
3902 12
3909 2
3918 11
3924 15
3926 9
3928 12
3934 20
3936 18
3937 14
3943 11
3949 4
3957 9
3959 11
3966 3
3973 10
3975 5
3982 15
3984 4
3990 1
4000 11
4007 12
4013 11
4020 2
4030 20
4032 3
4038 15
4040 17
4042 8
4046 9
4048 2
4057 8
4060 17
4062 19
4064 8
4066 1
4075 2
4085 14
4091 12
4098 12
4105 8
4108 11
4115 15
4117 11
4124 7
4126 11
4132 11
4138 3
4144 7
4146 17
4148 12
4154 15
4156 8
4158 13
4163 13
4169 12
4176 17
4178 5
4184 11
4190 18
4191 9
4192 1
4201 6
4207 10
4209 11
4216 11
4222 1
4231 18
4232 7
4235 5
4242 17
4244 12
4250 11
4256 21
4260 3
4266 5
4272 19
4274 6
4281 2
4291 7
4293 18
4294 5
4300 12
4307 14
4314 11
4321 12
4328 15
4330 12
4336 14
4341 11
4348 6
4355 11
4361 12
4367 18
4368 14
4375 19
4377 16
4379 2
4388 21
4392 9
4393 1
4403 20
4405 15
4407 3
4414 19
4416 4
4424 17
4426 19
4428 15
4430 8
4432 19
4434 11
4440 10
4442 11
4449 4
4455 10
4458 11
4465 15
4467 9
4469 2
4480 14
4486 12
4493 11
4500 16
4502 5
4509 21
4513 7
4516 12
4523 6
4530 1
4539 11
4546 20
4548 19
4550 11
4557 18
4558 17
4560 18
4561 6
4569 15
4571 19
4573 10
4576 21
4580 8
4584 18
4585 12
4593 19
4595 10
4597 5
4603 16
4605 4
4612 18
4613 14
4620 18
4621 7
4623 3
4629 15
4631 13
4637 11
4644 19
4646 3
4652 2
4663 10
4664 19
4666 20
4668 6
4675 8
4677 12
4683 15
4685 11
4691 12
4698 21
4702 20
4704 14
4710 10
4711 17
4713 15
4715 17
4717 8
4719 9
4721 14
4728 5
4734 12
4741 16
4743 11
4749 11
4756 9
4758 1
4767 16
4769 2
4779 18
4780 13
4785 12
4793 16
4795 11
4802 12
4808 13
4813 9
4815 21
4819 12
4826 15
4828 4
4834 5
4841 1
4851 21
4855 15
4857 11
4864 11
4871 8
4873 15
4875 11
4881 20
4883 18
4884 4
4891 14
4897 10
4898 11
4904 13
4910 17
4912 11
4918 4
4924 4
4930 17
4932 7
4935 1
4944 12
4951 9
4952 19
4954 4
4961 3
4968 18
4969 9
4971 19
4973 13
4979 6
4985 11
4992 18
4993 11
4999 9
5000 18
5001 15
5003 12
5009 1
5019 18
5020 2
5029 1
5038 7
5041 2
5051 14
5057 6
5063 15
5065 14
5070 9
5071 11
5078 11
5085 4
5092 12
5100 2
5110 1
5119 4
5126 3
5132 5
5139 17
5141 7
5143 20
5145 1
5155 1
5164 18
5165 12
5171 2
5180 11
5187 2
5197 17
5199 12
5207 4
5214 7
5216 11
5222 8
5224 16
5226 4
5233 11
5240 9
5242 12
5250 12
5258 9
5260 7
5263 11
5270 20
5272 14
5278 17
5280 1
5290 7
5293 12
5300 10
5302 18
5303 5
5310 12
5318 16
5320 11
5326 18
5327 19
5329 11
5336 21
5340 4
5348 18
5349 8
5352 19
5354 4
5362 16
5364 9
5365 10
5366 3
5372 9
5373 21
5377 10
5380 3
5386 12
5392 20
5394 12
5401 4
5408 6
5414 9
5416 4
5423 3
5430 11
5437 17
5439 19
5441 6
5448 11
5454 12
5460 2
5471 11
5477 17
5479 5
5486 18
5487 11
5494 12
5501 5
5508 2
5517 10
5520 10
5523 1
5533 5
5540 19
5542 16
5544 15
5546 19
5548 19
5550 20
5552 12
5560 6
5567 17
5569 6
5576 16
5578 10
5579 11
5585 12
5592 2
5603 18
5604 11
5610 12
5616 3
5623 11
5630 1
5639 13
5645 17
5647 17
5649 4
5655 18
5656 15
5658 11
5665 13
5671 12
5678 11
5684 11
5690 6
5696 6
5703 3
5710 3
5716 12
5723 7
5726 11
5732 7
5734 12
5741 11
5748 19
5750 18
5751 11
5757 17
5759 13
5765 3
5771 11
5777 19
5779 10
5782 17
5784 3
5790 8
5793 12
5799 3
5805 10
5806 13
5812 16
5814 13
5819 12
5826 13
5832 15
5834 13
5840 21
5844 19
5846 9
5847 19
5849 6
5855 9
5857 4
5865 18
5866 12
5874 12
5881 13
5886 16
5888 14
5893 14
5899 19
5901 21
5905 8
5908 4
5915 1
5924 6
5930 21
5934 12
5942 15
5944 11
5950 19
5952 5
5958 2
5969 18
5970 11
5976 20
5978 3
5984 5
5991 2
6001 17
6003 1
6013 8
6015 2
6025 21
6029 2
6039 18
6040 17
6042 4
6048 19
6050 9
6051 12
6057 3
6063 10
6065 9
6066 21
6070 12
6076 18
6077 11
6083 5
6089 8
6093 11
6100 12
6108 18
6109 8
6111 2
6121 2
6131 2
6140 15
6142 6
6148 2
6157 5
6164 1
6174 13
6179 16
6181 5
6188 16
6190 10
6191 4
6199 16
6201 9
6202 2
6212 4
6219 2
6230 11
6237 4
6243 4
6250 1
6259 3
6265 7
6268 11
6275 5
6281 19
6283 14
6289 2
6298 8
6300 4
6306 1
6315 5
6322 16
6324 3
6331 17
6333 16
6335 18
6336 11
6342 19
6344 9
6345 15
6347 15
6349 6
6356 8
6359 13
6364 12
6370 9
6371 20
6373 9
6375 11
6382 21
6386 2
6396 9
6397 19
6399 12
6405 11
6411 1
6421 15
6423 10
6424 6
6432 12
6439 19
6441 2
6451 16
6453 21
6457 16
6459 5
6465 18
6466 1
6476 1
6485 17
6487 12
6493 8
6495 1
6504 2
6514 2
6524 10
6526 19
6528 11
6534 7
6536 11
6543 1
6552 8
6554 15
6556 11
6563 9
6564 11
6571 12
6578 13
6584 14
6591 1
6601 18
6602 11
6609 17
6611 17
6613 20
6615 12
6622 12
6628 3
6635 19
6637 3
6643 12
6651 8
6655 17
6657 4
6665 11
6671 20
6673 3
6680 11
6686 10
6688 11
6694 19
6696 9
6697 18
6698 11
6705 20
6707 8
6709 20
6711 13
6716 6
6723 12
6731 16
6733 12
6739 11
6745 12
6752 13
6758 17
6760 20
6762 11
6769 8
6772 10
6774 14
6779 18
6780 5
6786 17
6788 21
6792 12
6800 4
6806 16
6808 16
6810 18
6811 16
6813 11
6819 8
6821 18
6822 17
6824 16
6826 9
6827 6
6834 11
6840 15
6842 11
6849 8
6852 20
6854 10
6857 15
6859 12
6866 11
6872 12
6880 10
6882 2
6893 5
6899 7
6901 11
6908 2
6919 3
6926 6
6932 17
6934 20
6936 5
6943 12
6950 11
6956 21
6960 17
6962 2
6972 12
6978 12
6985 7
6987 4
6994 21
6998 12
7006 12
7013 9
7015 18
7016 18
7017 12
7024 19
7026 10
7027 17
7029 12
7036 11
7042 12
7048 8
7051 2
7061 14
7067 14
7073 2
7083 2
7093 14
7099 3
7105 19
7107 5
7114 9
7115 7
7118 18
7119 16
7121 5
7128 10
7130 11
7136 1
7146 10
7148 18
7149 19
7151 13
7157 2
7167 9
7169 7
7172 6
7179 16
7181 1
7191 11
7198 13
7203 18
7204 11
7210 12
7218 4
7224 12
7231 16
7233 4
7240 16
7242 17
7244 18
7245 11
7252 19
7254 2
7263 6
7269 18
7270 9
7272 10
7273 4
7281 12
7288 11
7294 19
7296 12
7304 5
7311 18
7312 3
7319 11
7325 4
7333 4
7341 16
7343 18
7344 14
7350 12
7356 13
7362 17
7364 11
7371 20
7373 19
7375 9
7377 11
7384 11
7390 11
7396 20
7398 15
7400 7
7403 12
7410 3
7416 19
7418 10
7420 12
7428 16
7430 11
7436 2
7446 5
7453 9
7455 12
7462 9
7463 4
7471 2
7480 21
7484 10
7487 4
7494 15
7496 3
7503 12
7509 12
7516 1
7526 10
7529 11
7536 15
7538 7
7541 11
7548 6
7555 18
7556 12
7563 11
7569 3
7575 17
7577 3
7584 13
7589 2
7599 11
7606 7
7608 1
7617 12
7623 18
7624 11
7631 18
7632 11
7638 19
7640 5
7646 20
7648 7
7650 12
7658 17
7660 18
7661 5
7667 11
7674 6
7680 2
7691 14
7696 11
7702 8
7704 3
7711 12
7719 4
7726 11
7732 12
7738 20
7740 12
7746 10
7748 11
7754 19
7756 8
7759 15
7761 20
7763 5
7769 17
7771 18
7772 6
7779 4
7785 12
7792 13
7797 9
7798 1
7808 5
7815 18
7816 3
7823 21
7827 17
7829 13
7834 21
7838 17
7840 17
7842 19
7844 21
7848 13
7854 11
7860 1
7869 11
7876 15
7878 7
7881 4
7888 10
7889 11
7895 3
7901 6
7908 21
7912 13
7917 12
7923 12
7929 5
7936 9
7937 15
7939 4
7946 18
7947 11
7954 7
7956 5
7962 2
7971 17
7973 8
7976 8
7978 12
7984 15
7986 6
7994 7
7997 14
8003 12
8009 7
8011 19
8013 12
8020 5
8026 16
8028 12
8035 20
8037 3
8043 16
8045 18
8046 14
8052 9
8054 3
8061 9
8062 11
8069 2
8079 8
8083 5
8090 12
8097 1
8106 10
8108 3
8114 3
8120 3
8126 9
8128 7
8131 18
8132 16
8134 5
8140 12
8146 18
8147 15
8149 4
8156 14
8162 13
8167 9
8169 5
8175 15
8177 1
8187 16
8189 9
8190 2
8200 12
8207 3
8213 11
8220 12
8227 20
8229 19
8231 18
8232 18
8233 3
8239 13
8244 9
8246 9
8247 20
8249 4
8257 18
8258 7
8261 5
8267 6
8274 16
8276 2
8287 16
8289 12
8296 10
8299 18
8300 15
8302 12
8309 5
8316 15
8318 4
8325 7
8327 4
8334 16
8336 7
8338 12
8344 21
8348 12
8355 18
8356 10
8358 8
8362 17
8364 1
8373 12
8380 5
8387 15
8389 5
8395 18
8396 11
8403 12
8409 18
8410 9
8412 5
8418 19
8420 3
8427 18
8428 9
8429 21
8433 9
8434 1
8443 5
8450 14
8456 12
8464 7
8467 8
8471 1
8480 2
8491 12
8498 13
8504 16
8506 7
8508 21
8512 5
8519 18
8520 12
8527 18
8528 11
8535 11
8542 11
8549 6
8557 11
8564 1
8574 1
8583 7
8585 9
8587 10
8590 7
8592 1
8602 17
8604 9
8605 4
8612 3
8619 5
8626 2
8635 13
8640 11
8646 20
8648 9
8650 6
8656 16
8658 18
8659 12
8667 10
8668 16
8670 2
8680 17
8682 6
8690 17
8692 9
8694 20
8696 21
8700 20
8702 12
8710 4
8717 18
8718 17
8720 14
8725 21
8729 19
8731 2
8741 6
8748 15
8750 8
8753 15
8755 2
8765 11
8771 15
8773 3
8779 16
8781 15
8783 19
8785 7
8787 7
8789 12
8795 9
8796 19
8798 12
8806 6
8812 18
8813 12
8820 2
8831 19
8833 6
8839 3
8846 14
8852 12
8859 6
8866 12
8873 12
8879 12
8886 12
8893 12
8900 11
8906 16
8908 7
8910 5
8916 1
8926 21
8930 20
8932 18
8933 5
8940 17
8942 12
8950 9
8952 3
8959 4
8965 8
8967 3
8973 6
8980 8
8984 11
8991 12
8998 21
9002 15
9004 12
9011 11
9017 5
9024 12
9031 7
9033 20
9035 3
9042 13
9047 11
9053 16
9055 18
9056 17
9058 13
9063 21
9067 14
9073 19
9075 19
9077 7
9080 5
9086 14
9093 9
9094 11
9101 1
9110 12
9116 14
9122 9
9123 2
9133 21
9137 1
9146 11
9153 17
9155 18
9156 13
9161 10
9162 11
9169 3
9176 12
9183 12
9189 13
9195 18
9196 12
9204 3
9210 12
9217 1
9226 21
9230 12
9236 16
9238 15
9240 18
9241 12
9248 12
9255 18
9256 7
9259 12
9265 1
9274 19
9276 11
9282 5
9288 20
9290 7
9293 12
9299 17
9301 15
9303 11
9310 15
9312 1
9321 11
9328 6
9335 1
9344 9
9345 18
9346 11
9353 11
9359 20
9361 4
9369 8
9373 11
9380 12
9387 1
9396 12
9404 18
9405 17
9407 12
9413 7
9416 1
9426 5
9433 6
9439 11
9446 14
9451 12
9458 6
9466 17
9468 5
9474 4
9481 11
9487 14
9493 11
9500 7
9502 20
9504 16
9506 18
9507 18
9508 7
9511 21
9515 18
9516 19
9518 2
9528 5
9535 10
9536 1
9545 11
9551 20
9553 18
9554 19
9556 13
9562 13
9567 10
9569 4
9575 11
9582 20
9584 11
9590 10
9592 16
9594 6
9601 20
9603 9
9604 17
9606 18
9607 2
9617 19
9619 12
9626 2
9636 7
9639 17
9641 12
9648 13
9654 16
9656 17
9658 14
9664 14
9669 16
9671 8
9673 11
9679 14
9684 11
9691 11
9698 17
9700 4
9707 13
9713 1
9723 13
9728 5
9735 7
9738 14
9744 20
9746 11
9752 21
9756 16
9758 2
9768 8
9770 5
9777 13
9782 18
9783 11
9790 8
9794 7
9796 10
9798 5
9805 7
9807 16
9809 15
9811 10
9812 11
9819 20
9821 7
9824 12
9832 11
9839 8
9843 16
9845 11
9852 1
9862 15
9864 3
9871 12
9878 5
9885 11
9892 14
9897 12
9905 19
9907 11
9913 4
9921 11
9928 17
9930 11
9936 11
9943 12
9950 8
9953 7
9955 20
9957 17
9959 6
9966 18
9967 5
9973 10
9975 11
9981 1
9990 6
9996 17
9998 9
10000 21
10004 16
10006 12
10013 16
10015 3
10022 6
10029 8
10033 9
10035 6
10042 19
10044 4
10051 8
10055 17
10057 12
10064 14
10069 11
10076 11
10082 17
10084 16
10086 3
10093 15
10095 11
10102 12
10109 12
10116 11
10123 18
10124 12
10130 19
10132 10
10133 12
10140 11
10146 14
10152 18
10153 19
10155 12
10161 13
10166 18
10167 18
10168 11
10175 12
10182 8
10185 17
10187 10
10188 21
10192 12
10198 18
10199 19
10201 12
10209 14
10215 19
10217 7
10219 16
10221 7
10224 17
10226 18
10227 12
10235 11
10242 16
10244 16
10246 10
10249 18
10250 11
10256 11
10263 16
10265 6
10273 9
10275 8
10278 15
10280 18
10281 18
10282 16
10284 4
10291 5
10298 11
10304 2
10314 11
10320 3
10326 4
10334 12
10340 8
10343 18
10344 15
10346 12
10352 19
10354 4
10361 16
10363 20
10365 11
10371 14
10377 18
10378 1
10388 6
10394 18
10395 21
10399 13
10405 8
10408 21
10412 4
10418 19
10420 18
10421 11
10427 11
10433 21
10437 8
10439 11
10445 12
10453 7
10456 2
10466 4
10473 7
10475 17
10477 18
10478 13
10484 12
10492 1
10501 16
10503 14
10508 4
10515 7
10517 19
10519 11
10525 15
10527 11
10533 6
10540 3
10547 10
10549 7
10552 8
10555 15
10557 12
10564 16
10566 17
10568 12
10575 12
10581 11
10588 15
10590 4
10597 21
10601 10
10604 12
10611 15
10613 10
10616 12
10624 17
10626 18
10627 18
10628 20
10630 11
10637 18
10638 3
10645 11
10651 16
10653 19
10655 11
10661 16
10663 20
10665 13
10670 6
10677 21
10681 11
10687 15
10689 18
10690 6
10697 11
10703 11
10709 15
10711 14
10718 16
10720 10
10723 18
10724 21
10728 20
10730 12
10737 17
10739 12
10745 12
10752 11
10758 10
10760 2
10769 15
10771 19
10773 11
10780 18
10781 18
10782 11
10789 7
10792 13
10797 18
10798 9
10800 21
10804 6
10810 10
10812 15
10814 3
10821 11
10827 5
10834 19
10836 10
10837 3
10844 20
10846 14
10853 10
10856 4
10863 14
10869 11
10876 18
10877 2
10886 1
10895 4
10902 17
10904 8
10908 7
10911 14
10916 2
10927 14
10934 11
10941 12
10948 18
10949 18
10950 16
10952 2
10962 16
10964 1
10974 14
10979 18
10980 12
10987 9
10988 12
10995 11
11001 14
11007 21
11011 5
11017 4
11025 16
11027 13
11033 13
11038 21
11042 16
11044 12
11052 9
11053 9
11054 9
11055 12
11063 3
11070 3
11077 10
11079 20
11081 13
11087 18
11088 10
11090 12
11098 1
11108 12
11115 11
11121 18
11122 19
11124 13
11129 11
11136 8
11139 13
11144 11
11150 3
11157 1
11167 14
11172 1
11182 17
11184 11
11191 15
11193 12
11201 11
11208 5
11215 21
11219 15
11221 20
11223 16
11225 1
11234 6
11242 21
11246 12
11252 16
11254 14
11260 6
11267 7
11269 13
11275 11
11282 19
11284 10
11286 2
11296 3
11302 11
11309 7
11312 4
11319 9
11320 4
11326 16
11328 7
11330 1
11339 20
11341 3
11348 11
11354 12
11361 11
11368 20
11370 12
11377 16
11379 12
11387 10
11389 10
11390 17
11392 14
11397 9
11399 18
11400 6
11407 11
11413 21
11417 20
11419 8
11423 18
11424 6
11430 16
11432 11
11439 8
11441 21
11445 14
11451 1
11460 11
11467 2
11477 16
11479 18
11480 3
11487 12
11494 12
11502 16
11504 7
11507 6
11515 20
11517 12
11524 2
11535 5
11541 7
11543 18
11544 11
11550 11
11557 19
11559 12
11566 20
11568 18
11569 12
11576 8
11579 3
11586 11
11593 12
11600 20
11602 3
11608 8
11610 11
11616 14
11622 11
11629 10
11630 8
11632 7
11634 3
11641 6
11649 11
11656 7
11659 17
11661 14
11668 5
11674 12
11681 18
11682 5
11688 21
11692 1
11701 5
11708 15
11710 5
11716 14
11722 12
11730 4
11737 21
11741 2
11751 10
11752 18
11753 15
11755 11
11762 5
11768 19
11770 20
11772 21
11776 15
11778 2
11789 13
11795 8
11798 12
11805 11
11812 14
11817 18
11818 20
11820 8
11824 14
11830 15
11832 5
11839 21
11843 17
11845 19
11847 7
11850 18
11851 17
11853 14
11859 6
11866 5
11873 6
11880 16
11882 8
11885 5
11891 12
11897 5
11904 12
11910 4
11916 11
11923 4
11931 18
11932 17
11934 5
11941 9
11943 1
11953 2
11963 16
11965 17
11967 11
11973 18
11974 1
11983 19
11985 17
11987 13
11993 21
11997 14
12003 10
12005 12
12011 4
12017 4
12023 21
12027 13
12032 12
12040 1
12050 1
12060 16
12062 6
12070 12
12076 11
12082 9
12084 12
12092 3
12098 15
12100 1
12110 9
12111 3
12117 1
12127 6
12134 6
12141 9
12143 21
12147 19
12149 20
12151 11
12157 21
12161 12
12168 7
12170 19
12172 18
12173 11
12179 13
12185 8
12189 18
12190 11
12196 17
12198 20
12200 6
12208 14
12215 20
12217 15
12219 3
12225 3
12231 11
12238 2
12247 20
12249 11
12256 17
12258 1
12267 9
12269 9
12270 5
12277 17
12279 6
12286 2
12296 11
12302 8
12305 4
12312 4
12319 8
12322 12
12329 18
12330 8
12333 11
12339 19
12341 12
12349 13
12355 11
12362 15
12364 1
12374 4
12381 18
12382 5
12388 12
12395 16
12397 2
12407 5
12414 14
12419 12
12426 8
12430 12
12438 10
12440 11
12447 11
12454 6
12460 18
12461 6
12468 21
12472 8
12474 11
12480 2
12491 12
12498 15
12500 6
12506 11
12513 5
12520 8
12523 12
12530 19
12532 7
12534 19
12536 19
12538 12
12545 14
12550 12
12556 12
12564 11
12571 2
12581 17
12583 11
12589 11
12595 14
12602 19
12604 11
12610 8
12614 4
12621 14
12628 1
12638 5
12645 14
12650 13
12655 21
12659 15
12661 21
12665 11
12671 2
12681 18
12682 20
12684 17
12686 16
12688 6
12694 18
12695 11
12701 18
12702 7
12704 17
12706 11
12713 7
12716 8
12719 8
12723 21
12727 14
12733 20
12735 9
12737 20
12739 7
12741 3
12747 10
12749 18
12750 11
12756 11
12763 11
12769 15
12771 11
12777 13
12782 7
12784 7
12787 19
12789 13
12795 18
12796 17
12798 12
12805 5
12812 12
12820 10
12821 19
12823 11
12829 15
12831 10
12833 12
12840 14
12845 11
12851 13
12857 6
12864 8
12867 9
12868 2
12878 3
12884 11
12891 11
12898 7
12901 12
12909 2
12919 16
12921 19
12923 14
12928 12
12935 9
12936 18
12937 12
12945 11
12951 10
12953 9
12955 14
12961 8
12964 11
12970 11
12976 2
12987 10
12989 10
12992 18
12993 19
12995 16
12997 1
13007 17
13009 5
13016 12
13023 11
13029 9
13031 16
13033 5
13039 1
13048 6
13054 8
13056 11
13062 14
13069 11
13075 17
13077 7
13079 6
13087 20
13089 18
13090 3
13096 17
13098 12
13105 19
13107 11
13113 12
13120 21
13124 14
13131 19
13133 20
13135 11
13142 5
13149 11
13156 15
13158 8
13162 18
13163 12
13171 2
13181 20
13183 5
13190 12
13197 14
13203 15
13205 10
13206 8
13209 15
13211 12
13217 11
13224 8
13228 7
13230 3
13236 1
13245 8
13247 16
13249 11
13255 12
13263 1
13272 13
13278 1
13287 11
13294 12
13301 11
13307 16
13309 6
13317 4
13325 13
13330 12
13336 12
13344 4
13352 6
13358 4
13365 12
13371 21
13375 10
13378 17
13380 13
13386 2
13396 11
13402 6
13410 20
13412 10
13414 20
13416 21
13420 16
13422 21
13426 20
13428 12
13435 15
13437 12
13444 12
13452 11
13458 19
13460 21
13464 11
13470 15
13472 13
13478 11
13485 8
13488 21
13492 11
13498 8
13501 18
13502 8
13505 21
13509 11
13516 8
13519 18
13520 17
13522 12
13530 7
13533 1
13543 1
13553 13
13558 15
13560 17
13562 14
13568 17
13570 1
13579 12
13586 16
13588 1
13598 8
13600 15
13602 8
13605 11
13612 11
13619 12
13626 12
13632 12
13640 11
13647 12
13653 20
13655 21
13659 20
13661 7
13663 15
13665 6
13672 14
13677 6
13684 15
13686 12
13693 7
13696 5
13702 21
13706 12
13713 1
13722 21
13726 12
13734 18
13735 8
13738 15
13740 1
13749 18
13750 5
13757 16
13759 16
13761 2
13770 6
13777 12
13784 1
13793 15
13795 12
13803 11
13809 21
13813 21
13817 16
13819 16
13821 8
13825 6
13831 4
13839 12
13846 2
13857 18
13858 19
13860 16
13862 11
13868 21
13872 1
13881 15
13883 17
13885 14
13892 12
13899 11
13906 9
13907 10
13908 7
13910 1
13919 10
13921 9
13922 11
13929 1
13938 8
13940 18
13941 12
13948 20
13950 9
13951 12
13957 11
13963 18
13964 15
13966 12
13973 8
13976 13
13981 7
13983 3
13989 1
13999 15
14001 20
14003 16
14005 10
14008 12
14015 4
14021 19
14023 11
14030 12
14036 8
14039 17
14041 10
14044 18
14045 9
14047 12
14054 4
14061 12
