2959
1 4
8 16
10 11
16 12
22 12
30 12
37 12
44 5
51 21
55 1
64 13
70 12
76 15
78 5
84 4
91 14
98 20
100 8
103 15
105 4
113 12
120 17
122 6
130 15
132 9
134 5
140 12
147 19
149 5
155 8
157 15
159 8
162 14
169 10
171 15
173 7
176 14
181 10
182 12
189 13
194 2
204 6
211 1
220 7
222 12
228 12
234 8
236 6
242 9
244 10
245 15
247 3
254 5
261 9
263 4
271 10
272 3
279 19
281 18
282 16
284 15
286 7
289 12
295 18
296 12
303 16
305 3
311 14
316 13
322 5
328 18
329 9
330 15
332 17
334 9
336 11
342 20
344 15
346 10
349 11
356 2
365 16
367 11
374 9
376 15
378 19
380 19
382 21
386 12
392 18
393 1
402 4
409 17
411 11
417 4
425 14
431 17
433 20
435 11
441 21
445 1
454 13
460 10
462 11
468 8
471 9
473 18
474 20
476 4
484 6
491 4
498 11
505 14
510 19
512 19
514 16
516 18
517 7
519 11
526 13
532 19
534 11
540 7
543 5
549 16
551 9
552 19
554 16
556 14
562 12
570 6
577 17
579 12
585 11
592 11
599 10
601 8
604 2
614 10
615 12
623 7
626 2
637 18
638 18
639 5
646 17
648 2
659 2
668 5
674 11
680 7
682 17
684 17
686 10
688 14
694 6
701 11
708 11
714 15
716 6
723 10
725 17
727 1
737 4
745 10
748 20
750 13
755 14
761 16
763 5
769 11
775 14
781 10
783 3
789 10
791 2
801 13
807 17
809 11
815 11
822 21
826 13
831 11
837 9
839 2
850 18
851 17
853 8
856 17
858 4
866 2
877 2
888 12
895 4
902 7
904 18
905 18
906 2
916 18
917 2
927 14
933 12
941 2
950 9
952 20
954 12
961 11
968 18
969 4
975 16
977 14
983 4
990 14
995 8
998 11
1005 12
1011 13
1017 15
1019 13
1025 2
1036 16
1038 9
1040 7
1042 12
1049 8
1052 12
1059 18
1060 9
1062 5
1069 19
1071 8
1074 2
1085 2
1094 8
1098 20
1100 15
1102 1
1111 15
1113 9
1115 18
1116 15
1118 11
1125 7
1128 6
1135 13
1140 19
1142 3
1149 16
1151 19
1153 13
1159 9
1161 9
1162 9
1164 12
1172 7
1175 11
1182 7
1184 7
1187 17
1189 1
1199 4
1206 12
1213 20
1215 19
1217 20
1219 4
1226 7
1229 13
1235 2
1246 8
1249 7
1252 16
1254 6
1262 5
1269 20
1271 13
1276 8
1280 16
1282 18
1283 14
1290 8
1293 4
1300 16
1302 10
1304 2
1313 4
1321 17
1323 1
1333 16
1335 7
1338 5
1344 19
1346 5
1353 13
1359 18
1360 7
1362 15
1364 18
1365 16
1367 18
1368 12
1375 1
1384 13
1389 18
1390 18
1391 2
1401 9
1403 18
1404 15
1406 10
1407 9
1409 11
1415 14
1421 14
1426 21
1430 21
1434 4
1442 15
1444 8
1447 13
1453 11
1459 4
1467 9
1469 16
1471 4
1477 12
1483 12
1489 11
1495 21
1499 12
1505 1
1515 10
1516 12
1523 16
1525 6
1532 16
1534 11
1541 3
1547 4
1553 21
1557 13
1562 20
1564 3
1570 12
1577 2
1587 12
1594 21
1598 16
1600 15
1602 11
1608 6
1616 11
1622 13
1628 5
1635 7
1637 9
1639 12
1647 8
1650 19
1652 8
1655 3
1661 11
1667 2
1677 5
1683 21
1687 11
1693 12
1700 16
1702 12
1709 16
1711 12
1719 11
1725 18
1726 11
1732 20
1734 11
1741 12
1747 18
1748 11
1754 15
1756 7
1758 8
1761 11
1768 10
1771 11
1777 21
1781 19
1783 1
1793 12
1799 18
1800 4
1808 9
1809 14
1815 3
1822 7
1825 9
1826 6
1834 19
1836 7
1839 16
1841 10
1843 11
1849 10
1850 12
1858 12
1864 11
1871 8
1873 9
1875 9
1877 1
1886 11
1893 5
1900 11
1906 2
1916 6
1923 12
1930 13
1935 8
1939 11
1946 20
1948 3
1955 18
1956 19
1958 6
1965 12
1972 16
1974 12
1981 14
1986 21
1990 18
1991 4
1998 12
2004 12
2012 7
2014 4
2020 11
2026 9
2028 13
2034 4
2041 2
2050 13
2056 19
2058 10
2061 1
2071 16
2073 13
2079 10
2080 12
2087 20
2089 17
2091 20
2093 14
2099 2
2108 18
2109 13
2115 11
2122 20
2124 12
2130 3
2136 19
2138 21
2142 9
2144 12
2150 1
2159 11
2166 21
2170 4
2177 7
2180 20
2182 7
2185 18
2186 12
2193 4
2200 8
2203 11
2210 11
2216 13
2222 1
2231 15
2233 12
2240 4
2246 15
2248 21
2252 11
2259 18
2260 4
2268 5
2275 21
2279 9
2281 13
2286 12
2293 2
2303 18
2304 7
2307 19
2309 11
2315 10
2317 18
2318 15
2320 11
2327 12
2334 15
2336 4
2343 17
2345 18
2346 15
2348 11
2355 7
2357 18
2358 18
2359 21
2363 3
2370 5
2377 15
2379 1
2388 7
2390 5
2396 17
2398 16
2400 15
2402 21
2406 11
2412 13
2417 14
2423 14
2429 18
2430 18
2431 11
2437 12
2443 16
2445 12
2451 18
2452 17
2454 11
2460 7
2463 4
2470 19
2472 12
2478 11
2484 17
2486 10
2488 13
2494 17
2496 16
2498 15
2500 10
2502 2
2513 18
2514 11
2520 12
2527 19
2529 20
2531 2
2541 6
2548 7
2550 11
2557 15
2559 18
2560 1
2569 20
2571 20
2573 4
2580 21
2584 13
2590 8
2592 11
2598 2
2608 8
2612 8
2616 7
2618 1
2627 12
2634 19
2636 16
2638 11
2644 20
2646 11
2652 11
2658 1
2668 8
2671 9
2673 4
2680 20
2682 19
2684 12
2692 11
2699 11
2705 2
2715 12
2721 9
2722 14
2729 8
2732 18
2733 12
2739 20
2741 5
2747 11
2753 6
2761 12
2769 14
2775 5
2782 11
2789 7
2792 18
2793 20
2795 8
2799 4
2806 14
2813 17
2815 6
2821 9
2823 19
2825 14
2830 2
2840 3
2847 18
2848 18
2849 12
2855 8
2859 4
2866 4
2873 18
2874 11
2881 12
2887 18
2888 16
2890 14
2896 6
2902 8
2904 3
2910 20
2912 6
2920 6
2927 16
2929 12
2937 13
2943 11
2950 12
2958 12
2964 17
2966 11
2973 12
2980 12
2988 3
2994 6
3001 14
3006 13
3012 12
3020 2
3029 9
3031 14
3038 1
3048 10
3050 20
3052 13
3057 8
3059 18
3060 10
3063 11
3069 1
3078 7
3080 18
3081 21
3085 9
3087 15
3089 14
3095 13
3100 13
3106 5
3113 12
3120 14
3126 14
3132 16
3134 11
3140 11
3146 18
3147 11
3153 11
3160 20
3162 3
3168 18
3169 7
3172 5
3178 19
3180 12
3187 14
3193 18
3194 20
3196 1
3205 17
3207 7
3210 6
3216 8
3219 15
3221 4
3228 15
3230 20
3232 19
3234 19
3236 14
3241 5
3247 1
3256 12
3264 2
3274 11
3280 6
3288 18
3289 5
3296 18
3297 1
3306 6
3313 11
3320 18
3321 12
3329 12
3337 17
3339 15
3341 18
3342 20
3344 11
3350 1
3360 6
3368 2
3378 11
3384 5
3391 2
3402 13
3408 7
3411 11
3418 18
3419 11
3425 19
3427 13
3432 15
3434 5
3441 7
3444 11
3451 18
3452 6
3458 17
3460 12
3467 7
3469 14
3475 9
3476 18
3477 7
3480 2
3491 17
3493 4
3499 21
3503 9
3505 16
3507 5
3513 15
3515 17
3517 5
3523 12
3530 16
3532 21
3536 2
3547 10
3548 15
3550 1
3559 11
3565 8
3569 1
3578 17
3580 2
3591 15
3593 13
3598 9
3600 10
3603 5
3609 12
3616 20
3618 1
3628 15
3630 12
3637 18
3638 3
3644 11
3650 13
3655 11
3662 19
3664 1
3674 3
3681 16
3683 2
3692 4
3700 2
3710 4
3716 6
3722 21
3726 1
3735 7
3737 12
3745 2
3756 7
3759 7
3762 12
3770 8
3774 8
3778 1
3788 1
3798 12
3804 20
3806 12
3813 7
3815 19
3817 15
3819 15
3821 2
3832 14
3838 1
3848 10
3849 3
3856 18
3857 9
3859 5
3865 15
3867 20
3869 19
3871 21
3875 18
3876 9
3877 5
3884 14
3889 11
3896 5
3903 12
3910 12
3918 1
3928 4
3934 16
3936 3
3943 2
3953 1
3962 20
3964 6
3972 1
3982 3
3989 17
3991 6
3997 18
3998 1
4007 11
4013 5
4019 11
4026 2
4036 12
4044 16
4046 3
4052 5
4058 14
4064 21
4068 18
4069 11
4075 4
4082 17
4084 1
4094 18
4095 11
4102 12
4110 4
4117 12
4125 8
4128 19
4130 15
4132 1
4142 4
4148 16
4150 16
4152 9
4153 1
4163 21
4167 21
4171 7
4174 7
4176 11
4182 8
4185 15
4187 13
4193 3
4200 7
4202 10
4205 21
4209 10
4212 10
4213 19
4215 6
4222 7
4224 11
4230 15
4232 19
4234 12
4241 15
4243 4
4251 19
4253 17
4255 14
4262 12
4269 16
4271 15
4273 11
4279 12
4285 9
4286 5
4293 20
4295 17
4297 6
4304 12
4310 2
4320 21
4324 18
4325 13
4331 16
4333 17
4335 13
4340 1
4349 16
4351 12
4359 18
4360 19
4362 8
4365 12
4373 12
4381 14
4387 11
4394 11
4401 18
4402 3
4408 4
4414 8
4417 18
4418 18
4419 18
4420 2
4430 11
4437 12
4445 18
4446 3
4452 11
4458 20
4460 17
4462 19
4464 5
4471 21
4475 11
4482 17
4484 10
4487 6
4494 11
4501 7
4503 8
4507 15
4509 1
4519 18
4520 19
4522 11
4528 21
4532 11
4539 3
4546 11
4553 6
4560 3
4566 16
4568 11
4575 17
4577 8
4581 2
4592 16
4594 8
4598 19
4600 9
4601 15
4603 18
4604 11
4611 11
4618 8
4621 8
4623 5
4629 18
4630 10
4633 4
4640 19
4642 13
4647 19
4649 11
4655 16
4657 11
4663 6
4669 11
4675 7
4678 1
4688 12
4695 3
4702 16
4704 5
4711 8
4714 1
4723 11
4729 19
4731 16
4733 16
4735 16
4737 17
4739 21
4743 14
4750 2
4759 15
4761 7
4763 18
4764 17
4766 14
4772 9
4774 1
4784 14
4790 16
4792 20
4794 9
4796 11
4802 15
4804 16
4806 12
4813 18
4814 9
4815 1
4824 12
4832 12
4839 15
4841 9
4842 18
4843 12
4851 14
4857 19
4859 16
4861 14
4866 3
4873 1
4882 21
4886 20
4888 12
4895 18
4896 5
4902 11
4909 8
4913 6
4920 12
4926 21
4930 2
4941 18
4942 13
4947 21
4951 9
4953 11
4960 3
4967 15
4969 7
4971 18
4972 11
4979 14
4984 15
4986 5
4993 15
4995 2
5006 21
5010 12
5017 11
5024 14
5031 6
5038 8
5040 14
5046 9
5047 1
5057 5
5064 3
5071 17
5073 9
5075 2
5086 18
5087 10
5089 4
5095 4
5103 6
5110 3
5116 19
5118 20
5120 10
5122 11
5128 7
5131 4
5139 21
5143 11
5149 11
5155 16
5157 19
5159 10
5160 14
5167 12
5174 18
5175 21
5179 11
5185 13
5191 3
5198 7
5200 3
5207 11
5213 6
5219 12
5225 21
5229 21
5233 13
5238 10
5240 10
5243 7
5246 6
5253 19
5255 6
5262 12
5269 18
5270 17
5272 2
5281 19
5283 19
5285 18
5286 4
5293 5
5299 15
5301 8
5304 4
5311 11
5318 12
5325 13
5331 11
5338 11
5345 17
5347 2
5357 21
5361 12
5367 15
5369 3
5375 11
5381 3
5387 7
5390 8
5393 16
5395 9
5397 1
5406 11
5412 15
5414 13
5419 9
5420 8
5424 11
5430 4
5436 11
5442 7
5444 12
5451 10
5452 14
5459 1
5468 15
5470 11
5476 10
5477 4
5483 8
5486 3
5492 18
5493 4
5500 13
5505 20
5507 11
5513 11
5519 1
5528 5
5534 19
5536 5
5542 1
5552 19
5554 17
5556 18
5557 12
5564 7
5566 11
5573 12
5580 19
5582 16
5584 6
5592 5
5599 7
5602 14
5608 6
5615 19
5617 11
5623 16
5625 2
5634 2
5643 10
5645 12
5652 4
5658 18
5659 2
5668 19
5670 7
5673 11
5679 12
5686 11
5692 19
5694 11
5701 18
5702 4
5710 11
5717 17
5719 16
5721 15
5723 18
5724 3
5730 8
5733 6
5741 17
5743 11
5750 7
5752 15
5754 6
5760 4
5767 18
5768 18
5769 15
5771 11
5777 10
5780 20
5782 12
5790 17
5792 12
5799 14
5805 7
5808 21
5812 12
5818 7
5820 4
5828 12
5835 14
5842 10
5843 12
5851 18
5852 12
5858 8
5862 15
5864 10
5866 17
5868 17
5870 3
5877 16
5879 16
5881 10
5884 21
5888 6
5895 17
5897 10
5900 14
5907 2
5917 4
5923 6
5929 18
5930 8
5932 21
5936 6
5944 4
5951 4
5957 21
5961 14
5967 18
5968 10
5971 12
5978 11
5985 18
5986 1
5996 19
5998 14
6003 18
6004 18
6005 19
6007 17
6009 14
6014 12
6020 19
6022 10
6025 11
6031 19
6033 8
6035 11
6042 21
6046 11
6053 19
6055 12
6062 5
6069 13
6074 21
6078 11
6084 9
6085 15
6087 11
6093 8
6095 18
6096 2
6107 4
6114 11
6121 15
6123 11
6130 11
6137 18
6138 16
6140 3
6147 11
6154 2
6164 13
6170 9
6171 11
6178 9
6180 21
6184 5
6190 15
6192 10
6193 11
6200 1
6209 17
6211 5
6218 12
6225 1
6235 18
6236 17
6238 3
6245 11
6252 8
6256 21
6260 11
6266 11
6272 3
6278 21
6282 18
6283 5
6290 10
6291 6
6297 11
6303 5
6310 6
6317 19
6319 5
6325 9
6326 8
6329 7
6331 9
6333 11
6339 3
6346 2
6355 17
6357 18
6358 20
6360 11
6366 9
6367 12
6374 20
6376 5
6382 3
6388 13
6393 14
6400 17
6402 8
6405 13
6410 19
6412 11
6419 10
6421 7
6423 12
6430 15
6432 13
6438 12
6444 16
6446 6
6453 14
6459 21
6463 4
6469 19
6471 9
6473 7
6476 12
6483 18
6484 10
6486 10
6487 13
6492 21
6496 20
6498 20
6500 11
6507 15
6509 12
6516 13
6522 2
6531 16
6533 12
6540 10
6542 1
6552 3
6559 3
6565 19
6567 9
6569 20
6571 1
6580 12
6587 1
6596 15
6598 21
6602 5
6609 1
6618 11
6625 18
6626 8
6629 10
6630 11
6637 11
6644 2
6655 5
6662 18
6663 1
6672 17
6674 14
6679 11
6685 20
6687 12
6694 11
6700 17
6702 10
6705 11
6711 18
6712 5
6718 12
6724 21
6728 15
6730 1
6740 7
6742 5
6749 11
6756 9
6758 10
6759 19
6761 2
6771 3
6777 18
6778 11
6785 10
6788 12
6795 1
6804 15
6806 15
6808 1
6818 15
6820 16
6822 14
6827 3
6833 20
6835 3
6842 19
6844 5
6850 4
6856 12
6863 9
6865 10
6867 9
6868 20
6870 8
6874 15
6876 1
6886 17
6888 3
6895 21
6899 12
6906 11
6913 2
6922 16
6924 3
6930 17
6932 17
6934 14
6940 11
6947 19
6949 18
6950 3
6956 16
6958 18
6959 12
6966 9
6967 3
6974 16
6976 21
6980 19
6982 12
6988 4
6995 15
6997 21
7001 2
7011 2
7020 3
7027 4
7033 21
7037 1
7047 4
7054 18
7055 14
7060 9
7061 17
7063 19
7065 12
7071 7
7073 11
7079 5
7086 20
7088 18
7089 13
7094 10
7097 9
7098 15
7100 18
7101 8
7105 1
7114 15
7116 19
7118 15
7120 8
7123 13
7128 6
7135 8
7139 7
7141 11
7148 13
7153 6
7160 8
7163 12
7170 7
7172 17
7174 8
7178 15
7180 8
7184 17
7186 12
7193 18
7194 18
7195 6
7203 15
7205 1
7215 13
7220 5
7226 9
7228 10
7229 7
7231 16
7233 18
7234 3
7240 12
7247 18
7248 11
7254 15
7256 12
7262 16
7264 17
7266 9
7268 1
7277 9
7279 8
7282 17
7284 9
7285 11
7292 4
7299 17
7301 5
7307 3
7314 14
7319 9
7321 9
7323 20
7325 8
7329 15
7331 18
7332 18
7333 3
7340 7
7342 21
7346 2
7355 15
7357 7
7359 8
7362 12
7370 15
7372 17
7374 11
7381 7
7383 18
7384 19
7386 12
7393 21
7397 18
7398 14
7405 9
7407 17
7409 16
7411 20
7413 20
7415 12
7421 2
7430 15
7432 15
7434 12
7442 18
7443 5
7449 18
7450 1
7460 5
7466 7
7469 11
7475 16
7477 11
7484 12
7491 15
7493 6
7499 3
7506 13
7512 4
7519 11
7525 7
7527 12
7533 3
7540 18
7541 8
7545 11
7552 12
7559 14
7565 18
7566 9
7567 6
7575 20
7577 10
7579 11
7586 16
7588 16
7590 16
7592 21
7596 18
7597 19
7599 15
7601 7
7604 11
7610 12
7617 8
7621 6
7627 6
7634 12
7640 18
7641 18
7642 5
7649 13
7654 9
7655 17
7657 17
7659 12
7665 15
7667 5
7673 17
7675 14
7681 7
7683 18
7684 11
7691 18
7692 2
7702 17
7704 15
7706 1
7716 11
7723 11
7730 21
7734 9
7735 6
7742 7
7744 11
7750 5
7757 7
7760 12
7767 4
7774 17
7776 12
7782 18
7783 10
7784 6
7790 15
7792 8
7794 21
7798 15
7800 19
7802 13
7807 6
7815 9
7817 12
7824 16
7826 11
7833 5
7840 18
7841 19
7843 12
7850 8
7853 11
7859 11
7865 2
7876 7
7879 18
7880 20
7882 19
7884 12
7891 17
7893 19
7895 13
7901 4
7908 15
7910 16
7912 17
7914 13
7920 1
7930 12
7937 12
7943 12
7949 7
7951 7
7953 17
7955 2
7964 9
7966 17
7968 6
7975 11
7982 5
7988 14
7994 15
7996 13
8001 18
8002 14
8007 14
8014 14
8020 2
8030 13
8035 17
8037 3
8044 5
8051 18
8052 11
8059 15
8061 5
8067 16
8069 13
8075 10
8078 12
8085 14
8092 13
8098 2
8108 18
8109 9
8111 16
8113 19
8115 8
8119 18
8120 1
8130 16
8132 11
8138 11
8144 10
8146 19
8148 2
8158 20
8160 21
8164 18
8165 4
8172 12
8179 13
8185 15
8187 3
8193 21
8197 8
8199 11
8206 11
8212 12
8218 15
8220 4
8228 8
8230 9
8232 9
8233 11
8240 6
8248 10
8249 3
8256 15
8258 4
8265 20
8267 12
8273 12
8280 3
8286 17
8288 18
8289 20
8291 19
8293 15
8295 8
8299 6
8305 13
8310 17
8312 11
8318 14
8324 16
8326 11
8333 6
8340 17
8342 11
8349 21
8353 6
8361 15
8363 10
8365 5
8371 16
8373 15
8375 21
8379 19
8381 7
8384 19
8386 12
8393 2
8404 11
8411 15
8413 10
8416 12
8422 14
8427 2
8438 11
8445 15
8447 5
8453 3
8459 11
8466 18
8467 18
8468 10
8469 14
8476 12
8482 4
8489 9
8491 12
8498 18
8499 12
8507 5
8513 8
8517 9
8519 11
8526 9
8528 6
8536 11
8543 10
8545 11
8552 4
8559 7
8562 20
8564 19
8566 10
8568 12
8574 11
8580 8
8583 5
8590 11
8596 21
8600 20
8602 11
8608 5
8614 11
8621 12
8628 4
8636 19
8638 9
8639 12
8645 13
8651 21
8655 12
8662 9
8663 4
8670 9
8672 16
8674 12
8680 10
8683 13
8689 14
8696 11
8703 20
8705 7
8708 17
8710 12
8717 20
8719 19
8721 4
8729 10
8732 18
8733 9
8735 20
8737 1
8747 15
8749 11
8756 5
8762 18
8763 6
8770 18
8771 12
8777 15
8779 15
8781 6
8789 16
8791 13
8796 14
8802 9
8804 9
8805 2
8815 15
8817 2
8826 12
8834 14
8839 4
8847 12
8854 16
8856 11
8863 12
8871 7
8874 6
8881 21
8885 10
8886 18
8887 7
8889 17
8891 11
8897 3
8903 19
8905 12
8911 8
8914 17
8916 16
8918 2
8928 20
8930 12
8938 1
8947 11
8953 11
8960 10
8962 2
8973 20
8975 12
8982 2
8993 1
9003 18
9004 10
9007 15
9009 11
9016 6
9024 10
9025 7
9027 9
9029 17
9031 5
9038 6
9044 15
9046 11
9053 15
9055 4
9062 13
9068 2
9079 3
9086 12
9094 12
9101 17
9103 20
9105 3
9112 3
9119 12
9126 12
9133 11
9139 18
9140 9
9142 1
9151 15
9153 9
9154 4
9161 20
9163 21
9167 12
9174 1
9184 5
9191 11
9198 11
9204 18
9205 9
9207 14
9212 17
9214 5
9221 13
9227 14
9233 11
9239 11
9246 15
9248 20
9250 18
9251 6
9259 17
9261 15
9263 9
9264 2
9274 12
9281 12
9288 11
9295 11
9301 14
9307 10
9309 1
9319 8
9321 12
9328 9
9330 4
9337 11
9343 13
9348 14
9354 18
9355 13
9361 8
9364 11
9371 13
9377 13
9382 9
9383 15
9385 17
9387 3
9394 1
9403 21
9407 16
9409 15
9411 15
9413 16
9415 11
9421 14
9427 10
9429 11
9436 6
9443 20
9445 11
9452 2
9463 11
9470 4
9478 18
9479 9
9480 6
9486 11
9493 18
9494 7
9497 17
9499 17
9501 9
9502 15
9504 15
9506 20
9508 6
9515 11
9522 12
9530 8
9532 13
9538 19
9540 8
9543 12
9550 21
9554 11
9561 6
9568 12
9576 18
9577 1
9587 11
9593 20
9595 15
9597 11
9604 15
9606 19
9608 6
9615 13
9621 11
9628 15
9630 15
9632 10
9634 19
9636 7
9639 15
9641 13
9647 9
9648 12
9656 8
9658 1
9667 11
9673 14
9678 12
9685 4
9692 16
9694 19
9696 8
9699 13
9705 14
9711 5
9717 11
9723 3
9730 21
9734 15
9736 11
9743 18
9744 6
9751 18
9752 6
9759 14
9765 17
9767 12
9773 4
9781 17
9783 7
9786 11
9792 12
9800 4
9808 7
9810 14
9816 21
9820 15
9822 7
9824 11
9831 21
9835 8
9838 18
9839 4
9846 4
9852 6
9859 11
9865 14
9871 13
9876 11
9882 15
9884 7
9886 18
9887 8
9890 2
9901 9
9902 2
9913 12
9921 3
9927 9
9929 11
9936 6
9943 7
9945 2
9954 11
9960 19
9962 18
9963 17
9965 11
9972 11
9978 12
9984 16
9986 7
9988 6
9996 13
10001 17
10003 2
10012 11
10019 11
10025 17
10027 2
10038 19
10040 11
10047 15
10049 16
10051 4
10057 3
10064 9
10065 20
10067 15
10069 12
10075 5
10082 3
10089 7
10092 14
10098 10
10099 11
10105 5
10111 6
10119 11
10126 12
10132 4
10138 5
10145 10
10148 4
10156 15
10158 11
10165 11
10172 18
10173 3
10180 11
10187 11
10193 11
10200 2
10210 18
10211 19
10213 1
10222 9
10223 18
10224 5
10230 21
10234 17
10236 5
10243 2
10253 14
10260 18
10261 19
10263 14
10268 18
10269 9
10270 10
10272 12
10278 3
10285 19
10287 18
10288 10
10291 20
10293 17
10295 12
10302 11
10309 12
10316 2
10327 11
10334 19
10336 11
10343 7
10345 11
10351 11
10358 6
10364 6
10372 21
10376 5
10383 12
10391 14
10396 8
10399 17
10401 4
10407 19
10409 18
10410 11
10416 9
10418 6
10424 9
10426 18
10427 2
10438 11
10444 15
10446 4
10453 6
10460 8
10464 20
10466 20
10468 1
10478 19
10480 6
10487 5
10494 11
10501 17
10503 12
10510 18
10511 14
10517 18
10518 15
10520 12
10527 18
10528 11
10534 5
10541 21
10545 21
10549 15
10551 4
10559 18
10560 13
10565 14
10570 19
10572 7
10574 2
10583 5
10589 7
10591 3
10597 20
10599 11
10605 11
10612 7
10615 12
10622 1
10631 12
10637 4
10644 2
10655 2
10665 11
10671 4
10677 19
10679 3
10685 20
10687 11
10694 8
10697 8
10699 2
10709 16
10711 1
10720 11
10726 21
10730 16
10732 4
10739 11
10746 8
10749 9
10751 2
10761 7
10764 11
10771 18
10772 12
10779 19
10781 12
10788 7
10791 15
10793 11
10800 20
10802 15
10804 19
10806 11
10812 7
10815 13
10820 2
10831 3
10838 17
10840 11
10846 16
10848 11
10855 14
10861 6
10867 18
10868 1
10878 16
10880 6
10887 5
10894 15
10896 17
10898 19
10900 14
10906 15
10908 10
10910 18
10911 8
10914 19
10916 14
10923 13
10929 20
10931 2
10941 12
10948 12
10954 12
10962 7
10965 3
10972 6
10979 16
10981 8
10985 19
10987 20
10989 6
10996 18
10997 12
11004 8
11008 18
11009 18
11010 21
11014 21
11018 5
11025 8
11029 12
11035 8
11039 15
11041 6
11048 6
11054 19
11056 18
11057 12
11063 11
11070 11
11077 11
11083 9
11085 11
11092 14
11098 5
11105 1
11114 11
11120 3
11127 3
11134 11
11141 2
11151 7
11153 4
11161 7
11163 11
11170 8
11174 5
11181 16
11183 20
11185 10
11187 20
11189 4
11196 10
11197 11
11203 9
11205 15
11207 7
11209 9
11210 12
11217 11
11223 2
11233 4
11241 10
11243 11
11250 12
11257 12
11264 1
11273 15
11275 11
11282 11
11289 1
11298 12
11306 11
11312 2
11321 11
11327 9
11328 9
11329 3
11336 13
11342 21
11346 11
11352 10
11355 11
11361 10
11362 18
11363 7
11365 5
11372 20
11374 5
11380 16
11382 16
11384 18
11385 12
11393 12
11400 7
11403 12
11411 17
11413 10
11414 3
11420 7
11422 6
11430 8
11432 9
11433 18
11434 12
11441 15
11443 6
11450 11
11457 20
11459 1
11469 11
11476 13
11482 18
11483 10
11486 11
11492 18
11493 20
11495 17
11497 9
11498 16
11500 8
11503 16
11505 15
11507 21
11511 20
11513 21
11517 16
11519 11
11526 6
11533 11
11540 4
11547 19
11549 11
11556 21
11560 10
11562 15
11564 2
11574 20
11576 10
11578 16
11580 14
11586 7
11588 11
11595 3
11602 18
11603 19
11605 20
11607 16
11609 12
11616 11
11623 2
11633 10
11635 3
11641 1
11650 16
11652 13
11658 6
11665 1
11675 8
11679 21
11683 3
11689 12
11696 15
11698 8
11702 18
11703 4
11710 14
11716 12
11723 16
11725 1
11735 11
11742 14
11749 12
11757 18
11758 19
11760 15
11762 16
11764 11
11771 19
11773 11
11779 6
11786 20
11788 19
11790 8
11792 17
11794 18
11795 11
11801 6
11808 3
11814 11
11820 6
11827 9
11829 19
11831 4
11838 8
11840 16
11842 18
11843 16
11845 11
11851 7
11854 18
11855 19
11857 13
11863 11
11869 6
11875 18
11876 7
11878 21
11882 2
11891 5
11897 17
11899 19
11901 6
11908 11
11914 19
11916 4
11923 18
11924 12
11931 18
11932 14
11938 19
11940 15
11942 6
11948 15
11950 3
11957 21
11961 16
11963 8
11965 1
11974 20
11976 12
11983 15
11985 5
11991 17
11993 7
11995 15
11997 12
12004 5
12011 3
12017 18
12018 9
12020 11
12026 8
12030 21
12034 9
12036 4
12043 17
12045 18
12046 16
12048 12
12055 8
12057 1
12067 17
12069 20
12071 20
12073 17
12075 18
12076 10
12079 11
12085 11
12092 9
12094 17
12096 13
12102 1
12112 12
12119 12
12127 14
12132 18
12133 11
12140 12
12147 8
12151 15
12153 11
12159 21
12163 4
12170 14
12177 12
12183 18
12184 21
12188 20
12190 4
12197 12
12205 8
12208 19
12210 21
12214 11
12220 9
12222 7
12225 12
12232 14
12238 20
12240 13
12245 11
12252 20
12254 14
12261 18
12262 2
12271 11
12277 15
12279 15
12281 15
12283 21
12287 6
12294 6
12302 3
12308 19
12310 15
12312 11
12319 13
12324 7
12326 5
12333 15
12335 13
12341 4
12348 12
12354 4
12361 20
12363 11
12369 21
12373 11
12380 19
12382 17
12384 12
12390 12
12396 15
12398 4
12404 13
12409 20
12411 11
12417 1
12426 2
12437 4
12444 20
12446 19
12448 20
12450 14
12455 20
12457 9
12458 7
12460 7
12463 13
12468 15
12470 14
12476 9
12478 19
12480 15
12482 13
12487 6
12493 15
12495 12
12502 5
12509 14
12516 1
12525 10
12528 12
12535 5
12542 1
12551 5
12557 18
12558 11
12564 19
12566 12
12573 13
12579 19
12581 5
12588 11
12594 11
12600 14
12605 15
12607 1
12616 5
12622 10
12624 7
12626 13
12632 11
12638 11
12644 19
12646 19
12648 15
12650 3
12657 18
12658 18
12659 11
12666 15
12668 18
12669 20
12671 9
12672 11
12679 21
12683 5
12689 18
12690 12
12698 17
12700 7
12703 15
12705 11
12712 1
12722 14
12727 8
12730 2
12740 8
12743 14
12750 11
12757 4
12763 20
12765 1
12775 5
12781 3
12788 12
12795 14
12802 3
12809 13
12814 6
12821 9
12822 7
12824 1
12834 21
12838 1
12847 10
12848 15
12850 12
12857 6
12865 9
12866 1
12876 20
12878 17
12880 12
12886 10
12887 20
12889 11
12896 12
12903 1
12913 14
12919 18
12920 5
12926 2
12936 11
12942 6
12949 12
12955 6
12962 15
12964 19
12966 13
12971 8
12975 9
12976 13
12981 11
12987 18
12988 1
12997 10
12999 12
13007 4
13014 12
13022 18
13023 21
13027 8
13029 11
13035 15
13037 13
13043 11
13050 12
13058 13
13063 1
13072 18
13073 7
13075 20
13077 20
13079 3
13085 11
13092 8
13096 13
13101 12
13107 7
13109 20
13111 8
13113 17
13115 1
13125 2
13135 7
13138 16
13140 15
13142 15
13144 1
13154 19
13156 12
13163 6
13171 7
13174 7
13177 2
13187 19
13189 10
13192 18
13193 4
13200 14
13206 11
13212 20
13214 4
13221 3
13227 9
13229 9
13231 17
13233 1
13242 18
13243 12
13250 3
13257 18
13258 18
13259 12
13266 14
13272 4
13278 16
13280 19
13282 18
13283 6
13289 7
13292 13
13297 14
13304 18
13305 19
13307 16
13309 7
13312 11
13319 17
13321 10
13322 13
13327 20
13329 14
13335 15
13337 11
13344 8
13348 2
13358 9
13359 1
13368 15
13370 17
13372 16
13374 12
13382 16
13384 9
13386 15
13388 12
13396 20
13398 18
13399 21
13403 9
13405 15
13407 18
13408 7
13410 10
13413 14
13420 18
13421 12
13428 16
13430 11
13436 10
13438 3
13445 11
13451 10
13452 3
13459 5
13466 11
13473 5
13479 16
13481 8
13483 11
13490 17
13492 7
13494 1
13504 2
13515 9
13517 12
13524 6
13531 16
13533 12
13539 14
13545 10
13548 1
13558 21
13562 13
13567 15
13569 15
13571 11
13578 11
13584 15
13586 11
13593 14
13600 11
13607 15
13609 8
13612 11
13618 9
13620 8
13623 19
13625 17
13627 15
13629 11
13635 13
13640 12
