2959
1 11
8 4
15 16
17 20
19 6
27 6
35 10
36 20
38 9
39 11
45 11
52 4
59 10
61 18
62 5
69 11
76 4
83 12
90 18
91 3
97 11
103 11
109 11
116 17
118 6
125 19
127 21
131 11
138 6
144 8
148 2
158 7
160 17
162 19
164 21
168 5
175 17
177 13
183 7
185 15
187 3
194 10
195 6
201 16
203 15
205 11
211 13
216 10
219 6
226 12
233 18
234 14
240 15
242 17
244 19
246 12
252 16
254 5
260 7
263 11
270 14
277 15
279 12
286 13
291 12
297 6
305 18
306 8
308 18
309 18
310 8
313 18
314 12
322 5
329 14
336 3
343 3
350 18
351 12
357 8
360 12
367 3
373 21
377 18
378 2
388 17
390 13
395 11
402 3
409 6
416 1
425 18
426 10
428 21
432 6
438 17
440 19
442 19
444 20
446 12
452 19
454 18
455 17
457 14
463 4
470 5
477 7
480 6
487 7
489 7
492 11
498 5
504 20
506 16
508 10
510 18
511 12
519 11
525 2
535 3
542 5
549 12
557 19
559 14
566 13
572 11
578 19
580 16
582 1
591 18
592 2
602 17
604 12
612 18
613 2
623 14
630 15
632 10
635 2
645 14
651 18
652 5
658 4
666 10
667 9
668 5
675 1
685 17
687 16
689 8
692 7
694 1
704 17
706 13
712 11
718 11
724 14
731 6
738 16
740 3
747 12
755 21
759 17
761 19
763 16
765 17
767 20
769 9
771 3
778 20
780 10
783 9
785 3
791 15
793 3
799 7
802 11
809 4
817 11
824 15
826 9
828 18
829 18
830 3
837 17
839 12
847 10
850 2
860 16
862 2
873 4
880 18
881 17
883 15
885 2
895 18
896 17
898 5
905 20
907 21
911 6
918 18
919 21
923 17
925 1
934 21
938 15
940 11
947 14
953 15
955 11
962 8
966 15
968 11
975 12
983 15
985 9
987 11
994 11
1001 12
1007 16
1009 10
1012 17
1014 9
1015 11
1021 18
1022 10
1025 11
1031 1
1041 11
1047 16
1049 8
1051 1
1060 20
1062 17
1064 12
1071 11
1077 11
1083 7
1086 12
1092 17
1094 13
1100 9
1101 1
1110 11
1117 17
1119 11
1125 15
1127 12
1135 9
1137 8
1139 16
1141 11
1148 18
1149 15
1151 4
1158 15
1160 4
1168 7
1170 21
1174 11
1180 12
1188 7
1190 16
1192 21
1196 11
1203 13
1208 7
1210 20
1212 17
1214 1
1223 12
1231 7
1233 11
1239 20
1241 21
1245 16
1247 16
1249 12
1255 3
1261 12
1267 11
1274 15
1276 15
1278 15
1280 10
1282 17
1284 15
1286 15
1288 4
1295 8
1297 18
1298 18
1299 2
1308 17
1310 20
1312 11
1318 21
1322 3
1328 14
1333 12
1340 13
1345 15
1347 14
1354 12
1360 21
1364 12
1371 13
1377 21
1381 21
1385 21
1389 18
1390 13
1395 15
1397 12
1404 17
1406 3
1413 6
1420 20
1422 4
1429 8
1431 11
1437 6
1444 11
1451 21
1455 20
1457 7
1460 7
1462 7
1464 20
1466 9
1468 17
1470 12
1476 19
1478 6
1485 5
1492 7
1494 10
1496 12
1504 10
1506 6
1513 16
1515 21
1519 16
1521 9
1523 7
1525 4
1532 4
1539 18
1540 14
1545 16
1547 18
1548 20
1550 20
1552 9
1554 2
1563 15
1565 14
1570 16
1572 11
1579 11
1585 10
1586 11
1593 12
1601 1
1610 18
1611 15
1613 17
1615 20
1617 21
1621 14
1627 9
1628 1
1638 2
1649 20
1651 12
1657 12
1664 21
1668 17
1670 9
1671 11
1678 13
1684 10
1686 5
1693 12
1701 11
1707 5
1714 2
1724 3
1730 12
1737 19
1739 4
1745 14
1751 12
1757 11
1763 3
1770 16
1772 4
1780 8
1784 6
1791 6
1798 18
1799 11
1805 17
1807 20
1809 17
1811 18
1812 1
1822 4
1829 14
1836 7
1839 11
1846 9
1848 11
1855 12
1861 11
1867 17
1869 12
1877 11
1884 11
1890 14
1895 6
1902 5
1909 2
1919 18
1920 18
1921 15
1923 11
1929 14
1935 12
1942 12
1949 15
1951 17
1953 12
1959 1
1969 14
1975 12
1982 20
1984 18
1985 3
1991 10
1992 5
1999 20
2001 11
2008 11
2015 20
2017 11
2023 18
2024 16
2026 18
2027 6
2035 19
2037 4
2045 9
2047 1
2056 11
2063 10
2065 10
2067 12
2075 16
2077 10
2079 16
2081 2
2090 11
2096 19
2098 16
2100 14
2105 10
2107 13
2113 4
2121 14
2127 16
2129 11
2135 18
2136 15
2138 18
2139 9
2140 21
2144 4
2150 12
2157 12
2163 13
2169 18
2170 8
2172 2
2182 16
2184 11
2191 14
2198 4
2206 12
2213 2
2223 15
2225 13
2230 19
2232 20
2234 14
2240 6
2247 18
2248 7
2251 12
2258 1
2267 9
2268 8
2270 10
2272 12
2279 4
2285 21
2289 7
2292 20
2294 11
2301 1
2310 12
2317 3
2323 16
2325 10
2326 10
2327 16
2329 6
2336 11
2342 12
2350 11
2357 12
2364 7
2367 2
2376 15
2378 18
2379 12
2385 15
2387 18
2388 3
2395 1
2404 19
2406 18
2407 8
2411 19
2413 12
2420 18
2421 21
2425 11
2431 3
2438 16
2440 13
2445 3
2451 12
2458 6
2465 16
2467 12
2474 10
2477 6
2484 6
2491 17
2493 11
2499 12
2505 12
2512 6
2519 21
2523 16
2525 16
2527 18
2528 7
2531 11
2537 13
2543 11
2550 7
2552 20
2554 10
2557 6
2564 2
2574 11
2580 18
2581 11
2587 11
2594 18
2595 3
2601 20
2603 9
2604 1
2614 4
2622 3
2629 2
2639 12
2647 19
2649 5
2655 12
2662 8
2665 8
2668 9
2669 15
2671 16
2673 18
2674 11
2681 14
2687 5
2694 11
2701 12
2707 20
2709 6
2717 12
2725 8
2727 10
2730 11
2737 12
2743 19
2745 11
2751 12
2758 11
2764 6
2772 9
2773 3
2779 15
2781 10
2782 12
2789 9
2790 11
2797 9
2798 3
2805 11
2811 14
2817 21
2821 3
2828 18
2829 11
2835 11
2842 13
2848 12
2855 12
2862 15
2864 13
2869 8
2871 7
2874 13
2880 12
2888 4
2895 13
2900 18
2901 17
2903 8
2907 8
2909 4
2917 11
2924 18
2925 11
2932 12
2939 20
2941 20
2943 5
2950 7
2952 17
2954 21
2958 20
2960 19
2962 11
2968 18
2969 11
2976 9
2978 12
2984 18
2985 10
2987 5
2993 14
3000 4
3006 15
3008 12
3014 12
3020 1
3030 8
3033 11
3039 6
3047 2
3058 16
3060 10
3062 20
3064 12
3070 3
3077 12
3084 7
3086 19
3088 15
3090 9
3091 12
3099 21
3103 12
3111 2
3120 12
3127 18
3128 7
3131 10
3133 1
3143 7
3145 17
3147 12
3155 12
3162 11
3169 6
3176 20
3178 5
3184 19
3186 18
3187 20
3189 20
3191 6
3199 12
3205 11
3211 8
3214 19
3216 7
3218 6
3225 6
3232 18
3233 10
3235 4
3241 15
3243 2
3253 11
3260 17
3262 18
3263 5
3269 13
3274 8
3277 10
3279 9
3280 10
3281 16
3283 14
3288 13
3294 11
3301 7
3303 11
3310 14
3317 1
3327 18
3328 3
3334 14
3341 18
3342 4
3349 13
3354 19
3356 21
3360 3
3366 2
3377 13
3382 2
3391 11
3397 4
3404 6
3411 17
3413 7
3416 11
3422 7
3424 14
3430 3
3437 9
3439 18
3440 11
3447 5
3454 8
3458 11
3464 1
3473 16
3475 4
3482 1
3491 4
3499 17
3501 20
3503 21
3507 15
3509 3
3516 7
3519 17
3521 12
3527 19
3529 7
3531 7
3534 18
3535 13
3540 2
3549 11
3555 15
3557 15
3559 3
3565 15
3567 12
3574 3
3581 12
3588 12
3596 21
3600 14
3605 19
3607 7
3609 2
3619 12
3626 16
3628 16
3630 10
3632 2
3642 12
3648 4
3655 8
3659 20
3661 19
3663 8
3666 18
3667 18
3668 2
3677 5
3684 9
3686 15
3688 17
3690 12
3697 2
3707 17
3709 21
3713 2
3723 21
3727 2
3737 11
3743 9
3745 8
3748 4
3755 2
3765 18
3766 12
3772 8
3776 9
3778 6
3784 9
3786 13
3792 19
3794 18
3795 7
3797 12
3805 17
3807 12
3813 15
3815 14
3821 15
3823 9
3824 14
3831 14
3836 17
3838 21
3842 4
3850 15
3852 12
3858 1
3867 18
3868 14
3874 12
3881 4
3887 7
3890 12
3897 20
3899 14
3904 11
3911 21
3915 8
3918 13
3923 13
3929 6
3936 3
3943 16
3945 11
3952 17
3954 18
3955 20
3957 8
3961 8
3965 12
3971 21
3975 12
3982 15
3984 5
3990 9
3991 6
3998 12
4005 12
4012 10
4014 7
4017 11
4023 7
4025 7
4027 19
4029 20
4031 11
4038 10
4040 8
4042 5
4049 1
4059 2
4070 11
4076 7
4078 9
4079 12
4086 9
4087 2
4096 17
4098 16
4100 11
4107 16
4109 20
4111 9
4112 3
4119 15
4121 9
4123 18
4124 11
4131 13
4136 3
4142 15
4144 18
4145 18
4146 16
4148 15
4150 6
4156 8
4159 7
4161 14
4167 4
4174 11
4180 11
4186 13
4192 6
4199 11
4206 4
4213 11
4219 11
4225 11
4231 11
4238 10
4240 10
4242 3
4249 4
4256 2
4265 5
4272 18
4273 15
4275 4
4283 12
4290 11
4297 16
4299 3
4305 18
4306 12
4314 16
4316 7
4319 11
4325 9
4327 8
4329 10
4330 12
4336 11
4343 12
4350 16
4352 11
4358 11
4364 3
4371 6
4377 2
4386 11
4393 18
4394 11
4400 20
4402 20
4404 11
4410 7
4412 10
4414 11
4420 11
4427 2
4436 16
4438 8
4440 13
4445 1
4455 10
4456 6
4463 10
4465 11
4472 12
4479 21
4483 21
4487 19
4489 15
4491 7
4493 21
4497 18
4498 5
4504 1
4513 13
4519 5
4525 18
4526 12
4533 16
4535 18
4536 18
4537 14
4542 4
4548 3
4555 13
4560 20
4562 11
4568 3
4575 21
4579 9
4580 2
4590 11
4596 15
4598 16
4600 6
4608 17
4610 11
4616 15
4618 11
4625 6
4633 2
4643 17
4645 7
4647 10
4648 12
4655 17
4657 7
4659 8
4662 18
4663 4
4670 4
4678 20
4680 2
4691 9
4692 13
4697 12
4703 15
4705 12
4712 12
4720 9
4722 15
4724 12
4731 3
4737 12
4745 11
4751 1
4760 20
4762 1
4771 5
4777 5
4784 11
4791 10
4794 3
4800 21
4804 14
4810 11
4816 1
4825 11
4831 11
4838 12
4846 21
4850 18
4851 18
4852 17
4854 5
4860 11
4867 10
4869 10
4872 7
4875 7
4877 18
4878 12
4886 16
4888 21
4892 11
4898 20
4900 7
4903 3
4910 13
4915 20
4917 11
4924 12
4931 13
4937 18
4938 12
4945 12
4953 9
4954 19
4956 12
4963 4
4970 9
4972 5
4979 16
4981 17
4983 16
4985 11
4991 11
4998 17
5000 11
5007 12
5013 18
5014 8
5017 16
5019 18
5020 12
5027 19
5029 18
5030 16
5032 13
5038 12
5045 12
5052 10
5055 12
5062 15
5064 13
5069 13
5075 8
5078 12
5085 5
5091 12
5098 11
5105 19
5107 14
5113 2
5124 15
5126 6
5134 10
5136 11
5142 9
5144 3
5151 17
5153 4
5161 19
5163 9
5165 18
5166 10
5168 6
5175 11
5182 11
5189 12
5196 18
5197 4
5204 12
5211 10
5213 21
5217 14
5222 12
5229 18
5230 12
5237 1
5246 5
5252 17
5254 9
5256 21
5260 13
5266 16
5268 17
5270 15
5272 11
5279 8
5281 2
5291 2
5300 8
5303 7
5305 20
5307 5
5314 18
5315 10
5316 16
5318 8
5322 15
5324 12
5330 6
5337 18
5338 6
5345 21
5349 14
5354 18
5355 11
5361 9
5363 12
5370 1
5379 15
5381 20
5383 20
5385 17
5387 14
5392 8
5395 12
5401 18
5402 12
5410 18
5411 21
5415 12
5421 6
5428 10
5429 9
5431 12
5437 9
5438 5
5444 12
5451 17
5453 17
5455 10
5457 2
5466 20
5468 14
5474 20
5476 13
5481 11
5488 12
5495 7
5498 4
5505 10
5508 6
5514 13
5519 17
5521 11
5527 15
5529 5
5535 5
5541 12
5549 16
5551 7
5554 8
5558 18
5559 5
5566 20
5568 19
5570 1
5579 4
5585 21
5589 10
5591 12
5598 18
5599 13
5605 4
5611 6
5618 3
5625 19
5627 12
5633 15
5635 14
5641 5
5648 12
5655 11
5662 11
5669 11
5675 21
5679 18
5680 8
5682 14
5688 11
5695 15
5697 15
5699 18
5700 14
5706 1
5716 14
5721 10
5723 13
5729 7
5732 7
5735 17
5737 5
5743 19
5745 9
5746 18
5747 13
5752 21
5756 18
5757 18
5758 12
5765 16
5767 16
5769 15
5771 15
5773 15
5775 9
5776 15
5778 3
5785 12
5791 13
5797 17
5799 7
5802 14
5808 5
5815 18
5816 18
5817 17
5819 12
5827 20
5829 11
5835 8
5838 20
5840 17
5842 1
5852 4
5859 3
5866 12
5874 7
5876 21
5880 21
5884 20
5886 6
5894 18
5895 18
5896 12
5903 12
5909 9
5911 1
5921 7
5923 19
5925 19
5927 16
5929 15
5931 6
5939 5
5946 15
5948 15
5950 20
5952 19
5954 7
5956 14
5963 14
5969 6
5975 21
5979 11
5985 6
5991 6
5998 2
6009 18
6010 11
6017 10
6019 11
6026 3
6033 4
6040 13
6046 11
6052 12
6059 2
6070 9
6072 9
6074 21
6078 21
6082 12
6089 2
6099 12
6107 12
6115 12
6121 21
6125 17
6127 7
6130 7
6132 14
6138 6
6145 12
6151 6
6158 18
6159 11
6165 20
6167 11
6174 11
6181 12
6188 20
6190 8
6192 21
6196 8
6199 5
6206 18
6207 4
6214 11
6220 5
6227 11
6234 8
6238 5
6244 10
6246 16
6248 2
6258 2
6268 21
6272 12
6280 11
6286 10
6287 11
6293 11
6299 18
6300 1
6310 9
6311 9
6313 11
6319 10
6322 3
6329 12
6336 5
6343 14
6349 4
6356 19
6358 13
6364 9
6366 13
6372 11
6378 19
6380 7
6383 18
6384 10
6385 10
6386 19
6388 12
6395 4
6401 18
6402 11
6409 19
6411 6
6419 9
6420 12
6427 18
6428 12
6436 2
6447 12
6454 13
6459 9
6460 1
6470 18
6471 3
6477 7
6479 18
6480 7
6482 12
6490 16
6492 15
6494 3
6500 15
6502 19
6504 14
6510 14
6516 10
6517 13
6522 10
6524 7
6526 17
6528 2
6538 16
6540 8
6542 2
6551 12
6558 8
6562 9
6563 9
6564 11
6571 12
6577 14
6584 2
6594 21
6598 16
6600 12
6607 11
6614 6
6621 18
6622 2
6632 9
6633 18
6634 19
6636 19
6638 18
6639 11
6645 13
6651 9
6653 16
6655 10
6656 15
6658 8
6662 16
6664 14
6670 5
6677 1
6686 4
6693 15
6695 14
6702 12
6709 18
6710 1
6719 21
6723 15
6725 8
6728 4
6736 8
6738 9
6740 9
6741 11
6747 11
6753 3
6759 9
6761 17
6763 13
6769 5
6775 11
6781 4
6788 15
6790 5
6796 9
6797 6
6804 11
6811 2
6821 9
6823 9
6824 12
6831 8
6834 1
6843 8
6846 17
6848 9
6849 14
6856 17
6858 16
6860 1
6870 11
6877 5
6884 18
6885 15
6887 21
6891 18
6892 16
6894 7
6897 15
6899 7
6902 11
6909 15
6911 11
6918 21
6922 15
6924 20
6926 19
6928 15
6930 14
6936 12
6944 7
6946 18
6947 17
6949 18
6950 2
6960 10
6962 3
6968 11
6975 7
6978 8
6981 19
6983 18
6984 17
6986 15
6988 12
6995 7
6998 19
7000 20
7002 9
7004 18
7005 8
7009 10
7011 18
7012 14
7017 21
7021 9
7023 21
7027 18
7028 18
7029 1
7039 11
7045 17
7047 13
7052 8
7054 3
7060 7
7063 19
7065 6
7071 5
7078 18
7079 8
7082 7
7085 7
7087 18
7088 12
7094 4
7100 11
7106 13
7112 16
7114 15
7116 11
7122 12
7128 20
7130 4
7136 16
7138 21
7142 5
7148 12
7155 16
7157 5
7164 1
7173 10
7175 11
7182 3
7188 21
7192 8
7195 16
7197 15
7199 15
7201 3
7208 1
7218 8
7221 9
7222 13
7227 19
7229 15
7231 11
7237 8
7241 21
7245 12
7253 10
7255 21
7259 10
7260 18
7261 16
7263 4
7271 21
7275 11
7281 17
7283 11
7290 16
7292 14
7297 1
7306 19
7308 8
7311 17
7313 12
7319 1
7329 6
7336 7
7339 18
7340 3
7347 6
7355 14
7361 12
7369 21
7373 12
7380 20
7382 16
7384 4
7392 1
7402 12
7408 11
7415 18
7416 12
7423 7
7425 7
7427 18
7428 12
7435 16
7437 14
7442 12
7449 8
7451 15
7453 17
7455 12
7461 10
7464 12
7471 11
7478 1
7488 18
7489 19
7491 11
7498 9
7499 1
7508 12
7514 2
7524 12
7531 4
7538 15
7540 11
7547 17
7549 3
7556 3
7562 6
7569 18
7570 13
7576 18
7577 11
7584 17
7586 6
7594 18
7595 12
7602 8
7605 4
7612 20
7614 12
7620 11
7627 10
7629 8
7632 21
7636 21
7640 16
7642 1
7652 6
7658 15
7660 7
7663 14
7669 7
7671 16
7673 17
7675 5
7682 11
7688 11
7694 12
7700 7
7702 17
7704 16
7706 12
7713 3
7719 14
7724 12
7730 11
7737 11
7743 16
7745 17
7747 1
7757 9
7758 11
7764 2
7774 11
7781 14
7788 11
7795 9
7796 3
7802 12
7808 9
7810 17
7812 12
7819 2
7829 6
7836 9
7837 4
7843 15
7845 7
7848 6
7854 7
7857 11
7863 3
7870 21
7874 2
7883 3
7889 18
7890 15
7892 11
7898 9
7900 18
7901 3
7908 20
7910 3
7917 4
7925 3
7931 13
7937 3
7943 12
7950 12
7957 14
7962 18
7963 17
7965 13
7970 8
7972 13
7978 15
7980 14
7985 12
7992 21
7996 18
7997 4
8003 19
8005 5
8011 2
8021 13
8027 11
8034 19
8036 11
8042 5
8048 12
8055 13
8061 16
8063 5
8070 21
8074 5
8081 20
8083 8
8086 8
8089 2
8100 5
8107 5
8113 16
8115 15
8117 3
8124 7
8126 11
8132 3
8138 19
8140 21
8144 12
8152 15
8154 18
8155 20
8157 1
8166 16
8168 2
8177 17
8179 5
8186 13
8192 1
8201 18
8202 15
8204 1
8214 4
8220 19
8222 10
8223 14
8228 15
8230 11
8236 18
8237 2
8248 12
8255 16
8257 11
8263 3
8270 8
8272 12
8280 4
8287 17
8289 6
8295 20
8297 5
8304 9
8305 2
8316 6
8323 13
8329 15
8331 14
8338 11
8344 10
8347 6
8353 12
8360 18
8361 15
8363 17
8365 12
8372 9
8374 16
8376 10
8377 12
8383 8
8386 13
8392 14
8399 2
8410 19
8412 17
8414 18
8415 12
8422 20
8424 5
8430 1
8440 2
8449 9
8451 11
8458 10
8461 13
8467 10
8470 21
8474 12
8480 2
8490 1
8499 1
8509 13
8514 4
8521 6
8529 14
8535 20
8537 3
8543 3
8550 16
8552 12
8559 10
8562 5
8569 6
8577 5
8584 9
8586 12
8594 9
8595 13
8600 11
8606 18
8607 6
8614 2
8625 5
8631 8
8634 11
8640 18
8641 5
8647 12
8655 6
8661 14
8667 6
8674 4
8681 16
8683 12
8690 14
8697 19
8699 11
8705 13
8711 11
8718 11
8725 15
8727 3
8734 9
8735 13
8740 5
8747 12
8754 4
8762 16
8764 6
8771 14
8778 13
8783 21
8787 18
8788 20
8790 9
8792 8
8795 18
8796 15
8798 18
8799 15
8801 5
8807 18
8808 1
8817 6
8825 18
8826 13
8831 12
8838 7
8840 16
8842 21
8846 11
8852 18
8853 19
8855 4
8861 17
8863 12
8871 20
8873 13
8878 7
8881 18
8882 13
8887 13
8892 13
8898 5
8905 7
8908 11
8915 17
8917 10
8919 8
8921 18
8922 11
8928 17
8930 20
8932 5
8938 11
8945 6
8951 14
8956 18
8957 7
8959 2
8969 1
8978 10
8981 4
8988 14
8994 21
8998 9
9000 7
9003 12
9010 16
9012 21
9016 21
9020 13
9026 20
9028 19
9030 10
9032 13
9037 9
9038 15
9040 21
9044 7
9046 11
9053 20
9055 20
9057 7
9059 9
9061 6
9067 11
9073 15
9075 11
9082 11
9089 12
9096 10
9097 12
9103 19
9105 20
9107 11
9113 2
9123 11
9129 9
9130 12
9138 3
9144 4
9150 5
9157 11
9164 14
9171 15
9173 2
9183 17
9185 18
9186 20
9188 16
9190 18
9191 9
9193 9
9195 18
9196 17
9198 6
9205 11
9212 17
9214 6
9221 4
9228 16
9230 7
9233 15
9235 8
9237 18
9238 16
9240 8
9243 11
9249 12
9255 12
9262 2
9271 17
9273 15
9275 21
9279 12
9287 6
9293 2
9302 11
9308 4
9315 10
9317 4
9325 1
9335 7
9337 15
9339 9
9341 9
9343 12
9351 3
9357 16
9359 9
9360 19
9362 6
9369 21
9373 11
9379 1
9389 5
9396 6
9402 14
9408 3
9414 9
9415 15
9417 12
9425 4
9433 21
9437 11
9444 11
9450 21
9454 18
9455 7
9457 12
9464 12
9471 12
9477 12
9484 8
9487 16
9489 12
9497 10
9499 16
9501 18
9502 16
9504 2
9514 8
9518 12
9525 11
9531 4
9538 13
9543 15
9545 13
9550 12
9558 18
9559 19
9561 11
9568 6
9575 12
9581 11
9588 2
9598 17
9600 11
9606 10
9608 4
9616 11
9623 18
9624 20
9626 18
9627 20
9629 12
9637 10
9640 12
9647 15
9649 2
9659 20
9661 1
9671 8
9675 2
9685 5
9691 19
9693 18
9694 18
9695 16
9697 11
9704 8
9707 16
9709 11
9715 18
9716 11
9722 21
9726 4
9734 8
9737 13
9743 16
9745 11
9752 18
9753 1
9763 11
9769 1
9778 3
9785 19
9787 4
9795 19
9797 10
9798 8
9800 7
9803 2
9813 17
9815 19
9817 2
9828 7
9831 2
9842 1
9852 9
9854 17
9856 15
9858 9
9859 11
9865 16
9867 11
9873 4
9880 15
9882 13
9888 1
9898 3
9904 11
9910 7
9913 12
9921 11
9927 7
9929 15
9931 21
9935 20
9937 11
9944 5
9950 2
9961 16
9963 21
9967 10
9969 10
9971 21
9975 20
9977 14
9983 20
9985 9
9986 11
9992 17
9994 5
10000 6
10006 7
10008 15
10010 19
10012 11
10019 11
10026 7
10028 18
10029 12
10035 11
10041 15
10043 7
10045 5
10051 7
10054 14
10061 21
10065 7
10067 18
10068 11
10074 5
10080 1
10089 12
10097 12
10104 20
10106 12
10113 1
10122 15
10124 5
10130 7
10132 10
10135 6
10141 11
10148 20
10150 19
10152 17
10154 13
10160 10
10161 12
10169 19
10171 13
10177 18
10178 12
10186 14
10192 8
10196 11
10202 8
10206 3
10213 3
10220 6
10226 7
10229 15
10231 11
10238 12
10245 21
10249 2
10259 12
10266 14
10272 12
10279 5
10285 16
10287 13
10293 18
10294 11
10300 21
10304 8
10307 18
10308 20
10310 1
10319 11
10326 6
10333 19
10335 6
10342 7
10344 11
10350 20
10352 19
10354 20
10356 21
10360 14
10365 18
10366 18
10367 16
10369 4
10376 6
10384 11
10390 21
10394 2
10404 11
10410 17
10412 3
10418 3
10425 6
10431 15
10433 4
10439 3
10446 14
10451 16
10453 4
10459 14
10464 20
10466 19
10468 19
10470 2
10481 1
10490 17
10492 19
10494 8
10498 8
10502 13
10507 12
10514 10
10516 16
10518 9
10519 6
10526 15
10528 1
10537 5
10544 12
10550 11
10556 11
10562 11
10569 13
10574 16
10576 16
10578 19
10580 18
10581 11
10587 11
10593 11
10600 15
10602 17
10604 16
10606 10
10609 12
10615 19
10617 16
10619 6
10626 18
10627 11
10634 13
10639 17
10641 1
10650 14
10657 10
10660 8
10664 14
10669 18
10670 21
10674 11
10680 13
10685 14
10691 14
10696 21
10700 19
10702 12
10709 21
10713 15
10715 9
10717 4
10725 2
10735 8
10738 7
10741 10
10742 12
10749 19
10751 21
10755 9
10756 16
10758 5
10764 17
10766 2
10776 5
10782 19
10784 11
10790 16
10792 15
10794 8
10796 18
10797 6
10805 18
10806 21
10810 8
10813 12
10821 14
10827 17
10829 9
10830 8
10832 10
10834 11
10841 20
10843 16
10845 3
10852 11
10859 13
10865 20
10867 10
10869 6
10876 10
10878 7
10880 11
10887 18
10888 11
10894 15
10896 11
10903 16
10905 16
10907 20
10909 16
10911 14
10917 11
10924 18
10925 15
10927 12
10934 20
10936 1
10945 14
10950 16
10952 14
10959 15
10961 3
10968 15
10970 11
10976 12
10983 11
10989 13
10994 19
10996 2
11006 15
11008 11
11014 13
11020 10
11022 8
11026 2
11036 20
11038 18
11039 2
11050 12
11057 9
11058 19
11060 5
11067 14
11073 20
11075 4
11082 12
11088 11
11095 12
11102 1
11112 11
11119 7
11121 11
11128 11
11134 18
11135 10
11138 7
11140 4
11147 11
11154 18
11155 12
11163 7
11166 20
11168 1
11178 14
11185 11
11192 7
11195 11
11202 12
11210 16
11212 4
11218 11
11225 21
11229 18
11230 10
11231 19
11233 11
11240 3
11247 21
11251 5
11257 1
11266 12
11273 11
11280 13
11286 2
11295 16
11297 16
11299 3
11306 16
11308 11
11314 11
11321 5
11327 11
11334 13
11339 17
11341 11
11347 9
11349 17
11351 21
11355 19
11357 12
11363 6
11369 19
11371 4
11379 12
11386 12
11393 7
11395 8
11397 4
11405 7
11407 7
11410 5
11417 1
11426 6
11433 11
11440 16
11442 4
11449 12
11456 14
11462 10
11465 8
11467 14
11473 1
11483 10
11484 18
11485 11
11491 4
11498 13
11504 11
11510 1
11519 18
11520 18
11521 8
11523 10
11525 20
11527 19
11529 7
11531 12
11538 12
11546 18
11547 4
11555 11
11562 16
11564 19
11566 13
11571 2
11581 13
11586 2
11596 19
11598 16
11600 9
11602 18
11603 12
11611 4
11618 11
11625 3
11631 17
11633 11
11639 13
11644 4
11651 11
11658 1
11668 15
11670 11
11677 17
11679 19
11681 5
11687 12
11693 18
11694 5
11700 21
11704 11
11711 9
11712 8
11715 16
11717 7
11719 19
11721 8
11723 17
11725 17
11727 14
11732 18
11733 21
11737 13
11742 15
11744 10
11746 11
11753 15
11755 4
11762 18
11763 18
11764 11
11770 10
11771 8
11774 12
11781 12
11787 12
11793 11
11799 14
11806 16
11808 11
11814 13
11820 18
11821 15
11823 12
11829 7
11831 2
11842 7
11844 14
11850 19
11852 20
11854 3
11860 20
11862 7
11865 21
11869 16
11871 12
11878 17
11880 13
11886 7
11888 1
11897 3
11903 10
11905 12
11913 6
11919 16
11921 9
11922 6
11928 15
11930 18
11931 12
11939 13
11945 6
11952 15
11954 5
11961 18
11962 1
11971 12
11977 13
11983 8
11985 15
11987 5
11993 19
11995 9
11996 12
12004 9
12006 12
12014 12
12020 21
12024 17
12026 1
12035 18
12036 16
12038 12
12044 11
12050 18
12051 14
12056 12
12063 1
12072 11
12079 12
12087 9
12088 12
12095 3
12101 11
12107 14
12113 19
12115 15
12117 9
12118 13
12123 7
12125 13
12130 4
12138 3
12144 9
12146 3
12152 9
12153 9
12155 8
12157 2
12167 6
12174 16
12176 11
12183 11
12190 20
12192 11
12199 9
12200 16
12202 12
12209 8
12212 8
12215 12
12222 18
12223 5
12230 12
12236 8
12238 7
12241 5
12248 18
12249 16
12251 11
12257 9
12259 19
12261 10
12264 3
12271 16
12273 7
12275 12
12282 16
12284 11
12291 11
12297 4
12304 11
12310 2
12319 13
12325 18
12326 8
12328 4
12336 11
12343 21
12347 5
12353 19
12355 5
12362 5
12369 9
12371 2
12381 4
12387 3
12393 9
12394 13
12399 12
12405 11
12412 6
12420 11
12426 11
12433 17
12435 14
12440 6
12448 12
12455 1
12464 15
12466 6
12473 18
12474 2
12483 11
12489 1
12499 20
12501 18
12502 15
12504 10
12506 19
12508 2
12518 11
12525 8
12527 11
12534 12
12541 20
12543 20
12545 18
12546 5
12552 5
12558 11
12564 13
12569 2
12580 12
12586 18
12587 15
12589 11
12596 6
12602 11
12608 13
12613 8
12616 11
12623 21
12627 14
12634 11
12640 11
12646 19
12648 15
12650 10
12651 8
12653 12
12660 2
12670 15
12672 14
12677 11
12683 18
12684 13
12690 21
12694 17
12696 18
12697 11
12703 19
12705 12
12713 11
12719 8
12721 2
12730 2
12741 11
12747 7
12750 1
12759 2
12769 16
12771 4
12778 11
12784 11
12791 7
12793 7
12795 20
12797 2
12807 11
12814 18
12815 21
12819 15
12821 9
12822 12
12829 12
12835 12
12842 6
12848 19
12850 15
12852 10
12855 20
12857 9
12858 21
12862 18
12863 15
12865 17
12867 10
12869 2
12879 12
12887 4
12895 18
12896 11
12903 12
12910 20
12912 17
12914 14
12920 12
12928 12
12935 11
12942 11
12949 12
12956 9
12957 16
12959 12
12966 18
12967 4
12974 12
12981 6
12988 15
12990 20
12992 13
12997 7
12999 14
13005 16
13007 11
13014 14
13020 11
13026 11
13033 14
13039 4
13045 2
13055 21
13059 12
13067 14
13073 13
13079 15
13081 11
13087 11
13093 17
13095 13
13100 12
13107 4
13113 17
13115 12
13122 12
13129 6
13137 18
13138 8
13140 15
13142 16
13144 11
13150 9
13151 5
13157 19
13159 6
13165 16
13167 7
13169 12
13177 1
13186 11
13192 13
13198 18
13199 15
13201 4
13209 5
13215 18
13216 11
13223 12
13229 19
13231 17
13233 15
13235 11
13241 15
13243 18
13244 20
13246 9
13247 16
13249 11
13255 12
13262 4
13269 12
13276 11
13282 15
13284 15
13286 12
13292 13
13297 1
13307 10
13309 11
13315 9
13316 3
13322 20
13324 10
13326 12
13333 12
13341 17
13343 9
13344 21
13348 19
13350 4
13357 11
13363 15
13365 16
13367 18
13368 6
13374 12
13381 16
13383 11
13389 5
13396 18
13397 12
13404 16
13406 12
13413 21
13417 6
13424 12
13431 18
13432 13
13437 16
13439 9
13440 18
13441 16
13443 16
13445 12
13452 9
13453 7
13455 18
13456 12
13463 11
13470 16
13472 17
13474 4
13481 3
13488 12
13496 18
13497 10
13499 10
13502 12
