2959
1 11
8 21
12 7
14 21
18 18
19 19
21 12
27 7
29 13
34 14
41 11
47 1
56 10
58 11
65 8
68 12
75 5
81 17
83 9
84 20
86 11
93 4
101 6
107 6
114 4
120 16
122 14
128 12
136 12
143 20
145 14
150 15
152 3
159 15
161 11
167 8
170 17
172 21
176 18
177 7
179 20
181 16
183 4
189 13
194 14
201 12
209 11
215 18
216 16
218 3
225 14
230 8
233 6
240 4
248 18
249 17
251 11
257 11
264 8
268 20
270 12
278 19
280 14
286 12
294 21
298 13
303 17
305 13
311 15
313 11
320 15
322 11
328 15
330 15
332 6
339 6
345 9
347 11
353 14
359 19
361 16
363 19
365 3
371 21
375 11
382 17
384 10
387 17
389 9
391 7
394 2
405 2
416 4
424 15
426 2
437 6
444 5
450 15
452 14
458 18
459 12
466 1
476 7
479 12
486 11
492 8
495 11
502 18
503 3
510 7
513 17
515 7
517 13
523 1
533 9
534 11
541 12
548 12
554 2
564 16
566 11
572 7
575 8
579 11
586 12
594 4
600 7
602 3
609 12
616 9
618 20
620 13
626 11
632 17
634 5
640 6
647 4
653 17
655 21
659 15
661 10
663 16
665 9
667 6
673 18
674 12
681 10
682 11
689 7
691 8
694 11
701 16
703 3
709 2
719 13
724 11
730 2
740 12
748 9
750 15
752 4
760 11
766 5
772 8
775 21
779 9
781 11
787 18
788 15
790 3
796 11
803 18
804 18
805 13
811 6
818 12
824 14
830 16
832 20
834 1
844 14
850 11
856 11
863 16
865 4
873 13
879 12
886 18
887 10
889 1
898 19
900 21
904 8
908 17
910 14
915 14
922 8
925 12
932 2
942 18
943 19
945 20
947 18
948 18
949 12
957 18
958 12
964 5
971 12
978 15
980 11
987 2
998 13
1004 12
1010 3
1017 5
1024 8
1027 19
1029 8
1031 14
1036 14
1041 12
1048 11
1055 6
1061 11
1067 12
1073 2
1083 17
1085 2
1095 12
1102 20
1104 11
1111 11
1118 18
1119 6
1126 18
1127 8
1130 14
1135 6
1141 1
1150 14
1157 8
1160 10
1162 15
1164 20
1166 3
1172 2
1182 4
1189 11
1196 6
1204 14
1209 11
1215 12
1223 13
1228 14
1234 12
1241 12
1248 12
1255 14
1260 13
1266 21
1270 1
1280 11
1287 6
1294 19
1296 7
1298 8
1302 11
1308 15
1310 19
1312 3
1318 14
1325 16
1327 16
1329 16
1331 12
1338 5
1344 2
1353 14
1359 18
1360 16
1362 9
1363 13
1368 18
1369 16
1371 10
1372 16
1374 4
1380 15
1382 20
1384 1
1394 6
1400 11
1406 12
1414 18
1415 19
1417 14
1422 3
1429 11
1436 10
1439 12
1446 1
1455 12
1462 20
1464 7
1466 15
1468 17
1470 18
1471 8
1474 8
1477 11
1483 5
1489 14
1494 15
1496 11
1503 6
1510 11
1517 11
1524 13
1530 15
1532 18
1533 17
1535 15
1537 8
1539 18
1540 15
1542 10
1545 8
1549 5
1555 17
1557 18
1558 16
1560 5
1567 12
1575 17
1577 20
1579 19
1581 12
1587 14
1592 8
1594 12
1602 12
1610 10
1612 11
1618 11
1624 5
1630 1
1640 11
1646 20
1648 11
1655 15
1657 19
1659 14
1664 14
1671 3
1677 18
1678 16
1680 7
1683 1
1692 17
1694 11
1701 10
1703 18
1704 16
1706 10
1707 19
1709 11
1715 20
1717 15
1719 12
1726 5
1732 11
1738 14
1744 18
1745 14
1751 16
1753 14
1760 5
1766 1
1776 12
1784 9
1785 11
1792 19
1794 15
1796 20
1798 15
1800 19
1802 14
1807 18
1808 11
1814 1
1824 1
1833 11
1840 11
1847 2
1856 19
1858 7
1860 16
1862 18
1863 15
1865 6
1872 19
1874 11
1880 6
1887 1
1897 4
1903 18
1904 11
1911 4
1919 1
1928 8
1931 12
1939 1
1949 21
1953 17
1955 13
1960 2
1970 3
1977 4
1983 17
1985 14
1992 7
1995 19
1997 12
2004 3
2011 5
2017 2
2027 17
2029 17
2031 5
2038 13
2044 21
2048 7
2051 10
2053 20
2055 18
2056 19
2058 19
2060 21
2064 12
2071 2
2080 17
2082 17
2084 20
2086 9
2088 13
2093 12
2100 18
2101 1
2110 18
2111 1
2121 16
2123 21
2127 16
2129 13
2134 21
2138 11
2145 11
2152 12
2159 19
2161 12
2168 10
2170 10
2172 8
2175 18
2176 1
2186 12
2192 11
2198 6
2205 6
2212 16
2214 12
2222 2
2231 17
2233 6
2239 17
2241 12
2247 18
2248 10
2249 9
2251 12
2257 2
2266 11
2273 2
2283 2
2294 15
2296 8
2298 12
2305 8
2307 18
2308 3
2314 17
2316 5
2322 11
2328 13
2334 8
2336 18
2337 9
2338 9
2340 11
2347 6
2354 11
2361 1
2371 16
2373 5
2380 16
2382 8
2386 12
2392 10
2395 8
2398 18
2399 10
2402 13
2407 12
2414 2
2424 2
2434 6
2441 7
2444 10
2446 19
2448 16
2450 4
2458 10
2460 9
2461 19
2463 12
2470 17
2472 20
2474 11
2480 21
2484 8
2486 11
2492 11
2498 18
2499 17
2501 11
2507 16
2509 11
2516 6
2522 18
2523 5
2530 11
2536 8
2538 11
2544 4
2551 16
2553 18
2554 8
2558 18
2559 7
2562 7
2564 18
2565 8
2567 18
2568 4
2574 13
2579 10
2581 8
2584 9
2586 16
2588 19
2590 11
2596 1
2605 14
2610 14
2615 12
2623 11
2629 14
2634 4
2641 19
2643 21
2647 10
2650 12
2657 12
2664 8
2667 14
2672 17
2674 1
2684 18
2685 11
2692 20
2694 5
2701 19
2703 11
2710 20
2712 14
2718 13
2724 1
2734 16
2736 11
2743 4
2750 11
2757 12
2763 12
2771 4
2778 1
2787 13
2793 16
2795 13
2801 12
2807 11
2814 20
2816 4
2823 18
2824 17
2826 3
2833 1
2843 12
2849 14
2854 9
2855 21
2859 16
2861 14
2867 1
2877 11
2884 7
2887 20
2889 9
2891 13
2896 8
2900 12
2907 12
2914 18
2915 11
2921 2
2930 12
2938 13
2944 5
2950 16
2952 18
2953 7
2956 2
2967 18
2968 11
2975 16
2977 18
2978 11
2985 8
2988 21
2992 11
2998 20
3000 16
3002 6
3009 7
3011 19
3013 14
3020 11
3026 4
3033 2
3042 18
3043 12
3050 7
3052 11
3058 15
3060 9
3062 12
3068 4
3075 16
3077 10
3078 18
3079 19
3081 15
3083 17
3085 15
3087 12
3094 11
3101 18
3102 15
3104 11
3111 17
3113 19
3115 16
3117 10
3119 5
3125 11
3132 11
3138 16
3140 21
3144 11
3150 11
3156 8
3159 4
3167 1
3177 20
3179 20
3181 2
3191 3
3197 11
3204 3
3210 12
3216 5
3222 2
3232 18
3233 4
3240 18
3241 11
3247 18
3248 20
3250 21
3254 13
3259 2
3269 3
3275 11
3281 3
3287 12
3294 18
3295 8
3298 19
3300 11
3306 13
3311 7
3314 18
3315 2
3325 5
3331 6
3338 12
3345 16
3347 7
3349 6
3357 14
3362 3
3368 13
3374 8
3376 1
3386 9
3388 1
3397 6
3405 19
3407 15
3409 12
3416 2
3426 4
3434 7
3436 15
3438 14
3443 3
3450 15
3452 9
3454 2
3465 3
3472 7
3474 14
3480 13
3486 14
3491 6
3499 1
3509 4
3515 21
3519 3
3525 11
3531 18
3532 19
3534 11
3541 20
3543 11
3549 14
3555 18
3556 16
3558 11
3564 8
3568 5
3575 7
3577 9
3578 20
3580 4
3586 15
3588 11
3595 12
3603 6
3610 5
3616 12
3623 3
3630 11
3636 20
3638 3
3645 11
3652 16
3654 4
3662 17
3664 2
3674 5
3680 2
3691 18
3692 11
3698 12
3705 18
3706 20
3708 5
3714 11
3721 21
3725 2
3735 8
3739 4
3746 16
3748 17
3750 18
3751 18
3752 12
3759 4
3766 11
3773 8
3775 9
3776 19
3778 17
3780 7
3783 2
3793 6
3799 1
3809 9
3810 11
3817 13
3822 18
3823 13
3828 2
3838 5
3845 16
3847 12
3854 20
3856 12
3862 19
3864 9
3865 3
3872 12
3878 4
3885 10
3887 14
3893 17
3895 17
3897 11
3903 4
3910 19
3912 18
3913 11
3919 19
3921 4
3928 15
3930 13
3936 7
3938 11
3945 9
3947 11
3953 14
3959 16
3961 1
3971 18
3972 1
3982 9
3984 17
3986 17
3988 16
3990 11
3996 12
4002 19
4004 5
4011 8
4013 7
4015 20
4017 8
4019 10
4020 12
4028 17
4030 1
4039 19
4041 12
4049 11
4056 21
4060 3
4066 17
4068 3
4075 5
4081 2
4090 18
4091 15
4093 13
4098 2
4108 11
4114 11
4121 15
4123 19
4125 10
4128 9
4129 18
4130 13
4136 16
4138 11
4145 18
4146 11
4153 18
4154 2
4164 15
4166 5
4173 12
4179 16
4181 13
4187 16
4189 8
4191 15
4193 12
4200 5
4207 18
4208 20
4210 21
4214 9
4215 11
4222 13
4228 12
4235 11
4242 6
4249 6
4256 2
4267 20
4269 9
4271 5
4278 9
4280 12
4287 19
4289 16
4291 2
4300 12
4306 12
4312 11
4318 3
4325 11
4331 11
4337 12
4345 5
4352 5
4358 4
4366 15
4368 11
4374 11
4380 5
4386 12
4394 3
4400 2
4410 12
4417 4
4423 2
4433 11
4439 3
4445 12
4451 20
4453 14
4459 18
4460 11
4467 11
4474 8
4476 4
4482 15
4484 20
4486 5
4492 18
4493 18
4494 2
4504 3
4511 12
4517 15
4519 2
4529 12
4536 8
4538 11
4545 18
4546 2
4555 18
4556 5
4563 11
4569 8
4573 12
4579 15
4581 16
4583 8
4586 18
4587 6
4594 19
4596 16
4598 16
4600 15
4602 12
4609 11
4615 7
4617 13
4622 17
4624 9
4626 11
4633 1
4642 18
4643 7
4646 21
4650 18
4651 11
4658 20
4660 5
4666 9
4668 16
4670 7
4673 7
4675 1
4684 19
4686 5
4692 13
4698 12
4704 4
4710 16
4712 18
4713 13
4719 1
4728 11
4735 18
4736 21
4740 13
4745 19
4747 11
4753 17
4755 14
4761 15
4763 6
4770 12
4778 13
4783 18
4784 2
4795 11
4802 14
4809 12
4816 16
4818 6
4825 18
4826 9
4828 13
4833 11
4840 15
4842 15
4844 11
4850 11
4856 12
4863 3
4870 14
4876 12
4884 8
4887 20
4889 1
4898 20
4900 8
4903 16
4905 19
4907 11
4913 17
4915 21
4919 9
4921 4
4928 12
4936 16
4938 11
4945 16
4947 16
4949 14
4955 11
4961 9
4963 10
4966 15
4968 11
4974 11
4981 18
4982 18
4983 11
4989 12
4996 12
5002 2
5011 1
5021 2
5031 2
5040 20
5042 12
5049 13
5054 9
5055 11
5061 9
5062 4
5069 8
5073 7
5076 18
5077 11
5083 9
5084 3
5091 11
5098 4
5106 1
5115 9
5116 14
5122 12
5129 15
5131 14
5137 17
5139 12
5146 18
5147 18
5148 20
5150 17
5152 12
5159 13
5165 12
5173 11
5179 11
5185 16
5187 6
5194 8
5198 18
5199 12
5207 11
5213 11
5219 12
5225 8
5228 11
5235 18
5236 2
5246 3
5253 6
5261 16
5263 14
5269 12
5277 8
5280 18
5281 5
5287 1
5297 14
5302 7
5304 8
5306 18
5307 2
5316 16
5318 2
5327 3
5333 21
5337 3
5343 12
5350 10
5352 11
5359 9
5361 6
5367 11
5374 2
5385 4
5391 13
5396 11
5402 11
5408 11
5415 3
5422 4
5429 20
5431 15
5433 20
5435 9
5436 18
5437 3
5444 14
5450 6
5457 5
5463 20
5465 7
5467 16
5469 18
5470 3
5476 1
5485 11
5491 11
5497 15
5499 4
5506 18
5507 16
5509 4
5516 21
5520 19
5522 18
5523 12
5531 12
5539 18
5540 4
5547 5
5553 4
5560 14
5565 13
5570 15
5572 9
5574 12
5581 14
5587 6
5594 19
5596 8
5600 11
5607 21
5611 11
5618 11
5624 11
5631 18
5632 13
5638 3
5644 12
5651 21
5655 21
5659 12
5666 8
5668 2
5679 21
5683 8
5686 9
5688 16
5690 10
5693 13
5699 16
5701 9
5703 19
5705 19
5707 4
5713 12
5720 9
5721 18
5722 12
5729 3
5735 12
5742 20
5744 3
5751 20
5753 16
5755 4
5761 2
5771 4
5777 5
5784 12
5790 5
5796 13
5802 18
5803 21
5807 17
5809 5
5816 8
5819 4
5827 15
5829 12
5836 2
5847 7
5850 12
5857 11
5863 11
5869 11
5875 14
5881 11
5888 17
5890 18
5891 12
5897 16
5899 4
5906 19
5908 18
5909 12
5916 7
5919 18
5920 3
5926 16
5928 13
5933 13
5938 2
5949 12
5957 14
5964 18
5965 20
5967 9
5969 1
5978 10
5980 7
5983 11
5989 11
5995 6
6002 13
6008 19
6010 2
6021 5
6027 2
6036 14
6043 4
6051 12
6058 13
6064 1
6073 11
6080 2
6090 17
6092 17
6094 16
6096 18
6097 21
6101 18
6102 14
6107 3
6114 13
6119 11
6126 11
6132 15
6134 4
6140 10
6143 11
6150 12
6157 11
6163 1
6173 16
6175 3
6182 17
6184 9
6185 12
6192 19
6194 20
6196 11
6202 14
6207 3
6213 3
6219 18
6220 4
6228 16
6230 1
6240 9
6242 16
6244 6
6252 18
6253 2
6263 11
6269 2
6279 11
6285 14
6291 12
6298 21
6302 19
6304 12
6311 8
6313 7
6316 13
6321 17
6323 4
6331 19
6333 11
6340 6
6346 17
6348 19
6350 11
6356 12
6363 18
6364 21
6368 14
6374 12
6380 7
6382 18
6383 9
6384 12
6392 1
6402 4
6410 21
6414 19
6416 16
6418 16
6420 18
6421 7
6424 1
6434 11
6440 17
6442 5
6449 11
6455 11
6462 18
6463 9
6465 14
6472 11
6478 21
6482 11
6488 6
6495 15
6497 21
6501 1
6510 12
6517 21
6521 19
6523 17
6525 8
6528 9
6529 10
6531 15
6533 19
6535 21
6539 18
6540 6
6548 13
6553 21
6557 8
6561 8
6564 5
6571 11
6578 18
6579 2
6589 8
6593 4
6600 4
6606 19
6608 11
6614 4
6620 18
6621 4
6627 10
6628 14
6634 3
6641 14
6648 15
6650 8
6653 7
6656 18
6657 10
6659 16
6661 18
6662 18
6663 6
6671 12
6678 10
6679 12
6686 12
6694 11
6701 6
6709 21
6713 14
6720 11
6726 11
6732 16
6734 12
6741 18
6742 6
6749 11
6755 2
6764 16
6766 6
6773 20
6775 1
6784 10
6787 21
6791 19
6793 18
6794 13
6799 6
6807 12
6814 10
6815 12
6821 9
6823 18
6824 9
6825 7
6828 12
6836 3
6842 21
6846 9
6847 19
6849 16
6851 11
6857 21
6861 3
6867 15
6869 5
6876 13
6881 18
6882 10
6885 4
6892 21
6896 18
6897 21
6901 5
6907 12
6914 4
6921 13
6926 17
6928 11
6935 8
6938 11
6944 5
6950 16
6952 18
6953 18
6954 8
6957 5
6963 15
6965 17
6967 2
6978 10
6980 19
6982 11
6988 5
6994 13
6999 12
7006 2
7017 12
7024 20
7026 7
7028 20
7030 11
7037 9
7038 19
7040 2
7051 20
7053 16
7055 21
7059 9
7061 9
7062 8
7064 12
7071 11
7077 11
7084 19
7086 7
7089 6
7096 2
7105 21
7109 4
7115 11
7121 8
7123 18
7124 9
7126 5
7133 6
7139 16
7141 16
7143 18
7144 1
7154 8
7157 15
7159 2
7168 18
7169 17
7171 3
7178 5
7184 5
7191 17
7193 20
7195 2
7205 15
7207 21
7211 18
7212 20
7214 17
7216 10
7217 18
7218 11
7224 11
7231 13
7236 10
7238 11
7244 2
7255 7
7258 14
7264 9
7266 16
7268 18
7269 12
7277 12
7284 11
7290 3
7297 15
7299 17
7301 6
7309 9
7310 18
7311 4
7318 14
7324 12
7331 11
7337 20
7339 6
7347 14
7353 1
7362 18
7363 12
7370 21
7374 4
7382 15
7384 14
7391 4
7398 7
7400 11
7406 12
7414 4
7420 6
7426 4
7433 14
7439 12
7445 2
7455 11
7461 20
7463 11
7470 5
7476 10
7479 4
7486 17
7488 18
7489 1
7498 17
7500 4
7507 5
7513 9
7515 11
7521 20
7523 11
7530 18
7531 16
7533 11
7539 13
7545 4
7551 5
7557 17
7559 13
7564 12
7570 20
7572 11
7579 10
7581 20
7583 16
7585 12
7592 13
7597 17
7599 12
7605 11
7611 11
7618 10
7621 17
7623 14
7629 15
7631 9
7632 9
7634 8
7638 20
7640 21
7644 2
7654 12
7662 4
7669 11
7675 18
7676 17
7678 14
7684 11
7691 9
7692 12
7700 2
7711 16
7713 18
7714 18
7715 4
7722 9
7724 3
7731 17
7733 5
7739 18
7740 4
7747 14
7753 1
7763 2
7772 15
7774 19
7776 5
7782 10
7784 19
7786 6
7793 11
7800 2
7809 16
7811 18
7812 5
7819 6
7826 8
7830 12
7838 7
7841 16
7843 13
7849 11
7856 12
7863 10
7865 7
7867 16
7869 20
7871 11
7878 16
7880 20
7882 21
7886 3
7893 5
7900 9
7901 5
7907 15
7909 11
7915 10
7916 8
7918 11
7924 15
7926 11
7932 13
7938 1
7948 9
7950 5
7957 18
7958 17
7960 3
7967 2
7978 18
7979 6
7985 7
7988 14
7993 5
7999 18
8000 18
8001 11
8007 18
8008 14
8014 19
8016 7
8018 1
8027 5
8034 8
8037 14
8044 3
8050 3
8056 15
8058 20
8060 12
8066 15
8068 7
8071 2
8081 11
8088 9
8090 19
8092 10
8094 12
8100 18
8101 11
8108 20
8110 12
8118 14
8124 13
8130 9
8132 16
8134 3
8140 3
8146 17
8148 1
8158 11
8165 15
8167 21
8171 9
8172 7
8175 17
8177 11
8184 17
8186 14
8192 10
8194 7
8197 5
8203 21
8207 19
8209 11
8215 15
8217 8
8220 13
8226 8
8229 21
8233 5
8240 19
8242 17
8244 11
8251 11
8258 11
8264 12
8270 2
8280 18
8281 12
8288 17
8290 4
8297 14
8303 11
8309 10
8312 11
8318 3
8325 16
8327 16
8329 20
8331 12
8338 20
8340 8
8343 12
8351 18
8352 8
8354 14
8361 18
8362 9
8364 13
8369 16
8371 2
8381 17
8383 15
8385 8
8389 18
8390 9
8391 1
8400 19
8402 7
8405 18
8406 11
8413 8
8416 1
8425 11
8431 11
8437 5
8443 5
8449 20
8451 14
8457 3
8463 20
8465 10
8467 20
8469 12
8476 12
8483 14
8489 6
8495 3
8502 14
8508 12
8515 7
8517 18
8518 13
8524 2
8534 2
8543 17
8545 12
8553 16
8555 13
8561 12
8569 11
8575 10
8577 20
8579 12
8585 12
8592 11
8599 6
8607 12
8615 20
8617 13
8622 18
8623 11
8629 11
8636 7
8639 7
8641 16
8643 19
8645 15
8647 15
8649 16
8651 11
8657 8
8659 8
8663 16
8665 3
8671 5
8678 4
8685 12
8692 3
8699 18
8700 12
8708 8
8711 5
8717 11
8723 1
8732 18
8733 12
8741 11
8748 18
8749 21
8753 11
8760 15
8762 18
8763 11
8770 11
8777 21
8781 6
8788 18
8789 5
8795 12
8802 12
8808 17
8810 6
8817 4
8823 3
8829 5
8836 3
8842 11
8848 8
8850 9
8851 2
8860 2
8869 8
8871 11
8878 11
8884 6
8890 20
8892 1
8901 4
8909 11
8916 18
8917 17
8919 1
8929 1
8938 16
8940 12
8946 11
8952 2
8962 12
8970 12
8977 4
8983 4
8989 16
8991 9
8992 12
9000 5
9006 11
9012 9
9014 4
9020 8
9024 3
9030 12
9037 14
9043 10
9046 12
9053 12
9061 14
9066 9
9068 5
9075 4
9083 2
9093 12
9101 2
9112 12
9119 17
9121 13
9126 2
9137 11
9143 18
9144 20
9146 17
9148 2
9157 18
9158 7
9160 3
9167 16
9169 3
9175 20
9177 14
9182 17
9184 6
9190 18
9191 9
9193 2
9203 1
9213 5
9219 12
9226 3
9233 17
9235 11
9241 5
9247 11
9253 8
9256 15
9258 7
9261 12
9268 10
9270 16
9272 10
9275 4
9282 20
9284 13
9289 13
9294 12
9301 12
9308 1
9318 18
9319 5
9326 16
9328 6
9334 15
9336 12
9342 12
9348 15
9350 7
9352 12
9358 12
9366 19
9368 15
9370 9
9372 12
9378 18
9379 9
9380 17
9382 5
9389 20
9391 14
9397 15
9399 4
9405 1
9414 16
9416 13
9421 6
9428 20
9430 2
9439 18
9440 15
9442 10
9444 9
9446 21
9450 6
9456 14
9461 15
9463 1
9472 15
9474 2
9484 3
9491 15
9493 18
9494 3
9500 6
9507 4
9513 21
9517 7
9520 12
9528 10
9531 13
9537 19
9539 10
9542 10
9544 21
9548 8
9552 11
9559 16
9561 12
9569 5
9575 10
9578 18
9579 8
9582 18
9583 11
9590 12
9598 11
9605 20
9607 4
9614 9
9616 14
9621 21
9625 7
9627 3
9633 5
9639 18
9640 14
9646 7
9648 16
9650 19
9652 17
9654 5
9660 15
9662 6
9668 1
9678 10
9679 12
9686 4
9693 18
9694 10
9697 4
9705 11
9711 11
9717 14
9723 15
9725 19
9727 20
9729 20
9731 19
9733 4
9740 6
9746 2
9756 15
9758 1
9768 12
9775 3
9781 2
9791 4
9798 11
9805 15
9807 11
9813 12
9820 14
9827 6
9834 14
9840 18
9841 17
9843 11
9850 9
9852 10
9853 11
9859 4
9865 19
9867 20
9869 8
9872 3
9878 18
9879 11
9885 13
9890 12
9897 6
9904 12
9911 7
9913 11
9920 16
9922 11
9928 2
9938 9
9940 17
9942 4
9950 13
9955 11
9962 7
9965 12
9973 9
9975 11
9982 15
9984 14
9990 16
9992 6
9998 3
10005 18
10006 11
10012 10
10015 19
10017 15
10019 11
10026 4
10034 15
10036 5
10043 7
10046 18
10047 20
10049 12
10056 12
10063 3
10070 14
10075 4
10083 7
10085 7
10088 12
10094 19
10096 17
10098 2
10107 18
10108 7
10111 20
10113 2
10123 12
10130 17
10132 6
10138 8
10142 14
10148 21
10152 14
10159 6
10166 14
10171 19
10173 11
10179 19
10181 11
10188 3
10194 15
10196 3
10203 17
10205 2
10216 3
10223 21
10227 11
10234 20
10236 20
10238 19
10240 16
10242 20
10244 8
10246 10
10247 11
10253 4
10260 8
10263 18
10264 6
10271 19
10273 4
10281 12
10289 11
10296 10
10299 11
10306 11
10313 21
10317 18
10318 11
10325 4
10332 2
10342 1
10351 7
10353 10
10356 20
10358 8
10362 3
10369 4
10376 17
10378 15
10380 5
10386 6
10393 18
10394 8
10397 2
10407 15
10409 17
10411 9
10412 3
10419 11
10425 4
10431 9
10433 10
10436 12
10443 20
10445 15
10447 16
10449 11
10456 20
10458 18
10459 4
10466 12
10474 12
10481 11
10488 15
10490 9
10492 20
10494 5
10501 11
10507 15
10509 16
10511 6
10518 9
10520 12
10528 18
10529 13
10534 16
10536 9
10538 18
10539 17
10541 19
10543 9
10545 1
10554 18
10555 4
10562 21
10566 12
10573 6
10580 21
10584 11
10591 20
10593 12
10599 11
10605 2
10615 12
10623 14
10629 1
10638 20
10640 6
10647 8
10651 3
10658 11
10664 20
10666 17
10668 11
10675 9
10677 8
10680 10
10681 12
10687 16
10689 8
10691 12
10699 13
10704 18
10705 18
10706 9
10708 5
10714 18
10715 21
10719 14
10726 6
10732 10
10735 11
10741 4
10749 6
10756 21
10760 15
10762 18
10763 11
10770 16
10772 12
10780 12
10787 1
10797 11
10804 16
10806 18
10807 12
10814 9
10816 18
10817 12
10824 7
10827 14
10833 11
10840 9
10842 3
10848 9
10850 12
10857 11
10864 11
10870 12
10877 21
10881 11
10888 15
10890 16
10892 18
10893 9
10894 8
10896 10
10899 18
10900 5
10907 3
10913 13
10919 12
10926 13
10931 14
10938 12
10945 2
10954 11
10961 16
10963 18
10964 3
10970 4
10977 16
10979 11
10986 1
10995 7
10998 11
11004 7
11007 2
11018 4
11024 1
11033 12
11039 12
11046 13
11051 11
11058 18
11059 4
11067 18
11068 14
11075 16
11077 13
11082 11
11089 11
11095 18
11096 5
11102 13
11108 14
11115 6
11122 1
11131 3
11138 11
11144 18
11145 13
11150 11
11157 17
11159 18
11160 12
11166 19
11168 12
11174 18
11175 14
11181 15
11183 12
11190 11
11197 15
11199 20
11201 19
11203 14
11209 12
11216 2
11227 21
11231 16
11233 20
11235 12
11241 17
11243 15
11245 6
11252 9
11254 18
11255 17
11257 17
11259 5
11266 11
11273 18
11274 1
11284 21
11288 12
11295 17
11297 19
11299 18
11300 6
11307 21
11311 6
11317 19
11319 13
11325 10
11327 14
11333 15
11335 11
11341 15
11343 21
11347 14
11353 8
11356 2
11366 15
11368 18
11369 15
11371 3
11377 7
11379 19
11381 6
11388 11
11395 18
11396 16
11398 12
11405 12
11413 15
11415 13
11421 12
11428 8
11432 20
11434 20
11436 4
11444 1
11454 12
11461 11
11468 11
11474 21
11478 12
11485 11
11492 3
11498 11
11505 20
11507 9
11508 11
11514 18
11515 11
11522 15
11524 19
11526 1
11535 21
11539 18
11540 17
11542 19
11544 18
11545 17
11547 1
11557 9
11559 6
11565 19
11567 11
11574 12
11580 15
11582 19
11584 2
11594 21
11598 11
11604 12
11611 21
11615 17
11617 18
11618 20
11620 13
11625 3
11632 9
11633 8
11636 20
11638 15
11640 12
11647 6
11654 17
11656 16
11658 3
11665 11
11672 17
11674 2
11684 6
11691 20
11693 20
11695 14
11701 12
11707 10
11708 14
11715 21
11719 6
11726 1
11736 15
11738 12
11745 12
11752 6
11759 12
11767 19
11769 21
11773 12
11781 5
11787 16
11789 6
11796 11
11802 10
11804 11
11811 5
11818 12
11824 21
11828 20
11830 16
11832 10
11835 11
11842 8
11845 5
11851 7
11853 18
11854 11
11860 6
11868 9
11869 8
11872 3
11879 15
11881 2
11890 11
11897 18
11898 18
11899 11
11905 4
11911 19
11913 12
11920 6
11927 1
11936 18
11937 7
11940 7
11942 12
11948 5
11954 17
11956 5
11962 5
11969 10
11971 6
11978 16
11980 15
11982 15
11984 11
11991 1
12001 20
12003 11
12010 10
12012 2
12022 18
12023 7
12026 12
12033 18
12034 20
12036 12
12043 7
12045 4
12053 18
12054 17
12056 12
12063 11
12070 11
12077 3
12084 12
12092 19
12094 6
12101 12
12108 15
12110 8
12114 9
12116 11
12123 11
12130 5
12136 3
12142 18
12143 8
12146 19
12148 13
12153 14
12159 5
12166 3
12173 15
12175 19
12177 4
12184 21
12188 20
12190 5
12197 18
12198 11
12204 17
12206 12
12214 11
12221 11
12227 5
12234 21
12238 21
12242 12
12249 3
12256 5
12262 21
12266 2
12277 12
12285 2
12296 3
12303 10
12305 3
12311 2
12321 6
12327 7
12330 12
12338 19
12340 11
12346 21
12350 8
12352 18
12353 21
12357 20
12359 10
12360 9
12361 10
12363 1
12372 18
12373 13
12379 11
12385 9
12386 8
12390 21
12394 2
12403 18
12404 13
12410 8
12413 18
12414 6
12422 12
12428 12
12435 2
12445 21
12449 20
12451 9
12453 4
12460 9
12461 20
12463 17
12465 18
12466 5
12473 1
12483 12
12490 15
12492 5
12499 6
12506 18
12507 21
12511 20
12513 14
12520 17
12522 19
12524 14
12530 14
12537 11
12543 3
12549 8
12553 15
12555 7
12557 1
12566 12
12574 15
12576 4
12582 10
12585 11
12591 5
12598 13
12604 17
12606 12
12613 14
12620 19
12622 11
12629 4
12636 5
12642 6
12648 2
12657 12
12664 20
12666 17
12668 7
12670 12
12677 2
12686 10
12687 11
12694 11
12700 14
12706 15
12708 19
12710 7
12712 12
12719 12
12727 4
12734 8
12737 12
12744 11
12750 2
12760 4
12766 11
12773 1
12783 6
12789 13
12795 4
12801 18
12802 11
12809 5
12816 15
12818 17
12820 4
12828 7
12830 14
12835 5
12842 20
12844 2
12854 11
12861 12
12868 3
12874 4
12881 17
12883 12
12890 8
12892 9
12893 19
12895 15
12897 15
12899 11
12906 20
12908 7
12911 9
12913 10
12915 12
12922 18
12923 16
12925 9
12926 3
12933 12
12941 16
12943 6
12949 2
12958 2
12968 11
12975 12
12983 17
12985 18
12986 6
12992 12
12999 4
13006 6
13014 4
13022 11
13029 11
13035 11
13042 11
13049 7
13051 15
13053 6
13060 2
13070 2
13079 20
13081 12
13087 8
13090 15
13092 12
13098 13
13103 3
13110 18
13111 18
13112 18
13113 21
13117 2
13127 11
13134 10
13135 15
13137 11
13143 16
13145 12
13152 11
13159 8
13162 15
13164 16
13166 18
13167 15
13169 6
13175 9
13177 11
13183 2
13194 10
13197 15
13199 19
13201 9
13203 11
13209 8
13213 1
13223 12
13229 5
13236 11
13243 2
13254 4
13260 12
13268 6
13276 2
13287 19
13289 18
13290 12
13296 17
13298 15
13300 11
13306 12
13313 5
13320 12
13327 14
13333 13
13338 13
13343 11
13350 20
13352 7
13354 8
13357 11
13363 5
13370 6
13377 17
13379 2
13388 10
13390 15
13392 12
13399 3
13405 1
13414 19
13416 12
13422 11
13429 10
13430 3
13436 1
13446 4
13453 14
13459 11
13465 8
13467 21
13471 14
13477 19
13479 8
13483 20
13485 18
13486 14
13493 16
13495 11
13501 9
13502 12
13508 11
13515 17
13517 21
13521 16
13523 10
13526 18
13527 21
13531 1
13541 9
13542 12
13550 8
13553 7
13555 11
13562 21
13566 9
13568 21
13572 12
13578 11
13585 3
13592 12
13598 11
13604 21
13608 11
13614 11
13620 18
13621 19
13623 11
13629 4
13635 6
13642 13
13647 3
13654 17
13656 17
13658 21
13662 6
13669 15
13671 2
13680 12
13688 19
13690 6
13696 12
13702 6
13708 2
13717 7
13719 7
13722 16
13724 2
13734 12
13741 12
13748 16
13750 21
13754 17
13756 16
13758 5
13764 11
13770 16
13772 9
13774 9
13775 11
13782 7
13785 9
13786 12
13793 12
13801 5
13807 12
13815 1
13825 6
13832 9
13834 10
13836 12
13842 7
13844 15
13846 18
13847 11
13854 12
13862 14
13867 1
13877 13
13883 1
13892 11
13898 12
13904 4
13911 12
13918 18
13919 7
13922 5
13929 2
13940 15
13942 14
13948 2
13957 11
13963 8
