2959
1 10
2 17
4 19
6 18
7 6
13 17
15 6
21 21
25 21
29 15
31 18
32 11
38 19
40 6
46 4
52 18
53 11
60 1
69 13
74 19
76 5
82 13
88 11
95 18
96 15
98 17
100 2
111 17
113 15
115 12
121 10
124 4
132 19
134 4
142 12
150 17
152 11
158 10
161 10
164 16
166 18
167 21
171 15
173 11
179 18
180 10
181 14
186 4
192 9
194 13
199 7
202 14
209 1
218 17
220 21
224 18
225 15
227 3
234 18
235 10
236 20
238 19
240 18
241 3
247 4
255 7
257 9
258 3
265 11
271 1
281 20
283 17
285 18
286 13
292 13
297 11
303 15
305 12
313 7
315 14
322 21
326 15
328 14
333 4
339 1
348 12
354 12
362 8
366 3
372 11
379 16
381 17
383 2
392 19
394 12
400 12
406 12
412 2
421 12
429 21
433 8
437 18
438 11
445 12
451 3
457 18
458 7
460 19
462 18
463 2
472 11
479 1
488 6
494 21
498 2
507 18
508 12
514 4
520 6
526 17
528 21
532 15
534 2
545 18
546 11
552 5
559 7
562 3
569 19
571 12
577 20
579 6
587 3
593 20
595 11
601 18
602 8
604 15
606 15
608 20
610 18
611 14
616 7
618 17
620 19
622 14
629 5
635 11
642 11
648 9
649 20
651 7
653 5
659 11
665 19
667 15
669 11
675 6
683 10
684 11
691 2
700 21
704 9
705 15
707 18
708 3
714 14
719 15
721 6
727 15
729 18
730 18
731 19
733 11
739 12
745 12
751 18
752 20
754 12
760 4
766 7
768 15
770 20
772 5
779 13
784 19
786 10
789 7
792 6
800 5
807 8
811 12
819 8
821 14
826 18
827 8
829 18
830 17
832 19
834 1
844 21
848 17
850 12
858 11
864 18
865 11
872 4
878 1
888 11
895 9
896 12
904 14
911 18
912 18
913 5
919 17
921 7
923 10
924 11
930 8
932 1
941 19
943 14
948 10
949 15
951 17
953 8
955 12
963 10
966 11
972 10
973 4
979 16
981 9
983 11
990 6
996 15
998 7
1000 17
1002 1
1011 11
1017 4
1025 20
1027 15
1029 20
1031 19
1033 17
1035 15
1037 19
1039 14
1044 21
1048 11
1054 18
1055 8
1057 18
1058 12
1066 10
1069 14
1074 13
1079 4
1087 15
1089 6
1095 19
1097 7
1099 7
1101 11
1107 12
1113 11
1120 1
1130 21
1134 18
1135 19
1137 19
1139 7
1141 7
1143 11
1150 2
1159 1
1169 11
1175 9
1176 12
1182 12
1188 7
1190 14
1197 15
1199 19
1201 18
1202 13
1208 21
1212 15
1214 16
1216 18
1217 1
1226 18
1227 15
1229 15
1231 4
1237 11
1244 4
1252 4
1258 9
1260 12
1266 13
1271 3
1277 11
1283 16
1285 16
1287 11
1294 15
1296 12
1302 11
1309 2
1318 3
1325 4
1331 13
1337 4
1345 19
1347 12
1355 11
1361 2
1370 11
1376 14
1381 17
1383 12
1391 1
1401 15
1403 9
1404 19
1406 16
1408 11
1414 18
1415 18
1416 4
1422 11
1429 1
1439 17
1441 16
1443 19
1445 14
1452 12
1460 12
1466 11
1473 5
1479 17
1481 3
1487 3
1493 13
1498 15
1500 17
1502 4
1508 14
1513 2
1522 17
1524 16
1526 10
1527 11
1533 10
1536 12
1542 12
1550 15
1552 12
1558 16
1560 18
1561 9
1562 4
1570 7
1572 4
1578 14
1583 21
1587 11
1593 2
1604 19
1606 11
1612 8
1616 10
1619 9
1620 21
1624 5
1631 11
1638 18
1639 2
1648 8
1650 12
1658 20
1660 15
1662 10
1665 14
1670 1
1680 20
1682 7
1685 8
1689 8
1691 11
1697 8
1699 2
1708 4
1714 15
1716 8
1718 18
1719 12
1725 15
1727 8
1731 12
1737 5
1744 2
1753 1
1763 9
1764 20
1766 11
1772 21
1776 15
1778 14
1783 11
1789 11
1795 13
1800 15
1802 19
1804 11
1810 13
1816 7
1818 2
1827 20
1829 19
1831 18
1832 10
1835 20
1837 10
1840 21
1844 7
1846 11
1853 11
1859 11
1865 12
1871 9
1873 9
1874 12
1882 19
1884 11
1890 3
1897 17
1899 2
1908 18
1909 3
1915 13
1920 8
1924 18
1925 11
1932 12
1940 16
1942 12
1948 11
1955 3
1961 18
1962 14
1967 12
1975 4
1981 17
1983 16
1985 10
1988 18
1989 15
1991 6
1997 14
2004 12
2010 17
2012 18
2013 14
2018 12
2024 10
2025 2
2036 4
2044 8
2048 13
2054 3
2061 6
2067 14
2072 11
2078 11
2084 19
2086 7
2088 11
2094 21
2098 21
2102 4
2110 4
2118 12
2126 11
2132 15
2134 10
2137 3
2143 11
2149 3
2155 16
2157 21
2161 1
2171 19
2173 11
2179 11
2185 18
2186 17
2188 3
2195 17
2197 11
2204 11
2211 12
2219 10
2222 10
2223 19
2225 15
2227 9
2229 11
2235 14
2240 13
2246 10
2247 18
2248 11
2254 2
2263 1
2272 12
2280 6
2288 13
2293 12
2301 21
2305 16
2307 19
2309 18
2310 10
2313 13
2318 3
2324 21
2328 17
2330 19
2332 6
2340 12
2348 9
2349 7
2352 4
2358 19
2360 8
2364 14
2371 4
2377 13
2382 4
2388 14
2395 19
2397 16
2399 3
2406 4
2414 19
2416 11
2423 12
2431 11
2438 7
2440 4
2448 15
2450 19
2452 13
2458 15
2460 5
2466 18
2467 3
2473 8
2475 18
2476 7
2478 9
2479 5
2486 11
2493 19
2495 11
2501 21
2505 15
2507 12
2513 11
2519 12
2525 12
2531 18
2532 13
2537 11
2544 7
2546 6
2554 15
2556 9
2558 13
2564 12
2572 18
2573 11
2580 9
2582 12
2588 14
2593 6
2601 16
2603 4
2611 2
2620 10
2623 6
2629 19
2631 13
2637 16
2639 1
2648 15
2650 20
2652 12
2658 2
2667 14
2672 12
2678 16
2680 14
2687 17
2689 21
2693 2
2702 15
2704 20
2706 5
2712 8
2716 18
2717 3
2723 13
2728 16
2730 15
2732 12
2738 16
2740 21
2744 1
2753 11
2760 6
2768 17
2770 16
2772 11
2779 18
2780 17
2782 15
2784 20
2786 10
2789 2
2798 21
2802 12
2808 8
2812 21
2816 4
2822 10
2825 3
2831 1
2841 11
2848 1
2857 3
2863 12
2869 12
2877 16
2879 3
2886 1
2896 16
2898 10
2901 17
2903 13
2908 3
2915 8
2919 13
2924 11
2930 13
2936 3
2943 5
2949 11
2956 11
2963 17
2965 11
2971 7
2974 11
2981 2
2992 13
2997 14
3004 6
3012 11
3019 6
3027 13
3033 9
3035 4
3043 18
3044 8
3046 8
3048 5
3055 14
3062 11
3068 12
3074 1
3084 5
3091 4
3097 1
3107 14
3112 20
3114 10
3115 16
3117 6
3125 9
3126 17
3128 4
3134 13
3139 15
3141 1
3150 9
3152 11
3159 10
3160 21
3164 10
3167 11
3174 6
3180 20
3182 18
3183 3
3189 13
3195 6
3201 15
3203 12
3211 14
3218 12
3226 11
3232 11
3238 4
3244 12
3252 5
3259 9
3260 21
3264 15
3266 19
3268 15
3270 6
3276 8
3278 7
3281 21
3285 17
3287 12
3295 21
3299 4
3307 12
3313 9
3315 6
3323 20
3325 4
3333 3
3339 11
3345 1
3355 7
3357 10
3360 3
3367 2
3378 14
3383 20
3385 16
3387 10
3388 8
3392 2
3401 2
3410 12
3416 21
3420 12
3426 20
3428 3
3435 8
3439 11
3445 10
3448 8
3450 11
3456 10
3457 21
3461 19
3463 11
3470 20
3472 18
3473 10
3476 5
3483 12
3489 18
3490 18
3491 12
3497 9
3498 4
3504 1
3513 6
3519 11
3525 8
3529 6
3535 11
3541 8
3543 16
3545 11
3552 17
3554 17
3556 3
3562 12
3570 15
3572 2
3583 12
3589 2
3600 14
3605 12
3613 13
3618 2
3627 14
3632 10
3635 12
3641 15
3643 11
3650 15
3652 9
3654 11
3661 12
3667 15
3669 14
3674 2
3683 5
3690 5
3697 13
3702 18
3703 16
3705 9
3707 20
3709 17
3711 6
3717 21
3721 12
3727 18
3728 3
3734 16
3736 18
3737 14
3742 16
3744 7
3747 11
3754 17
3756 11
3763 21
3767 11
3774 8
3778 12
3784 9
3786 11
3792 12
3798 21
3802 13
3807 15
3809 2
3820 12
3826 14
3831 4
3839 18
3840 21
3844 18
3845 18
3846 14
3851 19
3853 12
3859 20
3861 18
3862 1
3871 10
3874 18
3875 2
3884 13
3889 16
3891 12
3897 20
3899 12
3907 4
3915 7
3918 18
3919 11
3926 21
3930 2
3939 13
3945 10
3946 20
3948 3
3955 18
3956 12
3964 11
3970 12
3978 11
3984 2
3995 20
3997 15
3999 12
4007 11
4013 12
4021 16
4023 20
4025 21
4029 12
4037 18
4038 16
4040 21
4044 14
4051 6
4059 4
4067 21
4071 16
4073 13
4079 17
4081 10
4082 2
4091 12
4097 11
4104 16
4106 4
4112 16
4114 13
4120 12
4128 21
4132 11
4138 12
4146 4
4154 20
4156 7
4159 2
4170 16
4172 11
4178 17
4180 11
4187 12
4193 5
4199 13
4204 12
4212 13
4217 7
4220 5
4226 16
4228 3
4234 1
4244 17
4246 12
4254 7
4257 17
4259 1
4269 14
4274 18
4275 6
4281 4
4289 18
4290 15
4292 12
4298 18
4299 4
4305 6
4313 6
4321 14
4326 8
4328 8
4332 6
4338 17
4340 3
4346 12
4352 21
4356 17
4358 12
4364 2
4373 18
4374 3
4380 9
4382 4
4390 18
4391 19
4393 19
4395 18
4396 20
4398 13
4403 1
4413 18
4414 20
4416 12
4422 9
4424 3
4430 3
4437 2
4446 5
4452 4
4458 12
4464 3
4470 15
4472 3
4478 4
4486 18
4487 11
4494 17
4496 20
4498 4
4506 20
4508 9
4510 13
4515 12
4521 19
4523 13
4529 3
4535 18
4536 13
4541 10
4542 18
4543 2
4552 7
4555 16
4557 18
4558 13
4564 18
4565 4
4571 10
4572 21
4576 10
4579 11
4586 4
4592 6
4598 17
4600 9
4602 16
4604 8
4606 18
4607 1
4616 14
4621 15
4623 18
4624 1
4633 5
4639 12
4647 11
4654 12
4660 16
4662 15
4664 7
4666 20
4668 8
4670 20
4672 11
4679 15
4681 20
4683 12
4691 12
4699 14
4706 3
4713 16
4715 11
4722 12
4730 19
4732 15
4734 17
4736 12
4744 3
4750 15
4752 21
4756 12
4762 16
4764 5
4771 15
4773 3
4780 16
4782 19
4784 20
4786 2
4795 7
4797 1
4806 10
4807 18
4808 16
4810 11
4816 16
4818 17
4820 9
4822 11
4828 11
4835 11
4842 20
4844 2
4855 11
4862 8
4864 21
4868 16
4870 11
4876 21
4880 12
4886 9
4887 11
4894 9
4896 12
4904 10
4905 1
4915 6
4921 4
4927 3
4934 18
4935 10
4938 12
4946 5
4953 6
4961 18
4962 7
4964 3
4970 11
4976 21
4980 12
4986 16
4988 17
4990 18
4991 6
4999 11
5005 16
5007 11
5014 11
5021 19
5023 19
5025 18
5026 12
5034 16
5036 2
5047 11
5054 4
5060 20
5062 15
5064 13
5070 2
5081 20
5083 10
5084 11
5091 21
5095 14
5100 20
5102 6
5108 7
5111 6
5117 2
5128 6
5134 9
5136 16
5138 5
5145 18
5146 17
5148 8
5150 13
5155 9
5156 18
5157 17
5159 11
5165 12
5171 21
5175 21
5179 4
5187 11
5193 11
5200 12
5208 18
5209 7
5211 11
5217 11
5224 16
5226 4
5234 12
5240 6
5248 5
5255 12
5261 1
5271 8
5273 17
5275 19
5277 15
5279 17
5281 20
5283 3
5290 6
5298 11
5305 7
5308 21
5312 5
5319 14
5326 11
5332 9
5333 19
5335 4
5343 10
5346 17
5348 16
5350 6
5356 12
5362 4
5370 1
5379 12
5385 5
5392 11
5398 14
5403 11
5409 19
5411 5
5417 17
5419 3
5425 9
5427 12
5433 12
5439 20
5441 1
5451 11
5457 1
5466 6
5474 7
5476 16
5478 18
5479 13
5484 4
5492 16
5494 10
5495 3
5502 7
5504 18
5505 6
5511 21
5515 5
5521 17
5523 12
5529 17
5531 21
5535 20
5537 12
5543 3
5550 13
5556 11
5563 2
5574 11
5580 12
5586 18
5587 6
5593 19
5595 10
5596 3
5602 12
5610 11
5616 2
5627 8
5629 16
5631 11
5637 5
5644 13
5649 21
5653 3
5660 20
5662 13
5668 5
5674 12
5680 17
5682 9
5684 6
5690 15
5692 18
5693 12
5699 10
5700 1
5709 1
5719 12
5727 20
5729 12
5735 19
5737 3
5743 19
5745 13
5750 1
5760 5
5767 5
5773 3
5779 11
5786 9
5788 11
5794 20
5796 7
5799 1
5808 1
5818 9
5819 15
5821 6
5827 4
5835 18
5836 13
5842 21
5846 11
5853 5
5859 19
5861 11
5867 5
5874 7
5877 16
5879 8
5883 6
5891 11
5898 12
5904 16
5906 12
5912 6
5920 15
5922 16
5924 19
5926 18
5927 18
5928 10
5931 18
5932 18
5933 7
5936 17
5938 9
5939 19
5941 21
5945 21
5949 2
5960 16
5962 11
5969 20
5971 14
5978 2
5989 11
5996 18
5997 12
6005 18
6006 12
6012 11
6019 21
6023 19
6025 17
6027 4
6035 16
6037 18
6038 9
6039 11
6046 1
6055 2
6064 12
6070 18
6071 1
6080 12
6086 16
6088 20
6090 16
6092 4
6098 2
6107 18
6108 7
6110 2
6121 8
6123 3
6130 2
6141 3
6147 9
6149 8
6151 15
6153 6
6159 14
6166 13
6171 4
6177 15
6179 1
6189 5
6196 10
6197 2
6206 12
6214 2
6225 11
6231 1
6240 10
6243 5
6250 11
6256 21
6260 8
6262 11
6268 10
6271 14
6278 21
6282 10
6285 18
6286 8
6290 13
6295 8
6297 3
6303 6
6309 12
6317 12
6323 11
6329 13
6335 16
6337 21
6341 14
6348 17
6350 15
6352 8
6354 5
6361 18
6362 11
6368 1
6377 19
6379 10
6380 20
6382 4
6390 11
6396 9
6397 8
6399 15
6401 11
6407 4
6413 18
6414 1
6424 3
6431 9
6433 13
6438 4
6444 10
6445 4
6451 8
6455 1
6464 20
6466 21
6470 4
6476 3
6483 1
6492 1
6502 18
6503 19
6505 8
6509 21
6513 8
6517 15
6519 14
6526 11
6533 13
6538 11
6544 20
6546 2
6555 6
6561 2
6570 12
6578 4
6584 15
6586 11
6593 15
6595 11
6601 12
6609 9
6610 3
6617 8
6621 20
6623 12
6629 12
6637 9
6638 11
6645 12
6651 2
6660 6
6666 16
6668 4
6674 17
6676 20
6678 14
6685 16
6687 6
6695 18
6696 18
6697 11
6704 9
6705 20
6707 20
6709 12
6715 16
6717 16
6719 10
6720 5
6727 1
6737 18
6738 17
6740 16
6742 9
6744 11
6750 14
6757 12
6763 10
6764 17
6766 11
6772 15
6774 18
6775 20
6777 5
6784 13
6790 12
6798 7
6800 17
6802 12
6810 5
6817 3
6823 9
6825 15
6827 18
6828 14
6835 1
6845 5
6852 6
6858 11
6864 7
6867 5
6873 3
6879 12
6885 18
6886 16
6888 16
6890 5
6897 12
6905 7
6907 6
6915 17
6917 9
6919 11
6925 4
6931 8
6935 14
6940 10
6941 18
6942 14
6949 6
6955 11
6962 16
6964 10
6965 6
6973 10
6976 6
6984 12
6992 7
6994 18
6995 9
6996 11
7003 12
7009 14
7016 11
7023 14
7028 11
7035 11
7042 12
7050 21
7054 11
7061 15
7063 12
7071 14
7076 17
7078 2
7089 12
7095 5
7102 19
7104 14
7111 12
7119 5
7126 18
7127 18
7128 11
7134 15
7136 20
7138 6
7146 12
7152 10
7155 3
7162 16
7164 18
7165 16
7167 7
7170 19
7172 13
7177 14
7184 11
7191 19
7193 8
7197 5
7203 14
7208 4
7216 16
7218 12
7226 3
7232 8
7234 11
7240 11
7247 17
7249 2
7260 2
7271 6
7277 12
7285 21
7289 3
7296 4
7304 18
7305 18
7306 2
7317 12
7325 12
7331 1
7341 2
7350 11
7356 18
7357 14
7362 4
7368 11
7375 12
7381 18
7382 7
7385 16
7387 8
7391 4
7399 16
7401 19
7403 13
7408 19
7410 16
7412 7
7415 9
7417 11
7424 13
7430 12
7436 21
7440 21
7444 17
7446 9
7448 10
7449 2
7460 10
7461 19
7463 19
7465 18
7466 3
7473 21
7477 20
7479 8
7481 19
7483 11
7490 11
7497 5
7503 7
7506 16
7508 2
7517 12
7525 4
7531 12
7537 9
7539 10
7542 14
7549 14
7554 16
7556 17
7558 14
7563 9
7565 18
7566 3
7572 4
7578 5
7584 13
7590 8
7594 5
7600 21
7604 21
7608 7
7610 19
7612 11
7618 10
7619 9
7620 10
7621 18
7622 10
7625 11
7631 16
7633 3
7639 18
7640 9
7641 11
7647 20
7649 7
7652 12
7658 14
7663 5
7670 5
7677 9
7678 18
7679 11
7686 11
7692 8
7694 10
7697 15
7699 17
7701 2
7710 2
7719 15
7721 12
7729 21
7733 12
7741 18
7742 3
7748 11
7755 13
7761 18
7762 8
7766 12
7774 11
7781 16
7783 15
7785 16
7787 11
7793 14
7798 19
7800 21
7804 16
7806 21
7810 2
7821 18
7822 15
7824 4
7830 11
7836 1
7845 7
7847 10
7850 14
7855 8
7859 15
7861 11
7868 6
7876 8
7878 6
7886 11
7892 17
7894 10
7897 14
7904 7
7907 18
7908 11
7914 12
7920 7
7922 12
7928 7
7931 15
7933 16
7935 20
7937 1
7947 9
7949 9
7950 19
7952 1
7961 2
7972 17
7974 11
7980 11
7986 12
7994 8
7998 16
8000 4
8008 21
8012 11
8019 12
8025 11
8032 12
8038 15
8040 14
8045 15
8047 12
8053 20
8055 18
8056 15
8058 10
8059 12
8067 4
8073 11
8079 8
8081 12
8089 8
8093 11
8099 17
8101 12
8109 20
8111 13
8117 15
8119 2
8130 2
8139 2
8148 16
8150 9
8152 15
8154 5
8160 5
8166 12
8174 7
8177 13
8182 19
8184 17
8186 2
8195 18
8196 20
8198 3
8205 21
8209 3
8215 12
8223 8
8227 5
8233 21
8237 16
8239 12
8247 14
8252 7
8255 15
8257 10
8260 12
8268 11
8275 3
8282 20
8284 12
8292 6
8298 7
8301 6
8307 12
8313 5
8320 8
8324 5
8331 4
8337 13
8342 21
8346 18
8347 12
8353 10
8354 4
8360 12
8368 1
8378 11
8385 4
8393 18
8394 13
8399 12
8407 4
8413 6
8419 21
8423 11
8430 1
8439 14
8446 5
8453 17
8455 12
8461 11
8467 15
8469 12
8477 3
8483 6
8489 19
8491 19
8493 15
8495 1
8505 18
8506 12
8512 20
8514 21
8518 1
8527 12
8533 9
8535 4
8543 15
8545 21
8549 15
8551 12
8557 6
8565 21
8569 15
8571 17
8573 16
8575 18
8576 11
8582 12
8588 18
8589 1
8598 19
8600 16
8602 11
8609 9
8611 20
8613 10
8616 15
8618 3
8625 9
8627 3
8634 2
8645 14
8652 19
8654 12
8660 19
8662 12
8668 12
8676 17
8678 18
8679 12
8685 2
8696 7
8698 3
8704 13
8710 4
8716 12
8722 12
8728 12
8736 6
8744 11
8750 16
8752 12
8758 16
8760 8
8762 8
8764 8
8768 18
8769 7
8771 3
8777 5
8783 2
8792 1
8802 3
8809 4
8817 12
8823 3
8829 16
8831 7
8834 16
8836 1
8846 2
8857 2
8868 10
8869 9
8870 12
8876 1
8885 8
8887 11
8893 10
8896 16
8898 2
8909 12
8917 8
8921 6
8929 18
8930 15
8932 16
8934 13
8939 14
8946 11
8952 17
8954 15
8956 4
8962 19
8964 3
8970 13
8976 18
8977 8
8981 12
8989 8
8993 18
8994 7
8997 15
8999 19
9001 12
9009 13
9014 11
9020 11
9026 1
9035 19
9037 4
9045 8
9049 21
9053 1
9063 5
9070 11
9076 6
9084 5
9090 11
9097 12
9105 2
9114 12
9122 2
9131 15
9133 12
9139 12
9145 17
9147 9
9148 8
9152 8
9156 5
9162 5
9169 12
9177 18
9178 11
9185 4
9193 12
9201 15
9203 7
9206 12
9212 14
9219 11
9226 15
9228 3
9235 20
9237 2
9246 15
9248 20
9250 6
9258 7
9260 18
9261 11
9268 1
9278 21
9282 4
9290 16
9292 20
9294 15
9296 8
9298 4
9304 9
9306 12
9314 12
9322 6
9328 18
9329 7
9332 4
9340 11
9347 12
9355 4
9363 10
9366 12
9372 21
9376 11
9382 5
9389 15
9391 21
9395 11
9401 12
9407 8
9409 13
9414 11
9421 6
9427 8
9429 4
9435 12
9443 9
9445 6
9451 18
9452 20
9454 18
9455 2
9464 17
9466 17
9468 11
9475 11
9482 16
9484 11
9491 18
9492 21
9496 4
9502 1
9512 14
9519 2
9530 4
9538 15
9540 13
9545 16
9547 21
9551 1
9560 2
9569 1
9578 15
9580 13
9585 12
9591 16
9593 1
9603 7
9605 7
9608 14
9613 2
9622 10
9623 14
9628 15
9630 11
9636 15
9638 17
9640 9
9641 11
9648 3
9654 2
9665 19
9667 19
9669 14
9674 5
9680 4
9686 9
9687 3
9693 11
9699 6
9707 11
9714 17
9716 6
9724 2
9733 9
9735 21
9739 3
9746 17
9748 9
9750 6
9756 6
9762 18
9763 14
9770 17
9772 12
9778 8
9782 3
9789 2
9800 7
9803 7
9805 8
9809 7
9812 11
9818 2
9827 15
9829 6
9837 17
9839 5
9846 11
9852 1
9862 16
9864 4
9872 2
9883 16
9885 20
9887 11
9893 4
9899 15
9901 18
9902 10
9903 6
9911 15
9913 10
9914 1
9924 18
9925 8
9927 15
9929 20
9931 8
9933 1
9943 7
9946 16
9948 12
9956 1
9966 5
9972 9
9974 7
9977 20
9979 1
9989 18
9990 17
9992 18
9993 2
10004 10
10007 6
10013 3
10020 8
10024 19
10026 2
10035 15
10037 18
10038 19
10040 18
10041 12
10047 8
10049 18
10050 5
10057 4
10063 5
10070 20
10072 18
10073 15
10075 5
10082 13
10088 9
10089 19
10091 17
10093 21
10097 1
10107 1
10117 6
10125 8
10129 18
10130 14
10137 17
10139 19
10141 13
10146 15
10148 11
10154 21
10158 1
10167 17
10169 9
10170 16
10172 16
10174 17
10176 7
10178 12
10186 11
10193 5
10200 21
10204 11
10211 11
10217 8
10221 19
10223 14
10230 15
10232 5
10239 3
10245 1
10254 18
10255 15
10257 6
10265 21
10269 20
10271 20
10273 9
10275 1
10284 9
10285 10
10286 2
10297 20
10299 5
10305 12
10313 2
10324 13
10329 4
10335 11
10342 1
10352 19
10354 21
10358 8
10362 13
10368 21
10372 12
10380 11
10386 11
10392 8
10396 11
10403 13
10408 21
10412 10
10413 18
10414 5
10420 18
10421 19
10423 9
10424 18
10425 4
10433 19
10435 7
10437 16
10439 17
10441 6
10447 2
10456 3
10463 13
10469 17
10471 11
10478 7
10480 16
10482 12
10488 2
10499 3
10505 19
10507 15
10509 18
10510 6
10518 12
10524 18
10525 10
10528 5
10535 4
10543 12
10551 3
10557 2
10568 15
10570 11
10576 18
10577 12
10585 13
10591 13
10597 17
10599 21
10603 10
10604 6
10610 9
10611 4
10617 16
10619 18
10620 21
10624 13
10629 11
10635 11
10642 1
10651 15
10653 12
10659 18
10660 18
10661 11
10667 5
10673 11
10679 7
10682 21
10686 11
10692 11
10698 5
10704 8
10706 20
10708 11
10715 20
10717 9
10719 16
10721 11
10728 11
10735 15
10737 10
10738 18
10739 18
10740 4
10748 16
10750 20
10752 18
10753 10
10756 15
10758 11
10765 9
10766 10
10767 2
10778 6
10786 12
10792 1
10802 15
10804 10
10805 13
10811 12
10817 1
10827 18
10828 11
10834 5
10840 12
10848 12
10856 9
10857 21
10861 12
10869 3
10876 17
10878 20
10880 16
10882 16
10884 11
10891 7
10893 21
10897 15
10899 13
10905 19
10907 11
10913 5
10920 19
10922 8
10924 6
10932 18
10933 9
10934 1
10944 13
10949 18
10950 8
10952 5
10959 16
10961 3
10968 18
10969 16
10971 18
10972 13
10978 8
10982 19
10984 15
10986 2
10995 2
11006 7
11008 11
11014 19
11016 5
11023 11
11030 8
11032 15
11034 20
11036 5
11043 4
11051 8
11053 8
11057 9
11059 9
11060 18
11061 11
11068 7
11070 12
11076 21
11080 12
11088 11
11094 19
11096 14
11103 12
11111 17
11113 18
11114 11
11121 7
11123 18
11124 20
11126 18
11127 3
11133 11
11139 12
11145 12
11151 12
11157 7
11159 12
11167 18
11168 10
11169 16
11171 21
11175 12
11181 15
11183 3
11190 1
11199 12
11207 10
11210 7
11212 9
11213 5
11220 8
11222 18
11223 3
11230 16
11232 15
11234 15
11236 11
11243 12
11251 18
11252 17
11254 1
11264 12
11270 11
11276 7
11279 7
11281 11
11287 9
11289 1
11299 13
11304 9
11305 11
11312 14
11319 2
11330 18
11331 1
11341 10
11344 16
11346 14
11353 11
11359 19
11361 9
11362 18
11363 18
11364 11
11371 1
11381 12
11387 2
11396 13
11402 3
11409 11
11415 11
11421 12
11427 11
11433 3
11439 8
11443 21
11447 6
11455 2
11464 12
11472 16
11474 18
11475 8
11479 13
11484 4
11492 13
11498 12
11504 15
11506 7
11508 13
11514 19
11516 12
11524 18
11525 20
11527 17
11529 12
11537 11
11544 5
11550 10
11551 19
11553 4
11561 15
11563 19
11565 8
11569 14
11574 17
11576 1
11585 4
11591 7
11594 1
11603 10
11606 1
11615 12
11621 11
11628 16
11630 11
11637 16
11639 13
11645 10
11646 20
11648 9
11649 12
11657 6
11663 12
11671 15
11673 19
11675 8
11677 4
11683 16
11685 12
11691 15
11693 17
11695 6
11703 18
11704 16
11706 11
11712 13
11718 18
11719 18
11720 10
11723 18
11724 15
11726 3
11733 16
11735 3
11742 16
11744 12
11750 2
11759 12
11767 6
11773 4
11781 9
11783 7
11785 14
11790 5
11797 15
11799 18
11800 19
11802 3
11809 14
11814 13
11820 16
11822 5
11828 12
11836 17
11838 3
11844 20
11846 12
11854 13
11859 12
11865 11
11872 16
11874 19
11876 20
11878 17
11880 3
11887 6
11895 15
11897 11
11904 20
11906 5
11912 11
11918 7
11920 16
11922 12
11928 12
11934 5
11940 14
11947 3
11953 2
11962 2
11971 15
11973 18
11974 12
11980 4
11986 5
11993 5
12000 12
12006 4
12014 14
12019 18
12020 17
12022 20
12024 10
12027 8
12031 21
12035 14
12040 20
12042 18
12043 17
12045 21
12049 1
12058 21
12062 18
12063 12
12071 17
12073 9
12075 6
12081 3
12088 12
12094 2
12105 9
12107 12
12115 12
12121 13
12127 14
12132 17
12134 3
12140 20
12142 12
12148 11
12154 4
12160 19
12162 9
12163 7
12165 15
12167 20
12169 13
12174 11
12180 18
12181 15
12183 14
12190 21
12194 11
12201 11
12208 11
12214 7
12216 12
12222 12
12230 17
12232 11
12239 17
12241 5
12248 7
12250 14
12257 18
12258 15
12260 16
12262 18
12263 11
12269 10
12272 17
12274 20
12276 16
12278 5
12284 17
12286 21
12290 19
12292 2
12301 17
12303 1
12312 16
12314 12
12320 4
12328 15
12330 17
12332 11
12339 12
12347 19
12349 18
12350 20
12352 4
12358 11
12365 18
12366 14
12371 11
12377 7
12380 18
12381 11
12388 11
12394 11
12400 4
12406 18
12407 11
12414 13
12419 14
12426 6
12434 15
12436 10
12439 12
12445 18
12446 19
12448 15
12450 1
12460 3
12466 11
12473 16
12475 13
12481 5
12488 16
12490 2
12499 11
12505 11
12511 3
12517 19
12519 12
12527 15
12529 12
12535 15
12537 14
12542 3
12548 12
12554 3
12561 21
12565 9
12567 12
12573 10
12574 1
12583 3
12590 6
12596 15
12598 12
12606 8
12610 12
12616 20
12618 21
12622 14
12627 9
12629 11
12636 18
12637 16
12639 11
12646 3
12653 13
12659 5
12666 3
12672 21
12676 19
12678 12
12684 21
12688 17
12690 21
12694 21
12698 1
12707 10
12708 15
12710 10
12711 5
12717 5
12723 16
12725 3
12732 2
12743 8
12747 5
12753 14
12758 13
12764 14
12771 11
12778 16
12780 8
12784 19
12786 11
12792 5
12798 4
12806 16
12808 18
12809 17
12811 6
12817 21
12821 17
12823 10
12826 21
12830 12
12838 14
12843 5
12849 11
12856 11
12862 19
12864 15
12866 17
12868 8
12870 14
12877 11
12884 16
12886 11
12892 16
12894 18
12895 20
12897 4
12905 4
12913 4
12921 4
12929 15
12931 3
12938 14
12945 7
12947 16
12949 6
12955 14
12960 12
12966 3
12972 12
12978 18
12979 12
12987 2
12998 2
13009 10
13012 13
13017 11
13023 16
13025 19
13027 10
13030 20
13032 9
13034 21
13038 11
13044 16
13046 3
13053 19
13055 19
13057 15
13059 5
13065 14
13070 11
13077 11
13084 7
13087 15
13089 19
13091 21
13095 14
13102 2
13113 1
13123 18
13124 13
13130 6
13136 19
13138 19
13140 11
13147 7
13150 7
13153 8
13155 17
13157 11
13163 5
13170 11
13176 19
13178 20
13180 10
13183 9
13185 14
13190 16
13192 18
13193 21
13197 10
13200 19
13202 2
13211 14
13216 5
13222 2
13231 3
13238 10
13241 10
13242 12
13250 15
13252 18
13253 11
13259 11
13265 1
13275 11
13281 14
13286 8
13288 20
13290 1
13300 11
13306 12
13314 13
13319 20
13321 12
13327 15
13329 12
13337 11
13344 7
13346 2
13355 18
13356 18
13357 18
13358 8
13362 2
13371 1
13381 12
13389 14
13396 10
13397 11
13403 11
13410 4
13416 19
13418 18
13419 18
13420 2
13431 6
13437 5
13444 14
13451 16
13453 5
13459 18
13460 12
13468 2
13477 13
13483 6
13491 12
13497 7
13500 20
13502 16
13504 4
13512 14
13519 11
13526 13
13532 12
13540 12
13546 3
13552 14
13557 11
13564 11
13571 14
13578 18
13579 16
13581 11
13587 1
13596 12
13604 2
13613 15
13615 16
13617 19
13619 16
13621 12
13629 6
13637 14
13642 2
13651 21
13655 12
13661 14
13668 11
13674 4
13680 11
13686 20
13688 16
13690 4
13696 3
13703 18
13704 14
13711 17
13713 19
13715 11
13721 2
13730 11
13737 11
13744 12
13750 14
13755 11
