2959
1 16
3 8
5 16
7 12
13 21
17 11
24 19
26 3
32 14
37 15
39 12
45 6
53 3
60 11
66 14
73 14
80 20
82 3
88 5
95 4
103 18
104 3
111 1
121 14
126 18
127 10
128 20
130 5
136 11
143 5
150 11
157 9
158 1
168 12
174 8
176 3
182 6
190 13
195 5
201 3
207 17
209 11
216 4
222 16
224 8
226 20
228 12
236 21
240 15
242 4
250 18
251 17
253 11
259 17
261 5
268 11
274 8
276 11
282 4
288 14
293 12
299 4
305 11
312 12
318 11
324 2
333 13
339 17
341 20
343 11
349 15
351 10
354 5
360 12
368 14
375 14
380 11
387 13
393 7
396 7
398 6
404 18
405 12
411 11
417 12
423 11
429 2
438 20
440 18
441 11
447 16
449 10
450 13
455 7
457 12
465 11
471 14
476 8
480 12
486 12
494 9
496 17
498 11
505 6
513 12
521 17
523 1
533 18
534 14
541 15
543 20
545 11
552 4
558 11
564 12
572 18
573 8
577 6
583 14
588 10
589 21
593 18
594 6
602 12
608 19
610 21
614 17
616 7
618 12
626 10
627 10
630 19
632 11
639 9
640 9
642 11
649 12
655 18
656 18
657 6
663 21
667 16
669 2
680 18
681 13
686 8
688 15
690 19
692 16
694 11
701 19
703 6
709 15
711 12
719 16
721 7
724 12
732 8
736 15
738 8
742 11
748 8
752 19
754 18
755 12
761 8
763 17
765 15
767 16
769 21
773 3
779 17
781 5
787 18
788 2
797 6
803 12
809 11
816 12
822 18
823 16
825 1
835 20
837 8
839 12
845 8
849 1
858 6
864 9
866 12
874 18
875 9
877 12
885 19
887 16
889 12
897 6
903 5
909 14
916 19
918 11
924 12
932 11
939 19
941 10
942 12
950 1
959 10
960 21
964 21
968 11
975 8
977 21
981 5
988 17
990 19
992 18
993 20
995 18
996 7
999 17
1001 8
1003 10
1006 21
1010 18
1011 1
1021 21
1025 21
1029 14
1036 16
1038 9
1039 11
1045 20
1047 15
1049 16
1051 16
1053 1
1063 6
1069 20
1071 5
1077 9
1079 11
1086 19
1088 17
1090 12
1096 15
1098 6
1104 19
1106 4
1112 16
1114 2
1123 8
1127 11
1134 18
1135 20
1137 11
1144 7
1147 13
1153 12
1161 14
1168 10
1169 10
1172 1
1182 7
1185 18
1186 20
1188 16
1190 14
1197 16
1199 18
1200 4
1208 21
1212 3
1218 17
1220 15
1222 1
1232 9
1233 19
1235 17
1237 12
1243 18
1244 14
1251 12
1259 20
1261 18
1262 20
1264 9
1265 12
1273 11
1279 14
1286 7
1288 5
1294 5
1300 8
1302 10
1303 15
1305 11
1311 14
1316 6
1322 21
1326 21
1330 12
1338 18
1339 2
1350 11
1356 12
1362 11
1369 4
1375 11
1381 18
1382 20
1384 19
1386 2
1397 7
1400 11
1407 7
1410 9
1411 15
1413 7
1415 2
1426 18
1427 5
1433 12
1441 13
1446 3
1452 7
1455 1
1465 12
1471 9
1472 16
1474 2
1483 7
1485 14
1490 15
1492 12
1500 16
1502 18
1503 18
1504 3
1510 18
1511 8
1515 16
1517 1
1526 2
1537 16
1539 12
1547 4
1553 20
1555 10
1558 15
1560 10
1561 8
1565 9
1567 12
1573 9
1575 13
1580 21
1584 17
1586 7
1588 3
1595 10
1598 18
1599 2
1608 15
1610 10
1613 6
1619 12
1627 11
1634 16
1636 12
1644 10
1645 20
1647 1
1657 21
1661 6
1667 16
1669 6
1677 12
1685 5
1691 7
1693 19
1695 11
1702 18
1703 4
1709 12
1717 12
1723 13
1728 8
1730 2
1741 11
1748 14
1755 13
1760 11
1766 15
1768 19
1770 11
1777 16
1779 8
1781 3
1788 11
1794 10
1797 4
1803 14
1810 3
1816 18
1817 11
1823 14
1828 21
1832 13
1837 11
1844 5
1850 9
1851 12
1857 10
1860 5
1867 9
1869 1
1878 12
1884 12
1890 3
1896 18
1897 18
1898 4
1904 11
1911 11
1917 5
1923 11
1929 15
1931 8
1933 19
1935 4
1943 19
1945 9
1946 12
1954 11
1961 7
1963 20
1965 1
1974 12
1980 11
1987 16
1989 9
1990 5
1996 17
1998 6
2006 16
2008 14
2015 7
2017 8
2021 8
2023 12
2031 7
2034 3
2041 11
2047 3
2053 14
2060 10
2063 8
2067 21
2071 6
2077 11
2083 8
2087 18
2088 20
2090 8
2094 4
2102 8
2104 20
2106 7
2109 8
2111 16
2113 14
2120 14
2127 16
2129 7
2132 17
2134 13
2140 11
2147 11
2154 4
2162 12
2170 19
2172 2
2181 2
2190 17
2192 12
2198 12
2204 15
2206 10
2209 11
2215 19
2217 12
2223 9
2224 13
2229 1
2238 2
2249 17
2251 18
2252 17
2254 11
2261 2
2270 19
2272 4
2280 7
2283 12
2291 13
2297 2
2306 13
2312 9
2313 13
2319 13
2325 14
2330 10
2331 2
2342 4
2348 18
2349 14
2354 4
2362 13
2367 11
2373 17
2375 2
2384 2
2393 11
2400 12
2406 14
2411 2
2420 2
2429 9
2431 6
2439 18
2440 15
2442 9
2444 11
2451 11
2458 15
2460 11
2467 18
2468 14
2473 1
2483 4
2489 9
2491 19
2493 11
2499 18
2500 14
2507 8
2509 19
2511 11
2517 7
2520 15
2522 16
2524 12
2530 18
2531 12
2539 11
2545 20
2547 14
2552 11
2559 16
2561 12
2569 4
2575 2
2586 18
2587 12
2595 12
2603 11
2610 9
2611 5
2617 11
2624 18
2625 7
2627 11
2634 18
2635 5
2642 2
2653 1
2663 15
2665 13
2671 5
2677 6
2683 11
2690 18
2691 9
2693 9
2694 21
2698 10
2701 12
2707 14
2712 18
2713 17
2715 15
2717 18
2718 1
2727 3
2734 18
2735 11
2742 10
2743 19
2745 1
2755 11
2761 19
2763 15
2765 1
2775 10
2776 21
2780 18
2781 21
2785 6
2793 19
2795 6
2801 15
2803 18
2804 12
2810 12
2818 20
2820 13
2825 12
2833 11
2839 8
2841 11
2847 11
2853 7
2856 2
2865 15
2867 6
2873 17
2875 1
2885 15
2887 7
2890 12
2896 4
2902 2
2913 16
2915 1
2925 18
2926 16
2928 16
2930 21
2934 12
2940 3
2946 8
2950 5
2957 11
2963 10
2964 9
2965 11
2972 12
2978 18
2979 18
2980 11
2987 9
2988 6
2996 21
3000 18
3001 11
3007 11
3013 9
3015 7
3017 14
3024 11
3030 14
3037 2
3048 2
3057 1
3066 12
3074 10
3075 8
3077 7
3080 6
3086 21
3090 17
3092 13
3098 21
3102 11
3108 7
3111 16
3113 11
3120 11
3126 15
3128 11
3134 11
3141 3
3147 12
3153 17
3155 19
3157 10
3158 21
3162 15
3164 19
3166 18
3167 8
3169 6
3175 1
3185 5
3191 20
3193 12
3199 16
3201 2
3212 3
3219 2
3230 14
3235 18
3236 1
3245 18
3246 11
3252 18
3253 19
3255 7
3258 10
3259 6
3265 19
3267 12
3273 4
3279 7
3282 21
3286 13
3291 15
3293 4
3299 4
3305 12
3313 6
3319 3
3326 13
3331 1
3340 7
3342 12
3350 7
3352 20
3354 13
3360 1
3370 12
3378 7
3381 16
3383 1
3392 14
3397 3
3403 12
3411 15
3413 15
3415 11
3421 16
3423 4
3429 13
3434 1
3444 20
3446 5
3452 9
3453 19
3455 14
3462 15
3464 14
3471 12
3477 21
3481 1
3491 6
3499 18
3500 12
3506 20
3508 2
3517 5
3524 12
3530 4
3538 20
3540 13
3545 18
3546 13
3552 19
3554 13
3559 18
3560 10
3563 11
3569 12
3575 11
3581 8
3585 10
3586 19
3588 16
3590 13
3595 15
3597 6
3605 11
3612 12
3620 7
3622 3
3629 8
3631 5
3638 12
3646 20
3648 2
3657 3
3664 21
3668 17
3670 11
3677 12
3685 8
3687 2
3696 12
3704 13
3710 7
3713 11
3719 11
3726 9
3728 18
3729 21
3733 21
3737 6
3745 11
3751 4
3757 20
3759 6
3767 4
3775 15
3777 4
3783 18
3784 19
3786 15
3788 11
3794 13
3799 12
3805 16
3807 17
3809 12
3815 21
3819 16
3821 3
3828 9
3830 15
3832 12
3838 12
3844 12
3850 16
3852 18
3853 19
3855 18
3856 9
3858 2
3867 11
3874 3
3880 12
3886 4
3892 18
3893 2
3902 8
3904 4
3910 11
3917 1
3927 21
3931 11
3937 12
3943 21
3947 11
3954 13
3959 3
3965 19
3967 6
3975 17
3977 20
3979 12
3987 11
3994 6
4000 5
4006 10
4009 12
4015 15
4017 13
4022 9
4024 7
4027 4
4035 21
4039 2
4048 4
4056 5
4063 13
4068 17
4070 12
4078 7
4081 12
4087 1
4097 8
4101 9
4103 2
4114 4
4122 11
4129 11
4135 9
4137 11
4143 2
4152 11
4158 20
4160 21
4164 8
4168 12
4176 6
4182 8
4186 3
4192 3
4199 14
4204 16
4206 6
4214 11
4221 2
4232 19
4234 11
4241 21
4245 8
4249 14
4256 6
4264 12
4272 19
4274 12
4280 18
4281 12
4289 12
4297 1
4307 17
4309 3
4316 9
4317 4
4325 12
4331 5
4337 10
4340 16
4342 3
4349 3
4355 7
4358 15
4360 14
4365 16
4367 12
4373 11
4379 18
4380 12
4386 6
4394 18
4395 12
4401 11
4408 11
4415 3
4421 5
4427 19
4429 20
4431 16
4433 7
4436 13
4441 8
4443 11
4450 8
4452 20
4454 12
4462 1
4472 16
4474 11
4480 16
4482 3
4488 12
4494 12
4502 21
4506 5
4513 7
4515 16
4517 12
4525 2
4534 9
4535 20
4537 12
4543 6
4549 16
4551 13
4556 7
4558 21
4562 15
4564 1
4573 18
4574 21
4578 20
4580 11
4586 4
4594 10
4595 12
4603 11
4610 4
4618 12
4624 2
4633 12
4641 3
4648 11
4655 6
4661 11
4667 4
4673 20
4675 20
4677 20
4679 15
4681 1
4690 20
4692 11
4698 16
4700 15
4702 14
4709 3
4715 11
4722 8
4726 11
4732 5
4738 6
4746 20
4748 11
4754 6
4762 17
4764 19
4766 11
4773 21
4777 9
4779 20
4781 16
4783 1
4792 14
4797 16
4799 16
4801 10
4802 13
4808 11
4815 3
4822 9
4824 11
4830 15
4832 18
4833 17
4835 9
4837 18
4838 16
4840 10
4843 20
4845 19
4847 14
4852 21
4856 2
4867 11
4874 18
4875 11
4882 12
4888 4
4894 2
4903 11
4910 18
4911 9
4913 20
4915 21
4919 4
4927 20
4929 11
4935 7
4937 5
4943 1
4952 5
4959 16
4961 10
4962 14
4967 10
4970 11
4977 6
4983 5
4990 20
4992 13
4998 11
5004 1
5013 11
5020 5
5027 11
5033 9
5034 11
5041 13
5046 12
5054 18
5055 4
5061 12
5067 14
5074 15
5076 4
5084 19
5086 9
5088 16
5090 18
5091 9
5093 11
5099 11
5105 10
5108 14
5113 9
5114 12
5122 12
5128 2
5137 8
5139 21
5143 19
5145 12
5151 14
5158 2
5169 11
5176 18
5177 18
5178 19
5180 18
5181 16
5183 11
5189 5
5196 21
5200 17
5202 4
5210 11
5217 12
5223 4
5231 11
5238 16
5240 15
5242 15
5244 20
5246 8
5248 10
5251 15
5253 14
5260 21
5264 11
5270 12
5278 7
5281 16
5283 7
5286 2
5295 4
5303 2
5314 12
5322 12
5328 11
5334 18
5335 18
5336 21
5340 19
5342 18
5343 21
5347 18
5348 3
5354 15
5356 1
5366 12
5374 4
5382 6
5390 12
5396 11
5403 5
5409 11
5415 11
5421 10
5424 1
5433 15
5435 20
5437 11
5443 3
5450 10
5451 18
5452 7
5454 5
5460 12
5466 18
5467 3
5473 12
5479 7
5481 11
5487 6
5495 11
5501 12
5507 12
5513 12
5519 15
5521 11
5528 19
5530 16
5532 6
5538 11
5545 16
5547 9
5548 19
5550 13
5555 4
5563 11
5569 6
5577 11
5584 1
5593 6
5601 16
5603 4
5609 18
5610 14
5615 18
5616 5
5622 11
5629 9
5630 9
5631 21
5635 19
5637 18
5638 13
5644 11
5651 17
5653 15
5655 12
5663 4
5671 11
5678 6
5684 11
5690 8
5694 15
5696 1
5705 14
5710 21
5714 8
5716 10
5717 11
5724 13
5730 11
5737 2
5748 13
5753 17
5755 19
5757 11
5763 14
5768 17
5770 18
5771 6
5777 8
5779 6
5785 12
5791 16
5793 19
5795 7
5797 16
5799 19
5801 21
5805 15
5807 10
5808 12
5814 12
5822 10
5825 1
5834 11
5840 8
5844 17
5846 17
5848 9
5849 9
5851 10
5852 9
5854 6
5862 1
5872 11
5878 3
5885 9
5887 5
5894 3
5900 2
5909 11
5916 13
5922 8
5926 16
5928 16
5930 11
5936 6
5944 4
5950 11
5957 11
5964 19
5966 7
5969 9
5971 5
5977 1
5987 11
5994 7
5996 3
6002 15
6004 3
6010 21
6014 4
6020 14
6027 14
6034 6
6040 11
6046 4
6054 15
6056 4
6062 15
6064 13
6069 9
6071 1
6080 8
6084 10
6087 11
6093 16
6095 19
6097 17
6099 11
6105 18
6106 19
6108 20
6110 14
6117 11
6124 15
6126 3
6132 3
6138 11
6144 1
6153 17
6155 19
6157 20
6159 14
6166 11
6173 18
6174 15
6176 14
6181 21
6185 16
6187 12
6193 5
6200 8
6202 7
6205 15
6207 18
6208 17
6210 2
6221 8
6225 7
6227 5
6233 9
6235 17
6237 16
6239 11
6246 15
6248 6
6254 8
6256 14
6261 18
6262 7
6264 7
6266 12
6272 15
6274 14
6281 12
6289 18
6290 11
6297 12
6305 10
6308 15
6310 3
6316 12
6324 9
6326 9
6328 1
6338 1
6348 5
6354 19
6356 8
6358 17
6360 9
6362 3
6368 16
6370 9
6372 11
6378 12
6384 10
6387 4
6393 12
6399 17
6401 3
6407 9
6409 16
6411 18
6412 5
6419 7
6422 1
6432 5
6438 4
6446 15
6448 18
6449 5
6455 11
6461 17
6463 15
6465 1
6474 1
6483 9
6484 18
6485 18
6486 4
6494 4
6500 16
6502 12
6508 3
6515 13
6520 8
6522 18
6523 13
6528 12
6534 11
6540 2
6549 6
6555 18
6556 11
6563 21
6567 18
6568 18
6569 13
6574 11
6580 18
6581 11
6587 4
6593 15
6595 11
6601 19
6603 15
6605 20
6607 7
6609 19
6611 15
6613 18
6614 20
6616 21
6620 11
6627 12
6633 12
6639 20
6641 11
6647 18
6648 12
6654 21
6658 11
6665 10
6666 4
6674 13
6680 2
6689 16
6691 21
6695 14
6702 5
6708 3
6715 1
6724 17
6726 11
6733 21
6737 3
6743 9
6744 14
6751 19
6753 9
6755 5
6762 12
6770 11
6777 10
6778 12
6784 18
6785 5
6791 12
6797 11
6804 21
6808 5
6815 12
6821 11
6827 8
6831 16
6833 2
6842 16
6844 3
6850 5
6857 12
6865 12
6871 20
6873 12
6879 18
6880 10
6881 8
6883 3
6889 16
6891 17
6893 13
6898 11
6905 12
6913 12
6921 14
6928 11
6935 18
6936 9
6938 11
6944 20
6946 15
6948 12
6954 11
6961 19
6963 1
6973 20
6975 14
6980 15
6982 8
6984 11
6990 10
6993 6
6999 1
7009 11
7015 17
7017 16
7019 4
7027 8
7029 11
7035 5
7042 14
7049 17
7051 2
7060 6
7068 20
7070 3
7077 7
7079 4
7087 1
7096 17
7098 15
7100 10
7103 13
7108 13
7114 17
7116 5
7122 13
7128 17
7130 20
7132 16
7134 14
7141 9
7143 17
7145 9
7146 20
7148 16
7150 15
7152 21
7156 5
7163 11
7170 6
7176 18
7177 6
7183 21
7187 3
7194 19
7196 10
7197 8
7201 1
7210 20
7212 11
7219 5
7226 11
7233 18
7234 11
7240 19
7242 6
7250 1
7259 21
7263 19
7265 11
7271 21
7275 21
7279 15
7281 11
7288 8
7292 10
7293 12
7301 4
7309 13
7314 13
7319 11
7326 7
7329 11
7335 9
7337 8
7341 11
7348 20
7350 18
7351 18
7352 5
7358 20
7360 14
7365 5
7371 11
7377 12
7385 17
7387 12
7393 7
7396 12
7402 7
7404 5
7410 1
7419 11
7426 11
7432 19
7434 5
7440 11
7447 12
7455 12
7461 3
7468 15
7470 2
7481 16
7483 18
7484 17
7486 4
7492 16
7494 16
7496 4
7504 12
7512 9
7514 9
7515 12
7521 12
7527 14
7532 12
7540 3
7547 11
7554 5
7560 11
7567 18
7568 3
7575 19
7577 11
7583 12
7591 6
7599 11
7606 18
7607 18
7608 12
7616 1
7626 11
7633 9
7634 17
7636 2
7645 2
7654 18
7655 11
7661 3
7668 16
7670 9
7671 6
7677 12
7683 9
7684 11
7690 21
7694 15
7696 15
7698 7
7700 4
7706 2
7717 19
7719 12
7725 5
7732 17
7734 13
7740 13
7745 14
7750 4
7758 19
7760 19
7762 19
7764 2
7775 18
7776 19
7778 11
7784 3
7791 20
7793 6
7801 11
7807 21
7811 4
7817 17
7819 10
7820 17
7822 15
7824 12
7830 16
7832 16
7834 15
7836 9
7837 16
7839 15
7841 1
7850 12
7856 18
7857 18
7858 20
7860 13
7866 16
7868 19
7870 13
7876 21
7880 2
7891 10
7892 16
7894 5
7901 3
7908 3
7914 13
7919 11
7925 11
7931 15
7933 14
7938 20
7940 16
7942 11
7949 7
7951 9
7952 11
7958 21
7962 9
7963 10
7966 1
7976 19
7978 13
7983 6
7989 14
7996 17
7998 11
8004 20
8006 18
8007 19
8009 15
8011 12
8017 14
8024 4
8032 15
8034 12
8040 14
8047 2
8056 11
8062 8
8066 12
8072 9
8074 13
8079 10
8082 8
8084 2
8093 11
8100 10
8101 9
8103 2
8114 4
8122 1
8131 7
8133 2
8144 20
8146 19
8148 6
8156 17
8158 21
8162 1
8171 13
8177 5
8184 20
8186 11
8192 12
8198 19
8200 2
8209 15
8211 11
8218 17
8220 17
8222 11
8229 12
8235 1
8245 11
8251 20
8253 5
8260 10
8263 7
8266 14
8271 3
8278 8
8280 1
8289 19
8291 19
8293 3
8299 1
8309 16
8311 9
8312 7
8314 8
8316 12
8322 13
8327 14
8334 20
8336 11
8343 11
8349 8
8351 11
8357 1
8366 11
8373 4
8379 7
8382 11
8388 5
8394 20
8396 6
8404 21
8408 13
8413 8
8415 11
8421 6
8429 6
8437 6
8445 21
8449 20
8451 2
8462 20
8464 11
8471 14
8478 21
8482 16
8484 15
8486 8
8490 9
8492 17
8494 18
8495 16
8497 5
8503 20
8505 15
8507 17
8509 7
8511 12
8517 15
8519 17
8521 7
8524 3
8531 11
8538 11
8545 21
8549 3
8555 5
8561 12
8569 16
8571 17
8573 12
8581 7
8584 15
8586 21
8590 11
8596 11
8603 4
8609 11
8616 16
8618 17
8620 11
8626 2
8637 12
8643 9
8644 3
8651 7
8653 10
8656 18
8657 11
8663 11
8670 16
8672 13
8677 3
8684 2
8695 16
8697 10
8698 13
8703 8
8707 21
8711 21
8715 20
8717 12
8725 15
8727 14
8732 1
8741 18
8742 12
8750 12
8758 17
8760 4
8768 5
8774 20
8776 13
8781 21
8785 14
8792 11
8798 18
8799 11
8805 11
8811 4
8817 14
8824 5
8831 19
8833 6
8839 21
8843 2
8852 8
8854 1
8864 6
8870 12
8876 13
8882 12
8888 2
8899 14
8904 12
8912 9
8913 19
8915 16
8917 18
8918 15
8920 18
8921 11
8927 11
8934 18
8935 12
8943 11
8949 12
8955 12
8961 9
8963 13
8968 11
8975 8
8979 11
8986 10
8989 6
8997 18
8998 18
8999 18
9000 16
9002 17
9004 13
9009 19
9011 9
9012 7
9014 6
9020 4
9026 6
9034 19
9036 21
9040 15
9042 3
9048 16
9050 2
9061 17
9063 19
9065 18
9066 20
9068 10
9071 7
9073 11
9080 17
9082 18
9083 16
9085 19
9087 16
9089 18
9090 6
9096 6
9102 21
9106 2
9117 11
9124 13
9130 21
9134 16
9136 11
9142 16
9144 12
9150 12
9158 6
9166 11
9173 13
9179 4
9185 18
9186 12
9192 9
9194 5
9200 17
9202 9
9204 13
9209 6
9217 20
9219 18
9220 20
9222 14
9229 18
9230 15
9232 14
9239 7
9242 12
9248 11
9255 6
9261 1
9270 19
9272 15
9274 4
9280 2
9289 17
9291 9
9292 18
9293 11
9300 15
9302 11
9309 12
9315 11
9321 3
9327 6
9333 19
9335 11
9341 15
9343 5
9350 9
9352 2
9363 12
9369 20
9371 1
9380 13
9386 4
9392 12
9400 6
9406 16
9408 3
9415 18
9416 12
9422 7
9424 21
9428 3
9435 4
9441 14
9446 2
9457 1
9467 20
9469 3
9475 8
9479 13
9484 18
9485 11
9492 9
9494 15
9496 18
9497 18
9498 13
9503 10
9504 14
9511 2
9520 2
9531 12
9537 16
9539 5
9545 5
9552 12
9558 11
9564 11
9570 12
9576 10
9577 14
9582 3
9589 11
9595 11
9601 12
9609 16
9611 3
9617 16
9619 2
9628 14
9635 21
9639 3
9646 3
9652 11
9658 5
9664 12
9670 4
9676 20
9678 11
9685 14
9692 2
9701 11
9708 21
9712 13
9717 9
9719 20
9721 11
9728 3
9734 12
9742 16
9744 14
9751 4
9759 12
9767 5
9774 3
9781 2
9792 19
9794 19
9796 8
9798 21
9802 8
9804 16
9806 13
9812 1
9822 8
9824 12
9832 17
9834 12
9842 6
9850 20
9852 7
9855 19
9857 5
9863 2
9872 9
9874 19
9876 9
9877 12
9885 5
9891 11
9897 14
9904 12
9912 6
9918 7
9921 17
9923 4
9929 1
9939 12
9945 13
9950 11
9956 9
9958 20
9960 12
9966 3
9972 18
9973 11
9980 21
9984 19
9986 13
9991 3
9997 11
10004 12
10010 12
10018 11
10024 9
10026 3
10033 12
10041 10
10042 14
10049 5
10056 5
10062 8
10066 13
10071 15
10073 6
10079 19
10081 11
10087 19
10089 15
10091 4
10099 14
10104 18
10105 2
10114 11
10120 20
10122 13
10128 2
10139 11
10145 14
10152 12
10158 15
10160 9
10162 12
10168 10
10169 16
10171 11
10177 8
10181 3
10187 2
10196 7
10198 1
10207 1
10216 18
10217 18
10218 15
10220 11
10227 16
10229 4
10235 12
10241 12
10249 10
10250 12
10256 20
10258 10
10261 3
10268 16
10270 7
10273 1
10283 10
10284 16
10286 21
10290 21
10294 11
10300 1
10309 8
10313 12
10319 2
10328 8
10332 18
10333 12
10341 19
10343 4
10349 11
10356 12
10362 2
10371 12
10379 17
10381 16
10383 13
10389 19
10391 2
10402 16
10404 12
10410 7
10412 7
10415 12
10421 12
10427 11
10433 6
10439 15
10441 11
10447 20
10449 14
10454 1
10463 5
10469 7
10472 12
10478 18
10479 13
10484 17
10486 13
10492 18
10493 11
10499 7
10501 14
10506 8
10510 18
10511 14
10518 1
10527 12
10535 11
10542 3
10549 11
10555 9
10557 11
10564 9
10565 11
10572 12
10580 18
10581 15
10583 11
10589 18
10590 11
10596 17
10598 6
10606 2
10617 11
10624 4
10632 12
10640 8
10642 21
10646 11
10652 1
10662 7
10664 8
10668 11
10675 18
10676 12
10682 19
10684 9
10685 21
10689 11
10696 1
10705 18
10706 21
10710 13
10715 1
10724 11
10730 7
10732 19
10734 3
10741 10
10742 18
10743 15
10745 10
10746 2
10755 19
10757 6
10765 5
10772 8
10776 4
10782 14
10787 17
10789 11
10796 18
10797 14
10804 11
10810 18
10811 11
10817 12
10825 4
10833 15
10835 17
10837 4
10845 9
10847 17
10849 18
10850 12
10856 11
10862 20
10864 13
10869 4
10875 9
10876 9
10878 15
10880 8
10882 12
10890 14
10897 16
10899 11
10906 18
10907 12
10913 21
10917 12
10923 11
10929 8
10931 5
10938 12
10946 15
10948 8
10952 5
10959 5
10965 2
10974 13
10979 13
10985 19
10987 5
10993 12
11001 9
11002 12
11008 1
11017 18
11018 21
11022 19
11024 8
11026 11
11032 17
11034 15
11036 9
11038 6
11046 11
11053 13
11059 1
11068 12
11074 4
11082 12
11088 4
11096 12
11102 4
11108 20
11110 11
11117 1
11126 9
11128 1
11138 8
11140 11
11147 3
11154 7
11156 8
11160 7
11163 11
11170 11
11176 12
11182 7
11185 12
11193 3
11199 11
11206 12
11214 12
11222 6
11230 9
11232 7
11234 18
11235 20
11237 21
11241 12
11249 12
11257 13
11263 12
11269 9
11270 14
11275 4
11283 11
11289 2
11300 9
11302 12
11308 12
11316 6
11324 11
11330 11
11337 20
11339 20
11341 21
11345 17
11347 6
11353 7
11355 20
11357 1
11367 11
11374 8
11376 11
11382 11
11389 11
11396 3
11402 1
11412 9
11413 18
11414 8
11418 15
11420 6
11426 7
11428 19
11430 12
11438 13
11443 14
11450 14
11457 14
11462 20
11464 19
11466 21
11470 6
11476 11
11483 10
11484 11
11491 11
11497 12
11505 20
11507 7
11510 14
11515 15
11517 2
11526 7
11529 1
11538 15
11540 3
11547 18
11548 18
11549 9
11550 18
11551 19
11553 19
11555 13
11561 4
11567 4
11573 18
11574 14
11581 17
11583 8
11585 11
11592 18
11593 2
11604 4
11610 19
11612 4
11620 2
11631 3
11637 17
11639 3
11646 20
11648 8
11650 7
11652 4
11660 10
11663 2
11672 8
11674 12
11682 4
11690 20
11692 13
11698 19
11700 5
11707 6
11715 6
11723 18
11724 5
11731 18
11732 2
11743 21
11747 15
11749 11
11755 11
11761 9
11763 21
11767 13
11773 18
11774 15
11776 17
11778 12
11786 8
11790 19
11792 6
11800 11
11806 11
11812 21
11816 13
11822 9
11824 3
11830 3
11837 20
11839 19
11841 16
11843 15
11845 21
11849 6
11855 1
11864 4
11870 6
11876 12
11882 8
11884 2
11893 12
11901 19
11903 9
11904 12
11912 18
11913 9
11914 3
11921 12
11927 2
11938 21
11942 7
11945 16
11947 15
11949 2
11960 17
11962 7
11965 4
11973 4
11979 11
11985 12
11993 21
11997 15
11999 9
12000 11
12007 16
12009 15
12011 3
12018 10
12019 18
12020 3
12027 6
12035 10
12038 6
12046 12
12052 11
12059 2
12068 15
12070 20
12072 3
12078 12
12086 7
12088 11
12095 11
12102 19
12104 5
12110 10
12111 18
12112 11
12119 21
12123 9
12125 11
12132 12
12140 11
12146 11
12152 16
12154 20
12156 11
12163 20
12165 12
12173 19
12175 2
12184 12
12190 6
12198 11
12204 4
12212 8
12214 14
12221 18
12222 4
12228 13
12234 12
12242 21
12246 4
12252 11
12259 15
12261 4
12269 12
12275 3
12281 14
12286 9
12287 10
12288 7
12291 17
12293 18
12294 10
12295 12
12301 1
12311 16
12313 11
12319 5
12326 2
12335 11
12341 11
12347 16
12349 1
12359 10
12360 20
12362 13
12367 12
12373 13
12379 2
12390 18
12391 7
12393 4
12401 6
12409 5
12415 3
12422 20
12424 12
12432 17
12434 11
12441 11
12448 17
12450 12
12456 3
12462 3
12468 18
12469 16
12471 13
12476 4
12482 4
12490 11
12497 20
12499 19
12501 8
12505 1
12514 4
12522 12
12530 9
12532 10
12535 12
12541 11
12547 10
12550 13
12555 18
12556 11
12563 18
12564 18
12565 19
12567 8
12571 13
12577 9
12579 11
12585 8
12587 5
12593 2
12602 11
12609 11
12615 7
12618 7
12620 10
12623 17
12625 15
12627 9
12628 21
12632 14
12637 11
12644 11
12650 19
12652 7
12655 19
12657 8
12659 11
12665 10
12666 17
12668 15
12670 4
12678 3
12684 21
12688 11
12695 18
12696 5
12703 11
12710 10
12713 1
12722 2
12731 9
12732 9
12733 14
12740 12
12748 11
12754 2
12765 7
12767 18
12768 14
12775 3
12781 13
12787 11
12793 9
12795 11
12802 15
12804 4
12810 11
12817 6
12823 4
12829 11
12836 12
12844 7
12847 16
12849 12
12855 9
12856 15
12858 12
12866 18
12867 12
12873 16
12875 12
12881 5
12888 11
12894 6
12900 15
12902 3
12908 20
12910 8
12912 17
12914 19
12916 12
12922 19
12924 1
12933 10
12936 13
12941 12
12947 6
12953 18
12954 3
12961 19
12963 7
12965 13
12970 21
12974 18
12975 13
12980 5
12986 13
12991 11
12998 19
13000 21
13004 7
13006 20
13008 11
13015 9
13017 12
13023 18
13024 11
13031 16
13033 7
13035 11
13041 21
13045 21
13049 7
13052 5
13058 7
13061 20
13063 18
13064 13
13069 17
13071 16
13073 12
13081 17
13083 17
13085 16
13087 18
13088 12
13094 1
13104 1
13113 3
13120 11
13127 16
13129 12
13137 21
13141 5
13148 6
13154 14
13161 15
13163 21
13167 20
13169 11
13176 13
13182 15
13184 15
13186 19
13188 5
13195 10
13196 2
13205 11
13211 1
13220 18
13221 19
13223 11
13230 10
13231 12
13237 1
13247 3
13253 1
13263 8
13265 12
13273 8
13277 4
13283 14
13288 15
13290 12
13298 12
13304 13
13310 15
13312 11
13319 12
13325 21
13329 2
13338 12
13344 18
13345 4
13353 13
13359 5
13366 11
13373 12
13379 17
13381 9
13383 21
13387 6
13395 8
13399 11
13405 1
13415 15
13417 8
13421 10
13424 10
13425 2
13436 3
13442 5
13448 2
13457 12
13463 11
13470 19
13472 10
13475 3
13482 18
13483 14
13490 5
13497 2
13508 16
13510 15
13512 12
13518 1
13527 14
13532 18
13533 5
13539 12
13545 11
13552 16
13554 16
13556 18
13557 2
13566 14
13571 8
13575 12
13583 20
13585 11
13592 18
13593 6
13599 17
13601 18
13602 21
13606 11
13612 11
13619 2
13630 18
13631 11
13638 21
13642 5
13649 7
13652 12
13658 14
13663 15
13665 11
13671 11
13677 14
13682 1
13692 16
13694 5
13700 8
13702 2
13711 12
13717 5
13723 1
13732 2
13743 7
13746 21
13750 18
13751 3
13757 14
13764 17
13766 8
13768 14
13773 2
13782 1
13791 10
13794 11
13801 9
13802 10
13803 1
13813 11
13820 9
13821 20
13823 17
13825 20
13827 19
13829 11
13836 21
13840 7
13842 15
13844 10
13847 8
13849 2
13858 18
13859 10
13860 16
13862 17
13864 18
13865 18
13866 18
13867 11
13874 11
13881 2
13892 8
13894 12
13900 7
13903 21
13907 8
13911 19
13913 4
13921 16
13923 8
13925 7
13927 18
13928 2
