2959
3589.3109 11
3699.0544 20
3856.0062 14
4082.0113 19
4188.8837 12
4231.7540 11
4386.1473 18
4531.7975 4
4760.5327 18
4779.8201 9
4970.9362 6
5089.1991 19
5162.3292 18
5180.3701 13
5336.7031 15
5404.3601 16
5581.2840 14
5732.9724 7
5761.1930 9
5849.1295 12
5867.0989 11
6018.4377 21
6174.9443 12
6227.7018 16
6367.7227 12
6430.6021 7
6628.2238 11
6681.4027 1
6892.1965 3
7041.1602 16
7235.6130 9
7274.3069 5
7361.2717 13
7566.9922 11
7606.0663 14
7832.3299 7
8002.8046 6
8188.6572 15
8326.8305 17
8463.0771 9
8495.7618 16
8542.7520 14
8690.7793 12
8821.4565 11
9023.9617 11
9189.6902 18
9384.7934 12
9583.0095 12
9731.4248 3
9904.1229 9
9924.8223 13
10019.5902 10
10212.1633 18
10268.9076 20
10407.1305 5
10453.5576 10
10682.2889 5
10840.3597 13
10944.0656 9
11085.8932 16
11148.3944 4
11275.4220 4
11442.6553 7
11642.8905 1
11822.7302 15
11951.6849 7
12092.8720 10
12251.2318 16
12292.1712 13
12427.2633 11
12623.6279 1
12774.8164 12
12925.2034 7
12984.9636 12
13077.1638 12
13116.8112 3
13204.5563 5
13408.8631 16
13514.2592 11
13601.6978 11
13635.2439 4
13823.2171 17
13846.5049 8
14037.2181 14
14120.9777 15
14269.4220 6
14453.9244 6
14644.7435 18
14724.5012 13
14770.5854 14
14964.1651 8
15173.0366 10
15381.6025 13
15563.3845 21
15684.4184 21
15861.2531 11
16055.0034 21
16193.8002 19
16372.8423 20
16569.9972 10
16726.6343 3
16853.5403 2
17055.3796 19
17077.0380 5
17203.0516 21
17343.5064 21
17415.3892 13
17446.5165 18
17648.2534 11
17834.2624 11
18019.2677 13
18051.1563 18
18190.4551 18
18340.1275 9
18369.9659 11
18554.2556 5
18653.7982 20
18738.8568 21
18830.4185 6
18988.6798 14
19155.9928 15
19332.2740 18
19490.0716 5
19642.7465 16
19754.5223 8
19814.9608 20
19974.5225 12
20124.6032 16
20253.1099 14
20426.2529 11
20502.0512 6
20655.3102 6
20741.2251 17
20783.3562 12
20833.3598 14
20984.2936 20
21173.5072 16
21262.6893 4
21319.1336 6
21541.0217 16
21631.0594 15
21661.6946 12
21766.3953 15
21900.1598 15
22082.6962 3
22190.4001 11
22236.3343 21
22350.9034 20
22450.9524 19
22498.2246 8
22693.8339 11
22812.5747 20
22964.7466 10
23174.5242 8
23320.9963 14
23531.7515 6
23680.3659 12
23746.9900 21
23786.5065 3
23836.5808 9
23934.3899 12
24022.3833 2
24231.1547 5
24359.5143 10
24574.1513 11
24614.7009 17
24695.7859 15
24854.9129 1
24915.7600 19
25083.4334 10
25175.1774 7
25281.4688 11
25390.5101 10
25495.9829 17
25689.4119 11
25885.4080 6
26060.8748 5
26201.0112 17
26328.0072 16
26366.9637 7
26538.6577 3
26569.3366 5
26613.1861 17
26762.3419 11
26802.5374 4
26947.7587 9
27151.1773 1
27197.6620 4
27361.2960 12
27526.1783 12
27703.1961 3
27771.8555 11
27955.9834 2
28136.7789 16
28320.7805 19
28485.3143 7
28654.5581 12
28826.9084 13
28974.3255 19
29081.2005 14
29180.4663 7
29379.7710 9
29562.5764 15
29683.9494 6
29907.9864 7
30092.3273 4
30230.8473 2
30318.1917 11
30413.4655 12
30491.9853 11
30636.6204 11
30827.2485 18
30858.7351 18
31003.0875 11
31037.0871 18
31207.5134 4
31319.7725 11
31406.9150 12
31496.4802 12
31516.4653 12
31708.3878 16
31881.1542 13
31930.4330 5
32099.2947 21
32215.2576 11
32413.0552 16
32513.9768 15
32674.9095 9
32837.5846 2
32980.5336 15
33040.0492 14
33172.5056 3
33220.8377 18
33239.7227 5
33368.0259 8
33543.2494 2
33664.2863 18
33847.7426 11
33910.6172 7
33978.1016 13
34176.8150 20
34368.5489 20
34507.2448 16
34561.0485 19
34650.7504 11
34703.8857 15
34896.2019 11
34940.2019 11
35049.3665 6
35276.6073 21
35424.3408 16
35559.7654 5
35606.1389 11
35782.2106 9
35832.8578 15
36023.8035 16
36224.2074 4
36318.6228 7
36414.9762 11
36505.3023 11
36542.7369 11
36729.9278 2
36966.4909 12
37127.2057 6
37278.8864 16
37418.9597 6
37493.3816 15
37690.6016 9
37798.2733 11
37890.3529 13
37976.6380 5
38084.9902 11
38208.9173 9
38300.7658 11
38398.2702 4
38577.4323 9
38641.2916 17
38835.1790 19
38894.1596 20
39093.7265 5
39205.9769 7
39322.1608 15
39397.8531 12
39601.3527 15
39771.8187 9
39971.4235 21
40079.7440 16
40238.8221 19
40372.6332 7
40429.3624 20
40620.8849 18
40703.5956 6
40817.6142 2
40892.5294 8
40957.6223 2
41103.3641 5
41181.8969 20
41280.4097 7
41359.2431 4
41552.1627 12
41667.2344 12
41698.9529 13
41856.0825 12
41945.0580 12
42137.3383 3
42264.1789 4
42421.3639 18
42514.9247 17
42572.1692 11
42757.2558 14
42815.6189 20
42927.7067 12
43070.9156 5
43240.6660 13
43299.8279 14
43482.9204 12
43603.7965 15
43642.5895 12
43734.9676 9
43797.3244 18
43950.5098 12
44099.7900 4
44266.1952 9
44329.5917 10
44447.7376 1
44664.6227 11
44692.6325 11
44835.0930 17
44876.9758 12
45010.4196 16
45069.1519 12
45250.2933 14
45338.5591 12
45483.8077 9
45531.1523 14
45731.8475 16
45806.9874 10
45935.5566 21
46053.3867 13
46234.1486 18
46355.8566 11
46516.3752 6
46750.4454 3
46890.3222 2
47029.7177 17
47060.1417 9
47119.4024 19
47169.5131 10
47364.3695 8
47521.5640 18
47664.9125 16
47842.4231 12
47868.4133 7
47997.2505 12
48125.5972 21
48173.7712 4
48353.4920 11
48372.6965 20
48559.6008 11
48697.5574 20
48869.1884 20
49059.8755 4
49120.0841 7
49146.5477 1
49272.9770 13
49417.9454 18
49573.1448 14
49771.7398 5
49834.9392 12
49855.4762 11
50028.7404 18
50049.2394 5
50087.8782 17
50118.9318 10
50219.5990 8
50336.2792 19
50486.5918 7
50664.2689 12
50801.0886 18
50962.7833 1
51105.9969 12
51234.7809 20
51310.2634 12
51401.9699 18
51507.9269 12
51694.7369 2
51884.2584 19
52014.3637 13
52217.1506 10
52299.7624 16
52429.8752 2
52634.3823 18
52726.7522 17
52927.2892 17
53065.1793 13
53153.6286 11
53279.5743 2
53516.1907 5
53656.3625 5
53763.5888 12
53966.1356 2
54042.0376 20
54176.1512 12
54361.2029 18
54453.1800 18
54620.9901 12
54822.6348 16
54969.3619 21
55127.8808 4
55347.5637 2
55466.7974 12
55600.6708 17
55650.6503 11
55676.9885 15
55700.2917 12
55739.3834 11
55881.1066 12
55965.6878 13
56060.2868 17
56143.2259 18
56337.6578 11
56494.5633 14
56669.1004 13
56763.0615 19
56871.4032 13
56900.6694 18
56988.6362 12
57149.2540 15
57279.6116 12
57436.4324 10
57579.5317 7
57624.5029 3
57658.5235 9
57811.4422 1
57965.1900 4
58124.0585 19
58238.3432 2
58380.5427 7
58499.7759 5
58528.4062 13
58668.7617 11
58780.2852 16
58853.4461 10
58968.4646 11
58989.1227 17
59173.0513 21
59200.6368 19
59247.8135 2
59360.2704 17
59381.1985 6
59493.9901 19
59537.2000 1
59658.8380 18
59681.2485 17
59805.6660 3
59988.4468 21
60039.6793 12
60097.1060 9
60204.1094 15
60294.9573 7
60420.5139 13
60521.4996 18
60587.4201 7
60617.3213 18
60783.6189 16
60804.0205 4
60939.0109 4
61166.5997 6
61336.8305 7
61415.4531 16
61538.7849 18
61590.2888 19
61676.5671 6
61826.5637 2
61926.6992 5
61986.4763 15
62066.4071 18
62112.4379 19
62174.5836 10
62317.2993 15
62419.8362 1
62531.1726 12
62729.1897 18
62924.1246 18
63017.6598 11
63116.2373 16
63167.9164 10
63297.6150 9
63476.1776 13
63582.1912 13
63701.5989 13
63853.0336 4
63908.6977 16
64097.5698 14
64199.5358 18
64243.9893 20
64267.1260 15
64466.1480 16
64598.8634 12
64623.0115 7
64803.1903 8
64887.7044 20
64984.0314 19
65145.2441 10
65339.7610 12
65407.1043 2
65561.0070 17
65719.3321 12
65859.2032 5
66047.1811 16
66145.8732 21
66214.8840 20
66365.5971 4
66462.3120 9
66561.1437 20
66594.0843 5
66781.3052 13
66864.5972 18
67036.9500 14
67221.4087 12
67365.5457 17
67386.2050 19
67432.1905 18
67547.6470 17
67569.5472 4
67740.8471 10
67900.5074 11
67931.2407 5
68074.7727 16
68279.5750 17
68371.6169 3
68414.2309 18
68545.1625 15
68681.1329 19
68774.2949 19
68887.8227 11
69013.3749 11
69106.6026 14
69283.0136 7
69393.3596 4
69459.8946 12
69543.5191 18
69715.7341 1
69889.0030 11
69975.0434 18
70166.5164 8
70348.7927 3
70504.0614 4
70602.4236 12
70789.6081 19
70846.5436 8
70948.5049 11
70974.4759 1
71185.2624 9
71355.8251 18
71383.4860 6
71544.8113 3
71651.6148 17
71846.7928 20
71899.5548 8
71958.9332 18
72074.7911 3
72179.7546 19
72222.0438 13
72420.8635 7
72579.1986 16
72743.4102 16
72788.1750 13
72816.0666 12
72963.9548 21
73074.0715 20
73237.2510 2
73331.7942 13
73469.3135 11
73511.2385 11
73669.2550 8
73722.5080 4
73938.6415 14
74095.2705 16
74165.4430 17
74338.5142 7
74373.0595 21
74496.6590 9
74678.5922 11
74732.9691 18
74851.0784 16
74953.5232 11
74973.2826 11
75010.6028 1
75219.2091 8
75391.2785 9
75553.9281 15
75735.3101 11
75894.6421 3
75956.0915 14
76034.1867 10
76223.2236 15
76397.7947 8
76591.8614 9
76612.0169 5
76661.3682 1
76712.2041 3
76821.4330 9
76848.2155 2
76988.0089 6
77163.2694 15
77264.7150 8
77461.8497 15
77583.2528 19
77727.7786 10
77772.2611 9
77956.5757 11
78093.8740 16
78171.1785 11
78222.2798 7
78410.7846 21
78581.0037 8
78792.7352 15
78986.7541 7
79014.5331 9
79175.0587 18
79205.7515 1
79395.6605 13
79471.5164 18
79637.2606 18
79654.4582 20
79682.1725 21
79850.8545 12
79984.2376 6
80040.1001 4
80140.0942 16
80232.9436 7
80399.7343 6
80540.9482 10
80683.9925 7
80748.5797 3
80865.2029 4
81080.6611 4
81217.3686 19
81417.8642 12
81518.3670 19
81661.5298 1
81739.7184 18
81854.2719 11
81981.6264 18
82062.9905 12
82200.0703 12
82378.4469 10
82573.8837 12
82718.7981 2
82846.2553 6
83004.7748 18
83204.9978 19
83301.0415 21
83483.4940 2
83625.7570 20
83653.7023 15
83854.5533 17
83895.6814 13
83994.2248 20
84189.6631 10
84343.6986 12
84460.3960 2
84640.1140 11
84799.3001 12
84932.5443 11
85077.4860 18
85242.2748 6
85302.7667 2
85488.8350 13
85672.1498 12
85765.0918 12
85814.8614 20
85988.1681 17
86166.0053 4
86221.3662 7
86286.6150 12
86417.0252 11
86448.1016 13
86635.8181 12
86787.4728 19
86869.0166 12
86954.1822 2
87094.9904 18
87264.8030 16
87382.2488 5
87429.5454 2
87596.6807 12
87776.3268 12
87955.8005 13
87995.3860 18
88106.8083 6
88349.6545 8
88549.7171 4
88699.5442 18
88749.5623 14
88948.4147 14
89062.7621 12
89142.5934 4
89310.9136 12
89502.8229 5
89686.1296 3
89839.2145 12
89943.4394 12
90109.4852 2
90340.0162 19
90511.2745 20
90679.5422 11
90807.7528 3
90876.2576 12
90929.2157 3
90960.8317 11
91101.4925 16
91215.9996 4
91352.5619 9
91413.3022 16
91593.7259 8
91770.3095 15
91946.3264 12
92083.6645 17
92157.0794 12
92206.8478 20
92274.4999 20
92457.9258 2
92695.3010 11
92818.6356 19
92840.9194 3
92992.4248 19
93086.7485 9
93266.9129 11
93447.9848 19
93478.1990 8
93649.4339 18
93730.1443 13
93830.6920 12
93934.4167 12
94133.2081 15
94259.3011 6
94447.3230 10
94510.4860 11
94683.2403 11
94782.4947 10
94928.3459 17
94967.1057 3
95042.3400 21
95079.3157 7
95144.1009 5
95183.3330 6
95374.9374 11
95394.8321 15
95453.8470 18
95510.2911 20
95566.0388 14
95755.1855 7
95955.1343 7
96064.2801 7
96149.5302 16
96284.2791 7
96481.7743 19
96588.0771 9
96662.4334 8
96785.2312 8
96883.1006 21
96914.6871 17
97047.6109 20
97240.3212 6
97306.9185 13
97361.2817 11
97542.0265 15
97679.8359 18
97818.7815 1
97890.4989 12
97969.6844 2
98115.9669 5
98210.6710 12
98341.4928 11
98385.1549 9
98487.4805 16
98625.6042 9
98787.5473 18
98894.4383 1
99011.6061 16
99167.0426 12
99311.7718 16
99464.6198 7
99506.7333 21
99554.7828 12
99653.0183 13
99793.9329 21
99989.2980 20
100056.0877 14
100275.8556 2
100387.6365 14
100479.5631 12
100602.4991 11
100733.6900 3
100869.0837 6
100973.0322 7
101137.8463 17
101309.6380 18
101350.5434 11
101414.8340 21
101534.2883 5
101591.4782 16
101622.1407 12
101649.6984 9
101692.1278 18
101773.4193 12
101918.6097 1
102063.0248 7
102146.6711 19
102168.8645 17
102235.7029 19
102322.9148 7
102400.6824 14
102531.5540 1
102700.9104 2
102905.4592 2
103046.1445 4
103286.3579 11
103424.9469 13
103529.5592 6
103592.7257 19
103625.0585 12
103775.0830 5
103922.8984 15
103944.3533 18
104100.5332 11
104230.5543 18
104294.3960 9
104427.7796 13
104592.9666 4
104810.7494 13
104987.0669 11
105100.5216 16
105252.3821 5
105413.4471 11
105529.7852 18
105552.3650 14
105722.9827 18
105857.2774 16
105904.1657 5
105992.9137 12
106178.1320 1
106397.3733 9
106493.4275 18
106640.3705 15
106804.6552 6
106890.9430 1
106931.8606 18
107115.9555 8
107305.3400 2
107510.7921 1
107581.7609 11
107648.7287 3
107720.6761 3
107817.7840 1
107880.3678 6
108055.6214 13
108082.6843 11
108135.7687 21
108159.7541 11
108258.2606 19
108294.1012 19
108460.7697 4
108688.6024 1
108822.6108 10
108974.0709 20
109007.3572 15
109113.7661 1
109293.8728 2
109425.8467 1
109533.5848 13
109686.3680 5
109723.7774 12
109882.4433 13
109999.7040 10
110151.4980 8
110374.5730 12
110534.2025 3
110675.5732 12
110720.7186 7
110847.0230 17
110918.7343 20
111111.1926 11
111305.0583 7
111501.4459 2
111616.9663 11
111791.7468 11
111839.8656 18
112033.4139 12
112205.3466 18
112237.8295 21
112290.2779 2
112498.3097 13
112637.8534 20
112796.2600 16
112921.4731 19
112980.2264 11
113039.2931 6
113166.9548 6
113280.5219 21
113407.1123 7
113593.7024 6
113698.6991 15
113756.8734 21
113943.8592 7
114106.6447 21
114287.5980 6
114524.4381 10
114679.9581 3
114858.3355 17
114936.2369 18
115135.6062 13
115315.5785 18
115369.8185 8
115435.6073 19
115617.8279 16
115683.5801 17
115719.4482 15
115742.0588 13
115821.1997 10
116002.5895 20
116150.2071 12
116209.2999 9
116363.1405 11
116439.4678 7
116488.5283 18
116541.0540 19
116569.1916 11
116638.7587 20
116805.0979 3
117014.4761 2
117251.5754 11
117283.6619 12
117368.0266 9
117567.0960 12
117638.9357 17
117743.0434 15
117836.0420 16
117991.6687 18
118071.1839 8
118281.1335 18
118389.5377 15
118447.2630 3
118490.7549 7
118685.6794 10
118882.6097 6
119122.4054 3
119171.7668 2
119291.6635 2
119373.5959 12
119443.4531 13
119627.6143 9
119804.1845 6
119884.5560 11
119974.5980 14
120124.0124 11
120152.8690 1
120260.8895 9
120308.0764 21
120432.2391 13
120491.1049 10
120654.9744 6
120796.0375 12
120898.4497 3
120960.0422 5
120990.6003 18
121038.7179 7
121070.6082 11
121095.8365 16
121271.3428 16
121459.9393 16
121595.5764 5
121647.9264 16
121802.1145 18
121979.9551 3
122184.5845 1
122350.5039 9
122487.6014 18
122522.5262 12
122694.1953 6
122917.0262 14
123037.1295 14
123140.9053 19
123243.0481 12
123322.4302 2
123537.2545 3
123606.0016 13
123702.5145 12
123773.3734 3
123946.3901 12
123986.9990 6
124114.8822 11
124275.0716 15
124461.6038 11
124517.2503 12
124660.5114 20
124741.5935 16
124762.4365 11
124891.0305 9
124946.7988 4
125143.6466 11
125196.5998 3
125295.2201 5
125468.6988 11
125547.1246 4
125674.1777 3
125716.8721 10
125892.7500 11
126067.9341 20
126203.0110 13
126366.1484 11
126489.1654 1
126627.9725 6
126757.7514 15
126927.8712 19
127067.5684 21
127105.4597 12
127271.8477 11
127365.7399 1
127490.6845 10
127552.9095 11
127698.3584 18
127754.4302 12
127776.0309 15
127814.7787 6
128009.7019 11
128063.3706 1
128269.0543 6
128343.1538 10
128480.7983 21
128610.1571 20
128677.3567 20
128779.8767 20
128818.0193 2
129056.5558 1
129155.6895 2
129222.1927 8
129285.4002 2
129526.7569 11
129562.9358 14
129672.8292 16
129791.9381 4
129935.7541 20
130040.9877 11
130100.5316 12
130210.0541 2
130421.1635 11
130519.6704 16
130723.0516 2
130832.4044 11
130944.3871 9
131143.1533 15
131341.8159 20
131521.8505 15
131573.3233 12
131727.6198 20
131837.7631 11
131869.9754 18
131949.4743 10
132080.4466 4
132176.9074 20
132345.3249 18
132371.9133 20
132462.2409 15
132551.1966 4
132643.4081 11
132820.4626 10
133002.4461 11
133098.0214 18
133246.6809 4
133376.4944 4
133544.7691 19
133718.5417 12
133746.0443 18
133909.6899 17
134060.1480 17
134093.6348 19
134265.9197 15
134331.9169 14
134537.6547 7
134587.9785 10
134756.7334 9
134883.3070 18
134939.7163 3
135054.9527 2
135276.0434 13
135475.6190 3
135579.1053 11
135764.8131 17
135869.4795 12
135945.4059 20
136080.1668 12
136108.1471 1
136167.3990 17
136237.3604 21
136344.2028 9
136476.7522 19
136525.4187 17
136593.9131 16
136623.2711 11
136644.6769 4
136726.6508 16
136796.5106 12
136867.3956 16
136888.8906 16
136990.3022 3
137194.4192 18
137299.2759 5
137328.8173 11
137455.0402 16
137565.0136 19
137718.1534 7
137903.6245 16
138028.9872 11
138211.7796 20
138276.5285 7
138317.0102 13
138342.1459 21
138469.6688 19
138522.3462 11
138659.1318 17
138753.6653 6
138925.3459 18
139111.4616 12
139286.3501 4
139407.6859 9
139471.0590 12
139615.4815 9
139690.3044 18
139759.2556 5
139802.7680 3
139911.9516 11
139975.1059 21
140068.3369 5
140205.5471 19
140290.4969 20
140448.7679 9
140621.6012 8
140794.7574 1
140949.0539 17
141047.4923 10
141114.2389 13
141161.4857 15
141191.1764 3
141399.9905 13
141437.7451 5
141479.1630 18
141512.4488 17
141585.9383 12
141696.2871 9
141895.6773 18
141974.5912 11
142019.8682 21
142105.0940 8
142260.8092 20
142350.1215 16
142457.0438 10
142663.3920 18
142866.0391 2
143022.1880 5
143107.5504 19
143240.5050 17
143418.1068 17
143563.7153 11
143634.3576 16
143825.4883 18
143914.2131 1
144081.5762 16
144224.5548 2
144408.3159 8
144513.2161 19
144661.1283 21
144857.1234 19
144906.1320 6
145067.2147 10
145211.3356 1
145423.3825 1
145500.7328 17
145698.3018 16
145878.8326 4
146081.3399 6
146208.6498 8
146352.7713 7
146531.2199 18
146599.5392 18
146622.0377 19
146822.4537 12
147001.1385 8
147116.9115 7
147203.1306 3
147378.9725 12
147569.7559 7
147718.5511 2
147850.6161 20
147880.7734 14
148033.5855 12
148081.5897 17
148225.2278 18
148298.1838 19
148383.0986 5
148594.8278 5
148682.3159 15
148720.9590 17
148756.9832 20
148954.7432 21
149128.2842 9
149312.8320 13
149370.7283 11
149492.4620 16
149521.1760 12
149548.9080 3
149719.9987 21
149857.1569 6
149983.2561 3
150064.0494 11
150177.8161 10
150283.9272 14
150422.2696 11
150573.2589 11
150684.2087 19
150734.0972 14
150885.6766 13
150983.8355 18
151000.5360 15
151082.9559 5
151188.1073 8
151377.5513 12
151399.9460 8
151465.0116 18
151571.6976 1
151785.2619 13
151870.1314 16
152009.8784 2
152211.7178 18
152346.1510 17
152495.6138 12
152624.5102 11
152692.5920 10
152845.5454 19
152915.1541 12
153044.2126 19
153085.4436 9
153132.0789 5
153166.5135 2
153348.0134 13
153504.6257 12
153656.1706 16
153823.6187 2
153902.8235 7
154099.6657 3
154166.7847 11
154258.0986 3
154296.2561 14
154517.4276 11
154675.8204 5
154819.1476 11
154865.3847 14
154989.1119 11
155101.6185 11
155174.9716 5
155355.5742 12
155536.5606 20
155713.3549 13
155803.1598 13
155865.4337 3
155953.3846 12
156037.9057 6
156260.9884 15
156376.2383 20
156559.7161 8
156788.9259 11
156869.7044 13
157056.3870 2
157257.0577 18
157277.3924 16
157428.0446 2
157599.2808 18
157744.0655 17
157782.2029 5
157958.7743 11
157995.8967 3
158057.8130 5
158237.9800 12
158293.9590 1
158447.7900 11
158492.7071 4
158689.9964 2
158900.8607 18
159069.9590 10
159138.1001 13
159295.8914 20
159445.6452 12
159591.4689 2
159781.7945 12
159974.4699 12
160054.9274 15
160217.2833 20
160278.9806 2
160399.9101 6
160463.3827 20
160490.9658 2
160706.0301 17
160784.1131 16
160964.7624 15
161125.3701 2
161360.2468 11
161460.4071 7
161628.9451 4
161839.7643 12
161991.0536 10
162149.0251 11
162342.9486 16
162374.0547 10
162520.4946 11
162693.2486 21
162822.5337 6
163072.3338 3
163133.3847 2
163214.2043 1
163259.4953 18
163371.1119 3
163536.6359 13
163601.6974 20
163656.8867 7
163735.4807 6
163864.4964 12
163886.1502 19
164034.3514 15
164095.3643 3
164209.3993 21
164245.5636 3
164413.5259 19
164542.3258 11
164706.5180 7
164767.3921 11
164904.1474 12
165026.4892 15
165214.9587 19
165254.0318 14
165353.6584 7
165508.8070 3
165675.3276 7
165702.0498 14
165786.7916 7
165847.8179 11
166036.3904 11
166103.9290 7
166221.4329 1
166257.9236 19
166288.4761 17
166472.7519 6
166599.8067 4
166776.5753 2
167012.2226 18
167041.9152 13
167211.4607 13
167404.2672 12
167463.6502 3
167581.6081 17
167718.3793 11
167807.4778 12
167856.0329 7
168021.4874 3
168201.1670 18
168328.2339 5
168421.4946 5
168481.6945 11
168568.1416 19
168590.5796 17
168617.3085 10
168810.2265 11
168985.7883 5
169031.8050 10
169131.4937 14
169323.9353 16
169484.6942 11
169640.7063 10
169780.0948 21
169825.6904 2
169933.3074 12
170131.3638 21
170285.3124 3
170361.6676 18
170397.6994 11
170491.7829 1
170565.1332 7
170670.3693 6
170780.6853 3
170833.7639 9
170923.4761 18
170988.2067 18
171006.2946 12
171031.5124 18
171088.4626 15
171170.8953 9
171267.2525 13
171438.7466 10
171566.4684 11
171747.8674 3
171896.3917 11
171971.6950 10
172154.9662 12
172282.1549 11
172461.7257 10
172585.4079 16
172722.6099 12
172831.3917 4
172967.4788 5
173159.5289 11
173267.9187 16
173403.3416 3
173611.7016 8
173762.6980 17
173919.5958 20
174068.1998 3
174239.2832 1
174444.7191 15
174591.1859 12
174692.9728 4
174912.4678 7
175111.6786 5
175288.0862 18
175425.4973 14
175646.6999 12
175833.6044 7
175993.3654 9
176057.3920 13
176166.5465 12
176281.6985 11
176377.1339 13
176442.0403 7
176598.5476 6
176819.2654 18
176860.8567 3
176972.3450 18
177005.6812 18
177139.3254 5
177276.3282 21
177298.6248 17
177412.1750 14
177578.5572 20
177682.0518 5
177876.6400 5
177929.1002 20
178069.5938 4
178224.1001 17
178267.9310 16
178397.0371 21
178432.8068 19
178534.0440 7
178568.8520 10
178784.8582 4
178863.5064 13
179001.8440 18
179080.8782 9
179268.2773 11
179299.9578 10
179431.8450 2
179621.8143 7
179663.1298 3
179870.1807 9
179898.7930 3
179989.2712 18
180118.2296 15
180241.8147 3
180285.1516 9
180376.1682 15
180528.1925 20
180715.6819 1
180762.5136 12
180833.9643 16
180917.8145 5
181103.4542 12
181168.3687 12
181307.8571 12
181415.4019 8
181528.6404 5
181677.6491 17
181827.4716 4
181975.3527 17
182145.3053 2
182332.1352 3
182540.4067 17
182593.9668 8
182795.7243 11
182910.0976 4
183062.0550 4
183273.5348 14
183347.1109 12
183493.2341 5
183647.8562 12
183734.6842 15
183759.7643 1
183913.4721 8
183979.6768 10
184054.3175 11
184179.0267 17
184327.8653 3
184364.7746 8
184443.8381 19
184468.3448 12
184595.9984 18
184715.9015 18
184733.8561 11
184811.4520 19
184996.4537 9
185116.8968 12
185280.5141 11
185309.6611 4
185477.0736 18
185655.8576 12
185793.1037 8
185937.4649 12
186085.0161 9
186253.4140 16
186382.5057 7
186574.2702 9
186764.5705 3
186832.9569 13
186951.8808 10
186988.0782 16
187180.6519 18
187253.2192 13
187433.2386 15
187454.5893 12
187630.6944 11
187820.9749 10
187840.3067 14
188062.7149 9
188262.4392 15
188325.9938 6
188527.2265 11
188641.1003 11
188701.9254 13
188759.0665 8
188874.0725 4
189016.2662 5
189166.9179 11
189258.4331 16
189376.5426 1
189541.0267 19
189572.8293 13
189726.8466 21
189780.0810 15
189840.9896 13
189928.0512 11
190005.0965 11
190070.5602 18
190184.0440 7
190315.1774 12
190463.9392 11
190573.0166 16
190629.9000 11
190800.9474 14
191036.4729 13
191228.0637 2
191300.7196 19
191474.8272 20
191555.6866 12
191717.5081 6
191800.7642 14
191868.3708 7
192013.9997 8
192238.0091 11
192275.8886 18
192475.6128 18
192573.1699 15
192635.5043 12
192677.2791 8
192746.1138 20
192929.0903 11
193108.8019 11
193272.6030 4
193487.2635 21
193523.5517 10
193636.5776 2
193764.1107 7
193856.0470 13
193951.0186 11
194134.9916 19
194286.9105 7
194426.8943 13
194544.4393 14
194755.3651 6
194899.6689 20
195010.2654 10
195054.9802 8
195212.5823 19
195374.5368 11
195523.4287 14
195722.4522 10
195872.1811 14
196034.9332 6
196098.8388 19
196175.6073 21
196230.0332 10
196272.6568 10
196432.9657 9
196503.7016 10
196590.6367 21
196648.8870 9
196793.9897 18
196897.2057 1
197110.9993 13
197195.1576 3
197356.5858 1
197436.4487 19
197568.6199 2
197661.6764 8
197718.1289 10
197854.2172 20
197955.3269 18
198117.6108 12
198210.6477 19
198344.0531 8
198564.7625 21
198645.0686 11
198703.1288 5
198912.8046 19
199039.8564 11
199187.4745 6
199262.0620 18
199374.6451 17
199541.4003 18
199588.4686 21
199673.9349 18
199755.4731 7
199782.2331 14
199891.3197 4
200135.3832 2
200382.2101 16
200518.0250 16
200610.6525 10
200775.7289 11
200908.7531 13
201028.8477 12
201173.1814 18
201283.3432 19
201322.1028 12
201513.8749 17
201712.7479 13
201770.8571 2
201907.0225 3
202040.5639 18
202120.2500 10
202302.1980 10
202412.1603 1
202533.6097 5
202745.0595 12
202843.8384 11
202924.5518 10
202985.1520 12
203005.0088 11
203126.4748 18
203275.2683 19
203301.6993 17
203499.8707 12
203522.3296 12
203696.3632 19
203803.4630 1
203888.2307 11
204030.8030 11
204211.1888 10
204290.6792 18
204435.8809 7
204492.0568 12
204513.5701 1
204659.0094 3
204800.0231 11
204832.1925 19
204922.7606 8
205122.0819 7
205250.6362 18
205418.7383 10
205517.7010 2
205736.8081 2
205892.9075 15
205910.8472 12
206075.3909 17
206179.8515 15
206359.6995 4
206555.9968 9
206653.4996 1
206858.5121 3
206888.5811 12
207018.3973 3
207210.4964 11
207395.4851 9
207431.8360 16
207546.1945 13
207660.3637 16
207697.4140 9
207739.4708 10
207801.3695 12
207988.9994 21
208071.5541 1
208158.4049 21
208243.0951 3
208277.6916 7
208347.4661 5
208430.2940 21
208615.6288 4
208747.8168 20
208938.9404 10
209139.3013 11
209199.3236 21
209235.7723 3
209343.2811 17
209424.5669 1
209465.1893 12
209486.8573 18
209591.3948 11
209741.3961 20
209902.6944 11
210090.0623 5
210225.0689 19
210354.9487 20
210554.2501 5
210582.2223 19
210612.6753 15
210645.5231 12
210695.0692 12
210736.9578 13
210820.1949 12
210918.7162 12
210962.9708 9
211132.4304 9
211224.2004 11
211273.1037 3
211394.3445 9
211525.0934 7
211647.7376 12
211733.2042 21
211762.0069 10
211923.1168 4
212077.4030 10
212116.4655 11
212168.5612 13
212299.2957 15
212482.7178 11
212681.1026 12
212753.6261 18
212886.9274 17
212959.0581 17
213135.1667 13
213342.0395 7
213441.7444 11
213589.6938 20
213728.6423 13
213820.4274 21
213918.1562 17
214060.8588 4
214304.6663 9
214440.9491 11
214534.6209 16
214683.7502 6
214741.0111 15
214913.4556 21
215011.1925 8
215088.6560 21
215222.9645 12
215381.3065 5
215544.9216 18
215677.5976 9
215831.5734 21
215907.5972 11
216025.9929 20
216183.1369 15
216267.0604 12
216355.8924 8
216443.2817 15
216479.4699 5
216605.0371 8
216826.0033 18
216847.4948 4
216953.6566 2
217163.5438 15
217190.2326 12
217283.6859 9
217475.6535 14
217574.3835 16
217775.5428 14
217878.4038 2
218127.4809 11
218170.9159 11
218198.3374 19
218237.1978 19
218310.6157 18
218437.8016 20
218628.9624 19
218810.7066 9
218848.1424 12
218887.7319 3
218969.8461 6
219172.4490 10
219346.3054 18
219370.5604 21
219461.5889 17
219631.4647 15
219680.2682 6
219776.4708 3
219934.9383 4
220152.9284 11
220350.7796 14
220477.3164 4
220622.3145 11
220774.9068 16
220960.9485 11
221045.1603 11
221243.1420 8
221446.1043 14
221693.6746 11
221750.7832 21
221774.1371 11
221903.7582 16
221925.0056 7
222111.7876 7
222250.8029 18
222347.5300 4
222404.9125 15
222529.9511 4
222613.3464 15
222696.2095 3
222846.6644 8
223065.9965 6
223172.9900 11
223239.4973 18
223309.7933 11
223330.4893 17
223400.5916 18
223438.4333 13
223472.2323 1
223538.8868 3
223581.5177 12
223736.5470 18
223819.3994 14
223939.2048 16
224037.4126 20
224223.4949 19
224367.5703 12
224521.2362 11
224542.2381 14
224711.3975 7
224863.2750 11
224956.8693 6
225136.6049 2
225213.9786 4
225356.9768 8
225460.3236 3
225540.1488 21
225616.9538 11
225725.5494 10
225795.6063 12
225925.9613 17
226065.0622 13
226138.9787 12
226190.2784 11
226308.2994 16
226478.9541 18
226667.0856 1
226706.8811 20
226838.9686 2
227047.7870 17
227138.4908 11
227219.4916 17
227384.9781 11
227550.7457 6
227671.3660 17
227734.9747 16
227874.0709 19
228006.4999 2
228228.0907 15
228272.1695 17
228350.5668 6
228490.9950 9
228631.6985 10
228794.0803 12
228986.0130 11
229184.2835 16
229374.2230 18
229531.1571 13
229699.3554 11
229723.7603 3
229888.8937 15
229995.4613 11
230152.5203 14
230300.1564 16
230423.7493 13
230501.5638 18
230532.9303 14
230606.4504 16
230771.1271 18
230918.0407 15
231061.7736 11
231086.8882 2
231173.9644 17
231295.1202 20
231329.3086 5
231355.8175 14
231428.4380 16
231575.1287 21
231643.2514 3
231766.3302 17
231807.6990 3
231871.1163 1
232035.2118 4
232126.0702 8
232179.8621 18
232272.3094 3
232322.2694 21
232367.6994 12
232451.7302 12
232626.6556 1
232727.2417 11
232917.7768 11
233055.4253 20
233213.5772 3
233364.4888 16
233470.2505 9
233495.6030 12
233577.8250 11
233659.8505 8
233745.6778 11
233876.1521 6
234017.3875 16
234212.7101 1
234328.2688 11
234405.1889 18
234463.4111 6
234552.5208 14
234618.8626 21
234749.4538 21
234944.0034 12
234962.9426 18
235031.1408 18
235158.0414 12
235210.3965 8
235363.8261 18
235438.3598 1
235572.4097 20
235632.2530 20
235707.4932 12
235755.4096 9
235786.0090 16
235975.7075 19
236049.1376 12
236235.7740 12
236374.8580 21
236537.2823 9
236607.0425 12
236783.9507 6
236956.4216 15
237126.7705 15
237257.6850 16
237451.8358 18
237616.5094 3
237744.5583 8
237917.5584 7
238077.6090 16
238133.9577 21
238245.0570 14
238379.1377 18
238491.6052 14
238641.3484 8
238810.2939 6
238941.0758 14
239111.4904 8
239175.6038 18
239374.9283 3
239530.6426 4
239706.5327 14
239804.1909 18
239940.5534 2
240074.9356 8
240281.7433 12
240457.3436 14
240600.0332 12
240717.3352 2
240810.0210 5
240937.1252 8
241135.2915 18
241272.4683 18
241458.3176 1
241623.7523 13
241827.5863 21
241867.9501 8
241922.7781 7
242043.8986 16
242174.6326 19
242305.4354 20
242375.9284 2
242529.1795 11
242650.0326 11
242795.1935 1
242855.6166 11
243045.7863 15
243135.2562 11
243331.6671 10
243562.7945 7
243704.7174 21
243885.9388 18
244010.2283 11
244088.8847 18
244269.0972 6
244478.6682 18
244637.7094 14
244782.0286 11
244820.6739 2
244899.1169 21
245103.0707 7
245260.9000 17
245392.0250 2
245604.3331 11
245729.1164 7
245835.1118 18
245863.7853 12
246011.8449 18
246204.4449 20
246257.7775 16
246434.9796 18
246584.1741 9
246683.4862 7
246842.6008 3
246891.1586 8
246976.7242 9
247074.3048 19
247270.4845 6
247444.2318 11
247614.7519 11
247776.5556 12
247941.3335 1
248078.5465 7
248273.1163 3
248413.2801 21
248489.8351 11
248522.8290 13
248644.5673 7
248824.6639 8
248909.5008 10
249067.4359 12
249129.9595 1
249240.7015 4
249395.9242 16
249453.4458 2
249653.8352 11
249857.1492 13
249909.1252 8
250034.4543 12
250067.8148 19
250198.3736 11
250249.6727 11
250422.0147 14
250621.1205 15
250820.9262 5
251003.5920 18
251199.8937 9
251260.0430 11
251300.8114 20
251465.0778 5
251504.5608 8
251579.6957 1
251722.9994 12
251759.4208 16
251938.7201 10
252107.5499 18
252268.1234 12
252293.6883 13
252403.2789 17
252475.0512 5
252535.4142 14
252734.9627 5
252915.0533 3
252964.6031 2
253046.0564 20
253224.2213 9
253313.3769 11
253421.3623 6
253460.9834 11
253492.7201 16
253593.7434 18
253688.7736 18
253736.7699 1
253856.2751 1
253935.3439 19
253961.9548 15
254101.3931 13
254273.7668 11
254367.1649 21
254501.0242 11
254661.2286 20
254746.4335 21
254915.2085 12
255020.8327 15
255177.5059 4
255374.6999 19
255476.4946 16
255652.0376 8
255795.5629 18
255813.8501 19
255903.4910 14
256084.6959 4
256151.4639 21
256319.7783 16
256369.1053 6
256503.7078 21
256705.6139 2
256759.3920 15
256836.1284 9
256957.0087 7
257148.7172 18
257315.1556 4
257516.9088 7
257697.1077 3
257768.7938 15
257950.5629 14
258057.1714 11
258140.2207 10
258226.4737 17
258321.0010 20
258506.4120 1
258614.0758 11
258810.9656 2
258914.0848 16
258974.3826 13
259066.1322 14
259286.5411 3
259374.9494 18
259538.6596 12
259725.0121 5
259896.2034 17
259954.7096 5
259990.6938 6
260083.9312 12
260239.0439 16
260342.2578 18
260410.1011 15
260507.8141 14
260715.9440 10
260892.5692 12
261004.6717 12
261156.4214 20
261286.4380 18
261409.4494 14
261617.1063 11
261646.9212 2
261790.2227 21
261903.2262 18
261921.3272 15
262082.5180 1
262160.4666 5
262251.6112 15
262413.8908 10
262628.5955 10
262713.9595 21
262761.7853 12
262895.9991 12
262924.8429 15
263123.2092 6
263257.6159 15
263300.6763 16
263435.5559 15
263519.6956 16
263703.2445 15
263834.0735 20
264011.7544 4
264239.8973 19
264437.5343 21
264618.8607 15
264680.1547 20
264760.0572 14
264940.5823 11
265126.9924 11
265207.0080 13
265383.4495 11
265432.6353 19
265461.5938 11
265491.6859 20
265614.7333 16
265719.7384 4
265813.5372 15
265908.0046 4
266039.6248 11
266120.2034 6
266212.4656 10
266323.7981 11
266366.8437 8
266501.4175 10
266694.2134 14
266932.2275 19
267012.6607 12
267189.4286 11
267385.3857 16
267547.5955 19
267646.5178 2
267720.3422 6
267955.9281 11
268003.6624 16
268141.1140 20
268234.4197 18
268410.6201 17
268474.7846 11
268548.3109 12
268628.4224 12
268736.8683 20
268834.8277 8
268949.3917 7
269038.3716 13
269171.2736 4
269287.2847 17
269314.7670 12
269499.1969 5
269644.0192 4
269815.2521 14
269921.2122 11
270110.0079 17
270196.4522 12
270310.6554 17
270330.5254 17
270396.2625 18
270452.1168 14
270588.5226 17
270606.7786 11
270758.8798 9
270892.3776 8
270980.3043 3
271133.6079 16
271308.5767 9
271467.9014 21
271648.4774 5
271694.1666 4
271875.7385 21
272075.2876 20
272159.8762 17
272302.8258 12
272477.4188 1
272543.9049 11
272613.0363 18
272729.5154 13
272858.9470 11
272937.2641 18
273129.6554 11
273227.2640 15
273399.7601 1
273563.7417 15
273601.1607 15
273691.1878 7
273798.3264 21
273905.1312 19
273963.4038 7
274133.0960 1
274269.3212 16
274419.0144 9
274594.6994 19
274655.2096 11
274800.3753 9
274929.9675 16
275106.1758 12
275160.5428 10
275345.5354 17
275414.2858 1
275545.4452 12
275617.8685 1
275706.1898 21
275750.1257 18
275826.0696 11
276017.2126 11
276143.9964 21
276256.1935 18
276287.0265 1
276412.9079 8
276578.3388 12
276749.7348 18
276862.1453 6
277057.0419 14
277126.0804 20
277274.8602 20
277438.1670 16
277479.9588 11
277540.7921 11
277586.9699 18
277673.3076 11
277765.2990 2
277880.9936 17
277948.6861 4
278012.1552 12
278062.6202 15
278224.4900 2
278320.3373 13
278471.5942 4
278713.3842 6
278811.5304 21
278961.5220 7
279059.1162 18
279250.3377 3
279413.4510 4
279643.3284 15
279681.6119 10
279738.4188 19
279851.4123 18
279966.8455 15
280032.2186 2
280236.8102 14
280421.5108 11
280447.3620 11
280603.8220 4
280858.5716 11
281029.0784 12
281152.4751 10
281245.9799 5
281382.6708 17
281467.4899 10
281543.5651 4
281715.5283 18
281749.6412 18
281906.6510 18
282103.3498 19
282210.3308 11
282237.1044 15
282332.3769 11
282438.6068 1
282528.6411 7
282728.3291 11
282914.5383 10
283086.7137 12
283181.6485 19
283276.1386 13
283396.1667 12
283510.5656 4
283673.6185 12
283731.8076 16
283775.9770 15
283894.1385 14
283998.9952 2
284232.0743 8
284438.4686 17
284475.9270 18
284652.5603 17
284809.0066 3
284868.9370 11
284937.9826 20
285027.2342 10
285144.8530 10
285298.2375 12
285485.4294 2
285644.5126 8
285722.0144 12
285777.5165 21
285844.9606 16
285879.8799 9
285966.0445 9
286064.8802 11
286177.5947 14
286257.5661 12
286396.4273 10
286609.1151 11
286715.6573 13
286790.6669 13
286851.7041 1
286989.4259 6
287203.3131 11
287402.2810 4
287574.8771 1
287620.4525 11
287647.9842 5
287726.7867 20
287920.9933 18
287961.6845 21
288042.4863 12
288076.2418 7
288192.1989 11
288222.2461 21
288312.4621 11
288489.3548 14
288645.3159 18
288765.9935 15
288963.8173 13
289135.7256 14
289282.5418 3
289317.4125 17
289508.3831 21
289637.2187 16
289743.7109 9
289829.6796 1
289998.8165 12
290111.9294 6
290345.8868 17
290477.0637 15
290555.1000 11
290670.3824 12
290758.8021 15
290918.5141 16
291060.3969 18
291160.7910 1
291245.6132 12
291391.7627 8
291517.0555 2
291751.9895 12
291850.7113 20
292053.0207 7
292232.0540 18
292344.4564 11
292495.4774 17
292577.4643 19
292686.2817 14
292869.6970 13
292946.5250 20
293112.0705 7
293162.9090 19
293331.4359 9
293375.5706 11
293495.8684 9
293575.5778 21
293773.7311 19
293849.5286 9
293878.8394 2
294058.1142 18
294158.6857 10
294289.4771 15
294417.1465 21
294572.8163 15
294740.6010 7
294908.1852 5
295081.4703 11
295216.8917 17
295414.6594 12
295470.7149 11
295549.7568 21
295652.8413 7
295777.6739 4
295976.0083 18
296097.6454 12
296225.3721 3
296311.2668 11
296439.0591 11
296595.6431 2
296719.0111 18
296904.6414 12
297055.4076 2
297176.9362 11
297296.0272 15
297380.8055 15
297527.8134 17
297661.1270 3
297822.0386 9
297894.3577 11
298087.8120 11
298135.3209 21
298282.6794 11
298416.1540 12
298538.1605 6
298774.8805 17
298939.0123 12
299094.7444 11
299229.0653 8
299389.0536 19
299485.7599 11
299644.6775 16
299779.1431 6
299973.7852 12
300146.5787 15
300217.6157 17
300353.6640 13
300417.0891 19
300544.4754 16
300623.9201 11
300650.3394 16
300773.1752 10
300944.0839 11
301012.9089 5
301104.4514 15
301197.5200 10
301383.9615 18
301585.3503 20
301640.6182 4
301714.5945 18
301738.5238 6
301952.4765 12
301996.3241 18
302151.8982 17
302271.6545 2
302487.6579 13
302662.6362 19
302843.3667 7
302982.3108 12
303129.1883 9
303175.6656 16
303333.7561 2
303409.3614 11
303544.8082 10
303695.7325 14
303782.5471 5
303833.3573 4
304023.8519 6
304235.5334 2
304384.4407 16
304475.5663 20
304626.6382 12
304777.0907 4
304981.1083 1
305050.6817 17
305227.8693 16
305311.5986 2
305412.8901 16
305510.1961 5
305623.3105 18
305747.8323 21
305814.6903 17
305993.0914 3
306138.9942 14
306265.7782 21
306373.8102 6
306562.0788 11
306695.0840 9
306781.1336 2
306954.8144 10
307066.5126 18
307149.3709 11
307240.9722 4
307426.9776 6
307541.9091 16
307599.8385 11
307781.1670 10
307937.7890 15
308103.3064 21
308246.4609 14
308330.4654 19
308371.4464 6
308594.6396 13
308760.8629 18
308908.2778 16
309054.2164 14
309157.3115 11
309269.1320 17
309437.0413 18
309598.1195 18
309633.6933 6
309831.5440 8
309929.1885 1
310129.1175 2
310282.0005 17
310399.1107 17
310439.6694 2
310592.8492 11
310673.4211 20
310743.3578 11
310821.1056 19
310848.0387 14
311050.0434 3
311212.6188 20
311336.7406 5
311491.0670 11
311639.2481 17
311775.5101 7
311969.2194 18
311993.8711 9
312134.2277 16
312306.4555 1
312499.4065 11
312592.5294 13
312676.7471 4
312792.8311 1
312999.7858 10
313209.2963 20
313285.3116 14
313371.4192 10
313574.1906 18
313730.3927 11
313775.7217 5
313845.4422 20
314021.2496 4
314225.8827 17
314250.2645 8
314389.9228 16
314510.4206 18
314570.7868 19
314658.4465 7
314850.4836 16
315020.4277 18
315214.5361 11
315235.5286 3
315277.1862 17
315299.3017 12
315469.0981 6
315569.5864 10
315732.5274 3
315808.0338 6
316002.1458 20
316166.2068 9
316298.5959 8
316439.9766 11
316493.0520 12
316635.2988 7
316712.4785 13
316747.8378 17
316894.8320 5
317024.5582 1
317097.4806 16
317134.2265 17
317166.3057 3
317292.4958 20
317371.7375 12
317574.8339 12
317754.6587 16
317812.6658 1
317976.2739 17
318057.4585 6
318279.3020 12
318431.1123 17
318485.0232 18
318511.4449 21
318583.3789 1
318733.7954 12
318814.4447 9
318918.1495 13
318970.6259 13
319110.5048 8
319203.7827 11
319358.3800 18
319425.2399 20
319514.0654 8
319663.1324 5
319774.2735 18
319948.3863 17
320066.2358 12
320259.1543 4
320464.8830 11
320596.9328 19
320745.2166 8
320842.9664 18
320886.4813 18
321040.9812 4
321142.2366 2
321231.3586 20
321429.7060 20
321540.6292 19
321743.7870 4
321971.7698 11
322135.4843 14
322331.0800 21
322409.1106 12
322427.6077 7
322626.7146 9
322740.7513 21
322806.4354 18
322994.1213 2
323081.1239 6
323165.3510 12
323356.6545 15
323403.4238 6
323510.6699 20
323628.5613 20
323718.7838 17
323867.8493 12
323933.6479 12
324032.3873 18
324221.8445 4
324411.8518 15
324498.7145 10
324689.9951 16
324814.0151 10
324894.6850 18
324918.3561 19
324957.9108 20
325026.3113 18
325160.8811 9
325225.0093 10
325378.9974 18
325574.7510 12
325672.9078 18
325863.8341 11
325932.4957 10
325988.2291 8
326216.7604 14
326394.0331 18
326562.6324 13
326768.0838 2
326977.7271 19
327020.3844 20
327144.6487 11
327285.7367 5
327411.6322 13
327596.9216 10
327661.6973 1
327707.4273 8
327905.7902 6
328014.9282 19
328131.4689 15
328236.7806 19
328338.2881 9
328532.0078 5
328705.9209 14
328792.4390 11
328927.0650 11
329093.9535 8
329166.7158 1
329343.9435 4
329439.0725 12
329487.2871 12
329516.3694 12
329545.6068 21
329572.9827 2
329774.2376 6
329934.8638 13
330073.7079 5
330234.5130 2
330420.0773 8
330576.0000 21
330774.1012 10
330886.0955 17
331076.9680 10
331219.1296 21
331262.0072 11
331343.8365 4
331388.7790 5
331477.3968 8
331705.2231 12
331731.2065 7
331791.4292 11
331814.6978 20
331971.3717 13
332069.6907 11
332195.8516 3
332304.2325 6
332507.7433 18
332618.2701 19
332699.4098 3
332838.3988 11
332951.2217 12
333086.7549 9
333148.7817 7
333210.8454 8
333336.0988 20
333490.8881 21
333653.0406 12
333773.6607 18
333958.2809 6
334182.8364 2
334341.5144 11
334474.0924 8
334612.5965 2
334833.4974 5
334872.4373 4
335024.6801 19
335082.5988 12
335237.3887 12
335402.6275 16
335491.2184 18
335642.7111 5
335711.9920 18
335791.0494 1
335829.3477 1
335911.2361 11
336065.5331 3
336171.4137 8
336231.9936 4
336313.0222 4
336399.0226 2
336570.0516 10
336759.0540 11
336833.2758 12
337000.8516 3
337183.5913 11
337327.1666 6
337457.8057 18
337511.7290 1
337726.7770 14
337926.8886 14
338148.7095 2
338356.5506 1
338524.1283 19
338600.4571 11
338795.5441 13
338856.0095 11
339004.0331 6
339223.8618 17
339405.3390 13
339573.0363 19
339742.5294 16
339818.7409 6
339883.3096 3
339986.0599 9
340174.9744 4
340306.3466 11
340355.8702 4
340524.8215 9
340696.2041 12
340849.1560 16
341003.6917 12
341177.2401 13
341337.0777 6
341493.0134 8
341719.9246 11
341762.4195 6
341936.9924 14
342021.6683 21
342214.7439 19
342273.0312 14
342451.0538 16
342495.2778 9
342623.1511 19
342721.2673 12
342815.1546 11
342914.7739 8
343008.4404 6
343185.5338 16
343352.5829 7
343386.3633 15
343512.8818 12
343669.1034 4
343894.7914 16
344093.4317 1
344259.0717 15
344399.7478 10
344569.8459 12
344746.2677 8
344919.2541 4
345065.5263 21
345118.1762 21
345224.1421 10
345345.1907 6
345542.8099 11
345635.8102 18
345802.1236 15
345827.6389 18
345902.1949 12
346089.0945 10
346215.1856 4
346395.9284 21
346463.9798 21
346626.2232 1
346714.2660 11
346831.3335 9
346950.8365 12
347036.7332 4
347230.3078 5
347293.3506 17
347425.2785 2
347529.6230 18
347711.5505 17
347895.9829 11
348059.8526 4
348220.2898 2
348371.8700 1
348407.4157 15
348523.1664 12
348651.7900 11
348767.4759 21
348912.9181 11
348983.5827 14
349161.9626 11
349288.5116 8
349461.1286 12
349647.1979 12
349789.0542 11
349832.5877 17
349961.4884 6
350040.0296 14
350186.7604 6
350312.4251 2
350519.0128 4
350642.5043 17
350721.9663 18
350904.1592 10
350963.9982 13
351075.4293 19
351262.5186 12
351445.8156 2
351657.6363 3
351728.1095 1
351894.0653 12
351965.7840 13
352072.2109 17
352094.1422 14
352277.4385 7
352455.8497 4
352512.4382 19
352683.1546 7
352748.5639 20
352949.9145 15
353004.0120 17
353191.8197 3
353221.6666 7
353294.9941 11
353466.2700 20
353565.7981 12
353745.2031 12
353932.1267 14
354134.8573 12
354324.0945 15
354493.0525 12
354606.4292 11
354626.8121 19
354684.4409 9
354884.1753 18
354917.7248 7
354998.7006 12
355102.9920 12
355266.6423 11
355452.3360 18
355614.5171 12
355700.1338 8
355897.9866 2
355973.6602 11
356056.9278 9
356208.2443 16
356390.3003 2
356485.5844 8
356573.3458 8
356696.1960 11
356783.8931 3
356898.1524 5
357089.8562 15
357179.4862 20
357284.6506 19
357473.3222 20
357629.6347 10
357721.7257 14
357958.1639 12
358015.7620 11
358199.1214 12
358261.3042 16
358345.4911 12
358410.1798 21
358526.5212 15
358604.9478 15
358737.5461 3
358933.0137 18
359073.5311 6
359295.0401 18
359411.5403 4
359609.5512 2
359678.2749 12
359815.9063 12
359956.0987 11
360100.5961 16
360242.4565 13
360352.4917 12
360528.9843 2
360740.0562 4
360833.6288 18
360918.7708 12
360953.2343 11
361022.2775 7
361071.4258 4
361161.8071 4
361232.1022 17
361342.7909 1
361435.1852 17
361510.9590 21
361665.1525 3
361765.5560 9
361933.3310 3
361988.5777 11
362112.6292 15
362163.3540 9
362192.6930 16
362282.7526 6
