2959
1816.6926 17
1976.9096 10
2068.3564 10
2180.8630 13
2266.0594 2
2491.5542 6
2597.7433 16
2796.7957 15
2944.3120 7
3112.0024 12
3177.1536 6
3360.1408 17
3461.1407 14
3539.6023 18
3576.0665 4
3734.2813 20
3884.4038 14
3942.7395 10
4172.3606 10
4403.7683 7
4517.6235 8
4739.3064 15
4882.6420 6
5067.7875 15
5248.6994 16
5335.4037 11
5502.1173 7
5679.0699 10
5765.7124 20
5909.4129 3
6088.0567 2
6167.9947 11
6209.7558 17
6338.4576 9
6438.0469 12
6605.0291 11
6715.9834 1
6772.6992 7
6842.0850 21
6915.6085 9
7039.5437 21
7187.4233 11
7303.5304 17
7445.0702 3
7573.9390 20
7739.4926 2
7980.5749 16
8050.9890 5
8132.1342 4
8313.6577 11
8510.9404 2
8609.7264 14
8712.3224 12
8856.1663 21
8906.6032 8
9023.6624 18
9047.9659 15
9187.1125 20
9316.7743 18
9353.6207 12
9459.6011 19
9568.1528 3
9708.8722 12
9880.3463 6
10054.6799 11
10148.9676 12
10247.3574 18
10386.3555 4
10539.2548 10
10648.7164 12
10703.5656 21
10750.3713 18
10797.4136 13
10883.6141 20
11032.4877 14
11150.3237 2
11361.7437 13
11540.8809 16
11661.5531 8
11780.4977 21
11887.3049 5
11973.7287 11
12017.2736 14
12108.3441 11
12189.8811 19
12312.8811 21
12512.2715 5
12581.3750 8
12765.9550 11
12854.8956 11
12996.7317 20
13128.6915 5
13338.9156 3
13535.5792 10
13783.2395 8
13973.0991 7
13999.2334 5
14027.5985 5
14114.2909 19
14163.0608 12
14303.6282 20
14492.7897 11
14535.6925 19
14558.0589 15
14666.5643 14
14890.9342 5
14944.1014 11
15035.7291 19
15110.4018 14
15237.4381 18
15413.9915 15
15604.2244 13
15739.7366 10
15783.8184 4
15905.6875 18
15984.4828 5
16064.5492 11
16243.5159 2
16483.4127 17
16541.7249 15
16717.7863 6
16847.9321 9
16897.2622 1
16995.7544 17
17068.4132 15
17222.5141 19
17390.8626 5
17543.1291 11
17741.5241 10
17919.1856 21
18005.7727 18
18046.5668 5
18101.1992 8
18275.2841 15
18342.5528 8
18494.0475 12
18587.2041 18
18751.8238 3
18786.1330 18
18850.0275 7
18885.1171 4
19011.4978 11
19060.8400 8
19257.4361 15
19311.4569 4
19416.9576 8
19531.0398 4
19738.3087 10
19882.7678 7
20048.6121 12
20201.7346 8
20432.9819 21
20533.0228 6
20732.6926 15
20883.8670 14
21074.7087 17
21158.7417 13
21285.5984 2
21442.5412 20
21541.7029 11
21576.7722 2
21742.5702 7
21880.6717 11
22037.5081 21
22123.2524 21
22214.2832 3
22280.8881 7
22304.7966 18
22341.7347 6
22516.8019 14
22632.4900 1
22742.1718 18
22816.8546 18
22853.2344 15
22948.8744 11
23119.9151 16
23205.1690 17
23236.8374 18
23312.8486 12
23479.9056 15
23597.2541 4
23825.6963 15
23919.3998 19
23945.2922 9
24015.6007 13
24183.5898 21
24264.4762 6
24353.3914 19
24427.7826 21
24499.1910 3
24680.4023 3
24710.2709 18
24889.5769 16
24917.4225 18
25085.8100 10
25275.9545 20
25348.8275 15
25507.2584 10
25611.3983 2
25687.4063 10
25760.8829 13
25834.5368 13
25914.5926 6
26028.5663 14
26160.9235 7
26329.2411 6
26395.2570 11
26474.9544 10
26571.2680 20
26728.9349 4
26824.3589 17
26931.9819 4
27080.0612 10
27267.0068 12
27298.9140 11
27440.0827 3
27594.1853 10
27705.5522 15
27829.5221 1
27957.8397 2
28192.6337 7
28242.6561 19
28286.6540 7
28433.8619 14
28536.0779 21
28723.7255 12
28895.4340 2
29003.4090 11
29025.6140 10
29165.9988 15
29336.4269 18
29530.2003 21
29677.6322 2
29885.7118 14
30010.2382 2
30129.4078 9
30186.4353 15
30278.8938 18
30409.4331 11
30524.6732 11
30707.3977 12
30846.3599 18
30956.8940 19
31152.3456 11
31352.9149 5
31415.4723 10
31504.4395 7
31667.9381 5
31866.8299 11
31944.8597 20
32058.4241 13
32214.8711 13
32309.3668 11
32369.3370 20
32472.9829 15
32540.5976 15
32583.6728 5
32613.7422 8
32755.3648 9
32930.2381 2
33046.7258 4
33148.4633 20
33285.6334 14
33394.8914 15
33528.7646 2
33594.3998 18
33619.2480 10
33704.6376 15
33834.7076 8
34047.2544 11
34098.2522 1
34153.4087 12
34352.5204 12
34547.4759 2
34695.3821 20
34763.8326 10
34851.5678 5
34972.0361 7
35154.1579 19
35334.3923 11
35507.7308 9
35685.4427 6
35766.8266 11
35856.2057 18
35888.7743 7
35949.0475 4
36070.4164 18
36149.3889 21
36300.8179 18
36374.5065 11
36493.6413 18
36523.4025 19
36639.0593 19
36745.2108 14
36875.5946 18
36955.5624 18
36988.6307 3
37090.1938 17
37133.6819 1
37236.4495 12
37354.0018 12
37416.3409 1
37462.3255 21
37486.9994 13
37572.3233 16
37693.7254 9
37852.0221 20
37960.6315 18
38088.9863 2
38340.0180 12
38515.0543 11
38628.9875 5
38662.6545 17
38716.2668 14
38831.9077 11
38859.9322 12
39061.2142 20
39254.1509 9
39356.6393 12
39425.5770 13
39535.2172 12
39733.1183 16
39928.8529 12
40004.1543 6
40170.7732 12
40221.2337 19
40356.1955 12
40551.7436 12
40685.7457 11
40712.5556 12
40734.2179 17
40801.8548 18
40939.5098 15
41069.1005 11
41202.9067 3
41372.6614 12
41484.7916 7
41618.3298 13
41727.3026 9
41868.2288 12
42032.4986 19
42194.8031 12
42225.0737 1
42312.5369 9
42330.3091 4
42475.7504 3
42599.6806 10
42714.7497 18
42833.9868 7
43017.9247 12
43078.4243 14
43210.8235 11
43371.7278 15
43405.6089 12
43516.2197 13
43705.3776 10
43824.1338 6
44007.7966 6
44138.2863 3
44228.1644 10
44381.8316 12
44536.9680 21
44630.7427 15
44649.6065 11
44727.4286 5
44873.6533 12
44928.3677 8
45096.4438 3
45186.1420 17
45376.8809 21
45457.3801 3
45568.3936 10
45739.3060 18
45870.2025 14
46022.2762 14
46204.2762 12
46300.2754 7
46380.8426 12
46421.1848 5
46554.1164 19
46693.6454 13
46781.2428 14
46893.9193 7
47096.4500 9
47294.2126 6
47324.5769 6
47430.2503 19
47616.6184 11
47753.6760 9
47924.0691 10
48104.4460 15
48149.3903 11
48315.1864 16
48432.2313 14
48520.2477 5
48682.5026 12
48882.9642 2
49040.5100 2
49185.3170 5
49227.4657 20
49262.7547 12
49358.4090 16
49436.0596 20
49559.9846 14
49773.0284 7
49828.2921 3
50021.2122 8
50243.2280 6
50413.6268 12
50495.8349 4
50645.4338 15
50682.2318 3
50767.1060 21
50836.9938 18
50980.6911 2
51162.4205 11
51266.0507 5
51421.4051 1
51544.0475 16
51619.6451 8
51710.6723 5
51900.1694 11
51970.5523 2
52199.0153 12
52399.6257 18
52588.2699 6
52699.2933 15
52733.1218 10
52827.9948 15
52864.8748 1
53026.6258 19
53149.8811 20
53344.8337 1
53471.6440 9
53571.8354 11
53615.6936 17
53751.3898 11
53873.8536 12
54003.8386 6
54215.5291 21
54394.0359 8
54546.1824 12
54611.7795 11
54777.7805 11
54809.3094 16
54863.5669 12
54907.0763 19
55065.7162 15
55133.2549 19
55220.6780 11
55361.3545 12
55558.9799 10
55759.1905 5
55798.8106 6
55970.2811 18
56090.5707 16
56170.2998 17
56192.9138 20
56374.2839 11
56485.6982 14
56710.8022 4
56785.5748 7
56973.9442 2
57226.5866 9
57350.2700 5
57418.9086 21
57446.1054 13
57567.0569 11
57592.4322 3
57678.8549 18
57878.2089 15
57972.3286 11
58150.7265 19
58202.6338 12
58257.1581 20
58374.1491 4
58528.8859 9
58592.2908 12
58646.4554 14
58817.8362 19
58921.8123 11
59013.0815 15
59198.3768 12
59396.2227 3
59545.9544 4
59684.7155 8
59909.2492 16
59958.8513 5
60098.4013 8
60273.4872 12
60441.9015 12
60570.6562 21
60738.4137 13
60875.5225 21
60959.7843 1
61099.1369 18
61190.7902 18
61222.8996 15
61266.5651 21
61456.9820 18
61476.9269 15
61663.6926 11
61719.2795 8
61916.8068 11
62065.8158 4
62283.8607 15
62455.0850 11
62523.4797 12
62571.6867 10
62815.7265 18
62910.9809 12
62977.7414 2
63102.6491 21
63268.5410 4
63516.3427 21
63672.8637 9
63870.0218 18
63905.8930 14
64059.3810 3
64237.4920 15
64344.5136 2
64490.8150 4
64588.7745 17
64731.2719 12
64877.7787 14
64936.5857 11
65095.4794 20
65279.6896 10
65347.1466 15
65479.0837 7
65644.1852 20
65830.7635 15
65920.6220 16
65952.0492 11
66035.6761 10
66105.3104 11
66244.1443 19
66414.1446 10
66604.4410 17
66667.5915 11
66801.9742 12
66864.2480 12
66938.7920 18
67058.3497 12
67144.6441 19
67326.1832 12
67496.3020 12
67515.3845 2
67664.9785 13
67731.2785 16
67867.0167 5
68068.4976 11
68157.8213 11
68299.6969 5
68420.4086 2
68542.2617 21
68703.3941 11
68773.1107 9
68951.8943 14
69101.3651 18
69224.9035 5
69391.0684 19
69580.3905 13
69696.3132 6
69760.5886 18
69878.1738 7
69904.6645 17
69982.1511 21
70181.7434 8
70367.3391 3
70434.0743 10
70509.6674 18
70566.4935 2
70814.3893 18
70971.3331 4
71175.2521 9
71206.0978 12
71278.6364 13
71391.9575 15
71487.8615 19
71616.8034 13
71670.4217 10
71794.6064 6
71936.8117 7
72028.9944 14
72268.2661 11
72294.7370 12
72471.2688 11
72642.8063 21
72829.9873 9
72867.0472 20
72911.3241 4
72963.6823 3
73059.8137 15
73239.2827 19
73281.4820 17
73437.3920 13
73464.6332 11
73633.1497 3
73662.0355 11
73727.3494 21
73860.2147 19
73889.2667 9
74039.7659 11
74098.5433 12
74292.9821 12
74427.7678 3
74544.9392 10
74668.6064 18
74811.5856 7
74983.3885 3
75110.6209 6
75240.0325 12
75380.8734 14
75594.2027 17
75758.5044 12
75794.3926 12
75895.4279 11
75919.0624 5
76018.2097 8
76235.3424 21
76352.8845 15
76504.6643 11
76605.9281 14
76698.0074 21
76764.6143 5
76938.6089 4
77151.3931 11
77303.4844 8
77483.8996 1
77677.4584 16
77778.1334 11
77964.6932 4
78155.4685 7
78329.9515 18
78375.2220 17
78451.5085 3
78531.5799 7
78710.1266 13
78890.9183 15
78992.5032 20
79173.4093 11
79266.7148 19
79399.4747 16
79421.8421 9
79585.6201 11
79644.7481 19
79808.5685 7
79940.4475 1
80122.4631 3
80165.7936 13
80261.2890 11
80331.3269 1
80403.3006 9
80552.0635 8
80638.7597 16
80689.7300 16
80720.5994 10
80837.7925 15
81041.8455 1
81103.0646 18
81145.0091 13
81350.6210 17
81429.8578 12
81568.8332 11
81674.1885 12
81760.6961 9
81942.5482 2
82173.3218 8
82278.3345 7
82404.6659 15
82473.4243 16
82606.2427 6
82712.4880 12
82801.9964 18
82949.5575 19
82995.8634 18
83098.1166 11
83213.3495 18
83246.4329 6
83389.5391 16
83456.1471 16
83585.5516 12
83681.4925 5
83858.9048 2
83940.5426 18
84066.7550 6
84253.2770 12
84300.7032 4
84454.8670 20
84608.7749 18
84664.7861 3
84744.2346 12
84857.7756 11
84962.8740 8
85029.5291 20
85200.0238 10
85297.4902 12
85318.2289 6
85469.4524 10
85527.4156 1
85589.1694 9
85750.5720 7
85825.4583 16
86011.8395 12
86119.6055 9
86237.8522 11
86271.0569 6
86497.4741 5
86694.5348 8
86759.3165 8
86919.4988 7
87115.9824 19
87212.9869 20
87329.9442 9
87421.9921 1
87611.1014 1
87711.3323 18
87756.9654 15
87923.5902 8
88115.0093 13
88271.9497 14
88411.8635 7
88582.0417 12
88726.4183 21
88900.9149 11
88956.0903 20
89046.0839 7
89209.3389 16
89346.0868 17
89487.9467 2
89607.5397 20
89762.5320 12
89845.9571 2
89994.5478 16
90150.5344 11
90213.4180 21
90340.4470 12
90484.2639 18
90545.2338 16
90636.6021 2
90759.7371 12
90851.5674 4
91060.9184 10
91146.8944 12
91214.2145 3
91250.6364 1
91371.0960 11
91509.4839 19
91529.8263 16
91687.4568 15
91889.8467 18
91926.3971 18
91970.0385 20
92021.3402 17
92117.0120 6
92227.3237 1
92293.5233 6
92412.5413 18
92494.5585 11
92649.1720 12
92671.2543 12
92858.7466 8
93018.8227 8
93162.1336 2
93369.4273 4
93505.4677 11
93634.9985 3
93789.3518 5
93858.8699 20
93906.7492 18
93984.6508 7
94040.9733 20
94200.7541 11
94292.3227 12
94341.6334 7
94512.6676 15
94674.9508 21
94808.0574 3
94871.5739 20
95048.3231 21
95185.4861 2
95396.3825 7
95593.0173 5
95735.0191 11
95774.4924 18
95919.1521 10
95980.8715 4
96159.8258 4
96225.2781 2
96301.1562 12
96431.7847 1
96572.8108 7
96686.2040 19
96785.8782 9
96944.6173 21
97128.0355 3
97275.0844 21
97360.8485 12
97549.0659 4
97753.0926 12
97867.9219 15
98037.5725 6
98190.8150 7
98396.3343 9
98576.8854 18
98600.4419 19
98624.6705 7
98776.9599 18
98825.6060 18
98911.5597 17
99014.7313 1
99072.7798 10
99172.8045 19
99225.1256 15
99284.4660 8
99504.9680 14
99697.1545 11
99747.6407 11
99839.2570 16
100033.0466 8
100209.6800 6
100268.8631 3
100364.0863 8
100586.9135 16
100625.1831 4
100808.6101 11
100879.8173 13
100994.1549 14
101147.1900 1
101302.8803 11
101342.6197 11
101478.0433 20
101561.2281 2
101624.1095 12
101715.1680 11
101853.7309 4
102037.2073 14
102201.5249 7
102279.5633 12
102333.6635 8
102543.6133 8
102615.6346 14
102835.6327 20
102881.2462 3
102953.4867 4
103165.0281 11
103340.3244 12
103517.1427 12
103611.0617 19
103639.0848 12
103734.9079 11
103794.9778 15
103842.9259 21
103977.5858 7
104143.7158 17
104300.5904 4
104410.4604 1
104590.3324 10
104809.9514 6
104897.2965 14
104996.7991 5
105167.8233 17
105217.8874 18
105244.7112 15
105340.2229 13
105412.1164 5
105524.6134 17
105572.3687 20
105636.1436 17
105833.4378 21
105990.9944 21
106182.6273 20
106294.9194 3
106396.4071 20
106581.7133 9
106720.8704 12
106838.0103 16
107016.7337 14
107178.9039 11
107211.0715 18
107289.5401 3
107374.5322 16
107546.6614 6
107796.6498 19
107886.0322 18
107993.6158 18
108065.2937 11
108161.0307 10
108295.9845 4
108487.7322 18
108540.4603 15
108583.8116 18
108670.5622 12
108811.3261 9
108992.5919 18
109134.8284 11
109224.2988 4
109444.5794 10
109620.2159 15
109662.0503 11
109836.0739 19
110019.7065 9
110150.8292 12
110342.5135 20
110418.6220 5
110618.6135 4
110849.4596 7
110870.9496 16
111002.9935 1
111178.5677 20
111284.5573 11
111355.3086 17
111423.3545 9
111622.7739 3
111808.6537 12
111938.0030 15
112099.2262 8
112188.9898 11
112377.6908 11
112481.0118 18
112680.8212 15
112859.6657 2
113064.4440 11
113198.9117 18
113335.3202 13
113422.1188 7
113525.5082 16
113585.0857 11
113754.2609 13
113841.1192 2
113988.2749 8
114130.7781 14
114242.7365 18
114358.4403 11
114379.8700 4
114512.6607 9
114584.5236 9
114730.5905 18
114931.0429 9
115000.0101 11
115186.1860 11
115277.6931 11
115473.5206 16
115663.3786 15
115710.8332 21
115841.2366 3
115983.4544 2
116060.0294 9
116249.3844 18
116269.3946 11
116324.7125 16
116454.3025 10
116541.5000 16
116675.0672 12
116736.3534 10
116898.5011 15
117051.9685 3
117155.1224 7
117233.2469 11
117281.6164 18
117445.4716 10
117509.1726 11
117648.1794 15
117789.1432 14
117996.7323 4
118087.3523 16
118225.1627 16
118271.7309 2
118475.5911 11
118610.1978 14
118743.8044 17
118917.1973 15
119050.4171 9
119164.7986 10
119236.3744 18
119411.2133 2
119509.3024 8
119650.8756 11
119732.5514 9
119836.7577 14
120081.9464 7
120109.3238 7
120245.4241 12
120302.3684 2
120417.9588 11
120617.6698 15
120797.0297 1
120861.4400 6
121121.9375 15
121321.0689 20
121413.5557 3
121541.0683 11
121711.2294 12
121859.4486 11
122041.1752 11
122215.9768 13
122406.8934 21
122434.9381 4
122529.1999 19
122634.6964 7
122693.0530 2
122895.1166 18
122992.2184 21
123045.4633 5
123176.9865 18
123236.9443 14
123321.0460 1
123502.2193 8
123627.7255 8
123801.6925 9
123942.5546 18
124086.8237 7
124177.2366 4
124234.9155 17
124393.4248 18
124415.4015 11
124588.0993 17
124735.7637 7
124836.5050 20
124956.4901 11
125012.8612 7
125213.6782 7
125360.5972 18
125390.2173 15
125577.4625 1
125666.0168 18
125721.8829 15
125756.6488 18
125878.6548 18
125961.3769 16
126056.9602 19
126243.3007 19
126349.3995 15
126440.3355 7
126464.6412 16
126645.8293 14
126777.4598 4
126837.4876 3
126975.6424 10
127165.3792 8
127303.4613 16
127411.9824 21
127466.8962 11
127592.9394 20
127755.2658 1
127933.3947 1
128130.8872 12
128227.9496 13
128331.4983 18
128398.2130 11
128473.0394 21
128588.8192 18
128758.2295 19
128885.9461 6
128946.9722 21
129040.0818 10
129104.1823 18
129225.3262 12
129371.3460 13
129567.4675 8
129784.6540 12
129924.0066 12
130012.7844 13
130203.4762 8
130434.7832 14
130514.5095 15
130711.3933 4
130758.7189 17
130833.8354 6
131004.6838 21
131038.5873 19
131187.9137 1
131249.2578 7
131439.8269 10
131672.7826 17
131814.6656 15
131944.0731 4
132128.3593 8
132351.8924 20
132521.2614 8
132656.9328 8
132720.6067 12
132878.8452 9
132947.6678 10
133011.3631 19
133061.7257 4
133303.6671 19
133381.2567 12
133536.6071 14
133630.3569 16
133788.1139 17
133974.5043 1
134153.7580 8
134227.4512 2
134458.9607 18
134489.6270 6
134580.3690 7
134604.6272 5
134740.2413 7
134852.2943 16
135034.4640 16
135174.5133 8
135250.2829 21
135298.0987 3
135362.2783 5
135530.4714 5
135647.9680 5
135677.6584 21
135841.4549 14
136076.1801 12
136196.8956 11
136223.2118 12
136264.7737 1
136391.3373 17
136573.1465 12
136738.9078 18
136854.0304 21
136949.8153 20
136989.7151 6
137207.6780 9
137297.6007 13
137463.0514 9
137567.9913 5
137679.5665 3
137737.8106 13
137887.7194 11
138058.6558 11
138102.3295 8
138291.7746 17
138493.2905 10
138646.8820 7
138762.8920 10
138836.3117 19
138907.8956 12
138999.4712 17
139193.3070 8
139344.5536 13
139414.6262 5
139559.3513 6
139657.4221 1
139803.8321 14
139983.5927 20
140074.2203 3
140108.6364 11
140239.6681 1
140454.3952 4
140668.4451 10
140834.5114 14
140882.2511 15
141067.4499 18
141160.8919 12
141283.4046 2
141486.4581 11
141510.3606 12
141660.0385 15
141834.7777 8
142000.4187 10
142204.8142 11
142290.5115 16
142464.9184 4
142558.6086 12
142729.0558 12
142926.3596 11
143028.0135 7
143165.3879 2
143358.4297 11
143400.1377 7
143521.2305 15
143628.1505 10
143769.7654 11
143922.9314 10
144058.4636 11
144100.8795 7
144188.5863 17
144285.1008 11
144361.7951 20
144479.9359 10
144644.8661 11
144821.8849 10
144961.2544 20
145125.5145 11
145190.6465 11
145293.2835 14
145354.0464 10
145495.1955 18
145639.3318 12
145819.0331 9
145849.6259 18
146023.4764 7
146201.0253 9
146278.2102 6
146412.6323 18
146526.2740 13
146670.5399 11
146842.0679 18
146867.3720 1
147039.2260 18
147079.4437 14
147156.6516 15
147233.0132 11
147313.3489 11
147358.9649 11
147532.9223 17
147650.7058 11
147758.9675 18
147898.0053 10
148033.1655 5
148158.1702 2
148233.2869 11
148318.5353 11
148450.9142 17
148544.4241 21
148643.7139 9
148712.1132 11
148858.3497 10
148905.8665 2
149040.7790 6
149213.7768 17
149256.8271 15
149441.4700 1
149600.9499 19
149626.2696 11
149755.8941 17
149938.9202 21
150003.4842 8
150137.2066 4
150275.5158 7
150364.1334 11
150410.8482 13
150534.2694 21
150678.2743 8
150842.3914 1
151023.5080 4
151129.4865 11
151244.1882 3
151331.9252 3
151526.0328 21
151717.5864 9
151906.7634 12
152099.4472 12
152199.2108 20
152397.3256 18
152417.9565 8
152521.0829 17
152637.7101 2
152829.1591 16
152849.5616 14
153068.9934 10
153185.3730 5
153243.6881 7
153352.8441 11
153532.0834 7
153605.6738 3
153753.7469 12
153829.2471 12
153906.0412 17
153997.3351 4
154118.0056 18
154188.4949 21
154390.8169 12
154467.3601 14
154695.0303 10
154747.4364 14
154961.6761 11
155051.4849 3
155221.6617 1
155435.3755 18
155507.7779 19
155550.7778 18
155656.9566 15
155807.3876 13
155848.9889 12
156050.1822 1
156185.2863 14
156365.8150 18
156560.6938 18
156644.9642 12
156751.5999 10
156835.4253 5
156981.3752 1
157052.8300 14
157109.3874 9
157234.6038 11
157407.9653 12
157578.1337 15
157713.0627 21
157905.0402 1
157953.4646 18
157991.4295 8
158058.0725 10
158162.3919 10
158251.4505 1
158416.0417 4
158498.8765 17
158535.2462 17
158730.7685 9
158839.3729 11
158943.5914 11
159114.5242 10
159260.9276 16
159454.0821 8
159619.8561 17
159746.2411 5
159865.6326 4
159978.9435 12
160145.7595 20
160281.4858 20
160355.2170 11
160504.6297 9
160704.6231 7
160791.7424 4
160959.5378 4
161097.7328 5
161175.6561 12
161258.4438 5
161389.9499 7
161544.5819 3
161705.7398 1
161896.0972 6
161995.1871 12
162137.3795 2
162380.6011 12
162540.1483 7
162581.1674 5
162648.5362 4
162805.0948 8
162946.8855 9
163008.7470 11
163127.6325 12
163191.8538 21
163283.8410 11
163348.2861 8
163565.5129 11
163692.0974 2
163845.9438 11
163985.6131 13
164012.5468 10
164227.7680 21
164309.8060 14
164487.8915 17
164683.5328 10
164785.6047 8
165008.7987 8
165109.9988 11
165311.2230 3
165508.5999 11
165650.1706 5
165748.4659 20
165783.7701 12
165828.8916 11
165929.5273 5
166098.2155 10
166118.1465 16
166252.3984 10
166482.7445 21
166564.5593 7
166730.1702 12
166864.9190 12
166987.3142 21
167075.6386 3
167217.2710 17
167318.4798 12
167405.1155 18
167461.8133 20
167526.5468 12
167574.3095 1
167788.2832 6
167963.9534 11
168162.7783 10
168399.7689 6
168607.5683 12
168775.1217 18
168867.9012 20
168907.0989 3
168970.4462 7
169063.8829 19
169101.2279 15
169275.5083 15
169400.7271 8
169634.8491 18
169819.5810 17
169879.0754 10
170040.2932 6
170177.1539 20
170235.5513 15
170323.3095 8
170510.9427 17
170662.8227 3
170802.2850 11
170876.9507 11
170965.2598 15
171107.9227 5
171279.0652 13
171338.0359 11
171486.4104 9
171678.7580 21
171862.7098 6
172013.7144 3
172186.3031 15
172266.6350 4
172324.3490 13
172482.0430 4
172536.9293 3
172610.8994 3
172782.5032 6
172833.0671 16
172999.0758 12
173138.9345 16
173190.6505 19
173272.1666 15
173448.4968 7
173607.8972 16
173639.5106 9
173777.6348 12
173876.5554 18
173926.7262 20
174034.8478 16
174094.3582 12
174154.6262 17
174310.7173 5
174500.1301 7
174560.4844 20
174601.3779 11
174647.1752 11
174840.3771 1
174916.4271 4
175021.5549 12
175128.6471 16
175188.9846 21
175230.7037 14
175366.3569 12
175516.5649 11
175537.0739 11
175688.2585 5
175793.0465 4
175887.3778 18
175923.9264 14
176022.0734 16
176064.3546 18
176183.2330 18
176379.1477 18
176433.2706 11
176627.6545 11
176751.3709 5
176873.7727 11
177073.5360 4
177251.7834 18
177285.0464 9
177450.3462 9
177575.7735 21
177746.9656 13
177817.2393 11
177988.3698 5
178091.3273 9
178115.1871 6
178303.2712 18
178357.7651 19
178473.2767 21
178600.9062 3
178750.7048 11
178811.7894 10
178937.9547 10
179130.3308 17
179296.0345 12
179465.9159 7
179664.1692 19
179843.8689 2
179919.8389 13
180017.3312 14
180192.3902 18
180301.2361 6
180398.0134 11
180439.5991 17
180546.2057 17
180596.4518 21
180702.2720 8
180824.3187 20
181005.7346 19
181182.7518 11
181270.4024 2
181350.2310 5
181414.4875 14
181512.2988 18
181592.6931 18
181709.7271 9
181819.4625 12
182012.8014 7
182074.8481 15
182136.6584 12
182183.6882 4
182413.8021 14
182494.3559 11
182610.7372 17
182795.6153 6
182854.6674 8
183055.0676 4
183198.3208 18
183247.7368 13
183385.8508 18
183431.4443 8
183479.1514 8
183712.5503 11
183866.6605 11
184042.5603 1
184100.8951 11
184179.2518 4
184259.5588 11
184319.6053 21
184478.4733 21
184643.8335 15
184712.2178 20
184847.9314 21
184929.3446 9
184988.6650 12
185105.0107 19
185293.1025 20
185475.2443 12
185574.7294 19
185651.8228 5
185741.6184 3
185944.9202 2
186162.6311 16
186236.7782 9
186286.3212 16
186400.0192 12
186426.0765 17
186458.3970 18
186656.9862 15
186827.2387 10
186896.7244 11
187078.5015 8
187202.5933 20
187338.8998 5
187374.0249 10
187426.7217 11
187628.2669 1
187666.9579 1
187829.8441 13
188036.5563 21
188059.4727 9
188090.9245 15
188157.5049 19
188195.1127 11
188220.9258 20
188424.9700 13
188601.7718 9
188792.8139 18
188970.3826 8
189104.7079 2
189218.0450 10
189308.9065 19
189504.1365 21
189607.0531 8
189747.5488 8
189922.9134 16
189947.4062 12
190035.0310 11
190151.2592 20
190243.9004 16
190301.3910 14
190461.3375 15
190630.2931 16
190705.0907 3
190843.3493 13
190967.9921 6
191101.6062 18
191285.2800 21
191377.8817 17
191492.9980 10
191688.8549 12
191808.8952 5
192006.6183 18
192181.5177 16
192363.5009 21
192423.6711 13
192542.2152 13
192568.9204 15
192753.3504 3
192879.2580 8
192976.6496 6
193148.5047 3
193281.2061 16
193370.4079 17
193419.1598 15
193619.3328 13
193827.0321 21
193885.7922 18
193905.2579 5
194026.8652 17
194190.5903 11
194267.8942 1
194316.6364 7
194469.9869 10
194500.7904 18
194621.1187 3
194728.2663 11
194816.9743 18
194956.5120 12
194977.3062 20
195073.0940 11
195250.9776 16
195442.8287 2
195591.3431 1
195796.9742 13
195871.0481 20
195950.8463 15
196045.9763 14
196136.2220 16
196251.2573 11
196394.8634 2
196615.4976 6
196724.0847 15
196776.1866 5
196805.8690 13
196918.9483 3
197055.2777 19
197179.5682 17
197282.0171 19
197416.2797 19
197457.1595 16
197562.4670 11
197756.2735 6
197963.7068 13
198159.1479 11
198315.4530 15
198354.2809 9
198450.4538 9
198631.7877 16
198798.1030 13
198829.8757 11
198955.4721 14
199021.4980 4
199133.7155 7
199303.2299 12
199504.0095 12
199658.8126 21
199721.9393 11
199906.0050 20
200034.1803 2
200229.5821 2
200302.6080 1
200509.7014 16
200683.1753 21
200855.5577 16
201019.4272 12
201042.3637 3
201225.8698 13
201288.4437 11
201350.6262 5
201421.1196 5
201458.4089 5
201543.1350 9
201629.8460 16
201721.8118 2
201841.7335 18
201889.1353 13
201922.5608 16
202007.6724 21
202079.6664 15
202227.9897 9
202392.7735 2
202475.8604 16
202641.9934 9
202708.7149 16
202798.7999 10
202827.9758 11
202946.8547 12
203085.0409 19
203245.9954 11
203413.1914 19
203545.4252 11
203721.2956 18
203871.1337 16
203946.3637 3
204062.9782 4
204187.3557 18
204355.9866 11
204419.4390 1
204500.5695 11
204549.0846 20
204576.3710 16
204731.9836 11
204818.4646 6
204888.3161 21
204920.0594 18
205102.6680 18
205159.3342 8
205296.1875 16
205429.1102 7
205613.9602 12
205648.0127 6
205857.8331 13
205970.3042 15
206064.6793 18
206179.6077 12
206376.1172 17
206563.3305 12
206635.4633 11
206709.2632 15
206776.1276 11
206850.7547 12
207008.8135 3
207059.0676 10
207189.3283 12
207219.9053 12
207375.7103 11
207406.5163 17
207598.5467 5
207636.8424 12
207802.4061 12
207985.0007 12
208034.5942 10
208190.2399 15
208391.8800 5
208569.2497 15
208640.5353 16
208801.9194 13
208959.4657 14
209155.5483 7
209329.0276 14
209483.6294 17
209528.7016 10
209630.1430 19
209831.8296 7
209888.5335 19
210066.5387 15
210155.0393 9
210333.2499 13
210456.4986 17
210657.3739 11
210851.0857 21
210998.0672 5
211209.6642 12
211402.5399 16
211424.4906 1
211617.0174 10
211693.6494 18
211729.4422 3
211849.3370 14
211943.0044 21
211990.2917 17
212177.4101 8
212412.4710 20
212613.4784 11
212805.3197 6
213032.5512 1
213194.8849 8
213288.2366 13
213405.9371 11
213491.6621 10
213644.3101 3
213713.4784 5
213854.2253 3
213969.4244 21
214089.3548 6
214258.7395 2
214461.0118 9
214538.3890 11
214568.4828 15
214713.7004 9
214774.3668 4
214866.3367 12
215060.1252 4
215160.8034 17
215286.3469 15
215414.2953 21
215455.0648 18
215547.7517 15
215671.3143 6
215780.2250 6
215842.0463 11
216043.9880 18
216193.8316 13
216376.6217 8
216436.0008 4
216513.1494 6
216580.2491 4
216700.1089 16
216729.4029 3
216846.4154 17
216870.4000 9
217040.7569 13
217233.1020 3
217350.7950 18
217382.5493 12
217483.4615 10
217640.1901 6
217848.2003 3
218017.6542 11
218165.0073 17
218312.8739 20
218408.8271 13
218526.5139 20
218715.0857 19
218847.0887 8
219050.1089 10
219183.0088 11
219217.7251 7
219413.3587 15
219532.2768 9
219603.5917 4
219855.9420 19
219901.3638 4
220068.7985 18
220155.7819 3
220190.3695 5
220362.6000 21
220532.5503 2
220590.5187 13
220798.0594 19
220950.6875 19
220999.6424 11
221039.3959 2
221256.9308 11
221421.1279 14
221523.6186 5
221680.5122 16
221703.7625 11
221746.3910 7
221776.4674 11
221858.1826 7
222040.5705 11
222065.6309 15
222187.1133 19
222382.0882 18
222544.7867 16
222713.9090 19
222826.4280 19
222958.4884 18
223118.0907 15
223179.9536 12
223373.3244 1
223416.9432 15
223454.3692 20
223658.2767 1
223782.4857 2
223898.7013 20
223938.5368 16
223972.9151 11
224020.1926 12
224162.4111 12
224229.9062 11
224387.8349 15
224467.8459 3
224570.0846 19
224717.3745 2
224962.0822 16
225065.6274 6
225252.5825 12
225356.6840 13
225412.2478 18
225539.1403 6
225650.9914 1
225864.6864 10
225983.2085 5
226184.6775 8
226267.8738 1
226414.7563 11
226464.6578 16
226555.3437 19
226589.3697 9
226760.8592 18
226879.6953 7
227075.9972 16
227095.4758 14
227320.4514 11
227524.1228 16
227671.8494 10
227774.6055 18
227895.6461 17
228017.4995 11
228215.4658 18
228280.7461 5
228332.6132 2
228545.1932 7
228591.9956 3
228623.5587 11
228782.3705 14
228864.4857 18
229026.8753 1
229129.2330 5
229247.2610 4
229441.2388 10
229639.8613 13
229801.0093 12
229980.6936 3
230037.6106 1
230179.9504 10
230288.4401 8
230390.5784 1
230453.8860 12
230646.3854 2
230765.8613 7
230883.7665 16
231054.8936 8
231281.7679 6
231480.1078 14
231546.1538 4
231681.8850 12
231740.4105 11
231910.1261 5
231953.3565 10
232098.8655 15
232201.1782 11
232272.3222 5
232346.3805 20
232534.8119 9
232563.3905 18
232699.7059 5
232770.7102 19
232799.1724 15
232904.5619 11
233006.3512 12
233196.2237 13
233250.6171 15
233305.8493 1
233457.1912 4
233527.9107 12
233617.4752 8
233743.9232 20
233888.6821 8
234119.0574 13
234299.5998 8
234526.2395 9
234572.1036 11
234610.5864 11
234713.4533 15
234809.9595 3
234982.6816 19
235157.0782 11
235293.3633 7
235329.3607 11
235391.0714 19
235565.0907 16
235703.5218 9
235802.9239 15
235884.6364 18
236002.9552 11
236122.0778 7
236296.9450 3
236363.7746 11
236451.8343 15
236588.7008 17
236690.7734 11
236781.4066 6
236906.5866 4
237097.4610 11
237197.7582 9
237255.2397 20
237283.9035 6
237466.8310 20
237575.7351 1
237746.9933 13
237782.2191 11
237912.6542 7
238017.9426 10
238193.9638 16
238370.0138 13
238554.0447 21
238669.8403 5
238725.5301 2
238951.7953 13
239111.0350 9
239174.3767 18
239195.1305 10
239396.9203 11
239575.5995 11
239658.9577 15
239833.7640 6
239905.3516 11
240007.2535 18
240031.1357 18
240060.9703 7
240244.1335 4
240374.0050 6
240619.1155 21
240721.8875 13
240888.9724 18
240920.0897 6
241028.8957 11
241120.1135 14
241241.0534 11
241305.0938 7
241465.3922 14
241518.8954 18
241652.3345 11
241758.8626 5
241888.9394 20
242065.5045 12
242174.8896 15
242285.9507 17
242395.6266 11
242440.8924 4
242572.5717 20
242641.5781 7
242704.0429 14
242791.3716 18
242922.0889 15
243059.9435 13
243218.9526 18
243343.6715 14
243478.8884 5
243672.0031 13
243753.2119 21
243921.2412 15
243950.0025 17
244129.4369 9
244271.3345 17
244366.3244 17
244477.0156 21
244683.2605 20
244876.5239 11
244929.1292 6
245038.4014 19
245065.5985 11
245193.4666 16
245258.1729 4
245369.1838 1
245486.9964 12
245651.8241 18
245695.4509 11
245855.5789 16
246004.6417 11
246206.4037 18
246398.9422 5
246602.4963 5
246666.4405 18
246847.4475 3
246956.5897 12
247120.4864 13
247158.4218 7
247266.3203 12
247454.1976 12
247612.1572 18
247638.2837 6
247810.2539 12
247883.6416 12
247988.0310 9
248107.8907 1
248197.0164 3
248345.9649 12
248477.6878 12
248535.9137 6
248680.3632 18
248804.4591 9
248948.7796 12
248969.8648 1
249044.5142 8
249189.2849 5
249294.1485 6
249505.0220 10
249552.8263 3
249669.4439 21
249844.8587 10
249876.9527 16
250058.3685 8
250275.5587 1
250464.0953 14
250561.9020 11
250743.9876 10
250833.7677 20
250994.0539 18
251179.7277 21
251261.9116 17
251317.3792 1
251403.5060 12
251578.5496 14
251745.4083 2
251949.0347 11
251967.8238 20
252164.5770 2
252251.4810 19
252364.5679 16
252488.8082 19
252584.7856 20
252650.6518 18
252681.1882 1
252837.8266 11
252871.4625 19
253038.7830 1
253186.6262 6
253299.6540 18
253424.0870 16
253551.6497 18
253615.5093 14
253720.3838 1
253847.3909 11
254039.9841 4
254113.2463 17
254159.5902 4
254285.8366 17
254362.8966 11
254382.5582 2
254492.3431 4
254622.2232 15
254725.6619 12
254827.4392 14
255010.8294 12
255107.3917 8
255284.6258 15
255462.6669 11
255619.6067 9
255652.0332 20
255693.5392 13
255825.5590 8
255947.9187 5
256100.0447 19
256232.0112 11
256286.8368 12
256350.2283 18
256403.9414 16
256478.4530 16
256564.0706 1
256653.0799 8
256777.5938 5
256882.1040 12
256980.7018 12
257170.3122 12
257302.0822 18
257358.3186 16
257559.8639 13
257696.2077 3
257874.6444 3
258018.5680 2
258225.4122 18
258288.4129 14
258446.5341 21
258647.2514 11
258840.5938 12
258991.6181 11
259063.5047 6
259268.2700 3
259322.0955 4
259397.4456 14
259570.4193 11
259617.0122 13
259688.2671 5
259845.5750 15
259872.6943 15
259974.7530 20
259996.0877 9
260099.0434 3
260127.8399 12
260259.2156 9
260458.6672 12
260561.5866 11
260726.6909 15
260889.6453 7
261075.5455 20
261099.1186 10
261187.2114 11
261229.6558 8
261350.0773 15
261529.3746 2
261712.4468 10
261829.8406 17
261969.2634 12
262018.4595 17
262044.2724 6
262123.5169 15
262206.0282 16
262313.3715 1
262358.9713 15
262446.9014 18
262488.6658 5
262671.1925 1
262822.7598 3
263013.4765 16
263063.9065 13
263216.9371 13
263322.6630 12
263505.8737 6
263684.3248 4
263798.3959 13
263914.6319 16
264113.7615 18
264167.0595 6
264221.5844 12
264371.3113 7
264512.1004 15
264604.5501 5
264667.8416 1
264859.6050 4
264916.9344 15
264963.3704 9
265042.2447 5
265149.9325 9
265192.0630 18
265315.8549 2
265541.4325 11
265703.2267 11
265743.7373 8
265935.2784 11
265989.0338 18
266007.6092 18
266030.1109 11
266219.6627 10
266275.0220 18
266404.4478 1
266459.3959 11
266551.2354 8
266750.7691 6
266859.4448 11
267030.1916 15
267150.6751 5
267357.0121 8
267538.5589 13
267680.0769 19
267784.8867 8
267909.4076 11
268012.6971 3
268146.9619 13
268301.9290 10
268501.1091 8
268681.9463 12
268874.1397 8
269105.1386 21
269165.0186 13
269370.7131 21
269423.5379 6
269504.4983 2
269587.5788 7
269707.9847 3
269783.7097 9
269929.8397 12
269973.9582 7
270132.6615 7
270243.2653 6
270344.7017 11
270485.4535 9
270608.8792 5
270655.7573 16
270717.9464 1
270865.2719 7
270932.1086 18
271041.9516 20
271094.6666 14
271225.5656 10
271419.3512 10
271552.7213 19
271628.2308 18
271646.9348 17
271710.9995 14
271890.6285 18
271974.5340 12
272052.1366 12
272219.5278 20
272384.7990 2
272624.7747 20
272816.5274 20
273020.2242 11
273181.1472 17
273219.4485 12
273370.3895 7
273395.5708 5
273595.8305 21
273639.8949 7
273735.8640 3
273786.2237 3
273910.8594 12
274071.6171 12
274166.1191 4
274320.5810 6
274485.3305 1
274678.4951 5
274832.9839 10
275044.7789 21
275196.2052 20
275261.1464 2
275489.8997 11
275571.4829 12
275666.4022 14
275761.3361 11
275924.1963 15
275964.1677 16
276123.7551 18
276183.9934 19
276287.3776 16
276360.8632 21
276422.7591 5
276611.1403 2
276687.8985 6
276757.3908 4
276830.1899 1
277010.2525 6
277136.7450 15
277267.0530 2
277416.3552 11
277447.1346 12
277574.1341 20
277638.3704 21
277785.4688 15
277860.1157 9
278020.8527 21
278112.7819 21
278153.3623 12
278182.8145 12
278215.8431 9
278235.8598 15
278407.0362 12
278496.5632 21
278679.2670 1
278809.3322 10
279008.5236 2
279098.4144 21
279150.2203 15
279305.3919 18
279418.8470 2
279537.1358 10
279593.4640 6
279768.5935 19
279901.4574 16
280013.6039 3
280107.0469 7
280197.9351 12
280345.1590 11
280513.3201 11
280593.7339 12
280746.6576 15
280771.1388 6
280999.0615 13
281029.3564 11
281135.1115 12
281234.1433 6
281410.4154 16
281614.4242 11
281729.4382 11
281895.1971 15
282071.7593 2
282157.5094 4
282381.3477 12
282415.7772 18
282527.5083 9
282589.9147 4
282795.1156 20
282928.8523 3
283076.0694 20
283228.3039 11
283316.4801 21
283417.2736 12
283564.2191 13
283658.4615 17
283833.8543 19
283866.7164 5
283975.4929 16
284062.1723 18
284144.2592 14
284240.2651 21
284436.8274 3
284493.5097 18
284645.3554 15
284751.1649 12
284799.1743 13
284861.4251 17
284947.4170 12
285072.6043 12
285210.5588 19
285273.8456 18
285338.7444 14
285430.5346 16
285613.0134 12
285788.2320 4
285840.8891 17
285895.2459 15
286018.7993 18
286201.9074 17
286368.5901 11
286398.2288 20
286449.9968 17
286509.1190 9
286585.0160 1
286656.7128 19
286752.2615 9
286930.8703 11
287127.5354 15
287152.9651 4
287311.6850 8
287402.2448 16
287517.1813 2
287699.1857 12
287880.5048 1
288075.2001 12
288180.4749 10
288348.6454 11
288454.9971 11
288626.1356 18
288664.1446 12
288773.9566 21
288835.1978 2
288924.6369 3
289042.8222 7
289123.9353 9
289266.8336 10
289379.6261 13
289550.6559 4
289769.8592 21
289893.5339 17
289974.7765 10
290075.9116 12
290188.2122 4
290411.9963 5
290506.6882 12
290549.4892 16
290689.4384 14
290824.1092 12
290975.1277 21
291009.2970 7
291096.0445 14
291187.4429 8
291330.6047 11
291465.0472 8
291589.3259 20
291754.3579 2
291992.9957 18
292176.3388 11
292237.0193 19
292439.3378 18
292585.7055 18
292608.3114 4
292664.1939 21
292733.8262 2
292913.7326 14
293041.3159 18
293185.7975 16
293354.1336 7
293486.5687 3
293635.3859 11
293825.5495 10
294003.3661 16
294200.5324 2
294316.5229 21
294415.8659 20
294592.5818 19
294726.5562 5
294760.6893 11
294850.0319 6
294988.4562 21
295155.8471 19
295269.0469 13
295324.5943 11
295393.8738 11
295473.6215 2
295634.2356 9
295763.3860 16
295876.1825 18
295973.8016 14
296155.8394 14
296251.6948 18
296430.7275 14
296540.4820 11
296730.5002 18
296798.0147 11
296932.5247 3
296976.1952 18
297151.3385 3
297297.5946 1
297459.2608 16
297621.8281 3
297662.2094 6
297796.8853 21
297935.5119 6
298154.5464 2
298335.0448 11
298400.0259 20
298422.3342 14
298585.6470 21
298732.7716 14
298825.5467 3
298926.8896 20
299074.7972 6
299159.6573 18
299179.1557 13
299270.7811 2
299344.6377 18
299512.6103 11
299533.7919 16
299670.0022 6
299841.3399 18
299945.7268 12
300017.0092 11
300122.9528 12
300199.3428 3
300408.2295 1
300526.4750 8
300712.8300 11
300765.7108 1
300941.3780 19
301144.2584 13
301339.6837 5
301467.2144 11
301540.7511 5
301583.4092 15
301616.0094 11
301652.7984 6
301760.9306 18
301922.4257 18
302046.7079 11
302201.8650 11
302300.5234 8
302506.5755 11
302589.4245 14
302659.3902 21
302729.6497 11
302792.3598 12
302814.3475 10
302877.0875 3
302988.1808 21
303069.2770 18
303223.0108 2
303400.2095 3
303590.9061 5
303667.4425 3
303800.4465 14
304041.1486 14
304156.5528 21
304313.5171 12
304336.0439 18
304416.6690 1
304504.6421 21
304571.1784 13
304683.4946 21
304793.0203 15
304856.3916 18
304935.3893 18
305065.6636 5
305221.9143 18
305310.9000 12
305361.0237 18
305458.7064 10
305593.4727 20
305693.6998 21
305785.8449 7
305979.6178 11
306001.5808 8
306200.0178 13
306303.7987 16
306383.4452 21
306452.7623 11
306592.5900 18
306617.2408 6
306686.1234 7
306710.7271 11
306855.0632 6
307003.0067 11
307192.3756 5
307333.7428 11
307453.0864 12
307481.4535 2
307664.6682 12
307788.1844 12
307934.8544 10
308129.5155 1
308327.8939 11
308481.7759 4
308699.8205 20
308729.5175 5
308940.2233 1
309058.7389 11
309157.0523 19
309313.6125 11
309361.4140 15
309456.2450 19
309575.4505 10
309741.9216 11
309850.3575 14
310001.0840 13
310120.9885 11
310303.1719 11
310458.2608 2
310575.2084 10
310755.4078 11
310786.5036 4
310959.2499 19
311156.5608 13
311201.3002 4
311331.2657 16
311426.7164 16
311584.9270 6
311767.8166 5
311860.2996 14
312097.7116 6
312314.4194 14
312462.0504 2
312662.5392 4
312812.3262 20
312956.0117 11
313093.3636 14
313216.3427 21
313267.9259 3
313471.9870 18
313510.2079 15
313547.9503 15
313643.1380 4
313740.1785 14
313836.5278 18
313937.6346 18
314002.0310 18
314182.7703 7
314297.7280 11
314390.1546 6
314606.8984 2
314815.3867 12
314871.6978 12
314995.4779 11
315192.4227 11
315300.2718 7
315411.5265 9
315609.3372 12
315662.0977 18
315792.7956 2
316018.0147 18
316137.7012 15
316236.4738 15
316429.6404 4
316664.3250 7
316697.6883 1
316849.8044 11
317021.4248 15
317158.4437 11
317338.7155 4
317540.6061 13
317729.2386 2
317950.7192 11
318053.0394 9
318227.5736 8
318340.7007 12
318437.4380 11
318479.9373 2
318596.7007 8
318785.5666 12
318836.4817 14
318972.8059 18
319037.4984 20
319176.2339 18
319203.6966 11
319314.2843 12
319389.2564 20
319422.5825 17
319614.3457 4
319801.2690 14
319960.3777 18
320149.2160 7
320213.5650 8
320282.0670 4
320416.6759 5
320521.1619 21
320673.1028 11
320844.3576 11
320878.9871 17
321055.4733 14
321210.3061 21
321266.2881 10
321449.4491 11
321550.4335 3
321577.9531 20
321701.8145 7
321740.1628 12
321779.1747 13
321857.5411 8
322045.6356 4
322099.2877 18
322242.2330 12
322313.0605 3
322452.3344 9
322497.1819 1
322689.5109 13
322853.8132 12
322904.1895 12
322996.8886 9
323102.1071 11
323184.5848 14
323352.8696 18
323524.2821 3
323692.9309 18
323729.8457 17
323782.9054 20
323916.2587 7
324054.9124 7
324243.6448 9
324281.9916 11
324390.6995 12
324531.8280 16
324555.9673 9
324745.3094 4
324968.4053 20
325132.1005 8
325240.5035 19
325342.8491 10
325524.7532 12
325701.5310 1
325790.4908 2
325937.9029 11
326014.7422 7
326074.2568 3
326153.3146 7
326332.7494 18
326397.9168 3
326474.8628 5
326589.3049 6
326806.4986 20
326890.5254 4
327040.6484 11
327223.6410 8
327332.8055 2
327515.7918 12
327564.9619 16
327751.7848 5
327921.6475 17
328059.8686 1
328265.2020 20
328412.1167 18
328517.9566 13
328652.8354 13
328685.8944 7
328760.5300 15
328812.4933 14
328850.9195 12
329042.2066 14
329199.2503 1
329321.7942 6
329534.3944 5
329743.1142 7
329945.2454 8
330047.6579 12
330156.6991 18
330251.3447 11
330287.1621 15
330419.8498 20
330568.4968 11
330598.5960 3
330699.9934 13
330829.8107 13
330973.9876 4
331093.1041 10
331291.7842 12
331492.2024 11
331687.9052 2
331854.3586 15
332024.8083 3
332216.9423 8
332439.8790 20
332565.2803 16
332656.4698 19
332695.6950 4
332796.3196 19
332881.5069 11
332954.5066 11
333011.3146 9
333146.0672 13
333207.1377 18
333285.6618 1
333396.5735 18
333523.9544 10
333750.8223 12
333802.7137 19
333928.5823 9
334129.2051 3
334212.6485 1
334389.7927 11
334410.3175 21
334528.0035 2
334628.6536 6
334685.1311 4
334856.6775 16
334959.9360 2
335079.8402 10
335134.5410 5
335167.7827 7
335261.6547 12
335403.5180 12
335434.3804 17
335549.2814 18
335693.8487 21
335886.1397 2
336040.1878 4
336202.7515 18
336326.9531 17
336499.8288 2
336740.7122 2
336883.7174 11
336955.5485 7
337013.5167 21
337080.4219 12
337110.8947 7
337151.9889 9
337353.7080 4
337449.8036 12
337521.7963 15
337629.5278 5
337677.4389 14
337781.1660 10
337891.3899 21
337926.6075 17
338105.5611 8
338271.7889 8
338402.1639 5
338538.2369 19
338667.8756 5
338752.4437 15
338834.8653 7
338867.9526 4
339099.7486 6
339197.6753 5
339357.4644 15
339487.2707 20
339564.7059 6
339782.4409 20
339913.9332 12
340091.8475 13
340160.0209 2
340275.8471 13
340388.5412 18
340449.7649 11
340473.8686 11
340610.2728 3
340717.0772 8
340829.5313 20
340989.0851 8
341171.4669 2
341286.8591 18
341404.1709 3
341467.7223 18
341667.3283 20
341716.1396 14
341926.0983 8
341988.8843 18
342145.5175 12
342309.0006 20
342388.8244 18
342413.2257 15
342583.5260 21
342653.6586 9
342737.7802 11
342895.6318 10
342982.2465 10
343128.4061 15
343231.9346 1
343294.3814 9
343364.7090 9
343474.0986 21
343618.4434 6
343736.3892 15
343918.1640 10
344129.6905 11
344203.5179 7
344283.6275 11
344303.5449 19
344501.4904 17
344640.4087 3
344807.2512 21
344900.8734 12
344920.3886 7
345004.0128 13
345174.6121 16
345194.3270 8
345277.0209 2
345468.1231 9
345588.7545 16
345708.6583 13
345911.9745 21
346087.0446 3
346169.1304 5
346241.9782 4
346350.4943 18
346483.3260 20
346685.0438 18
346843.5326 8
346921.1385 11
346971.7064 11
347016.5903 11
347192.7332 10
347369.8258 15
347515.4750 16
347602.9784 10
347831.1117 13
347950.0285 11
348039.1368 11
348197.4940 18
348240.3079 17
348310.1201 9
348393.6942 12
348547.6544 9
348608.3871 18
348703.5874 11
348756.0158 21
348838.4077 16
348891.6089 14
349017.4433 16
349056.3066 4
349120.2750 19
349312.2760 1
349507.4625 18
349679.3058 16
349817.1678 4
350008.2825 7
350110.7378 5
350145.5644 11
350197.3633 16
350301.3446 1
350448.9669 14
350576.6394 11
350605.3221 12
350673.7537 17
350733.9578 12
350765.6159 2
350866.3694 3
351020.5543 7
351042.3936 18
351175.7649 2
351247.6210 11
351292.2931 4
351389.9892 9
351565.8902 21
351663.3506 5
351810.0773 11
351972.7417 15
352127.8090 6
352353.6987 4
352589.3694 17
352753.7240 6
352937.8972 11
353085.2724 4
353306.7312 13
353392.0120 6
353467.7892 10
353496.6825 21
353671.4882 9
353703.6498 11
353794.1318 10
353950.4309 5
354110.3936 21
354166.5637 17
354322.1729 11
354466.4183 1
354672.9516 10
354865.9147 16
354990.8648 2
355060.9362 16
355244.9687 6
355415.1917 16
355463.0949 12
355596.1123 20
355630.0364 5
355678.9818 5
355769.3836 10
355881.6080 1
356064.6965 18
356083.4338 11
356230.5132 9
356406.2565 9
356509.9600 1
356578.5715 10
356693.9023 15
356795.6561 3
356862.7827 19
356982.6275 12
357166.2836 3
357293.3428 15
