2959
2192.0661 15
2333.0599 17
2430.6664 11
2560.3343 21
2590.8644 4
2674.6698 13
2830.8155 19
2852.0012 18
2938.1271 16
2981.1306 18
3107.0100 13
3167.9967 13
3261.8255 1
3471.7709 12
3511.1034 16
3560.1026 20
3589.8205 9
3758.9252 11
3958.6648 6
4074.7095 18
4177.2329 20
4234.7243 1
4396.2252 18
4456.8672 18
4569.9843 18
4654.7362 13
4734.4675 5
4927.9614 18
5079.7357 11
5155.9921 6
5210.8996 11
5386.9183 19
5567.0637 20
5761.7535 20
5935.9577 11
6130.1754 9
6313.5896 12
6478.1266 15
6646.3100 2
6781.7559 20
6939.5211 15
7054.8373 4
7273.7934 12
7443.8001 12
7638.8612 16
7744.5013 8
7889.6016 5
7972.0473 13
8174.2844 12
8204.6202 7
8355.5529 16
8409.0458 14
8646.5456 18
8787.6824 2
8929.8232 11
9040.5990 16
9116.7340 18
9223.6911 14
9403.0893 12
9560.3937 18
9638.2388 1
9704.7782 4
9892.8553 13
9933.3367 21
10078.8769 18
10262.1624 7
10389.1260 20
10552.0561 14
10746.1972 6
10969.2675 2
11137.4728 13
11190.4389 9
11244.5027 15
11325.6233 7
11436.3022 1
11490.7395 20
11689.9419 19
11721.2576 19
11913.3238 4
12080.0392 3
12241.3253 16
12278.8721 11
12343.5131 19
12484.7580 13
12556.2499 12
12628.2706 8
12741.7636 15
12781.0825 18
12910.9939 11
13090.6564 10
13177.0364 8
13311.8524 11
13468.1860 18
13563.4149 17
13602.7219 4
13770.8881 11
13832.1794 5
13963.2987 21
14094.6137 17
14124.4381 1
14274.7081 5
14347.6078 12
14542.5730 1
14708.1832 18
14799.6853 18
14856.7219 14
14934.3819 12
15018.1208 14
15089.9428 9
15119.4951 6
15281.2877 10
15316.8784 13
15344.4101 9
15537.6109 17
15739.2742 16
15835.4034 12
16031.0923 14
16085.2655 12
16108.8395 14
16247.6688 12
16281.2917 13
16397.0818 20
16461.7451 18
16539.3457 18
16718.9547 9
16811.4999 1
16856.2780 5
16927.7663 12
17055.8335 19
17208.9151 4
17334.6467 11
17392.6145 20
17485.1284 18
17611.1843 7
17739.7220 3
17933.7364 8
18128.2030 11
18172.8735 12
18242.1198 18
18432.9261 17
18562.0168 17
18737.9389 4
18883.6683 18
19056.5619 1
19168.8195 13
19212.6012 15
19238.6579 12
19372.9153 16
19441.0331 20
19466.0549 8
19572.7811 12
19688.3697 21
19843.3932 8
19975.3926 8
20197.5393 3
20388.8622 18
20460.7027 16
20565.0988 19
20699.0980 7
20780.6792 10
20969.1307 10
21069.9143 16
21106.0043 14
21195.2849 12
21310.0742 11
21402.5801 18
21445.0068 11
21547.4871 8
21643.0184 11
21699.0830 18
21882.7683 6
22017.1023 20
22184.6679 5
22224.3863 9
22290.7778 16
22476.5410 2
22572.1240 21
22592.8477 18
22703.1836 11
22761.8270 17
22927.5159 7
22950.4926 11
23026.7765 1
23062.5572 14
23303.6093 9
23482.3104 12
23597.3553 12
23717.3098 18
23746.6824 7
23816.6396 5
23844.5688 18
23952.8015 4
24170.3855 7
24354.4563 12
24389.5767 5
24512.0446 11
24552.5571 18
24607.1090 19
24720.8733 13
24876.2653 16
24990.2082 6
25171.4346 7
25343.8061 19
25541.3652 12
25657.0141 10
25722.7262 18
25879.6492 12
26036.8523 6
26206.2884 6
26302.5662 4
26439.7416 2
26551.5527 3
26612.2097 18
26783.6375 12
26861.0518 18
27033.3507 16
27052.8054 18
27149.9140 12
27253.7920 9
27342.8754 4
27542.2314 14
27662.5051 2
27811.3620 12
27935.2915 6
28045.1179 9
28098.1596 12
28184.6692 4
28260.0188 12
28456.1191 12
28592.5535 13
28685.9247 13
28851.9664 7
28879.1269 18
28958.8932 16
29010.6549 9
29049.6006 18
29210.7899 8
29265.8228 8
29346.4406 15
29435.4720 1
29604.4599 3
29804.2030 14
29992.7192 7
30101.7458 12
30186.2067 12
30342.8256 21
30516.2055 18
30670.2336 5
30845.4380 5
30917.1593 20
31102.6927 2
31232.4381 8
31462.0004 16
31544.4027 12
31636.5078 1
31787.5904 7
31880.5815 4
31966.5114 12
31985.4283 20
32160.2474 13
32231.9091 17
32267.3986 10
32458.3247 15
32514.9523 21
32683.8456 2
32835.2816 15
32868.3596 15
32991.4867 6
33210.6199 9
33246.1938 12
33400.4539 17
33535.8514 4
33776.3217 1
33933.6906 21
33971.2998 15
34002.9327 18
34098.8473 21
34262.5556 1
34400.9953 15
34603.2617 12
34658.5649 11
34682.1619 11
34880.5475 14
35092.4562 21
35263.7475 18
35449.3818 11
35490.3552 3
35543.3210 6
35677.7615 12
35817.4629 11
35984.6352 13
36093.5955 20
36292.9689 7
36427.5133 5
36516.6251 7
36632.8880 20
36726.8503 12
36778.9857 9
36956.8759 8
37057.6351 11
37164.3447 11
37342.0592 13
37431.1894 6
37583.1514 11
37781.5293 11
37860.6090 2
37981.0326 20
38099.0190 7
38223.3259 5
38361.6136 20
38414.4605 2
38649.0812 6
38828.5586 10
38881.6159 19
39078.1627 10
39222.6864 4
39443.9472 4
39648.7863 18
39739.3600 9
39871.9032 2
40035.6856 11
40231.7704 9
40387.1055 12
40490.2678 18
40568.8708 6
40734.8781 10
40911.3320 19
41002.4237 15
41095.5636 14
41166.7889 6
41340.3520 2
41547.0488 5
41666.2122 13
41776.3668 16
41864.7205 12
41906.9061 11
42018.5622 14
42070.3749 18
42113.7204 12
42133.6771 15
42200.2683 3
42397.8070 15
42468.1511 8
42656.2680 10
42806.4609 18
42887.4831 19
42931.7961 17
43033.6094 1
43088.4620 11
43194.4264 14
43435.7827 6
43596.1719 10
43764.8505 14
43876.0732 18
43907.8008 12
44036.3181 17
44201.7737 3
44300.9732 9
44342.4053 12
44532.1072 11
44613.3312 6
44725.9955 18
44857.1997 16
44923.5409 16
45111.1139 11
45258.1767 5
45454.6323 17
45556.5637 13
45600.2218 10
45651.8700 11
45736.6177 5
45798.7905 10
45906.7548 16
46039.4694 21
46222.8330 20
46423.0495 17
46462.2023 4
46622.3061 11
46689.3528 19
46872.2369 12
47057.1344 18
47129.3747 20
47262.9281 1
47452.3137 11
47477.6475 11
47648.4672 11
47672.3977 3
47878.6420 5
47928.3056 12
48069.2733 14
48310.5290 13
48356.5817 5
48432.3757 11
48554.8035 12
48721.4621 11
48854.6810 11
48988.3897 15
49095.9691 15
49248.6647 18
49448.3520 21
49551.5616 18
49615.2749 12
49752.1425 16
49899.0068 7
50065.8623 19
50167.9078 18
50354.7412 21
50451.9451 7
50496.6831 2
50661.0757 12
50814.0284 21
50938.2182 4
51169.7392 11
51247.3307 20
51323.8697 18
51366.7934 19
51444.4650 6
51647.4685 2
51732.4978 1
51818.3628 12
51839.0968 10
51927.0210 12
52062.9947 18
52197.6534 7
52389.7941 5
52494.3410 12
52668.7857 4
52848.1446 13
52973.3519 5
53115.7841 11
53232.4869 11
53302.2646 1
53487.9745 11
53652.9199 11
53747.9582 8
53951.1020 19
54029.8452 6
54119.5332 3
54194.0410 11
54215.1001 13
54256.9481 9
54302.3531 11
54464.4915 12
54608.3092 14
54795.6758 16
54837.1600 19
55010.0496 9
55099.7800 13
55244.5739 7
55432.1631 19
55531.0907 12
55659.6783 10
55746.1611 11
55821.6474 11
55974.5080 15
56175.4129 21
56351.0508 3
56421.3120 12
56476.3559 12
56515.7062 19
56677.3833 20
56873.3205 18
56899.8021 11
56947.5803 2
57084.6533 14
57270.8537 19
57469.0397 1
57546.3316 12
57632.4325 3
57829.3891 11
57966.4444 17
58049.1458 4
58118.0135 7
58211.6127 5
58316.2981 13
58365.2691 1
58434.6928 17
58621.6706 17
58682.5182 16
58731.2041 18
58841.9627 13
59005.6970 19
59137.5938 1
59278.1147 1
59350.3773 7
59413.0217 3
59471.6183 10
59516.5540 9
59604.2348 9
59636.4720 6
59753.8340 21
59959.8984 15
60008.3998 5
60169.4769 15
60210.8342 16
60393.4081 7
60454.1614 12
60525.9776 17
60650.8450 9
60753.6896 9
60878.3759 12
61050.9353 12
61197.4754 1
61278.4862 10
61437.3357 4
61547.8380 7
61643.9101 4
61859.3454 4
62090.2980 17
62220.3813 21
62362.0997 21
62409.6353 16
62526.4897 20
62726.1095 21
62918.7463 16
63087.0680 1
63122.2279 6
63241.1380 14
63404.7362 12
63515.6806 11
63657.3522 10
63742.6942 4
63946.3342 8
64039.3020 1
64229.7258 5
64259.2787 2
64331.9725 11
64409.1995 19
64559.9888 1
64679.8841 1
64853.5018 8
64957.5257 11
64982.0526 20
65115.5986 16
65178.4365 15
65301.6685 18
65417.8317 12
65556.0957 11
65703.8368 9
65777.1306 9
65903.7372 1
66040.5922 10
66129.4162 11
66196.6018 11
66330.9179 11
66379.2435 11
66568.2448 12
66668.5942 5
66841.9157 5
66992.3641 16
67111.2175 11
67227.7842 10
67324.3054 10
67422.9319 16
67584.1348 1
67739.2233 8
67917.3944 10
68070.3419 18
68183.1381 19
68230.1026 15
68390.6048 7
68533.6424 11
68599.3762 18
68647.6991 5
68853.5481 20
69006.3960 12
69090.2082 18
69251.1175 9
69349.9254 11
69407.9099 18
69469.9622 10
69515.8445 18
69698.0785 16
69815.2704 8
69979.7852 16
70032.4643 6
70095.2881 11
70286.0047 6
70382.3081 12
70462.8972 14
70537.6065 16
70604.2599 11
70694.2580 10
70877.9183 13
71016.1186 19
71135.7722 12
71213.0667 16
71298.8234 1
71473.8895 3
71560.5265 4
71698.9082 16
71876.0554 2
71991.7254 11
72080.3844 17
72117.8589 6
72242.1950 2
72344.5199 10
72500.5456 11
72606.5937 18
72781.4057 4
72952.1826 3
73055.1284 4
73248.2521 17
73328.2245 18
73359.3932 16
73403.7073 6
73499.2099 12
73690.6903 18
73807.7858 8
74028.4408 12
74150.8920 11
74280.8047 1
74341.3552 4
74380.4458 7
74532.1159 11
74591.2648 7
74702.5767 11
74883.8505 20
75051.3627 11
75118.5934 18
75181.1012 10
75400.0260 8
75511.1388 10
75677.3949 18
75778.8940 18
75847.4492 4
76015.9162 12
76049.1759 15
76072.4773 10
76225.8057 13
76255.8825 13
76301.5028 21
76327.5694 18
76419.2978 13
76449.4754 21
76598.8109 12
76672.9242 18
76773.0713 21
76844.8865 13
76889.0909 11
76936.2972 12
76954.6453 8
77116.5267 17
77232.3253 9
77266.3185 8
77438.6248 20
77583.4169 17
77781.7827 12
77806.5304 21
77848.1854 14
78010.8911 1
78062.9187 11
78158.7523 7
78307.0040 12
78384.4954 9
78547.5468 3
78754.6640 7
78873.6492 8
78941.3167 16
79064.3771 19
79120.5215 11
79300.6052 17
79421.1415 1
79629.2679 5
79825.1259 12
79883.2258 17
80044.7331 4
80232.0838 18
80343.4004 11
80476.6192 11
80602.2875 17
80734.5421 16
80918.7712 10
81088.7298 1
81200.1947 18
81356.7976 21
81383.9474 11
81521.9064 1
81628.2324 11
81792.4067 21
81854.0586 8
81939.3092 16
81987.2112 17
82139.0304 18
82175.3545 7
82218.2905 11
82406.4132 6
82532.8049 12
82587.3352 7
82711.1496 6
82791.0984 2
82861.8659 16
82980.8464 18
83179.7298 21
83317.7127 17
83395.1738 21
83558.1056 2
83631.2910 4
83855.9569 19
84052.5528 2
84252.0104 11
84441.2030 12
84559.2732 1
84747.2287 15
84938.5609 15
85071.9810 6
85174.2273 19
85313.5517 20
85346.6767 13
85505.8591 8
85632.1844 16
85655.7241 16
85811.8351 11
85924.2781 17
85944.4034 11
86050.6470 17
86138.8648 4
86296.4703 2
86412.2639 4
86496.7171 1
86637.4945 13
86810.3946 5
87008.1193 7
87063.7941 19
87184.7770 11
87387.1313 12
87543.7509 15
87615.7013 15
87729.5874 17
87802.8819 4
88004.6025 21
88207.4443 13
88333.2526 14
88501.3907 11
88631.0698 20
88670.7217 2
88732.1089 12
88825.2791 13
88981.4504 3
89111.2961 3
89152.3561 12
89331.7755 15
89402.5056 15
89439.2312 18
89511.6216 12
89551.3919 11
89745.7685 14
89892.1544 20
89941.7275 14
89996.0462 9
90078.1518 11
90119.3317 15
90304.5426 5
90466.6684 16
90639.8094 11
90810.7531 7
90864.5264 11
90976.0513 11
90994.0055 10
91157.5826 21
91363.8173 6
91515.8386 11
91604.0308 14
91784.0844 9
91960.6260 17
92157.1296 9
92329.2476 4
92529.9271 13
92637.3253 19
92767.5245 18
92914.3023 7
92993.4588 21
93070.6815 6
93299.0901 14
93348.5183 13
93474.8010 6
93556.0780 15
93600.3064 5
93802.7010 20
93917.6259 6
94113.3635 20
94263.2905 7
94335.0738 7
94439.0810 15
94490.3339 16
94612.7885 14
94722.3649 20
94760.6248 20
94820.8554 7
94912.9683 12
94963.2762 7
95063.7089 2
95186.6617 16
95212.5099 2
95425.2514 18
95592.6821 20
95642.4276 20
95807.7477 17
95939.8540 15
96071.1924 8
96229.3701 18
96255.4054 12
96297.3847 8
96461.9471 13
96651.5037 10
96879.1840 20
96955.2826 3
97138.2217 12
97230.5029 21
97309.0139 20
97343.9708 5
97398.7722 12
97511.1737 21
97561.3468 7
97649.0420 12
97695.4856 11
97837.8903 17
98005.0738 11
98071.9916 5
98182.3215 4
98335.6057 17
98482.5552 8
98632.2485 11
98751.2440 10
98819.0858 12
99000.6937 11
99030.6509 4
99100.3861 7
99214.1853 18
99306.0113 17
99363.6798 6
99514.5785 16
99680.6992 11
99750.2497 11
99813.2881 18
99885.3702 16
100050.5089 13
100209.1449 11
100243.9673 10
100347.5870 7
100553.1714 2
100683.8893 11
100780.7334 19
100885.3634 11
101069.5356 7
101205.6283 2
101366.8800 1
101473.1553 3
101599.6903 18
101716.8357 6
101864.0493 14
101914.4733 2
102136.6562 17
102245.3193 18
102441.1487 19
102473.9966 14
102631.2243 15
102728.1194 18
102774.4574 3
102823.3418 4
102907.4956 13
102955.7823 14
103181.0113 11
103275.8271 8
103360.0695 11
103402.1615 18
103574.6648 11
103701.7450 9
103811.7919 19
103920.1307 11
103978.2085 1
104131.0183 2
104330.3862 9
104348.4741 12
104397.0013 12
104503.4836 16
104679.4389 4
104845.7082 15
104944.0730 17
105046.5034 3
105140.3039 7
105271.2203 12
105370.1453 3
105418.9680 17
105478.3683 16
105540.7883 20
105602.9967 18
105649.1483 7
105689.3296 9
105764.5898 7
105934.5611 7
106058.8192 11
106092.5542 10
106196.2215 18
106258.0800 16
106436.3676 9
106586.3286 15
106666.0852 19
106704.5840 11
106892.6357 6
106948.3132 16
107053.2521 13
107187.2143 17
107352.6227 12
107446.4430 5
107601.4581 2
107782.9195 19
107943.5991 18
108009.5575 10
108230.8007 12
108381.4025 17
108417.9448 9
108474.2598 6
108591.7477 4
108672.4323 5
108774.9739 1
108944.0090 13
108992.0175 13
109154.1833 9
109290.4443 11
109393.5445 9
109558.1438 12
109667.0875 6
109793.7730 15
109883.1449 19
109957.4747 18
110049.7256 7
110098.1731 12
110286.9249 11
110415.7826 1
110497.5805 5
110652.0767 7
110692.6894 20
110719.1184 14
110974.2592 18
111165.5661 21
111266.7757 11
111367.5025 14
111501.2837 15
111540.7833 12
111726.8922 16
111834.1063 20
111881.2819 9
112062.5409 12
112225.4315 7
112372.8516 5
112439.6313 1
112541.1684 18
112697.0569 14
112906.7278 20
112928.1666 8
113101.5610 11
113128.7974 8
113298.4398 13
113506.1820 11
113651.6214 20
113790.2467 2
113877.6191 9
113984.4943 14
114186.9825 12
114357.8475 18
114445.0542 12
114637.4350 12
114737.2019 15
114839.6533 1
114933.8116 16
115025.4549 19
115213.9391 11
115354.3797 4
115482.9386 4
115576.5555 3
115657.0214 11
115699.0135 18
115866.9454 7
116017.4202 6
116128.1733 14
116207.0348 12
116340.8820 17
116517.6154 14
116550.8459 11
116750.4373 19
116838.7748 11
116876.5533 18
117036.0306 9
117117.6378 16
117198.3907 10
117257.2820 18
117366.6434 6
117532.7832 9
117682.8138 10
117701.5228 19
117789.5676 11
117979.4257 9
118043.7495 6
118092.5387 12
118201.4353 3
118383.0258 18
118470.7223 12
118593.8272 19
118613.5772 16
118698.9509 13
118796.0850 11
118930.9438 18
119019.1615 12
119118.4435 13
119207.7551 1
119382.8829 14
119526.8922 11
119644.0159 18
119749.4671 9
119924.9940 17
120109.2146 20
120180.0193 1
120335.6471 2
120421.2077 18
120621.0739 13
120829.4105 12
121016.6042 20
121158.8149 21
121274.4976 11
121458.4320 10
121570.4567 5
121681.7543 18
121862.5682 16
122015.3283 4
122220.8312 5
122407.7564 18
122587.6837 6
122670.2185 1
122853.6065 14
122903.2755 19
123040.4057 1
123213.8612 11
123272.6731 18
123431.5522 2
123576.8552 14
123724.4428 12
123890.5887 14
123988.0637 11
124100.9254 20
124174.7626 10
124232.1501 20
124337.1852 17
124511.7787 11
124573.0053 7
124671.7744 13
124836.1890 16
125006.6768 13
125202.2619 15
125317.4248 15
125380.7178 21
125507.8714 19
125601.3100 8
125655.6045 11
125723.2609 1
125930.5668 14
126053.4012 16
126117.6602 4
126297.4496 17
126360.3985 8
126548.8450 2
126753.3773 15
126831.9697 12
126903.7162 2
126973.0423 12
127149.0638 8
127224.5971 9
127427.5315 12
127497.8756 1
127696.1165 12
127870.1839 18
128007.5347 6
128090.3306 20
128251.2876 20
128270.2717 1
128383.6106 1
128591.4690 11
128751.3474 10
128859.7189 6
129059.5542 6
129152.0201 19
129242.2196 9
129413.5383 10
129573.8154 12
129639.4480 6
129747.5426 10
129768.6478 9
129868.4409 12
130044.3443 9
130126.3064 9
130289.2848 2
130487.0200 12
130637.9228 12
130724.6521 16
130826.0450 6
130922.2375 18
131077.3623 11
131222.6003 10
131330.0769 4
131435.7260 11
131591.8832 18
131627.8422 7
131808.4927 16
131972.0728 15
132105.2639 11
132277.2001 11
132476.9459 18
132671.0040 2
132773.6330 3
132878.7170 12
132920.2124 11
133060.9226 19
133104.3644 11
133219.8835 16
133366.2400 16
133472.8480 14
133632.6249 15
133721.0926 18
133825.5749 6
133918.8800 2
134064.1162 16
134227.3753 6
134318.3347 16
134463.8744 15
134559.2514 14
134773.4946 5
134975.8973 12
135000.4145 19
135030.1378 15
135136.8849 20
135263.5975 11
135284.4296 13
135314.3642 20
135408.5618 15
135560.7617 17
135678.4872 21
135825.7124 8
135973.9454 11
136064.7412 7
136158.7356 16
136310.7527 6
136510.7781 12
136661.8668 9
136829.4165 15
136927.1728 9
137035.0517 12
137164.8129 14
137320.6102 3
137446.2707 7
137573.6843 6
137707.9323 19
137856.5238 18
137882.6264 2
137939.0343 6
138013.5705 11
138050.6770 17
138250.4541 14
138459.5173 8
138639.6986 11
138816.9130 3
138935.4603 12
139132.9111 11
139255.1138 10
139447.1782 11
139509.3729 2
139609.6165 21
139673.1957 14
139845.1516 18
139991.9525 20
140157.2307 19
140301.0525 14
140430.1178 2
140567.8164 9
140669.2754 12
140804.1029 12
140944.2034 18
141041.1721 5
141074.1091 17
141270.9677 11
141413.0878 7
141567.1495 18
141640.0840 15
141732.8386 11
141774.1068 12
141872.5837 8
141990.6585 19
142031.6997 12
142113.8128 18
142189.3042 4
142267.6142 8
142423.7628 8
142550.1121 15
142693.7179 5
142872.6696 6
142995.7410 12
143091.8689 14
143168.0915 4
143408.9256 11
143553.4561 12
143712.7671 11
143821.4896 6
143922.4481 4
144129.2341 8
144330.7191 6
144529.9363 4
144716.4093 14
144876.2559 20
144948.8129 1
145068.7469 10
145125.2542 5
145174.5030 14
145321.6646 6
145501.5427 2
145694.8000 9
145825.3934 4
146036.4426 12
146060.7667 9
146252.8769 10
146311.1837 13
146408.2372 18
146596.4152 17
146727.6883 12
146897.6903 3
147094.1634 11
147266.3356 9
147313.1067 4
147491.2555 4
147706.2099 12
147820.3542 6
147899.6626 2
148091.4782 10
148236.3056 9
148378.5417 18
148422.1488 8
148619.8309 18
148637.6274 3
148792.5239 9
148889.4668 1
149000.1733 3
149044.9963 18
149078.7191 19
149253.4988 9
149291.4081 6
149543.5133 19
149709.4655 12
149864.4094 11
150052.0650 21
150221.9418 21
150301.0366 16
150483.3097 15
150681.0751 15
150771.9013 4
150950.8255 10
151019.1709 14
151142.6149 12
151301.1690 1
151459.9583 13
151493.2840 12
151691.2989 12
151776.9329 16
151878.5322 10
151937.7088 21
151967.4546 19
152066.9382 16
152256.1415 6
152325.5073 16
152473.1245 8
152580.5808 3
152781.1005 18
152830.0903 10
153049.4421 6
153267.9886 11
153389.3410 17
153412.2437 10
153621.0542 4
153722.6554 1
153823.2008 8
153916.7200 2
154046.9492 21
154215.2245 21
154353.3871 6
154520.8529 13
154717.3735 9
154914.3934 3
155074.9941 8
155216.6772 14
155346.9916 5
155458.6531 8
155675.6182 14
155764.2778 10
155830.4174 9
155958.4236 15
155989.1173 18
156038.8939 10
156079.4743 12
156236.0846 12
156437.0461 11
156545.8350 11
156693.9499 19
156812.3316 11
156906.5891 11
157079.4484 11
157271.5973 16
157415.5067 10
157550.6824 18
157631.9004 17
157743.4922 11
157829.3987 2
157952.4283 3
158126.4370 19
158198.4983 15
158370.7563 6
158443.3658 6
158661.1495 12
158694.4579 2
158833.7039 6
159040.2244 15
159097.7167 1
159261.6651 19
159308.8462 15
159449.0332 18
159483.0488 21
159564.5591 17
159620.2855 2
159719.6869 13
159850.3091 19
159882.0818 7
159964.0521 8
160011.4238 20
160176.3661 20
160277.5602 8
160400.0909 19
160485.3639 21
160651.6175 20
160718.9468 12
160752.5094 11
160801.9161 10
160925.6516 12
161083.1912 11
161146.2436 20
161257.7973 6
161327.3360 1
161520.6433 19
161635.9850 1
161698.5490 15
161892.9398 11
161930.1793 11
162128.0890 11
162167.1584 18
162333.1856 6
162478.6105 13
162643.0038 10
162709.6933 11
162883.2264 2
163002.0251 21
163074.1278 19
163260.1100 12
163378.5002 2
163457.9378 7
163610.9704 15
163774.6435 5
163903.5425 16
164010.9539 5
164191.4032 13
164263.6274 20
164321.6841 12
164489.1261 5
164645.5658 3
164812.9951 10
164951.6761 7
165117.6635 11
165309.3954 3
165509.2901 7
165685.7181 7
165774.7130 8
165887.6429 20
166022.7121 11
166045.3455 17
166203.6810 14
166426.6209 9
166525.7283 21
166555.1214 8
166682.1634 4
166826.2432 9
166910.1991 18
166956.0659 12
167025.5827 2
167258.5549 5
167331.9704 3
167407.7375 17
167481.1954 10
167527.7260 11
167577.9069 19
167738.9557 12
167817.9329 15
167978.9634 8
168197.4905 16
168399.3612 11
168487.0592 16
168513.6246 11
168569.8020 16
168653.1794 16
168840.8434 14
169051.8493 17
169235.6395 12
169358.3056 11
169443.9695 18
169554.3603 13
169589.8163 18
169771.5216 7
169937.2709 5
170056.2566 19
170140.4625 2
170249.6878 20
170333.5207 6
170441.2145 18
170463.5178 13
170577.0094 8
170780.8811 8
170954.2538 14
171052.3874 14
171113.1859 13
171249.5014 20
171349.1065 12
171441.5184 12
171574.6771 13
171705.7014 10
171804.4503 18
171839.3358 9
171956.1500 5
172126.7858 1
172184.6702 8
172321.1630 15
172414.3289 17
172580.7912 17
172669.8508 6
172832.7863 16
172994.3936 18
173082.1479 14
173282.4664 18
173340.1545 21
173501.5204 15
173693.2573 11
173835.8555 15
173917.0358 12
173996.8701 18
174197.8873 17
174343.9042 21
174431.5675 6
174634.7855 18
174800.6204 18
174911.0490 11
175060.7323 2
175145.5528 3
175286.1812 10
175499.2182 9
175619.2163 5
175688.0656 12
175801.6650 3
175985.8419 6
176032.9926 3
176193.9298 18
176375.4348 12
176556.4504 14
176625.1004 2
176827.1365 14
176950.8113 11
177064.7368 5
177110.1767 17
177312.5654 4
177516.0093 21
177698.5821 3
177773.0356 8
177987.6957 21
178059.6455 14
178175.8295 8
178422.3246 10
178592.2775 11
178615.2604 6
178803.8942 15
178997.6356 21
179058.8815 12
179122.6070 12
179299.4740 20
179499.3899 18
179624.8627 16
179686.7731 16
179727.9053 16
179823.8952 16
179996.1721 11
180084.9483 11
180261.5045 6
180311.3705 13
180486.2763 1
180669.0368 11
180819.9864 18
180935.2996 9
180997.7654 4
181112.0626 5
181265.9995 3
181388.7298 4
181512.1442 3
181579.0283 16
181767.7536 11
181896.6026 16
182096.8283 13
182304.9863 12
182351.2772 5
182548.8770 7
182749.0472 19
182884.3135 12
183039.4400 11
183094.8555 11
183132.2628 19
183279.0349 12
183474.8339 11
183512.7819 3
183655.8565 11
183721.9446 3
183828.9594 15
183942.8763 2
184074.3274 2
184182.5431 11
184338.8552 8
184558.8758 20
184664.5548 1
184856.6132 4
184984.9571 10
185043.1903 1
185243.6903 20
185405.8316 18
185457.2682 12
185627.9985 18
185680.1376 18
185864.7959 20
185926.6363 20
186046.0775 11
186080.3810 18
186204.8716 9
186256.9076 16
186452.9023 8
186568.7239 8
186634.3152 21
186812.9125 11
186910.7196 15
187054.3846 5
187214.4415 3
187348.8752 18
187434.2988 5
187607.8291 20
187662.2799 11
187824.3499 12
187993.5710 12
188193.6988 11
188297.7335 12
188424.5893 21
188618.6875 8
188756.7149 15
188858.7548 7
189043.3568 9
189067.8313 18
189134.8579 6
189280.8663 15
189344.1683 16
189517.7365 3
189559.4453 5
189658.3766 9
189857.5821 4
189949.8330 11
190109.4457 15
190218.6400 8
190366.9281 9
190515.8318 18
190695.8517 6
190765.6873 7
190814.5702 12
190946.4776 16
191003.2061 8
191067.0282 20
191162.5377 7
191319.6193 12
191456.4496 14
191685.2930 4
191832.1306 18
191944.2245 11
192048.0576 16
192167.8754 11
192276.5907 2
192353.4170 15
192478.5279 14
192549.6593 5
192683.5037 11
192820.6872 11
192935.7842 13
193125.7757 4
193365.4032 6
193426.6223 9
193628.7554 13
193822.0877 2
194061.0863 7
194120.8051 15
194146.7545 13
194328.5295 5
194434.6997 19
194526.5584 2
194715.9168 11
194755.1818 19
194846.4473 1
194939.0361 18
194970.7292 21
195132.9158 17
195242.4742 12
195420.6194 14
195588.4670 21
195720.4179 14
195816.1497 13
195902.3407 2
195990.8653 14
196184.2811 19
196365.9594 11
196392.3985 3
196508.7604 3
196687.2739 20
196764.5623 18
196960.2149 11
197088.4829 11
197179.0705 18
197365.1932 8
197524.3311 2
197735.3662 2
197796.5467 10
197819.1146 16
197924.0363 21
198078.9026 20
198184.5134 19
198216.3860 4
198375.6718 15
198470.3354 6
198688.7845 20
198888.0746 9
199089.6721 4
199270.9653 18
199316.4221 12
199460.6000 10
199563.0144 9
199644.8356 5
199704.8450 20
199880.3512 14
200089.9498 6
200211.3938 13
200329.9981 12
200412.3872 21
200512.6783 19
200534.4275 12
200562.8390 12
200662.1919 4
200837.7232 5
200882.4312 15
200944.5050 3
200994.1882 10
201077.5020 12
201111.8848 11
201168.0713 2
201278.2641 14
201435.7894 18
201554.9016 5
201748.2931 14
201886.3304 17
201995.1641 8
202214.6397 12
202330.5474 14
202570.7307 12
202640.2991 20
202832.8595 2
202917.3352 12
203017.5506 10
203077.6996 10
203184.4950 16
203230.9860 1
203267.7719 17
203421.2207 11
203534.0698 9
203595.2566 8
203823.9790 16
203891.7862 14
204109.2059 4
204272.7860 11
204425.4142 13
204497.3236 18
204633.8965 11
204782.2004 11
204933.4267 1
205009.5662 11
205054.5397 14
205260.5757 8
205344.0692 11
205545.3695 16
205732.3995 11
205767.5291 18
205785.0753 3
205994.5253 16
206164.2840 1
206251.9866 12
206377.3353 21
206535.8324 9
206678.1339 11
206872.5689 18
207016.0908 3
207132.3681 3
207172.7402 17
207325.3695 12
207510.6235 4
207651.0922 10
207695.7371 13
207848.4440 12
207988.1236 3
208078.2870 13
208157.4302 17
208350.8270 3
208391.5475 18
208508.3882 11
208545.0168 18
208578.6502 11
208631.1345 20
208714.2671 8
208819.6710 11
208854.9789 16
208932.8497 20
209064.0166 7
209239.8581 5
209366.3826 3
209495.1365 11
209578.9792 19
209661.5829 8
209815.6442 17
210003.9988 18
210169.2176 9
210366.4156 7
210397.2550 8
210481.2639 11
210636.0639 16
210677.9599 4
210775.5439 5
210870.0018 11
210992.6197 4
211129.2828 20
211220.4875 3
211400.9958 5
211491.8950 18
211672.7925 5
211710.9864 5
211879.9142 14
212090.6040 6
212287.3707 16
212357.0079 6
212406.1189 12
212432.5292 10
212563.5530 3
212662.2502 9
212709.3930 4
212933.4818 11
213016.2006 15
213175.6778 18
213320.4448 18
213358.3958 13
213525.9094 12
213720.6877 7
213838.8138 11
214028.6336 20
214071.1299 10
214255.9285 13
214394.7374 20
214436.9407 11
214573.1747 18
214748.3764 2
214934.6225 18
215054.7433 16
215172.0179 12
215217.7581 5
215420.6167 5
215457.7846 4
215629.9284 4
215812.9057 11
215970.6865 12
216090.0889 2
216322.6733 11
216418.6129 11
216569.6857 7
216739.4895 19
216921.3419 13
217051.9999 16
217214.4470 3
217391.1293 15
217543.5891 10
217690.8567 4
217932.9695 7
218099.7181 19
218241.1773 20
218412.4498 13
218453.5895 14
218544.0729 2
218699.7422 6
218777.3957 4
219006.2058 2
219107.7369 19
219283.6815 14
219381.3765 9
219556.1946 5
219589.5626 19
219746.7058 20
219884.8059 21
220006.7683 8
220067.9654 18
220232.5080 3
220401.7964 1
220561.1057 11
220738.7994 11
220844.5411 13
220954.2141 17
221069.9372 6
221229.3862 18
221374.9888 17
221398.6438 3
221524.8965 21
221574.8296 13
221620.4263 7
221810.5450 1
221868.0991 11
222052.3016 6
222120.2384 12
222165.3083 15
222261.0773 12
222284.7216 7
222484.9439 14
222544.9609 7
222569.3618 18
222614.4103 11
222724.8606 18
222754.8917 11
222951.4822 7
223007.1935 14
223155.8368 9
223263.6625 18
223400.0002 20
223488.5998 21
223619.4838 6
223837.8490 5
223957.0653 21
224097.1739 11
224282.9165 18
224375.3536 21
224523.4529 7
224651.7879 14
224780.9486 20
224976.3052 8
225179.8862 4
225381.6456 7
225457.6356 20
225481.4147 18
225626.3698 5
225786.1887 12
225919.6722 12
225982.3732 6
226137.3385 11
226166.9515 15
226308.6573 16
226407.9981 19
226530.7565 12
226704.4536 14
226756.9501 5
226852.8513 3
227055.3961 14
227233.9020 12
227323.7355 16
227352.5386 10
227391.6728 19
227519.1663 12
227716.1910 15
227830.5174 18
228009.6623 8
228206.9727 1
228366.8970 9
228472.6195 3
228578.1134 11
228642.6559 16
228725.5882 7
228870.8993 18
229057.3135 20
229193.5616 6
229418.7223 18
229467.2520 20
229504.3916 17
229686.5212 16
229735.8307 11
229920.3785 11
230064.7809 11
230093.1289 7
230230.5061 1
230405.0719 10
230496.5548 8
230559.2179 20
230580.7449 15
230676.0300 8
230753.9366 21
230902.9080 15
231066.8339 12
231184.8189 7
231295.0398 4
231354.4286 18
231380.9505 11
231439.4173 11
231511.8283 20
231602.9016 12
231649.5494 1
231821.6134 21
231986.1321 14
232180.1978 12
232316.5780 8
232519.8643 19
232571.6841 15
232678.1539 19
232822.5897 12
232944.7670 21
233109.5521 2
233341.0583 1
233494.6702 12
233526.4689 12
233675.4697 14
233787.2173 15
233877.6413 11
234053.9804 15
234094.4306 15
234149.2723 19
234344.6018 10
234528.5934 11
234732.0277 12
234821.3859 12
234935.2797 11
235033.0389 5
235104.9111 18
235246.4327 3
235425.7947 14
235498.7668 19
235543.9909 18
235617.2074 11
235678.7946 18
235821.9977 10
236044.2902 12
236122.4548 21
236240.5825 19
236404.5384 9
236576.9836 15
236618.6147 11
236720.3183 13
236905.5273 15
237030.5234 18
237211.0147 11
237248.8547 4
237476.8228 13
237558.9309 6
237651.1491 1
237797.8509 12
237894.6635 12
238063.6553 11
238147.9868 2
238277.7861 17
238424.2872 14
238588.4081 6
238784.0981 3
238932.1527 6
239109.2182 18
239139.7123 12
239266.8995 4
239335.8902 11
239452.6157 17
239619.4022 11
239804.2581 16
239983.3707 17
240055.6591 18
240098.2729 2
240278.0836 18
240417.6257 21
240461.9512 15
240661.2518 12
240846.8177 12
241013.2955 7
241150.2755 4
241221.0113 12
241255.6443 12
241399.1376 6
241551.5063 13
241637.1099 1
241724.9993 11
241800.8413 18
241865.9762 11
242059.4871 15
242207.1022 6
242371.1995 6
242547.6526 12
242739.6265 18
242877.5153 8
242935.6241 6
243034.6022 11
243180.7331 19
243281.3239 7
243360.8403 9
243398.1552 14
243549.2672 1
243611.2526 12
243675.3210 9
243726.2740 18
243909.4678 8
244061.1711 4
244148.4125 1
244333.2933 18
244366.7785 3
244445.4505 11
244466.0742 2
244520.3739 18
244703.1623 1
244893.3886 21
245038.8966 8
245159.6254 10
245280.7406 14
245371.6535 10
245517.8663 14
245594.6262 6
245662.7599 10
245686.3353 11
245850.6377 7
245892.2136 11
245943.0186 20
246141.3274 6
246250.6677 14
246341.5894 6
246436.7513 4
246670.9397 14
246886.9274 15
247004.3085 3
247109.2713 11
247147.7700 11
247173.9047 9
247202.3651 1
247407.0793 16
247584.4705 20
247696.1701 1
247885.8928 19
248082.0501 6
248290.1651 17
248405.0936 11
248489.4640 4
248675.0234 12
248849.1049 21
248987.1390 11
249048.4240 9
249214.5707 6
249387.5892 17
249530.7350 14
249596.1416 10
249672.1646 19
249847.2674 20
249993.3067 11
250012.0867 11
250069.4239 3
250221.8045 8
250367.9619 10
250419.6616 14
250635.3918 1
250831.1564 12
250955.5554 14
251021.0022 16
251072.8715 9
251135.4898 11
251237.0215 21
251366.6487 13
251472.5411 18
251536.0867 11
251589.4983 18
251633.9464 4
251875.9477 21
252075.9590 2
252295.1476 3
252339.2910 15
252528.9066 9
252633.5628 10
252703.4675 6
252902.7486 11
252947.3206 2
253125.9683 15
253287.0395 13
253476.9424 15
253520.2229 10
253710.3640 20
253734.8941 15
253822.1955 11
253957.7189 6
254035.5994 15
254196.3250 11
254343.9918 10
254410.3661 11
254551.0271 4
254761.4688 12
254806.4291 19
254895.4545 2
255065.6994 9
255100.7680 11
255291.2367 11
255362.2494 11
255409.4396 13
255506.7813 7
255563.4567 19
255648.9220 9
255704.7548 10
255864.9146 19
255959.1208 6
256025.3645 4
256154.8904 11
256333.1950 13
256411.0742 5
256438.3445 18
256533.8875 10
256660.9742 17
256839.6227 18
256967.0379 12
257048.3581 20
257195.4586 18
257275.0187 8
257400.3405 21
257463.1944 17
257522.1617 18
257571.3219 5
257614.9602 18
257761.0272 10
257959.4651 17
258158.9339 18
258253.2283 12
258347.3895 10
258413.6302 15
258487.2823 20
258624.7815 14
258710.6901 10
258809.1492 8
258954.0953 5
259083.1312 12
259217.6108 17
259420.6357 12
259531.4768 14
259604.4078 11
259667.1813 4
259897.4480 10
259949.7047 6
260021.8492 14
260149.6391 9
260198.8435 5
260386.6125 2
260559.1242 14
260630.6782 7
260649.6189 13
260693.8290 18
260813.6707 16
260959.2949 8
261044.1128 17
261231.3670 18
261386.3315 11
261519.5998 4
261628.3780 10
261807.0324 1
261936.0060 18
262009.8529 13
262204.6679 15
262319.3099 20
262445.0254 12
262464.3468 5
262635.6087 21
262785.4471 9
262890.2210 1
262999.5373 6
263115.7030 2
263290.0441 14
263415.3061 16
263521.6719 16
263637.9406 3
263818.6149 1
263902.1071 9
264075.6106 3
264109.2402 9
264277.2529 15
264435.4923 11
264518.0910 18
264599.3688 20
264795.9539 9
264877.0756 19
265014.3278 11
265214.2705 13
265320.8046 11
265448.6228 11
265487.3621 18
265685.3369 2
265763.1364 13
265813.7696 10
265984.5358 11
266130.9104 18
266223.7810 17
266305.2716 8
266424.7641 8
266610.4920 12
266726.4661 11
266841.4721 6
266951.6562 20
266973.0033 14
267166.6171 21
267209.8731 17
267316.9108 7
267384.8977 20
267404.9744 21
267542.3859 3
267662.0973 2
267747.1563 2
267996.3441 18
268024.8503 9
268047.9064 14
268122.1494 2
268231.3473 19
268288.9184 7
268457.9315 9
268572.5785 11
268714.4399 11
268763.6812 13
268839.2043 14
268896.9369 16
269095.8345 20
269149.6843 8
269241.8785 8
269343.4193 17
269376.5639 10
269583.9849 6
269696.4626 3
269798.4527 2
269948.3506 5
270022.3833 11
270117.0509 11
270320.5409 2
270469.1054 10
270577.9028 11
270711.8115 17
270877.5622 2
271108.0115 21
271285.8994 15
271465.7046 2
271562.3185 9
271705.0539 15
271743.8113 4
271806.9930 19
272009.6321 6
272219.4635 20
272355.0006 16
272556.9315 5
272624.7221 2
272699.3494 20
272838.3967 4
272926.5533 18
273044.6146 2
273226.6512 13
273436.4913 11
273456.5023 11
273595.4099 8
273655.1250 11
273688.5232 3
273784.6673 11
273901.7543 12
274080.2883 11
274102.1025 5
274259.2749 20
274298.3108 7
274402.3064 15
274565.5360 7
274665.2048 9
274820.3845 6
275009.3634 11
275211.1161 16
275270.2184 15
275326.7869 1
275476.1583 6
275560.5673 12
275658.1660 15
275718.1368 3
275930.2088 4
276090.3739 18
276276.9275 9
276385.1869 4
276605.7140 18
276794.8137 6
277027.1355 5
277141.4240 11
277318.1421 12
277470.9170 15
277507.1344 6
277610.4701 12
277696.5989 2
277879.3443 14
277966.5834 4
278091.9052 6
278256.5120 18
278431.9954 15
278586.3938 13
278677.5114 17
278805.6575 6
278880.1843 8
278994.6896 16
279135.5071 11
279326.2776 7
279369.9991 10
279512.4359 9
279658.2839 14
279808.2082 1
279889.2382 20
280008.8425 1
280094.7009 17
280153.4026 12
280311.6624 16
280446.9954 18
280560.7226 11
280609.9919 2
280716.2340 7
280746.0594 12
280853.1807 2
281066.9516 6
281261.6316 8
281407.2605 19
281468.5243 10
281573.9024 13
281605.7595 21
281805.5154 14
281896.6588 14
282097.4819 11
282126.2638 1
282258.5455 20
282455.4384 18
282603.6009 18
282706.1356 6
282956.0304 16
283037.7998 7
283153.7248 7
283254.7248 17
283297.1591 2
283387.2189 5
283421.8284 12
283586.5396 2
283741.2907 11
283866.1699 3
284014.5508 2
284129.7352 3
284259.9354 7
284334.4959 11
284363.7715 13
284519.6968 8
284641.4984 11
284690.8139 12
284713.4681 11
284911.7038 8
285071.5969 19
285216.7791 15
285308.0247 17
285450.6957 18
285506.8226 21
285590.3364 15
285770.4405 9
285880.1081 4
286068.3654 10
286261.6901 1
286366.4793 12
286438.9077 11
286527.5108 3
286678.8759 12
286757.0670 13
286913.8669 5
286990.9764 5
287032.9033 17
287089.0788 10
287174.3282 8
287225.9422 2
287335.2741 13
287476.0532 11
287650.0727 6
287753.9594 16
287860.3178 6
287977.1337 15
288058.8961 18
288253.1015 12
288335.3115 15
288466.8201 1
288679.9321 12
288876.9771 17
288976.6974 6
289115.2641 20
289151.4221 7
289322.3584 1
289406.8321 3
289612.6859 2
289752.0273 17
289799.6975 20
289947.7052 8
290117.0785 12
290308.4004 10
290415.9919 11
290477.9395 11
290648.2086 6
290750.6598 3
290860.5147 12
290898.0125 13
291032.3184 18
291077.7108 19
291203.6842 6
291306.0766 14
291402.9602 11
291469.5846 16
291593.2621 1
291695.1012 15
291817.5256 1
292030.0652 14
292122.2220 1
292290.3968 12
292369.0154 3
292519.7337 18
292609.7630 19
292650.1080 15
292797.0591 12
292993.6977 5
293050.0759 14
293212.5807 16
293264.2696 15
293337.2939 19
293376.1744 7
293441.6274 11
293568.4681 19
293751.5180 17
293824.1661 4
294060.2723 4
294299.4841 9
294501.6364 16
294596.9947 7
294757.5405 16
294821.7713 1
294965.8646 12
295129.0514 12
295254.9817 3
295432.0346 10
295666.2314 21
295742.3246 4
295939.8393 1
296061.6797 11
296129.2531 5
296227.9419 5
296436.6606 15
296460.3537 16
296531.7308 7
296568.6587 13
296733.8560 12
296843.5303 15
297039.5943 10
297139.8531 5
297256.1088 8
297492.8403 6
297549.9579 3
297673.8469 12
297795.4462 5
297914.8500 15
298059.5934 21
298139.7001 18
298235.0676 3
298299.0515 7
298370.1130 18
298398.4712 5
298502.0592 10
298696.2423 15
298882.9825 3
299033.3384 4
299187.5361 12
299236.5000 13
299335.2391 5
299455.5015 21
299628.9279 21
299654.7184 16
299822.4675 13
299952.8559 2
300117.2423 21
300289.0141 11
300482.4208 20
300627.1760 21
300650.6662 11
300765.0295 12
300835.2427 17
300919.6297 21
301028.9126 20
301069.4918 11
301171.1990 12
301346.4464 9
301401.4147 11
301476.6202 9
301647.5799 11
301708.9222 5
301864.6274 11
302052.8018 18
302175.1641 14
302304.5634 11
302494.0448 15
302646.2177 20
302727.8335 6
302876.4792 3
302927.3043 4
303125.8874 20
303247.3053 10
303381.4366 1
303468.5067 12
303570.8391 7
303700.1152 20
303754.7819 12
303880.6745 2
304074.0942 7
304191.4829 19
304353.3419 17
304479.0606 12
304519.5072 18
304557.2123 17
304669.2256 21
304741.7109 10
304825.5766 20
304953.5073 6
305038.1675 18
305144.0013 7
305261.6726 21
305399.4089 8
305584.4909 11
305701.5778 11
305858.6657 14
306032.2741 8
306175.3209 2
306260.1472 11
306412.5419 10
306596.0380 9
306721.7030 18
306878.4630 12
306904.5528 6
307090.2923 6
307228.5625 11
307366.4717 21
307482.9802 10
307582.5749 11
307768.8485 14
308003.6721 17
308182.8177 1
308391.1049 1
308576.5263 18
308624.0592 18
308795.7047 5
308961.6153 12
309106.6734 12
309242.2763 12
309316.9101 5
309443.3324 18
309481.2566 6
309646.0282 14
309819.8003 1
309916.4348 12
310013.2806 11
310151.6691 21
310243.7948 5
310395.5851 11
310499.4380 12
310661.3261 18
310849.6742 2
310977.9906 5
311116.9030 6
311305.0606 13
311495.9269 4
311660.7893 11
311707.0324 16
311863.9485 5
311957.6112 21
312036.7122 9
312121.7318 12
312149.6267 17
312285.5704 11
312452.4775 10
312604.6958 20
312802.3043 16
312890.1075 2
313115.6285 2
313289.2688 16
313482.7562 4
313719.6219 7
313829.7569 18
313939.5411 15
314078.0345 17
314138.0489 17
314170.1464 17
314349.1396 18
314384.2371 17
314537.6114 13
314647.5547 12
314770.9982 10
314817.0986 20
314926.1318 6
315093.6622 12
315191.9367 9
315302.6719 1
315407.6476 12
315449.6277 7
315534.9547 6
315696.9372 9
315856.0914 10
315977.2250 11
316094.6444 3
316305.3212 4
316392.6574 5
316473.1696 4
316593.2325 19
316717.5629 18
316833.6935 11
316953.3179 21
316997.9291 6
317129.7001 20
317252.3973 2
317439.0657 13
317494.4042 11
317606.6975 18
317645.9791 12
317809.7843 7
317886.8728 16
317953.8558 18
318113.7359 17
318140.0571 16
318200.0758 17
318355.5833 9
318530.5634 8
318720.9339 18
318764.0302 3
318837.5716 15
318890.1823 2
319113.2023 18
319295.7335 18
319468.3248 12
319628.8667 11
319753.6220 11
319886.7451 11
319955.3492 17
320076.6135 21
320170.3249 15
320268.7446 16
320356.0395 2
320526.0033 9
320646.6743 11
320810.3649 3
320924.1721 8
321114.3531 20
321291.5666 11
321362.1373 16
321504.2657 7
321682.6469 21
321710.2287 4
321926.2226 3
322057.9672 11
322095.5307 20
322161.5239 3
322306.5261 19
322483.4535 6
322616.9531 10
322805.2003 17
322900.5639 6
322932.0606 13
323083.9083 2
323225.1254 15
323361.0671 12
323537.4103 10
323618.0970 9
323650.9325 10
323684.3181 11
323740.3731 12
323861.0488 9
323882.8414 4
324012.1639 7
324178.5495 12
324302.5250 10
324370.4329 11
324408.1750 9
324562.3401 18
324678.6778 7
324860.6167 15
324886.2947 2
325126.9601 12
325293.6218 11
325324.2217 18
325433.5947 20
325616.2839 18
325772.7368 12
325907.2949 8
325993.5506 4
326147.4804 2
326361.3749 15
326476.8636 20
326516.4197 19
326715.1412 12
326780.0250 11
326931.8307 12
327134.7719 3
327219.2514 13
327350.3006 18
327502.8693 14
327660.8361 9
327841.5887 10
327955.2989 19
328072.9176 7
328222.1862 2
328408.8757 20
328524.2194 10
328552.5624 2
328735.8591 12
328841.5575 11
328886.8399 15
328929.9856 19
329083.1103 12
329158.4638 21
329343.2066 15
329520.0364 11
329612.3469 11
329684.1204 2
329899.4001 9
329952.8857 3
330054.2444 15
330233.1715 12
330433.0264 15
330488.5211 11
330576.9901 16
330608.0151 5
330786.6055 14
331016.9709 7
331139.9574 18
331291.6185 5
331425.5172 13
331542.4842 12
331622.1472 14
331763.7766 19
331806.0851 21
331908.4765 12
331954.7786 3
332022.8833 3
332233.3498 1
332429.6969 5
332605.4165 3
332708.8670 16
332734.8743 11
332753.2803 19
332863.4465 14
332962.6106 14
333153.8642 2
333400.4201 6
333598.6760 14
333652.2157 12
333760.6712 18
333876.7329 5
333974.6537 11
334072.4767 6
334300.8123 10
334475.8303 11
334608.0475 8
334682.3521 18
334830.5841 6
335021.4557 4
335093.8152 8
335281.0306 13
335441.4161 21
335520.4917 7
335713.5006 19
335899.3447 13
336078.6164 21
336175.9275 5
336312.5222 15
336471.9817 4
336580.5866 2
336666.8971 18
336771.5690 11
336864.3623 18
336997.0064 2
337176.8969 5
337291.8242 18
337413.5117 18
337567.3965 10
337597.7817 18
337649.2175 9
337692.0241 10
337893.9602 4
338012.5227 5
338115.8298 1
338249.1644 13
338281.8788 6
338425.1917 21
338519.5728 18
338547.3338 18
338637.7961 15
338703.6220 9
338761.1611 7
338880.5849 4
339107.1631 9
339251.5612 7
339350.4264 8
339436.1218 13
339618.2489 11
339739.5792 1
339883.2417 11
339930.1608 10
339994.2178 14
340142.0544 10
340354.9721 13
340417.0117 20
340599.6253 9
340619.7266 7
340780.3578 11
340853.1414 11
340948.7947 10
341132.3423 11
341301.9229 4
341418.4695 11
341495.4811 11
341556.8330 8
341624.2132 15
341712.4484 16
341821.8413 19
341968.8800 16
342032.1357 18
342102.7254 11
342148.2918 15
342222.5870 5
342269.3604 10
342483.6059 21
342637.4100 16
342672.9800 1
342831.1969 11
342991.6399 5
343077.8891 16
343179.4126 3
343332.6747 12
343422.5029 5
343590.0293 11
343707.4401 9
343748.6115 6
343816.2554 1
343902.3753 18
344013.8856 11
344046.7056 11
344181.2761 2
344281.1991 18
344421.3875 18
344613.0247 3
344821.9774 10
344945.8169 11
344981.0456 10
345029.0733 11
345206.3756 6
345313.5259 12
345490.3326 11
345635.6272 12
345790.9265 12
345847.0726 11
345881.4266 12
345979.7482 12
346015.5350 18
346075.4136 10
346220.4243 16
346361.2166 21
346465.3427 13
346601.6489 18
346656.1418 18
346758.2144 2
346965.4961 6
347073.2245 8
347270.3885 8
347403.8734 10
347556.6354 12
347629.0070 10
347769.0131 14
347933.9457 15
348035.9248 5
348158.6162 21
348188.3250 12
348296.1508 16
348384.4461 11
348561.0895 1
348649.7192 21
348697.7065 7
348898.7265 3
349093.8108 18
349289.6764 18
349476.8047 4
349544.2105 13
349610.2325 3
349706.0131 12
349831.8466 12
349992.1791 12
350013.8013 16
350162.6513 4
350373.7850 6
350481.5428 9
350623.7479 17
350807.3059 20
350857.0472 18
350986.8129 13
351107.3380 7
351146.1335 8
351276.7301 7
351453.4333 21
351640.4875 18
351687.3455 16
351859.4766 19
351947.2218 6
352087.8803 6
352259.9958 17
352326.9837 13
352452.0010 18
352515.3144 5
352701.4886 2
352859.6426 18
352988.3749 8
353088.7601 7
353214.2516 12
353332.2092 15
353527.9542 10
353677.0477 9
353819.0794 12
353958.1941 12
354036.0369 7
354093.9813 12
354234.2083 11
354420.9052 2
354494.0603 1
354651.7284 11
354787.6541 2
354878.7819 6
355110.5422 11
355199.2600 16
355317.3607 6
355538.7057 18
355710.4359 11
355802.7267 12
355881.6493 12
356015.2744 11
356203.6389 3
356270.2673 5
356375.5066 12
356557.3232 12
356703.0288 4
356888.0783 3
356916.9440 14
357122.8395 2
357179.4959 11
357312.2710 21
357351.4917 18
357479.0093 1
357599.8373 10
357696.7578 8
