2959
19147.4356 14
19368.3531 2
19562.4360 13
19707.1155 2
19867.7940 3
20036.4615 13
20102.9500 9
20295.0002 9
20324.5998 7
20492.9471 11
20671.5392 4
20879.5954 10
21085.5687 8
21301.2770 5
21394.4767 19
21560.5147 11
21585.5851 5
21731.7121 11
21874.8004 12
22041.9680 16
22090.1375 12
22279.3657 18
22408.3679 5
22477.9013 8
22602.2171 14
22788.6205 15
22963.0582 21
23092.3284 5
23255.8252 17
23351.6620 15
23492.2094 3
23671.5743 2
23879.2234 10
24069.4580 18
24119.0811 13
24238.0993 12
24360.7780 21
24493.8750 7
24617.9350 6
24873.3569 12
25040.6990 12
25098.7588 10
25271.3622 18
25425.1170 19
25500.9820 14
25599.8123 8
25806.7611 2
25991.7175 12
26184.2728 16
26380.6454 13
26491.4341 2
26656.6407 21
26832.5484 11
26928.8426 16
27022.0286 16
27120.7155 7
27308.9308 5
27519.2544 5
27622.7208 11
27780.5717 17
27805.6137 21
27966.0697 11
28141.6828 13
28332.5232 5
28544.9386 6
28631.8305 11
28761.3037 1
28822.0492 11
28875.8480 12
29002.3592 14
29167.2652 12
29354.5966 4
29451.1725 17
29555.8488 8
29649.0025 4
29717.5069 10
29931.0576 17
30012.7813 13
30184.4355 18
30256.7285 13
30432.4066 6
30638.9256 16
30673.9723 6
30846.6456 3
31041.8872 11
31195.8556 6
31357.4470 12
31542.5612 18
31656.3257 12
31725.2366 11
31888.0885 16
31961.0361 15
31979.9018 18
32110.0705 6
32244.6855 18
32409.9749 14
32486.0348 18
32613.1621 10
32684.5628 18
32767.4028 16
32918.1418 11
32999.6373 1
33033.4754 12
33142.4762 3
33259.8484 4
33329.2411 1
33389.2698 14
33446.3874 11
33612.2776 21
33759.2221 5
33936.3198 18
34130.3263 1
34240.1831 15
34366.4333 12
34538.0231 1
34619.1202 17
34706.9236 19
34727.4156 3
34913.1834 14
35154.7922 4
35375.0164 21
35522.1827 12
35704.3428 1
35874.9352 11
36052.4620 4
36272.0726 14
36377.3023 12
36400.1925 21
36534.5932 12
36677.0220 15
36710.2013 1
36804.9961 12
36857.1764 8
37013.8453 14
37225.7120 18
37334.2139 12
37488.7427 20
37624.6492 15
37742.2998 9
37838.7666 11
38020.9582 21
38151.6916 2
38368.1435 2
38558.7527 16
38670.2119 12
38752.2904 4
38845.0601 20
39003.9376 21
39158.0114 18
39180.8474 15
39249.4709 1
39411.4872 10
39637.0123 5
39686.0465 9
39816.9194 20
39851.8912 12
39872.2813 16
39978.8908 13
40156.3960 1
40287.0737 12
40316.5069 21
40432.3199 1
40499.7282 12
40580.6761 11
40650.3285 9
40688.7360 16
40714.0700 15
40797.1488 18
40979.2359 20
41050.8142 16
41135.8166 6
41272.8432 1
41355.7143 19
41389.5311 13
41498.5762 10
41565.5469 8
41716.9451 15
41805.1355 15
41872.6873 9
41893.5783 19
42087.6304 21
42221.0713 3
42322.9400 8
42509.4127 20
42561.0568 11
42690.3851 19
42739.4076 10
42805.8894 11
42975.7548 18
43032.2838 5
43130.8353 13
43266.6960 11
43355.2034 5
43420.6610 12
43581.5277 16
43761.0399 18
43845.4840 12
43996.9535 18
44161.4976 6
44239.4351 8
44455.6196 15
44622.4867 18
44810.2716 5
44913.6478 5
45045.1453 17
45114.2435 18
45315.7344 20
45421.0783 14
45546.0734 16
45623.5356 10
45762.9873 1
45898.1998 4
46080.0695 12
46132.1332 10
46337.9171 18
46519.5493 7
46663.1352 19
46855.4374 18
46898.3978 18
47012.0343 21
47166.8309 15
47316.8131 7
47501.8034 8
47583.2490 6
47635.6810 18
47688.5367 19
47747.7839 12
47887.7968 10
48047.8177 11
48166.3236 5
48324.3955 11
48366.8468 11
48499.2374 11
48656.3758 16
48831.0095 11
49011.4819 2
49124.5352 15
49295.2081 6
49404.5909 12
49427.1387 21
49599.2856 12
49791.3255 4
49925.2779 15
49958.3035 4
50087.9754 18
50273.0250 15
50312.1517 12
50390.9081 12
50578.0569 3
50780.2060 21
50978.1709 11
51066.8773 9
51173.2252 1
51371.8789 18
51543.4051 10
51695.2351 17
51802.9370 10
51886.2455 17
51991.4246 16
52048.2399 20
52132.1311 11
52243.1483 4
52362.2096 20
52406.1625 20
52545.0673 15
52590.0726 15
52689.5384 17
52872.5534 3
53022.9686 3
53058.8271 8
53175.2320 11
53238.0630 21
53438.5479 10
53495.4063 21
53559.7514 18
53651.2850 19
53707.5539 6
53781.4924 5
53829.7659 7
53885.5076 11
54028.3666 14
54237.1793 18
54284.5418 10
54344.8971 2
54514.3096 9
54543.1807 5
54711.1022 13
54746.3426 19
54808.0460 9
54944.1043 20
55008.1577 4
55254.0479 18
55378.2714 3
55547.1934 20
55677.2305 15
55850.3922 11
56002.8503 4
56206.0364 13
56398.0902 21
56551.5123 11
56747.8769 11
56863.0234 16
57053.4679 13
57250.0484 9
57357.8123 19
57453.8370 11
57514.3300 5
57591.2654 18
57737.1206 17
57828.5879 8
58001.2483 18
58033.4711 4
58227.6406 11
58343.5568 5
58401.5705 15
58440.9796 14
58661.0966 7
58866.7333 12
59028.7911 14
59143.3015 17
59218.3001 9
59324.4621 11
59376.7652 16
59465.8723 15
59613.9178 14
59741.2011 13
59861.1583 4
59905.5929 3
60080.3385 4
60221.2745 6
60441.3701 1
60546.8393 14
60668.4196 11
60759.2748 21
60922.2973 8
60973.5829 11
61172.1868 11
61360.8318 7
61502.8997 12
61581.7112 12
61707.3684 19
61848.7151 20
62035.1529 15
62151.6610 13
62204.6791 6
62371.6433 3
62409.4498 17
62479.7229 16
62532.1918 11
62581.4441 6
62706.2888 4
62897.6140 7
63065.6424 11
63148.0966 20
63291.0688 19
63353.6498 9
63514.2762 2
63631.0380 19
63733.5928 11
63813.0363 12
63862.0230 4
63930.2340 8
64054.6560 4
64179.4239 12
64329.3636 2
64492.8945 12
64644.6632 18
64843.4287 11
64983.9494 4
65219.5756 4
65400.2447 18
65458.8297 11
65613.0174 13
65708.1040 19
65843.3167 1
65883.8058 18
65914.3850 4
65972.4656 18
66075.7525 10
66123.7954 11
66166.9177 14
66307.7833 19
66498.5932 13
66685.2993 5
66883.0496 9
67019.2716 18
67203.7301 10
67366.6013 3
67518.4058 21
67557.3550 4
67735.3155 20
67907.7732 2
68090.8581 3
68225.2237 18
68377.6312 20
68520.1265 15
68642.3565 18
68817.4595 16
68875.3606 9
69018.5373 11
69220.7528 20
69329.5355 3
69419.7976 10
69587.2166 5
69713.1079 12
69816.0005 13
69989.1304 21
70186.9188 13
70316.8655 13
70435.7901 11
70614.6168 16
70773.7757 2
70857.1792 20
71023.0298 11
71075.9234 12
71242.6118 15
71390.5169 14
71463.4670 17
71534.4071 12
71624.7684 21
71696.0167 19
71882.8663 20
72031.8610 15
72057.2119 16
72191.2379 5
72373.5347 16
72522.3447 17
72595.6926 3
72702.8449 2
72815.3776 17
73014.6960 7
73092.4490 17
73273.2709 6
73343.3645 2
73460.6363 1
73559.3789 18
73578.6277 20
73764.3185 16
73806.8736 12
73981.6426 18
74177.2178 21
74258.4326 18
74456.3674 7
74502.6128 16
74597.9875 18
74700.1935 21
74727.2889 6
74857.7181 11
74987.3413 20
75160.2955 20
75248.1135 18
75403.4363 19
75439.9831 4
75677.5797 11
75702.6436 5
75845.0899 20
75914.6600 11
76104.3779 19
76293.2329 14
76437.1540 16
76627.3376 13
76684.1890 17
76721.6867 8
76830.2997 9
76915.5328 5
77071.5960 21
77192.8884 10
77367.8712 21
77532.9371 1
77572.8070 13
77665.9059 17
77779.0846 5
77887.5733 2
77968.2992 12
78073.4201 14
78272.1633 21
78396.9649 13
78463.5535 1
78520.4576 17
78643.2993 19
78770.5299 15
78803.3884 15
79007.2077 8
79144.2558 17
79331.6088 7
79511.3291 15
79677.8324 6
79712.8991 13
79879.0789 7
80054.8854 10
80210.4277 10
80281.6324 7
80422.4565 15
80532.7624 11
80600.3880 18
80670.2596 15
80851.1424 9
81021.4053 11
81201.1496 18
81311.0309 11
81461.1572 12
81622.3102 4
81722.2220 14
81853.9452 1
82058.4801 11
82209.3105 3
82419.2436 11
82579.0034 21
82731.0634 8
82783.2820 2
83003.4662 2
83223.7024 20
83365.8932 5
83486.3247 17
83614.3207 15
83700.2130 18
83780.7906 18
83871.5418 3
83908.7909 11
84085.9044 11
84144.6462 9
84288.2222 21
84394.7463 12
84486.1436 19
84669.2289 13
84814.8355 2
84888.1941 20
84929.6900 15
85107.9637 9
85285.1995 7
85454.4492 12
85555.0294 1
85705.6753 11
85798.1324 9
85889.9250 16
85959.6926 2
86036.3898 3
86121.1710 2
86335.0082 5
86414.1083 10
86625.7499 8
86756.2258 17
86818.9361 9
87004.9821 18
87063.6966 6
87106.7065 8
87270.9555 21
87295.8919 18
87491.3610 21
87558.6552 2
87705.8416 18
87852.4535 4
88075.5794 12
88131.7465 7
88182.4380 20
88330.3169 5
88457.1749 4
88539.7250 14
88651.8647 8
88715.4063 5
88857.7266 1
88941.0862 11
89063.9976 13
89122.9166 18
89190.4089 10
89294.3408 1
89431.4600 12
89609.4303 13
89760.5807 9
89872.3904 14
89938.8314 2
90030.1855 5
90077.9451 10
90146.8169 17
90290.9615 15
90399.0277 4
90508.4297 19
90650.8741 18
90793.8336 12
90918.3970 8
91058.3504 12
91214.1377 15
91344.6148 21
91545.2298 2
91699.1307 8
91756.1754 18
91915.4658 5
92003.1009 8
92119.8873 15
92299.1363 14
92500.9593 12
92640.8179 12
92672.8006 4
92739.9176 7
92860.7406 8
93042.3894 12
93199.9679 15
93345.6134 18
93426.9126 13
93582.7136 18
93708.4764 1
93885.6299 18
94000.8732 9
94053.3913 11
94088.8566 10
94207.8287 8
94275.4549 18
94338.6974 11
94375.1708 20
94494.0904 7
94682.8159 5
94833.2214 21
94888.1238 11
95092.2249 17
95144.9492 18
95240.1550 20
95395.4033 3
95500.3446 12
95567.0348 20
95697.9254 11
95819.1738 1
95967.7233 13
96017.4318 14
96101.0916 2
96171.2653 21
96356.3878 18
96501.5849 9
96614.7278 14
96784.6860 5
96968.8574 18
97141.0597 11
97230.6489 9
97376.5933 21
97400.4923 12
97565.2091 11
97597.8210 11
97757.5470 9
97921.4590 12
97943.6021 4
98037.0490 13
98205.6585 4
98302.3380 19
98338.9333 3
98441.0525 11
98590.2160 13
98781.3295 8
98862.4893 4
98954.3992 12
99129.2521 6
99336.4334 8
99550.4431 5
99693.3633 7
99778.2944 13
99855.9420 12
100004.8311 1
100216.3530 11
100350.8150 2
100560.4854 11
100634.4588 18
100686.7616 2
100855.2281 17
100931.3939 21
100965.7368 15
101094.4519 16
101172.0254 21
101337.8836 18
101427.1462 11
101485.7411 8
101709.0821 12
101856.4940 15
102000.0336 14
102213.0634 18
102352.5099 18
102513.2758 7
102634.4155 18
102744.9623 1
102883.4964 18
102967.2203 5
103123.5638 5
103272.6946 15
103460.7411 11
103640.3680 2
103828.8154 15
103986.9273 13
104045.8839 11
104168.6384 8
104280.1815 11
104374.1882 19
104521.6887 3
104554.3474 14
104627.1210 3
104763.9769 12
104838.2618 7
104878.9747 11
105069.6703 21
105156.3399 10
105232.1027 11
105412.1026 20
105616.1050 12
105664.8481 7
105757.9732 19
105782.5291 11
105808.8758 18
105970.6571 12
106029.7307 14
106099.7451 16
106271.1095 11
106304.4709 17
106485.4500 21
106569.0243 11
106704.4581 12
106771.8855 3
106867.3011 14
107033.8776 12
107218.0510 8
107387.6568 19
107560.0273 4
107704.3380 11
107837.1295 21
107964.3595 9
108081.4082 12
108134.2508 19
108212.9120 18
108366.0404 12
108555.1091 6
108683.8357 3
108733.2584 10
108910.5085 7
108971.0168 19
108999.8540 15
109035.1174 21
109076.9630 8
109178.4078 4
109255.0804 1
109453.6086 5
109649.8125 2
109856.0856 15
110020.8931 10
110237.1755 16
110392.7844 2
110532.8547 13
110589.8864 4
110668.0534 15
110742.5755 4
110800.7034 6
110862.2924 10
111062.6279 15
111166.9346 15
111348.2779 2
111586.9790 11
111657.3441 7
111799.2601 14
112002.1199 1
112116.0691 12
112276.0421 7
112397.9105 11
112490.3760 18
112628.8370 21
112680.9844 5
112730.6679 5
112782.4995 3
112927.7177 21
112996.7886 2
113132.8001 2
113195.0797 20
113237.1735 13
113412.9326 16
113481.0497 5
113645.0167 1
113753.9009 5
113793.8880 9
113956.8976 3
113984.7002 19
114132.6761 12
114163.5493 21
114213.8511 19
114236.2462 17
114312.9995 13
114368.7096 1
114497.6063 10
114653.4161 21
114756.1559 14
114890.7634 12
114975.5686 10
115085.9776 6
115248.2829 12
115308.0984 3
115417.0511 18
115537.3661 9
115598.3889 20
115637.0750 1
115695.3981 12
115826.3074 18
115910.9823 5
115962.4056 12
116137.6644 3
116176.1228 11
116344.7859 9
116370.0813 18
116392.7188 10
116540.6807 12
116675.7049 11
116863.9478 4
117109.2641 16
117301.7042 5
117394.3054 18
117522.7251 15
117572.7459 12
117778.4292 15
117896.9550 8
118126.3386 7
118312.8687 11
118501.4628 11
118598.9684 7
118752.7313 20
118872.1027 18
118934.9069 13
119014.7608 17
119145.9809 11
119311.0878 2
119505.4916 2
119597.2049 18
119650.5203 10
119853.3384 14
120072.7161 3
120233.4983 11
120337.8108 12
120524.2089 9
120666.9993 13
120769.1903 21
120972.7667 5
121001.7590 15
121092.9136 20
121112.1556 1
121294.1881 14
121424.5786 9
121545.3129 7
121580.7063 21
121722.4696 1
121934.7487 6
122036.8733 1
122105.1801 21
122243.9889 12
122337.2132 14
122552.0788 13
122602.6080 8
122715.2109 12
122837.2318 16
122879.1647 11
123076.2356 5
123168.4000 2
123283.4297 1
123450.5471 14
123520.7702 11
123619.3775 12
123818.1517 3
123949.2764 13
124007.8418 12
124139.2886 6
124279.9006 18
124374.3050 7
124532.6051 8
124632.0202 18
124763.0392 11
124793.4369 18
124837.3868 6
125045.5845 1
125234.6662 10
125319.3379 19
125364.7949 12
125404.9283 14
125451.7470 7
125499.7693 13
125662.8743 11
125720.9741 1
125797.4159 12
125868.1149 9
125977.4430 19
126130.9042 16
126257.0713 5
126460.5879 18
126479.5641 21
126600.3280 9
126719.5136 8
126910.5373 14
127124.9018 12
127202.4092 10
127344.7550 9
127414.6175 11
127522.5585 6
127606.4167 16
127703.9288 18
127828.9920 11
127853.3047 7
127948.9324 2
128080.4419 17
128136.0190 11
128209.0777 5
128310.0710 1
128494.5757 7
128542.3897 20
128633.1810 19
128734.8348 2
128802.6523 11
128928.6066 4
129123.8908 11
129165.3416 7
129289.5068 18
129443.4873 10
129505.2744 7
129556.2986 16
129663.0347 15
129784.7989 5
129834.4235 11
129963.2910 7
129989.6482 1
130088.4164 14
130298.3067 12
130403.3575 10
130557.8041 7
130597.5612 9
130756.8660 18
130794.1427 14
130918.7859 12
131013.3639 21
131219.3063 12
131253.9842 15
131379.0381 15
131407.0553 18
131501.9686 11
131575.0277 21
131769.0985 2
131961.0193 16
132075.1697 12
132229.1988 13
132400.5338 20
132437.4033 11
132534.3105 20
132718.2424 18
132780.6989 15
132820.4333 15
132856.0093 7
132969.5953 19
133032.6808 13
133133.7255 3
133206.3921 11
133376.8819 9
133580.5098 8
133699.0257 18
133784.6199 11
133966.5930 2
134192.0111 11
134255.2055 21
134308.5156 17
134352.4643 7
134519.5428 9
134662.6355 16
134752.7600 15
134795.4758 5
134879.1427 11
134940.2361 3
135136.9886 1
135230.7416 18
135408.5073 13
135600.9685 3
135655.5353 12
135716.1399 6
135897.9015 3
135946.7899 21
136019.5347 18
136113.2453 11
136134.8281 11
136263.0670 1
136332.6277 11
136421.7342 2
136571.4648 6
136669.0234 11
136803.7440 1
136841.7849 2
137000.2622 5
137092.3446 19
137287.1355 15
137347.9298 12
137411.8248 21
137491.7510 10
137548.0127 14
137706.8212 7
137796.0099 2
137919.9074 17
138110.0382 20
138137.5895 8
138260.1079 7
138355.6622 19
138441.7877 14
138575.5222 6
138689.3366 12
138890.6402 16
138928.3829 18
139103.7165 19
139129.1016 6
139305.9858 11
139352.5046 18
139400.1716 6
139639.7344 12
139665.1841 11
139709.5162 12
139905.8058 12
140046.0536 9
140220.0513 16
140413.0452 12
140524.9415 8
140589.2230 11
140664.6886 13
140839.4206 21
140948.0347 21
141083.7992 3
141266.3363 6
141294.8800 8
141467.6782 2
141664.2488 1
141809.3559 3
142016.7702 6
142077.1210 14
142313.8547 18
142445.1440 17
142581.3149 11
142674.6789 8
142853.5857 13
143009.8648 20
143098.7575 11
143139.0942 8
143190.6340 12
143392.8731 3
143532.3991 15
143588.4163 20
143667.3445 14
143761.6774 18
143895.8616 20
143931.7940 13
144125.9315 13
144329.0875 21
144376.8966 13
144572.0755 11
144771.3395 13
144855.3274 17
144979.9230 3
145037.3523 4
145242.8488 3
145292.2155 21
145496.6891 2
145649.0280 16
145686.0947 7
145805.6370 16
145916.2834 7
146023.4051 4
146269.7672 1
146418.4603 16
146468.7832 11
146497.6936 15
146599.0214 16
146781.6425 12
146810.2253 13
146921.5333 3
147095.4091 18
147167.3939 21
147329.5070 1
147462.2207 18
147483.0149 18
147607.3367 7
147648.5736 7
147842.6910 12
147874.4631 14
148006.6916 2
148224.4515 4
148337.0732 11
148444.4258 12
148533.7303 9
148580.7433 8
148654.2723 6
148746.1792 12
148834.1049 16
148981.5307 12
149095.9903 11
149200.5668 16
149302.2636 8
149435.5446 12
149517.7559 13
149656.8723 20
149788.1591 21
149964.0092 1
150101.1417 13
150129.9848 2
150292.2595 20
150457.6990 17
150641.6596 2
150862.9079 3
150918.3748 11
151053.9463 19
151250.3918 18
151295.0316 3
151416.0174 20
151457.0490 17
151599.5768 5
151771.8969 16
151840.8542 11
151913.2557 20
152056.1489 6
152137.7119 2
152294.9019 2
152428.9677 12
152612.4341 12
152794.3513 19
152867.1446 11
152995.3679 7
153156.9067 5
153293.8008 12
153484.9662 12
153619.4525 12
153811.2855 5
153910.1230 19
154080.6777 2
154279.1601 9
154320.9096 3
154381.5251 11
154456.0176 21
154537.5233 16
154601.3610 12
154763.0390 10
154917.5024 20
155108.0694 1
155171.4219 19
155277.9537 5
155430.8730 5
155555.3000 12
155609.4202 12
155633.4674 11
155770.2725 15
155850.7906 21
156004.8352 19
156125.7670 2
156263.2740 12
156415.7861 5
156577.7857 20
156652.7294 11
156754.6103 15
156810.5423 4
156991.3232 1
157092.3886 6
157339.5323 10
157407.7568 17
157574.3453 11
157676.7389 4
157870.6724 5
157960.3702 7
158079.9025 7
158128.0616 1
158244.2795 11
158338.9439 17
158469.8845 11
158531.3706 21
158671.2402 14
158909.7302 11
159106.6747 5
159237.7648 6
159286.6939 15
159408.7327 11
159613.5057 18
159632.4899 18
159705.1952 15
159819.9347 14
159980.7165 5
160017.2593 4
160200.0312 19
160302.1714 6
160441.6096 21
160639.1668 12
160671.7735 19
160852.2026 16
160977.4017 18
161152.1740 4
161338.9321 18
161469.7840 18
161576.5455 7
161607.3258 7
161693.0094 21
161760.1670 12
161785.3275 1
161821.9660 12
162017.8672 4
162127.0896 8
162365.6804 21
162506.5913 15
162657.5019 11
162746.0668 1
162881.8289 11
162990.0685 11
163145.9541 8
163205.5389 14
163361.5860 11
163504.6698 8
163640.9672 13
163814.4526 4
163972.2927 12
164026.0135 7
164201.4629 3
164318.6519 15
164451.0604 16
164626.1753 11
164675.9637 12
164710.8107 14
164907.9284 11
165053.1385 16
165078.2161 18
165128.8904 12
165256.3128 10
165457.1914 12
165608.3980 4
165815.8052 11
165901.1571 12
166035.2804 7
166061.1219 14
166213.2703 14
166290.3402 4
166411.0614 7
166476.6210 11
166597.7241 11
166624.8918 14
166679.0287 15
166868.8698 6
166966.9827 10
167217.3160 12
167412.5980 13
167528.0186 1
167741.2771 8
167931.3698 11
168010.5826 1
168224.3516 14
168348.8185 9
168463.4757 16
168503.1613 4
168561.9800 20
168668.8114 8
168785.4804 10
168902.6561 12
168951.3224 17
169145.1778 18
169344.2598 1
169414.3412 11
169480.1152 12
169500.4055 4
169694.7989 11
169724.6820 19
169878.4242 17
169928.6880 13
170034.7073 8
170216.7381 12
170251.6999 9
170325.1784 9
170489.2102 19
170638.2776 8
170844.7881 9
170962.4329 4
171063.5573 14
171152.3451 1
171276.6151 17
171308.1866 13
171487.2951 8
171557.8432 8
171633.6655 11
171769.0444 2
171854.6178 9
171979.6228 1
172035.2759 11
172154.6355 20
172262.6926 3
172305.8978 2
172383.1015 17
172514.4721 21
172594.6453 12
172761.9886 14
172911.0556 20
173073.3261 17
173104.7499 20
173144.5878 9
173265.2555 8
173443.2850 20
173630.2387 11
173813.7635 13
174003.2625 11
174113.9465 10
174160.4822 3
174362.3125 16
174400.8583 7
174574.8047 11
174624.4584 8
174842.8091 5
174961.5583 1
175107.4496 11
175196.3924 18
175346.2805 5
175499.3317 15
175540.7128 1
175717.2843 9
175891.2878 4
175950.9817 17
176036.0217 17
176141.3729 4
176297.7856 16
176445.4114 9
176583.1501 11
176743.8832 17
176855.5019 11
176984.4781 5
177085.3762 21
177149.7436 13
177204.4405 6
177392.0753 17
177572.6860 21
177630.4540 13
177816.0840 1
177928.4946 11
178111.1522 9
178159.6405 4
178372.8664 15
178515.2406 10
178576.2293 9
178736.2935 9
178856.5048 7
178968.5281 3
179056.7824 18
179084.5993 12
179280.8192 18
179315.7040 13
179506.0225 15
179576.3975 21
179774.9194 12
179975.3053 12
179995.9101 11
180132.1838 12
180236.3344 3
180353.2531 13
180470.6550 3
180618.7961 2
180710.4248 19
180890.8437 15
180927.5332 5
180957.0552 21
181148.3877 18
181254.1246 9
181368.1062 12
181420.1236 13
181503.0475 21
181641.1290 3
181684.4680 11
181869.4633 9
182054.6491 17
182251.6828 11
182398.5110 18
182505.0003 1
182654.5794 15
182843.3416 5
182969.0207 12
183141.2288 10
183176.3701 9
183301.9248 18
183369.1977 14
183503.0328 12
183696.1612 18
183717.8806 9
183828.3274 1
183897.5094 17
184022.0191 14
184124.3360 19
184194.0395 10
184395.8909 12
184492.3927 21
184620.9917 9
184775.0987 16
184901.7449 21
185008.0837 3
185145.2579 9
185293.9190 19
185463.2385 4
185663.5962 12
185708.2298 11
185736.4318 11
185831.8953 15
186005.6216 12
186067.5072 19
186098.6565 13
186181.4238 16
186363.9103 1
186521.0142 10
186722.1798 12
186879.3652 15
186918.8872 11
186955.1158 3
187046.7883 11
187232.3622 15
187338.8568 19
187471.4243 18
187668.0485 12
187784.1273 15
187820.9776 21
187902.5863 18
188046.7696 18
188143.6201 20
188188.3075 12
188306.4951 12
188446.4986 16
188480.9598 5
188619.7288 20
188644.9989 5
188818.3076 19
188964.0284 3
189034.5736 15
189147.9903 11
189312.3438 21
189464.4371 9
189556.1067 10
189766.2169 14
189822.5627 4
190003.5106 15
190142.9931 4
190313.4153 9
190357.9805 19
190446.3988 11
190619.1587 2
190846.9494 5
191041.3499 12
191101.0351 10
191165.6940 1
191357.2932 4
191438.7660 15
191543.8886 17
191660.9232 13
191845.7137 12
191987.2030 18
192062.8806 4
192190.4239 12
192320.3421 12
192367.8501 11
192411.1633 11
192555.0642 8
192654.8649 3
192849.7434 7
192919.2851 8
193105.7150 11
193164.5186 11
193312.5060 21
193397.0918 16
193523.9714 8
193641.0603 5
193817.5792 6
194041.1008 4
194230.4684 13
194269.8516 2
194385.1091 6
194590.5449 11
194775.9124 7
194895.9279 21
195045.0863 8
195115.6988 11
195311.4183 15
195369.8512 20
195509.5200 7
195637.2209 16
195771.9519 21
195959.6720 9
196051.3674 16
196191.1293 11
196366.1417 6
196510.0605 7
196684.5187 19
196865.6722 10
196960.4046 17
197047.5689 4
197163.1439 17
197184.9401 11
197248.2909 18
197386.2804 9
197511.8770 3
197595.6698 12
197700.3453 15
197884.1130 9
197941.4007 8
198023.1903 11
198150.6028 11
198294.6153 12
198330.3918 3
198413.4159 9
198442.7045 13
198560.8741 12
198752.4223 2
198976.1248 21
199000.3185 9
199147.6148 16
199210.9577 21
199392.6757 1
199472.8170 11
199635.9753 18
199666.2690 16
199829.7271 18
199996.7629 16
200191.8735 2
200271.1619 5
200467.1712 16
200652.6226 17
200683.0304 12
200739.8644 5
200839.7460 1
201039.3521 17
201201.8023 15
201285.9555 7
201329.3234 14
201448.3059 13
201496.9291 10
201702.2160 7
201842.5997 6
201983.4753 11
202034.6996 10
202176.0971 17
202210.2455 16
202311.3271 8
202516.1490 17
202562.5717 20
202689.1945 14
202775.5680 12
202822.5726 6
202956.2312 17
203144.2787 3
203195.8567 17
203300.5268 14
203526.3045 11
203706.7093 11
203733.4951 12
203917.5914 14
204140.6451 2
204200.5330 17
204220.1808 6
204332.1944 11
204447.1795 7
204645.7039 18
204699.1472 16
204794.7034 10
204922.1662 4
205023.2477 15
205226.0733 19
205371.2840 2
205497.2707 12
205573.0683 13
205735.0227 7
205808.3505 4
205952.2060 4
206096.8478 13
206171.3413 12
206278.2896 13
206446.3592 8
206504.0656 5
206615.1136 3
206661.1804 2
206847.2255 6
206981.4930 11
207038.0199 2
207265.7246 15
207336.2236 4
207403.9368 7
207574.0653 14
207630.6146 18
207813.5065 10
207899.9482 19
207924.2674 15
208018.1183 12
208156.1561 19
208320.6138 14
208409.6815 3
208440.5284 11
208626.6215 15
208696.8505 17
208874.9393 20
208984.9109 4
209046.0006 20
209105.0133 11
209135.1129 12
209329.4169 14
209450.4473 12
209510.1942 9
209667.0573 6
209880.4786 10
209965.2297 14
210124.1343 6
210228.0095 15
210329.6087 8
210515.7445 11
210706.0971 17
210762.1645 15
210943.0929 14
211004.5534 15
211128.4942 11
211230.0190 19
211349.3536 12
211505.0507 19
211595.1606 10
211646.9591 3
211798.0440 12
211875.2965 11
212048.8787 10
212111.6600 10
212224.0593 8
212461.7345 14
212587.2983 5
212768.4249 11
212852.5696 10
212997.5936 12
213049.1749 11
213138.3406 12
213325.6734 15
213444.8418 2
213692.3040 14
213861.2945 21
213949.0721 18
214005.6915 14
214104.9020 9
214158.0329 11
214208.1472 17
214234.0148 8
214332.9436 8
214547.5011 16
214574.6567 10
214681.2666 18
214809.2574 14
214956.6659 1
215125.5877 6
215205.6166 15
215263.2607 7
215289.9364 7
215384.1853 1
215554.5714 19
215678.1843 4
215744.3067 8
215847.5434 5
215879.9386 21
215947.4710 18
216141.1192 10
216358.1546 18
216459.8083 12
216608.0382 11
216796.1171 11
216891.7987 11
216968.6844 16
217126.8355 15
217292.7504 12
217468.9140 12
217490.1601 7
217661.4809 1
217727.4156 8
217907.3915 12
217986.9988 7
218013.4764 19
218177.5915 11
218257.9669 2
218510.0454 11
218542.9638 10
218592.2032 16
218708.9468 9
218910.1514 11
218979.8510 7
219131.9290 6
219369.9582 15
219478.3213 9
219636.2434 18
219797.7997 9
219843.4656 19
219906.1483 5
220018.4199 13
220210.9267 15
220390.5684 19
220541.0019 21
220622.1717 13
220733.9643 5
220856.1953 12
220911.1179 11
221020.8630 20
221175.2526 4
221284.5622 18
221455.5224 14
221525.9450 11
221668.3392 15
221801.9852 15
221868.5917 10
221982.5311 11
222110.9633 8
222292.7579 16
222344.3394 2
222458.4873 15
222558.8150 19
222608.2397 9
222707.5489 11
222843.6520 5
222989.8625 4
223157.7103 12
223340.5823 3
223536.7327 18
223590.5170 9
223618.7132 7
223709.3289 5
223901.4750 11
224083.2737 19
224280.7088 17
224381.4855 10
224553.3255 17
224585.2010 11
224782.6027 11
224984.1053 17
225163.3171 1
225200.0213 19
225249.9942 8
225456.8019 9
225626.8756 14
225836.6214 5
225966.7322 8
226118.2303 12
226173.9132 17
226341.4766 12
226437.7435 7
226643.2717 20
226706.2741 11
226789.7351 10
226984.7581 15
227110.1353 11
227211.5948 16
227240.0583 6
227491.8456 1
227662.4301 12
227690.8361 20
227881.8211 9
228078.5515 18
228155.4551 6
228384.4761 18
228517.8697 6
228749.4358 8
228972.6722 11
229157.2101 12
229323.8196 21
229353.3367 11
229373.3151 15
229423.9894 18
229476.2133 18
229556.9640 8
229785.3459 11
229892.3095 1
230021.2585 11
230128.4081 5
230328.7384 3
230434.9120 1
230638.8931 20
230761.1288 16
230832.3322 18
230981.3433 13
231172.8895 9
231276.4494 3
231415.3454 19
231491.5586 9
231657.1875 12
231693.6372 18
231790.2724 18
231835.6083 8
232006.2913 3
232063.4213 13
232130.5077 12
232201.4930 2
232315.7937 2
232445.5716 15
232638.3845 12
232815.0428 11
232837.9611 4
232920.1138 6
233132.6014 13
233215.8061 21
233304.2198 12
233338.8662 14
233516.2013 3
233600.7493 9
233621.5431 12
233735.9873 12
233875.9093 2
234118.6483 10
234348.9155 7
234510.0834 3
234550.2665 5
234669.6707 18
234821.4490 11
234927.0916 4
235010.4096 7
235092.7365 17
235193.7642 10
235384.5285 9
235545.5696 20
235613.2904 3
235754.9050 21
235837.2056 11
235898.2080 21
235977.7923 3
236028.4516 4
236101.3260 18
236139.7305 4
236237.8700 8
236423.1621 7
236586.7865 12
236668.4793 15
236842.2843 18
236908.4517 17
236959.5680 21
237091.2737 11
237258.7847 18
237392.8237 15
237414.9163 3
237577.4326 9
237660.2707 14
237830.7198 12
237928.8052 12
238036.2623 11
238214.4302 9
238383.5975 19
238563.9899 7
238701.2159 8
238895.2448 5
239044.2722 11
239151.7435 17
239202.0612 5
239275.5211 14
239425.1109 18
239496.0196 21
239520.7414 11
239595.8670 9
239747.7494 12
239788.3555 15
239880.5165 19
240037.1346 2
240283.3098 12
240365.3051 1
240507.1897 16
240588.3473 12
240765.3695 5
240934.7456 15
241036.0270 9
241101.5418 7
241173.6517 4
241329.0630 19
241492.7195 14
241620.6390 15
241752.7634 12
241844.0201 20
241982.3260 9
242073.6810 15
242273.3144 3
242358.5765 12
242424.3919 11
242567.4107 19
242658.1948 4
242710.6413 12
242764.2025 11
242906.1457 18
242951.9048 15
243130.8789 5
243202.1660 15
243386.3803 12
243524.3973 17
243626.6375 9
243698.3036 7
243820.0610 6
244011.9551 21
244167.7056 11
244293.2098 14
244477.7000 18
244516.9906 11
244689.4746 12
244761.5231 16
244949.0074 11
245086.5839 9
245117.7578 12
245282.1205 4
245418.5714 8
245482.6941 11
245578.9543 11
245749.7349 4
245980.8853 15
246166.7326 4
246321.6243 1
246524.6018 11
246680.4567 13
246717.0405 13
246901.3222 13
247007.9285 6
247185.8940 16
247324.5125 14
247468.3467 17
247519.8654 14
247578.8558 5
247674.6937 13
247722.5991 1
247867.2545 18
248021.8134 15
248187.0313 2
248379.1603 6
248556.1790 15
248729.7047 1
248827.1067 5
248928.6274 9
249129.5227 3
249226.5721 3
249394.6085 11
249453.3682 11
249484.8931 5
249672.4952 11
249725.2242 9
249807.7393 11
249879.6559 20
249957.3073 6
250153.8657 11
250199.7393 11
250347.4943 21
250454.6282 7
250528.8209 19
250600.7277 4
250765.5411 4
250842.3284 12
250915.2434 14
251101.9113 21
251143.2253 1
251227.7696 2
251365.6182 10
251567.5973 20
251609.0586 4
251769.1213 19
251896.5930 10
252097.3084 8
252212.1950 12
252324.0600 12
252399.8161 13
252509.4973 15
252569.0104 11
252770.9301 16
252894.7786 10
253090.1434 4
253238.4631 15
253349.6539 14
253406.7270 11
253550.1902 15
253727.0168 11
253889.4679 21
253913.6821 19
254005.8704 13
254173.2676 13
254356.9282 18
254394.4762 5
254528.4537 11
254669.3669 2
254867.1839 12
255007.0881 9
255071.3642 15
255167.1283 17
255286.6209 2
255490.8948 12
255550.7017 1
255584.2930 12
255667.3917 8
255872.1215 7
256025.4039 12
256139.8987 13
256320.4779 19
256341.4074 7
256398.0744 12
256551.6913 4
256717.0731 17
256771.3307 3
256945.3195 11
257138.7535 1
257260.5989 6
257416.6784 4
257533.1639 14
257612.5106 19
257780.1225 1
257940.5959 18
258137.1019 15
258232.5879 18
258359.8253 7
258544.7171 1
258733.8908 18
258779.2452 7
258971.6871 13
259009.8503 11
259104.4263 17
259229.9726 11
259314.3689 3
259391.4432 8
259613.2888 8
259734.0685 21
259875.5543 11
259954.3114 9
260018.0474 12
260198.3283 20
260294.6885 12
260473.3944 11
260541.1710 5
260716.6505 11
260882.2169 15
260922.5925 17
260969.0617 19
261157.2276 2
261269.8830 6
261466.1082 18
261539.2199 5
261583.4804 12
261684.4994 13
261766.4004 11
261885.1062 10
262108.1158 1
262199.5678 20
262242.5938 12
262395.2445 16
262553.9018 14
262706.1007 9
262810.3379 13
262914.6021 18
263048.9532 21
263198.3159 17
263253.6419 12
263304.3166 2
263517.0975 12
263702.3395 19
263844.1031 11
263962.2798 11
264066.5744 16
264266.3254 18
264322.5562 20
264481.3005 9
264516.4055 21
264618.3286 12
264778.8234 11
264922.0354 12
265115.4809 4
265231.2194 12
265393.6337 10
265504.8778 21
265711.0656 10
265919.5883 18
265953.2803 9
266127.8440 9
266323.3950 12
266343.4618 11
266435.8883 10
266522.2134 10
266620.7344 3
266690.2597 11
266772.7469 6
266887.1997 7
267069.7491 5
267238.7469 5
267367.6458 16
267428.7391 18
267531.2836 4
267721.4742 1
267811.3161 17
267840.4333 8
267943.1081 14
268185.1735 18
268259.8522 17
268441.2285 11
268619.5853 5
268807.0641 7
268989.3003 10
269097.6772 21
269144.1423 12
269202.6027 1
269358.9533 16
269523.2443 2
269641.7866 6
269728.3392 9
269823.2491 11
269976.7319 18
270028.0319 5
270102.6907 11
270292.5436 3
270347.2514 15
270435.2218 16
270600.6299 6
270741.4438 2
270953.3095 18
271075.2110 19
271192.1358 1
271318.8872 18
271472.9281 11
271637.9116 18
271717.6564 1
271753.3691 21
271778.3799 7
271971.2576 16
272077.9927 5
272181.1468 12
272209.6736 10
272427.4255 13
272478.7449 16
272509.4998 12
272598.3427 20
272785.5413 12
272915.9530 8
273051.6944 7
273253.9548 18
273345.0662 9
273493.7228 6
273717.3361 13
273780.6081 9
273908.5602 12
273970.9259 11
274043.4094 1
274136.5375 20
274261.4861 18
274295.8854 21
274367.6705 19
274568.4355 12
274738.8535 12
274822.3119 11
275024.2410 20
275125.1049 11
275226.5634 4
275386.4476 9
275466.4722 8
275652.6882 19
275724.8222 6
275903.7954 18
276018.3295 17
276059.0510 2
276110.7166 11
276307.2746 13
276442.8244 10
276512.2829 19
276558.0104 12
276614.7955 14
276688.8286 15
276846.2494 4
277029.5158 20
277223.8280 17
277351.3466 13
277412.4487 9
277573.6906 7
277702.6888 9
277747.2391 19
277851.0216 18
278038.3558 20
278099.2795 6
278292.7894 12
278413.5058 14
278551.0137 16
278636.3936 6
278704.9273 11
278849.2409 21
279021.3247 17
279045.4848 20
279096.1094 14
279207.2684 21
279369.1077 19
279413.7575 18
279452.4458 6
279655.2048 11
279797.7123 13
279871.3113 5
279994.0915 11
280144.5721 15
280272.9778 5
280407.8242 12
280533.1572 21
280651.2603 12
280688.4267 19
280888.9861 20
281025.7477 20
281163.2965 18
281356.3831 11
281477.4144 8
281701.7898 6
281854.0457 16
281881.8218 6
282014.3009 1
282086.5143 9
282152.5805 18
282337.1653 12
282448.7621 9
282536.0762 21
282711.5653 11
282869.9705 14
283048.7326 17
283082.6101 16
283219.0017 12
283269.6264 1
283397.4167 3
283573.2751 4
283720.8250 21
283927.5689 1
284091.5077 17
284262.1137 12
284359.3529 11
284501.7955 11
284563.4669 2
284682.0022 13
284807.2697 4
285038.0202 18
285233.9069 12
285407.4410 13
285501.8558 6
285748.8109 19
285815.3000 6
286046.2595 4
286187.8369 18
286381.6732 15
286545.9030 7
286694.5353 14
286920.6805 6
287033.2368 6
287131.4130 3
287192.3606 13
287364.8716 20
287551.6296 14
287628.7914 20
287749.1215 18
287812.7023 19
287946.5168 6
288022.5675 20
288199.8861 18
288351.2635 11
288450.7793 18
288496.6167 16
288699.5152 18
288814.9297 10
288956.2635 11
289023.7382 15
289174.4726 6
289258.8330 2
289413.7146 18
289586.1500 4
289698.8114 11
289849.6266 16
289989.1007 7
290134.1871 3
290226.8685 4
290300.9297 11
290415.1253 12
290510.6914 17
290678.6334 11
290737.4742 8
290967.7374 6
291097.8058 17
291171.7548 12
291357.7917 4
291585.5366 1
291728.9019 14
291839.5047 11
291915.1900 19
292019.0992 12
292092.1140 9
292226.3587 10
292433.1001 2
292588.9643 20
292765.5253 12
292965.7414 19
292998.2990 12
293184.5646 12
293315.6798 4
293383.0873 11
293491.8420 15
293619.5133 17
293664.3393 16
293773.1154 11
293917.9812 5
294086.3714 16
294277.2931 4
294364.0268 21
294398.1558 9
294431.5497 16
294473.8040 17
294519.6750 18
294661.1045 15
294776.7663 2
294965.4325 15
295029.5447 16
295077.0477 13
295103.7744 2
295216.3469 8
295295.2429 8
295468.3906 16
295548.8701 11
295604.6946 7
295663.6650 19
295708.3884 21
295736.6796 17
295911.8483 17
296070.8531 11
296273.4305 9
296417.6530 11
296496.3116 21
296686.7579 5
296860.0050 4
297028.6877 14
297193.7535 10
297370.8779 12
297457.3990 20
297478.4532 12
297533.2529 12
297694.9530 2
297900.8935 6
298034.2260 5
298094.3373 17
298147.7050 3
298250.6110 20
298350.6180 12
298485.3343 11
298678.2622 20
298756.9572 7
298913.6658 16
298981.0631 8
299152.5848 7
299179.2028 21
299334.7611 12
299528.8292 14
299714.9192 4
299832.8674 13
299914.6173 18
300050.7480 9
300110.4064 11
300197.9433 11
300371.1500 8
300516.9212 11
300596.5118 2
300834.5801 12
300902.3436 12
301054.9421 13
301153.5980 14
301346.2891 3
301554.9824 19
301659.4129 6
301869.9121 19
301960.2633 6
302005.2658 4
302093.4118 8
302274.3180 12
302332.5574 19
302474.0106 17
302569.3539 5
302677.8421 4
302850.9794 18
302967.1986 4
303068.3072 18
303253.8191 18
303315.0073 10
303437.8356 4
303571.0933 18
303669.8135 20
303735.1665 18
303855.0229 19
304050.9988 12
304237.2816 21
304276.8382 11
304346.3133 19
304410.2540 15
304433.1285 7
304560.0545 17
304601.0730 19
304672.8272 21
304862.0683 21
305063.6386 12
305244.7940 10
305382.5591 1
305589.0586 17
305741.6765 5
305930.9260 12
306090.8154 10
306195.8129 2
306338.9894 16
306540.8594 15
306706.8762 19
306779.0074 12
306881.0985 11
307019.9089 15
307139.2654 18
307178.6716 18
307211.0239 13
307324.1802 11
307410.3767 7
307445.5559 18
307577.1985 6
307637.6035 18
307761.9518 13
307941.7077 3
307987.7719 18
308165.5489 12
308241.2598 6
308288.8029 17
308321.6061 3
308363.6436 17
308563.2272 21
308713.5143 18
308902.9949 18
309096.5576 13
309266.7340 3
309422.2968 18
309506.1065 10
309532.1190 3
309630.5175 21
309823.5926 4
309893.3693 19
309917.2063 6
309963.6220 13
309990.0931 18
310055.4644 1
310183.0973 8
310268.8002 6
310397.9197 11
310550.0980 19
310640.0424 8
310828.2142 5
310975.7121 6
311126.3952 4
311234.1687 1
311380.4374 18
311536.6257 4
311769.8721 3
311937.9511 19
311999.4732 11
312176.5956 11
312370.7120 8
312430.1375 2
312617.7422 20
312658.6006 18
312772.8507 11
312857.5037 14
312934.6363 13
312993.8269 17
313032.4587 9
313118.6700 6
313247.9756 3
313407.8534 2
313622.9705 15
313815.0199 10
313885.1902 11
314059.5663 18
314225.4361 12
314423.1899 2
314530.7299 19
314680.5221 9
314705.7213 1
314874.6075 3
315052.4053 11
315222.5832 15
315413.1346 15
315530.9484 9
315714.0078 10
315886.6177 14
316127.4166 17
316287.1328 8
316508.8770 14
316739.9020 11
316912.3149 12
316961.9953 17
317057.8580 10
317199.7760 20
317289.0240 13
317377.0897 19
317569.5949 10
317762.8523 20
317831.6616 3
317990.9510 11
318108.0368 20
318283.5639 12
318372.9441 14
318491.9414 17
318664.5242 19
318707.8501 12
318832.6986 15
318957.7603 15
319131.7284 16
319231.1566 1
319332.1571 19
319526.3956 13
319632.9274 13
319762.1451 12
319904.9184 11
320000.7695 11
320161.7279 2
320315.7554 11
320498.0237 17
320592.8665 7
320733.0365 9
320934.0427 11
320953.4551 9
321124.1643 19
321297.0239 2
321454.1017 10
321547.5806 19
321656.6072 5
321818.8592 1
321982.4692 11
322040.7950 6
322196.3780 19
322397.4578 1
322527.7004 12
322700.4986 12
322811.8400 19
322868.4527 18
323060.7334 11
323240.7367 6
323411.9510 11
323445.0539 7
323582.6027 12
323696.4316 14
323823.3886 19
323925.6207 17
323970.9923 11
323997.1715 14
324086.1176 5
324184.6192 8
324389.0023 13
324532.0384 4
324750.6074 14
324804.2136 7
324930.3210 18
325029.8677 3
325109.7628 18
325162.9253 20
325276.9871 2
325483.2933 15
325679.3581 2
325913.9040 21
326065.2904 4
326298.0196 15
326496.6198 5
326698.8212 9
326899.2430 12
327012.0586 18
327093.3937 18
327209.2041 11
327292.3003 7
327490.6850 11
327685.3615 18
327721.9545 11
327892.0825 17
328042.6810 15
328121.8681 12
328288.0293 19
328490.1617 3
328655.5370 17
328753.4583 10
328845.5626 14
328901.0748 17
328921.9986 6
329088.6082 4
329302.4767 2
329354.5919 20
329392.2377 11
329415.6089 7
329601.1930 18
329630.3238 18
329817.4788 7
329971.3492 19
330160.5886 16
330304.7903 8
330499.9479 20
330603.3421 5
330744.9261 11
330807.7209 11
330972.8694 14
331144.6300 5
331316.9559 7
331386.5667 15
331573.2741 1
331781.5406 4
331989.0571 11
332083.9068 15
332105.7198 11
332188.7585 13
332397.6725 19
332478.8856 15
332614.8155 19
332722.8287 4
332854.1969 18
332921.9401 2
333018.8667 18
333124.3911 13
333186.2369 3
333236.0115 20
333345.7217 2
333569.6716 18
333705.3739 6
333935.7456 11
334037.7172 9
334170.7813 18
334324.8571 6
334505.6200 10
334553.5046 14
334747.5371 16
334819.2584 2
334914.3780 18
334954.5493 16
335060.8045 2
335293.3153 20
335354.8162 17
335521.3728 1
335623.3290 16
335721.7811 10
335910.0578 3
336019.2667 9
336201.6675 18
336226.9997 1
336283.4957 17
336339.9850 13
336454.7143 4
336628.9369 5
336823.3921 20
336929.0082 15
337014.6478 18
337096.9483 12
337150.0509 21
337310.8136 12
337468.2615 6
337575.8438 3
337619.1263 15
337739.7999 12
337762.8865 21
337826.9048 18
337931.2809 6
338114.6711 4
338324.1887 1
338483.3733 21
338658.1364 18
338680.6986 21
338871.1047 6
339069.9407 5
339098.4876 3
339124.6316 12
339223.9148 13
339408.0413 14
339583.9668 11
339729.3957 6
339841.4527 15
339885.1994 7
339929.9074 14
340095.1681 16
340284.7473 16
340417.2192 2
340624.1629 15
340741.8186 13
340862.9585 19
341010.9037 1
341050.5296 13
341226.8709 17
341298.7394 1
341427.5967 13
341497.5447 1
341598.3939 18
341761.0158 1
341879.2757 13
342023.6190 13
342054.5734 12
342074.4267 14
342237.5985 18
342294.6455 19
342391.4394 7
342535.6441 3
342577.1092 19
342607.6743 16
342653.8256 12
342691.2957 14
342844.7943 2
342970.1383 10
343122.5049 2
343314.1552 10
343442.1255 21
343488.2828 2
343688.6906 4
343854.8360 13
344027.8460 12
344083.9840 2
344289.4031 12
344307.7141 18
344442.9581 20
344572.0384 21
344714.4716 20
344802.9933 4
344927.5594 9
345036.3842 11
345106.4339 11
345204.0738 16
345363.2488 12
345533.7690 11
345719.3076 5
345790.1522 2
345936.0798 16
346069.4676 11
346182.4667 16
346273.8672 16
346373.3436 8
346481.7434 17
346670.9769 3
346828.6341 4
346947.9745 10
347010.6725 20
347130.0356 20
347300.1261 9
347472.3988 19
347594.9499 11
347782.7333 13
347853.5570 1
347924.5397 11
347980.3642 2
348151.4109 13
348295.2108 1
348490.8490 9
348530.7952 12
348703.9858 12
348833.2096 15
349025.3572 1
349090.9961 11
349120.3605 12
349257.8978 12
349368.8617 11
349421.4392 20
349546.8817 8
349633.9398 19
349686.7674 16
349796.8623 18
349904.4663 14
350088.7767 13
350120.4960 10
350361.5350 21
350428.5563 4
350624.4119 12
350817.6914 8
350878.5051 1
350926.1257 2
351053.6486 11
351243.8800 9
351445.5450 11
351577.2754 5
351609.6692 9
351699.1456 3
351790.8257 7
351865.1968 3
351962.6861 8
352123.6949 18
352170.4877 11
352257.9117 16
352458.5181 18
352567.0999 1
352751.6412 5
352963.5124 15
353160.1743 9
353234.8749 11
353421.9499 17
353532.9466 7
353663.3328 16
353727.1105 4
353813.1115 11
353834.0793 12
353958.6724 18
353998.4492 11
354065.2861 11
354240.8709 7
354329.4732 9
354381.8796 2
354551.0309 17
354613.1885 15
354768.8735 15
354908.3918 4
355097.7925 2
355326.7893 11
355487.4385 11
355521.9917 11
355712.9965 2
355900.9099 20
355950.4396 11
356084.1867 12
356121.2335 10
356201.1238 21
356276.8714 8
356341.5936 13
356482.8067 18
356554.0489 2
356681.1842 11
356788.9700 10
356821.5696 3
356932.4122 20
357103.0457 21
357166.1652 12
357193.1182 11
357237.7603 11
357336.6377 12
357449.1981 21
357595.7783 6
357668.7490 18
357694.5739 14
357841.2213 12
358028.9720 11
358097.8850 14
358283.6582 5
358403.5062 19
358534.5664 16
358710.3982 5
358898.9378 20
358991.2001 11
359130.8391 4
359252.9684 12
359295.8568 7
359467.3907 9
359537.3337 20
359707.2563 20
359770.5734 7
359945.9639 6
360138.5495 6
360333.8729 3
360450.3481 13
360640.8814 3
360697.6090 14
360801.7390 11
360861.3104 16
360939.8401 11
361062.4857 7
361220.8276 21
361302.7242 1
361515.8601 19
361539.2200 12
361610.9456 11
361810.8977 20
361877.2339 9
362018.9643 13
362100.9929 11
362260.4570 12
362339.7550 17
362508.5844 3
362636.6070 11
362775.7607 14
363008.9614 6
363089.8360 13
363243.7705 8
363466.6642 14
363635.9256 10
363861.0262 18
363938.3878 19
364073.0073 12
364149.8421 2
364324.0464 8
364491.8864 7
364536.3813 12
364700.0453 18
364873.7906 10
365028.7143 12
365146.2085 15
365209.7227 15
365315.7885 12
365387.4463 16
365498.1135 9
365583.5854 18
365742.5429 19
365850.2354 8
365995.1990 14
366198.1890 12
366306.5510 5
366469.3689 10
366688.1002 7
366815.6391 14
366871.8656 4
367110.2962 4
367288.1391 21
367360.0947 18
367453.6069 16
367655.1865 1
367759.8438 12
367810.2995 3
367945.1257 9
368086.5253 5
368194.9423 20
368395.9342 15
368456.9226 11
368636.1941 8
368829.7350 4
368910.2950 19
368960.1033 12
368985.5942 7
369064.3706 18
369176.8454 13
369371.8431 20
369428.5652 3
369467.9776 15
369572.2398 11
369754.4168 16
369804.1809 15
369929.5121 9
369955.0603 15
370132.7745 12
370200.9211 20
370397.2189 12
370456.5548 11
370487.9058 1
370545.7738 12
370622.1843 5
370677.6678 11
370876.2590 13
370926.9892 20
370969.4515 4
371133.0380 18
371169.1181 17
371190.8106 12
371239.2541 12
371329.5874 2
371481.0424 3
371627.3282 13
371710.6546 12
371882.8786 12
372004.1911 8
372085.3106 9
372126.6980 21
372254.1751 16
372373.2229 13
372521.5717 21
372652.9063 11
372687.0478 11
372718.9203 18
372849.4006 10
373040.3507 2
373212.7223 20
373258.0361 6
373335.6594 4
373521.6487 10
373690.4814 11
373789.7670 6
373995.1845 11
374078.7568 16
374180.1052 6
374239.7730 9
374398.1270 18
374587.7016 12
374726.0604 18
374811.6641 1
374953.2016 12
375031.8692 11
375188.5005 18
375357.9893 18
375384.9502 16
375576.7732 21
375673.1334 11
375833.2916 8
375905.0637 18
376030.5691 3
376242.4957 15
376402.6849 11
376602.1155 12
376730.1042 11
376910.6198 11
376973.8862 11
377091.1665 9
377249.5631 15
377412.1755 11
