2959
44108.4695 4
44275.4990 11
44391.2034 20
44504.6697 3
44565.2890 12
44658.1428 11
44752.4659 11
44951.0338 3
45018.5399 12
45166.8794 11
45202.5784 1
45238.1000 14
45369.2823 12
45499.6890 6
45663.4283 17
45844.1919 18
45922.6793 20
46055.3927 13
46197.3431 11
46289.0300 12
46378.9026 6
46490.4160 21
46600.7715 1
46807.7185 1
47004.5785 3
47054.9130 5
47190.0257 11
47225.0123 1
47301.7904 10
47508.3651 13
47565.5294 12
47585.5262 18
47652.4382 11
47762.7965 17
47867.8549 8
47968.9365 4
48087.8637 17
48280.6035 18
48469.8705 19
48608.2433 4
48714.9455 17
48863.4167 19
48929.6902 6
49019.4119 12
49110.8043 16
49303.8059 9
49334.4481 11
49505.8458 14
49562.2810 4
49648.0076 12
49839.8998 2
50010.3024 4
50076.7576 12
50196.6408 21
50387.7739 19
50477.2298 16
50528.1529 17
50700.7550 6
50865.1887 11
50941.3925 12
51050.7319 16
51196.2966 3
51395.1586 12
51542.3453 12
51659.9411 18
51827.5286 12
51999.9093 16
52189.9293 5
52218.4991 5
52326.1818 18
52525.9364 7
52628.4924 12
52666.7125 21
52690.2458 11
52805.0999 3
52883.4433 11
53052.7688 2
53165.3866 20
53260.6030 13
53452.0968 14
53531.8355 16
53700.2840 6
53897.3165 16
53936.2428 18
53985.2192 12
54026.6911 18
54088.5519 14
54194.0275 21
54278.6938 12
54358.1572 8
54584.4952 8
54787.7100 15
54863.2961 18
54938.9261 18
54960.0841 18
54980.7201 12
55014.1331 8
55125.7649 16
55255.0400 18
55372.5388 2
55445.1955 16
55470.8010 21
55564.3683 4
55709.9454 6
55936.6603 18
56123.5577 11
56214.6109 12
56256.9403 10
56388.3092 16
56531.9158 5
56743.4678 11
56814.4261 20
56848.8661 19
57003.7680 12
57198.3952 18
57296.5757 12
57405.7866 2
57570.6901 11
57592.3771 5
57691.3264 19
57734.0491 16
57755.6905 20
57838.9127 17
57875.4626 12
57940.2183 8
58123.8419 12
58158.8976 20
58231.8890 7
58398.5103 10
58463.4789 10
58528.9526 7
58691.4156 12
58873.4876 11
59027.6196 19
59157.3179 12
59246.5961 20
59277.7368 4
59337.9790 7
59400.9414 11
59594.5452 21
59647.0520 18
59787.1648 6
59843.6177 5
59967.2803 11
60094.3351 12
60124.1091 8
60255.9212 2
60312.5782 9
60400.3459 18
60435.4579 5
60575.5958 2
60764.4216 15
60965.0324 14
61133.9173 13
61219.2035 4
61316.0456 3
61343.6560 15
61528.8249 14
61681.7069 10
61774.9730 17
61927.7295 3
62005.0008 11
62119.1379 6
62348.7852 10
62464.5868 7
62601.1488 11
62664.2973 21
62854.2197 21
62881.0509 17
62950.6717 16
63139.2163 3
63200.7769 12
63392.7794 16
63564.5820 11
63646.2767 5
63794.5152 3
63975.4461 5
64045.0334 12
64222.9412 17
64285.7389 8
64356.1033 19
64507.1489 16
64593.2866 7
64708.3981 16
64815.1131 6
65002.2312 11
65086.0149 18
65117.6482 12
65218.6296 16
65365.5061 5
65492.5489 2
65660.5814 9
65762.1682 3
65790.5836 10
65936.5058 11
66037.2561 16
66075.3342 4
66253.9614 13
66456.6678 11
66527.3872 13
66601.4532 12
66693.0525 7
66759.6579 21
66951.0143 12
66989.0549 15
67044.5934 14
67217.5840 18
67324.1717 9
67451.6279 18
67499.2099 7
67528.2136 19
67581.0206 12
67608.0815 19
67675.6858 12
67712.7637 10
67877.4808 11
67983.6450 2
68104.2470 20
68217.8373 10
68291.2419 18
68472.6870 13
68585.3042 7
68731.9145 11
68882.2284 16
68988.1239 4
69084.9964 18
69116.7909 11
69180.7428 20
69304.4352 20
69386.0177 2
69542.8749 5
69651.3992 11
69695.1042 19
69735.6948 7
69925.3039 2
70020.9597 11
70141.1953 7
70196.5308 8
70295.8665 3
70467.5301 8
70538.6936 18
70606.9239 14
70798.6556 9
70953.4822 2
71060.6071 13
71096.2946 15
71255.1047 6
71311.8986 12
71387.5257 8
71531.7614 11
71555.9897 7
71680.7499 12
71707.8547 12
71733.4996 15
71893.3320 15
71932.2381 18
72063.1627 10
72169.9219 13
72286.6022 7
72432.5426 1
72481.9166 11
72576.5780 14
72688.5786 21
72878.4933 3
72981.0942 15
73173.2676 7
73246.8161 12
73324.2155 4
73484.9299 5
73649.4494 6
73811.4910 6
73979.4242 14
74145.3020 18
74199.6402 20
74240.0486 10
74356.8979 16
74487.6314 13
74577.8843 5
74675.5063 4
74895.3110 12
75035.2972 15
75086.8676 12
75121.0395 18
75146.6823 11
75218.1813 6
75293.1471 20
75497.6171 1
75662.0262 21
75802.9214 12
75905.2162 12
76008.6589 8
76066.7077 16
76250.8228 14
76451.8362 8
76680.9042 20
76758.9984 11
76952.4379 16
77121.0102 11
77278.6846 20
77394.7656 9
77507.8317 16
77577.9190 13
77729.9511 15
77889.4236 16
78036.8106 17
78161.3837 13
78244.4245 5
78374.7587 19
78424.5799 20
78623.9643 10
78783.4648 20
78844.3053 2
78980.5031 2
79145.6226 17
79204.4381 12
79266.6555 6
79506.2762 12
79550.9212 10
79745.4225 15
79922.3722 13
80077.5706 11
80174.4922 21
80303.4968 20
80447.7026 21
80611.1950 13
80690.0034 18
80718.9119 10
80929.3299 11
80982.6150 9
81032.8972 6
81190.0637 8
81373.8335 13
81576.2568 16
81599.7578 20
81750.1648 12
81935.5777 7
82065.5793 12
82248.4833 9
82366.9790 8
82478.4984 13
82646.8506 5
82800.8819 11
82910.3979 3
83099.0496 16
83185.4540 7
83369.8433 5
83504.1211 15
83668.5388 12
83766.1993 3
83891.0339 1
84073.8082 18
84143.6426 20
84233.2924 11
84312.9239 19
84486.6624 16
84598.4251 18
84797.6992 7
84990.5156 18
85024.8648 2
85111.2905 4
85294.3496 10
85429.5080 12
85628.1291 21
85799.0503 18
85920.8937 6
86133.3565 8
86242.0855 11
86399.4583 18
86593.2359 9
86663.5752 2
86738.0082 18
86870.3783 20
87047.4379 4
87142.3836 10
87286.0748 20
87455.1367 18
87525.9174 17
87602.5396 2
87816.6409 18
87917.6728 16
88037.8838 19
88159.5921 3
88308.2166 5
88383.4905 1
88506.4091 5
88654.3180 18
88727.7073 7
88888.4569 12
89024.1041 19
89111.3820 15
89244.1909 6
89316.6315 16
89394.2625 8
89518.9740 20
89558.7884 18
89655.6463 17
89740.6414 2
89881.2712 11
89963.9827 13
90118.2186 11
90274.6967 17
90418.1647 8
90473.9342 9
90527.6663 18
90668.9714 6
90753.2607 17
90866.0442 11
90966.3932 13
91044.1806 7
91180.0932 10
91324.1058 21
91362.4327 1
91414.3426 16
91567.0281 20
91679.5343 11
91848.7901 5
92058.3681 11
92191.0951 16
92297.5280 11
92339.0451 2
92441.4053 20
92487.1370 14
92567.6260 18
92747.1343 11
92871.1341 3
92901.4545 12
92962.1539 9
93152.1419 3
93250.2031 12
93369.4889 12
93518.6936 3
93729.1668 3
93813.1679 21
93966.8344 4
94186.1067 2
94344.7942 20
94504.7046 2
94719.3213 12
94805.8601 4
94881.2007 12
94921.5658 12
95093.7545 9
95245.0537 6
95435.7792 2
95662.9831 11
95725.0386 14
95833.1303 11
95919.1758 9
96013.6026 4
96137.2696 19
96307.2341 18
96358.4063 12
96524.0951 17
96625.2938 14
96847.9058 6
96896.6253 14
96981.6932 14
97101.2929 18
97246.3622 3
97381.4908 16
97544.9694 3
97734.8898 16
97910.3800 18
98035.6431 10
98122.1054 17
98224.8914 12
98397.3768 16
98556.9356 8
98676.9197 4
98878.8547 11
99057.0705 12
99258.6626 11
99416.1973 1
99582.5122 20
99664.2499 17
99815.1544 6
99990.8524 4
100188.7627 18
100257.6264 18
100284.5217 13
100350.2778 14
100571.8537 13
100660.1272 15
100718.4028 12
100804.1115 1
100891.3927 3
100995.4000 17
101184.4114 14
101252.5931 13
101398.8773 1
101504.1337 11
101591.8052 6
101642.5682 6
101701.1147 16
101861.5801 6
102080.5062 3
102135.9620 13
102262.3209 12
102323.3210 12
102465.6199 5
102590.5126 9
102617.6589 2
102719.9994 5
102752.1939 3
102789.9169 12
102840.9076 15
102868.8101 8
103025.4297 10
103090.4636 15
103207.3856 13
103318.7094 12
103397.8660 12
103456.8347 21
103624.4428 7
103688.4669 19
103734.0540 14
103903.2194 11
103947.3875 3
104064.6394 11
104258.8194 1
104355.8491 6
104601.8772 1
104731.4400 19
104782.5486 11
104878.7429 11
105052.6781 10
105239.0161 12
105324.0187 8
105376.6218 8
105592.3742 10
105793.4405 5
105903.1602 9
106000.4867 11
106199.6368 13
106228.6517 16
106344.4116 11
106532.7605 4
106609.0986 9
106635.7744 12
106798.1920 12
106847.2284 14
107041.6917 18
107075.8238 7
107139.6750 19
107274.7868 19
107333.2444 21
107439.5513 15
107490.4999 12
107518.7218 18
107655.9635 18
107760.6438 11
107839.3297 11
107916.4277 19
108077.0124 11
108139.4859 12
108297.5138 12
108410.2094 14
108451.1389 17
108617.3292 7
108749.2004 18
108825.4231 1
108882.0853 6
109073.9162 11
109202.5133 16
109386.5677 1
109528.2987 1
109588.1690 13
109776.3807 18
109902.8542 11
109939.6492 4
110156.3375 11
110349.7372 12
110373.8457 17
110424.1039 14
110552.4558 7
110660.6020 2
110778.4685 10
110937.3579 10
111102.9256 13
111153.2079 12
111255.2610 14
111456.2018 7
111635.3345 1
111670.2128 4
111858.4955 3
111940.2970 16
112129.8809 3
112316.4315 13
112430.7937 18
112492.1431 12
112525.5037 11
112652.8390 19
112739.7840 21
112861.9698 5
112966.6154 9
112999.2972 11
113061.7945 11
113171.5682 12
113351.4257 18
113368.6836 17
113564.5494 19
113656.6198 5
113845.1487 4
114028.5099 10
114229.8530 9
114429.5254 8
114596.7247 8
114739.2320 11
114772.7472 2
114923.7538 6
115064.9721 12
115096.5867 13
115304.8932 4
115499.0336 4
115622.6020 12
115734.6129 9
115867.6538 20
115968.0674 5
116058.3864 14
116181.8005 18
116357.3595 19
116512.5774 18
116623.1513 12
116654.4357 14
116739.9586 9
116926.6595 9
116989.3263 14
117128.9625 14
117227.2614 7
117424.6135 3
117478.1394 6
117619.0882 12
117677.5378 12
117874.6190 21
117923.3745 10
117986.9571 16
118155.1198 21
118283.5629 11
118417.9773 21
118602.2152 15
118698.2510 12
118899.7907 12
118996.5721 11
119053.2758 11
119091.9442 12
119184.2672 6
119345.5382 20
119543.4492 18
119657.5340 16
119709.0643 2
119879.7868 2
120091.0613 5
120273.2313 18
120379.4782 8
120488.6109 10
120587.3217 18
120706.4593 18
120847.0228 8
120985.7067 4
121179.0267 1
121279.1623 14
121433.3754 5
121522.5833 18
121589.5817 14
121717.8324 8
121824.3703 10
122044.7998 18
122190.1506 8
122326.5182 16
122419.9438 14
122559.3983 2
122807.5700 8
122869.1650 16
122898.4543 20
122939.4009 14
122972.0865 11
123164.1056 5
123315.3858 12
123392.5831 8
123505.1417 16
123677.5717 2
123849.2259 12
123935.8347 10
123982.4390 11
124157.3455 2
124379.9822 7
124510.7404 17
124644.5281 12
124783.8675 19
124864.1700 5
125024.8378 9
125143.9913 13
125308.1260 20
125450.3393 16
125479.3490 4
125687.6084 13
125812.6007 11
125855.6918 16
126020.8360 20
126198.6408 13
126401.6888 11
126596.2233 11
126631.8520 18
126747.3757 14
126955.7663 12
127019.4638 20
127217.3579 20
127390.9944 13
127513.9140 6
127706.8605 18
127851.0137 17
128034.6491 11
128127.8296 9
128228.3062 11
128325.0402 1
128487.1063 11
128631.8010 3
128690.6393 9
128804.7343 12
128832.0463 6
128949.0349 16
129034.6866 14
129253.3154 12
129433.4995 20
129488.3462 11
129581.9545 9
129639.5302 11
129766.0331 11
129881.1282 6
130008.7553 7
130184.1391 7
130329.0905 14
130521.6122 6
130635.3711 16
130784.7661 17
130891.7099 1
130940.1445 16
131071.6794 11
131268.2052 12
131321.2806 12
131398.4068 12
131550.8454 6
131710.2660 7
131859.3493 18
131985.1410 20
132022.2789 11
132091.6076 12
132223.0149 16
132264.0869 13
132405.2413 11
132509.2076 2
132630.2266 1
132800.0299 8
132995.2461 1
133142.5651 18
133341.6343 5
133541.4238 12
133678.1782 12
133761.5795 13
133866.0102 11
133966.5841 21
134102.8936 20
134242.3601 12
134391.6564 19
134528.1939 17
134705.4097 11
134825.1955 21
134895.0323 12
135059.6378 20
135158.6246 12
135200.7782 9
135227.8899 14
135347.9408 18
135409.2627 15
135569.2938 10
135621.5584 21
135711.5241 18
135819.1629 12
135988.5845 18
136124.6518 15
136274.7718 18
136373.8219 12
136428.6020 17
136504.6353 5
136606.6851 15
136680.7860 20
136789.9013 10
136815.5002 4
136985.9492 12
137041.1736 14
137128.8314 8
137278.7882 3
137398.8509 10
137584.4340 8
137726.4452 8
137948.0442 18
138140.4124 19
138178.8144 8
138285.3082 9
138427.9291 2
138657.2705 15
138784.0088 18
138808.3440 11
138970.7464 12
139054.6064 4
139235.9164 14
139450.1166 20
139614.9042 2
139710.5402 1
139856.7952 5
139905.8549 13
139955.5017 13
140139.7225 5
140257.2149 18
140353.7450 5
140383.8247 20
140463.4137 15
140483.5443 10
140526.6994 17
140709.0937 18
140889.5561 9
141037.5485 11
141110.4645 21
141254.3092 1
141346.2394 3
141547.9783 15
141580.3241 17
141620.9816 13
141658.2078 15
141730.1954 18
141758.4855 11
141898.7131 8
142084.7948 11
142124.8777 20
142314.0057 16
142464.4835 6
142614.3287 2
142699.3592 11
142722.0148 21
142771.8237 7
142967.2124 9
143129.8387 9
143214.1768 19
143281.3055 12
143441.1166 14
143619.4777 5
143776.7946 1
143893.2050 16
143954.3367 12
143999.8561 18
144047.5790 11
144225.8958 11
144380.3001 4
144443.5811 11
144566.8531 2
144746.4766 12
144914.6247 17
145007.2928 20
145129.8584 12
145291.5648 20
145369.8583 11
145535.1292 20
145564.8590 17
145639.8961 9
145719.8076 9
145849.3565 10
146017.6351 14
146111.2189 2
146234.0151 15
146371.4877 11
146484.7726 12
146520.2250 12
146673.5086 12
146710.8694 14
146857.8206 18
146988.0565 9
147092.8698 16
147282.5090 7
147323.7266 11
147388.3593 18
147452.3751 14
147617.7464 20
147675.1555 11
147808.8712 1
147940.6073 18
148096.4485 15
148158.6686 11
148183.2046 4
148406.0007 21
148594.4852 2
148683.1167 2
148830.0357 18
148904.8272 17
149105.8120 7
149270.8297 2
149373.1855 6
149554.4821 15
149733.7100 12
149869.0649 19
149937.2134 1
150073.2449 14
150236.7583 10
150308.5654 19
150501.9365 19
150651.3327 1
150728.7267 4
150811.7549 5
151003.2315 4
151195.1690 4
151351.3395 11
151441.2241 2
151628.3931 21
151727.2475 19
151765.8052 8
151884.0713 21
152050.2741 20
152114.4193 21
152276.2036 7
152449.7367 4
152609.3911 2
152848.1844 13
152908.1746 18
153022.8862 16
153110.2856 1
153249.8574 6
153425.3181 18
153458.8413 12
153588.7523 3
153727.3183 12
153904.0664 5
154101.1667 6
154202.8969 5
154363.6885 18
154538.7456 12
154659.9808 9
154703.6331 5
154821.5101 7
154850.7919 11
154883.6075 15
154963.3692 12
155155.9035 15
155182.4484 11
155289.5510 3
155483.8453 16
155631.2852 11
155710.6786 8
155912.0640 1
156043.7752 3
156242.3791 8
156380.7214 21
156587.1399 2
156761.3300 2
156919.5316 18
157010.4896 13
157059.9145 16
157087.8129 1
157185.8685 10
157291.7781 1
157481.0690 9
157635.8991 8
157689.2277 10
157780.7685 8
157854.8848 2
158026.3056 15
158223.4228 17
158311.6452 5
158438.4701 8
158598.3893 17
158759.9014 11
158928.3073 21
159053.5388 3
159209.9484 1
159330.2289 9
159478.4330 19
159584.8351 14
159754.6071 12
159796.2809 6
159938.1561 10
160075.4221 4
160192.1627 18
160356.7268 20
160490.5892 10
160550.1170 9
160750.2761 16
160869.3433 20
161014.5363 8
161114.9403 1
161320.1521 6
161499.4043 13
161593.5203 17
161651.2860 3
161806.6585 19
161903.3495 10
161976.9617 21
162038.1873 7
162066.0678 21
162229.2562 16
162326.1050 14
162515.9416 11
162588.8969 11
162782.0620 11
162884.0645 7
163078.6291 11
163122.6269 5
163302.0128 9
163412.7667 15
163599.9099 12
163794.1548 12
163888.7300 11
163975.3391 21
164075.7652 12
164157.1595 18
164176.4298 3
164208.0627 12
164373.5524 11
164473.8743 8
164712.4891 17
164816.9055 6
165025.9222 11
165113.9223 2
165281.9338 15
165376.9379 20
165575.6343 8
165717.1143 18
165886.8852 11
165912.5556 18
166095.7126 12
166204.2643 2
166339.6878 20
166456.9347 13
166570.6231 18
166753.9150 12
166921.4182 11
166976.0265 18
167102.4360 5
167304.5057 16
167435.9577 12
167545.9664 2
167704.3141 18
167769.8062 9
167923.3191 18
167998.2222 18
168028.6026 14
168201.7146 3
168356.7714 5
168403.6370 19
168431.2173 12
168611.9460 19
168776.1358 9
168896.1831 12
169031.6336 11
169232.6369 11
169253.5597 20
169310.3311 4
169541.1360 21
169699.5185 19
169873.4358 18
170025.9440 4
170090.7056 16
170251.1360 18
170426.9784 21
170524.1574 6
170726.5379 18
170832.3067 6
170905.9256 8
171080.2408 15
171130.3704 15
171262.5515 21
171455.5533 16
171527.0738 2
171599.1322 18
171729.2358 21
171899.8136 1
171953.3225 3
172073.6289 19
172239.1082 21
172390.4409 12
172526.7942 8
172634.1831 20
172766.7373 12
172793.5338 19
172979.9709 20
173169.5273 14
173250.8932 9
173437.3394 21
173574.1701 10
173787.5261 15
173850.4158 20
173908.6429 11
173962.3525 18
174130.1473 1
174253.1838 12
174355.6297 11
174504.1225 11
174587.1776 19
174735.2075 20
174823.4128 21
174905.9182 4
175114.1301 11
175158.3707 1
175207.3525 11
175400.5628 3
175536.1770 5
175738.0838 14
175910.4003 18
175945.8504 7
175986.4033 13
176098.6463 4
176244.2792 19
176382.4411 4
176510.9442 11
176606.9834 20
176651.6563 9
176779.2078 12
176952.3466 17
177144.1087 10
177286.2557 12
177312.8855 14
177414.7749 15
177486.1982 16
177533.4270 16
177666.4725 8
177768.2501 20
177935.7658 15
178046.4466 15
178114.4645 19
178215.7545 15
178278.6498 11
178456.9598 11
178612.7887 9
178740.9216 7
178946.6567 12
179024.2010 3
179179.4039 8
179262.1298 6
179450.4049 11
179511.2008 18
179636.4232 16
179727.7219 4
179898.6636 21
180056.0678 5
180150.6770 17
180169.3909 11
180207.1687 17
180347.5298 12
180462.3156 12
180664.9192 16
180747.7972 18
180872.0121 8
181073.3550 9
181263.6977 20
181354.1800 1
181429.3768 10
181562.6522 17
181697.3980 16
181855.1362 12
181979.2432 13
182036.8567 11
182098.8597 15
182161.0909 21
182334.0543 12
182461.8856 7
182624.5494 7
182795.9604 4
183033.5833 7
183074.0566 13
183249.1944 1
183295.3807 18
183386.4356 17
183494.0454 6
183683.9175 7
183788.8045 10
183935.1548 8
184099.4236 11
184126.1596 2
184303.7976 11
184389.8648 19
184425.6991 11
184515.0960 21
184588.0229 18
184766.1591 16
184930.3525 11
185015.6771 18
185154.3788 4
185232.6572 21
185357.5294 2
185426.3429 17
185486.8172 11
185527.5749 21
185706.3288 21
185901.4697 11
186075.0308 15
186203.4708 3
186347.6760 13
186555.8062 14
186764.9836 12
186889.3667 13
187038.3950 8
187185.5242 10
187323.9976 18
187455.3939 11
187502.0269 5
187560.1281 16
187659.6771 2
187720.7411 13
187779.5258 13
187820.0068 19
187982.7662 11
188055.5896 10
188268.5169 17
188466.3919 12
188499.1851 11
188586.3187 19
188676.2035 11
188724.8712 21
188818.6847 21
188918.5691 11
189026.6079 3
189161.7951 7
189287.1717 13
189450.2229 8
189679.0535 11
189850.3400 18
190004.2684 16
190167.7040 4
190387.1398 8
190613.8113 10
190765.4218 6
190910.3037 11
191010.2153 7
191094.6002 12
191206.0236 9
191381.4882 19
191408.4482 6
191555.8993 2
191696.5613 1
191889.0574 5
192083.4931 5
192112.8146 11
192160.3505 16
192303.2007 15
192397.8998 1
192456.9866 12
192584.4365 2
192684.1495 5
192888.3060 3
193089.7915 7
193240.5105 7
193442.1384 11
193639.4919 19
193680.1061 10
193802.7968 9
193876.7178 1
194042.1372 16
194062.4791 9
194212.8440 4
194435.7680 2
194589.1995 3
194723.1784 2
194932.5429 20
195079.1451 13
195186.2700 5
195337.3974 15
195365.3346 12
195461.7381 18
195500.1162 3
195571.4527 2
195671.4153 12
195827.1762 3
195991.4627 2
196119.1597 20
196300.2073 14
196511.0021 13
196619.5964 4
196739.0453 18
196877.2987 21
196980.8789 8
197090.0039 16
197225.3628 14
197412.9589 8
197650.6281 12
197700.5632 16
197865.7349 21
197888.4025 5
197953.9746 3
198017.2400 12
198183.8670 19
198293.6821 15
198416.2566 12
198583.7537 11
198655.5309 10
198746.3113 11
198865.5844 13
199051.1915 16
199089.3738 11
199265.4708 16
199416.2247 11
199553.9846 12
199716.5721 17
199858.1161 11
199939.6592 18
199988.9870 6
200141.8465 14
200341.5520 12
200412.9080 9
200441.1222 17
200564.6457 19
200668.4399 9
200825.4673 12
200973.0724 15
201113.3769 11
201307.5048 12
201471.9523 18
201665.0522 19
201850.1387 8
201995.9364 7
202183.4437 17
202208.7643 20
202375.2553 12
202409.9979 12
202456.7348 1
202604.5216 12
202775.6743 16
202978.5078 13
203006.7354 7
203194.4811 16
203386.9020 11
203438.2151 11
203510.4753 2
203731.8172 14
203863.0779 13
203905.2975 5
204004.8118 12
204172.0641 20
204337.0378 4
204448.6831 18
204590.5356 18
204611.1902 18
204701.9479 7
204793.0189 13
204927.6248 3
204960.9390 1
204998.0044 13
205131.2341 12
205333.6544 19
205496.5382 16
205516.3627 21
205631.7586 7
205765.9917 11
205920.0533 19
206120.3383 14
206312.4922 17
206483.2497 17
206511.7518 7
206575.4279 8
206748.5684 5
206933.9721 12
207039.6300 3
207131.0877 21
207180.3715 11
207375.7421 14
207514.2997 20
207615.0425 5
207745.5960 6
207834.3233 16
207912.5130 10
207951.8213 12
208059.2113 17
208258.4475 11
208316.2421 7
208394.6907 15
208572.4067 11
208759.6813 16
208798.8012 12
208827.9706 20
209026.8106 5
209143.2041 15
209276.0319 10
209503.4678 1
209655.2499 7
209692.0802 1
209891.8420 11
210094.5519 12
210162.0707 20
210295.3793 21
210437.1833 10
210494.8744 15
210670.3189 11
210704.7224 16
210807.2866 12
210887.0213 12
211086.8597 11
211290.3352 8
211449.6085 5
211481.9641 17
211515.6964 7
211698.5050 17
211768.2331 11
211809.9252 11
211913.7531 20
212014.4278 12
212173.5603 5
212318.9242 15
212513.1911 18
212649.4248 18
212785.4706 6
212950.9613 7
213089.6021 15
213183.6064 2
213309.0398 12
213342.7524 11
213374.0853 15
213401.4782 12
213464.5403 11
213534.7882 11
213662.4264 12
213828.8321 16
213977.6607 16
214140.0447 2
214384.5439 3
214523.8150 5
214657.8590 5
214758.9057 10
214954.1337 7
215092.9946 16
215241.8206 5
215356.7843 2
215527.4236 10
215619.3334 19
215781.0757 12
215941.8492 11
216091.8288 12
216222.9710 11
216391.2686 12
216586.6276 10
216662.7837 8
216885.1219 10
216977.9867 12
217148.5614 15
217258.0167 19
217292.3473 1
217469.8240 16
217625.8515 12
217812.8053 6
217994.6191 10
218209.7226 15
218388.9708 6
218578.5064 13
218774.0750 18
218860.0273 16
218965.5392 20
219148.3573 12
219255.9416 6
219449.8846 7
219476.6630 16
219619.5938 11
219664.5738 12
219763.1893 12
219850.4700 19
219939.6019 19
220082.0111 3
220140.4170 18
220178.7218 4
220298.3265 21
220449.5689 6
220607.0941 12
220700.5186 12
220841.4927 8
220977.0448 12
221072.4850 15
221132.1946 11
221224.3374 17
221298.9230 4
221381.1619 11
221438.8504 17
221500.7387 9
221698.9186 16
221753.3958 16
221819.8109 10
221916.4000 15
222042.5821 19
222073.4240 6
222160.5820 10
222289.9043 11
222461.3238 15
222623.4263 14
222766.1716 16
222929.5416 21
223084.1455 19
223241.2412 13
223279.3566 15
223382.8420 10
223559.9143 13
223720.9425 12
223825.6563 6
223905.0908 12
224032.6575 11
224089.2125 3
224192.8536 18
224364.9373 6
224478.8646 11
224564.4848 12
224759.7906 2
224860.3301 12
224938.3116 19
224963.7972 20
225036.2538 13
225238.3687 18
225420.4778 12
225484.0283 21
225620.9550 6
225772.6516 11
225847.3560 13
225981.6382 7
226014.3078 9
226159.1840 20
226285.8820 11
226442.4874 15
226629.6109 12
226792.9685 14
226865.0178 12
227027.9342 12
227122.1881 9
227147.5566 11
227337.2843 21
227474.6216 20
227571.9458 18
227643.5334 12
227773.8311 20
227807.0516 10
227997.6205 21
228150.9351 9
228310.2431 7
228370.0152 3
228482.1414 9
228671.8462 10
228781.8385 7
228856.9451 20
228886.1645 9
228971.5278 5
229029.9705 12
229098.2904 2
229238.5109 9
229385.8560 11
229495.2363 11
229521.0505 18
229720.6695 14
229818.9465 3
229868.3378 7
230001.9719 21
230033.5019 15
230145.7164 11
230342.4844 18
230476.7493 11
230531.1392 21
230639.9958 11
230828.3192 12
230912.3366 5
230943.9920 17
231128.5508 8
231322.6266 9
231517.7686 8
231614.3019 1
231754.4657 18
231795.7586 7
231937.2145 2
232134.7205 12
232195.1178 2
232287.4705 18
232365.8316 1
232447.6869 18
232567.9042 21
232701.8388 15
232738.9400 4
232874.5932 17
232905.4389 14
232976.1105 20
233159.1441 21
233285.2526 9
233322.9656 1
233474.0152 11
233657.9681 16
233852.1350 7
234040.3542 3
234144.2357 11
234198.8502 18
234250.4780 18
234429.9269 9
234465.9529 7
234502.6788 3
234568.1332 9
234663.0899 12
234700.7964 11
234730.9705 3
234892.9994 1
234995.0115 16
235079.4181 13
235167.9872 15
235308.5807 11
235472.6144 9
235568.8389 19
235711.1651 17
235859.7191 10
235936.6828 21
236115.5565 6
236187.3218 15
236366.7416 1
236557.5930 3
236633.9751 12
236711.9762 7
236739.4828 4
236794.3053 11
236828.5330 10
236970.2104 18
237000.9285 14
237170.8082 21
237205.2515 11
237350.1011 7
237422.1238 18
237612.3727 6
237711.5366 10
237807.7811 7
237922.5529 21
238055.1171 21
238186.3396 18
238225.2190 14
238296.4727 11
238383.6840 2
238486.8478 8
238672.9760 16
238824.0315 11
238950.1553 8
239115.1569 4
239334.9445 9
239481.3096 12
239684.2024 14
239839.4373 1
240046.6147 21
240182.6095 2
240305.6550 11
240389.6885 15
240423.2650 16
240595.4206 9
240656.5861 2
240751.3807 11
240904.0489 16
240987.3440 10
241053.6418 9
241165.8657 14
241355.0946 12
241501.3025 6
241722.4716 11
241765.3851 12
241815.6379 7
241993.6571 17
242154.4931 12
242304.6752 21
242479.8462 8
242601.1982 9
242664.1070 9
242767.5340 14
242984.3244 1
243093.2791 11
243213.1127 12
243405.3610 13
243465.1067 7
243628.5246 13
243772.3183 8
243896.0772 16
244057.1391 18
244123.1503 11
244250.0420 2
244352.8657 18
244465.2323 13
244623.9407 15
244652.3065 8
244801.7395 8
244938.4454 14
245153.0126 16
245202.9873 10
245423.9927 16
245606.7858 19
245686.4245 9
245793.9655 11
245944.6254 17
246144.0226 19
246321.7147 7
246421.8653 7
246503.9359 3
246540.3002 10
246728.2299 17
246929.7343 12
247080.9382 16
247228.8901 12
247418.5521 18
247463.7919 18
247587.6426 19
247782.7644 21
247888.7030 2
248002.9824 2
248219.1089 1
248330.1249 14
248494.2414 20
248554.7577 2
248639.5522 12
248786.1712 1
248832.0358 19
248862.3869 4
249039.2864 12
249175.4835 14
249364.4958 9
249401.8459 9
249544.2153 18
249696.1006 15
249871.1747 10
250013.4667 11
250167.2988 6
250274.6117 17
250395.1266 7
250545.7895 6
250735.1329 12
250849.4547 6
250953.1980 18
251139.7203 11
251208.1105 4
251349.2772 2
251533.5625 9
251559.1814 6
251700.3835 11
251788.0988 11
251966.8661 15
252042.9124 12
252075.4311 21
252227.0329 11
252383.7052 4
252458.9474 4
252527.7861 12
252547.6427 4
252659.7401 12
252849.0894 11
252949.6108 18
253034.4126 15
253154.5392 4
253234.7426 9
253368.5490 13
253428.8618 4
253576.5867 1
253624.3925 4
253705.4405 19
253821.2914 18
253992.9570 2
254169.3323 2
254377.7524 1
254527.7774 13
254630.2800 12
254677.3876 17
254735.3501 9
254930.9252 8
255039.6721 20
255176.8811 20
255316.8468 18
255346.1670 15
255462.0527 1
255572.8607 5
255708.0753 12
255903.6211 12
256008.5556 4
256125.3226 12
256196.9354 1
256236.0007 2
256312.4507 4
256378.6225 11
256421.7538 4
256652.5860 8
256860.0561 21
256915.1718 13
257078.2869 9
257195.0606 12
257240.6325 12
257429.4607 18
257524.5922 4
257732.0430 6
257850.6383 11
257924.4601 18
258052.3523 7
258142.5798 5
258312.4109 8
258539.7036 11
258705.5590 13
258865.4566 11
258956.2472 21
259159.1042 7
259281.0119 21
259477.3187 5
259517.3884 15
259658.5669 9
259786.2537 15
259967.9455 3
260149.8456 12
260214.3931 11
260341.6853 15
260400.2564 15
260424.5538 12
260621.8603 7
260804.7006 15
260882.7319 12
261016.6725 15
261183.0841 19
261346.2612 20
261413.4020 2
261509.3104 14
261578.3612 12
261612.9916 12
261692.5323 5
261735.3324 11
261931.8261 1
262127.2383 21
262231.5906 13
262272.4387 13
262460.0490 10
262624.6895 11
262647.5857 5
262729.9947 21
262898.6718 18
263041.1226 5
263109.4733 16
263140.1161 12
263274.5606 20
263311.4461 11
263429.0156 12
263505.8303 12
263591.2009 11
263740.1854 5
263779.4167 12
263815.7879 21
263900.5850 18
264090.3944 10
264249.4945 14
264423.6966 6
264598.0673 12
264650.6915 15
264714.0316 11
264792.4145 4
264859.9739 12
264962.9225 13
265037.9184 18
265079.6622 10
265138.4442 14
265218.1053 11
265238.7249 12
265405.6520 3
265535.0740 4
265720.5647 18
265741.4078 13
265868.3935 6
265940.9086 8
266025.2293 12
266210.3955 7
266306.2199 11
266501.2992 9
266591.1878 17
266718.8429 14
266885.5680 6
267062.6206 11
267199.1570 9
267275.9606 14
267432.7616 12
267455.6636 1
267633.4493 12
267669.1667 18
267812.8740 2
267979.4273 6
268139.9784 2
268329.5318 8
268540.9096 4
268653.7328 14
268718.3938 1
268929.6249 1
268968.9091 13
268998.3287 14
269096.4224 11
269204.7732 11
269231.1839 14
269303.6446 16
269505.7676 17
269538.7305 15
269607.3557 5
269803.4706 1
269870.5878 6
270063.3373 4
270270.5905 3
270453.1602 11
270655.4697 13
270751.5426 16
270871.6776 2
270947.7207 1
270995.4238 8
271131.6818 2
271353.8569 4
271482.7787 11
271510.2576 4
271576.4279 21
271618.6491 7
271789.4977 16
271980.4633 16
272108.2651 8
272177.1778 5
272327.4517 4
272561.4048 16
272681.6293 20
272751.3284 21
272840.7254 11
272944.3395 4
273004.1274 18
273110.1991 9
273265.3068 10
273356.7548 7
273550.6442 11
273604.6769 3
273686.9864 8
273797.6801 14
273919.9396 4
274144.9291 19
274292.6008 4
274422.3903 21
274481.8992 17
274619.9599 20
274684.6029 1
274776.6859 13
274928.4219 1
275050.4416 2
275229.3503 18
275419.1699 19
275519.7941 18
275620.8839 3
275803.8833 5
275914.3274 6
276029.0588 16
276161.2914 7
276271.6661 19
276431.4976 21
276577.8840 3
276634.0461 12
276705.2880 1
276823.8994 10
276890.5326 4
276941.4167 15
277116.7523 5
277312.2117 14
277520.7060 20
277600.0821 8
277813.0529 12
277917.6221 13
278001.1372 7
278133.5229 1
278335.9438 7
278455.9472 14
278593.1970 18
278785.7482 6
278903.5127 7
278966.2053 12
279008.9142 15
279029.7736 13
279114.5920 11
279171.7440 5
279215.7402 3
279406.1851 6
279592.7216 20
279632.7855 21
279781.2481 18
279981.9208 6
280049.0780 19
280178.9347 19
280204.5906 10
280245.2907 11
280303.2226 3
280404.3721 6
280499.2932 10
280601.5205 2
280773.3132 14
280866.3219 15
280993.4966 10
281148.3133 4
281313.5667 15
281492.5995 16
281634.0721 14
281759.8928 12
281955.6183 21
282084.3012 8
282265.7577 11
282299.4892 13
282433.6924 18
282489.3699 15
282592.7790 2
282824.0422 8
283031.0051 3
283080.9313 10
283154.5150 12
283297.6370 10
283418.4948 12
283557.8061 1
283719.3115 8
283831.4932 4
283936.1038 2
284053.7001 5
284094.9794 6
284230.6369 12
284338.7125 11
284397.3750 18
284536.3352 17
284704.3809 18
284832.6985 13
284910.7563 16
285058.7507 10
285135.6196 12
285194.4024 8
285407.7266 12
285527.8055 18
285674.3126 2
285879.2816 17
286053.7407 5
286094.8842 4
286290.2109 10
286519.2919 9
286546.6981 19
286587.3417 11
286678.9264 12
286711.3765 6
286928.5813 11
286967.9267 8
287131.2269 8
287265.0523 12
287401.7829 2
287598.6234 16
287750.1154 14
287921.9314 17
288094.3932 18
288260.0517 3
288402.2761 18
288495.8600 20
288659.8379 9
288760.8410 12
288928.9327 5
289041.9384 12
289201.1766 5
289397.0865 3
289608.3555 4
289848.8411 12
289879.7821 18
290041.5477 15
290150.6340 2
290354.0500 7
290501.5982 19
290627.5970 16
290828.6762 8
290988.6941 12
291048.8044 21
291124.0045 12
291150.7397 2
291341.3207 12
291411.7783 19
291522.5477 13
291564.6332 18
291743.4417 12
291913.5608 20
292068.4337 1
292230.5511 17
292411.8819 11
292563.1154 2
292727.3527 14
292935.0918 2
293114.6123 16
293177.8243 18
293353.9318 18
293389.1772 11
293491.1114 1
293689.8776 12
293823.7837 7
293889.6316 12
294057.5768 18
294087.4266 16
294238.5712 19
294355.9025 21
294476.4822 13
294672.1249 11
294853.6482 17
294880.0488 6
295040.8476 12
295145.8855 1
295357.3908 9
295409.4504 11
295561.0689 14
295599.6943 21
295662.0659 12
295709.9538 19
295825.6344 9
295948.0311 14
296013.4030 11
296161.8893 18
296329.2672 3
296478.1381 10
296682.3036 5
296794.8332 9
296927.3201 4
297057.2988 14
297291.5444 21
297408.8848 4
297640.4918 10
297836.4727 11
298010.2720 20
298196.1844 14
298411.4051 11
298440.9643 14
298529.6309 6
298646.4161 9
298694.4180 13
298784.5503 6
298888.8025 7
298963.7327 19
299149.7371 12
299230.0824 18
299380.9351 16
299534.4155 4
299612.4135 18
299767.2667 11
299849.4647 18
299966.1684 12
300129.5201 11
300237.2253 4
300367.4075 1
300557.3706 17
300657.1369 6
300771.4575 20
300793.9451 12
300987.2024 2
301176.3338 15
301279.6348 10
301410.6016 6
301494.1455 12
301681.7414 16
301850.9240 7
302037.6845 13
302076.4841 20
302104.1108 12
302132.4851 5
302309.4352 12
302500.6208 12
302673.4825 10
302768.8486 15
302936.7852 13
303098.3285 13
303299.3786 4
303431.0017 11
303623.9628 11
303657.0281 13
303759.6927 21
303822.3206 12
303952.6981 11
304052.4176 11
304120.2660 21
304290.3283 16
304321.8358 14
304458.7151 2
304641.3888 2
304872.3261 11
304924.6054 5
305122.9785 17
305167.4070 11
305284.7419 7
305417.9462 5
305455.7311 2
305573.7113 11
305751.5510 11
305840.8271 14
305919.6950 16
305989.8632 1
306175.4548 4
306245.7824 9
306390.3767 6
306593.3951 3
306800.1470 4
306994.5282 20
307102.0166 12
307219.0979 12
307399.3777 8
307625.4222 12
307727.1941 15
307890.5693 1
307962.3654 11
308102.0657 9
308283.6086 10
308392.1784 3
308430.2733 3
308595.3162 12
308731.4644 8
308861.0654 10
308919.6050 17
308986.5897 10
309171.0716 8
309330.7438 20
309357.0311 18
309409.7405 12
309576.2294 17
309633.2831 14
309794.1363 11
309972.5062 12
310071.3390 11
310205.8149 7
310397.1193 13
310489.5365 13
310633.7550 17
310777.6621 8
310823.0387 21
310908.3364 12
310952.4333 10
311122.2707 13
311179.9934 13
311373.3453 8
311498.3158 15
311666.8863 10
311750.2341 10
311811.9633 16
311841.7347 11
312034.4358 16
312085.3418 20
312132.8479 9
312235.2493 5
312438.8063 17
312506.2064 18
312625.6488 3
312799.6044 11
312925.5787 13
313107.7381 15
313126.6029 14
313192.8885 18
313330.9814 12
313489.1441 16
313649.4222 18
313745.3625 1
313844.9773 11
313897.5806 10
314087.8606 4
314259.2729 10
314352.4987 15
314386.9344 12
314438.1708 12
314487.2129 13
314637.0854 21
314740.9535 4
314814.5152 16
314868.5595 13
315063.4216 4
315149.7660 18
315239.2383 13
315428.1907 18
315616.9638 1
315729.2198 17
315772.7719 7
315956.2757 8
316021.1279 6
316218.1510 19
316417.1076 2
316646.8044 16
316829.2534 4
317002.9327 4
317090.0232 12
317292.3048 8
317495.2755 19
317624.4411 21
317650.2144 13
317745.2115 15
317772.3370 5
317818.8303 18
317922.3391 17
318012.7128 8
318154.8140 15
318176.0182 9
318291.5316 2
318352.2578 1
318399.8839 9
318487.7904 15
318508.9553 4
318629.4365 16
318792.5004 13
318887.6038 12
319062.0066 21
319194.7797 17
319273.6077 15
319389.5376 11
319566.2581 4
319814.4547 16
319891.8486 13
319969.5857 4
320022.7793 20
320178.8449 10
320358.8415 10
320491.6521 7
320652.8996 16
320681.1178 13
320729.7785 18
320868.3800 1
321041.4602 6
321232.0098 9
321337.9570 11
321429.2163 6
321483.7778 1
321668.0987 2
321900.4068 15
322088.6852 8
322188.0781 13
322268.1764 11
322366.2165 20
322452.4801 8
322544.9739 15
322663.4302 18
322733.3908 6
322810.5414 9
322880.0615 13
323000.8034 10
323215.2832 19
323353.0154 10
323583.1662 11
323680.8730 15
323783.7702 7
323889.7599 18
323941.8070 11
324105.8413 3
324167.5121 12
324215.5393 11
324348.0459 18
324384.8066 13
324418.0502 18
324484.0778 12
324630.7086 7
324663.2416 2
324866.0769 19
324961.3183 19
325062.6247 15
325228.7010 10
325424.1558 9
325490.0933 7
325596.8842 17
325705.7893 12
325881.0583 20
326054.4856 21
326188.9020 10
326343.0085 15
326541.4990 12
326742.6924 1
326957.1261 10
327057.1846 18
327161.5849 11
327344.8440 7
327384.5120 6
327457.1711 8
327637.7441 4
327866.2356 20
327949.8694 8
328116.6176 12
328170.7820 11
328342.4182 5
328405.7601 7
328600.6626 15
328671.1619 18
328764.3746 12
328936.8142 10
329042.1214 5
329198.9542 7
329247.9980 8
329364.3875 11
329523.7322 16
329625.3245 1
329830.2137 20
329995.1622 3
330032.1224 10
330221.8183 19
330323.9399 5
330513.5679 15
330653.0533 6
330881.0318 4
331110.6039 10
331175.4134 18
331276.9296 4
331367.9407 6
331584.4336 14
331769.8926 5
331854.0918 19
331923.5597 11
332089.6980 11
332212.0043 19
332243.7006 9
332339.2174 12
332510.7283 14
332725.1078 15
332837.3628 13
333000.8001 15
333183.5732 1
333280.7668 11
333444.6022 3
333541.6243 3
333734.7923 9
333813.4326 12
333861.3404 18
334030.6826 6
334194.3206 5
334227.2433 12
334254.0251 15
334297.0006 11
334493.9620 6
334572.5765 16
334738.9392 16
334797.3878 12
334844.8529 18
334861.6176 11
335023.5178 19
335046.8280 9
335159.2165 18
335237.4016 7
335274.5190 2
335407.0704 18
335471.4341 19
335596.3696 14
335787.3355 11
335976.3329 20
336075.3801 5
336149.0462 7
336353.0915 13
336483.4236 21
336526.7291 8
336604.6636 2
336793.4703 18
336972.2225 13
337087.5123 16
337219.8598 12
337308.0141 1
337370.4529 7
337401.8635 15
337450.3299 9
337500.6078 14
337596.4059 10
337830.4018 20
338030.4899 15
338200.2074 18
338375.8668 8
338614.8961 15
338696.1939 15
338739.9174 3
338895.5769 5
338982.9152 12
339092.3775 11
339219.2400 10
339365.3783 18
339411.3166 4
339589.0322 4
339838.4140 6
339933.5951 19
340035.2960 20
340153.4898 15
340264.2328 5
340446.7176 18
340524.9532 13
340564.4387 21
340728.4454 7
340833.9760 18
341021.1248 11
341093.2751 3
341303.8093 12
341471.6964 19
341598.8317 21
341780.3379 18
341877.4433 2
341946.8572 13
342050.0679 15
342248.5688 4
342378.3365 3
342584.3643 18
342785.0169 12
342826.7745 1
342923.0893 11
342958.6569 3
343058.5301 3
343165.8528 21
343234.9294 11
343424.6130 20
343499.7510 12
343612.7483 12
343815.1435 19
343928.5045 16
344004.3365 13
344086.2206 13
344248.7654 1
344415.4819 20
344607.5337 16
344701.1376 1
344775.1153 14
344916.1537 10
345092.3810 16
345241.4472 18
345331.8959 9
345499.0136 11
345617.1567 12
345646.8529 8
345710.5243 18
345785.3066 9
345908.7408 11
345983.5266 12
346138.7266 18
346318.7651 2
346524.4231 19
346691.7690 15
346713.3697 10
346912.2827 7
347051.3942 7
347094.8061 10
347246.6060 21
347339.6371 10
347482.4201 8
347711.7277 13
347828.9214 11
347940.3530 12
347985.3929 15
348120.7033 8
348292.9229 18
348428.9890 10
348566.5744 3
348771.2096 10
348966.0231 16
349158.6184 6
349260.8153 1
349419.0082 13
349450.2942 12
349497.9083 4
349599.5470 3
349671.8681 11
349837.3576 4
350021.2197 6
350171.7323 6
350324.0307 4
350492.1892 18
350653.4684 18
350679.5905 8
350849.5760 12
350958.3157 11
351022.8362 1
351189.0293 9
351386.7916 19
351447.8678 6
351627.2374 4
351752.9163 11
351930.6864 10
351989.1936 6
352062.9951 16
352215.9467 19
352272.6142 12
352292.3509 1
352418.2895 11
352437.4056 7
352476.2942 16
352561.7186 18
352680.2821 8
352858.3302 12
353013.7861 20
353056.9735 19
353194.8655 7
353216.8320 11
353297.7556 9
353428.3312 18
353494.0587 13
353596.8465 14
353764.9290 8
353838.6378 13
353885.5122 11
353993.2893 3
354112.4419 13
354202.9680 10
354296.8213 20
354336.6864 12
354451.0273 18
354554.5634 3
354756.5378 12
354837.4770 19
354929.8840 19
354993.5197 21
355095.6789 18
355274.9622 12
355388.6018 7
355410.2900 17
355575.5900 16
355723.5672 11
355814.0008 7
355900.6027 5
355992.2320 18
356163.9224 11
356282.0247 5
356399.3799 1
356434.4003 11
356592.7034 5
356742.8136 18
356807.9579 3
356995.1202 6
357205.8456 16
357337.8136 16
357447.5194 12
357606.0172 11
357714.6956 8
357940.5122 12
357973.7498 12
358032.7986 16
358175.1555 17
358306.0265 6
358518.9592 18
358694.0063 5
358774.3257 13
358831.2814 9
358855.8604 5
358905.8447 10
359131.2977 13
359315.4228 20
359431.9761 6
359616.8776 13
359776.0338 4
359855.0690 12
359907.4779 17
359989.0235 10
360143.0533 17
360270.5422 20
360367.9630 10
360582.2588 3
360615.8240 15
360721.6421 3
360927.3946 21
361045.0507 11
361144.1917 21
361284.4615 14
361502.5389 12
361528.8449 16
361567.2659 20
361670.5660 10
361760.7148 8
361841.8105 19
361911.2646 4
362029.1184 7
362050.5494 12
362164.5007 18
362196.2411 9
362350.7706 15
362529.7271 18
362719.4372 16
362921.0633 11
363081.2117 18
363152.1046 17
363291.0935 15
363325.7502 21
363400.7974 11
363463.0183 2
363638.4735 8
363732.9401 4
363851.3752 5
363947.2050 5
364090.8918 9
364255.9895 2
364346.0933 6
364451.6239 12
364585.2021 7
364750.4416 1
364856.6189 15
364957.0278 18
365117.6949 11
365277.0929 14
365376.5303 8
365435.7125 2
365672.3403 12
365718.8445 18
365882.6872 18
366047.1496 4
366123.0548 11
366239.0805 11
366356.7429 6
366567.4968 9
366696.0447 3
366902.2019 8
366995.5768 18
367096.7594 11
367253.6473 18
367294.4334 20
367368.5036 7
367491.0899 1
367581.2168 21
367648.3833 12
367799.1346 20
367889.0956 1
368077.7883 17
368192.6247 11
368324.7127 11
368474.8316 19
368616.9942 11
368722.6284 17
368906.0256 20
369028.3754 11
369231.5562 18
369429.2952 19
369483.7427 16
369559.9124 14
369787.7370 7
369861.1118 5
369994.5596 3
370077.9704 12
370271.0441 19
370452.8306 13
370533.9454 15
370566.3881 11
370742.1058 12
370826.1480 15
370921.6543 11
370973.1749 11
371166.1200 6
371230.0787 21
371400.2523 14
371567.5692 15
371592.4608 11
371768.9476 7
371864.1827 10
372089.2813 11
372190.4965 9
372246.1354 3
372381.1102 18
372518.7526 11
372559.5256 4
372752.7615 3
372792.1195 8
372888.3742 17
373073.6534 9
373269.3891 9
373471.8987 13
373644.3152 11
373773.2662 11
373906.5047 15
374059.9005 8
374153.9504 12
374299.5773 6
374408.2694 18
374582.0731 14
374765.4389 4
374833.7583 6
374924.5718 9
375121.0900 15
375182.9640 14
375345.1947 14
375456.1801 11
375486.5544 1
375624.5218 18
375679.7749 12
375759.3744 2
375914.0658 6
376146.0493 11
376320.5598 8
376482.0397 20
376525.3515 17
376683.0812 12
376739.0415 17
376885.1120 12
376957.9321 20
377002.8669 7
377082.3909 11
377106.9522 11
377248.9077 18
377371.7366 16
377446.2462 11
377531.2236 21
377578.2934 9
377637.0881 11
377689.4060 2
377800.9037 11
378004.5451 10
378223.2232 6
378312.2559 9
378507.0821 12
378584.0697 12
378631.2677 3
378749.8554 12
378852.4119 20
378918.6027 11
379052.9885 14
379223.3920 3
379294.6814 5
379348.1325 20
379529.3804 12
379700.2716 14
379851.1150 7
380009.0200 7
380113.3639 15
380139.0441 14
380304.9190 12
380492.5534 3
380565.0171 11
380680.1437 12
380817.7050 6
380998.7228 9
381083.8008 8
381142.9862 21
381224.7678 12
381272.6915 8
381328.6798 12
381422.0330 10
381564.0479 7
381679.5933 18
381797.5023 1
381952.1297 5
382163.2516 8
382266.1126 1
382383.8127 2
382618.5434 8
382790.6402 5
382892.9591 18
382993.5805 18
383170.1331 15
383291.4017 1
383341.4038 9
383519.4656 11
383545.6325 17
383635.5318 2
383766.7651 5
383830.4598 4
384031.4355 20
384226.0541 12
384422.9634 21
384496.1270 5
384637.4689 18
384788.4242 18
384899.8350 2
385121.6133 16
385259.7615 14
385434.2371 8
385609.9181 5
385687.3485 11
385859.1477 17
385949.6098 13
386126.9745 7
386222.8238 18
386292.5612 4
386351.0876 6
386517.0121 11
386539.3908 12
386599.2765 12
386628.3715 11
386744.8652 20
386856.8421 4
386971.2206 21
387117.9437 12
387258.8650 1
387339.6263 3
387410.5125 12
387436.0858 5
387463.7825 18
387662.8763 3
387803.8325 15
388001.7330 10
388118.6958 9
388207.3096 6
388281.3405 14
388371.7550 16
388551.0933 7
388657.0824 21
388819.5250 18
388971.6689 3
389029.8183 19
389175.4232 1
389244.6540 7
389278.3829 2
389465.3612 1
389621.2992 13
389707.3646 1
389852.8897 6
389985.5158 20
390083.8965 19
390104.1444 7
390234.3741 3
390270.4057 11
390350.8235 16
390465.5627 11
390577.1219 17
390695.5880 12
390768.0743 19
390904.0698 20
390983.7690 1
391174.7958 1
391275.4577 12
391461.6107 9
391511.9674 15
391712.1738 2
391870.9397 18
392061.5283 21
392265.5636 16
392366.6516 11
392463.0539 5
392517.6389 1
392615.9286 13
392688.3956 20
392764.9472 5
392809.3437 16
392934.5543 5
392983.5808 14
393154.0335 12
393222.5988 11
393281.2636 18
393367.3738 7
393532.4464 9
393681.1802 18
393719.2813 11
393802.1768 13
393839.1560 18
393996.1166 5
394108.6395 5
394310.7301 19
394420.0769 10
394600.4111 12
394751.8163 7
394795.2339 6
394988.9933 2
395119.6734 9
395305.1970 1
395393.8267 6
395615.7415 4
395752.4779 18
395815.3633 18
395960.5547 21
396149.8279 10
396288.7621 16
396483.2536 18
396636.1970 10
396746.6965 11
396887.7391 16
397064.3240 16
397144.3641 17
397253.1682 3
397302.2990 1
397458.2148 11
397530.5800 19
397727.8379 15
397761.1638 12
397952.5444 12
398029.9661 1
398244.2281 3
398421.1455 16
398615.2771 14
398700.8828 12
398781.7911 5
398975.5794 4
399045.1460 9
399221.3673 11
399287.9469 16
399478.4325 16
399504.1351 19
399702.7562 5
399797.7177 11
399970.5325 17
400116.6942 8
400183.7906 21
400223.7754 18
