2959
34898.2602 13
34940.5980 18
35108.2445 12
35131.0708 11
35270.8850 14
35364.0299 9
35476.7514 12
35665.4573 8
35886.0016 16
35940.0533 2
36095.0955 19
36277.5134 10
36506.9220 21
36565.9694 14
36625.5446 6
36856.8183 18
37041.7796 15
37167.2738 11
37295.8655 21
37361.1930 5
37438.5133 6
37641.5588 16
37844.0639 21
37973.2716 9
38089.3194 15
38137.5169 11
38220.8714 12
38322.9233 12
38452.3984 16
38622.4107 17
38687.9553 4
38837.3192 8
39011.8174 12
39187.6174 2
39368.5764 12
39559.1612 3
39768.5811 16
39910.0629 12
40032.6669 11
40132.1011 8
40270.9572 16
40401.3076 11
40576.6515 11
40649.8203 11
40838.0491 14
41071.4757 9
41177.0565 15
41262.5494 14
41384.8120 5
41421.4946 4
41610.1510 11
41687.1487 15
41832.9929 11
41931.2452 20
42002.9393 16
42133.5497 5
42328.1494 1
42409.7242 11
42510.5014 18
42583.2531 1
42655.8664 18
42676.7039 14
42885.2684 8
43079.4466 12
43243.2078 11
43312.1671 7
43424.1958 12
43495.0202 10
43581.1669 4
43655.2793 12
43796.1100 1
43886.9371 9
44037.1676 12
44151.5931 1
44200.0754 10
44400.5322 18
44552.5367 7
44724.0883 1
44913.1757 8
44931.0666 6
45151.2874 4
45222.3838 11
45377.2090 10
45526.6015 7
45577.1374 8
45615.1923 18
45766.7845 7
45844.3095 12
45866.1424 11
45925.1257 20
46007.4654 6
46176.1269 21
46305.6113 11
46482.8170 6
46624.8472 10
46717.9764 12
46803.1242 12
46959.8228 7
47097.7691 14
47165.1288 5
47337.7583 10
47416.9194 3
47495.1214 5
47626.1177 11
47773.3087 5
47819.8260 2
48018.6630 9
48185.1512 5
48334.8319 2
48553.9544 12
48724.5564 14
48812.2950 20
48992.3111 13
49121.7635 17
49174.1505 12
49284.6440 11
49407.6015 15
49457.1124 6
49646.4617 10
49772.7430 20
49836.5892 9
49990.6612 10
50054.7307 9
50086.2454 4
50285.3391 19
50335.1420 9
50456.3993 15
50520.5619 20
50692.3835 3
50873.9668 21
51049.3672 19
51129.1150 11
51155.8415 10
51275.6539 14
51469.8607 11
51491.2985 14
51575.1641 18
51650.0415 17
51782.0608 6
51920.3519 20
52101.6821 11
52272.5628 3
52320.1687 18
52377.9883 14
52445.9445 17
52544.0770 9
52702.6282 12
52808.7573 3
52973.7466 12
53163.1660 21
53322.9765 21
53454.0868 3
53622.3645 1
53681.3296 8
53771.8938 10
53983.6754 8
54125.8834 3
54219.5744 7
54361.3110 11
54445.3904 17
54641.2373 12
54835.6385 21
54980.2605 6
55084.2810 17
55162.0804 10
55304.2841 11
55505.7327 3
55675.7160 21
55754.7866 8
55836.2271 12
55927.5276 3
56037.5276 13
56206.3558 9
56249.5165 2
56353.8223 11
56400.7476 8
56489.2472 21
56522.8972 13
56678.3174 2
56853.9852 14
57071.8586 15
57223.4493 18
57256.3436 12
57388.4432 12
57448.4536 9
57548.4919 1
57717.3969 4
57921.0494 2
57986.3087 21
58128.2627 18
58307.7209 14
58356.6515 9
58431.8766 15
58614.2607 20
58769.0706 16
58884.2509 10
59108.3968 21
59233.5102 10
59440.2777 21
59519.2483 10
59592.2156 21
59683.5142 12
59796.5472 9
59855.9294 12
59934.4251 1
60045.2048 3
60158.4632 13
60283.6474 15
60353.4438 13
60526.6718 14
60727.3130 12
60805.0571 11
61001.9599 5
61204.2093 16
61228.9224 11
61257.1162 21
61337.9112 13
61373.3723 13
61434.4180 2
61585.3656 17
61741.9675 9
61763.1746 3
61900.8772 5
61957.4775 12
62115.2899 11
62245.0820 11
62431.2941 12
62512.5899 15
62547.2168 21
62752.3188 16
62794.5286 18
62822.0956 13
63023.7273 12
63126.9407 2
63292.4048 12
63360.6477 11
63541.4030 16
63701.8187 11
63861.7309 12
63945.1330 4
64093.0121 11
64132.7891 5
64222.4656 11
64371.9814 6
64521.9082 6
64722.4167 15
64891.2512 21
65030.8262 9
65221.5411 19
65302.7042 18
65374.0379 4
65531.5821 4
65787.1850 14
65841.2738 9
65979.2507 21
66047.4010 7
66148.1220 6
66307.5225 8
66494.1273 2
66680.4180 5
66830.5342 3
66924.5972 21
67106.7427 14
67329.6201 7
67427.0305 17
67471.9824 10
67655.1861 20
67831.7505 12
67946.3594 20
68008.4692 2
68228.2401 17
68396.2185 12
68583.7003 19
68688.3367 11
68798.1578 5
68998.5880 15
69029.1187 12
69222.6024 2
69420.7582 8
69639.3455 12
69807.8512 9
69879.0215 15
69905.1421 19
70024.0722 12
70147.3073 8
70203.5209 16
70339.2732 15
70540.9317 15
70684.6951 1
70759.6089 7
70806.5178 8
71033.1800 7
71144.5530 12
71247.5813 11
71434.1639 20
71453.9601 17
71518.3222 1
71585.8183 15
71603.5679 8
71657.4076 17
71688.9532 9
71827.1458 11
72012.1275 11
72147.6221 8
72236.1046 4
72378.8269 10
72568.4230 14
72712.6744 5
72740.9039 11
72817.5875 7
72839.2806 11
73030.8043 7
73165.0236 12
73312.9037 1
73356.2026 1
73546.2623 11
73610.7264 20
73807.8904 21
73905.4713 4
74112.3438 11
74163.0757 20
74367.3404 5
74549.9599 18
74634.3319 14
74686.7764 13
74747.2802 7
74840.5325 20
74870.1129 7
74999.0996 12
75171.3774 12
75341.2003 19
75407.0230 7
75461.6040 10
75514.6613 18
75612.1726 1
75737.0091 11
75936.7390 12
76003.0004 10
76185.1289 8
76277.0024 11
76443.6165 15
76477.4641 3
76654.9345 12
76679.3724 8
76774.4123 15
76866.2305 11
76885.4261 21
77018.1360 14
77179.0127 4
77369.7173 15
77504.8211 9
77658.1091 20
77774.0773 12
77803.5695 11
77901.8979 20
77994.1790 6
78108.7649 9
78224.3173 12
78314.9497 9
78452.2959 16
78532.5837 15
78692.3009 18
78754.2972 3
78950.5564 18
79127.6288 18
79173.0750 15
79220.9688 8
79400.9981 6
79559.4325 12
79750.7687 14
79893.4805 13
80027.2959 4
80191.1120 18
80354.7610 6
80470.6397 19
80650.0114 20
80747.7132 15
80843.2493 9
80908.7957 1
81080.3448 1
81197.7964 3
81271.7454 8
81396.9425 5
81514.7122 9
81678.9968 8
81752.3237 11
81942.5140 12
82136.0078 10
82324.0548 11
82524.7617 18
82609.9504 20
82683.3985 11
82868.5969 15
82932.3266 17
83131.6737 21
83289.6287 1
83437.9725 7
83535.2835 14
83741.7554 14
83794.9399 12
83920.5560 13
83953.9189 15
84008.0923 19
84117.2594 2
84249.9154 20
84330.3227 11
84526.4487 4
84597.9463 5
84691.2322 9
84817.2197 12
84982.6181 12
85137.7425 3
85332.8131 5
85391.7359 2
85625.7455 14
85731.7676 16
85903.3789 16
85963.0756 5
86041.4253 12
86176.4443 2
86293.3626 5
86341.8799 5
86448.0887 19
86466.9899 12
86516.7975 18
86639.2472 15
86783.4596 14
86908.6679 10
86998.1680 1
87205.6106 16
87281.2329 19
87418.1729 17
87473.8344 19
87612.1228 16
87707.5654 12
87812.4431 12
87920.1013 19
87966.9578 7
88159.2479 2
88369.6785 15
88475.3180 11
88504.8432 13
88614.8278 4
88695.1846 13
88787.0777 12
88865.6303 8
88923.0810 11
89067.0004 16
89167.2567 7
89309.5761 10
89387.5810 18
89448.7917 20
89514.5001 16
89617.7648 12
89765.0049 15
89879.6975 11
89943.7401 16
90024.4785 15
90057.6199 4
90239.5710 6
90438.5030 11
90458.3134 11
90539.4313 12
90700.9322 14
90748.4041 3
90878.8771 12
90990.6551 11
91132.2202 4
91278.5777 10
91419.2008 9
91616.2440 3
91805.0667 13
92007.4191 15
92175.6719 15
92223.8582 6
92353.8129 15
92412.7445 19
92433.4446 19
92532.6503 9
92552.1415 1
92658.8862 10
92804.5795 9
92964.4798 14
93114.5540 21
93263.2605 10
93334.4033 14
93510.0685 12
93673.2373 20
93840.9999 10
93910.0036 12
93975.3805 18
94152.7264 12
94220.9402 7
94368.5969 11
94483.9648 8
94607.3002 18
94775.1212 12
94799.8001 3
94831.3859 10
95044.3678 15
95239.8429 12
95362.3778 1
95428.9134 17
95511.3471 18
95620.9491 19
95723.8638 12
95847.3026 1
96048.1346 18
96156.0990 12
96195.2200 14
96239.0979 13
96432.9051 10
96542.6610 12
96700.2280 11
96766.4784 8
96880.1254 21
96977.5983 9
97150.8194 20
97194.5188 14
97256.2105 11
97279.3031 6
97345.8579 16
97426.0721 12
97611.5788 15
97668.9854 14
97770.3711 8
98001.5906 4
98080.4885 12
98266.4504 3
98354.9810 12
98424.8361 16
98605.6218 11
98745.0032 11
98781.8054 10
98995.0276 4
99194.0122 17
99333.6923 12
99389.1528 10
99505.0411 10
99680.5247 3
99843.0393 4
100023.0932 3
100157.3112 13
100218.2069 8
100297.0428 11
100489.3157 15
100585.6133 20
100713.8887 3
100791.0573 18
100899.7484 3
101081.5258 13
101121.7489 9
101218.3695 11
101372.5438 16
101536.3349 11
101605.5577 11
101736.7292 17
101820.7361 18
101982.0024 12
102077.5515 6
102208.3280 14
102352.7600 18
102439.2202 8
102637.5819 16
102752.5789 17
102893.3573 11
102957.5970 10
103138.2090 10
103339.2053 5
103505.3603 20
103535.3796 20
103656.5842 16
103733.8401 6
103851.2473 14
104054.7760 6
104271.8494 20
104310.6461 12
104491.3322 17
104669.8981 9
104713.5735 10
104768.7387 8
104945.1796 13
105021.8323 10
105245.0913 3
105421.3368 15
105609.3732 2
105757.1880 21
105940.3433 15
106056.6161 8
106230.7858 3
106305.7969 12
106413.3362 16
106517.9861 12
106648.9021 15
106850.0330 12
107033.8365 2
107156.2281 11
107334.6731 20
107384.6857 12
107578.9648 12
107768.9067 1
107915.8191 9
108004.7902 3
108058.7971 10
108099.3319 20
108249.7593 21
108304.1639 17
108462.0519 6
108552.0709 19
108732.0104 16
108776.0761 11
108808.9509 18
108949.5483 9
109060.4459 21
109102.4325 14
109287.2289 12
109416.5693 15
109549.8130 2
109641.6029 10
109829.0969 5
109906.5537 13
109985.6224 11
110067.9762 16
110133.6279 9
110248.8134 12
110416.3490 11
110565.7605 12
110703.2436 4
110776.8903 15
110938.2930 8
111080.7369 14
111219.7126 1
111430.7612 14
111494.0177 9
111618.1114 12
111679.8795 2
111880.5643 8
111940.9137 19
112014.4545 11
112202.2272 9
112325.9725 11
112433.1250 17
112506.3782 9
112679.1396 9
112861.9541 11
113022.1335 12
113117.0009 20
113146.8649 3
113308.0602 9
113376.3331 8
113564.8480 12
113599.9357 21
113636.5154 12
113709.3364 13
113877.0186 12
114015.2973 6
114092.7176 1
114274.3428 5
114425.6761 6
114523.6404 13
114623.9415 3
114668.7016 20
114760.1044 5
114816.0067 7
114912.6302 11
115097.8473 5
115207.1600 16
115358.4483 9
115413.4728 6
115621.1400 12
115644.6991 16
115845.4282 1
116000.2374 14
116098.6104 10
116336.7992 18
116439.1059 18
116524.5082 17
116710.3040 5
116908.3737 8
117116.5344 11
117184.2217 20
117342.5097 11
117473.0817 16
117496.9423 8
117593.3509 7
117777.0471 20
117974.4739 5
118123.0112 10
118316.6702 3
118511.4044 11
118581.8399 6
118741.2010 5
118864.3727 9
118931.4093 1
119039.4998 17
119131.6764 18
119209.9927 13
119328.4680 6
119381.6956 11
119568.8748 1
119682.3727 5
119879.4445 3
120039.4294 6
120180.5350 2
120348.5406 9
120398.4577 11
120451.1409 1
120615.5583 3
120742.0608 6
120938.2884 18
121058.5899 11
121172.2964 18
121272.7981 3
121393.3647 17
121576.2674 3
121757.5048 12
121868.5530 7
122051.2484 20
122073.3744 17
122262.7616 14
122441.4005 21
122510.2331 11
122563.8445 16
122666.7158 21
122703.6885 12
122731.4319 1
122796.0106 8
122986.6225 7
123161.5988 7
123362.5918 4
123526.8222 5
123646.1904 11
123734.9783 16
123913.0811 17
124036.1922 7
124174.7980 9
124260.2329 10
124279.9421 11
124310.6890 7
124360.5683 21
124464.4544 12
124659.7322 17
124752.1888 8
124906.0225 14
125077.7958 13
125150.1078 18
125258.1456 4
125358.8807 4
125591.7029 17
125734.3359 11
125852.6716 7
126042.9316 19
126098.5925 14
126196.5905 18
126239.2741 3
126404.3135 12
126532.3699 16
126631.0283 11
126675.8690 1
126727.9378 12
126802.6300 19
127003.9719 14
127083.3131 5
127169.5618 17
127289.0178 12
127322.6176 3
127514.4472 16
127597.8993 1
127702.1074 14
127942.1461 6
128013.1374 18
128142.6583 10
128337.2718 21
128427.5772 1
128561.1754 17
128637.1780 11
128672.2579 14
128759.3734 15
128827.4591 15
128895.5033 8
128966.4576 4
129195.7818 12
129270.6991 9
129317.4345 1
129378.1169 18
129541.3308 13
129590.1805 18
129674.2573 4
129735.5591 18
129775.8135 16
129966.2114 5
130134.8635 2
130266.4450 18
130357.2203 11
130547.2577 11
130664.5741 12
130745.4449 16
130832.5011 20
130944.5650 16
130965.8765 11
131081.8926 19
131108.4942 11
131288.6924 17
131417.7457 16
131582.8087 11
131769.9650 16
131943.8774 11
132109.4915 2
132305.5158 2
132529.2318 11
132605.6978 17
132699.0763 15
132836.5735 2
133052.8309 12
133254.7376 11
133430.8371 11
133503.8003 1
133539.8644 13
133617.4604 21
133723.9065 19
133923.8459 12
134107.5438 7
134203.3423 4
134387.3619 18
134464.6894 20
134658.0441 4
134795.3646 11
134965.4471 15
135145.1653 17
135212.5644 11
135343.4518 11
135392.5037 11
135459.9270 12
135530.4413 6
135655.0057 9
135746.6216 19
135908.0373 4
135985.9374 20
136043.6833 16
136142.4667 3
136353.8983 4
136457.2195 13
136630.9382 8
136718.5816 11
136746.2062 18
136820.8735 7
136992.8604 8
137097.4430 5
137277.4545 18
137462.2983 11
137590.8405 15
137767.0952 11
137885.7114 19
137919.4032 13
137978.1958 21
138053.3447 9
138141.6177 13
138296.1329 18
138355.1477 11
138511.9676 19
138670.1023 12
138777.2094 11
138946.6018 15
139080.4940 17
139183.2700 8
139400.2480 7
139437.5629 12
139616.7699 17
139759.6736 2
139979.0829 12
140063.5472 18
140202.9499 15
140284.6646 10
140421.2625 12
140530.1484 21
140595.1445 11
140735.4818 5
140946.4111 16
141144.8243 5
141340.7358 5
141543.3736 11
141613.4507 12
141779.7186 11
141965.9999 9
142007.5635 14
142161.2869 12
142314.3438 9
142475.8080 11
142526.7652 15
142581.9162 12
142632.3546 20
142813.4002 20
142916.4553 11
142978.7062 17
143002.4164 11
143180.7250 12
143349.5585 11
143462.3445 20
143529.4824 11
143568.5667 9
143766.7957 11
143954.6669 17
144119.1684 21
144250.4287 10
144438.4846 12
144559.8097 12
144653.5930 12
144794.0590 8
144920.1010 3
145125.0427 18
145267.1520 19
145427.2319 3
145489.9420 12
145625.6780 15
145776.2760 13
145848.8747 11
145896.6781 15
146060.7287 18
146130.8576 4
146319.2946 8
146460.3202 19
146559.6687 2
146689.7189 8
146787.6493 12
146812.8590 4
146866.3195 7
146989.8127 1
147205.2681 8
147319.7545 5
147492.2135 11
147568.1135 20
147591.1289 17
147738.7418 12
147875.2016 21
147975.3508 14
148089.2746 17
148176.6680 15
148217.4816 20
148377.1390 17
148465.6020 11
148567.6699 17
148627.7043 12
148780.9196 14
148918.6204 2
149144.1443 11
149219.6830 8
149295.1279 1
149490.4912 16
149513.9765 11
149542.7827 12
149666.2245 13
149780.4854 12
149822.0635 3
150000.8807 5
150211.8627 2
150392.9788 11
150457.2513 16
150581.3474 17
150706.7178 7
150862.5985 16
151024.4089 19
151175.7948 8
151285.5065 2
151334.3860 11
151486.4696 11
151518.1732 11
151642.2785 1
151831.2115 21
152024.8185 2
152206.1725 6
152404.7652 11
152577.2275 8
152805.5160 15
152882.2907 11
152960.4034 10
153141.2739 13
153257.1876 15
153419.5248 13
153605.8864 15
153795.4282 8
154009.1305 17
154151.8473 21
154332.8934 11
154358.8594 1
154415.3774 11
154605.4141 12
154718.1762 18
154870.5937 2
154966.2456 11
155020.6837 2
155184.6603 5
155230.6901 21
155252.1910 1
155438.1093 5
155652.4579 2
155735.9258 12
155934.7605 5
156078.3203 17
156162.5456 11
156331.6656 15
156522.1747 13
156579.3690 12
156741.3181 20
156919.8802 4
157126.6398 13
157247.4131 20
157312.1893 11
157423.2701 16
157488.4732 5
157519.6128 12
157658.0583 12
157702.2273 12
157873.1818 2
158072.6945 8
158138.6082 3
158229.3665 5
158378.1619 10
158597.2006 11
158660.2596 20
158792.0178 11
158887.2681 16
159076.9288 11
159132.2603 7
159308.0310 13
159436.5076 2
159587.0372 15
159607.3329 11
159721.3820 6
159819.4844 15
159944.6805 13
159985.1567 13
160025.4552 4
160173.4944 2
160285.0345 4
160521.8198 5
160704.4500 12
160789.1781 11
160926.3708 5
161084.9629 11
161188.0244 11
161379.7263 20
161481.6451 18
161646.7739 7
161785.4447 12
161966.4262 13
162117.2857 11
162172.0654 2
162425.0148 12
162516.7908 3
162558.4497 10
162750.2671 18
162820.5425 10
162940.3929 3
163013.7264 17
163120.5727 4
163278.1100 16
163469.3877 19
163530.9142 11
163565.1790 12
163663.6291 1
163831.4827 2
164059.1851 8
164242.1969 19
164275.6775 18
164327.1087 10
164524.7814 5
164607.3592 15
164684.7646 7
164754.7798 18
164819.7678 1
164909.4196 2
165010.9831 15
165085.0399 11
165138.8657 1
165289.5566 7
165484.5743 3
165689.6630 21
165780.1774 15
165859.1275 5
165936.9305 20
166052.2001 11
166227.7088 11
166301.2387 11
166352.1154 12
166373.9835 14
166555.8979 16
166715.8175 11
166805.2707 1
166868.3850 11
167036.0823 5
167088.1079 17
167282.7853 18
167364.0920 11
167514.4576 8
167567.0437 12
167690.2508 5
167896.5685 11
168010.5186 13
168059.5609 12
168202.6430 17
168274.7925 4
168372.3301 10
168564.2409 12
168680.7965 5
168855.4042 6
168907.3711 19
169070.1217 12
169211.6867 13
169253.1926 18
169312.5078 14
169518.1998 2
169650.5038 18
169773.2404 11
169969.4412 12
170084.9868 11
170246.4693 19
170411.8120 12
170556.4264 14
170718.6237 21
170854.7943 17
170978.4733 21
171051.8257 12
171094.4369 18
171248.0545 21
171309.1278 21
171436.5381 10
171555.6760 12
171717.0235 18
171794.3597 4
171961.4947 11
172036.8352 4
172199.8271 11
172360.4216 2
172423.6689 6
172528.3918 15
172560.7799 14
172778.4260 20
172872.2314 11
172972.2843 2
173025.2233 13
173197.3475 13
173347.2358 11
173407.0986 12
173595.8351 20
173722.0861 7
173777.2724 17
173976.1607 1
174008.0669 6
174103.2454 11
174249.6844 2
174309.6539 11
174471.3839 13
174636.3172 19
174834.2607 11
174950.5382 3
174985.1542 12
175066.6865 14
175150.6434 7
175313.1594 7
175361.9630 21
175508.2115 20
175631.7997 12
175826.3596 11
175865.2482 11
175933.7447 6
176119.8431 3
176298.5665 4
176458.6794 6
176589.2943 3
176685.5821 9
176787.2833 10
176930.8083 21
177100.1849 9
177140.5682 12
177276.8210 9
177438.1633 8
177552.8484 10
177641.2737 10
177859.7876 9
178010.1652 7
178130.6587 10
178358.5258 3
178529.9338 13
178623.3024 21
178672.4144 4
178846.9055 11
178989.7923 12
179087.8860 11
179263.9999 18
179332.5354 13
179532.8029 9
179646.8246 18
179820.5223 11
179900.8756 11
179941.7535 12
179975.2645 8
180197.4661 17
180398.4294 12
180438.6290 13
180587.1248 6
180785.1369 11
180816.6761 8
181045.6866 2
181153.5333 18
181254.5913 11
181399.4651 9
181488.9888 1
181706.8223 12
181825.2794 7
182020.0910 11
182084.7751 14
182182.5697 15
182315.7533 21
182493.7033 17
182634.0907 8
182740.9530 11
182823.2162 12
182977.7519 7
183006.0582 11
183079.5319 16
183122.7652 11
183149.8305 5
183196.0972 18
183324.8819 4
183537.3011 5
183740.6271 18
183808.1317 21
183879.8682 12
184014.7001 6
184191.9924 11
184332.7598 14
184441.6222 5
184555.4856 20
184598.9232 16
184635.9902 10
184746.3133 9
184947.9825 5
184992.4723 3
185110.2609 15
185200.0560 9
185249.6129 13
185349.3088 14
185459.7547 6
185681.8633 15
185748.7693 6
185941.3038 21
186110.5758 12
186279.2327 11
186478.5060 20
186529.3871 6
186607.5359 4
186665.0694 4
186826.4746 11
186862.6902 6
186952.4370 4
187038.6637 10
187063.2194 9
187154.7294 15
187273.0376 17
187397.1734 10
187594.2013 12
187690.6837 13
187815.9005 19
188008.9996 4
188165.1211 18
188302.1294 17
188425.3282 21
188620.9767 12
188756.4054 12
188832.9457 1
189011.7785 21
189120.9011 3
189235.2908 10
189352.5256 17
189448.0163 4
189603.5239 10
189650.3699 5
189765.5589 19
189839.4562 14
190036.5875 19
190148.4772 4
190300.8207 12
190339.5832 13
190369.6613 16
190557.3546 8
190714.9058 6
190929.4822 6
191056.5603 13
191133.9457 6
191214.3883 12
191300.8454 2
191368.1752 11
191442.4715 2
191635.8003 11
191749.8870 2
191876.0075 11
191985.0127 18
192119.7843 9
192259.9866 21
192387.6276 1
192570.2429 12
192595.7269 18
192746.0109 19
192842.6950 17
192991.6414 18
193056.1658 7
193183.3757 3
193259.3686 20
193397.7606 3
193534.8517 5
193702.6670 12
193815.2211 18
193990.5195 12
194035.4200 20
194130.7727 2
194282.2630 18
194418.7013 18
194510.1469 1
194544.0679 4
194615.3786 18
194680.8564 4
194857.6176 12
194906.1207 11
195094.3403 16
195265.1405 11
195346.6812 10
195505.5312 19
195707.4454 11
195854.1144 4
195915.0268 11
196110.7036 2
196340.0146 6
196573.2146 5
196695.0504 16
196723.5404 4
196817.0714 15
196842.5143 14
196974.7736 1
197067.8359 18
197134.9602 14
197214.9145 1
197407.9327 11
197558.0098 19
197632.5066 12
197680.4681 11
197826.7661 18
197959.1102 11
198022.3280 15
198059.3334 3
198154.2835 19
198330.4726 5
198496.4077 11
198515.8738 7
198599.1146 14
198686.5096 11
198777.9059 17
198885.1409 11
199075.2023 1
199197.1451 13
199367.2768 6
199508.8790 17
199538.5874 4
199682.3606 11
199796.2358 12
199979.5912 11
200012.1225 6
200171.3133 17
200248.5557 13
200291.1202 18
200350.3211 11
200463.1612 16
200655.8230 2
200788.7924 3
200994.0722 20
201087.8695 21
201112.6658 7
201183.7278 16
201242.0171 21
201275.1616 1
201395.4655 1
201488.8425 4
201662.0030 8
201782.4395 11
201901.4357 12
202049.4988 11
202106.3780 16
202242.5935 4
202391.9281 12
202462.3754 18
202632.4331 7
202702.6557 18
202736.1100 6
202789.6438 11
202886.5452 12
202974.5595 17
203173.3214 19
203210.6355 6
203330.1099 11
203512.5020 11
203593.7435 11
203683.6202 18
203875.7043 11
203995.2011 7
204042.0917 17
204199.9858 7
204395.4171 14
204568.5941 15
204761.4269 15
204831.9813 20
204951.5342 12
205041.5236 12
205121.4282 11
205296.5536 13
205328.9606 20
205368.7540 2
205463.0735 21
205507.1256 18
205595.3966 16
205687.9110 16
205809.9107 18
205986.4095 12
206023.4483 11
206085.4459 4
206255.3854 7
206320.6956 5
206399.2858 16
206527.6659 18
206605.6340 13
206717.1716 11
206907.8596 8
207063.2264 12
207241.9062 18
207312.0144 1
207500.9199 14
207719.3310 19
207803.3913 1
207936.9398 17
208130.7987 2
208350.5230 10
208558.3031 3
208751.1757 16
208818.3795 4
209038.7009 3
209194.1457 11
209335.6236 3
209393.6603 11
209488.4215 12
209616.9181 6
209686.6701 12
209863.1102 5
209992.6012 14
210087.6530 8
210105.3420 8
210165.3153 9
210343.9684 12
210450.0943 11
210636.5304 12
210690.1559 18
210753.1943 11
210929.1910 9
211101.7311 19
211162.5546 16
211286.1984 18
211437.8396 12
211543.4926 5
211616.8190 21
211673.9031 20
211856.0040 15
211894.0362 19
212001.1997 7
212106.9675 15
212241.8802 18
212258.7341 18
212412.7627 12
212607.4336 5
212657.6825 11
212713.5987 6
212767.4585 3
212970.4125 3
213103.6780 16
213206.1319 8
213378.2055 3
213565.9723 10
213650.2670 5
213715.2065 3
213816.9065 3
214004.7670 21
214157.7227 4
214211.7136 13
214303.7089 12
214418.0222 5
214562.7549 8
214703.1755 21
214857.0772 2
215020.7259 16
215105.4610 15
215240.6144 10
215428.1228 4
215527.3387 17
215708.8541 18
215805.8237 11
216005.1124 7
216165.4788 18
216263.3904 12
216310.2924 17
216456.7809 11
216588.0560 20
216738.3382 16
216790.1334 12
216891.3581 12
217043.2806 9
217202.2720 14
217414.1294 18
217598.7280 3
217672.2269 11
217822.3231 20
217923.2149 11
218018.2670 11
218056.2177 13
218169.1696 17
218268.4539 19
218322.5749 4
218554.2875 16
218635.1094 9
218835.2897 16
218880.7345 11
218959.6777 12
219002.2345 15
219037.5697 7
219238.5023 6
219300.9974 12
219376.0327 7
219543.9833 17
219643.0565 13
219774.8736 9
219960.8763 16
220159.1893 4
220268.7135 18
220442.6111 12
220615.2145 18
220717.1860 14
220904.0454 3
221076.7540 18
221202.4259 8
221299.3645 10
221321.6418 4
221515.7596 11
221634.4021 18
221830.7619 11
221998.6688 11
222063.0102 11
222137.6310 15
222306.2898 9
222495.1881 21
222623.3707 11
222762.8541 2
222972.4177 11
223030.7543 7
223101.0560 8
223167.6616 11
223353.0800 2
223554.1674 19
223609.2484 2
223854.5621 11
223987.3045 18
224061.1548 13
224218.5038 18
224286.2115 11
224429.8904 11
224629.0153 18
224678.2994 5
224733.0990 11
224870.6117 15
224976.4231 18
225062.1847 14
225239.4161 21
225382.4816 11
225568.3897 19
225759.6626 4
225887.2720 1
225998.2366 4
226085.5241 1
226251.5731 9
226285.3564 11
226432.2794 20
226583.2124 14
226689.7754 3
226745.2023 11
226890.0674 1
227030.7865 7
227137.2276 8
227263.0878 5
227424.5173 7
227571.2680 21
227688.2168 8
227820.2567 12
227972.5446 10
228146.6007 11
228179.4744 8
228328.2055 14
228465.5864 6
228575.0997 2
228686.7228 3
228838.1366 17
228990.2452 4
229115.8033 16
229207.0833 12
229367.7607 15
229486.8795 14
229582.1436 2
229802.0783 9
229932.6583 21
229973.0930 13
230138.0132 8
230361.5070 10
230490.4686 18
230691.4917 12
230811.9876 1
230903.3764 18
231034.5230 18
231170.6473 18
231270.8601 12
231451.6749 11
231649.4837 6
231878.6087 7
232022.0173 7
232116.0357 12
232318.1528 15
232375.2979 11
232488.2059 10
232670.8007 1
232840.9713 10
233029.0970 14
233085.7590 13
233130.5402 13
233256.7112 16
233358.3482 5
233531.7092 17
233585.7310 13
233628.4854 1
233682.6174 9
233873.2270 21
233955.1926 18
234126.7206 12
234273.4606 20
234358.1730 11
234390.9026 11
234424.4319 15
234620.7216 15
234666.4055 11
234761.4314 17
234814.3688 2
235018.1055 7
235088.1856 15
235163.7718 9
235280.3167 18
235452.5395 8
235567.5033 15
235669.2042 21
235806.8831 11
235968.7154 18
236080.4776 18
236099.8573 21
236193.1858 2
236272.4147 5
236454.8272 4
236611.8837 13
236682.9882 10
236866.1182 6
237034.7310 2
237103.7181 4
237263.8392 10
237432.3462 21
237549.6116 11
237665.1174 12
237714.1601 5
237756.7413 11
237840.8662 17
237947.1476 17
238083.3491 21
238268.5487 1
238427.6449 15
238577.7090 17
238745.8255 17
238849.4140 17
239014.7444 15
239131.9599 8
239300.6508 7
239483.4100 7
239610.2774 16
239794.4820 11
239825.6389 16
239891.9606 2
239981.2002 11
240036.2288 13
240204.2220 1
240360.2136 6
240468.6943 2
240694.9780 20
240758.6838 4
240992.8964 7
241052.7863 18
241090.6107 2
241152.6763 6
241209.2476 13
241370.2671 18
241424.7434 8
241497.8221 14
241689.7686 15
241829.3012 11
241989.7663 21
242040.6961 1
242136.8898 2
242374.0590 11
242509.8222 1
242557.9529 20
242653.0285 16
242716.9534 7
242919.1176 2
243091.4070 10
243224.4800 19
243321.8641 11
243357.2063 3
243524.8268 16
243585.6641 8
243700.0546 21
243854.6105 2
244050.3172 16
244125.3478 12
244316.9398 12
244488.5723 12
244530.6786 18
244652.4458 10
244859.1958 3
245001.9843 17
245139.9562 12
245276.1658 11
245338.3926 2
245563.3191 11
245630.4089 12
245794.4362 9
245969.4513 16
246151.9372 8
246213.7467 18
246414.8577 3
246462.4431 8
246624.7426 14
246711.0837 6
246847.8904 19
246951.0086 8
247184.5984 12
247350.8340 14
247589.4356 1
247712.6546 12
247820.8540 11
247955.2003 11
248124.5528 11
248282.0986 20
248355.9016 18
248437.1680 4
248653.6355 14
248799.3005 18
248888.4654 19
248918.1189 20
249081.5176 13
249263.7190 13
249395.8563 15
249436.1252 3
249519.9134 10
249727.5808 9
249839.2556 17
249882.5492 5
249967.2032 8
250022.8383 9
250048.5812 12
250197.2273 19
250320.6061 7
250443.9023 10
250552.9969 14
250626.2729 12
250777.9945 11
250821.5242 9
250987.2571 6
251206.2025 18
251345.7905 17
251407.0053 16
251449.3927 12
251644.7033 18
251673.4971 1
251886.7120 6
252052.9924 10
252169.4039 12
252353.6271 17
252523.0571 6
252723.0787 19
252814.1304 11
252839.1582 12
252967.8050 1
253160.3552 18
253312.8527 11
253448.2323 2
253687.4886 12
253737.7046 17
253885.7849 15
253949.3684 18
254097.3121 1
254220.5835 2
254424.9098 11
254598.5499 17
254789.0466 11
254839.9148 11
254992.0647 2
255148.8221 16
255214.5175 19
255396.5115 11
255436.7839 18
255468.1565 7
255500.8892 11
255678.6226 15
255755.2537 11
255924.5267 11
256057.4798 11
256101.1126 9
256248.5110 2
256482.8100 4
256610.8828 13
256648.1862 12
256750.6697 6
256849.5925 15
257005.1924 18
257057.9105 13
257212.9833 6
257299.0321 3
257437.0341 11
257612.5288 21
257803.6398 11
257892.4446 16
257956.7096 14
258129.9421 2
258228.0832 15
258331.3956 11
258447.3377 18
258541.8465 21
258635.5500 18
258812.2927 2
258923.2528 13
258979.9403 3
259029.5078 9
259151.9086 16
259317.0247 7
259478.2961 17
259505.3464 5
259692.6053 13
259901.5599 1
260036.0868 19
260126.5871 12
260181.5375 4
260353.7155 12
260478.3091 12
260530.4503 11
260597.5699 19
260681.1261 12
260728.8303 11
260770.7017 15
260854.6932 12
260925.6678 16
261123.3180 18
261245.8708 14
261396.1635 12
261475.1049 12
261655.8814 9
261836.8745 14
262040.3561 4
262245.6409 13
262285.9601 1
262373.5750 6
262505.8342 21
262606.9106 18
262755.6856 4
262989.8199 11
263080.1997 8
263289.3469 2
263512.4986 5
263677.7339 3
263721.5833 11
263820.9952 6
263947.5199 17
264012.3936 16
264036.7608 20
264096.6252 6
264158.9038 10
264260.1756 11
264371.0293 12
264467.4953 10
264691.6395 6
264776.8996 10
264858.0012 15
265046.6878 2
265136.6802 12
265309.2040 18
265451.0149 2
265571.1544 2
265699.6856 1
265821.5172 20
265982.0201 11
266081.1928 20
266198.4390 20
266220.6085 11
266309.4428 12
266431.7691 18
266567.4701 6
266709.3684 8
266737.4840 7
266813.6903 16
266918.5617 18
266951.9295 19
267022.1121 1
267165.2536 12
267188.3938 5
267381.1577 12
267520.5795 16
267575.3689 11
267670.5338 10
267849.5571 16
267969.4275 9
268108.3756 11
268221.6989 16
268410.9404 17
268501.4608 18
268697.8782 9
268900.1477 16
268982.6263 7
269138.9545 13
269305.5023 17
269395.9999 16
269510.0907 14
269681.5644 1
269757.0500 17
269777.5289 10
269882.8783 11
270025.1591 2
270219.9308 11
270412.2945 13
270570.3874 6
270671.4972 11
270830.1606 9
270966.0353 2
271124.5650 19
271179.6545 8
271363.5830 8
271506.1627 3
271682.4747 5
271803.0865 4
271963.0838 10
272168.0500 6
272327.8088 12
272456.8795 20
272491.5431 2
272611.2314 18
272803.1970 12
273003.5821 17
273081.6736 15
273166.0708 13
273218.3270 8
273336.3274 12
273536.1126 6
273734.9205 11
273914.1506 15
274053.4790 19
274217.5026 12
274304.6763 12
274330.0387 3
274435.9982 8
274550.4207 17
274710.4117 4
274841.5094 16
274937.8987 1
275079.0736 12
275196.3093 4
275262.2371 14
275418.4132 5
275539.2097 19
275615.3888 2
275711.7236 6
275781.3798 3
275900.2267 3
276019.0892 18
276194.8996 15
276272.4199 14
276504.2010 13
276663.0532 12
276719.5040 4
276883.3028 2
277063.2184 17
277219.8131 4
277333.1715 19
277376.8682 19
277444.7435 8
277618.5837 12
277721.5707 18
277907.9729 16
277995.4265 4
278144.4545 2
278356.3594 3
278514.3265 11
278596.9404 5
278645.5969 12
278666.1631 8
278827.2417 9
278913.7139 17
279078.1878 17
279270.2855 4
279467.2702 14
279616.7680 9
279663.3212 1
279801.4240 9
279929.2764 11
280033.2492 19
280054.0716 1
280144.7492 8
280300.0581 12
280321.1398 20
280415.0653 4
280614.6956 13
280799.5063 1
280916.1351 1
281080.0746 11
281109.0135 11
281210.6413 5
281393.4355 21
281519.9088 14
281740.8351 18
281832.2921 19
281967.9246 18
282040.0157 3
282085.4351 9
282223.1570 5
282262.1107 8
282448.1605 17
282569.4089 20
282736.3000 19
282893.0735 3
283066.2820 5
283198.2001 14
283370.8177 3
283398.2006 2
283488.9076 11
283551.0053 10
283577.5902 14
283667.0175 11
283789.3551 15
283872.0866 4
284076.7308 5
284149.3312 12
284302.6354 19
284381.3293 14
284511.8806 12
284551.5599 16
284641.3538 16
284715.7445 4
284853.4801 12
284923.6769 11
285026.9048 7
285151.5226 2
285382.3145 4
285526.3484 1
285692.8464 21
285837.3071 14
286038.7714 19
286192.2714 5
286262.3305 8
286319.6506 3
286374.2273 12
286562.7048 13
286680.7522 2
286757.4842 14
286873.1309 21
286920.0538 18
286979.5112 14
287066.5590 11
287093.1352 18
287283.0557 4
287512.1423 14
287738.3343 7
287818.3020 19
287890.1093 19
288040.6452 11
288064.8402 19
288082.9033 11
288227.3751 12
288295.6597 21
288445.6711 20
288631.7117 20
288688.3350 7
288722.0430 17
288885.9158 20
289021.8327 9
289074.3493 13
289145.8067 12
289327.0976 7
289433.7021 1
289574.9014 18
289754.6519 11
289954.0984 7
290141.9705 1
290245.7546 8
290350.2967 13
290482.7510 10
290596.5285 14
290804.7543 9
290933.1584 11
291099.7743 9
291182.0293 11
291330.2440 14
291413.4540 5
291528.8403 14
291605.3274 11
291730.6825 12
291752.2774 9
291797.9590 14
291975.2077 3
292178.3973 2
292393.7780 11
292550.0891 2
292720.7432 9
292822.3269 8
292983.0467 6
293119.1506 10
293193.5636 4
293303.3175 20
293334.8793 20
293510.7880 20
293590.7626 17
293720.3708 20
293915.8939 10
294011.2108 5
294089.3222 11
294281.1325 7
294367.5936 10
294524.7024 12
294568.6675 4
294718.4136 14
294910.1750 12
294970.7787 5
295148.1151 11
295222.5179 4
295394.0729 6
295473.2277 11
295568.1695 20
295634.2550 4
295705.6051 9
295738.5873 9
295762.9364 13
295918.1811 21
296018.9370 14
296235.2103 4
296469.8114 16
296514.4084 12
296581.6505 3
296757.6351 18
296812.6821 10
296849.1221 10
296958.8968 2
297058.6090 3
297096.4131 10
297212.0413 21
297335.2255 12
297441.5093 14
297599.6629 5
297640.6581 19
297789.9605 17
297887.5865 17
297919.6621 10
297970.2347 11
298058.8221 19
298178.6791 14
298307.5794 12
298346.2969 12
298392.0373 4
298542.8044 20
298708.4057 10
298850.8606 6
298952.8204 11
299110.9507 6
299299.1539 13
299468.4652 17
299648.8749 8
299728.9786 14
299959.4968 21
300114.3436 17
300260.1771 17
300329.7458 2
300389.2066 2
300483.3621 15
300561.1209 7
300706.5143 12
300858.2213 11
300989.2982 12
301148.3125 18
301216.9667 11
301395.7952 4
301545.9423 21
301694.5931 11
301730.4492 2
301876.8398 11
302079.6564 18
302117.3957 9
302157.0067 6
302371.6335 19
302533.6603 11
302634.6268 14
302781.1890 11
302975.7477 10
303061.2579 1
303136.3696 20
303265.2275 18
303352.2739 19
303415.4816 7
303460.9208 20
303558.9188 8
303767.6686 11
303819.0702 20
304007.3566 13
304110.4205 19
304256.3732 12
304287.8126 6
304340.2398 20
304520.1629 16
304577.3929 20
304748.3512 4
304819.2293 11
304881.1365 20
305040.8765 11
305195.6156 6
305253.3178 19
305318.0932 3
305475.7396 19
305640.6898 18
305768.2419 12
305813.6124 7
305882.3468 9
306041.9087 8
306105.8842 4
306282.3043 18
306350.5199 18
306389.2221 8
306459.4168 9
306569.0816 15
306603.8641 1
306699.4952 21
306833.6477 20
306920.1643 2
307048.3849 18
307230.8977 13
307395.3093 9
307430.3965 18
307519.8631 17
307563.4376 10
307760.2914 21
307923.8235 5
308000.7137 8
308109.4679 13
308195.7362 3
308348.6585 11
308499.4702 12
308677.7421 15
308706.6469 11
308754.5307 1
308856.8819 7
309054.9038 21
309130.5873 11
309171.9853 11
309194.7899 12
309291.8326 21
309480.3441 16
309551.4224 2
309759.5949 12
309928.8211 11
310074.9827 10
310188.4218 7
310367.5183 10
310501.8354 12
310680.9232 18
310720.4039 3
310911.7029 5
311091.7500 18
311183.0424 1
311360.1992 11
311391.7128 18
311411.5773 17
311543.8545 3
311683.3354 11
311841.0352 14
312027.2601 2
312179.0602 15
312311.9158 9
312372.8007 11
312425.3805 5
312512.5718 2
312594.0699 18
312652.2354 2
312754.6573 21
312846.6700 10
312904.2060 14
313103.3970 11
313125.0375 6
313338.2889 11
313460.0495 7
313570.0128 20
313726.7711 11
313819.4807 18
314005.8463 15
314033.3133 6
314233.1932 2
314404.3943 4
314542.3290 12
314735.6972 12
314851.9855 18
314915.2971 15
315048.2736 15
315228.2407 6
315328.5803 14
315544.9050 12
315659.5462 18
315685.0595 13
315839.6779 18
315898.2193 21
315932.7011 18
316087.3981 3
316294.6615 13
316458.4776 19
316623.6988 19
316811.0316 12
316926.9618 15
317011.9651 6
317143.5160 9
317243.0654 6
317298.4833 18
317427.3292 11
317473.8176 17
317522.5014 18
317597.2567 1
317788.6068 12
317972.6108 2
318031.5696 5
318149.6089 11
318231.5069 17
318275.3015 11
318372.6317 5
318550.3760 11
318598.0636 2
318845.8905 4
319033.6317 9
319108.6324 13
319309.0503 15
319421.0019 12
319447.9302 5
319506.6483 4
319720.7336 12
319874.3878 2
320066.1336 11
320242.4183 6
320312.9702 4
320493.2496 11
320547.8654 6
320761.6836 6
320839.7836 15
320863.2295 2
321029.6543 11
321179.6562 5
321240.1261 1
321455.8131 16
321576.4775 20
321605.7438 1
321771.3745 11
321975.4593 19
322051.9704 12
322255.3124 18
322368.9689 8
322561.1735 9
322610.6649 12
322775.6733 14
322809.8001 2
322873.9712 1
322933.9651 3
323094.5913 16
323281.6470 18
323301.7815 18
323339.8848 11
323449.4390 19
323557.0385 11
323588.3235 4
323668.1079 1
323715.1544 19
323801.7636 17
323904.3497 2
324013.2241 13
324190.5646 11
324374.0916 16
324482.4460 6
324539.2755 19
324725.5177 15
324852.5008 18
324907.0250 7
324988.2211 5
325096.9769 20
325132.9018 10
325311.9630 20
325474.1979 11
325594.0775 8
325686.0743 9
325781.6508 3
325919.8343 7
326071.4500 11
326200.0844 10
326423.7256 9
326575.4596 7
326735.2814 18
326874.1020 2
326989.8530 12
327024.3921 20
327130.8981 11
327197.0770 2
327326.3157 21
327366.7243 8
327445.8036 16
327611.9567 2
327690.9578 3
327855.5579 11
327874.8936 21
327917.2445 17
328061.5716 17
328087.4315 21
328285.2769 9
328466.5557 8
328623.4864 9
328699.6597 2
328925.2372 11
329040.0569 6
329222.0093 6
329378.7486 12
329396.9762 16
329486.9249 11
329638.8646 5
329801.5014 6
330037.6812 11
330203.3593 20
330308.3645 12
330403.9778 6
330648.6486 5
330759.6035 18
330778.3695 21
330969.2190 12
331124.1106 1
331248.1822 9
331321.7968 15
331458.6801 7
331554.7894 5
331599.3315 21
331762.8023 3
331878.9213 18
331989.8405 14
332220.8762 8
332290.5753 15
332370.2703 5
332465.1743 17
332557.1076 8
332732.5203 13
332914.6208 4
333097.7454 14
333192.4629 20
333356.8929 20
333513.0212 11
333666.5923 6
333788.8353 16
333864.0839 10
334040.1711 18
334161.0988 7
334326.7627 12
334499.6165 11
334669.8005 17
334824.2843 19
335008.9122 14
335071.0924 3
335152.4448 15
335258.8057 7
335372.0458 17
335472.9621 18
335525.8220 7
335676.5150 6
335759.6132 12
335957.4757 6
336044.1171 17
336188.8744 18
336310.2173 11
336376.2948 17
336470.3536 3
336498.2538 9
336615.9021 11
336762.4148 15
336830.2270 17
337029.9022 12
337217.7422 21
337419.5032 20
337448.9225 11
337534.6033 11
337627.8739 16
337693.3354 18
337768.9318 18
337866.1018 8
337984.2716 8
338145.4824 7
338162.8147 5
338219.7450 18
338348.0200 14
338550.8814 3
338587.1457 1
338666.4056 18
338823.9060 11
338866.4535 16
339064.5159 14
339170.4577 6
339231.9005 13
339314.9201 19
339426.6228 21
339613.3382 11
339770.8171 9
339923.7563 2
340098.7283 12
340236.6920 11
340412.3439 18
340534.2551 9
340590.9741 1
340695.5686 21
340825.8058 4
340941.7381 4
341154.9825 16
341235.5972 21
341409.0129 21
341519.3271 11
341616.7273 6
341801.6970 21
341868.3855 8
341933.3821 11
341962.9850 5
342121.3312 6
342323.0453 15
342460.3575 20
342618.8528 1
342829.4046 8
343002.1595 5
343090.1064 3
343179.4352 17
343290.8500 21
343312.7456 12
343371.8617 2
343454.7808 5
343535.1158 18
343645.0980 11
343839.8589 17
344042.8443 3
344233.2963 14
344320.1955 19
344383.4799 18
344431.3435 7
344585.4679 20
344674.5810 13
344829.0150 6
345068.1229 18
345242.8140 18
345303.9957 19
345430.3502 11
345604.5462 13
345655.8049 11
345783.3180 19
345886.7430 5
346078.1338 17
346198.0426 19
346309.6159 8
346506.2798 9
346559.8470 16
346681.9698 20
346841.3421 16
347041.7649 12
347118.3057 19
347152.8438 18
347180.9976 18
347275.3900 4
347420.4417 13
347607.0455 15
347728.6449 7
347875.4472 11
347986.3743 11
348163.5408 3
348361.3930 18
348486.5722 6
348552.4935 11
348615.0531 2
348796.7768 17
348978.8136 16
349047.0100 8
349287.8752 16
349319.0488 11
349465.1125 8
349654.3458 18
349696.5305 9
349779.0998 14
349855.2861 10
349912.7749 16
350108.8489 6
350267.6000 9
350312.0218 7
350510.7057 15
350591.4356 11
350663.5521 21
350817.2531 3
350981.2485 10
351115.0753 21
351169.1589 16
351337.7493 16
351434.9008 6
351659.4337 1
351721.4020 4
351849.9843 4
352070.2354 15
352182.1373 18
352276.9140 11
352343.5934 21
352390.0235 13
352584.8702 12
352664.9479 17
352852.2268 1
352965.4951 3
353009.2619 5
353049.2530 7
353080.1398 7
353261.8828 17
353452.1875 12
353479.0666 11
353660.4038 3
353718.2119 1
353883.5560 12
353945.8974 3
353992.1649 18
354084.4466 9
354181.0208 5
354356.2679 12
354378.0625 18
354508.2054 5
354634.0665 10
354671.8605 9
354708.8022 10
354779.6716 12
354930.6781 9
354982.9584 21
355147.7461 4
355238.5635 19
355267.0048 6
355357.3813 20
355496.2390 8
355632.7073 21
355736.2547 7
355894.7853 7
356020.3782 13
356115.7554 11
356276.1951 18
356396.2397 1
356592.0266 9
356675.3334 8
356782.7652 8
356878.4307 11
356911.0878 2
356988.9553 14
357118.9755 18
357268.5686 21
357459.7085 3
357513.9759 2
357587.5463 19
357695.5344 11
357753.6309 9
357807.9158 8
357978.8719 10
358078.7666 6
358241.9662 12
358325.1899 20
358421.0579 15
358481.9672 15
358540.2305 20
358590.7841 1
358668.4445 8
358783.2819 10
358810.5245 2
359016.0418 10
359052.1936 4
359279.1025 9
359368.8096 2
359535.0852 7
359626.6193 15
359757.8999 1
359941.5722 7
360087.2110 2
360307.7683 11
360435.5449 11
360632.6522 15
360737.9283 18
360797.9533 11
360897.7370 13
361072.5075 7
361231.3424 19
361344.4061 18
361463.0905 20
361555.9979 5
361626.6567 13
361751.7300 8
361948.5905 13
362118.1970 12
362207.2135 14
362260.4299 3
362423.4974 15
362603.5965 1
362810.8951 18
362860.0658 18
362931.8555 7
362984.8412 21
363056.6206 12
363210.5443 14
363419.0216 8
363569.1425 18
363627.9613 20
363686.3332 14
363884.9272 18
363953.4947 7
363992.5739 5
364123.6668 19
364177.7420 15
364310.3220 16
364463.7035 20
364510.0927 13
364695.8906 4
364852.9757 8
365003.9738 14
365122.8919 11
365326.1308 12
365375.7637 11
365414.3681 1
365527.8408 7
365661.5775 15
365718.7497 7
365865.4848 18
366018.7393 7
366042.1871 16
366222.0399 9
366352.5295 13
366552.8273 9
366591.4547 4
366745.3733 10
366767.7346 12
366810.7011 9
366880.2249 11
367047.1358 10
367136.0740 19
367288.6448 11
367394.3434 11
367554.1865 19
367598.3497 11
367778.0919 11
367937.4839 10
368028.3348 11
368120.3883 18
368300.6455 11
368389.5034 1
368561.5206 18
368680.9381 2
368874.2513 10
369040.3949 9
369074.1149 17
369215.7536 9
369254.9286 11
369279.8517 17
369377.8233 1
369521.1467 11
369622.7721 15
369707.2115 17
369755.4922 20
369881.2260 4
370086.4226 12
370144.9189 7
370296.6161 12
370358.5696 9
370497.4215 10
370568.9910 6
370739.4768 11
370862.2801 16
370913.5032 17
371023.4459 20
371044.5811 20
371089.2028 7
371171.7272 7
371373.1204 8
371510.2987 1
371646.8498 8
371743.4626 8
371802.1591 11
371968.7725 5
372073.8797 9
372168.3733 7
372236.1334 11
372419.0168 12
372588.5268 11
372639.6336 21
372805.0372 20
372911.8492 21
372993.3593 19
373161.7560 12
373184.1423 4
373285.0019 18
373447.3348 10
373600.0815 13
373770.6862 5
373873.4958 10
373953.3166 7
374111.7801 8
374309.5400 19
374478.6907 5
374548.3867 14
374739.2454 1
374899.3256 18
374991.6582 15
375046.6750 4
375126.0671 9
375211.0806 4
375422.5260 18
375464.5751 8
375676.3552 3
375871.1409 19
375920.1392 12
376008.2421 18
376197.4093 3
376306.0953 21
376430.5385 14
376615.6170 2
376739.7310 15
376783.4132 9
376890.1529 20
376977.8915 20
377028.6621 8
377131.8440 8
377285.0000 7
377400.1282 12
377505.6743 10
377556.1289 20
377614.1743 16
377807.2209 1
377847.2713 11
377965.0036 18
378132.7671 16
378253.6724 10
378348.2907 18
378517.5915 16
378630.4106 14
378841.7703 12
378984.9665 6
379174.3017 18
379361.9574 12
379536.7387 15
379729.8676 2
379954.1226 21
379990.8711 20
380166.7139 10
380306.5144 6
380518.8484 19
380653.9254 12
380685.7069 18
380708.8873 15
380872.9324 2
381020.4703 7
381214.6934 12
381397.6817 12
381594.5883 9
381670.0931 16
381786.6049 1
381907.5594 6
381956.7039 12
382057.7722 15
382132.3810 1
382323.0342 8
382463.3890 12
382657.9842 14
382812.5505 12
382943.8906 9
383113.3146 5
383244.7573 9
383270.5017 7
383418.4356 14
383571.5997 3
383739.2627 12
383927.7129 2
384023.3254 19
384183.5558 5
384295.5228 4
384364.4561 7
384530.5898 10
384577.9209 18
384755.1102 16
384887.3251 18
385053.5129 4
385273.0473 19
385324.5364 2
385557.8780 3
385652.5554 9
385722.1334 16
385904.7947 11
385963.1691 20
386075.2934 12
386256.3610 12
386366.3955 12
386562.9019 18
386688.7136 19
386831.7855 1
386916.4088 12
387071.9223 2
387227.1717 6
387305.8759 20
387481.7702 9
387591.3519 15
387704.4586 10
387727.1647 9
387885.0931 9
388001.1240 11
388188.4437 12
388320.4321 5
388496.4339 6
388576.9443 1
388769.7669 11
388796.4735 20
388984.1681 10
389106.7948 7
389280.5603 11
389360.6407 4
389563.3849 15
389663.9935 11
389815.4848 13
389861.4743 16
390057.4183 4
390183.5251 7
390227.4622 5
390348.9313 2
390543.4646 13
390635.3002 9
390812.9750 17
390874.5102 11
390965.6072 8
391073.7670 11
391093.4613 19
391238.5263 6
391293.5774 16
391420.2181 18
391601.4670 11
391651.3544 11
