2959
49841.7747 14
49947.4999 9
50119.8848 13
50291.5160 16
50429.0189 12
50576.3303 12
50654.2615 21
50817.7002 15
50954.5267 21
51140.9914 12
51163.3458 16
51266.9480 5
51320.8248 18
51389.6597 3
51436.7797 20
51518.9468 14
51744.6625 14
51793.8947 11
51817.2606 5
51901.2691 12
51949.5773 10
52068.2227 1
52271.9220 21
52385.5726 12
52564.9509 12
52685.2839 14
52821.4374 12
52975.9093 17
53043.0959 8
53127.9317 3
53332.5092 5
53523.3057 3
53623.7370 15
53649.8309 4
53777.2365 12
53977.3005 3
54032.3783 21
54153.2769 1
54310.1214 21
54462.7200 12
54660.4768 10
54740.6635 15
54910.4286 21
55089.6813 11
55203.0042 10
55393.5799 15
55491.1389 15
55692.6610 18
55854.5052 3
55903.6969 11
56020.2611 9
56190.7576 12
56375.0033 14
56568.6324 4
56782.4603 15
56871.5771 6
56940.4082 11
57129.1410 3
57243.9854 20
57400.3489 20
57547.9245 15
57615.8516 5
57810.4549 11
58013.4851 16
58044.7958 19
58225.0096 20
58310.3922 6
58493.1923 5
58691.7681 1
58826.1504 20
58885.2148 6
59101.5045 4
59336.3980 8
59458.9880 11
59633.9340 13
59781.0135 15
59886.6019 16
59922.4605 17
60110.0226 12
60168.6303 5
60329.5335 13
60371.3192 20
60561.1656 9
60646.1373 19
60663.0029 16
60730.6554 11
60843.6130 16
60919.2491 9
60960.8215 5
61159.4877 4
61324.8916 5
61437.5493 13
61560.8315 17
61653.9727 18
61714.9049 2
61882.8066 11
62031.0636 11
62084.7200 4
62199.9528 7
62237.4545 2
62468.8007 5
62604.2184 5
62661.0546 7
62814.7619 14
63054.2840 11
63254.1480 16
63439.2804 3
63536.2602 9
63641.6577 13
63837.7626 11
63924.8235 9
64077.4884 17
64138.8075 12
64206.5116 16
64396.8106 15
64414.8532 19
64491.8290 15
64685.4588 2
64764.5953 1
64856.4069 4
64960.9508 12
65041.5316 16
65242.5907 18
65443.2895 6
65564.2052 5
65683.8692 13
65892.9332 7
66023.6474 11
66222.8326 21
66365.8594 4
66541.2682 10
66702.7569 9
66840.8727 8
66969.9082 12
67122.6699 12
67158.6958 6
67296.9299 20
67471.5519 15
67664.6659 1
67788.0875 1
67910.6864 2
68002.6135 12
68071.2737 8
68184.9457 18
68221.5629 3
68265.8822 13
68446.2248 18
68522.5660 14
68588.3268 4
68647.3845 1
68802.7647 15
68950.8825 1
69095.8942 16
69207.1508 14
69331.6584 16
69475.8366 2
69556.9237 12
69701.4850 17
69735.2718 5
69868.0207 1
70081.5139 3
70144.0999 1
70242.3739 2
70303.9604 16
70440.1351 16
70642.6044 10
70743.1502 13
70940.1143 5
71117.6068 20
71203.1746 5
71311.7437 2
71533.5884 11
71690.6704 21
71828.3875 13
71902.6827 18
72096.7996 11
72252.8437 17
72359.4079 9
72482.1290 13
72537.2899 19
72738.6317 18
72795.5395 12
72945.1580 4
73047.5140 6
73150.7366 14
73343.5054 2
73562.3402 5
73615.7996 15
73739.8980 12
73774.8400 18
73798.5455 18
73882.3385 5
74002.3851 11
74038.8872 13
74246.4623 16
74395.3972 13
74568.8728 11
74770.0512 9
74971.3302 15
75076.5465 13
75158.0013 20
75224.0635 8
75397.1671 19
75510.0393 13
75702.7157 7
75847.3753 11
75998.7588 5
76025.8755 21
76161.3343 4
76342.2867 5
76503.1354 1
76680.7656 14
76764.0186 19
76881.4281 3
77058.8553 13
77185.3939 18
77206.9075 4
77329.2151 15
77448.4959 11
77506.7088 7
77547.6756 11
77722.4291 9
77747.1819 17
77946.8139 5
77988.1657 15
78122.7032 18
78206.2525 11
78382.1816 12
78546.5306 4
78606.4489 7
78651.2538 11
78735.7330 3
78821.0415 7
78864.8875 4
78937.4250 12
79036.0482 1
79127.4919 11
79287.2467 9
79407.0458 11
79572.8427 21
79599.3712 21
79645.9547 11
79848.0108 11
79916.4145 14
80123.0752 12
80231.7801 8
80349.9693 1
80395.9816 11
80515.8160 8
80737.9696 10
80879.1552 19
80929.5745 12
80984.9683 5
81182.2104 10
81317.2806 16
81345.2141 16
81398.0093 1
81576.6406 13
81634.3239 12
81792.5076 19
81887.2550 1
82087.2745 1
82159.3602 1
82356.7133 11
82551.7721 16
82622.3646 11
82670.2161 4
82808.4903 10
82981.1132 10
83155.2229 4
83249.7475 21
83453.8145 7
83555.1049 4
83712.6493 18
83905.1914 18
84023.8609 3
84203.6986 5
84313.8630 6
84448.0034 18
84556.0914 3
84586.5582 4
84629.7749 10
84818.9227 1
85013.2645 16
85147.9896 5
85271.9649 11
85393.9637 16
85435.6194 13
85541.3059 18
85618.7071 11
85801.8754 6
86044.9018 7
86095.6408 14
86274.3578 18
86391.9505 15
86424.4062 10
86485.2176 17
86669.3326 7
86736.8044 11
86931.1634 3
87021.3853 12
87066.8442 2
87146.2356 13
87311.4101 16
87441.8318 7
87604.6018 12
87793.2182 8
87894.7970 12
87946.8854 1
88109.1797 5
88170.0335 16
88355.2773 5
88509.4350 9
88595.8622 21
88620.5807 16
88701.0365 20
88852.8250 8
88951.4649 7
89043.2356 12
89147.7468 14
89189.6231 13
89353.7134 12
89449.7412 11
89486.6180 7
89599.2876 5
89773.8621 17
89946.3409 16
90070.7580 2
90268.5704 4
90418.6774 20
90456.3601 3
90518.6844 19
90653.2028 11
90713.2050 11
90849.3661 8
90912.8919 8
91113.1315 13
91197.9014 11
91220.7183 11
91325.8868 16
91365.6718 4
91586.1080 4
91787.4586 3
91869.4817 9
92052.8473 17
92097.4675 8
92272.6257 2
92354.9875 20
92494.7881 1
92666.7719 12
92822.0454 11
93013.8733 11
93121.5010 21
93285.3507 3
93380.0966 15
93551.8829 10
93632.7419 18
93801.1867 7
93908.3024 21
94043.6415 12
94154.1548 10
94270.5759 9
94443.1834 15
94632.8360 15
94732.8120 14
94953.8058 5
95057.9312 18
95258.2703 10
95380.7619 4
95570.7876 20
95727.0016 10
95818.5281 4
95975.5534 18
96042.7751 12
96086.4861 11
96153.9886 17
96244.4688 15
96320.4106 21
96396.2644 11
96541.7267 1
96587.0917 20
96649.0273 19
96703.2722 16
96816.0589 7
96860.8237 6
97054.6745 12
97083.8976 11
97201.0571 10
97314.1346 15
97354.0931 14
97504.6547 1
97716.1317 18
97912.4230 11
98103.1349 2
98280.9262 4
98432.1644 12
98592.6223 13
98735.2488 17
98828.8165 3
98891.5888 11
98948.3615 5
99098.0791 17
99203.7096 10
99330.8789 8
99368.6085 19
99556.9890 1
99771.7211 21
99893.9271 20
100031.9093 11
100152.3417 2
100352.7340 6
100501.3994 13
100705.6518 18
100885.4863 14
101118.4005 12
101204.6448 17
101351.3978 1
101482.2633 10
101659.9568 12
101704.8127 12
101832.6581 8
101993.4237 13
102033.9625 18
102092.3543 20
102292.2952 18
102312.7637 5
102517.9202 11
102551.1254 13
102712.1810 11
102904.8436 16
103103.8957 14
103192.1930 4
103324.0135 4
103416.6023 6
103590.9546 6
103695.1383 6
103776.1693 11
103950.7956 18
103971.3949 2
104127.7131 6
104249.4018 20
104343.5692 14
104528.3878 19
104655.1738 12
104851.6687 17
104902.1129 18
105088.8384 16
105226.1684 1
105286.5003 20
105368.9742 3
105442.2623 5
105623.6943 2
105741.4943 7
105908.3751 15
105935.3973 5
106005.5790 13
106088.9826 8
106289.2378 12
106492.7577 9
106511.6327 19
106634.3189 4
106745.3484 8
106930.1029 17
107122.4057 21
107169.8928 12
107208.1871 6
107324.8357 13
107531.7075 3
107720.9142 20
107893.3021 11
108095.6277 20
108197.6332 16
108392.1969 20
108468.8889 4
108673.3881 13
108831.7175 12
108952.2409 8
109058.9587 6
109216.2932 12
109333.0740 18
109526.1785 18
109588.7242 17
109775.6426 13
109816.8489 5
109884.0360 20
110027.0222 20
110079.7911 3
110167.7086 1
110265.7157 14
110502.3996 3
110682.7296 8
110810.9295 5
110995.3029 4
111109.9611 18
111129.4627 17
111301.1108 9
111464.7995 14
111666.7788 18
111737.8717 2
111862.3344 15
112001.4145 18
112177.7035 1
112229.3827 11
112387.0707 7
112410.4293 12
112611.1636 3
112771.1557 18
112968.2152 12
113134.9709 12
113275.2950 20
113298.7757 16
113474.1335 12
113583.0389 14
113798.2055 1
113997.5748 18
114017.0065 13
114204.8823 20
114251.9565 17
114288.7302 12
114307.7198 1
114400.3419 3
114529.1051 18
114615.3868 15
114746.0851 21
114907.3501 20
115009.7471 10
115108.8876 18
115136.8463 11
115262.0820 18
115448.1334 12
115622.8554 18
115777.1479 12
115817.1686 6
115908.5583 10
116021.9702 18
116146.5484 14
116214.8858 3
116355.1326 18
116479.6229 4
116675.4600 11
116846.1920 12
117025.5320 1
117191.2081 1
117257.9634 11
117331.3732 9
117438.3862 16
117489.2416 12
117585.6014 18
117725.2393 13
117850.5696 13
118017.0304 18
118106.7632 15
118135.9494 2
118289.3107 20
118320.9728 10
118344.2690 21
118399.6295 6
118559.0128 11
118668.9619 11
118728.7089 11
118817.8109 12
118992.9212 6
119230.2127 11
119323.9352 21
119380.7644 2
119569.9723 16
119696.3290 16
119869.5397 20
119926.2187 7
120093.0481 15
120114.7372 18
120287.3536 15
120438.4347 14
120646.9045 18
120727.9117 8
120828.0137 9
120899.7904 11
120954.0842 18
121043.6592 19
121069.1909 11
121116.1469 7
121140.3336 4
121295.5790 7
121424.1644 13
121537.0957 6
121706.8071 11
121850.2590 7
121876.2251 20
121980.7311 12
122000.9728 12
122053.1593 18
122231.9168 21
122365.9163 18
122490.7339 17
122564.0601 10
122749.8069 21
122848.1325 18
122926.7430 14
122985.0220 9
123049.9976 7
123240.6026 11
123377.8510 11
123402.4342 21
123484.0275 18
123650.8311 5
123864.1137 18
124017.0478 5
124206.3409 11
124287.9165 19
124482.3554 8
124648.5638 12
124825.5919 1
125034.4735 7
125219.2843 2
125330.3449 18
125374.2398 7
125406.4835 15
125591.1709 12
125791.5137 13
125847.5652 11
126038.6133 17
126131.1955 9
126184.4147 18
126215.5696 1
126315.5530 18
126419.4744 6
126616.8007 15
126811.8659 20
126885.5088 11
127041.2825 14
127126.1545 17
127298.1666 5
127497.4040 11
127677.2470 11
127701.2213 17
127721.4275 7
127778.1032 17
127887.4037 13
127997.7844 16
128083.0096 15
128142.1494 9
128281.8676 20
128355.3461 11
128392.1274 17
128491.0223 20
128592.0543 11
128708.8365 16
128742.3500 11
128943.4732 7
129101.0921 10
129281.1978 10
129469.7717 11
129517.1400 11
129616.3843 15
129758.8783 11
129921.0275 11
130065.3383 15
130153.2230 21
130237.3955 7
130279.8541 5
130430.8684 20
130596.4984 15
130624.7988 18
130655.9994 11
130726.1701 8
130839.2594 15
130902.4305 8
131135.9968 5
131233.2573 1
131358.9645 19
131537.7256 7
131681.1242 14
131740.8698 13
131891.4929 15
132087.8418 12
132149.6192 6
132237.5591 3
132430.9734 5
132517.7722 14
132622.2395 10
132735.7041 18
132848.9325 6
132936.2579 12
132967.6861 15
133113.1888 14
133267.2968 20
133297.0517 17
133364.2149 8
133580.8055 3
133785.8419 19
133973.0392 3
134061.8955 18
134167.0014 1
134239.6707 1
134415.5679 14
134592.6819 21
134723.5699 18
134787.9628 15
134943.6959 12
134972.1824 12
135137.7760 12
135164.8216 5
135373.1484 12
135480.1719 18
135583.4494 18
135604.6523 14
135745.8778 21
135852.2528 18
135996.9007 21
136019.1446 16
136189.7479 20
136367.4735 12
136490.9537 3
136567.5244 10
136754.0510 14
136899.7919 3
137101.2730 16
137134.6549 16
137335.6851 12
137404.2310 11
137602.4026 15
137687.5310 3
137735.9489 12
137771.0642 8
137970.1577 10
138100.8507 10
138166.6561 1
138296.2276 20
138334.0224 7
138371.4743 5
138411.9519 1
138471.5258 1
138664.4378 11
138729.4231 5
138937.4789 8
139103.9466 6
139321.7489 11
139513.1971 15
139662.2004 4
139797.6054 3
139944.3459 12
140069.4042 6
140170.9949 9
140329.6091 10
140520.8701 10
140753.7890 18
140821.5782 13
140935.3071 11
141126.8655 15
141196.3742 1
141288.9344 2
141438.2929 12
141527.8288 11
141627.9997 4
141776.9154 13
141806.1033 11
141886.7161 18
141949.4623 11
141991.6627 11
142079.3282 11
142218.0655 7
142353.6784 20
142396.2131 15
142573.1522 21
142746.2950 18
142830.7233 16
142850.4547 11
142914.9397 5
143088.4045 11
143110.6112 13
143274.6439 20
143425.7737 17
143456.6474 4
143694.9087 20
143792.3439 17
143837.4611 12
143887.7476 20
144080.2084 13
144273.9963 4
144447.5238 1
144524.0707 4
144635.9865 10
144710.2142 11
144776.7347 9
144872.1354 9
145016.5605 5
145050.7654 20
145098.4847 18
145225.4980 18
145315.1659 5
145469.9403 1
145546.2609 19
145665.4676 10
145774.9758 6
145858.4678 12
145913.8759 18
146089.5241 4
146296.9317 16
146361.9845 7
146551.9063 11
146691.9662 21
146746.6723 12
146841.1303 15
147014.1841 1
147061.7167 18
147107.0224 21
147294.6553 5
147504.7417 16
147602.1724 17
147631.3833 10
147855.3814 6
148055.8488 7
148183.5173 17
148278.5644 21
148409.4727 10
148490.3284 2
148739.9069 18
148907.5071 12
149109.5785 18
149214.1676 14
149426.0499 20
149581.2070 11
149634.2203 20
149747.4491 9
149835.5909 14
149964.1788 11
150166.4738 4
150352.1924 11
150435.0454 18
150550.0357 19
150622.1355 12
150824.7732 11
150945.6499 2
151133.1093 18
151297.4531 7
151351.0016 10
151533.6630 11
151736.3828 13
151806.9552 21
151870.8328 6
152025.5729 11
152213.7170 12
152394.1148 16
152590.4195 12
152782.7358 3
152865.2998 15
152896.6761 8
153031.9447 2
153153.7154 14
153375.8533 6
153456.4870 16
153644.4993 14
153809.3695 19
153979.4303 17
154086.6001 19
154121.2187 11
154251.4522 16
154305.0631 3
154482.2885 18
154538.7365 13
154692.9483 21
154885.8607 11
154953.3753 7
155026.6786 19
155222.8298 15
155320.6391 9
155415.2513 11
155447.2385 5
155574.3395 13
155709.4933 4
155816.5108 18
155890.2682 13
155921.9150 11
155988.1873 8
156204.9614 19
156253.4150 11
156337.1697 15
156414.7519 21
156580.0630 10
156661.1615 13
156850.7468 19
157048.1220 11
157208.1598 20
157336.7121 7
157430.8285 8
157495.9621 19
157578.2609 16
157627.2400 20
157724.3762 1
157912.1002 1
157963.4555 11
157981.8811 2
158047.7532 9
158247.5876 7
158387.5833 6
158522.7217 17
158649.5143 1
158781.3771 12
158862.8563 5
159002.2956 12
159192.4326 14
159315.7874 5
159495.7802 8
159571.0843 13
159598.2414 11
159737.6369 17
159811.0371 11
159944.8332 11
159964.4830 19
160019.6042 12
160146.9977 21
160308.9177 16
160342.2936 4
160458.6280 12
160639.0354 21
160697.9128 18
160898.0978 2
160989.6590 15
161009.2641 5
161091.6852 21
161276.0470 8
161436.2493 9
161593.7264 18
161765.9663 8
161942.8165 11
161999.9439 11
162043.7785 10
162084.0247 21
162269.7477 12
162442.6618 16
162531.8065 17
162557.7769 11
162639.8209 12
162721.4889 1
162887.7418 18
162909.9096 9
162943.9424 11
163056.5585 15
163079.5148 9
163230.3227 11
163277.0194 2
163378.2028 12
163510.0209 3
163655.2417 3
163793.4224 11
163827.8949 1
163874.0212 16
163992.0095 11
164183.5020 1
164263.4453 12
164453.9810 11
164647.2873 3
164793.6498 8
164975.5921 21
165120.2240 15
165315.3815 20
165435.2015 1
165633.4143 2
165722.6129 11
165798.0509 19
165834.6284 15
165858.1990 4
166020.2788 12
166089.8587 18
166235.2783 20
166319.3823 14
166362.9981 12
166383.9512 12
166428.7875 12
166509.3774 7
166622.9423 7
166751.1110 13
166878.0018 14
167005.0589 17
167171.3813 6
167375.0482 11
167470.4220 16
167661.1786 8
167740.1450 15
167826.5164 17
167996.3082 12
168159.4062 11
168262.1211 12
168400.0731 10
168597.6339 2
168747.4182 9
168864.8117 3
169069.4535 4
169283.1749 17
169353.1296 15
169422.2107 12
169486.1451 14
169665.7566 15
169850.0050 11
169963.5938 14
170045.9359 4
170236.5274 21
170305.4141 4
170424.0131 15
170484.5138 15
170596.7465 11
170792.3253 7
170895.6378 21
171083.9142 20
171232.5583 11
171311.8873 12
171471.8122 9
171490.9112 12
171555.3757 12
171709.3458 16
171900.6582 10
172022.0700 12
172148.5088 11
172199.9071 15
172388.0647 11
172436.8016 1
172540.9487 20
172744.0825 21
172812.3849 3
173017.2395 9
173046.0513 16
173087.6659 2
173294.2925 11
173447.7522 18
173637.2069 3
173786.2170 9
173935.4260 8
174026.8372 12
174076.1609 1
174253.7635 12
174312.7527 9
174511.6680 11
174633.6264 21
174786.0132 18
174827.3677 12
174986.8767 8
175089.9851 20
175141.4775 3
175247.4739 1
175403.8154 5
175540.6586 16
175633.7719 2
175755.0971 21
175953.0998 2
176106.5773 21
176132.4835 12
176281.8626 16
176455.1570 20
176620.8448 12
176745.4706 5
176864.5956 21
176987.2471 7
177062.3879 15
177238.9016 21
177397.0771 4
177501.2615 7
177617.5819 11
177806.7752 5
177926.7146 12
177985.0850 17
178175.6492 12
178335.1978 12
178510.2474 19
178653.0998 8
178811.8788 3
179011.0806 16
179046.7798 10
179237.8748 9
179372.1006 14
179562.0442 19
179710.1136 12
179762.3582 11
179790.6626 12
179838.5018 20
179999.2322 12
180112.9435 13
180150.2350 6
180372.9820 18
180524.2870 12
180613.7839 12
180645.4012 18
180663.1139 12
180799.4709 8
180967.2716 4
181165.4255 12
181316.7129 12
181417.5466 8
181545.9397 1
181756.3038 11
181872.2623 21
182033.6046 9
182141.5637 10
182218.1829 20
182350.5120 6
182418.0246 1
182550.8514 12
182716.2519 12
182861.3470 11
182990.3939 16
183173.6975 8
183241.8112 16
183286.6898 19
183431.0056 7
183571.9080 6
183820.3670 11
183963.7602 12
184021.6346 2
184135.3003 11
184281.3387 7
184467.8203 11
184649.6823 15
184810.3147 12
184946.0313 20
185043.0129 16
185130.5227 12
185155.9368 12
185265.2184 4
185442.4715 15
185495.0650 17
185660.2873 20
185699.1825 16
185814.8374 11
185914.4388 11
186088.7885 3
186253.2111 19
186350.3144 18
186529.9445 6
186729.0722 11
186854.0243 12
186975.7306 15
187171.5982 6
187389.1277 9
187521.7171 12
187624.0218 12
187752.3874 21
187906.1196 9
187980.2212 10
188049.3999 3
188220.4470 9
188348.3374 14
188471.0043 20
188552.6034 15
188675.1186 6
188836.7255 20
188961.0597 2
189094.8820 19
189130.7106 4
189350.9440 12
189394.3958 2
189616.4073 6
189815.9623 9
189883.4124 12
189911.4586 2
190048.3349 16
190188.1938 12
190322.5797 16
190515.4860 7
190562.6367 3
190768.4440 1
190944.2760 2
191173.0560 13
191210.9026 18
191387.0525 18
191552.0842 9
191604.9651 10
191722.2705 9
191879.4539 12
192079.3050 11
192222.7115 18
192392.6915 8
192570.2275 11
192589.0510 12
192714.1406 11
192800.4498 14
193014.4590 4
193125.6418 15
193243.4596 20
193286.7112 12
193431.7832 8
193541.0521 21
193609.8222 12
193632.4195 14
193712.9466 5
193864.1125 1
193987.1147 7
194080.9859 1
194205.3606 15
194259.4517 16
194438.0385 7
194545.3461 20
194586.1727 7
194772.5332 12
194904.5576 11
195096.8304 11
195269.7444 15
195433.2010 4
195545.6784 2
195683.4138 14
195780.3003 20
195931.5524 7
196051.2723 1
196139.5289 1
196293.7605 10
196397.6940 11
196529.4402 17
196622.0532 19
196703.4603 7
196856.3514 14
196905.6565 12
196943.0430 4
197024.0733 5
197067.2962 14
197286.2840 12
197385.3914 14
197512.3897 9
197712.5838 9
197811.7647 9
197855.8668 12
197909.2574 14
198143.4599 2
198354.0992 13
198469.0734 3
198598.5808 1
198682.5900 11
198716.1496 19
198832.7988 11
198971.8616 8
199158.7658 11
199317.1159 16
199444.5578 9
199518.7850 1
199722.3750 11
199765.3371 18
199891.3585 8
199959.3314 3
200069.7682 16
200259.8880 18
200357.3754 1
200395.5478 7
200554.7745 11
200668.7681 2
200716.8903 8
200822.0644 18
200888.4876 16
201058.8580 2
201153.7108 10
201288.4584 21
201402.6338 18
201572.3435 10
201643.6171 19
201695.2203 11
201855.7733 16
201982.5901 2
202154.3180 21
202181.5087 14
202223.5712 12
202393.4073 8
202506.7666 11
202619.1186 21
202730.4613 21
202816.1019 16
202969.9498 19
203102.9848 5
203211.2975 19
203275.3503 15
203330.6552 12
203379.2548 21
203569.2603 18
203743.0410 7
203797.1742 9
203930.7283 11
203960.9674 17
204000.7152 8
204187.7241 18
204209.5187 20
204279.6564 14
204401.2316 3
204526.9058 21
204678.0118 15
204730.5967 17
204886.8768 12
204919.5136 21
205113.3265 10
205313.0845 11
205508.5489 13
205616.2847 7
205645.5159 6
205783.6436 8
205887.1936 12
205938.8780 6
206062.5037 18
206134.0702 17
206166.8443 21
206341.0128 13
206520.2749 21
206572.9553 17
206755.4098 13
206858.7696 14
207082.8468 21
207261.7992 19
207314.4185 18
207429.5423 20
207495.9557 11
207631.1215 2
207725.6045 5
207774.1704 9
207972.1408 2
208039.6536 5
208203.6527 17
208400.3861 12
208533.9645 9
208706.4567 16
208768.0735 4
208924.4539 18
209048.2398 2
209213.6411 11
209403.4867 1
209487.2459 13
209555.7239 17
209736.2156 11
209772.5690 11
209836.1191 17
209902.4398 11
210099.1538 6
210300.3282 1
210380.5379 18
210566.2836 12
210687.7072 17
210798.8627 9
210896.3129 12
211093.8656 18
211277.7490 1
211456.3956 13
211521.0737 18
211625.2180 1
211805.3131 16
212008.9472 19
212086.4673 8
212275.1546 14
212397.0821 5
212435.4725 15
212566.3925 10
212764.8994 19
212888.6957 20
213084.3055 21
213237.0972 15
213279.6570 12
213387.4941 11
213568.6161 7
213648.5567 14
213710.7936 21
213756.4482 20
213870.3651 6
214051.5884 11
214128.3929 19
214318.1029 16
214393.6789 19
214513.8186 10
214663.1864 7
214746.8407 21
214784.4835 10
214862.1173 18
215008.4579 10
215053.2029 11
215079.6114 2
215297.0849 17
215497.3473 6
215654.7079 5
215838.1409 11
215992.7872 18
216059.2844 3
216103.5638 11
216225.5175 4
216311.3284 2
216378.8932 7
216460.9730 9
216617.8184 2
216750.9900 4
216932.6229 18
217130.0047 16
217182.6319 8
217309.0790 13
217409.6903 19
217612.0922 8
217676.5930 6
217766.5463 1
217837.5398 12
217899.1934 15
218029.8741 9
218109.0437 16
218224.5296 12
218405.3300 11
218455.4823 18
218546.5268 9
218650.8403 14
218775.8991 12
218822.5654 12
218849.4818 13
218973.7685 12
218992.5816 21
219048.7017 18
219120.4237 10
219305.6391 16
219407.5805 16
219513.8380 11
219575.2115 19
219624.2137 2
219786.1612 3
219976.7094 12
220028.5666 18
220097.4892 15
220148.8128 19
220193.1421 9
220359.9669 5
220432.2340 18
220569.7758 12
220669.1752 3
220702.7332 7
220817.2559 12
220972.2001 9
221061.9072 20
221153.7190 17
221203.8093 15
221345.2866 9
221423.8538 11
221626.1674 10
221730.4170 10
221864.1992 11
222024.4956 2
222156.6181 15
222305.9787 12
222351.3501 4
222412.5023 5
222483.9461 10
222707.0215 20
222748.6325 14
222833.6249 16
222967.9860 11
223043.1576 21
223188.7549 9
223291.8147 18
223441.9072 4
223619.8976 11
223775.7114 15
223902.0728 21
223982.6904 1
224173.7668 11
224259.9638 13
224420.7728 21
224551.5208 16
224734.6287 12
224878.5226 2
224970.2742 10
225098.8157 20
225164.5056 7
225314.7741 19
225394.7782 6
225643.6755 12
225722.4492 18
225902.7481 4
226000.6766 12
226101.2262 15
226244.6863 4
226410.8004 19
226517.6564 4
226610.3303 18
226746.2309 20
226783.6632 3
226932.9398 6
227127.0593 15
227301.4656 6
227416.1231 12
227492.4300 19
227540.3014 11
227668.7247 6
227722.4327 10
227827.3016 10
227988.9741 11
228103.3276 6
228294.3699 16
228368.7656 12
228568.8123 14
228663.4643 9
228828.7574 13
228981.8902 4
229168.3022 10
229322.3821 1
229360.5709 13
229451.5459 3
229497.4791 5
229545.7093 9
229690.0788 11
229872.8678 21
229895.5189 18
230078.1216 1
230178.1537 1
230334.0894 9
230383.2732 14
230527.2528 20
230593.7889 6
230700.8215 13
230909.4758 5
231037.9620 17
231160.3232 6
231356.3396 10
231523.6079 18
231603.6336 20
231770.4101 11
231835.7649 11
232019.5276 9
232052.6924 5
232084.2710 18
232173.3058 6
232354.5460 7
232440.7236 17
232531.2898 15
232552.1283 19
232672.6878 19
232806.6417 5
233005.3661 18
233058.7247 18
233154.8086 17
233324.7468 11
233466.4816 11
233536.2361 9
233622.7839 17
233641.3734 17
233702.3224 3
233882.4996 20
233929.4664 8
233984.7352 21
234056.3040 12
234172.1123 13
234271.1858 15
234316.1284 11
234368.2166 18
234447.5483 3
234478.2725 15
234607.1717 7
234758.1781 18
234871.8391 9
234964.6333 9
235053.6876 1
235179.1042 4
235299.7947 9
235380.9106 17
235417.8009 5
235485.8524 15
235577.7474 15
235650.8653 12
235774.9852 12
235916.3051 13
236026.9228 11
236118.5701 13
236152.1583 3
236216.4541 19
236293.8366 13
236394.2703 16
236465.5681 11
236566.8216 16
236716.8073 13
236847.0097 19
236910.7331 1
236981.2585 11
237023.7597 9
237121.5407 20
237202.1719 15
237400.7887 2
237528.1889 12
237641.1817 13
237816.4870 11
237985.6851 11
238162.9026 5
238334.8462 11
238505.0709 21
238629.1306 12
238807.4788 18
238943.1365 12
239096.4732 18
239205.5915 19
239243.1866 18
239266.4151 1
239452.4193 18
239611.0649 7
239771.1799 18
239887.0892 16
239961.1807 8
240058.8884 15
240190.7376 19
240377.6788 16
240580.0416 8
240785.9451 11
240976.5969 21
241148.1590 13
241258.8022 16
241357.5642 20
241459.7222 11
241656.6411 11
241702.2021 2
241854.7967 12
241944.1326 7
242096.8388 20
242133.8891 18
242267.1200 15
242374.2255 12
242473.1526 10
242573.6393 9
242734.2592 19
242885.7405 16
242983.4141 1
243109.5163 8
243272.4623 11
243367.9370 11
243514.0040 14
243617.0284 20
243751.1762 20
243840.2073 5
243970.2046 11
244117.5634 2
244293.1587 14
244508.7984 12
244711.2989 11
244857.9410 16
244961.8839 9
245014.2017 12
245180.6677 10
245250.3072 21
245387.9335 16
245555.6525 16
245620.3503 14
245721.8725 1
245838.9026 6
246020.6882 8
246235.3244 12
246418.6380 10
246436.9018 18
246507.0519 16
246534.1374 4
246597.4201 18
246648.2071 3
246732.9864 17
246875.3776 12
246905.8082 21
246943.5227 16
247106.8136 7
247177.0886 11
247222.5820 20
247338.3488 11
247433.4049 2
247674.8646 20
247767.3990 11
247873.2159 16
247993.3620 6
248186.0393 21
248236.6970 9
248269.0380 11
248412.0600 4
248605.6403 6
248832.6437 6
248943.2487 18
249094.4772 7
249248.0929 14
249289.8416 17
249341.9147 5
249523.2107 13
249572.8099 7
249735.8637 18
249767.2113 9
249964.8452 12
250058.7777 8
250296.3562 3
250416.2636 10
250607.5963 9
250665.5154 4
250902.4530 21
251002.4714 8
251086.9502 5
251208.2133 4
251401.6309 11
251468.5465 19
251540.3794 19
251578.8211 8
251682.1128 5
251842.3253 6
251937.8998 11
252065.6643 18
252207.1185 18
252395.9776 4
252462.0655 6
252580.4501 6
252703.8526 12
252793.1950 8
252964.6336 6
253034.7889 5
253083.2263 5
253176.9245 18
253206.0753 18
253325.5027 12
253478.4983 19
253677.4016 1
253847.3748 4
254006.8163 18
254118.1494 18
254280.3519 21
254458.3526 19
254602.7587 11
254681.9030 11
254776.2748 18
254950.0039 11
255048.4797 11
255122.4826 11
255159.1908 21
255300.6555 6
255525.8011 19
255725.5982 14
255879.6045 9
256045.5452 4
256134.9638 11
256196.0142 10
256253.5326 2
256342.0064 10
256470.3776 9
256558.2220 4
256767.0003 4
256988.5711 1
257086.2161 19
257221.9189 11
257328.8931 5
257431.2644 6
257600.0017 19
257768.0772 12
257792.1792 3
257886.9512 9
257913.2316 1
257975.8330 12
258111.9057 9
258163.8111 20
258198.7885 10
258397.4045 11
258591.6646 3
258723.5092 4
258813.5999 7
258866.9933 2
259074.2566 9
259117.1054 16
259196.5101 12
259222.2325 11
259389.9915 14
259513.9414 3
259666.6222 14
259815.5191 13
259862.3986 6
260010.8728 15
260130.6032 1
260186.2254 20
260321.7728 8
260547.4451 12
260583.7892 10
260661.6498 12
260744.9847 4
260979.1527 20
261086.8589 9
261146.1459 1
261282.7335 11
261414.1219 9
261439.5261 2
261639.8523 18
261727.2221 21
261866.2994 7
262059.3617 11
262168.6553 10
262212.7735 18
262234.9686 7
262400.7938 11
262600.4542 19
262746.3202 18
262805.1874 21
262924.5173 20
263084.4702 5
263180.0244 6
263257.6035 11
263448.1918 1
263561.7352 18
263706.0758 13
263802.9510 2
263911.6448 16
264051.7470 19
264225.1856 17
264323.7571 10
264369.8145 12
264465.8200 12
264507.6625 15
264547.0315 18
264665.7156 6
264767.5848 6
264968.2457 5
265102.0983 11
265280.1021 18
265387.9353 13
265425.5635 13
265580.0281 9
265727.5765 4
265898.2021 18
266015.7246 11
266047.7959 12
266139.5073 20
266269.4207 11
266352.2120 18
266505.5266 7
266691.1208 4
266932.1244 8
267141.6632 11
267295.8969 8
267378.5643 16
267464.0503 16
267566.4909 20
267591.4048 11
267752.1327 8
267835.2946 20
267975.8764 11
268054.9747 21
268177.7095 17
268287.7362 13
268414.7754 13
268499.3098 11
268667.3450 12
268795.3619 11
268823.7083 19
268946.3071 1
269005.4911 5
269135.5362 12
269181.0427 13
269317.0471 12
269450.5623 14
269659.7119 16
269694.9505 7
269727.6000 16
269920.5939 12
270103.4679 8
270333.7472 16
270376.0379 6
270611.5209 20
270730.8129 15
270871.3491 18
271047.4887 19
271178.1596 18
271282.3307 2
271472.9779 13
271594.0295 20
271783.5326 19
271839.2293 12
271993.2206 13
272158.2015 5
272228.4998 13
272352.0663 18
272536.1880 1
272714.6177 12
272891.1439 7
273030.4919 9
273099.4214 15
273297.9233 11
273401.2952 10
273566.2260 18
273597.8942 12
273753.9795 13
273787.4894 9
273820.0072 6
273966.6651 9
274119.8235 16
274190.2418 15
274323.0163 18
274524.2655 3
274705.9064 14
274868.1217 13
275041.7001 9
275195.4263 2
275428.3308 17
275609.2739 18
275714.9170 18
275883.7178 12
275968.4588 13
276175.8804 1
276342.9350 15
276531.1439 19
276660.9536 16
276787.8193 9
276946.6495 12
276989.7947 11
277056.1256 11
277229.3820 7
277381.2610 16
277439.2486 20
277492.4704 17
277578.3345 14
277805.9284 18
277893.8395 16
278046.2717 14
278242.8777 11
278366.4758 18
278522.5454 14
278750.7567 15
278815.7023 16
279006.2748 18
279171.5762 15
279211.7266 13
279238.2719 12
279286.8318 7
279485.7474 19
279525.8701 12
279661.6155 7
279785.8870 7
279813.7401 12
279983.8640 16
280033.1666 2
280137.6585 19
280317.6938 4
280410.1303 1
280567.0990 13
280693.6910 20
280723.6616 8
280840.3707 16
280961.7310 12
281150.9698 2
281327.8281 15
281443.1259 17
281571.3782 5
281740.6133 11
281843.3130 11
281914.0198 19
281942.5959 20
281980.2323 19
282077.4872 8
282158.7273 21
282253.1075 18
282344.1209 18
282442.5620 18
282543.6199 18
282654.6953 11
282846.6150 17
283039.7118 9
283186.4618 9
283355.8638 15
283494.1284 6
283713.0084 21
283809.4744 9
283980.5705 12
284012.6929 11
284050.2275 5
284159.5480 13
284313.9050 2
284514.1744 11
284615.9267 2
284802.5387 6
284857.2585 6
285032.9764 8
285215.4539 2
285419.4959 6
285580.3895 5
285753.5870 4
285985.8937 5
286089.6310 1
286206.1263 6
286314.4910 17
286369.1162 12
286566.3776 11
286694.6625 6
286892.3539 18
286969.5673 12
287168.7496 2
287355.5057 1
287435.7760 1
287609.8799 11
287790.9608 15
287980.9439 5
288085.6938 15
288215.4195 2
288362.6119 17
288511.6376 16
288558.2140 16
288671.5903 21
288858.4967 18
288922.8178 10
289000.3399 4
289206.7919 2
289300.3816 21
289425.5909 19
289600.7180 3
289770.1963 17
289822.1788 17
289909.0527 19
290063.9842 16
290256.7697 20
290357.2233 7
290441.2606 19
290531.1732 18
290617.3248 16
290703.5937 17
290877.6398 4
290961.4070 15
291035.8304 15
291104.1964 18
291189.7267 12
291387.7464 13
291418.3940 21
291440.9461 12
291635.9286 19
291668.4250 5
291806.3241 18
291857.1796 6
291902.8045 13
292070.5251 4
292192.7732 11
292330.9404 21
292477.4356 9
292550.3690 18
292616.0472 6
292820.8095 12
292966.4776 5
293116.9429 8
293239.0318 11
293281.8040 8
293437.0135 11
293506.7346 3
293602.9217 12
293750.1883 16
293842.7349 3
293974.1500 13
294099.3394 9
294179.3577 15
294363.6833 5
294552.1462 18
294574.6873 5
294700.0747 10
294906.1047 17
294927.0064 17
294968.7719 17
295063.7344 11
295083.2542 3
295252.5427 11
295441.4384 20
295488.1211 17
295540.9045 3
295621.8009 19
295701.5362 11
295853.7094 7
295983.3861 11
296092.6375 5
296133.5098 1
296210.1557 10
296377.7811 1
296460.4787 16
296610.7253 9
296706.7981 18
296869.1388 11
297004.5752 11
297125.5797 12
297172.8978 11
297376.3493 2
297442.5673 18
297499.5233 19
297625.6682 19
297789.7294 8
297978.2352 4
298112.3624 12
298265.4941 12
298453.7181 4
298571.0911 14
298652.4804 14
298821.1465 1
298929.2970 9
299123.6870 18
299282.9942 13
299356.7676 19
299512.7817 20
299578.6823 13
299616.7343 3
299783.3802 1
299977.8661 8
300046.9116 1
300224.2754 9
300296.5340 8
300410.5895 12
300465.0742 9
300651.5218 20
300799.3077 3
300953.4381 14
301086.0110 7
301283.8774 19
301430.6806 14
301515.5716 21
301698.3723 6
301894.4723 5
301943.2372 14
302169.9466 16
302317.7343 11
302414.3570 4
302585.6501 2
302666.3090 18
302756.3779 7
302861.4650 11
302949.9287 12
303060.8459 16
303103.4187 21
303155.2019 7
303197.7838 15
303355.2267 11
303398.6129 11
303535.2291 5
303627.0655 14
303745.0393 3
303923.4374 14
304116.8837 1
304259.0959 1
304336.8381 1
304453.6597 12
304643.0934 11
304747.4273 5
304829.9970 11
305007.9537 5
305103.6227 2
305241.5588 12
305270.0681 5
305300.8451 8
305472.0435 12
305608.8702 19
305658.9416 5
305831.3139 5
305940.3723 6
306139.7314 18
306318.0082 1
306358.3405 3
306418.5985 15
306510.6311 8
306737.7087 7
306893.7652 17
307085.3332 12
307165.9304 9
307292.3769 7
307368.3249 11
307557.2948 20
307654.3912 16
307832.6225 14
307986.8979 16
308158.6186 19
308215.1148 11
308352.4641 15
308380.4027 4
308525.8726 12
308553.2688 3
308721.2365 6
308913.0435 2
308978.4874 14
309047.0166 9
309134.7608 11
309209.4265 15
309387.0040 14
309460.8402 6
309615.2894 10
309733.0691 8
309832.5154 1
310045.5274 3
310145.6571 11
310258.2977 13
310402.1591 18
310528.5635 4
310618.3568 11
310813.2269 19
310932.6999 15
311104.0335 3
311226.3571 11
311261.7252 8
311325.6631 8
311527.0562 19
311687.6164 15
311795.6037 2
311853.7677 13
311984.5363 14
312073.3657 5
312167.6296 17
312341.3298 12
312500.5081 12
312682.0651 11
312762.9753 14
312906.0735 21
313083.7800 6
313296.7477 6
313456.1989 7
313616.6699 6
313748.1541 11
313916.7591 21
314089.3712 6
314300.7960 16
314384.0357 14
314584.7496 8
314707.6970 13
314883.9906 11
315002.8149 8
315097.4843 21
315192.8343 11
315255.5318 7
315357.1345 10
315436.3234 11
315620.4162 18
315661.8782 19
315852.2144 20
315910.4504 21
316021.1395 3
316162.6264 20
316234.3627 18
316291.8449 12
316314.5743 11
316470.8037 12
316609.9379 14
316732.7506 12
316789.3461 12
316905.2342 13
316967.6627 12
316998.0790 11
317171.8217 4
317421.8715 1
317527.4220 17
317548.0698 14
317620.8434 15
317715.6353 19
317830.7146 1
317939.7172 17
318041.2214 9
318189.7672 7
318330.6277 14
318507.2757 14
318595.8398 8
318835.9764 7
318920.7941 1
319028.7007 11
319178.9662 11
319274.2595 5
319475.4789 8
319585.8993 19
319704.6434 4
319924.0175 5
320126.3880 20
320287.9860 17
320485.4896 15
320603.3134 14
320654.5088 12
320713.5005 18
320833.0417 15
320946.8336 19
321095.8454 13
321246.5549 3
321281.6853 13
321353.4980 9
321402.0111 11
321435.8553 17
321501.0449 12
321651.6879 12
321760.8880 17
321812.5814 2
321940.6618 11
322128.6424 12
322175.8057 12
322286.4556 13
322367.0180 20
322504.1221 2
322669.8444 12
322830.6436 2
322890.5984 11
323015.3111 18
323056.3471 9
323122.5977 1
323211.7573 12
323312.2062 1
323487.1921 14
323620.2646 13
323817.6655 20
323987.4250 18
324021.0994 18
324171.4144 11
324217.4710 11
324277.3226 21
324483.4993 6
324701.1080 8
324866.1392 3
324977.0410 18
325047.1674 11
325156.2550 11
325213.0472 19
325234.3898 18
325394.8270 3
325500.3294 17
325667.8754 19
325730.8077 3
325801.5615 10
325930.7872 13
326108.5521 6
326263.7925 15
326457.1564 1
326496.3347 9
326652.2719 16
326826.2331 15
326944.6758 4
327067.5441 5
327271.7615 2
327477.6977 9
327581.5316 6
327812.9481 11
327919.1248 11
328084.9067 17
328218.7679 12
328393.2996 21
328448.3215 3
328568.1133 15
328672.2666 5
328720.5367 11
328917.7692 11
329116.3081 11
329184.7788 15
329231.5741 12
329292.4360 6
329501.0377 6
329652.8946 4
329726.8793 18
329812.7432 13
329946.9865 15
330070.6360 21
330266.7004 9
330429.7323 1
330539.0916 20
330678.0706 19
330794.5990 18
330877.5510 14
331051.1561 18
331194.3817 21
331250.6269 20
331378.9966 11
331500.9316 7
331609.8294 14
331778.0578 13
331812.9789 4
332041.0551 5
332180.4303 2
332336.6190 7
332526.7079 20
332667.0717 11
332807.5435 11
332891.7779 12
332920.5341 1
333016.6993 19
333054.5931 11
333144.2577 6
333248.0565 5
333287.8018 5
333369.3851 1
333522.4850 7
333707.2593 2
333802.1791 13
333835.3004 18
333926.0104 17
334010.0715 18
334194.4004 12
334378.7747 9
334402.1171 20
334492.8681 11
334586.0862 4
334778.2029 14
334939.9279 7
335014.1320 9
335099.4175 11
335169.2241 8
335337.9472 4
335479.7783 7
335661.5035 7
335773.7170 16
335886.8091 12
336006.8928 2
336150.9329 4
336281.4187 4
336458.1433 21
336483.6251 9
336600.0752 18
336652.8279 12
336836.9934 4
336911.4959 7
337032.3180 11
337209.5911 18
337375.6724 12
337396.6640 14
337577.0695 12
337600.5096 8
337725.7663 12
337778.8511 10
337939.4495 13
338048.4271 10
338123.9519 18
338213.2180 18
338335.4662 16
338522.7045 7
338622.7239 9
338695.6038 8
338846.4371 11
338927.0729 7
339068.0255 7
339089.3252 15
339281.7562 12
339472.8509 15
339619.0387 2
339707.9691 12
339859.4413 11
340009.0386 12
340183.5820 21
340365.5525 19
340456.2282 16
340608.0091 11
340709.8425 7
340893.7300 8
340982.5186 9
341021.2821 1
341122.1841 7
341298.7057 15
341329.0771 10
341354.5464 11
341432.2011 11
341565.2843 13
341749.8956 5
341917.2845 3
342121.2366 14
342346.5879 11
342459.6171 10
342582.9850 11
342747.7880 8
342971.7709 15
343018.4817 12
343102.7215 15
343186.9278 19
343328.1522 12
343392.5507 21
343594.9940 11
343669.9275 16
343762.7533 7
343798.2627 12
343914.6923 2
344154.4047 10
344255.7716 15
344406.8247 18
344461.7157 13
344497.7753 7
344680.3902 13
344785.0692 1
344821.1805 9
345015.6864 13
345226.4261 18
345425.0148 15
345502.1332 12
345621.2228 7
345745.8083 4
345914.6365 4
346050.8402 10
346194.5217 10
346340.8281 11
346413.3461 5
346543.5500 12
346670.1731 2
346895.9000 16
346970.4547 4
347139.7601 14
347209.8244 8
347333.3345 9
347425.9918 18
347478.0157 18
347592.4159 11
347775.8525 9
347822.9136 11
347853.4838 6
347961.2201 9
348003.7548 18
348147.8242 11
348232.5150 10
348373.4629 18
348562.9643 12
348726.2508 14
348859.3423 8
348995.7207 1
349194.8738 12
349331.8415 21
349478.0976 10
349523.7291 9
349665.7824 18
349861.9696 20
349892.6095 21
350021.2726 12
350099.7970 11
350294.7250 11
350471.2690 3
350624.1635 6
350766.8119 20
350940.0380 19
351036.3832 2
351153.0078 1
351290.1960 6
351489.5528 11
351655.5017 5
351774.1655 15
351902.8112 4
352031.1891 12
352195.5725 12
352366.4869 15
352528.1541 16
352706.2620 11
352828.7506 8
353019.9862 18
353157.4572 3
353197.8686 10
353321.1638 8
353528.4532 12
353642.2763 2
353817.4283 20
353957.0686 17
354089.3662 3
354131.5234 4
354362.3555 18
354478.7320 12
354499.0596 2
354707.7226 17
354822.3386 18
355011.4102 5
355100.2216 1
355301.6645 6
355415.8239 5
355551.4939 7
355615.6373 20
355781.7893 12
355846.4885 4
355986.1415 14
356226.8713 8
356365.0613 2
356491.0196 2
356715.3022 4
356861.2096 2
356933.6015 14
357002.4002 11
357166.7700 18
357191.6196 3
357341.6415 14
357499.2645 11
357689.8834 11
357812.7858 12
357910.0678 11
357966.3967 12
358088.3636 8
358319.6692 11
358356.6364 15
358404.7991 15
358465.2196 16
358529.2951 11
358649.2594 2
358871.9261 5
359007.0730 6
359227.2939 1
359309.2763 12
359503.5994 12
359538.5546 2
359745.8166 11
359769.2369 1
359948.8898 12
360059.1295 8
360191.2591 13
360399.6750 21
360605.4382 4
360716.2429 11
360784.3277 15
360945.6416 18
360995.1887 20
361074.8328 15
361271.5005 15
361347.3188 12
361443.7479 18
361579.6817 3
361689.0897 9
361766.6555 18
361833.1919 12
361871.5070 18
362063.1441 3
362131.6245 5
362198.2155 11
362352.9110 18
362448.4669 12
362558.6967 2
362737.9069 6
362940.1106 3
363076.6343 9
363210.3330 15
363381.2955 1
363485.1319 11
363587.2871 16
363628.3336 1
363812.4119 7
363908.7740 17
363952.5933 12
363992.5666 4
364076.5420 9
364167.0361 11
364352.9585 14
364592.7603 5
364678.1423 4
364788.1247 18
364881.7451 12
365081.5269 18
365177.7015 20
365268.4178 18
365404.6364 13
365470.3630 12
365598.9724 3
365681.6746 15
365782.3513 6
365972.4461 5
366110.7488 11
366248.0912 11
366280.5397 18
366391.5624 12
366541.1050 20
366605.2803 10
366845.0225 11
366964.4553 17
367165.2510 2
367372.3026 6
367467.2006 9
367645.7351 4
367715.8748 11
367880.3743 12
368076.4537 11
368253.7973 11
368443.0852 3
368493.9017 1
368603.4780 4
368817.2148 17
368984.6708 16
369114.3186 4
369247.4516 4
369359.2515 5
369528.5197 14
369602.0931 12
369637.8883 20
369761.8266 2
369816.4577 12
369996.9625 18
370161.6517 1
370354.5410 5
370380.8870 20
370489.8201 15
370620.8796 7
370691.8944 17
370863.4504 4
371075.1885 18
371180.3134 1
371242.5173 21
371421.7730 3
371615.2482 12
371777.5459 14
371860.8190 8
372003.6867 8
372112.8675 10
372192.5123 15
372236.9846 11
372343.5525 19
372480.8459 20
372570.1265 8
372665.1962 7
372783.9026 6
372936.4338 11
373000.7231 14
373232.2022 6
373327.5318 17
373405.8839 12
373428.9372 17
373555.1189 19
373740.7612 11
373941.0291 18
374002.5190 21
374036.9079 5
374230.8449 11
374319.2463 19
374439.2650 7
374485.4375 2
374594.4771 12
374705.8991 11
374816.9627 12
374912.6807 5
374974.2866 6
375076.1736 12
375188.2657 8
375272.3963 11
375313.0078 12
375358.2954 18
375414.1833 16
375510.3958 17
375697.7770 9
375780.7411 13
375835.0233 11
375904.7263 19
376042.8798 19
376225.3527 10
376331.1386 18
376465.3069 13
376640.8389 17
376666.8172 16
376718.9035 12
376872.7688 16
377034.5131 1
377154.4974 18
377182.9442 9
377267.4184 12
377416.9178 20
377581.7344 17
377675.6012 16
377791.8810 11
377964.1155 1
378152.7346 4
378368.7570 21
378452.8276 5
378634.2838 11
378665.1638 9
378685.8249 21
378816.2981 20
378919.6834 18
378958.4116 8
379097.3923 6
379192.9428 15
379272.4046 14
379420.5070 9
379577.0163 12
379724.7614 13
379823.2572 12
379892.1786 6
379938.7496 21
380111.0786 12
380185.4187 4
380243.1701 19
380398.4932 15
380533.9620 6
380675.8424 5
380851.2209 18
380968.9732 17
381101.4156 20
381225.1113 1
381280.9979 10
381414.8644 16
381454.9814 18
381582.1670 19
381757.8796 6
381877.2628 11
381963.0300 5
382116.2164 12
382166.2084 18
382322.8476 4
382434.6870 12
382506.8678 21
382708.2384 6
382846.2780 3
382925.8775 10
383124.7324 5
383211.6627 19
383263.0187 13
383335.4250 5
383532.0412 12
383672.0116 7
383754.3548 11
383793.0277 3
383830.3100 12
383928.2637 2
384113.2413 11
384257.5832 13
384395.5329 13
384441.6561 4
384560.6944 11
384725.8898 3
384792.3023 19
384881.1004 8
385064.4772 11
385252.8795 9
385390.1245 3
385423.7045 18
385596.0370 9
385659.5647 9
385803.4568 20
385917.0428 19
386015.5406 13
386219.8328 14
386266.7323 12
386322.1832 15
386389.0279 6
386552.4490 12
386654.8176 7
386779.1447 18
386840.6770 11
386860.6849 3
387064.7146 8
387148.0258 21
387288.9049 17
387364.6600 7
387489.7449 3
387674.4473 8
387768.3852 3
387804.0395 18
387996.5530 12
388114.4496 7
388188.0047 15
388311.5074 7
388476.6394 13
388619.9227 11
388713.0010 7
388808.5067 12
389012.1963 14
389094.7955 8
389330.2071 11
389364.9822 12
389523.6909 11
389660.6108 2
389794.5955 4
390000.1436 1
390110.9263 18
390260.1186 21
390331.6806 16
390412.5091 8
390579.9963 18
390762.0789 17
390815.8706 2
390950.3275 16
391139.0807 1
391192.5260 2
391352.5218 3
391393.4000 16
391559.2343 14
391643.9095 13
391741.0897 13
391848.9619 16
392048.1653 14
392233.6877 12
392267.9850 5
392309.0770 3
392442.1380 8
392672.0004 18
392867.2696 1
392990.8571 11
393172.1147 16
393245.2522 5
393387.6747 17
393489.6381 9
393580.8304 4
393815.4872 14
394006.4690 12
394085.4340 19
394170.9784 21
394341.3082 15
394384.2624 1
394583.2549 10
394823.0423 18
394909.7312 21
395105.7840 6
395304.5354 18
395336.8630 11
395392.7695 17
395474.8753 9
395652.4389 8
395796.1042 4
395979.1632 14
396197.4642 11
396325.8964 18
396442.7169 21
396581.5059 20
396775.0539 3
396973.5241 11
397166.1762 4
397255.0954 20
397402.3154 14
397481.6085 4
397547.3169 2
397649.0304 4
397785.5087 13
397936.8973 8
398034.1984 14
398192.9608 11
398314.4705 18
398368.7767 11
398491.1860 20
398602.7980 11
398802.4852 11
398851.4384 17
399034.4472 6
399185.4929 18
399330.5222 1
399466.4722 2
399540.5196 5
399725.0489 18
399885.3146 4
400098.9590 15
400230.1718 2
400318.7410 6
400449.4148 11
400637.5987 7
400715.8643 12
400777.7192 21
400968.1677 12
400996.8924 12
401190.4274 6
401275.1670 14
401496.6859 20
401569.1534 7
401587.5701 2
401741.2352 20
401910.9352 19
402099.8271 10
402289.8392 7
402371.6629 13
402456.4621 12
402634.0540 20
402683.1368 13
402828.3491 8
402998.9157 19
403188.9314 17
403225.2816 17
403393.2579 11
403523.4433 13
403564.6419 15
403739.3918 13
403814.9252 13
403853.6315 18
403883.4724 16
404056.9355 7
404159.6504 17
404211.2872 18
404285.8065 6
404365.6435 12
404467.2837 6
404529.5231 15
404700.4706 21
404902.2230 18
404960.6172 10
405133.9098 12
405233.8880 12
405340.5256 20
405494.2986 8
405643.3058 21
405775.4216 11
405851.9984 20
405973.7254 16
406045.8133 16
406093.7623 18
406146.0546 11
406299.8691 9
406384.1105 9
406517.3595 14
406692.4978 12
406838.8945 6
406934.2233 18
406963.8659 9
407008.4107 19
407054.3402 11
407215.6774 20
407339.3508 16
