2959
25325.8493 6
25409.9432 20
25581.4917 18
25767.6094 15
25829.1570 13
25902.1128 11
25944.7638 16
25972.5887 17
26105.6480 17
26175.9946 16
26238.1231 11
26360.7659 2
26492.5617 12
26597.4103 6
26732.9754 10
26755.0331 6
26956.8361 16
27118.9701 11
27264.5764 20
27296.2819 9
27385.9185 11
27534.9736 18
27720.9740 11
27863.0831 18
27963.7884 13
28111.3922 14
28320.2669 3
28463.3802 12
28575.2208 1
28693.9888 16
28895.1609 5
29006.3958 2
29209.3367 7
29323.6141 4
29520.2137 15
29698.8494 6
29882.6491 21
30016.5308 11
30040.7362 1
30112.2317 18
30151.1485 4
30227.2818 18
30276.2170 2
30463.4178 16
30572.3861 19
30613.0988 7
30702.9462 20
30799.8870 3
30943.1369 5
30987.4433 20
31184.6351 13
31329.4248 4
31459.5523 7
31536.6123 4
31667.0080 10
31749.1833 18
31807.8120 4
32026.3878 19
32113.4780 5
32162.4011 15
32191.3825 11
32261.6006 10
32433.4401 11
32625.2426 2
32855.1160 17
33022.9224 11
33142.8976 14
33329.3788 6
33549.6077 19
33653.1425 14
33710.5287 2
33800.4536 13
33851.4819 17
33967.7408 17
34038.3077 10
34218.6957 12
34406.5345 4
34528.0512 21
34663.5166 11
34759.3402 7
34858.5115 4
34976.0527 1
35037.4937 21
35226.2656 16
35308.5029 5
35376.9445 3
35448.8299 4
35554.4105 20
35649.8617 13
35858.4571 7
36029.2055 18
36229.8678 16
36385.1237 18
36562.1734 4
36669.1873 4
36801.2717 1
36842.0626 11
37029.5809 9
37221.7988 21
37279.3324 9
37479.0113 5
37572.4207 11
37752.0593 15
37952.4069 18
38144.4302 19
38174.1597 18
38369.4795 12
38536.2189 15
38708.8225 19
38890.0790 1
39009.1222 11
39121.9256 6
39236.8243 17
39435.0387 10
39538.8512 11
39651.8492 4
39881.0418 11
40062.2955 11
40176.3363 7
40199.1323 8
40328.4325 8
40493.8636 2
40710.2675 9
40886.2462 15
40979.3680 11
41113.2582 9
41215.1371 13
41421.3838 10
41492.3762 15
41530.7486 11
41588.1182 13
41658.2622 11
41734.9199 3
41775.8378 20
41866.1543 12
41973.7568 8
42040.0399 4
42271.0823 6
42510.5605 5
42711.8714 18
42803.0595 2
42905.8007 11
42958.2391 21
43020.1302 1
43078.5246 14
43127.5270 17
43168.8806 4
43349.9426 14
43429.2700 19
43455.3945 10
43582.9000 11
43630.8062 17
43716.5489 6
43808.3805 21
43861.0917 8
43939.8305 17
43984.4149 16
44168.2836 5
44361.0095 9
44482.6132 10
44623.3403 8
44722.4117 12
44745.9324 8
44821.2744 16
44958.4547 15
45099.2865 12
45277.5308 14
45440.8919 11
45569.9195 14
45792.9799 10
45889.3898 13
46060.1307 21
46251.8617 6
46387.2143 11
46543.7304 17
46589.7768 18
46688.6726 11
46804.1703 9
46935.0826 2
47178.8863 1
47395.2443 20
47507.9384 12
47546.6851 11
47587.9903 18
47677.2717 10
47834.6097 4
48002.5296 20
48176.1340 10
48253.9909 2
48448.1417 2
48613.2725 3
48823.7159 8
48983.3220 14
49204.8248 16
49403.3014 8
49513.4164 5
49602.0758 7
49712.7080 12
49837.8546 8
49891.6808 18
49957.1778 16
50083.5522 19
50183.7474 2
50392.3617 11
50566.0396 8
50644.0299 4
50739.7101 11
50788.9158 12
50978.0734 10
51091.6751 5
51164.7300 19
51280.9028 5
51440.5686 13
51622.1172 11
51733.9051 15
51786.7164 13
51840.1643 10
51903.6894 8
52088.4923 11
52183.1288 6
52355.3908 8
52425.9879 21
52533.9789 9
52643.4097 10
52715.4537 4
52862.0433 12
52937.8801 4
53129.4863 18
53175.3133 18
53341.4880 19
53437.0074 7
53626.6603 15
53718.4836 1
53816.7630 2
54031.5263 19
54200.3349 11
54234.2294 15
54391.3719 12
54430.1021 6
54647.5772 15
54771.7843 10
54894.1631 14
55002.0503 16
55043.0173 11
55183.0797 18
55348.9555 18
55371.4481 6
55559.9013 16
55651.7234 7
55671.4585 6
55863.8327 14
55962.7427 16
56002.2741 9
56086.2289 12
56255.0175 13
56426.1854 18
56607.9921 8
56667.1761 15
56715.5541 14
56906.0434 11
56980.0457 11
57134.1398 9
57160.8825 12
57326.7508 21
57432.5785 12
57512.2564 5
57713.6318 11
57751.7302 11
57913.4484 11
57966.9242 19
58002.8871 17
58154.2324 18
58285.4794 19
58426.2172 4
58511.9811 9
58649.0343 7
58723.0054 19
58859.7414 19
58907.8234 13
59010.0434 14
59199.5221 19
59298.2787 15
59432.0104 8
59521.4599 11
59571.0580 18
59704.8113 13
59768.6794 1
59867.2147 16
59994.4604 11
60159.1521 11
60249.2485 8
60471.4775 12
60665.4635 16
60744.3569 9
60817.3907 12
61005.9399 2
61186.9575 5
61363.7214 8
61526.6701 4
61649.0564 5
61804.0159 11
61859.6043 4
62056.7546 10
62137.8694 11
62177.5579 11
62373.1517 13
62578.0335 9
62762.9815 15
62941.6742 7
62966.3002 6
63194.4366 15
63323.1235 19
63481.7154 11
63581.2835 11
63654.8705 2
63855.4800 16
63940.9883 11
63975.6300 12
64101.6828 8
64232.2923 4
64338.0813 3
64385.3465 1
64577.8691 11
64724.1065 11
64887.4857 7
65022.9454 11
65137.1254 12
65304.2268 5
65421.3598 8
65638.4604 12
65763.6937 4
65908.7694 1
66115.3694 6
66233.9382 11
66270.0070 16
66313.2013 11
66382.6404 21
66555.8960 18
66634.6674 10
66802.0097 8
66917.3757 17
66960.7358 18
67159.2576 12
67211.6187 18
67230.0986 13
67368.1465 7
67420.0758 9
67458.6169 2
67618.7945 15
67670.4548 11
67765.4889 9
67897.1469 20
68078.0762 17
68245.7312 18
68400.4401 11
68602.1769 3
68707.8184 18
68898.7531 6
68978.0133 5
69092.7993 11
69190.2861 18
69281.0704 1
69386.8239 1
69559.9036 6
69747.5478 4
69851.6773 13
70011.1206 10
70154.4408 5
70311.6566 11
70437.9500 18
70550.3783 4
70725.7154 8
70856.3809 2
71061.7831 15
71126.4865 20
71171.2836 21
71249.0699 14
71484.4774 11
71665.8382 11
71740.2979 4
71803.1525 5
71847.9654 12
71867.8321 11
72042.0401 18
72105.0948 9
72184.8363 19
72380.8914 19
72481.8003 11
72558.4248 13
72738.6850 15
72823.3348 3
72981.3646 18
73145.4061 4
73267.8731 12
73306.6725 5
73400.9873 1
73562.0804 11
73743.2950 2
73956.3179 11
73999.5048 12
74032.5128 19
74221.3193 8
74410.8054 12
74599.4601 15
74656.2359 4
74761.0060 11
74955.7350 11
74993.6787 8
75057.1589 20
75145.9080 12
75227.1197 18
75375.0453 10
75478.6677 6
75600.7470 5
75808.9488 10
75868.9641 19
75996.3024 20
76060.1253 11
76116.0050 11
76267.3293 15
76415.2226 6
76555.2691 13
76682.2412 2
76760.3196 6
76901.5419 7
77079.6723 18
77171.1648 2
77296.0886 19
77390.9168 14
77508.9726 13
77539.4766 5
77608.6421 21
77775.9336 3
77893.4480 2
78129.5180 6
78320.8237 3
78522.7981 10
78714.8539 15
78841.5722 8
78980.5419 11
79035.2330 21
79092.6302 1
79162.3601 2
79217.3459 11
79386.3328 12
79461.2031 21
79589.8443 12
79752.9348 11
79947.5853 7
80103.1494 3
80130.7916 18
80193.7876 3
80224.0426 18
80317.2584 17
80451.5210 14
80605.0357 19
80692.2290 4
80904.2155 17
80998.1124 7
81147.1875 18
81335.0956 6
81455.5164 3
81580.7083 11
81669.6758 14
81818.0317 14
82050.5732 9
82198.6646 13
82348.3561 18
82537.8530 9
82737.4460 18
82799.4170 20
82943.7621 17
83117.0458 12
83287.1831 19
83427.7482 16
83543.2096 11
83612.4583 18
83683.4961 1
83823.2791 14
83921.5428 6
84000.8872 16
84068.2263 21
84130.5142 11
84297.7687 16
84458.4306 11
84656.1255 10
84881.8995 8
85052.6286 18
85171.5596 21
85364.5099 11
85512.3481 12
85697.1747 11
85754.4284 8
85903.7641 11
85997.4088 11
86016.0199 21
86089.2853 12
86130.4985 6
86231.4239 15
86432.4349 2
86638.1226 3
86737.6618 2
86805.7137 14
86852.4679 15
86877.6122 1
87070.5806 15
87270.5402 15
87438.6595 6
87546.0998 1
87590.4980 7
87708.2147 17
87751.9638 6
87853.1845 3
87949.7915 19
88064.9397 11
88132.8234 20
88317.5090 12
88416.4111 6
88549.5245 7
88583.0684 12
88636.9131 18
88713.6111 16
88764.4619 2
88879.7626 19
88911.5485 11
89041.3151 15
89233.6241 12
89288.5487 3
89441.3035 15
89523.9189 11
89586.2418 16
89689.1291 8
89770.2376 1
89951.1529 6
90035.3230 6
90177.1839 11
90360.2652 12
90510.2625 12
90666.0760 5
90783.5695 10
91008.8287 3
91070.7048 6
91108.4285 1
91279.7930 16
91336.0626 10
91458.5666 19
91600.2474 19
91710.4492 7
91913.2247 6
92133.7346 11
92290.8282 16
92312.7448 3
92505.4620 3
92617.9469 9
92651.8467 19
92749.3505 11
92852.2591 14
93063.8854 11
93162.5200 16
93229.1810 16
93420.1772 10
93559.8327 12
93718.8271 11
93895.3906 11
94083.1498 9
94258.9931 5
94316.6000 19
94415.4871 13
94464.1062 18
94527.4827 11
94573.4059 11
94665.3530 12
94703.8503 14
94888.6464 20
95014.3673 14
95078.0002 15
95180.1501 15
95344.9454 11
95416.7769 21
95535.9570 8
95642.3472 14
95830.1122 13
95954.3725 13
96112.4727 15
96171.1977 6
96411.9590 12
96535.3401 12
96577.7703 19
96648.4693 11
96825.0548 6
96887.7099 14
96951.9571 15
97026.0192 3
97215.0995 7
97307.4004 6
97515.3327 19
97607.6188 1
97770.4485 11
97845.5211 16
97978.1007 18
98065.1596 19
98170.0892 20
98285.9765 12
98485.4950 5
98645.9046 9
98731.0827 9
98913.2884 10
98964.1518 19
99159.8184 11
99196.6143 12
99316.6028 14
99492.0017 18
99633.0357 4
99748.7453 10
99834.1827 11
100033.8919 8
100088.3094 12
100202.3587 18
100273.0479 11
100400.8965 16
100593.3326 18
100626.1074 13
100658.3830 20
100746.7482 9
100929.3134 19
100999.0216 4
101068.0080 15
101236.0803 11
101358.9095 6
101554.1357 10
101633.1055 1
101721.9198 20
101749.2669 1
101793.6065 6
101977.7745 14
102197.8499 17
102251.7481 8
102460.7090 12
102586.0148 15
102756.3693 14
102836.1534 19
102915.9688 18
103087.3951 2
103245.4883 3
103419.9215 6
103574.9687 14
103680.6742 6
103872.1790 7
104053.3777 12
104155.5767 3
104222.9184 11
104383.9934 2
104471.3311 2
104662.2207 16
104836.8256 18
104992.5991 13
105053.9406 10
105214.4330 13
105311.8157 15
105476.0209 1
105633.9283 9
105698.0691 20
105809.8780 11
105933.7207 10
106121.6145 6
106226.9229 11
106374.3583 7
106457.7592 11
106537.3284 13
106645.5105 17
106713.2079 13
106891.8086 9
106955.3347 16
107112.8898 5
107221.1414 16
107288.3157 12
107422.4573 14
107562.2397 14
107781.4534 1
107833.3375 16
107891.2062 13
107954.4560 6
108105.8048 12
108302.6510 16
108472.6056 15
108640.1371 16
108796.8654 15
108884.2685 15
108921.3477 12
109105.5511 3
109278.5128 9
109402.4796 11
109563.9640 18
109634.8129 18
109770.0927 20
109789.6599 11
109969.7098 4
110131.1679 20
110183.9240 4
110387.8284 2
110615.0537 4
110847.1647 9
110922.8533 18
111002.0296 21
111115.1986 10
111284.1373 12
111312.3976 20
111507.5688 11
111534.4002 8
111638.4232 14
111702.7287 2
111836.8888 18
111927.6564 12
112029.9856 3
112202.6911 11
112287.0687 1
112499.2257 11
112530.7337 21
112614.6058 11
112783.1011 15
112931.4785 18
112949.4826 2
113132.1882 14
113305.0778 14
113367.5887 16
113453.9127 7
113602.7060 14
113763.1385 18
113938.5888 3
114057.6516 3
114204.0911 14
114340.8108 4
114522.2085 1
114561.1608 10
114617.3793 18
114728.9044 14
114915.1730 8
114976.6308 4
115100.6892 5
115182.7830 10
115236.5940 11
115291.8222 12
115330.4902 12
115485.1642 18
115582.6541 11
115715.9437 12
115900.4282 14
116032.4705 21
116136.5830 6
116198.9646 2
116307.5101 16
116340.4203 12
116459.4264 11
116635.0541 18
116761.7670 19
116956.6558 2
117162.8729 1
117227.7664 9
117289.2179 9
117463.7901 18
117638.4860 9
117675.3854 11
117858.7669 18
117912.8854 1
118132.3915 21
118335.2690 11
118366.9112 6
118482.3019 20
118543.7495 8
118691.6043 12
118741.7308 16
118766.9483 12
118877.2759 7
119032.6338 5
119215.0860 11
119390.6695 12
119443.5542 4
119615.3160 12
119639.4444 11
119673.9408 13
119832.4937 19
119947.9885 4
120115.3824 20
120267.7501 2
120431.8809 8
120618.0960 9
120726.2428 20
120806.9742 19
120988.3662 13
121071.5562 8
121273.8164 11
121375.7596 17
121558.5664 10
121788.9765 5
121965.0805 9
122090.0171 12
122217.5527 16
122242.1436 8
122472.4988 11
122543.3648 17
122744.8776 15
122772.5870 3
122906.3654 12
122936.1025 18
123080.4824 2
123126.8179 9
123310.1970 8
123505.2337 18
123677.2185 18
123841.1884 9
124011.1161 3
124182.5507 13
124221.3395 21
124368.2685 12
124399.4566 12
124592.6264 8
124768.6632 18
124908.7728 11
124955.6955 16
125142.3066 11
125243.4357 4
125470.9379 20
125536.9346 12
125712.8198 14
125806.9824 9
125909.1951 4
126001.9740 5
126106.0982 2
126227.8420 2
126403.2231 15
126538.9296 12
126615.5540 17
126746.6587 17
126844.6737 19
126880.8253 1
126963.7499 16
127117.5037 5
127189.2858 11
127207.2866 15
127330.8024 15
127365.2495 9
127524.1882 3
127585.7049 12
127739.7250 2
127953.5256 14
128003.2138 21
128075.5367 5
128207.5694 18
128380.3593 11
128477.5994 11
128610.0222 11
128642.4397 14
128698.0138 15
128893.2983 5
129048.4071 14
129239.5075 11
129374.3810 14
129589.8737 3
129785.6556 1
129965.6891 19
130004.4103 1
130066.0190 6
130147.0585 1
130191.8087 16
130293.4085 11
130481.6345 12
130612.1295 11
130792.8014 20
130827.6667 3
130985.8129 20
131171.0126 21
131363.7218 18
131395.0057 21
131541.2637 1
131577.1365 8
131808.9408 20
131889.8366 7
132049.6847 1
132255.4200 12
132365.1812 5
132464.6126 14
132614.6996 4
132759.2915 18
132897.0775 2
133065.0264 6
133226.8174 18
133405.9040 8
133512.9105 18
133706.9269 8
133876.6498 5
133956.6254 21
134083.1018 5
134125.9467 19
134183.0599 15
134356.0737 12
134514.8873 5
134562.7221 8
134710.0908 13
134756.0179 7
134803.4788 20
134928.0019 3
135050.9058 18
135070.1876 20
135234.7557 11
135390.5477 13
135581.3751 17
135738.0907 12
135896.8705 16
136045.4643 19
136153.8756 7
136302.5277 6
136421.8056 11
136500.9183 16
136691.4840 17
136819.4837 7
136873.5231 4
137040.2625 3
137159.4580 4
137281.7382 12
137418.6899 1
137585.1991 4
137667.0270 7
137831.2696 10
137953.8682 11
138046.1078 18
138207.6689 8
138442.5144 18
138624.4681 7
138645.2828 11
138744.6726 3
138917.6393 17
139038.5346 11
139142.1296 17
139171.8597 10
139355.0451 21
139384.5716 16
139428.0222 1
139582.0008 2
139708.3461 16
139877.2656 16
139976.0424 11
140098.6979 16
140214.9123 19
140352.0297 14
140547.7184 21
140658.9260 16
140847.9393 9
141037.6954 18
141191.8918 9
141277.6062 20
141415.1014 20
141596.7350 19
141630.4144 11
141786.7035 9
141916.1343 7
141946.3085 12
142019.5108 20
142167.9579 15
142236.9150 20
142276.6707 11
142413.8163 19
142491.4001 8
142691.8538 14
142805.3820 14
142938.0268 12
142972.9371 3
143000.7379 12
143129.9442 7
143168.4173 10
143306.6301 16
143478.3689 3
143603.5833 9
143794.5964 5
143911.2516 13
144010.5566 16
144118.9101 9
144254.4714 4
144458.8468 14
144577.9627 4
144799.7985 15
144997.5219 15
145176.0070 16
145230.6892 9
145272.4345 8
145309.1348 11
145374.9318 11
145430.2907 17
145450.6353 6
145616.9059 11
145643.5269 11
145842.2188 12
145881.1465 19
146068.0657 20
146096.9597 7
146132.1926 13
146273.0768 8
146408.2479 19
146483.8736 15
146664.7392 16
146772.5809 6
146866.3329 3
147009.9973 7
147099.2031 10
147271.3211 1
147428.0409 9
147545.3485 20
147676.7619 12
147829.7778 5
148029.6587 11
148195.7999 21
148321.9024 17
148459.1693 2
148550.6261 12
148689.7000 2
148808.2707 9
148996.4219 18
149117.5390 8
149348.5572 21
149435.6018 3
149502.0347 18
149608.2479 21
149668.1142 18
149713.1058 7
149796.8340 10
149977.5832 11
150072.8001 4
150195.5168 17
150220.8560 2
150414.3180 21
150442.6288 21
150466.9825 11
150528.7543 11
150555.5546 4
150776.3358 8
150942.3647 13
151110.3213 7
151204.4771 20
151397.0980 1
151605.7129 10
151715.0683 15
151884.6837 18
152068.1320 17
152248.6033 12
152412.2895 7
152510.0208 12
152676.1808 13
152771.2054 12
152800.0263 16
152925.1332 17
152999.3295 12
153066.6422 9
153255.5008 3
153355.4280 2
153473.8554 11
153532.0611 15
153643.2910 12
153827.3260 7
153901.6303 21
154087.2546 6
154260.8358 18
154293.1229 21
154430.6739 13
154639.6729 21
154707.7468 13
154842.5232 5
154924.9579 7
155013.1853 9
155173.2660 16
155245.0673 7
155410.0994 3
155484.2408 12
155673.1231 20
155806.5005 10
155926.8612 18
155984.7076 21
156166.2467 11
156316.4280 12
156504.1751 3
156633.0523 7
156714.3691 16
156742.5430 11
156772.6222 10
156993.0857 11
157032.6915 21
157080.4884 17
157142.2730 11
157189.0137 18
157279.6332 5
157493.3488 19
157633.5557 9
157800.7049 4
158040.0543 3
158116.2616 8
158190.4969 18
158298.7186 12
158367.5237 10
158497.5226 7
158577.5082 10
158744.7418 12
158947.9143 8
159148.5651 12
159266.6224 8
159490.8454 11
159643.1135 9
159695.3219 16
159844.2033 12
159966.7371 1
160145.4653 4
160329.2899 6
160459.0314 12
160535.5505 18
160565.3077 6
160701.8784 3
160903.6400 18
160931.3182 4
161164.9819 8
161308.2050 19
161392.0161 14
161469.3490 20
161595.8703 20
161782.4511 5
161871.1644 5
161992.2873 2
162133.7274 15
162251.5521 18
162336.8839 21
162408.6995 11
162491.7404 8
162541.7962 11
162704.6620 12
162846.2203 5
162985.2644 11
163155.6197 11
163316.4285 12
163399.3385 21
163437.4173 16
163510.1366 7
163708.8930 7
163906.6529 12
164041.1444 12
164193.9136 1
164392.6991 15
164552.3702 13
164579.7470 19
164654.5875 13
164771.5079 5
164954.7534 11
164999.1665 10
165065.7758 16
165200.6138 20
165239.0961 11
165443.2162 11
165638.6770 17
165722.9931 9
165866.9499 12
166015.0423 9
166094.1223 20
166228.8988 17
166356.7543 20
166474.6952 12
166565.8055 7
166632.6307 6
166816.8406 18
166875.4377 20
167016.1159 16
167123.1655 21
167312.8533 21
167386.2378 10
167445.6967 11
167603.9596 21
167766.5607 3
167942.9130 14
168051.7951 18
168235.3708 7
168349.1450 12
168407.8184 15
168467.0727 12
168488.6630 2
168569.9999 8
168748.7907 2
168958.6743 11
169103.7940 8
169164.1965 21
169337.3491 21
169505.7826 1
169598.0232 18
169774.0049 20
169930.1230 3
170063.9762 4
170262.7174 17
170453.4435 2
170519.9148 12
170642.8013 14
170744.0812 11
170889.4842 17
171000.0477 11
171196.1218 9
171272.1435 15
171321.2635 2
171547.8386 20
171689.6936 11
171713.8253 5
171887.9236 12
171997.7479 19
172069.4697 6
172268.7130 1
172312.1253 9
172330.3202 16
172477.3945 3
172593.4365 15
172744.6391 14
172908.8111 9
172975.7160 18
173082.4875 11
173196.9747 21
173363.5286 14
173432.0298 14
173513.8281 4
173730.6500 10
173787.1558 3
173847.5336 18
174029.7004 20
174195.3160 12
174239.9499 6
174488.5578 5
174672.8437 11
174730.8581 13
174882.1883 6
174983.4497 21
175134.4557 21
175258.5034 7
175304.8739 12
175496.0261 17
175694.6944 11
175831.6655 11
175967.3070 11
176135.2279 7
176269.3058 11
176393.4314 9
176574.1727 10
176717.8101 20
176750.6746 4
176980.8459 17
177049.6742 16
177105.2122 11
177304.8516 4
177505.1379 9
177537.6089 11
177636.3936 3
177749.5168 17
177938.2561 7
178104.4610 4
178354.3037 14
178553.2209 14
178614.1145 11
178794.7180 11
178966.6719 7
179121.1087 17
179308.8514 15
179350.1806 15
179474.5964 5
179528.0009 18
179563.6725 9
179736.4114 8
179862.3122 1
179893.0334 10
179941.2371 9
180104.4534 12
180285.8771 2
180394.9985 14
180530.8636 18
180616.0053 12
180793.3799 10
180888.7299 17
181047.1175 12
181131.9950 13
181276.3089 20
181445.0209 18
181583.7162 17
181712.5669 3
181747.0402 17
181873.3000 4
182002.2079 1
182036.1572 18
182073.9236 18
182121.0092 16
182210.4262 3
182279.5347 11
182439.6364 6
182673.1431 15
182802.1425 6
182975.2524 18
183025.8025 16
183093.4169 6
183227.7911 11
183306.1725 1
183402.7070 13
183603.6995 4
183809.4003 21
183939.3272 21
184044.0890 2
184127.2301 1
184166.8290 8
184399.2250 10
184524.9469 18
184566.6190 13
184603.5022 5
184770.2490 5
184902.6915 11
185100.7395 16
185201.8409 11
185323.2950 11
185416.7025 18
185588.2849 21
185673.0370 18
185725.2286 1
185765.1532 8
185864.1481 15
186052.7447 11
186123.5898 20
186229.0562 10
186374.8356 4
186615.5886 12
186635.6827 8
186691.3435 16
186795.3666 14
186895.7380 17
186981.5194 11
187163.4280 8
187388.4731 1
187480.0777 19
187630.8448 12
187732.5673 13
187855.2505 12
187989.8360 16
188108.4072 6
188177.9158 8
188264.8525 16
188424.3612 4
188536.3888 1
188669.9166 9
188728.0550 21
188863.6864 9
189032.4319 3
189078.4573 16
189235.8109 7
189297.4316 19
189497.5056 10
189614.4934 17
189760.7688 19
189941.1460 11
190128.8233 3
190320.7407 16
190458.1250 11
190551.1806 10
190652.3523 5
190839.9413 10
190865.5803 6
190986.5280 11
191145.2278 14
191289.6910 12
191349.7048 11
191541.5747 17
191578.9875 11
191720.3092 10
191855.5737 20
192052.7583 2
192160.8916 8
192241.4363 19
192306.8167 3
192466.4740 16
192606.3585 7
192801.5786 13
192883.0571 14
193123.7026 20
193212.3347 9
193266.7714 4
193388.8364 12
193454.5931 11
193504.0542 2
193753.3669 13
193790.8945 18
193923.9454 11
194031.5947 11
194229.3637 2
194369.5758 16
194562.9719 6
194725.6893 14
194816.5197 13
194982.4981 11
195011.1558 21
195139.0481 20
195208.7807 6
195348.1034 3
195554.8720 15
195666.3365 11
195795.1459 14
195993.1958 5
196125.9624 1
196274.0289 11
196341.9949 17
196530.3854 15
196571.0425 15
196662.3873 9
196812.9223 10
196958.2202 18
197001.4285 4
197236.4096 8
197383.6664 18
197442.1332 14
197563.8173 7
197634.4653 5
197760.9400 4
197998.0040 14
198163.9237 18
198190.7384 8
198350.8357 5
198498.9524 19
198531.9230 5
198610.9068 7
198652.0969 11
198732.6199 13
198922.7161 3
199131.3726 18
199306.8550 18
199386.9541 9
199544.2991 12
199727.7308 15
199860.1245 18
200002.6416 15
200024.1546 11
200074.9232 3
200179.6696 12
200333.4042 20
200354.2796 15
200443.3675 18
200617.0198 11
200698.8228 1
200891.0196 15
201078.8832 4
201270.4997 12
201379.7293 6
201618.9500 2
201851.9181 9
201969.9448 17
202128.8324 10
202298.7396 5
202402.2449 9
202542.0498 18
202657.2841 1
202872.9244 11
203065.1290 20
203208.7775 21
203413.6947 1
203510.2398 14
203680.8211 12
203769.7943 16
203831.8565 18
203982.9013 18
204111.4497 11
204234.2626 11
204376.7437 10
204534.1962 21
204586.7152 1
204664.0863 19
204818.6194 8
205030.7471 6
205227.0982 21
205325.2300 3
205505.0915 15
205564.2701 9
205582.3426 16
205671.2509 8
205835.6517 7
205857.2499 18
205982.4781 18
206110.2589 14
206276.3821 2
206477.0417 21
206680.6403 9
206880.6638 2
206997.1880 1
207189.6138 2
207272.4573 11
207358.1735 8
207451.9739 9
207533.7733 16
207700.2359 7
207762.0854 14
207910.5993 3
208094.7061 1
208200.6032 12
208240.5436 12
208442.0817 1
208586.1945 4
208831.3571 8
209059.0431 11
209202.1921 20
209384.0997 2
209514.4155 11
209550.7798 11
209592.4118 1
209722.6246 11
209905.9149 7
209938.6610 11
210110.6673 21
210223.1716 6
210381.5675 3
210530.0603 1
210604.8206 7
210729.9709 20
210851.1911 13
210995.5338 6
211178.6718 12
211296.6097 8
211410.6863 14
211460.5759 16
211607.4696 3
211757.8458 11
211805.8788 7
211969.3841 18
212135.3443 5
212269.1404 4
212396.2577 17
212551.8123 11
212668.4280 19
212697.3966 21
212898.9239 4
213119.6787 3
213215.2238 12
213321.0764 21
213527.4211 18
213574.5175 11
213662.0212 1
213711.3513 9
213810.7526 4
213992.6964 11
214018.9306 7
214176.0249 20
214196.1557 3
214292.4536 12
214365.4830 11
214504.9614 20
214632.9577 7
214759.4342 1
214963.3025 15
215038.5739 5
215155.2023 2
215357.8171 12
215442.1918 13
215577.1780 12
215597.4891 13
215663.5286 21
215838.4632 2
215931.1564 11
216023.2322 19
216111.3707 9
216309.4610 4
216488.7534 2
216702.5021 9
216855.1990 8
217079.3156 16
217115.5860 1
217265.8592 15
217414.1755 20
217462.6864 5
217636.9927 3
217763.1769 20
217893.5196 11
218088.2317 14
218280.3583 16
218341.0348 11
218406.2887 11
218460.9147 8
218583.2679 13
218656.8874 9
218856.3240 19
218893.6774 19
218987.6513 15
219080.4611 14
219283.9427 17
219378.0203 21
219495.8461 12
219566.5505 7
219736.5149 7
219791.5674 11
219937.2737 12
220072.5660 17
220114.9830 7
220271.6147 6
220429.7730 15
220567.6192 11
220647.4184 11
220791.7767 16
220905.1827 10
221064.1984 2
221137.9476 18
221160.1658 18
221292.0050 14
221515.6463 5
221572.8497 4
221768.1799 18
221872.6352 15
221929.5087 10
222005.9502 8
222093.9391 1
222167.3807 16
222265.8403 7
222308.9130 5
222470.9388 16
222596.1872 2
222701.2272 17
222732.6513 11
222914.6612 8
223022.2670 16
223199.4380 9
223396.6930 12
223484.0648 1
223608.2288 16
223647.9127 19
223817.2079 12
223960.0490 20
224127.6229 15
224176.8624 11
224224.2384 8
224319.7578 11
224443.8824 16
224608.4036 12
224688.4801 9
224757.9016 16
224894.1732 12
225048.1681 12
225078.1424 10
225258.9634 20
225461.8030 20
225636.5053 1
225690.4162 3
225723.8136 10
225929.9347 14
226030.1368 6
226083.8846 20
226235.9239 21
226324.7265 12
226432.8000 11
226453.3189 21
226578.8076 10
226769.6018 5
226963.5716 13
227165.0650 15
227281.5347 7
227470.6954 21
227593.7599 15
227662.3109 3
227735.4802 21
227804.3056 19
227893.7830 18
227960.9327 4
228151.5922 11
228212.6040 4
228452.3745 1
228637.1339 3
228798.2513 3
229006.5610 3
229198.2430 15
229279.7069 14
229434.9230 11
229585.0739 5
229670.1173 3
229729.5448 5
229777.4375 1
229923.9051 19
229991.3637 10
230052.1561 18
230182.5242 19
230202.0998 10
230446.1072 12
230585.4032 12
230763.5391 6
230927.6243 17
231024.4205 12
231218.1513 7
231281.7380 13
231315.5263 18
231487.0087 16
231663.0382 6
231806.9863 15
231978.0633 5
232087.1933 17
232108.3068 11
232139.6096 16
232160.2970 2
232273.8473 6
232457.7199 3
232626.4166 1
232807.4996 12
232905.9586 8
233074.4302 21
233250.1749 5
233284.7596 16
233414.3830 3
233571.0455 14
233744.3398 13
233942.3251 11
233979.2016 11
234090.2642 12
234263.4472 1
234384.7569 12
234439.4091 11
234471.5776 6
234609.9678 16
234771.3025 8
234932.6665 9
234968.4099 2
235192.6625 8
235298.5111 15
235329.0340 17
235401.4148 10
235563.9378 10
235615.4059 3
235687.4085 12
235739.3192 11
235861.7366 16
235953.1316 11
236108.0852 12
236210.4388 10
236299.6993 19
236330.6705 17
236366.0205 18
236422.5354 7
236525.6591 12
236603.0883 15
236773.2283 4
236926.2769 13
236998.7129 13
237116.6520 11
237197.9879 11
237396.1345 11
237418.8603 4
237533.3324 7
237629.3689 17
237703.1947 13
237828.1520 12
237905.4282 15
237984.8252 18
238150.1139 2
238403.0507 12
238540.0205 2
238662.3631 6
238807.7080 14
239055.7296 18
239136.2351 8
239247.5841 21
239364.7740 11
239408.8865 6
239592.9599 7
239705.8219 6
239859.4932 7
239946.6210 12
239974.8198 11
240029.5555 4
240128.4927 11
240287.6192 3
240482.2485 5
240597.4587 5
240722.5485 6
240937.2513 12
241122.4544 16
241289.8242 9
241481.9800 11
241547.0740 14
241769.1177 17
241938.6775 8
242066.9658 3
242241.8560 9
242268.6530 11
242398.7065 16
242540.1423 12
242588.6342 15
242610.6908 11
242765.3446 12
242846.3505 2
242977.0878 11
243071.1552 12
243102.1024 17
243231.9624 12
243255.7331 18
243421.9301 11
243474.0889 12
243673.6624 15
243739.3501 14
243888.2526 12
244002.1975 15
244190.9040 13
244251.1621 16
244300.5118 1
244433.9799 4
244564.3447 11
244736.7477 3
244946.7870 21
245129.7173 14
245334.1847 19
245417.8426 1
245609.5282 6
245831.1123 12
245856.4546 10
246076.1061 18
246235.7333 20
246323.7235 15
246390.1737 18
246588.4663 17
246651.2904 13
246718.2125 12
246874.1694 4
246977.8550 2
247193.3933 20
247347.6196 7
247508.2656 13
247581.7035 16
247763.9004 20
247929.9129 4
248119.2102 21
248189.2882 8
248381.6860 5
248453.7093 9
248472.2265 12
248640.3215 16
248687.4012 11
248874.0099 15
248918.0061 19
249053.3688 21
249126.7390 9
249282.1274 12
249377.7726 15
249441.0114 7
249513.5939 19
249684.0290 15
249779.9045 17
249963.5955 16
250060.9471 14
250242.2182 20
250324.7346 19
250486.7817 19
250510.9027 16
250681.6639 19
250841.0721 11
250979.1734 7
251155.2298 12
251219.4768 15
251401.1471 17
251477.9391 18
251529.0139 6
251620.7533 14
251844.9767 15
251972.3185 6
252165.8935 19
252210.9294 11
252410.5191 20
252568.5793 20
252703.0934 20
252766.0903 18
252911.8984 7
253048.8271 15
253073.3138 8
253294.2058 2
253510.4157 13
253659.2019 11
253712.0057 10
253740.3898 15
253843.9398 8
254009.9757 18
254170.5205 17
254291.8667 21
254364.1702 5
254469.1015 12
254564.6497 4
254650.4399 12
254708.5450 21
254799.3402 11
254943.2567 11
255056.0466 12
255208.7077 4
255432.4771 10
255556.8743 10
255789.3322 2
256006.8578 18
256166.5379 17
256270.9795 14
256374.9969 13
256413.7741 6
256520.4612 7
256669.4811 12
256726.9660 19
256836.6301 12
256895.4338 20
257014.7317 11
257084.6070 13
257225.1837 18
257404.2273 3
257447.5122 1
257568.1711 8
257763.8188 8
257982.0758 4
258123.2211 10
258279.4712 12
258391.4434 16
258427.8454 8
258575.6207 4
258794.8073 16
258989.1594 12
259185.6457 21
259306.6531 6
259373.2677 13
259465.4950 5
259644.1692 8
259813.9389 19
259929.2234 14
260052.2020 2
260144.7372 8
260212.4741 5
260416.8437 6
260499.3267 8
260688.8663 11
260783.6191 10
260918.3007 13
261106.8337 15
261251.4562 14
261423.5577 3
261574.5325 15
261682.5922 4
261910.1077 14
262009.4856 2
262219.5690 6
262320.7227 15
262357.0757 11
262410.7052 18
262437.9802 20
262534.4315 9
262696.6309 20
262836.3192 18
262985.0223 6
263172.8936 10
263387.1931 4
263595.3286 14
263667.8250 11
263734.3251 12
263845.0965 17
263914.1279 11
264101.3619 12
264289.5218 3
264393.2334 12
264597.3751 2
264761.1516 14
264828.6477 21
264914.9064 12
265039.3458 4
265267.9460 19
265402.6539 18
265472.8295 3
265578.5511 15
265657.5992 6
265750.7862 12
265920.6680 9
265970.9936 11
266140.9271 1
266288.6307 12
266399.3412 3
266506.5087 10
266680.1970 15
266746.4769 4
266832.7361 12
266992.4242 4
267214.5388 11
267379.5994 11
267503.2011 9
267553.8603 11
267658.3546 4
267852.9149 3
267911.4562 20
268074.0883 4
268146.6068 16
268310.0121 2
268415.6956 11
268529.3260 12
268593.9457 6
268764.7370 16
268892.8963 11
268991.5257 5
269031.9860 18
269186.3218 15
269380.4540 8
269498.9804 17
269603.9349 11
269687.7842 12
269887.7522 11
269932.2347 16
269956.8467 15
270113.3815 18
270223.7354 6
270392.8120 16
270538.6465 12
270729.0999 1
270790.2309 8
270982.1687 13
271081.0988 15
271276.5458 18
271470.3017 5
271613.9492 11
271815.6923 2
271948.0229 9
272149.1848 11
272304.4541 18
272447.0654 11
272568.6413 8
272656.4673 15
272703.5772 9
272827.7618 12
272942.2627 7
273092.5641 12
273192.4115 3
273273.3964 4
273499.3381 14
273733.6085 2
273946.3659 14
274114.6744 19
274212.4258 11
274338.6182 1
274475.0057 18
274539.8021 11
274667.8374 2
274851.2415 8
274924.5547 11
275014.2665 18
275050.3016 15
275163.4439 3
275340.6538 5
275525.0341 8
275744.3002 8
275847.0086 16
275875.7430 4
276014.8331 12
276143.2451 11
276296.0357 18
276404.2341 1
276457.8835 15
276626.2325 20
276817.0236 16
276859.5786 9
276896.2376 5
276987.1781 14
277047.8540 2
277144.9522 5
277325.5722 10
277494.0695 18
277565.1599 18
277728.0697 11
277805.3139 20
277982.8525 15
278135.6959 12
278208.4416 18
278392.9018 11
278549.3546 16
278729.0120 10
278874.8512 15
278963.7945 18
279001.9019 11
279073.3885 11
279235.3302 9
279436.1294 5
279531.3674 2
279593.2078 11
279725.8491 3
279827.7297 14
279986.4684 17
280150.0225 20
280260.5519 12
280452.8185 13
280603.1382 20
280726.4311 14
280869.1892 13
281067.8927 16
281125.1261 5
281288.7753 18
281338.8072 12
281453.7606 17
281501.7431 12
281672.8873 3
281766.7202 11
281844.9675 14
282031.4458 12
282113.2327 3
282152.8919 2
282225.6201 6
282468.4045 9
282495.2670 13
282588.7205 17
282685.1597 21
282705.6137 17
282802.9019 17
282932.4879 8
283103.0679 15
283179.8880 7
283241.2179 21
283416.2297 5
283470.9160 7
283519.6858 20
283690.4169 21
283751.6520 9
283861.1159 11
283977.7733 10
284190.2041 19
284268.6600 12
284423.1848 18
284602.2437 9
284688.1574 11
284861.2597 13
284927.8291 15
285000.4975 19
285129.6880 18
285218.2989 15
285238.9462 18
285300.7144 6
285397.0483 12
285430.1860 8
285616.3717 10
285679.1732 8
285874.6649 14
286101.1803 12
286238.5379 12
286332.5063 17
286412.6721 16
286440.6254 11
286633.0749 16
286722.1523 17
286909.1120 14
287004.0538 20
287201.9371 3
287366.5267 5
287545.7195 19
287573.5768 10
287612.6626 2
287780.6600 5
287949.8227 19
288037.7840 13
288080.2029 12
288172.8526 5
288302.6705 13
288457.0968 11
288486.9570 20
288601.1724 10
288662.1962 21
288725.4748 3
288830.1147 11
288924.8038 12
289128.4053 11
289180.1662 16
289370.7937 19
289410.7352 12
289482.3933 10
289597.3059 13
289737.0911 5
289866.5364 6
289953.8105 15
290104.8089 17
290229.4798 11
290292.7839 19
290465.8956 18
290557.5479 1
290638.9557 16
290785.3821 12
290809.0725 16
290842.2902 3
290994.9316 15
291118.4534 8
291259.0001 11
291303.8706 3
291467.9634 7
291493.9906 11
291516.6182 17
291655.2498 8
291766.2554 16
291885.9841 4
292008.9812 12
292075.3532 2
292306.9651 20
292398.2117 21
292516.0710 12
292687.9836 11
292829.3860 8
293062.3754 12
293142.0958 19
293224.8818 18
293415.9075 1
293550.1135 19
293606.4775 21
293671.6472 18
293839.9896 11
293942.4105 15
294010.8827 19
294050.3156 6
294313.1842 16
294401.6113 20
294575.6677 19
294607.9331 3
294740.8038 1
294840.1451 8
294965.9610 11
295010.4882 12
295172.3320 11
295349.0565 20
295488.7470 8
295713.0664 7
295811.7052 16
295860.4137 9
295970.5613 11
296029.4251 5
296076.3045 8
296269.9686 18
296294.5744 21
296345.1302 8
296515.3939 12
296556.9715 8
296692.7646 20
296864.5967 13
296986.6361 18
297175.5533 16
297194.1302 7
297223.6295 20
297290.6536 11
297309.2183 20
297332.2534 1
297419.6787 12
297560.6528 5
297629.6375 21
297700.5623 11
297846.5678 12
297886.4073 2
298130.3836 11
298258.4846 20
298332.7949 14
298389.2683 7
298518.2723 11
298641.8518 14
298733.4865 20
298898.8936 12
299077.9522 12
299238.5823 4
299394.1793 13
299428.9628 11
299453.5621 5
299520.7498 10
299642.1765 10
299815.1855 15
299839.0797 11
299931.7181 12
300055.8726 11
300227.1667 3
300437.1533 12
300492.5367 15
300581.2011 2
300686.6073 9
300850.0068 5
301041.0596 16
301155.3643 11
301268.8170 17
301435.1592 18
301581.3451 11
301723.3437 11
301886.6510 19
302047.6471 6
302263.7471 13
302465.9035 1
302554.0663 13
302699.9050 18
302889.5809 11
302987.4538 11
303079.4148 5
303168.3464 19
303219.9636 11
303284.7126 19
303323.3226 15
303360.8627 13
303480.1984 8
303626.1734 11
303679.5851 14
303884.7167 19
303959.7302 4
304066.3470 4
304139.3917 2
304387.1447 11
304576.7387 6
304713.6816 9
304815.3244 13
304959.4670 12
304988.8627 16
305117.3588 18
305204.7025 21
305313.3525 5
305358.5424 4
305454.7384 8
305516.1291 12
305708.6039 7
305741.4106 12
305828.1986 19
305961.4150 14
306063.2724 4
306267.9885 5
306375.9246 4
306492.0575 14
306652.5513 17
306783.8335 11
306905.6693 11
307068.6537 17
307113.7373 1
307148.5946 13
307203.8366 5
307244.4689 18
307326.4966 7
307423.4288 11
307570.4946 15
307629.1227 7
307721.2559 18
307792.0983 4
307859.8497 15
307906.9680 13
307943.1714 12
307990.8357 19
308028.9537 3
308097.7101 10
308206.5263 18
308236.0624 7
308316.0202 13
308395.4751 11
308475.1162 13
308566.1076 12
308732.3183 8
308900.1688 20
308918.6126 5
308999.1477 8
309177.4128 4
309332.8225 10
309406.4638 11
309566.9157 1
309754.8794 17
309953.5832 17
310072.0045 13
310279.0750 17
310321.3313 16
310392.1707 2
310589.4928 18
310644.8115 18
310834.2607 1
311034.8205 5
311164.1572 20
311203.5566 12
311333.3316 18
311372.4762 19
311433.0998 13
311548.9984 11
311708.3298 19
311799.1626 11
311958.5716 17
312157.2467 7
312230.4646 8
312459.3513 10
312603.9034 9
312775.5174 8
312948.8536 5
313137.3484 12
313238.0223 8
313475.8076 1
313651.4927 7
313761.4856 12
313892.1299 16
314033.5766 6
314167.0650 18
314324.4422 10
314397.5921 13
314455.9558 11
314497.9596 12
314649.9419 13
314831.2305 17
314866.0987 15
315059.2084 12
315079.9071 8
315144.7258 3
315192.6831 11
315225.3056 11
315324.2323 10
315519.6205 10
315656.1251 13
315800.2763 8
315895.9946 2
316060.7040 14
316161.5904 11
316363.4231 4
316556.0946 11
316729.5539 19
316913.5645 2
317001.6285 16
317039.6124 15
317176.7857 11
317233.4609 9
317350.3539 13
317475.3186 18
317615.7431 20
317637.3955 3
317711.8960 2
317895.5510 11
317926.9816 18
317961.3613 11
317994.9920 11
318109.7311 16
318290.1110 21
318448.0688 12
318580.6971 4
318707.6101 20
318811.3314 11
318905.4019 18
319091.6297 11
319235.5718 8
319427.1785 15
319623.2431 21
319662.2340 19
319862.7606 11
319907.3035 3
320057.8431 11
320139.4302 1
320262.9793 5
320344.9267 8
320519.3727 20
320675.2032 14
320892.1035 3
321065.2301 11
321159.8172 1
321192.5865 18
321284.0153 10
321477.8466 7
321637.8513 8
321785.6581 13
321929.9472 11
322012.0118 20
322141.4231 9
322264.9783 20
322410.5542 11
322450.2545 11
322594.8057 17
322668.8708 13
322786.2165 10
322935.6909 9
322956.1591 12
323093.1339 11
323203.3070 5
323267.0817 20
323395.6725 15
323530.4361 5
323704.6072 18
323780.5265 13
323929.3198 8
324058.8251 3
324101.0221 3
324141.5710 11
324292.8050 11
324325.6331 6
324496.2826 19
324607.2385 11
324768.5604 7
324968.2204 10
325114.4756 6
325197.1699 11
325352.6223 7
325403.0497 19
325571.6518 12
325624.6839 19
325760.9368 18
325952.5971 15
326015.2771 7
326088.7507 11
326136.0942 7
326305.2282 1
326451.8481 5
326539.9296 11
326648.8935 2
326821.2453 15
326972.6481 5
327143.9330 3
327319.2716 17
327506.1016 17
327684.7387 11
327712.1634 15
327898.7624 10
328091.1950 2
328248.6409 7
328353.3790 9
328429.6887 18
328547.7390 1
328665.8342 20
328829.8237 10
329033.6413 9
329114.2026 16
329170.5366 18
329193.6347 19
329248.0082 20
329390.5122 3
329598.7037 8
329672.5371 11
329812.0977 12
329864.0862 19
329937.6581 14
330001.5599 12
330156.7221 16
330202.5478 19
330273.5016 11
330340.6186 15
330539.9432 2
330708.5811 15
330804.4697 4
330902.9122 11
330999.4175 12
331108.1192 3
331275.0434 6
331339.2619 6
331456.4450 15
331571.5533 11
331765.4313 12
331895.8640 9
332010.3996 6
332174.0309 11
332226.6637 20
332315.5779 3
332413.6680 12
332447.4573 14
332485.8591 11
332532.5587 13
332559.7991 16
332724.4153 19
332838.4974 8
332949.8767 2
333175.2302 11
333293.0855 11
333425.6345 1
333577.5448 19
333636.3012 6
333839.6231 12
333953.5228 15
334063.7691 13
334146.6776 11
334212.9803 19
334255.4254 17
334281.3040 21
334361.7603 3
334574.6197 20
334628.8237 17
334675.1359 20
334713.6105 13
334893.3457 2
335116.6819 10
335202.9223 12
335278.9627 11
335321.7141 7
335483.4125 14
335617.8632 21
335796.7778 5
335961.1507 2
336130.0245 13
336249.6381 8
336327.8498 18
336482.9285 17
336561.2352 6
336698.2535 4
336819.2023 5
336933.7309 6
336966.9734 11
337146.1577 12
337208.6408 11
337245.7873 21
337307.9833 16
337339.6543 20
337362.8310 10
337513.5455 7
337538.5128 9
337635.5082 12
337680.2014 14
337919.9868 16
338094.2390 18
338214.5375 3
338283.5754 18
338415.1745 21
338518.9984 3
338683.8635 11
338864.8441 12
338966.1718 6
339141.3685 17
339317.1799 19
339434.2644 10
339625.9340 18
339734.9702 11
339906.1968 14
340037.7661 11
340180.7581 12
340285.4171 17
340484.5616 16
340569.1307 1
340670.2635 4
340765.4551 8
340966.0387 17
341025.7218 21
341191.4699 11
341293.4186 21
341319.4376 17
341503.9760 17
341687.8762 8
341838.6093 19
341935.8827 3
342008.0422 12
342163.1746 1
342209.9295 14
342375.3694 20
342398.2815 11
342434.2207 8
342544.6840 6
342683.0082 12
342775.6970 11
342914.4725 7
343013.5590 16
343139.1272 2
343241.0199 9
343426.1824 16
343497.7877 12
343618.0190 11
343694.7798 2
343868.4754 11
343904.1874 18
343989.9781 17
344044.4872 3
344177.6632 12
344232.4638 2
344428.3159 12
344502.7118 7
344582.0376 1
344726.1127 11
344762.5452 20
344861.5644 11
344882.8512 20
344908.6156 13
345022.1910 5
345069.8403 20
345253.5719 4
345458.2913 11
345542.6455 18
345595.1915 20
345743.6241 12
345939.9432 11
345965.5006 18
346146.0125 7
346320.8383 17
346358.6068 1
346433.1740 2
346495.7922 20
346575.3190 13
346741.6252 3
346799.7306 11
346991.5664 12
347111.4743 1
347323.9136 17
347403.6279 12
347525.0805 12
347716.5548 3
347892.2729 5
347975.4432 1
348071.5966 15
348103.6187 10
348165.6511 17
348196.3439 16
348262.1541 2
348514.9365 20
348575.1974 14
348712.4483 8
348864.6577 15
348963.8265 20
349101.2895 4
349310.6054 12
349505.9205 20
349612.7965 3
349740.3431 7
349772.5174 11
349867.3762 9
350038.2353 18
350200.5080 17
350389.0064 21
350519.2237 1
350704.8894 14
350826.1983 18
350931.8170 18
351105.5260 18
351212.5327 20
351267.5149 11
351459.9169 2
351655.1394 9
351744.4681 21
351813.5858 9
351882.1487 19
352042.4743 8
352138.3107 7
352311.3495 4
352521.2866 1
352617.3531 12
352654.2642 3
352735.3652 15
352916.6988 12
353004.7118 2
353096.2059 21
353221.4720 3
353266.4272 19
353463.8812 1
353561.5329 17
353585.4030 12
353752.0865 18
353790.2171 18
353859.5882 4
354100.7411 10
354188.8896 18
354313.3992 15
354457.9958 21
354588.8836 12
354678.1991 19
354698.6776 11
354763.0972 18
354803.4185 11
354918.9193 15
355099.6872 19
355273.2639 12
355459.8389 2
355592.9171 11
355776.4029 17
355813.4862 2
356011.5286 11
356152.4038 4
356285.3409 3
356423.7311 8
356539.2061 2
356749.9931 15
356878.6288 14
357084.3027 12
357256.9893 11
357452.4834 20
357587.9758 18
357691.7932 4
357897.8354 5
357986.9215 5
358075.3501 19
358194.8498 11
358382.7367 12
358495.1094 12
358618.3572 9
358808.4574 20
358894.7142 16
358978.1268 8
359038.0228 17
359064.8224 20
359145.9150 14
359243.8941 8
359352.2604 21
359510.4890 15
359653.5184 6
359840.2367 12
359953.7221 15
360117.9582 21
360170.3919 6
360353.2543 6
360609.1539 11
360758.9653 3
360944.2008 17
361033.7424 17
361069.6889 6
361191.1384 3
361367.5794 15
361436.9045 10
361546.3391 11
361695.4662 13
361851.2457 6
361943.7632 1
362115.7150 9
362188.9860 1
362318.6540 17
362489.8767 4
362683.9232 15
362880.6576 18
363046.3181 16
363171.9074 18
363194.1499 12
363367.7491 19
363495.4306 15
363607.1971 11
363647.4593 18
363725.3419 7
363920.9866 8
364038.2407 18
364176.6389 11
364304.1395 10
364379.3141 8
364531.0620 12
364583.4770 7
364623.9884 20
364757.9248 12
364809.1513 19
364873.0771 12
364960.5174 16
365089.8198 12
365247.3572 15
365436.5716 21
365629.4354 16
365717.7051 13
365914.3488 8
365985.7983 14
366196.4777 4
366312.1193 13
366382.3298 19
366569.3698 15
366702.6583 20
366739.5923 3
366849.1122 18
366877.8208 4
367033.6787 11
367075.0784 12
367202.1956 4
367337.7035 13
367384.2317 1
367597.2177 12
367787.5721 19
367984.4816 19
368058.9098 11
368175.8758 5
368374.7307 11
368487.7544 1
368687.6147 7
368761.9275 13
368863.7776 10
369042.4954 11
369106.5834 12
369232.0561 4
369456.4929 16
369642.5382 4
369827.2542 13
369921.7150 17
370019.3527 9
370190.5387 2
370305.1913 3
370436.1345 14
370510.2355 19
370708.0726 5
370808.7206 13
370856.3564 19
370976.1671 11
371057.4457 13
371155.2469 18
371234.3165 13
371349.5608 12
371409.8094 7
371579.1722 17
371755.4721 19
371810.2595 12
371886.3011 18
372026.2849 2
372186.1658 12
372245.0395 16
372443.8846 10
372573.3486 11
372776.1204 21
372921.3725 12
373097.2667 5
373126.5836 21
373213.9461 19
373399.8831 5
373583.1324 15
373711.8001 17
373755.0325 2
373914.0543 10
374108.6393 12
374207.5505 18
374251.9817 8
374393.0667 4
374611.2335 19
374689.8950 13
374801.0840 6
374947.0366 9
375072.2516 5
375256.6213 9
375381.7823 11
375477.7353 21
375646.0666 8
375819.6350 19
375989.2348 12
376090.4022 7
376207.7045 18
376246.6050 8
376432.7174 12
376571.2075 16
376607.7790 7
376768.4442 15
376935.2405 2
377017.3442 4
377092.1165 20
377183.4999 15
377325.7960 14
377549.4375 21
377689.5238 18
377828.9305 4
377937.3546 21
378057.5214 6
378123.7033 10
378211.3048 10
378261.2270 9
378350.1084 4
378521.9573 2
378621.7733 9
378660.4711 11
378755.6935 4
378865.9473 3
379038.0733 17
379156.3151 15
379238.7353 13
379303.3638 17
379477.1001 8
379563.0515 16
379700.7599 20
379793.6403 15
379820.1036 6
379964.4611 12
380040.3749 11
380167.4185 19
380312.3316 7
380369.3432 3
380514.7257 8
380725.5072 15
380794.9119 21
380940.7265 8
381166.8289 12
381343.6405 6
381495.0320 18
381555.0014 18
381749.8456 6
381891.0195 20
382074.5923 11
382238.2752 11
382354.0178 7
382423.6844 6
382558.8601 10
382612.7171 10
382751.2056 12
382851.5924 12
382875.9882 12
382934.1950 6
383159.8353 18
383335.4111 6
383498.2718 20
383652.7173 5
383840.0238 16
384010.3610 21
384123.1682 6
