2959
38193.4095 17
38333.5138 21
38471.3695 2
38700.3943 8
38853.0241 8
39037.4359 4
39269.4375 11
39427.5310 18
39480.6007 17
39566.2302 19
39652.6135 5
39861.4824 14
40023.9134 1
40145.2843 20
40237.1488 15
40424.2718 11
40485.0414 10
40708.7063 4
40794.7607 6
40962.9820 14
41130.6261 12
41206.3137 11
41233.5237 15
41371.9841 11
41542.4852 21
41694.7504 12
41749.9475 15
41813.1462 12
41924.2552 4
42032.4798 11
42052.0060 19
42186.0253 4
42342.2764 16
42429.8110 6
42493.8938 2
42661.8274 2
42819.9359 11
42923.6138 18
43008.2783 8
43135.8536 12
43196.1579 2
43429.2880 19
43541.0366 11
43740.4622 18
43783.2429 6
44012.9441 12
44141.9594 16
44277.7627 8
44433.2917 18
44632.3479 2
44808.6746 5
44990.3370 16
45040.4047 20
45182.7442 16
45384.9746 4
45551.1596 14
45606.8668 4
45834.3655 17
45989.5696 14
46149.4977 8
46367.1596 14
46546.0761 9
46573.1836 14
46686.9876 5
46885.6520 16
47041.1603 8
47113.6574 12
47180.3275 11
47361.7725 12
47384.0022 12
47435.8277 4
47585.0221 21
47621.4442 12
47819.4798 11
47992.4200 13
48107.9749 18
48148.2360 2
48291.5727 2
48482.5519 1
48613.4698 5
48640.6686 4
48750.8104 11
48849.6559 7
48970.9194 5
49138.9707 10
49190.0033 18
49297.0434 3
49414.5471 18
49523.5188 15
49637.4994 11
49657.7258 3
49818.0169 19
49960.7214 21
50007.2162 7
50171.3964 6
50231.1321 5
50399.1315 17
50487.1266 13
50555.8523 18
50590.3585 1
50677.6996 15
50745.1924 2
50932.7666 5
51063.7431 18
51190.5739 4
51266.8118 10
51475.2753 21
51644.8440 9
51700.7322 12
51736.9628 7
51828.7062 6
51882.4679 17
52042.6220 16
52166.5566 2
52331.0549 18
52441.5053 12
52628.7368 2
52755.0439 8
52933.4775 3
53082.4230 12
53145.2893 3
53258.7348 15
53412.6539 21
53453.0232 18
53495.4036 13
53614.2682 7
53806.5664 2
53907.7473 15
54047.9852 19
54235.1310 12
54284.8440 6
54412.5610 11
54555.6020 15
54735.5536 8
54946.4868 1
55127.6331 15
55162.5904 18
55303.0738 10
55441.1779 4
55483.9891 13
55665.3293 6
55816.5251 4
55985.2724 15
56144.6435 12
56264.2538 20
56288.4141 3
56436.5123 11
56640.7633 11
56772.0674 5
56937.3725 6
57088.6763 12
57270.6828 11
57424.5023 10
57566.3851 1
57645.3975 16
57846.6928 15
57942.0267 7
57982.4827 11
58025.4271 9
58191.4940 18
58312.1765 11
58496.7332 11
58638.0665 2
58808.7562 8
58974.9002 11
59060.9142 11
59141.2470 18
59281.0901 16
59345.6133 16
59510.6503 11
59667.5163 1
59742.1277 11
59794.4621 19
59851.5156 18
60008.3325 3
60169.1023 9
60303.2789 17
60452.2882 11
60571.4529 6
60618.6787 12
60793.8072 2
60882.3555 1
60919.5187 9
61015.2022 18
61081.4486 5
61285.9923 15
61474.5709 12
61590.0193 5
61698.1886 11
61732.9764 19
61865.8882 21
62071.8529 19
62191.2689 16
62327.3819 6
62400.2207 9
62417.7981 20
62523.3255 11
62606.3966 9
62769.8095 20
62849.5729 11
62993.6642 1
63085.1104 12
63154.3713 8
63355.4168 13
63397.9741 5
63549.0967 6
63753.7653 4
63816.3928 17
63964.1141 4
64123.5892 8
64287.1471 18
64354.1516 11
64446.5513 18
64578.3363 6
64710.7969 19
64792.5683 4
64884.6782 15
64923.2210 6
65115.3659 5
65242.8424 18
65382.4989 13
65584.7301 17
65721.2542 14
65780.1341 11
65928.3786 17
66034.7049 14
66104.3723 4
66301.3191 11
66441.9258 8
66576.3403 11
66637.7016 11
66810.4332 1
67007.5032 6
67135.0434 4
67196.2575 11
67313.2160 6
67357.5764 13
67468.9596 16
67621.2997 3
67752.4565 16
67773.9615 5
67900.9017 10
68008.5803 1
68101.8596 7
68307.9374 15
68451.0789 21
68654.1416 11
68693.2055 11
68880.7650 9
68996.2322 2
69212.8389 3
69310.1891 7
69341.5006 12
69463.7922 9
69555.0994 3
69731.6318 6
69975.6405 12
70164.1232 3
70207.7890 16
70315.2260 17
70464.6341 5
70598.8480 11
70787.6247 18
70857.9815 12
70946.8474 11
71130.1608 7
71258.7206 18
71372.0296 18
71535.5755 12
71728.2281 8
71861.6572 9
72037.0317 4
72189.2797 1
72370.8398 1
72557.8571 19
72687.4533 12
72736.4105 11
72758.1571 11
72784.6930 11
72834.5080 11
72866.7355 13
72907.9758 9
72985.1405 9
73129.7629 19
73215.4421 11
73301.3524 11
73350.4523 15
73450.4589 3
73608.1782 17
73632.3608 17
73745.0138 5
73823.4034 8
73897.3083 12
74061.5786 7
74214.3401 6
74309.1121 16
74443.3224 4
74577.8031 9
74697.0859 20
74774.2205 14
74873.0861 12
75045.0888 19
75213.0528 10
75342.6676 18
75528.2429 19
75628.8739 17
75807.7344 2
75992.6653 18
76190.7034 21
76391.7534 2
76596.2824 15
76660.6178 2
76837.9859 11
76870.7473 8
77069.0453 11
77183.0941 7
77219.6738 12
77400.4672 16
77532.1222 11
77727.6392 11
77762.2469 15
77882.3594 13
78000.2390 2
78095.8233 15
78189.0508 9
78319.5431 18
78503.6308 12
78577.8604 14
78733.4263 11
78872.5164 21
78934.0613 5
79046.4698 13
79130.2245 12
79200.0333 1
79354.2762 5
79430.8642 8
79494.5474 19
79600.4626 11
79662.4183 4
79866.2109 2
79982.2307 19
80036.3715 18
80105.6631 2
80247.9603 17
80295.5995 18
80451.1380 1
80531.9379 2
80663.9544 12
80834.6827 9
80896.3736 9
81056.7276 17
81151.8382 12
81268.3199 19
81421.0952 6
81570.6808 16
81717.3750 15
81795.2876 20
81844.2059 8
82063.6498 11
82240.5589 1
82370.2661 5
82421.3302 16
82529.6474 15
82646.2770 4
82788.7840 8
82948.5557 9
83012.4955 19
83071.3815 4
83247.5798 18
83370.3772 15
83496.5110 2
83562.8482 21
83594.6614 12
83773.9568 12
83905.3954 12
84064.2876 14
84266.8463 5
84353.6811 17
84414.0977 2
84579.9214 10
84774.6637 18
84796.7355 10
84906.7229 16
85021.7179 18
85068.3924 13
85143.0145 18
85251.6051 16
85282.2083 2
85467.1352 15
85644.3879 18
85807.2553 1
85845.3012 19
86039.6266 6
86167.7981 4
86223.1964 11
86364.1235 16
86481.4259 17
86681.0511 1
86839.5555 7
87007.5584 20
87170.4118 13
87326.6259 12
87350.8436 7
87443.9057 16
87559.3245 20
87594.6258 8
87755.8526 18
87785.2823 10
87894.9224 10
88068.7152 15
88189.1837 4
88348.1454 2
88540.4282 15
88571.2004 2
88813.9588 15
88868.6232 21
88929.9682 8
89117.4439 12
89207.0056 11
89313.1271 11
89505.0721 9
89649.1999 2
89842.7115 16
90005.1683 4
90188.8354 11
90279.3401 11
90419.3919 21
90524.8671 10
90588.0783 16
90736.1526 7
90777.8552 11
90981.7395 3
91012.8223 2
91225.6616 11
91365.6866 18
91539.6861 18
91691.3686 11
91780.7789 14
92002.9076 20
92190.5716 8
92393.8819 2
92570.3187 15
92589.2333 11
92740.8659 13
92859.0020 20
92961.1454 15
93146.8762 11
93205.6612 12
93377.3862 4
93526.8510 10
93676.1458 18
93842.7334 18
93968.2521 8
94088.6895 15
94223.0712 1
94417.3730 13
94616.2078 15
94791.6774 4
94858.9089 18
94933.4530 15
94978.8334 17
95108.1122 9
95160.7141 15
95325.9488 5
95417.2524 12
95605.9005 4
95695.3001 9
95847.7354 8
96003.6463 18
96127.0352 16
96284.6514 6
96394.3305 11
96519.5639 6
96586.1442 17
96658.5112 1
96820.8428 16
96955.5169 19
97143.7764 8
97283.1846 14
97446.6300 1
97534.3897 12
97717.7250 9
97781.3789 12
97874.3952 21
98046.7595 8
98163.1392 14
98357.2132 5
98504.0835 12
98529.0299 1
98571.3938 15
98679.5408 5
98721.4352 21
98875.6234 21
99009.2561 7
99096.5971 3
99249.2864 15
99275.5818 12
99461.7164 12
99598.9728 21
99673.5023 21
99724.6706 14
99940.9724 11
99980.8834 21
100090.9036 8
100256.5652 2
100448.1340 16
100523.4962 12
100630.9596 10
100777.8122 19
100818.3015 10
100935.1541 15
101083.4934 14
101172.8911 9
101268.0623 12
101327.6894 18
101500.7521 9
101593.7630 10
101723.6951 14
101802.0374 11
101880.9516 18
101995.6691 12
102096.7955 9
102139.2797 14
102363.4549 12
102517.3575 17
102581.1735 19
102780.3463 20
102882.0703 5
102979.7408 18
103160.6352 12
103178.7502 14
103416.6226 11
103477.8360 18
103574.6927 8
103709.0864 12
103756.1140 16
103889.1434 3
103966.2383 8
104080.8869 1
104221.1120 14
104395.0897 14
104497.8802 10
104652.8109 1
104695.2247 21
104869.8495 10
104988.8625 12
105026.9309 19
105226.8896 7
105314.1096 3
105383.0199 14
105577.5047 3
105721.0443 18
105916.4184 11
106099.7164 8
106211.8409 9
106408.7919 19
106431.1316 7
106481.0934 18
106643.3967 17
106766.6707 11
106934.5383 11
106955.9803 18
107022.5931 11
107210.2135 3
107389.4226 12
107591.5778 17
107674.7816 4
107886.7426 17
107990.2622 8
108202.6240 12
108317.6577 13
108420.2251 18
108546.5996 12
108711.3783 13
108844.1910 3
109028.4634 1
109244.3406 18
109349.7000 1
109485.8483 19
109677.0402 13
109846.7527 16
109986.1005 6
110072.0860 15
110257.1686 11
110416.2956 3
110483.4417 14
110640.1469 15
110777.0095 18
110798.3758 15
110871.5153 14
111090.1808 20
111253.1820 19
111280.4485 13
111427.8840 13
111592.6068 18
111777.1653 10
111869.4579 2
112112.4500 13
112321.6704 11
112438.3407 11
112493.4889 10
112533.6264 4
112755.0653 5
112803.8747 6
112954.6973 12
113107.4780 4
113313.1133 18
113389.7783 7
113589.3634 12
113776.6170 15
113981.0862 14
114175.9787 12
114294.1803 8
114425.2019 9
114528.1772 21
114562.6347 19
114723.5992 11
114750.5595 20
114812.4810 11
114860.1156 12
114912.6584 12
114959.8799 14
115079.1826 19
115207.6404 17
115365.2335 14
115553.5471 6
115721.9144 19
115899.0781 12
116093.4880 12
116182.2994 12
116291.3166 12
116446.9400 12
116481.8396 19
116629.7494 10
116735.7625 21
116897.2312 6
117108.7358 15
117167.7272 6
117390.6730 4
117517.4838 18
117669.3620 12
117698.8831 17
117899.8860 21
118097.3458 11
118123.9462 12
118152.4404 9
118308.9685 11
118438.0475 20
118463.5398 11
118587.3373 19
118673.6005 12
118732.8264 12
118797.1580 21
118877.0322 13
118910.0013 18
118955.6342 19
119071.5390 15
119102.5867 11
119221.9958 8
119451.4209 19
119527.0253 12
119702.8876 14
119857.8510 15
120038.1561 16
120071.0194 9
120246.4715 21
120356.0910 10
120562.0386 13
120712.7937 11
120780.7799 18
120977.3194 10
121181.4208 1
121308.3080 5
121389.1460 12
121442.5040 1
121505.6924 17
121678.3905 6
121814.5462 19
121980.7399 4
122092.2985 5
122238.5971 19
122258.1991 2
122352.9567 9
122548.0244 12
122617.1387 18
122707.0811 7
122746.3604 2
122832.7928 2
123073.4967 11
123259.9245 4
123462.5011 15
123628.8156 17
123720.9726 8
123887.9745 11
123906.5551 12
123937.6762 12
124118.1599 21
124247.6744 12
124354.3805 2
124510.3306 12
124545.4913 11
124714.4922 7
124745.7894 11
124804.6923 4
124914.3255 19
125033.1986 6
125097.9949 3
125270.5046 15
125414.1890 18
125484.0862 4
125640.4273 2
125742.4428 2
125976.7541 5
126131.0006 20
126299.9576 16
126428.9683 8
126511.1307 5
126629.6935 3
126699.1603 20
126840.5406 4
127067.7605 7
127138.0855 12
127162.2276 12
127233.0929 18
127288.6494 4
127405.5298 17
127482.6945 1
127535.5238 5
127709.8597 16
127911.2365 1
128083.5904 12
128178.1194 8
128316.3256 11
128351.8122 19
128408.9077 12
128519.7389 4
128623.9351 7
128691.8893 9
128837.8699 11
128991.5484 21
129156.1663 12
129198.4694 8
129264.1864 16
129401.3549 7
129603.3205 15
129623.4473 20
129781.4750 16
129951.2605 18
130011.8144 11
130163.0789 12
130339.3416 12
130372.9461 18
130500.0713 12
130526.9152 10
130602.1613 18
130685.9703 6
130782.2384 18
130822.8750 17
130885.6181 12
130991.9052 11
131016.4078 3
131061.1304 3
131215.4677 2
131430.5613 14
131505.2903 3
131570.7732 11
131593.3914 16
131773.5481 9
131799.0150 8
131989.8801 10
132064.6544 17
132217.3073 11
132366.7526 14
132410.9751 16
132449.3161 1
132661.8368 17
132822.1727 7
132932.0957 14
133113.8624 11
133276.1755 2
133401.8755 6
133625.6762 14
133818.9188 12
134017.9006 12
134109.4212 12
134158.9075 10
134242.7283 18
134296.7229 14
134368.4157 8
134491.4701 7
134520.2068 11
134653.4447 18
134711.7612 20
134744.1305 18
134778.4777 14
134936.6132 12
134955.9258 9
135050.6518 18
135243.0283 20
135362.7443 19
135425.0690 16
135445.7509 11
135588.0790 16
135788.8396 20
135939.1946 20
136129.3712 12
136208.0242 6
136365.3507 16
136512.8390 17
136569.5259 18
136615.8930 13
136766.3149 6
136915.4825 18
137046.3440 11
137156.8682 16
137196.6133 2
137389.7762 15
137537.7577 20
137562.1325 5
137596.5275 14
137717.2570 18
137863.5929 11
137909.3506 11
137998.5389 11
138127.8050 15
138160.1623 19
138252.9171 15
138344.5427 16
138438.3483 18
138532.4569 5
138720.8693 15
138806.5297 11
138867.5185 1
138919.2785 19
139010.2901 12
139052.0192 12
139109.1524 11
139179.0373 19
139381.0545 17
139502.2721 7
139653.7616 11
139728.3542 8
139784.1751 11
139918.0437 21
139943.1424 11
140090.3060 19
140241.9011 12
140431.1058 4
140547.4390 13
140685.4937 9
140784.3396 19
140934.8680 14
141082.3127 2
141161.0460 17
141282.1585 11
141485.3375 2
141694.8710 2
141829.1080 12
142021.1467 20
142121.9181 12
142172.4080 9
142230.9495 5
142383.0543 12
142545.2158 1
142603.3261 16
142778.1737 15
142894.0020 6
143055.0582 7
143240.3984 13
143347.7660 10
143453.9000 15
143651.9791 18
143774.7022 15
143956.4394 3
144091.7643 15
144254.0365 17
144287.3536 6
144428.2188 10
144653.5972 13
144765.9265 18
144956.2482 11
145067.0217 9
145166.9747 20
145222.8453 13
145282.8627 11
145461.5315 8
145567.6673 10
145646.4134 11
145843.3561 3
146015.6542 12
146098.8384 12
146182.0814 10
146270.1917 9
146396.1812 16
146563.4736 20
146740.6443 1
146809.8721 18
146892.5072 12
147051.1220 14
147167.4026 10
147293.9294 11
147409.0839 9
147450.5723 1
147665.4435 11
147814.0776 3
147883.6187 17
147987.2695 7
148174.5162 11
148344.6270 13
148463.1046 11
148511.0466 18
148668.9230 11
148743.0461 15
148835.5984 10
148983.2845 10
149054.6525 1
149253.4060 11
149319.2577 12
149430.3246 8
149584.4615 20
149622.0728 19
149731.6616 18
149849.1012 8
150028.1831 20
150148.2362 18
150232.1665 11
150316.9839 21
150361.1351 12
150479.0517 16
150628.5593 11
150695.1442 16
150717.9187 11
150888.6697 8
150971.2757 10
151045.8396 16
151093.9983 18
151280.5198 20
151443.2398 6
151608.7737 10
151801.9390 6
151858.4292 19
151960.7983 20
152131.4160 7
152299.3647 12
152449.0709 21
152477.9562 10
152671.6457 15
152836.9077 18
152869.8592 12
153001.3831 10
153066.3531 2
153263.0457 4
153415.3376 18
153600.0234 13
153732.3243 7
153900.8257 18
153954.9178 15
154067.6730 11
154112.8830 8
154199.5847 4
154315.0210 12
154343.7495 6
154491.5252 9
154524.2314 3
154597.4197 14
154694.9159 8
154787.9756 7
154928.7692 12
155077.8726 3
155282.8009 9
155448.0115 14
155644.7603 20
155751.5745 12
155802.5738 13
156014.1186 8
156046.8420 12
156229.6463 11
156303.5552 9
156480.6719 12
156553.0160 21
156687.8896 3
156887.9576 21
156928.5776 15
156969.5151 16
157035.4580 7
157233.7278 3
157347.4719 12
157502.5869 12
157546.8030 21
157638.4665 21
157815.7858 17
157936.6129 4
158092.2862 12
158196.0361 2
158304.4460 18
158409.4070 9
158539.4266 7
158671.5655 19
158759.9264 4
158973.4918 3
159134.4294 1
159195.4319 8
159298.8189 12
159495.8062 19
159675.4739 8
159894.6439 9
159967.6383 15
160086.7490 2
160250.8102 18
160379.2088 12
160440.3848 18
160567.7672 5
160779.9216 14
160840.8489 3
161037.0681 3
161207.7296 12
161300.0248 6
161495.0121 20
161639.0019 7
161738.6995 20
161878.4171 16
161908.3991 13
162034.2596 13
162206.0365 17
162242.7078 12
162345.1916 2
162405.7769 11
162603.6923 11
162700.7292 4
162814.2109 6
162902.7800 9
163036.0004 3
163197.6533 12
163301.5359 2
163410.7966 19
163463.6891 18
163557.5364 5
163589.6920 20
163643.1217 3
163745.7875 6
163813.5139 11
163967.6507 13
164017.2977 6
164219.3336 1
164405.9345 16
164516.9164 20
164590.0307 1
164736.4842 11
164774.6562 10
164878.4512 16
165054.3354 7
165135.2786 20
165259.6678 15
165315.2661 15
165347.6504 4
165480.9613 5
165586.2753 12
165631.0178 2
165826.3010 13
166003.7820 4
166077.6295 12
166164.5950 7
166233.9686 3
166344.3142 13
166475.7923 5
166672.6783 4
166815.4387 15
166974.2836 11
167030.6488 16
167108.9622 13
167140.7193 13
167299.1904 11
167402.0761 15
167495.2260 12
167687.3742 8
167803.1193 21
167838.5896 6
167929.9168 15
168075.4725 12
168165.8175 16
168334.2256 14
168531.8626 6
168652.8367 8
168772.8769 13
168855.9733 1
168921.4616 21
169068.1623 18
169096.3579 11
169296.6286 7
169385.9095 15
169458.2938 18
169501.7632 21
169622.4422 12
169697.7810 15
169884.1116 10
170075.5385 7
170107.0677 13
170145.0727 5
170224.0301 21
170250.8613 2
170373.2886 14
170547.4904 11
170567.5953 12
170666.1666 16
170709.0880 13
170808.1344 20
170898.6149 15
170919.2014 9
170970.8280 3
171114.9598 2
171294.2402 5
171406.4040 3
171586.1953 8
171639.5357 9
171696.9809 12
171726.7016 7
171901.8039 19
172094.6445 6
172314.9384 7
172400.9935 10
172500.3990 18
172598.7259 1
172763.8547 11
172859.6244 11
172918.4091 10
173096.8251 15
173261.5498 19
173438.7980 4
173588.9140 4
173741.3189 15
173846.1997 2
173907.8646 11
173963.6490 6
174154.4536 12
174241.6260 18
174268.8511 15
174461.0288 2
174653.1892 16
174850.1993 4
174957.7316 10
174981.6658 18
175147.2101 11
175210.5020 12
175307.5022 16
175448.5346 5
175540.3186 21
175722.6491 11
175924.2432 11
176102.6719 4
176208.8799 6
176335.2272 9
176459.1719 1
176497.6114 16
176659.7588 14
176879.2107 15
177013.4909 19
177079.4521 11
177239.2419 7
177297.9759 10
177337.0699 6
177503.9221 4
177748.6110 18
177887.9839 16
178033.4686 21
178211.1470 18
178413.0150 8
178626.5643 20
178654.0999 6
178769.6378 9
178935.3750 11
178993.7024 5
179192.2171 1
179366.5396 1
179563.8779 19
179742.5306 7
179832.1119 1
180019.8430 7
180098.4145 3
180275.9542 15
180351.0128 18
180392.2541 19
180523.9050 9
180575.9033 4
180797.6314 2
180851.0746 20
180890.5754 16
180952.9353 9
181087.1689 18
181108.3046 21
181141.9869 8
181253.4856 11
181390.9449 12
181563.9814 16
181662.2955 18
181703.1524 17
181765.5977 9
181950.2549 17
182135.0075 15
182178.8000 19
182218.7618 1
182277.6723 19
182350.5266 17
182458.8311 15
182487.2145 13
182671.1440 12
182742.3236 9
182928.3465 9
183002.9601 14
183228.9103 19
183249.0528 1
183305.8617 15
183397.9450 14
183516.5626 21
183558.9318 13
183692.3164 17
183817.9219 6
183960.0769 5
184032.2408 6
184154.3846 16
184280.3846 21
184354.8672 16
184492.6454 14
184606.7366 12
184697.1173 18
184829.6194 18
185019.4163 18
185071.0889 17
185138.4396 4
185232.4863 13
185421.1621 11
185567.7965 18
185588.0587 8
185635.9554 11
185789.9309 1
185936.3635 20
186061.0592 2
186145.4377 7
186320.9977 7
186397.6736 4
186558.2580 11
186600.3073 20
186691.8274 20
186721.7788 7
186814.8817 16
186973.1280 11
187109.5501 18
187290.5747 18
187484.4443 10
187668.8344 12
187776.1167 16
187931.8888 18
187965.4999 11
187999.5012 17
188033.0541 14
188222.3134 4
188297.9290 21
188492.8020 15
188615.4245 1
188794.2339 14
188955.7975 3
189141.3596 1
189277.8359 16
189308.6310 7
189497.2517 11
189618.7601 11
189795.8559 19
189959.6494 9
190080.4088 11
190101.1818 13
190260.5917 5
190446.7734 12
190591.6048 21
190733.2528 18
190751.7926 19
190869.5470 21
190988.8016 21
191097.1378 2
191295.6086 11
191461.0131 2
191534.7747 17
191627.0178 12
191781.8988 2
191885.7204 12
192037.1651 6
192199.7692 13
192350.0227 7
192458.1426 1
192517.5791 1
192719.8763 16
192792.1701 11
192863.6977 17
193019.0061 9
193179.8922 19
193282.1827 14
193447.6174 13
193636.9741 19
193736.7265 10
193865.1075 13
193919.4674 11
194073.6957 16
194184.2977 12
194369.8888 12
194520.3138 17
194703.9146 20
194781.5469 20
194954.1948 21
195024.6899 11
195127.5581 7
195189.6121 8
195409.6585 15
195560.9181 18
195615.6534 18
195634.6217 6
195845.1943 4
195959.2289 14
196155.6182 2
196343.8871 11
196403.7016 2
196474.6673 14
196669.3132 11
196867.7726 10
197000.9752 16
197056.5276 17
197242.7187 3
197270.7339 9
197328.5513 8
197530.7329 15
197622.2567 11
197658.9672 9
197718.4419 7
197854.4303 14
197965.4709 21
198111.0156 15
198282.5148 11
198458.9869 20
198506.9236 15
198658.2158 17
198772.4415 3
198806.2495 11
198893.9161 12
198950.1786 3
199136.7742 9
199221.7886 12
199275.5058 2
199448.9047 19
199589.3223 11
199640.7306 16
199811.7165 11
199904.2592 8
200029.4825 12
200162.3491 19
200344.5043 7
200515.0880 2
200751.4871 8
200941.6389 11
201021.0879 5
201181.3945 20
201207.1849 20
201367.2285 19
201433.2613 12
201626.0609 4
201829.6200 10
201999.9048 6
202128.5605 18
202240.3798 10
202357.5433 20
202385.1702 11
202477.1922 1
202624.8616 19
202822.3517 21
202865.2244 11
203034.3128 18
203160.5995 15
203275.0155 12
203472.4776 11
203653.4261 18
203800.0778 11
203835.0146 8
203980.6073 20
204114.5308 9
204306.6818 1
204365.8831 9
204417.0109 12
204607.5514 7
204746.1317 7
204799.4921 12
204837.8895 11
204860.6951 8
205013.1608 7
205200.6578 12
205272.1606 15
205458.3443 20
205588.3610 13
205688.7745 7
205780.5940 15
205876.9925 21
205940.1750 18
205997.3026 14
206211.5606 16
206325.8271 17
206435.1856 8
206662.9326 19
206702.4700 9
206721.3630 12
206912.7349 11
207097.4792 8
207326.2304 15
207495.5436 12
207531.7830 8
207718.2081 11
207829.2888 13
207894.4254 12
207993.6252 11
208058.9091 19
208170.9517 16
208298.9901 7
208497.7512 16
208617.9314 10
208745.0920 9
208878.9046 18
209074.9353 18
209164.6231 9
209306.5309 11
209398.4929 2
209580.8499 6
209650.2869 12
209711.5019 15
209824.2567 5
209979.4482 20
210134.8455 16
210184.7503 5
210313.4193 19
210482.1171 21
210682.2690 13
210821.8405 21
211005.8035 11
211120.6443 16
211185.8896 17
211239.7197 20
211267.5613 13
211414.8625 17
211554.6831 11
211610.2946 17
211646.2191 14
211792.4406 11
211842.6867 17
212041.8470 12
212142.9345 11
212284.5948 1
212359.3626 7
212519.3444 12
212568.4162 11
212644.5317 3
212704.2058 15
212815.1552 11
212982.9818 9
213006.1244 4
213132.1652 6
213279.2245 20
213361.0349 12
213542.3450 4
213768.5879 5
213830.7210 15
213856.3605 15
214005.1299 13
214085.8730 18
214253.1931 12
214377.6123 6
214597.2908 11
214761.4668 6
214947.6775 4
215098.3030 6
215227.7684 12
215268.0394 12
215305.9303 11
215326.0816 16
215520.9843 16
215625.1184 21
215721.2028 1
215912.5111 8
216071.4687 14
216208.5407 4
216403.4221 18
216479.1847 19
216592.6585 5
216728.1543 4
216807.8639 18
216869.2014 16
216948.8508 17
217127.5601 9
217214.4560 6
217413.5352 15
217539.5230 5
217609.4692 18
217800.8288 4
217930.0940 15
217986.0234 8
218124.0212 9
218157.9490 18
218339.8327 13
218508.7831 17
218618.2622 13
218658.9462 13
218706.1955 11
218849.9810 10
219006.8690 21
219094.1829 6
219311.3022 11
219430.2870 2
219511.7710 13
219564.4851 19
219701.4665 8
219848.8199 13
219955.5320 7
220158.5914 11
220192.6843 17
220238.9760 15
220418.5006 7
220483.3759 11
220674.6384 12
220869.4862 14
220971.5824 14
221054.6408 7
221109.3674 4
221206.1086 19
221339.5907 15
221519.1515 1
221617.6381 17
221803.1987 19
221891.0529 9
222048.7988 17
222199.4813 11
222377.7114 15
222546.5074 12
222743.2096 10
222831.4370 11
222981.1773 6
223087.8296 4
223160.1805 6
223359.8188 9
223428.2321 4
223662.0942 16
223787.7189 3
223896.0416 21
224019.2459 6
224208.4683 8
224334.8196 5
224472.4445 14
224661.9443 9
224687.5485 14
224912.1009 12
225107.0091 2
225281.1190 8
225438.6015 12
225601.8852 19
225742.6993 18
225841.8745 10
225980.1076 7
226058.7910 20
226145.2126 12
226343.0630 4
226531.5703 15
226709.7175 18
226836.5272 18
226931.5562 8
227064.2893 1
227268.9339 11
227309.2358 11
227377.9011 1
227436.6177 9
227568.8658 8
227680.3963 1
227775.8926 11
227929.8826 18
228085.4943 12
228201.9805 20
228351.5887 7
228384.0338 20
228464.2772 6
228557.7920 15
228603.4221 14
228703.9706 11
228868.7679 16
228899.4859 18
229057.6523 8
229233.8495 2
229387.1133 8
229560.7637 17
229734.7153 8
229817.7232 11
230007.1642 12
230047.8988 6
230195.8771 11
230315.2319 3
230402.4975 4
230542.5309 5
230747.5586 19
230878.3265 12
231036.0746 2
231271.6939 14
231457.7898 15
231519.2699 2
231598.1064 15
231665.4596 4
231885.3144 13
231937.7621 16
231975.6971 16
232150.0332 18
232249.1656 3
232439.7470 17
232588.0699 2
232791.0758 21
232852.9375 18
232908.9492 10
232992.5728 19
233047.6195 1
233082.9400 14
233291.6325 12
233377.4264 9
233455.7396 18
233521.1158 9
233620.2777 4
233695.1009 11
233820.0432 9
233873.7890 13
234069.6763 12
234133.9875 20
234225.8045 12
234428.9784 11
234530.9294 2
234653.0713 14
234849.1993 12
234872.1121 10
234938.2850 8
235098.2371 7
235160.2548 6
235341.5542 12
235502.6824 11
235542.4731 11
235609.3944 1
235658.0499 12
235758.8769 12
235880.8435 10
235985.3866 18
236181.4786 14
236418.7301 1
236461.0341 10
236673.8962 12
236787.8437 21
236891.4641 11
236957.1622 7
237121.0104 8
237193.2846 13
237221.0868 11
237334.4743 12
237392.8201 8
237481.2572 5
237547.0212 4
237743.2098 5
237907.4078 12
238096.6473 12
238195.1838 2
238395.2313 20
238417.7390 3
238478.0512 7
238545.2163 17
238744.6295 2
238840.3013 12
238939.4184 20
239080.0603 10
239287.9257 20
239339.0063 9
239474.9674 21
239561.1555 11
239674.7018 4
239900.6487 18
240040.0153 15
240158.2010 12
240251.3539 13
240423.4484 4
240554.6724 5
240639.7004 8
240712.0389 5
240873.8293 6
240947.8986 11
241085.0143 16
241144.3142 8
241323.1463 15
241447.5764 19
241508.6344 11
241624.5603 4
241812.8427 11
241965.9423 8
242177.7765 11
242248.6210 3
242278.7642 7
242445.4060 6
242640.8705 3
242677.0009 5
242837.0656 8
242924.5424 14
243117.5430 20
243179.8852 4
243364.5367 4
243468.7453 12
243666.5226 7
243845.3434 11
243950.9843 11
243982.5046 12
244175.2984 20
244246.5180 15
244386.8261 12
244555.3195 3
244721.4052 13
244814.0635 18
244840.6576 19
245039.2193 12
245074.5906 9
245215.0942 15
245275.8763 12
245452.0284 11
245617.8175 15
245639.8564 12
245782.7242 14
245864.7145 4
246084.5243 4
246164.3416 5
246195.3395 14
246288.8780 11
246330.9888 16
246419.8268 5
246482.3760 9
246637.2382 18
246692.3426 18
246836.9833 11
247032.1464 14
247244.9190 11
247292.0431 18
247342.2396 13
247548.5607 12
247594.9606 12
247749.3149 10
247827.4191 11
247992.1601 12
248183.6545 11
248278.6614 18
248396.6936 8
248550.8462 6
248795.9007 12
248984.2215 21
249105.6196 6
249303.7599 2
249473.0000 9
249517.2502 5
249571.9925 19
249661.8633 11
249792.2833 18
249822.7694 1
249886.8459 9
250034.4335 3
250241.0432 17
250261.7999 5
250327.5269 4
250556.6861 11
250598.3021 12
250636.5772 18
250812.1271 19
250858.5223 2
251021.3272 18
251132.1033 8
251317.4676 12
251389.6389 7
251476.0884 11
251546.2578 7
251618.7867 5
251814.5019 17
251977.7656 8
252122.0450 16
252325.8181 4
252461.4098 8
252576.9403 11
252627.9383 9
252794.8114 18
252879.6985 4
253082.6733 12
253207.6170 2
253392.9885 11
253435.3909 4
253517.3675 18
253659.2595 11
253835.9708 6
254042.3520 12
254200.2692 12
254260.7404 11
254455.0038 11
254505.9529 21
254684.1165 2
254769.1048 2
254995.3874 8
255145.1807 20
255203.8082 8
255380.1987 11
255549.3439 11
255590.4865 12
255669.1644 16
255852.9950 18
255938.2044 5
256066.5848 11
256128.4277 20
256259.5779 14
256480.4741 9
256673.6881 18
256826.0162 16
256879.3243 16
256968.2175 3
257008.1456 17
257050.8544 3
257185.0233 2
257294.3060 3
257464.5602 21
257651.4724 20
257806.5240 9
257832.1913 15
257931.5468 14
257989.8571 18
258178.8825 6
258358.4531 18
258423.7866 21
258558.0700 12
258699.3619 12
258728.7579 14
258887.2762 7
258945.7118 10
259122.1812 5
259267.6339 15
259431.4550 11
259548.8833 9
259608.7743 19
259725.1297 19
259863.7375 5
260055.2794 21
260244.0844 15
260404.9302 20
260601.8070 11
260653.8783 16
260806.9652 19
260904.8692 9
261102.3850 13
261265.7667 10
261304.0182 2
261367.9938 12
261522.2153 7
261653.3233 13
261770.1869 21
261815.6605 12
261835.0411 17
261904.0456 8
262041.0293 15
262210.2907 11
262326.3119 17
262432.7860 17
262612.2970 16
262660.8032 20
262776.6827 5
262972.1656 7
263009.1778 16
263150.5336 11
263337.8028 11
263398.3580 11
263470.4284 20
263494.6340 7
263634.7954 19
263815.3617 12
263936.2460 12
263964.6754 5
264031.3437 7
264066.7687 7
264167.0536 17
264239.5493 1
264361.9482 18
264386.7050 12
264462.3621 3
264658.9673 18
264753.2260 15
264910.2906 3
264989.3988 15
265032.3314 3
265216.0312 19
265241.2872 20
265358.4388 16
265547.2132 6
265641.5615 12
265770.4396 13
265979.7264 4
266129.2130 15
266158.8869 18
266177.0210 11
266279.0954 6
266380.7885 18
266519.8609 17
266693.6975 13
266764.6808 18
266921.2807 9
266941.3367 21
267107.8427 2
267242.5685 8
267350.3925 11
267383.6821 17
267478.2571 6
267569.9798 7
267664.7548 11
267821.1285 5
267974.5490 12
268018.3801 18
268202.1981 14
268350.2637 1
268476.7552 11
268557.9490 16
268675.7930 15
268809.5322 4
268933.8645 19
269104.1754 15
269201.1205 12
269404.5818 8
269533.8426 8
269730.5908 9
269770.4405 5
269962.0459 18
270010.1173 12
270062.1328 17
270217.4748 11
270323.5359 20
270494.2353 8
270591.7846 4
270719.3931 15
270881.2094 21
270955.9100 6
270987.0902 13
271158.0807 18
271209.2463 10
271286.0405 2
271496.3678 8
271673.8763 11
271863.0391 13
272057.8284 2
272188.0519 12
272370.5639 5
272496.9328 12
272541.3976 10
272728.8497 1
272776.2143 6
272958.8491 12
273118.5511 11
273139.9251 1
273201.6322 16
273363.2783 7
273513.3103 8
273602.1126 20
273792.0961 19
273834.0469 13
273997.6145 20
274112.7285 11
274293.9625 15
274463.8475 11
274487.2358 18
274642.0826 5
274758.6380 3
274788.2970 12
274925.0736 12
274979.9761 10
275156.7214 17
275204.9401 10
275261.8104 19
275344.0916 4
275460.6771 19
275663.4149 10
275818.4765 17
275957.2745 12
275981.3498 13
276051.1139 11
276163.5974 14
276352.6944 19
276457.3861 16
276565.7970 1
276602.6141 11
276781.9905 12
276837.8982 4
276957.4375 18
277118.3174 20
277171.4066 11
277249.3814 21
277375.4737 4
277555.5556 19
277716.1070 4
277904.9401 14
277973.3054 10
278029.9100 18
278073.0182 18
278102.9785 2
278256.0420 8
278359.9917 9
278443.2082 12
278616.7729 21
278786.9502 15
278894.6563 16
278920.0152 14
279012.4371 1
279073.0520 20
279144.5133 12
279293.5144 11
279358.9946 12
279441.8602 19
279487.2429 11
279574.2719 17
279596.2454 16
279673.6823 12
279835.2631 12
280032.5328 20
280234.1257 19
280281.7069 12
280377.1400 15
280529.2051 14
280614.4913 11
280770.4818 18
280958.2682 11
281091.3593 19
281269.4083 12
281433.4796 18
281453.6430 12
281630.4296 9
281779.6222 1
281900.8900 11
282019.7171 2
282217.1532 4
282341.1184 8
282450.1781 18
282591.2807 20
282698.9422 7
282876.6917 12
282917.2123 13
283098.3840 9
283179.9621 11
283307.8615 1
283395.3815 12
283558.6501 11
283598.2697 13
283780.4636 12
283960.1384 20
284085.4771 2
284255.9842 9
284405.8279 18
284457.6747 9
284607.7353 11
284766.8420 14
284974.9649 16
285124.7972 6
285340.5892 12
285405.1906 8
285639.1609 9
285769.5001 11
285808.2480 3
285997.5451 19
286182.5426 18
286243.3421 16
286294.4243 2
286362.7524 19
286415.9307 12
286591.7114 7
286781.8976 11
286924.1530 14
287075.5372 12
287222.2368 5
287319.5820 15
287403.9379 10
287559.2137 6
287676.4241 11
287795.3356 9
287859.5726 16
288054.4330 12
288161.8219 13
288208.4393 11
288271.4856 13
288376.7912 17
288474.0856 20
288560.2180 20
288644.7609 5
288687.1307 20
288834.5488 20
288955.0929 1
289104.2623 11
289282.4244 5
289426.1904 8
289579.9049 4
289673.5845 20
289862.4003 11
290027.2912 1
290245.2534 12
290361.4149 7
290559.3052 20
290650.4073 11
290734.9828 16
290757.4850 8
290985.4607 2
291201.8244 14
291336.6940 15
291484.4651 5
291623.6980 1
291782.5507 10
291932.1597 16
292130.9006 12
292214.1796 20
292366.3610 16
292540.9181 5
292632.0730 7
292818.7812 11
292906.3070 12
292932.6683 16
293067.2464 4
293201.0566 6
293402.5259 7
293468.5918 12
293562.2762 16
293655.6839 11
293733.2100 21
293775.4749 12
293851.9984 18
293875.0241 12
293958.7920 15
294014.5662 15
294163.1572 18
294254.0509 12
294383.9291 5
294476.6728 13
294546.7951 1
294656.0730 11
294834.6149 12
295026.3248 2
295189.7633 3
295307.4235 14
295418.2085 12
295571.1262 18
295726.0705 12
295785.2201 16
295839.5164 12
295948.3335 4
296104.3513 12
296267.8012 4
296431.8201 13
296495.1566 8
296729.0081 3
296854.2530 1
296935.6499 16
297082.5480 15
297161.1539 12
297274.4017 18
297350.0046 12
297469.0117 12
297580.8315 10
297644.9159 4
297757.3375 15
297866.2504 6
298038.5443 11
298228.2511 7
298390.3161 17
298494.5523 6
298552.4895 17
298577.7034 10
298743.0120 3
298938.1719 12
299025.1978 11
299181.8259 12
299227.3419 9
299267.4671 9
299391.6017 2
299502.5357 11
299623.7654 6
299708.6536 8
299790.8846 3
299912.3238 7
300056.4097 11
300222.6935 12
300299.7036 17
300482.5093 12
300583.9342 17
300662.7524 15
300791.3848 8
300865.2222 18
300924.9835 20
301126.8001 21
301162.4529 9
301222.7369 10
301359.4586 10
301547.9704 2
301692.1671 5
301732.6773 15
301883.6724 18
302082.4942 16
302115.0219 11
302137.2126 12
302338.8775 12
302401.7762 3
302555.1724 18
302667.2377 4
302742.8389 15
302765.1679 17
302931.0102 16
303074.6117 19
303171.8403 9
303266.8358 8
303446.1928 20
303588.5186 11
303622.9005 21
303772.0748 18
303817.3204 11
303942.8318 18
304102.3430 5
304198.7427 3
304245.7738 11
304285.2405 1
304457.2688 11
304590.5906 11
304644.2645 9
304798.3311 11
304829.9019 11
304939.7223 3
305147.4770 12
305302.0701 1
305489.8986 11
305551.1360 12
305749.1083 8
305886.8590 2
306126.2013 18
306164.3511 9
306344.2572 11
306521.3734 12
306640.1526 21
306733.9087 12
306797.7485 16
306921.9018 11
306995.4997 18
307151.4189 10
307249.9781 5
307350.9322 15
307522.0656 7
307548.2958 6
307750.5205 20
307779.1678 19
307888.1407 20
307988.9293 4
308121.6257 12
308161.9825 4
308380.8467 20
308457.3782 4
308600.2446 1
308790.4241 12
308825.0906 8
308927.6012 12
308953.6499 6
309168.0954 20
309304.0055 15
309336.8175 3
309477.2836 8
309666.1278 9
309802.9037 3
309850.4756 9
310004.5192 9
310156.2896 11
310290.5402 1
310500.0030 21
310610.5226 13
310730.9036 7
310767.7057 11
310810.1458 19
310846.1577 13
310908.1778 8
311027.0400 12
311068.9456 11
311199.4696 5
311251.1648 18
311309.5470 11
311365.7475 10
311552.8464 14
311709.4380 18
311825.9678 15
311930.6357 11
311984.7878 21
312123.7225 21
312243.3029 11
312444.2665 14
312511.3789 12
312548.2923 13
312625.1338 1
312689.2512 21
312852.0622 11
312872.9575 1
313035.1197 19
313174.8146 14
313384.1771 21
313429.5467 12
313577.0979 16
313691.9786 1
313869.0995 16
314002.6529 12
314163.8887 11
314337.9391 9
314423.7810 4
314515.6381 18
314674.3673 21
314777.3165 9
314884.6186 11
314999.8617 11
315121.1095 11
315148.5368 5
315243.2977 11
315375.0875 12
315472.3158 6
315566.4700 1
315607.2893 6
315809.6446 10
315851.1947 1
315941.7818 5
316051.7724 11
316166.7013 4
316368.8121 8
316483.0105 13
316647.5551 15
316839.3649 11
316881.4262 18
316992.4342 12
317082.1502 7
317252.5881 12
317388.1812 21
317557.3740 12
317627.6365 16
317703.3754 4
317762.0170 18
317888.7014 19
318052.1633 17
318101.1787 5
318203.1764 14
318409.2289 9
318590.9282 3
318714.4982 11
318852.6977 4
319034.7336 12
319205.4904 11
319330.8776 21
319433.0408 18
319585.8162 12
319729.3923 12
319781.4984 18
319853.4323 3
319940.5771 10
320080.3569 15
320231.3338 13
320321.2718 16
320473.7140 3
320514.6117 20
320612.2907 2
320845.3481 5
320887.8386 10
320997.8911 9
321039.8618 13
321080.2220 14
321175.6809 6
321329.0035 9
321447.2672 17
321624.4716 18
321801.2919 11
321997.0041 9
322168.5972 5
322232.8741 10
322348.3653 8
322496.6175 20
322550.3237 5
322616.7148 5
322651.8000 18
322777.1523 15
322885.7919 4
323057.2435 18
323159.3442 7
323329.4639 2
323468.2017 3
323575.3474 11
323730.0866 17
323887.4506 16
324051.5171 18
324138.0601 8
324219.4072 9
324372.0603 17
324420.1620 13
324604.7835 20
324646.1158 10
324734.2098 13
324939.2783 9
325107.8975 3
325289.0852 17
325487.3073 4
325624.9062 13
325825.7778 19
325845.4734 3
326046.8722 19
326164.7423 2
326237.8355 18
326314.8497 8
326420.8234 9
326462.9372 14
326621.2884 11
326664.9494 21
326802.3401 12
326897.0501 16
327026.0217 8
327110.3678 12
327273.7942 7
327396.8157 3
327551.2953 14
327707.2136 20
327899.8968 19
327944.0009 17
328117.0929 21
328239.8127 3
328412.2427 12
328587.5046 9
328741.3696 19
328943.1930 11
329064.7089 1
329210.5768 19
329333.2341 20
329419.4866 12
329509.9183 11
329625.1265 8
329771.1806 20
329900.1395 21
330068.3006 9
330102.6042 16
330304.3533 12
330343.3131 3
330462.7621 11
330619.0001 18
330784.1967 11
330859.9901 14
331015.5078 11
331148.0132 15
331273.8221 5
331414.0323 12
331591.0555 8
331686.8026 5
331859.7714 11
331986.7318 7
332156.0637 9
332285.4380 12
332415.2359 4
332486.2892 19
332546.0260 8
332581.4761 18
332678.9890 11
332770.7000 13
332935.1878 14
333051.3189 12
333216.2714 11
333394.7375 11
333465.1598 17
333593.1921 1
333657.3483 6
333847.6578 1
333908.7106 10
334043.1737 11
334115.4409 18
334247.1649 19
334395.5199 9
334480.7685 15
334571.0450 15
334656.1770 6
334875.6502 4
335014.7556 2
335096.0569 17
335226.0817 2
335434.8199 13
335543.8011 1
335708.7142 17
335777.0293 11
335960.8360 2
336024.6825 1
336066.9280 12
336264.4788 11
336459.7014 5
336604.8240 17
336669.7999 11
336864.5687 9
336991.2495 1
337102.3272 12
337240.1667 9
337412.1483 20
337475.5884 15
337533.8147 1
337689.7078 8
337880.0311 21
337915.6759 9
337991.3264 5
338092.2098 3
338263.8414 11
338438.4539 11
338552.0049 2
338613.6376 19
338740.9411 6
338917.2150 12
339097.6283 2
339257.5822 4
339440.5786 10
339624.6891 16
339663.0030 18
339838.2774 3
339883.7160 11
339994.9984 19
340123.3945 20
340247.5044 9
340421.5020 10
340546.9848 7
340628.4203 11
340693.5314 2
340876.2251 20
341010.9348 11
341029.2830 1
341075.2546 12
341185.8994 16
341339.1618 9
341384.2926 18
341473.1046 12
341600.1830 12
341763.6326 6
341927.6852 9
341975.6341 7
342044.9305 13
342130.3628 16
342319.5153 18
342492.6119 13
342567.1073 1
342778.9794 20
342879.6350 16
342966.5767 17
343053.3598 21
343123.7783 14
343166.3006 1
343227.5578 9
343365.8075 12
343494.6135 19
343643.4151 19
343743.5732 16
343849.0559 8
343981.6737 15
344173.3691 19
344226.7763 19
344291.8060 8
344369.1557 8
344443.2602 4
344623.6771 12
344665.5376 12
344759.4127 14
344917.5523 18
345109.6517 17
345134.1897 2
345248.0570 10
345366.8375 15
345488.5950 10
345616.5291 6
345703.5473 17
345909.1362 19
345950.2556 12
345974.8826 12
346126.5642 11
346324.3815 20
346463.0685 9
346538.9516 10
346709.0339 14
346810.6988 11
346944.3420 5
346995.0082 8
347055.1846 18
347133.3649 12
347246.8608 5
347402.9602 12
347526.3750 11
347547.8257 11
347726.0289 4
347881.2143 6
347953.8545 20
347999.8422 5
348178.5308 12
348354.0182 18
348411.0100 14
348618.0344 21
348682.5571 12
348798.1985 19
348900.4662 8
349087.4390 7
349192.3510 12
349327.9233 20
349479.9690 18
349670.3840 11
349799.4064 4
350032.2030 5
350146.3397 7
350191.1301 21
350370.8231 15
350555.8866 9
350604.4407 14
350742.1958 4
350884.8212 8
350947.9919 10
351099.3009 11
351261.0911 16
351279.4751 17
351318.3410 19
351462.1044 17
351623.7314 11
351657.1492 4
351751.5243 7
351939.6713 11
352050.8460 9
352243.1794 7
352387.6812 18
352454.7310 17
352474.7620 17
352506.2574 11
352663.1681 2
352892.9445 15
352971.5207 6
353096.7046 8
353126.6974 9
353145.9048 3
353200.4302 21
353402.2988 11
353572.0750 11
353594.2989 10
353802.4438 15
353949.3405 19
354106.2054 9
354233.6651 10
354428.4230 3
354499.2855 5
354630.5832 12
354771.0590 7
354971.4701 18
355005.9533 16
355113.3834 15
355160.0269 19
355187.6996 19
355251.4964 9
355371.7842 15
355486.6147 11
355613.6774 18
355745.2377 2
355913.5609 16
356090.3025 4
356288.8567 18
356433.2660 12
356563.6263 10
356753.2098 1
356837.0002 4
356963.6905 21
357019.7927 17
357111.9447 4
357321.9362 11
357386.7567 9
357482.1517 8
357555.9026 1
357683.0259 18
357811.1776 17
357921.0484 20
357945.6171 15
358046.9452 17
358187.0471 18
358244.4856 1
358346.8250 11
358473.4504 8
358664.2897 9
358695.8944 14
358852.7333 18
358945.6580 12
359111.9354 15
359159.6913 21
359324.0121 12
359352.6043 11
359411.4736 18
359586.1796 12
359625.8927 2
359743.5423 15
359797.3536 16
359985.5185 20
360114.9232 6
360186.5928 8
360294.7632 3
360369.4350 6
360462.2247 14
360686.4934 11
360782.8509 19
360819.2314 19
360851.6096 2
360964.4590 18
360984.8811 13
361196.8120 18
361361.0428 20
361495.6515 11
361519.2802 21
361642.9814 11
361840.6575 8
362037.0069 11
362240.8335 12
362303.2233 12
362501.1932 12
362599.1418 20
362780.9279 12
362920.2956 21
363016.5363 11
363048.0660 1
363241.4965 4
363311.3778 8
363377.3719 8
363568.4607 20
363681.1169 18
363856.8231 7
364006.6228 16
364122.3470 2
364302.8147 8
364470.0092 14
364647.2977 18
364839.0611 20
364984.1085 12
365146.7238 14
365320.8106 5
365467.0008 15
365570.6520 3
365603.8299 20
365798.4131 12
365883.6301 19
366038.3792 15
366201.3357 10
366380.6767 10
366605.0152 18
366674.7561 11
366745.8209 7
366778.4284 13
366882.1249 9
366971.0340 10
367183.0963 7
367339.3673 18
367441.3493 15
367499.4416 12
367619.2468 15
367702.5435 21
367783.4741 4
367834.9668 12
368009.8753 12
368156.8478 4
368296.6476 15
368453.1446 21
368488.3823 3
368544.5110 2
368654.0515 8
368758.5861 18
368874.5069 4
369112.1837 20
369238.6854 16
369278.6243 14
369374.5382 9
369479.9152 12
369575.7973 14
369764.9099 18
369912.6161 12
370012.8811 19
370136.6207 12
370277.8211 8
370462.3448 12
370484.7633 2
370638.3769 11
370785.5978 9
370827.5514 20
370923.4550 10
371125.8015 17
371159.3680 18
371193.7342 18
371318.3535 18
371411.4700 11
371604.4196 7
371773.7919 8
371834.8769 4
371949.1543 7
372135.0214 5
372208.6752 9
372227.5772 10
372284.3119 16
372342.9787 9
372430.4782 8
372627.9173 12
372825.0498 11
372998.3195 4
373211.6757 17
373319.4714 12
373511.1186 6
373701.1115 11
373724.3270 18
373850.7912 7
373892.0129 3
374018.9930 20
374111.9085 3
374290.4167 12
374314.5457 4
374469.2615 20
374547.9681 11
374645.8915 2
374767.5450 10
374858.9435 6
375111.5912 1
375286.3711 12
375418.3967 9
375522.1631 21
375612.8371 19
375815.3496 10
375883.0702 21
376042.9942 14
376264.4765 11
376302.3576 18
376497.9609 15
376605.8327 11
376634.9247 12
376821.2530 18
376963.0692 5
377076.3006 1
377293.4371 5
377504.6773 11
377525.5518 12
377728.2710 12
377784.7634 17
377967.1875 6
378087.7986 11
378168.6240 17
378363.2971 6
378572.0360 6
378747.7534 21
378881.0688 18
379024.2603 20
379165.0570 16
379298.1824 7
379450.7383 20
379579.9713 15
379601.6677 4
379668.6771 11
379824.9218 5
380029.6855 17
380094.9878 12
380252.1118 11
380311.6974 11
380496.9595 9
380694.2556 18
380718.6382 2
380919.9677 3
381116.4113 1
381180.9801 18
381249.5153 3
381316.5262 6
381520.0281 9
381602.0987 2
381808.5975 6
382012.9788 12
382046.1600 12
382097.3455 15
382270.9396 15
382290.8678 9
382466.5176 11
382514.9859 2
382587.9178 12
382759.5630 9
382855.6337 21
382970.4482 15
383173.6347 17
383366.2157 6
383471.3970 17
383510.8212 2
383657.1692 6
383777.3262 20
383856.9317 9
383906.6145 7
384091.6316 10
384161.3914 1
384279.0668 11
384473.0771 1
384662.5864 12
384794.3354 3
384992.0322 9
385126.7359 21
385307.2376 6
385456.5217 21
385487.3895 12
385684.8366 7
385850.8032 18
385929.9051 11
386019.5379 11
386165.1077 11
386224.4113 15
386272.7998 10
386383.2606 19
386486.3968 10
386693.1186 2
386754.7524 18
386948.9155 18
387098.5166 2
387281.0158 12
387409.5164 19
387493.3226 12
387597.2845 19
387762.6904 12
387853.9347 6
388108.3027 16
388214.7099 3
388249.2248 11
388425.5832 5
388618.3823 13
388667.0937 11
388788.1053 19
388812.9276 3
388868.0196 9
388996.7391 17
389167.1944 7
389277.9128 10
389465.7934 7
389482.8280 8
389542.2652 16
389594.7405 18
389779.5793 1
389893.3092 1
390054.8063 7
390201.9576 5
390268.2834 12
390437.9370 8
390564.8145 2
390696.0591 11
390761.0340 11
390894.3971 11
391011.9364 11
391173.1421 21
391263.4346 15
391435.0759 5
391601.7239 18
391638.1996 15
391813.3584 6
391909.2243 21
391986.9639 18
392065.5196 20
392106.4247 2
392187.3174 1
392309.8037 8
392500.6469 12
392655.5916 2
392772.3650 1
392808.6696 19
392983.8858 9
393052.0340 11
393233.3431 12
393363.6041 13
