2959
36726.6955 18
36791.6196 11
36864.4540 9
36989.9715 5
37017.5878 11
37093.6697 19
37258.7391 18
37450.8757 4
37510.0370 9
37696.9465 13
37740.9786 21
37910.5306 1
38072.5912 20
38165.4844 20
38287.6303 9
38353.8829 11
38394.3756 2
38466.9835 5
38582.6311 17
38741.8922 14
38837.0814 3
39045.3379 4
39122.6240 12
39300.7999 11
39489.3855 14
39584.2218 7
39692.3963 3
39742.5382 15
39846.7644 1
40058.4696 14
40216.9334 12
40287.3108 1
40353.3277 15
40448.4675 1
40593.0627 7
40788.5180 20
40911.6621 11
40950.9948 6
41167.1807 18
41263.5821 11
41361.7327 11
41420.8603 3
41601.1887 21
41759.4002 12
41901.9768 21
41995.4675 2
42225.1080 18
42314.8160 16
42366.7840 18
42432.3068 18
42454.8813 18
42578.9631 13
42768.5873 18
42961.0446 15
42994.2190 15
43040.4374 21
43131.2377 13
43186.1716 11
43260.4791 3
43350.5447 4
43497.6178 15
43531.3130 11
43610.8491 14
43739.2005 11
43815.9611 2
43922.1003 1
44055.6687 18
44141.3539 21
44222.5646 18
44410.9291 12
44483.9096 17
44537.1382 12
44615.2094 6
44820.6286 2
44951.9101 16
45043.7161 7
45178.3011 12
45293.2042 11
45341.3377 12
45426.1993 18
45595.6487 11
45628.6822 12
45732.0309 12
45775.2000 19
45940.2920 1
46110.1220 9
46214.7767 10
46263.6404 8
46465.9965 1
46518.2343 21
46637.9310 14
46869.3924 2
46990.4663 2
47205.4681 11
47243.9163 11
47379.7697 11
47557.2562 2
47755.4975 8
47873.1220 15
48070.4211 9
48175.6308 11
48195.1271 19
48377.6286 20
48576.4267 17
48610.0823 12
48798.7186 17
48964.3729 19
49157.8084 8
49322.1070 20
49436.3104 14
49644.7851 16
49733.1763 19
49854.6987 5
49998.8756 18
50080.3074 16
50200.7603 18
50359.3135 14
50431.3799 3
50462.5625 8
50680.9773 12
50800.5299 20
51002.4095 13
51123.4942 12
51198.7073 11
51281.2444 12
51320.4081 4
51437.5677 12
51558.5664 13
51605.8441 11
51634.9410 12
51717.6138 9
51804.2685 8
51915.9585 20
52083.6538 1
52239.3941 15
52347.9487 12
52470.5526 10
52524.8539 11
52663.1062 19
52789.3308 15
52908.0839 18
53037.0490 4
53260.0847 12
53338.7018 19
53359.0332 12
53504.8331 17
53613.1202 19
53640.0265 7
53721.7504 13
53791.7492 10
53881.0471 3
54053.7213 16
54126.4373 6
54212.2009 12
54336.8464 12
54429.4813 4
54578.8478 12
54759.8869 8
54899.3869 1
55089.7789 12
55115.7468 8
55206.1821 18
55340.0302 14
55462.3997 11
55553.5505 11
55677.3774 14
55775.8587 12
55944.9205 14
56028.1652 14
56264.6015 19
56431.3272 12
56537.7726 16
56672.7763 11
56804.8507 17
56881.5725 3
57072.1923 14
57228.4193 11
57378.8920 15
57526.4971 11
57631.2151 9
57753.2508 19
57900.9300 6
58053.0183 13
58118.5933 15
58223.5183 12
58308.8465 7
58335.7671 15
58356.7564 11
58523.0045 11
58608.2532 13
58745.7183 21
58808.8400 20
58911.1678 4
58996.5971 4
59191.2708 17
59271.1979 9
59394.1610 11
59565.7017 3
59636.8234 12
59683.6263 12
59788.4039 2
60015.2493 7
60121.3421 5
60242.1696 9
60398.0384 11
60421.7389 1
60520.6419 3
60583.7459 18
60640.4171 7
60720.7699 2
60900.8153 13
60928.1040 18
61021.9041 3
61205.6384 18
61307.6234 11
61497.7430 5
61611.4687 17
61756.8681 12
61816.7933 12
61983.9709 17
62128.3230 20
62248.2791 11
62302.5654 21
62476.7604 7
62618.0054 3
62752.0312 16
62857.5321 17
62938.7351 12
63070.5358 12
63257.9024 7
63312.1291 14
63528.2309 14
63587.8299 13
63674.6573 18
63704.8895 2
63874.8648 18
64009.3628 2
64061.1645 4
64137.0415 2
64348.5590 11
64521.6086 7
64542.1136 17
64743.6848 17
64843.7130 6
65039.0123 12
65211.5447 13
65240.5473 2
65365.6823 11
65455.1540 20
65587.6449 10
65737.0908 2
65900.7548 18
66096.8555 18
66161.3089 12
66245.0857 13
66352.6154 10
66511.9877 13
66703.3918 11
66839.2569 1
67007.5161 1
67111.3242 13
67191.1875 8
67268.0189 12
67322.9944 13
67533.2114 8
67744.5630 12
67929.1482 6
68051.1293 15
68184.5152 11
68301.3232 11
68432.4816 11
68493.0498 15
68555.2494 21
68752.0671 16
68932.3237 17
69052.1591 7
69108.2068 4
69160.6121 12
69311.2941 15
69454.2331 6
69530.3418 16
69604.3692 11
69638.3884 5
69694.9464 2
69789.8502 11
69852.0044 2
69946.8541 16
69980.6084 7
70172.8835 16
70203.2036 20
70338.7953 11
70362.1566 12
70412.0942 15
70601.2997 5
70632.4472 18
70701.9033 2
70826.5779 21
70994.2487 14
71060.3717 2
71181.5407 15
71335.8711 14
71396.2964 4
71553.3700 9
71659.7119 11
71821.7593 5
71957.2368 8
72141.6693 1
72178.6300 11
72251.5804 17
72272.1995 11
72443.7790 3
72641.4514 9
72743.1640 12
72803.2033 16
72861.3493 4
73022.9210 17
73089.9711 21
73200.1396 17
73283.4294 13
73480.7981 4
73546.6000 8
73627.6833 11
73699.2329 18
73854.5508 21
74024.5750 12
74114.9107 16
74280.0875 7
74452.5672 1
74528.7531 2
74644.0588 16
74756.5060 17
74787.8657 18
74975.2216 15
75108.8612 6
75274.2883 17
75315.1197 5
75374.6870 12
75394.1335 12
75483.7503 1
75564.6445 11
75666.8880 6
75728.5933 12
75896.5330 11
75978.2756 18
76157.5391 18
76302.0570 13
76499.8727 21
76654.6119 5
76835.1271 20
76859.3691 12
76905.8014 11
77038.8488 19
77233.0832 16
77368.6541 2
77528.5730 18
77673.6133 18
77806.2356 20
77968.8614 10
78037.0726 7
78206.4895 15
78376.8443 10
78562.1470 11
78730.6103 4
78908.2773 15
78970.2563 20
79172.4523 12
79261.3608 12
79414.1169 11
79441.3939 11
79603.7198 11
79725.9449 11
79776.7250 7
79896.5600 18
79918.7852 9
79942.2376 5
80148.7960 12
80263.4100 10
80283.6131 5
80377.2115 10
80552.0589 11
80604.7221 17
80686.8799 12
80772.6920 16
80792.7572 15
80864.7568 2
81033.5372 14
81279.7480 8
81336.5185 18
81378.6561 15
81472.7079 3
81585.2503 4
81812.4600 6
82042.5775 19
82107.9337 20
82228.9268 12
82404.3189 19
82548.4568 7
82682.7385 9
82725.3467 19
82772.0544 11
82968.1102 18
83086.2495 15
83145.0578 3
83238.9387 14
83373.0413 7
83529.2401 21
83626.3107 17
83688.7815 17
83827.7075 1
83868.1527 3
83933.4109 11
84052.1182 3
84258.3117 4
84313.2202 6
84449.5227 12
84575.8663 1
84781.9473 19
84806.4040 11
84918.7763 2
84990.0248 11
85115.4870 16
85268.0734 20
85353.5832 1
85404.7117 6
85637.7854 5
85814.5438 12
85846.5548 21
85986.0774 13
86120.7131 15
86194.6502 11
86332.0482 3
86492.4997 4
86642.5082 8
86743.3305 11
86917.4771 16
86967.4602 11
87122.8772 6
87325.1979 18
87394.5684 10
87574.6420 18
87740.6212 7
87886.3306 19
88000.8877 9
88067.4622 9
88174.1193 12
88306.3525 11
88484.8600 11
88624.6541 5
88796.5962 11
88992.1946 5
89042.3168 13
89215.1201 11
89263.4473 21
89366.0103 4
89483.0667 7
89683.2213 15
89821.7497 8
89899.9979 15
89976.3362 17
90036.8063 3
90089.7286 1
90170.0114 13
90307.9922 11
90494.8069 20
90694.1601 6
90799.1855 6
91049.0466 16
91132.9678 14
91211.4271 15
91340.0419 18
91497.0510 5
91677.4893 11
91754.6999 4
91956.5219 11
92089.2018 7
92214.3942 19
92394.8425 12
92426.9162 19
92539.9828 17
92729.3867 20
92866.8679 19
93062.4083 16
93150.6468 11
93313.6656 15
93505.5965 11
93582.5264 8
93709.9302 13
93736.2380 8
93927.9410 7
93998.3982 12
94094.6940 15
94185.6826 18
94321.7332 4
94429.9882 18
94477.1141 4
94596.7161 8
94708.7720 3
94842.9456 11
94930.3308 11
95117.9721 11
95309.1948 11
95484.5972 18
95579.9350 2
95751.4556 11
95820.0729 20
95910.6683 10
96008.5312 11
96085.5255 12
96144.9570 14
96366.8343 12
96570.3669 18
96611.5008 15
96725.3347 11
96870.6566 2
97017.6330 7
97121.6783 15
97288.0039 7
97329.0068 7
97456.2256 8
97627.8432 14
97849.0697 18
97939.9411 6
98092.7299 21
98269.8921 20
98347.0825 21
98373.4027 16
98526.8342 11
98643.2287 8
98694.7775 6
98837.1703 21
98866.5729 17
99034.7151 12
99164.2986 3
99315.6360 15
99379.7333 3
99508.8581 11
99573.1727 20
99758.7559 11
99930.0963 20
100115.8246 10
100150.4849 6
100310.6170 9
100408.4989 3
100599.2596 7
100707.9688 18
100833.7956 4
100956.4247 11
101158.8616 11
101235.1949 18
101313.5313 11
101492.5862 3
101625.2821 14
101713.1671 16
101786.1760 1
101835.8859 21
102000.4951 11
102029.7135 10
102088.4157 3
102201.0167 3
102377.8851 12
102415.8051 11
102548.2641 19
102688.2551 11
102818.3120 4
102932.5783 2
103108.2319 5
103222.0818 14
103328.6625 12
103517.6382 20
103674.9153 18
103798.0977 14
103860.6923 12
103896.2606 7
103931.4392 12
104069.6103 18
104110.8123 16
104209.2165 9
104396.4522 12
104467.9975 12
104513.0786 11
104581.2764 12
104696.2618 16
104810.5128 2
105045.2282 18
105137.3051 19
105316.4252 8
105529.1350 21
105613.2635 6
105842.8130 7
105908.1128 12
105984.3493 4
106184.2057 19
106346.2908 14
106412.5528 11
106522.4667 12
106569.2199 11
106689.7457 18
106755.0990 11
106937.6472 3
107054.8224 7
107150.1240 20
107324.4790 4
107560.1904 8
107610.3745 9
107705.9817 10
107925.7942 19
107993.4545 19
108087.6691 5
108203.5140 11
108344.2701 17
108394.4497 14
108505.1537 18
108692.4048 8
108823.5190 13
108958.0500 20
108991.2551 2
109190.5114 3
109224.1588 20
109273.2679 19
109456.6129 11
109540.0172 8
109730.3593 21
109873.4269 1
109930.9973 7
110108.2511 12
110253.4127 5
110325.2272 1
110515.0679 8
110664.1117 5
110725.8025 18
110924.0036 17
111119.1341 8
111173.1612 9
111283.1239 13
111313.4435 12
111377.9049 7
111441.7407 11
111547.2773 18
111690.4166 12
111829.8571 16
111969.3282 8
112188.2351 11
112239.7365 4
112305.6364 16
112428.3636 18
112517.4224 4
112635.4854 4
112833.3737 4
112902.3971 3
113074.6805 12
113254.4597 11
113384.5100 13
113454.3360 18
113633.2518 20
113816.7592 14
113933.5112 15
114037.5112 10
114200.0864 18
114242.3142 9
114319.2677 19
114470.7513 11
114608.9954 7
114799.6145 13
114980.1686 13
115155.6594 8
115296.8139 12
115355.8075 9
115380.7526 4
115565.6301 8
115676.6104 11
115720.2545 2
115924.2728 16
116020.9790 17
116200.1527 15
116225.7797 16
116267.2614 18
116393.0533 11
116545.6808 11
116586.6995 9
116762.8396 10
116865.7154 19
116958.8377 20
117115.6513 11
117308.4533 16
117484.5826 13
117579.0068 18
117713.1497 7
117744.3558 11
117803.8404 16
117991.2892 17
118179.0863 9
118231.3695 12
118305.2646 3
118456.0216 14
118665.3347 12
118795.4353 16
118881.2408 9
118957.9136 12
119114.4687 6
119277.9486 2
119375.5483 1
119550.3517 6
119596.7904 13
119707.7083 6
119943.3240 8
120027.7574 15
120118.5199 14
120196.9195 11
120383.6176 13
120486.6878 13
120623.0394 15
120803.2020 7
120978.3702 11
121038.9687 11
121231.5052 13
121352.0749 16
121460.2243 11
121516.1626 12
121605.4639 6
121840.1217 1
121917.7746 19
122030.2461 9
122055.7406 14
122153.8646 14
122302.2336 11
122398.4125 16
122464.9472 12
122658.5410 11
122859.6648 21
122955.4921 5
123101.3119 19
123139.1782 2
123372.8048 12
123394.5358 17
123578.3356 12
123598.0326 18
123730.9423 2
123901.0263 8
124101.0772 8
124267.8645 18
124356.4606 4
124462.9010 13
124612.0532 7
124694.1193 6
124929.2191 14
125053.1601 11
125157.0203 13
125198.2584 9
125339.5249 14
125573.0976 12
125621.3980 19
125782.0917 19
125859.8558 4
125969.0132 11
126014.4215 2
126213.1684 1
126349.2846 18
126370.3258 12
126494.6186 19
126690.8534 7
126819.6487 2
126945.1256 15
127010.5290 20
127160.3933 18
127221.4944 12
127361.7251 12
127517.9575 8
127695.5573 12
127854.7143 11
127980.3331 18
128036.0739 7
128148.7713 7
128267.4466 8
128484.6401 11
128621.3252 11
128781.9445 13
128887.9542 12
129043.8995 5
129076.6500 11
129262.4886 2
129333.7402 19
129459.7982 6
129558.4132 18
129597.2526 17
129691.7151 21
129792.1834 11
129976.4354 11
130143.9944 3
130182.0283 4
130335.9502 11
130388.6006 9
130492.5107 11
130692.2989 11
130738.8951 11
130811.3916 11
130988.4521 12
131072.0525 8
131201.8757 19
131385.8231 12
131495.6759 14
131720.4198 11
131800.8176 8
131896.1504 7
131951.0379 15
132062.6225 11
132135.5745 12
132308.7902 19
132446.4137 17
132468.4901 15
132640.8502 12
132686.4303 11
132720.9333 15
132843.3960 8
132961.5746 11
133101.9518 18
133244.9639 11
133367.9260 19
133399.5446 15
133453.0571 18
133604.2390 21
133765.1309 11
133964.2196 8
134194.6155 14
134258.3041 9
134459.5724 19
134509.1466 21
134713.6856 9
134914.3014 17
134983.4546 20
135024.7299 12
135179.0483 15
135305.9238 13
135507.5595 18
135529.5259 9
135718.6573 20
135772.6261 18
135844.4913 11
135947.7999 20
136111.2587 17
136132.7919 14
136228.3862 18
136346.6199 1
136460.6687 11
136621.5452 1
136812.2926 18
136885.3849 18
137058.2703 7
137163.8665 19
137300.0205 2
137460.2581 7
137588.1978 16
137691.3218 2
137789.2640 2
137870.6773 1
138056.2411 13
138239.6456 20
138435.9187 16
138472.3257 18
138510.6115 11
138574.8425 18
138637.1008 16
138796.6594 21
138838.3761 20
138935.8564 6
139110.3545 21
139227.7271 11
139270.8889 6
139326.9001 10
139509.2737 8
139668.6363 17
139719.8518 6
139878.4871 12
140032.5103 19
140128.8926 16
140248.3371 4
140487.2935 4
140712.0475 6
140850.3417 7
141054.1682 5
141117.8191 13
141183.3747 2
141338.6459 12
141513.7860 5
141723.7087 5
141847.0536 20
141883.2396 21
142024.6842 12
142129.6901 20
142253.6429 4
142410.9381 14
142536.7688 12
142682.9079 11
142822.3027 20
142956.3449 19
143085.7652 4
143312.5585 1
143528.1787 16
143607.6954 11
143783.5750 8
143850.8657 12
143926.8627 9
143975.1057 11
144098.0473 10
144199.3589 3
144252.9956 1
144428.3677 15
144486.1568 21
144591.7572 4
144781.7375 15
144884.7554 8
145004.5232 2
145250.7922 15
145339.9533 7
145447.7826 10
145649.1317 18
145846.8441 9
145894.9813 8
146113.5065 14
146203.4644 12
146383.7085 12
146539.2392 12
146590.4649 10
146611.5552 21
146635.2365 12
146684.8138 12
146875.2482 6
146910.9304 9
147028.2605 13
147062.1162 1
147215.5228 11
147254.9890 12
147346.5300 17
147435.7600 9
147511.1185 11
147700.5458 17
147769.4333 17
147902.1040 1
148022.7234 9
148137.4289 1
148208.5527 12
148228.5788 8
148347.1987 11
148509.5348 12
148588.9195 2
148761.6097 5
148903.1262 6
149007.8782 11
149040.4678 12
149161.3617 12
149248.1530 14
149489.3922 19
149517.0866 11
149625.0949 17
149688.0946 12
149778.1365 15
149838.8730 3
149871.8238 5
150054.8965 1
150139.1181 12
150289.2628 11
150406.7250 7
150581.0211 12
150746.5273 15
150934.9448 21
150979.5001 8
151132.6778 14
151360.6885 6
151476.2153 8
151658.7716 17
151694.7130 5
151760.3253 14
151857.4867 8
152072.1923 11
152166.6212 15
152297.1459 12
152321.7910 11
152343.5898 3
152414.9815 16
152470.7845 18
152579.9842 1
152741.9658 7
152889.4146 11
152995.3051 11
153057.6123 14
153142.9245 14
153267.3592 3
153420.0527 17
153510.5716 4
153711.7582 14
153870.2433 17
153926.0891 18
153982.0507 11
154102.4094 18
154237.9829 3
154296.7831 11
154316.5049 18
154374.2648 4
154507.2946 8
154738.2158 11
154922.7307 1
155086.1922 1
155251.8494 7
155316.5015 15
155444.2990 3
155626.0084 18
155723.1640 18
155925.2131 3
156017.2530 16
156183.2101 5
156240.7532 17
156305.3964 11
156358.7801 18
156548.9863 15
156738.6282 3
156857.3040 10
156965.6792 2
157192.8675 8
157259.1782 18
157319.1144 11
157487.4974 2
157723.9233 4
157785.6202 2
157898.2654 14
158069.5549 11
158230.4245 2
158472.8960 7
158506.8855 9
158537.5569 17
158735.5366 15
158854.6782 20
159047.3050 19
159149.8248 5
159181.0912 17
159237.6910 18
159408.8352 9
159549.6087 17
159589.3724 18
159606.1232 1
159777.3761 17
159878.4157 1
160027.7452 9
160054.3974 14
160218.0511 6
160467.4457 2
160570.1650 20
160725.9407 19
160773.6553 17
160910.7860 12
161077.7804 20
161244.6018 12
161352.8139 13
161398.2403 12
161529.3210 11
161575.6475 14
161670.7134 1
161801.0096 12
161898.5901 21
161995.6404 12
162113.8058 12
162151.1512 6
162260.0436 8
162316.1788 13
162460.9114 9
162551.0306 15
162582.3496 9
162739.4609 16
162788.5679 5
162912.4113 18
162942.3073 17
163074.7541 20
163136.2343 1
163275.8641 10
163460.1593 7
163548.0546 18
163579.0791 11
163616.2049 9
163726.3780 11
163770.6436 10
163955.8174 12
164031.8344 3
164097.4937 16
164257.8173 7
164307.2723 20
164356.5548 9
164413.8613 11
164562.4311 4
164777.5174 10
164874.2220 5
164924.6576 4
164990.2349 8
165180.0386 10
165258.0433 2
165448.3223 18
165508.9098 15
165643.6841 12
165784.2098 15
165821.2462 7
165846.2659 6
166037.7744 21
166217.1535 15
166280.9026 12
166370.7348 4
166481.2244 6
166562.0186 1
166651.2416 15
166757.9297 4
166879.2673 11
166974.4082 14
167212.4845 14
167378.9189 17
167400.4653 20
167424.4709 5
167497.8168 20
167674.7636 16
167792.4810 17
167988.6009 8
168201.9880 8
168313.2646 18
168339.2795 16
168370.9112 8
168465.1581 19
168541.5729 18
168679.8786 6
168734.3665 18
168771.1089 3
168912.6507 20
169108.4470 12
169261.6210 11
169329.6529 10
169431.5940 15
169455.6352 5
169656.5018 18
169711.2465 15
169744.1516 14
169910.7609 11
170028.0667 10
170128.1137 3
170179.7404 11
170336.9761 8
170534.9551 7
170636.2560 20
170818.3321 1
170926.1186 13
170967.4232 5
171055.1653 5
171172.3767 11
171367.2988 16
171504.3356 15
171705.6820 15
171819.7069 21
171855.6368 4
171945.1551 12
171972.3969 11
171996.9742 12
172039.8901 14
172084.4718 3
172215.3395 2
172337.5335 5
172490.0033 8
172708.7894 13
172786.2724 5
172964.3116 19
173035.7653 15
173123.9225 7
173161.7880 16
173215.4693 5
173377.5847 11
173447.7223 10
173469.4420 3
173544.7761 2
173656.4440 12
173764.7079 9
173785.6815 20
173982.7259 2
174129.3821 3
174296.1274 18
174317.6219 8
174538.6153 5
174567.4394 20
174751.8103 5
174932.9477 12
175124.5416 15
175226.9806 11
175365.8274 20
175429.4040 19
175540.1407 10
175658.7462 15
175754.8601 8
175809.9880 12
175896.2156 5
175927.2749 20
176070.6801 18
176176.0114 12
176301.2964 18
176412.1104 9
176577.9231 12
176780.3811 20
176932.7937 11
177051.6361 3
177110.4252 9
177281.9683 7
177341.0919 19
177370.9606 6
177609.4817 11
177662.3459 9
177785.9159 19
177910.4538 14
178146.9419 11
178292.2657 10
178478.7622 14
178698.8768 11
178877.9046 15
179003.6402 11
179051.0349 21
179138.1545 7
179194.7882 6
179285.3899 12
179396.9339 19
179568.3646 14
179662.2432 18
179828.4116 11
179982.0351 9
180064.8449 12
180161.8621 11
180195.8937 11
180348.7375 11
180549.4648 12
180701.9525 17
180825.0157 12
180883.1377 6
181001.3876 5
181134.4468 12
181242.4476 7
181342.2601 11
181534.4483 11
181579.2814 11
181709.3258 8
181892.3360 11
182053.9545 2
182204.5883 4
182400.7658 5
182486.3024 18
182576.4108 15
182601.7781 21
182661.9497 11
182770.6276 18
182878.0886 10
183074.7835 12
183235.9857 10
183421.3950 21
183545.5898 18
183717.8003 15
183800.5071 1
183917.2085 1
184050.9888 4
184180.5191 12
184273.5490 4
184522.7115 3
184707.2733 2
184856.6855 13
184910.6827 6
185109.9582 13
185212.0205 21
185262.7566 9
185431.4959 2
185666.7793 5
185716.0218 4
185878.5556 9
186080.7909 17
186232.1030 20
186333.3325 11
186478.9273 18
186586.7606 21
186744.6625 12
186884.6082 11
187015.5417 11
187103.6304 8
187242.5510 9
187417.7264 7
187604.6682 12
187653.3491 3
187819.3498 15
187872.2367 8
188089.0757 8
188245.5013 8
188307.7003 12
188499.9910 16
188670.7367 1
188864.0759 1
188962.8285 1
189160.7579 13
189255.9174 12
189353.9552 20
189536.6603 6
189737.2528 12
189777.8174 4
189845.3309 6
189972.3186 11
190073.1766 10
190207.8111 7
190340.9556 13
190549.2278 6
190596.6966 18
190722.9324 18
190749.1834 12
190921.5030 5
191029.5580 12
191179.9990 6
191266.3160 11
191314.7476 4
191420.6240 11
191576.7448 13
191679.4870 12
191784.7589 5
191994.8938 14
192072.9175 10
192187.8657 18
192311.9526 11
192437.9965 1
192626.7089 7
192760.4475 12
192921.3881 12
193102.9696 10
193245.1527 19
193340.8329 16
193512.5158 18
193535.6622 11
193700.7996 10
193803.4479 11
193844.0947 11
193972.3812 10
194094.3919 5
194246.1038 11
194428.5746 18
194527.0195 9
194590.9032 19
194690.4412 15
194829.8982 15
194988.6288 4
195057.4846 15
195151.5566 10
195336.4480 18
195505.6778 4
195576.4377 1
195694.3287 17
195775.0004 18
195913.9035 15
195988.2817 19
196106.2228 13
196183.5926 18
196286.1256 20
196356.1793 8
196483.0798 17
196655.2238 12
196735.8634 19
196817.2669 9
196953.3897 3
196992.1753 2
197073.6730 7
197231.4319 19
197384.3671 12
197546.8715 18
197712.7692 1
197903.8913 15
198004.2521 15
198082.8082 21
198187.6763 17
198214.4994 3
198377.5332 16
198498.0815 18
198684.5792 15
198797.3226 7
198921.7074 2
198988.4600 11
199183.2758 11
199270.5105 10
199331.7616 13
199401.8880 7
199485.4173 19
199608.1825 10
199746.7693 4
199832.4825 7
199906.0790 2
200073.3510 11
200094.0391 2
200220.3800 12
200293.7675 3
200396.5074 1
200440.2450 7
200552.7699 14
200632.8361 13
200835.2420 11
201004.3369 2
201242.9909 17
201285.5960 13
201396.3152 17
201460.1038 12
201529.6751 14
201760.4866 11
201788.0440 13
201934.6554 9
201996.8372 11
202050.0687 11
202182.5615 21
202305.6408 21
202416.9808 11
202512.3581 3
202667.4280 9
202735.7003 19
202925.8590 12
203112.1227 17
203302.9320 13
203473.4664 16
203604.8575 3
203798.1972 11
203851.8525 11
203956.3441 4
204107.7796 15
204144.8615 18
204336.5344 7
204395.1057 18
204426.7650 19
204630.7686 11
204684.2076 12
204731.7665 12
204785.8839 2
204880.6115 12
205068.3484 20
205146.4238 20
205212.1163 2
205417.7365 4
205538.0117 19
205653.6760 8
205792.7669 12
205979.2577 18
206129.1083 9
206206.1889 12
206329.5672 12
206395.6819 18
206565.8089 8
206692.5328 16
206720.5640 16
206815.1988 17
206868.2801 18
207028.2238 17
207105.6885 18
207182.0244 12
207315.9998 14
207501.5838 19
207587.7906 11
207790.6834 12
207915.7380 17
208020.4023 17
208123.1641 12
208189.7625 9
208304.2281 7
208380.4292 21
208496.0256 10
208591.4567 20
208774.4311 6
208972.0960 4
209064.9990 11
209223.6306 18
209259.2769 2
209416.1149 15
209611.8954 2
209748.3256 11
209893.2658 12
210067.6667 2
210294.8547 11
210396.0864 16
210473.0160 3
210587.0778 16
210685.7091 11
210778.1630 12
210950.3725 11
211123.4705 2
211192.3663 13
211309.5042 2
211403.5705 12
211507.6193 16
211619.4978 20
211722.9144 8
211882.8418 11
211999.2926 15
212182.5516 16
212361.0839 11
212494.3231 7
212669.6983 9
212813.7227 16
212940.4006 16
212971.4771 12
213147.9562 6
213213.3930 4
213388.0219 6
213523.5426 14
213594.8049 12
213697.6252 21
213889.9764 15
213914.9542 6
213978.1988 16
214008.4414 11
214199.4568 17
214259.2445 12
214366.4254 2
214513.3041 8
214708.1189 11
214750.0043 16
214832.0638 2
214930.6755 13
215119.4046 5
215186.0250 11
215297.6737 21
215404.8908 18
215446.4334 3
215486.3221 2
215671.3281 12
215764.3388 4
215831.9593 13
216026.5108 15
216099.6910 11
216294.6260 14
216337.9021 21
216514.3710 19
216551.5118 9
216574.5542 11
216701.7029 18
216723.9137 14
216757.3713 5
216888.2037 19
217031.0442 8
217261.1138 14
217366.1564 12
217470.6516 1
217565.7547 10
217709.7281 18
217776.7423 20
217892.0383 11
218053.0792 11
218153.0593 21
218333.2829 1
218459.4426 14
218655.1129 14
218812.5433 20
218835.5387 1
219027.7773 15
219229.3646 16
219376.1776 8
219534.2412 11
219606.2772 11
219683.0757 5
219851.4300 7
220036.6470 6
220123.2833 20
220158.0230 18
220306.9520 1
220382.6938 6
220587.3702 9
220781.1957 7
220980.4914 18
221081.2260 8
221317.1383 12
221355.6452 9
221443.1138 11
221499.9850 11
221578.0382 12
221683.3100 15
221838.9654 3
221956.8849 18
222072.8742 5
222184.9665 2
222346.6005 5
222395.9907 20
222591.5998 18
222643.7345 15
222754.5244 4
222884.6469 9
223080.8494 20
223225.1114 2
223336.8928 17
223488.2893 11
223537.8425 17
223693.2563 7
223775.9329 11
223870.7693 16
223997.5693 18
224093.9963 7
224179.1305 15
224370.5803 8
224477.1139 8
224611.6914 8
224728.3310 9
224906.1908 11
224950.0768 4
225160.6714 11
225301.0347 18
225407.7204 1
225463.9837 13
225644.2087 11
225829.6151 9
226009.1438 13
226207.9562 17
226307.4342 11
226503.3485 4
226628.0924 11
226660.9604 8
226793.2441 18
226848.7177 5
226961.5753 12
227164.5284 6
227253.7583 12
227318.4215 18
227386.5221 14
227544.0529 12
227682.0951 11
227724.9199 2
227942.8881 19
228141.1462 19
228289.1521 18
228381.0421 11
228500.2492 15
228577.2732 13
228709.4698 11
228826.3172 11
228885.3073 18
228929.2220 16
228981.7605 11
229042.6287 13
229186.2680 1
229267.6323 11
229454.0503 12
229548.0603 21
229665.1245 16
229775.1364 6
229849.7123 18
229935.1050 14
230100.4670 10
230257.1903 9
230310.5317 1
230479.0489 4
230589.9001 17
230706.3734 10
230924.3464 17
231089.5158 18
231171.2852 16
231372.1745 21
231492.4041 5
231571.5568 16
231766.5430 19
231952.2439 9
232092.2808 12
232223.6237 17
232273.4582 4
232339.7842 11
232433.7001 14
232605.2966 14
232676.6671 20
232721.1109 20
232875.2975 20
233032.2478 5
233166.8038 12
233253.0907 14
233397.6197 12
233567.4908 11
233737.7681 16
233795.8728 6
233905.4579 5
233953.6818 21
233996.0301 12
234026.1871 14
234226.2890 12
234399.1479 17
234530.1743 12
234619.3248 11
234729.6045 11
234861.0128 19
234970.9159 6
235118.9101 19
235282.2585 15
235354.6559 20
235485.9831 4
235666.9873 6
235825.9517 3
235945.5317 11
236036.7875 2
236101.4133 8
236269.6874 8
236356.7528 19
236423.5224 11
236563.9058 11
236746.8949 13
236949.5310 10
237139.6859 12
237321.0174 2
237454.6228 18
237645.4687 1
237723.8965 3
237930.3818 7
238103.8159 3
238150.8102 1
238272.4048 3
238406.8170 2
238664.2979 8
238890.1141 11
239005.4652 8
239135.9461 20
239164.4234 6
239405.7830 9
239549.7633 18
239655.2149 12
239853.5059 20
240027.2019 9
240108.3225 17
240136.7692 7
240228.6358 5
240302.8399 1
240454.2922 18
240503.0155 20
240535.2262 20
240732.1128 8
240881.5433 11
241033.5813 16
241153.1694 17
241262.1295 18
241430.2029 9
241527.4584 11
241656.5932 12
241704.6974 21
241897.3539 12
241961.0232 8
242010.4238 13
242145.3978 21
242328.6389 5
242518.8186 16
242583.1216 9
242668.9520 6
242780.5164 10
242864.9569 12
242915.8134 12
242997.2697 8
243048.4886 1
243121.1561 12
243185.2317 21
243385.7171 11
243539.4011 20
243593.6505 3
243628.6305 19
243818.4092 20
243917.5391 6
244098.0058 11
244135.4757 17
244241.0830 4
244354.2508 18
244498.6739 9
244524.0838 4
244591.6599 7
244691.3483 6
244730.4151 18
244849.3976 4
244985.9023 8
245149.2436 10
245368.3231 16
245424.6298 11
245509.6459 11
245695.7773 7
245805.1431 18
245990.0767 3
246103.5217 12
246260.0353 17
246315.4683 18
246462.5730 6
246625.7980 12
246758.7914 18
246821.7181 9
246940.7309 18
246972.2609 6
247180.6800 7
247218.2001 18
247357.4593 21
247429.6135 16
247584.5340 4
247682.1054 20
247833.1001 2
248008.9246 8
248178.9976 14
248294.5344 12
248494.9227 8
248687.0295 7
248844.4887 19
248864.9075 11
248960.7633 20
249136.9774 2
249249.2375 20
249287.6682 11
249351.8098 10
249461.0006 4
249551.7076 7
249588.2051 1
249730.5939 1
249911.7567 13
250006.5521 2
250220.0166 4
250377.4737 1
250545.6963 1
250684.4128 18
250867.2275 1
251027.3368 11
251228.8068 11
251253.6512 20
251398.5360 12
251481.9702 11
251579.9872 21
251710.0883 17
251782.9162 11
251851.4993 9
251935.2105 18
252066.7114 16
252204.6012 15
252237.2736 11
252293.6104 9
252337.6782 9
252530.5911 7
252642.1585 18
252703.9227 18
252886.1674 11
253042.9293 10
253099.6568 18
253264.8665 4
253477.1326 9
253580.0758 12
253638.6787 7
253833.8200 15
253991.6746 11
254113.5494 18
254269.5630 14
254340.4989 21
254364.7626 6
254559.6033 18
254731.4483 9
254880.9972 8
254962.9277 15
255162.6192 21
255278.3780 17
255308.9895 18
255492.0767 10
255696.0740 15
255766.3840 12
255906.2976 5
256057.9224 1
256251.4582 12
256326.4186 18
256498.7381 18
256700.7648 10
256783.9894 17
256947.3620 12
256987.3129 14
257110.1300 9
257203.6284 5
257346.3252 9
257418.7712 6
257512.0060 4
257682.6099 3
257762.7545 11
257880.2502 6
258020.0888 19
258096.2891 7
258248.3484 7
258295.5876 11
258432.8444 13
258500.4425 1
258582.4894 12
258605.7378 4
258715.7856 7
258743.2397 20
258851.7053 2
258996.1385 11
259133.5282 19
259316.0416 12
259454.4395 18
259577.1985 16
259716.8822 8
259854.0629 11
259959.6174 12
260119.6453 3
260326.8927 9
260427.8947 21
260611.7036 9
260696.4577 3
260871.9510 12
261019.2476 6
261134.1048 12
261284.1466 3
261491.5695 10
261659.7180 17
261700.1461 10
261754.5840 13
261890.0605 2
262003.0492 3
262175.1681 14
262324.3976 11
262517.5480 13
262703.8329 9
262758.7858 18
262943.4844 3
263090.8786 18
263274.5308 20
263458.1496 4
263669.4247 9
263772.3964 7
263929.8080 11
263957.9854 12
264014.6034 12
264133.6801 11
264159.5566 11
264220.6619 18
264267.7374 3
264445.8713 15
264468.2536 1
264534.3956 11
264675.3693 7
264854.1454 1
264972.7420 2
265077.0277 20
265274.2892 15
265320.0463 6
265402.3755 18
265516.7851 17
265625.5502 6
265768.0644 12
265925.9185 16
265965.7810 2
266023.4143 13
266177.2867 12
266295.5217 5
266399.0929 21
266541.4597 9
266654.8528 9
266673.6602 9
266751.0245 3
266828.7188 20
266911.1578 15
266945.7139 12
267030.9490 18
267101.5573 6
267250.4652 18
267438.8124 15
267468.3225 12
267580.6882 11
267740.1878 3
267864.8207 11
267909.0861 3
267993.0893 20
268131.6333 1
268219.3191 19
268340.8860 4
268504.5233 12
268684.5612 9
268717.6673 6
268935.8207 11
269061.8376 16
269254.1896 8
269324.7630 12
269461.1206 12
269579.6852 18
269730.1293 1
269809.6843 4
270045.5898 6
270125.6823 14
270369.4141 11
270520.1810 11
270679.2096 18
270739.5276 12
270911.3740 5
271064.3712 8
271243.2704 16
271445.6108 11
271592.5027 11
271658.9566 11
271821.9752 6
272061.1434 20
272257.2508 2
272381.3640 20
272465.5979 1
272513.6054 11
272599.5911 7
272645.8424 5
272697.0604 13
272824.6665 9
272962.6453 20
273035.1186 2
273150.6025 1
273214.9063 20
273388.5239 9
273492.7772 21
273515.4199 20
273683.2694 17
273781.1413 12
273952.8078 7
274155.6574 9
274211.1536 11
274276.3661 6
274396.0551 11
274468.4259 15
274633.7866 19
274689.3932 7
274776.0274 4
274852.8656 15
274899.7410 8
275105.7620 9
275221.6282 12
275355.3078 1
275547.3274 12
275717.3788 3
275837.9905 16
276031.4425 17
276219.2230 3
276254.3722 18
276434.8953 17
276452.5302 1
276625.9214 11
276804.7282 12
276825.9772 3
276976.7774 13
277093.6226 16
277140.4535 4
277214.9607 8
277338.5723 10
277543.1535 7
277608.6144 12
277641.9068 19
277841.7761 4
277926.9985 4
278129.1110 11
278218.5144 7
278259.4589 15
278388.5202 12
278438.5150 2
278565.7700 8
278732.6292 2
278962.3405 8
279063.2810 16
279220.1564 2
279404.4487 1
279561.2551 2
279658.1554 20
279708.4957 11
279810.0923 11
279915.2962 11
279975.4156 4
280072.4555 10
280154.2562 12
280340.7214 3
280478.5896 2
280591.1977 13
280723.0305 16
280746.0269 16
280880.6084 20
281054.3669 21
281146.5607 5
281193.6187 4
281360.7483 19
281505.1454 11
281541.2424 7
281713.0145 12
281783.0299 10
281865.8382 4
282012.6236 15
282047.8535 20
282068.6211 2
282128.9568 2
282321.5859 18
282472.2201 15
282500.8453 14
282622.7699 19
282807.9346 7
282978.2169 11
283147.1652 10
283353.9935 16
283446.5170 15
283612.1560 18
283725.5899 15
283783.7592 10
283990.2760 13
284053.8481 12
284162.3480 17
284238.3611 20
284393.1322 8
284592.6523 11
284640.9607 9
284710.1729 2
284858.2217 16
284967.9763 18
285086.7756 11
285113.3037 1
285272.9019 19
285472.8104 15
285677.1267 18
285744.5595 12
285825.3408 15
285977.7690 8
286092.9730 16
286200.5055 15
286225.6427 10
286366.6554 8
286452.6860 6
286661.8262 3
286853.1539 2
286924.1392 6
287011.5297 16
287173.5835 17
287239.3789 12
287428.7752 3
287597.4583 12
287752.2264 6
287935.3359 9
287985.5246 15
288109.7066 9
288180.7334 14
288311.7208 8
288467.5140 5
288545.0661 5
288714.4219 12
288778.0730 9
288934.5525 18
289090.3473 15
289206.6139 3
289353.6177 18
289424.3522 12
289546.5758 4
289665.8607 12
289684.6008 18
289869.7835 2
289991.5515 16
290126.8124 16
290208.1856 20
290355.2372 2
290509.5958 11
290555.1983 16
290599.4445 14
290845.9350 11
290995.8070 1
291165.9788 12
291203.7581 2
291380.4774 5
291456.5060 17
291644.4759 3
291691.4270 11
291847.8785 7
292035.9031 13
292134.4334 3
292233.8759 12
292347.1607 18
292373.5353 18
292560.2156 12
292719.5980 10
292815.1624 10
292960.1005 12
293027.5872 1
293158.3860 13
293220.9337 3
293278.6404 9
293474.5205 11
293557.0926 13
293615.6564 12
293743.0596 16
293857.8875 15
293934.7313 15
294040.9377 10
294133.9834 8
294370.5010 5
294462.0599 14
294607.6972 11
294745.2187 2
294815.3661 15
294872.8936 1
294907.9444 10
295073.6676 12
295142.1341 14
295362.9244 12
295545.1089 13
295639.3049 18
295782.5459 7
295900.1913 16
296065.6996 20
296267.7127 12
296302.1039 12
296479.9493 7
296574.0600 12
296745.3224 1
296914.5602 16
297000.9389 11
297052.0582 16
297106.0465 1
297274.1602 19
297391.0546 12
297494.9001 15
297520.1371 7
297575.9530 8
297756.1486 12
297817.6332 20
297886.8994 2
298021.4016 11
298110.2190 11
298150.9655 12
298331.7166 12
298535.4596 13
298591.5874 11
298738.0134 21
298789.1216 4
298882.0099 11
299027.4567 5
299194.1727 13
299340.1867 20
299403.6438 8
299601.3997 2
299864.9612 8
300025.7097 1
300061.3601 12
300265.1956 17
300371.7103 11
300404.0943 9
300527.1197 10
300588.6234 18
300734.6386 13
300894.1970 12
301056.9819 18
301081.2755 2
301325.8008 10
301555.7801 7
301655.2505 9
301787.8177 11
301856.7021 18
301975.2622 11
302057.9639 11
302166.1165 13
302302.2506 21
302438.6347 13
302640.4144 20
302728.8484 21
302822.2405 12
302972.4733 11
302998.9369 17
303040.3906 11
303122.4632 3
303280.0236 20
303316.2141 12
303389.4405 15
303516.2890 5
303608.3696 14
303704.6270 11
303734.8339 11
303868.5569 18
303907.1752 9
304033.7743 13
304203.3730 4
304392.0739 15
304478.6391 17
304572.7751 8
304695.6279 12
304879.3402 14
304997.1602 2
305136.4649 15
305168.0239 18
305313.9565 12
305428.6098 12
305596.7657 15
305637.2785 12
305801.5715 6
305959.8506 20
306086.3838 12
306107.9992 17
306189.2593 21
306386.9588 14
306449.9734 12
306582.7672 14
306771.2208 20
306972.6121 15
307149.0071 20
307242.6765 17
307303.6985 6
307432.4097 13
307543.8898 18
307624.7924 18
307756.2593 9
307936.8696 5
308030.2565 17
308092.7536 15
308243.9471 7
308436.1525 9
308517.7311 12
308707.0365 11
308808.2965 12
308965.7775 8
309050.3275 12
309131.1183 2
309354.3475 10
309420.6033 15
309600.5388 17
309700.2479 19
309718.9660 10
309821.1258 3
309965.2137 11
310111.5583 10
310205.9826 18
310259.2003 4
310393.8725 19
310548.0790 12
310661.8036 11
310831.4210 6
310889.7548 11
311088.0025 11
311143.4479 19
311192.6792 5
311348.1129 16
311372.3837 21
311543.6550 14
311725.3382 12
311802.9037 10
311892.8161 17
311913.5789 15
312012.6181 17
312152.4829 2
312380.1880 9
312479.9581 9
312557.3424 12
312761.1000 11
312786.3713 7
312827.3069 16
312937.9943 10
313008.4947 14
313159.5072 12
313278.8766 11
313307.0091 18
313424.9139 2
313635.8664 6
313811.6544 4
313875.1666 18
314035.6981 14
314232.2397 17
314318.6653 5
314512.2599 11
314678.0592 18
314838.3736 11
315000.5147 17
315141.1179 11
315339.4837 1
315524.8699 8
315620.4998 3
315748.5896 11
315902.9543 12
316076.6387 6
316273.5587 7
316342.0001 8
316418.2532 14
316485.0847 19
316535.4538 12
316569.0246 11
316649.2453 2
316791.4806 15
316960.4683 9
317067.5811 3
317181.8169 17
317371.4616 11
317456.6375 2
317583.4361 13
317772.2462 9
317814.1195 21
317944.4517 15
318015.2366 10
318142.8299 13
318264.7272 21
318413.7406 11
318531.5206 7
318681.7179 18
318840.5512 19
318882.3290 12
319021.1907 12
319061.4102 20
319107.2023 12
319182.1599 18
319374.5170 13
319458.6215 12
319549.1182 11
319750.2323 1
319927.3396 19
320095.8078 11
320150.3887 11
320239.0898 14
320488.5293 9
320618.9364 1
320705.9186 6
320778.4935 11
320861.6541 18
320942.0533 11
321141.4440 4
321255.1784 20
321375.4706 17
321538.2362 21
321573.6278 6
321710.7771 16
321776.5564 18
321919.4957 18
322082.4665 9
322277.7301 14
322482.4970 11
322540.3205 12
322659.7681 12
322781.6949 8
322982.3137 16
323136.3763 12
323166.1347 5
323368.0741 21
323447.1708 11
323482.0469 5
323590.3077 16
323714.6474 6
323865.1043 21
323960.2605 11
324076.7104 18
324118.5870 12
324296.9021 6
324341.2776 18
324519.4607 17
324557.5097 12
324641.5284 17
324815.8643 11
324942.3034 12
325105.3448 15
325245.8047 11
325423.3119 18
325574.6628 6
325661.6833 12
325772.8804 12
325886.5137 2
326112.4900 2
326339.4037 2
326437.1650 4
326535.1871 19
326617.1998 10
326718.4796 11
326832.6125 8
326953.8298 11
326992.2588 15
327111.5769 20
327312.8771 18
327359.8979 12
327559.2184 11
327757.6861 2
327916.3258 8
328107.5721 9
328236.2475 20
328434.4369 20
328454.5608 8
328610.4135 6
328781.4703 9
328919.6767 19
328981.7629 9
329124.5768 17
329306.0020 4
329387.7657 11
329409.9568 11
329582.0166 12
329639.9677 20
329746.1749 18
329768.4413 9
329870.1182 18
329974.9435 21
330019.9007 18
330116.8660 14
330346.7455 14
330551.1869 3
330611.4080 5
330726.2559 17
330920.6081 14
331052.0363 9
331075.8208 3
331126.4300 20
331225.8755 11
331245.9721 5
331437.0886 12
331607.6711 12
331680.2085 4
331829.5850 3
331887.3084 4
332010.3847 19
332079.4224 10
332225.0144 6
332372.1786 1
332493.7335 11
332582.1738 12
332710.6998 5
332844.6260 12
333007.7504 4
333045.4905 18
333200.8757 7
333396.3098 11
333492.3327 18
333626.8453 17
333828.8216 3
333903.3191 11
333968.6201 12
334067.6225 10
334145.0054 13
334213.4753 2
334275.9367 1
334463.6085 9
334618.3996 19
334777.5468 9
334865.3164 4
334939.4886 11
334996.5995 3
335086.8077 9
335236.8723 14
335425.8228 17
335583.1643 2
335726.6579 20
335912.6807 21
336031.7678 11
336194.6546 6
336408.2080 7
336533.7427 18
336734.0978 14
336788.1610 14
336863.7696 3
337041.2702 18
337175.6216 3
337361.9928 19
337482.9598 1
337676.9365 9
337770.2693 10
337919.6997 15
337981.8538 13
338155.4500 12
338222.7336 6
338422.1202 20
338534.2414 12
338561.4497 4
338707.2178 11
338801.5255 11
338836.0055 12
338967.4882 10
339008.3423 18
339043.9718 12
339245.0601 18
339284.5924 1
339400.8929 19
339525.1220 11
339719.6890 20
339743.8130 16
339809.8711 2
339925.0731 10
340135.6024 19
340271.1244 5
340425.1584 12
340611.6694 21
340711.7159 11
340825.8210 16
340979.2463 7
341128.6958 18
341253.9220 12
341398.7165 6
341524.9263 17
341583.1133 11
341626.8684 14
341680.3183 21
341724.0717 2
341960.8883 2
342035.5870 5
342070.9108 17
342229.6898 9
342392.7958 12
342455.8224 11
342615.7757 2
342796.9359 16
342993.4995 3
343126.7632 21
343216.2272 21
343358.3709 17
343482.7194 2
343699.3208 4
343827.4297 13
343863.1124 12
343952.9349 3
344050.5791 11
344191.8871 12
344287.8165 1
344405.1070 18
344577.7378 12
344771.1922 13
344872.6093 12
345040.8915 21
345176.1190 14
345418.0253 1
345617.2611 1
345814.7544 11
345987.0858 21
346026.2875 1
346096.9026 21
346252.8501 7
346329.0854 16
346357.8129 1
346481.2148 12
346652.9794 7
346814.2330 14
346979.1116 18
347127.1761 18
347288.1066 9
347450.2786 21
347492.1500 1
347677.7830 1
347795.3691 20
347880.1944 6
348107.7942 12
348193.9494 1
348317.6506 15
348378.5692 19
348545.9127 14
348687.6970 11
348856.5215 3
348892.5889 1
348953.0899 18
349132.7598 21
349270.8157 1
349413.3637 17
349436.5984 9
349552.2943 19
349608.4899 17
349752.8568 12
349786.2143 19
349856.4533 1
349985.8051 11
350045.3139 1
350187.6504 6
350400.4823 10
350420.8483 13
350532.2088 14
350718.4427 18
350745.4439 12
350810.1759 16
350980.0803 10
351042.8095 7
351151.3414 10
351347.2620 5
351560.0160 5
351762.1183 15
351814.6433 16
351993.5855 5
352059.9692 11
352152.8795 16
352222.5577 20
352290.8412 12
352388.2967 12
352438.0239 6
352555.0815 8
352620.8236 12
352693.4814 11
352797.2916 3
352952.7498 12
353016.6846 10
353185.7434 11
353269.4506 16
353304.1959 15
353323.0698 21
353407.7247 15
353495.9752 18
353682.8419 11
353851.6358 4
353973.3014 12
354024.7759 4
354159.7153 21
354323.4793 18
354502.2960 18
354622.1993 4
354687.1731 11
354850.5554 5
355040.2931 11
355156.2482 18
355237.3022 11
355348.0275 13
355380.4566 18
355474.6936 1
355620.6412 1
355762.2462 21
355904.0578 4
356086.4293 21
356202.3132 16
356240.1263 1
356353.7314 17
356462.4868 14
356608.2519 12
356715.2654 4
356818.4040 18
356980.4036 12
357046.3961 2
357256.1266 11
357281.0203 16
357485.1145 11
357572.8572 11
357745.1575 20
357820.9171 18
357842.8163 16
358044.6301 5
358172.1668 11
358267.6349 14
358352.6712 11
358450.7104 11
358487.9712 6
358599.6343 8
358749.0951 7
358900.4180 18
359093.5874 19
359188.8290 1
359301.1326 11
359372.8176 7
359444.2458 12
359552.3593 12
359622.5290 15
359778.6303 6
359926.3393 2
360019.8593 7
360104.4685 6
360309.9401 16
360492.4140 9
360613.8478 18
360778.9495 18
360907.3888 19
361054.9618 12
361085.1181 8
361315.8834 9
361490.6526 5
361652.0533 12
361671.3274 15
361693.1007 16
361748.6484 7
361778.0665 12
361972.7916 6
362070.9840 20
362201.4716 16
362317.4205 3
362384.2409 5
362548.5340 5
362682.0544 17
362700.7803 5
362807.9491 7
362925.0302 12
363084.6861 12
363254.9625 4
363396.7690 9
363440.9387 3
363624.4312 10
363734.2842 15
363935.1876 11
363971.6068 4
364054.7647 3
364222.2196 20
364366.1855 10
364426.6698 16
364578.9240 12
364757.7142 10
364783.4633 7
364969.1844 2
365073.7141 19
365189.4897 2
365389.7850 11
365553.4173 11
365579.7761 11
365727.0766 6
365803.3316 18
365964.9517 1
366038.2288 6
366238.7668 18
366350.7859 10
366548.5481 13
366678.7961 9
366863.5743 17
367053.4131 11
367237.5146 17
367263.7662 13
367332.8842 7
367452.0021 13
367647.8675 11
367762.3470 7
367840.7087 16
367917.3507 18
368113.5728 4
368287.9902 11
368320.9842 12
368419.9849 20
368488.4372 4
368688.3672 15
368877.6769 3
368957.6539 20
369011.2769 14
369112.2869 2
369256.3228 20
369456.4450 15
369611.5758 18
369735.2447 12
369897.7606 1
369973.2689 6
370188.4352 7
370335.2426 8
370404.3029 11
370572.7218 8
370673.4891 2
370771.3158 11
370931.8554 11
370966.8234 19
371036.9377 12
371143.4916 15
371193.7121 10
371301.3351 12
371450.8980 15
371516.7014 20
371595.7333 13
371790.3686 10
371975.2117 11
372168.0889 15
372237.6259 2
372406.2292 6
372584.9529 12
372699.5734 10
372920.0528 17
373081.9633 21
373180.4945 20
373212.2426 10
373439.8985 11
373633.2519 14
373696.1722 1
373737.5486 11
373908.6217 5
373984.2363 14
374211.8131 16
374307.9151 19
374491.9136 19
374654.5608 18
374830.6876 2
374926.5236 15
375097.8333 10
375220.9446 20
375337.7082 15
375360.2074 18
375533.9451 19
375676.3823 15
375828.3289 10
375939.3497 6
376004.6610 9
376146.3740 12
376339.4638 12
376493.4568 7
376696.3298 12
376733.9572 16
376766.1516 4
376890.5786 3
376926.0279 6
377029.4945 16
377199.9544 17
377330.0195 3
377473.1395 3
377669.6412 21
377849.2414 17
377924.3333 14
378135.7232 18
378270.9378 7
378419.9247 6
378520.8197 12
378564.1643 17
378740.7280 12
378892.9989 4
379012.0385 10
379198.3635 11
379354.3292 15
379398.9179 11
379438.5088 17
379560.4287 13
379689.6492 14
379896.8826 14
380054.2771 12
380149.0844 3
380350.6443 8
380481.9523 13
380589.9261 15
380646.3736 15
380814.0261 10
381030.1335 19
381181.6690 16
381224.9517 16
381342.7772 12
381465.4162 18
381535.6472 4
381659.6619 10
381825.9819 5
381976.0603 18
382071.2949 18
382192.7574 12
382334.7818 9
382448.5004 8
382601.4174 7
382663.2215 2
382876.0138 19
382978.2825 13
383005.4311 10
383119.7210 13
383325.7815 11
383497.0537 5
383619.0731 5
383787.5221 17
383855.4809 17
383875.1074 11
384034.9253 14
384171.1706 9
384239.9081 11
384410.2552 13
384609.1405 9
384635.4754 18
384727.5639 12
384767.6219 1
384903.9410 17
384954.5232 21
385034.0593 15
385153.6198 11
385196.4973 2
385401.7377 19
385432.8048 18
385535.5146 2
385653.6677 5
385819.6491 20
386014.8274 17
386170.3880 19
386250.7924 19
386296.2093 11
386349.0574 3
386408.2328 5
386522.5518 11
386563.3419 12
386732.8053 10
386754.7565 3
386862.6530 11
386998.2529 18
387153.7707 5
387318.4694 11
387393.1000 13
387452.9326 12
387599.4956 5
387787.0977 20
387844.7809 13
387914.6510 12
388079.0637 20
388241.0475 9
388438.7168 13
388470.2726 11
388598.8256 13
388739.2139 19
388939.1463 15
388961.8846 18
389080.9879 2
389283.3414 17
389471.5678 7
389668.8081 5
