2959
25768.3984 9
25897.4025 11
26008.9313 14
26117.1704 5
26253.6593 6
26343.6039 14
26468.6680 14
26529.0750 3
26664.4575 9
26752.0388 6
26830.7394 6
26976.4889 11
27104.4372 15
27125.2593 11
27234.3081 11
27256.0824 13
27441.8676 21
27628.8344 11
27701.2975 7
27832.0234 11
27869.6743 11
27914.4091 12
28024.2643 6
28221.7897 11
28356.1841 3
28452.5637 18
28563.9302 12
28607.8948 3
28676.7868 18
28843.3297 1
28905.0201 13
29008.1920 11
29118.0175 18
29263.9772 11
29300.2597 11
29457.7225 15
29483.1536 12
29649.1758 3
29717.0198 7
29838.2346 18
29872.3351 15
30029.6143 15
30118.4869 16
30275.0257 8
30499.1911 11
30693.0849 8
30773.3062 21
30832.8872 17
30878.0535 9
30898.7690 6
31032.9833 20
31143.4987 12
31304.2978 8
31438.9181 11
31590.0438 12
31683.7315 14
31802.1666 8
31921.1844 11
32120.6525 9
32194.3893 2
32314.2034 21
32427.5389 12
32490.7277 5
32670.0009 9
32728.3509 15
32803.8912 4
33047.6446 7
33073.7253 6
33199.1389 12
33263.2019 11
33453.5534 2
33568.5820 7
33667.2855 8
33736.5393 12
33904.9215 1
34091.5619 8
34220.7040 2
34336.3743 2
34414.4108 1
34468.1229 10
34621.2089 19
34789.8721 5
34971.7480 18
35115.2687 10
35270.0244 12
35325.9126 14
35521.1870 11
35697.8320 14
35861.9079 12
35963.3944 5
36123.7024 13
36174.6109 6
36392.6660 19
36462.4844 18
36502.5916 15
36688.6287 2
36921.2499 19
37117.6246 13
37316.4760 11
37476.8719 21
37640.9416 11
37842.6156 2
37946.5192 5
37978.0883 2
38173.8967 19
38329.5272 15
38457.5280 16
38501.3846 21
38605.8243 13
38653.7334 14
38700.8379 18
38768.3033 17
38922.4527 11
39121.6043 9
39184.1640 4
39252.9449 7
39378.7422 17
39486.0774 1
39616.9967 19
39740.3623 6
39806.0553 20
39993.3875 3
40035.8763 14
40163.7136 8
40278.6636 10
40447.0922 19
40588.0244 14
40823.3303 11
40928.9072 12
41115.8161 2
41320.9129 10
41557.8392 17
41682.8086 6
41773.9370 11
41804.1709 4
41879.5845 13
41987.5977 7
42033.7872 2
42158.5939 12
42330.1576 18
42389.8494 20
42439.8848 16
42562.2476 12
42664.9124 17
42829.8407 5
42896.6050 11
43025.8979 11
43120.9753 5
43270.9550 7
43344.2403 12
43523.5940 5
43658.9098 14
43756.7633 10
43994.9535 12
44129.0582 16
44166.9659 10
44338.5316 17
44529.9993 21
44723.6116 14
44788.5685 17
44900.1928 11
44947.2502 8
45146.5516 16
45262.2460 9
45400.7789 17
45582.9445 16
45729.5667 2
45901.1372 11
46019.8643 8
46180.9569 12
46373.9578 13
46584.4532 9
46609.8298 2
46841.8423 20
46865.5646 18
47045.9768 20
47209.4695 5
47252.7366 21
47316.3708 20
47466.3905 6
47672.7926 21
47711.6677 10
47837.3546 12
47920.3359 9
48000.9966 12
48153.7546 17
48187.6254 8
48352.5302 15
48438.4136 11
48499.7899 9
48601.2327 7
48709.3904 1
48822.1377 2
48953.5243 14
49179.4124 9
49265.7777 3
49343.6166 1
49451.0941 3
49627.4262 5
49802.8947 12
49867.8500 11
50042.4166 13
50117.7808 15
50240.8624 17
50385.7423 4
50466.7232 3
50616.2856 7
50676.9326 3
50767.3169 21
50860.7596 13
50891.4229 6
51114.8223 4
51356.2433 4
51489.7907 14
51707.2327 3
51869.1814 2
52080.2306 11
52228.5225 17
52285.8684 12
52413.5615 11
52461.7759 20
52617.1056 14
52814.8422 11
52846.4013 11
52913.6660 15
53038.4902 5
53127.6940 11
53233.4510 11
53256.7167 3
53361.6173 14
53440.2530 10
53562.5565 13
53755.5044 11
53800.1881 17
53974.6658 2
54039.1454 8
54220.1924 21
54315.3032 12
54513.3384 3
54673.8928 5
54711.2286 17
54900.5321 3
54987.0052 18
55042.9914 13
55248.4605 21
55355.2109 11
55405.5692 12
55480.9570 10
55538.3975 1
55680.8604 10
55783.1320 18
55920.8123 12
55940.2247 8
56011.3394 3
56191.6385 12
56292.0054 16
56382.0591 12
56471.6785 18
56590.4537 18
56790.0088 8
56968.3593 16
57164.9934 13
57299.6931 12
57358.7399 17
57406.7137 14
57598.6963 11
57796.6402 13
57903.1029 4
58003.6251 21
58127.0998 11
58286.4204 3
58432.0535 18
58588.5543 18
58713.9974 18
58798.1298 11
58960.6142 20
59141.3499 18
59192.8245 1
59366.3079 1
59542.8158 11
59715.0740 12
59860.1188 11
60040.4622 2
60262.8438 18
60344.9944 18
60390.4434 11
60477.7434 2
60654.6456 18
60699.5013 7
60758.4630 12
60839.3060 6
60977.7520 15
61102.4560 9
61217.7214 14
61439.8680 21
61564.7733 4
61736.8910 12
61811.6137 14
61921.7642 10
62000.4380 19
62072.2632 15
62249.7550 6
62419.3573 3
62539.1014 1
62647.2056 9
62711.9131 11
62883.8517 15
63042.2414 21
63197.9545 11
63332.4649 11
63391.3435 12
63529.2203 2
63653.7863 5
63701.3991 2
63844.2084 7
63880.5972 6
64022.3617 16
64109.9557 11
64224.5026 17
64327.2925 20
64425.0485 16
64603.0143 1
64690.2044 11
64741.2422 5
64850.5627 6
64935.1511 4
65084.9457 11
65243.8011 17
65299.8533 18
65454.3129 6
65669.5550 11
65833.2854 13
66030.9048 14
66166.5861 20
66356.3617 9
66439.1496 10
66611.9619 11
66634.2736 21
66752.0453 12
66851.8778 17
67031.9602 16
67091.1361 6
67199.0264 20
67235.3007 18
67357.3581 14
67550.5832 1
67759.4775 4
67837.2322 10
67882.1249 7
68051.1649 2
68304.9286 21
68439.7381 6
68677.9039 15
68814.1806 7
69003.3215 5
69101.3484 15
69224.4801 12
69275.5487 1
69475.6360 20
69502.8927 20
69647.4275 6
69802.2911 19
69987.2046 11
70089.6049 12
70275.4070 11
70417.6293 1
70574.0767 2
70784.7154 15
70870.5457 18
70985.8274 18
71134.1846 10
71307.7741 4
71515.0759 12
71555.3151 11
71639.6978 2
71821.9701 2
71972.9150 11
72158.6153 19
72274.5657 18
72387.4999 13
72583.7644 11
72688.2223 13
72741.1454 14
72929.6704 12
73108.4874 12
73129.9174 12
73199.7948 19
73287.6770 18
73323.5695 11
73391.6701 14
73436.8368 6
73624.8305 6
73742.7912 12
73767.4519 18
73915.7803 18
73949.9079 18
74036.9378 1
74146.0407 5
74217.7654 10
74397.2302 12
74573.2202 4
74716.6376 19
74872.0849 6
75017.2031 15
75134.0853 4
75225.2117 16
75414.2295 2
75663.6867 18
75772.3512 21
75884.7152 15
76027.0304 12
76063.3179 14
76109.0792 9
76195.8172 11
76314.7598 16
76454.1384 14
76634.9979 21
76770.2052 21
76794.5718 16
76836.1283 11
76947.7696 11
77065.6030 16
77230.4936 2
77386.9712 8
77616.8974 9
77708.8107 8
77861.8861 12
77901.6043 19
77985.3732 16
78149.2451 20
78346.8683 4
78489.8447 11
78520.2727 3
78677.6968 15
78855.1692 9
78875.5710 20
78916.1314 18
79109.6492 19
79260.2263 8
79309.6509 11
79392.4452 19
79510.2510 20
79693.7950 5
79812.6922 19
79993.0729 13
80127.0793 18
80241.0067 13
80363.8308 18
80493.4098 18
80563.4496 12
80594.2573 21
80646.9041 15
80826.7350 15
80866.8259 18
80962.6464 16
81059.4118 11
81085.5023 1
81209.4347 4
81403.2088 11
81560.4670 13
81762.5849 8
81862.3957 7
81934.1023 5
82039.8936 18
82061.0472 21
82178.9388 12
82381.8640 9
82400.8945 7
82578.7913 19
82763.6919 5
82839.5098 16
82896.8950 12
83074.4232 1
83134.2161 17
83297.5901 20
83426.2984 14
83579.4547 20
83687.7903 12
83711.1264 3
83865.3377 8
83943.1697 6
84190.2645 6
84246.5832 7
84425.3600 9
84480.6331 5
84640.4489 16
84708.3257 16
84863.2487 1
84904.8634 9
84942.1630 7
84995.8898 21
85024.4931 11
85080.7597 10
85181.0756 5
85238.9741 12
85293.0972 21
85351.1407 7
85525.2304 18
85581.2104 6
85791.4882 19
85912.4071 17
85937.3011 12
86064.0704 16
86219.8271 18
86288.3546 9
86401.8626 1
86598.0927 11
86748.1635 18
86918.7378 8
87045.5707 18
87085.6981 5
87140.7435 11
87316.6219 1
87373.9291 12
87540.5763 9
87738.9162 15
87882.3358 19
87913.8458 15
88010.8564 3
88148.3976 21
88316.6344 11
88439.6417 5
88555.9887 16
88662.9323 6
88771.4980 15
88944.8650 13
89154.1059 17
89276.1408 9
89328.2196 18
89352.4642 2
89545.2935 14
89691.5941 12
89733.5681 16
89757.1516 14
89886.4675 8
89974.5034 15
90168.9577 7
90218.5261 5
90360.6139 11
90480.2119 15
90679.9200 7
90849.6787 13
91060.2447 17
91249.7412 18
91353.7849 3
91554.4807 12
91664.6362 18
91749.2111 5
91812.9766 21
91938.1685 12
92141.5186 7
92205.4498 6
92348.4063 11
92421.9066 5
92601.3462 2
92771.5801 2
93016.6008 14
93112.6299 4
93189.1357 15
93351.9622 20
93516.8842 20
93571.8202 4
93756.7206 18
93842.3316 5
94003.6552 10
94226.1958 12
94328.7670 1
94428.3135 8
94591.7276 18
94768.6198 20
94801.6578 18
94895.2676 5
94946.7646 12
95005.2094 2
95261.8186 5
95453.2568 20
95651.6395 18
95817.5852 12
95857.7034 6
95926.5182 11
96003.5076 6
96178.9636 14
96277.7136 8
96430.0227 4
96561.5786 10
96763.6604 18
96954.8643 18
97003.1602 19
97206.9018 16
97289.0720 19
97372.1538 11
97468.0811 18
97549.0788 18
97621.6231 11
97767.9109 1
97908.3838 1
98088.1789 8
98140.0481 18
98272.7673 18
98338.6076 6
98447.6338 7
98468.9804 11
98540.9682 1
98741.9871 16
98827.9061 13
98869.6206 8
99063.1327 21
99134.5136 14
99323.0783 13
99461.0510 21
99619.8909 16
99806.1190 21
99956.8818 12
100013.1749 16
100109.7699 18
100145.5765 6
100237.3934 16
100337.6938 19
100420.1689 10
100597.0572 1
100675.5855 12
100825.6192 11
100852.9814 2
101011.4967 18
101045.0562 10
101265.7458 1
101445.3775 15
101465.2752 12
101582.6862 5
101621.7606 18
101709.1159 15
101815.5928 16
101859.9662 20
102058.3980 16
102262.0205 2
102401.1517 1
102544.9315 11
102667.7293 11
102752.0550 21
102838.4771 3
102935.2624 16
103110.6188 11
103149.8701 15
103240.8162 16
103422.2519 12
103596.6304 20
103665.0868 17
103713.1546 5
103748.3315 12
103803.8198 16
103886.2980 9
104056.2882 9
104240.5560 21
104436.8439 9
104467.1225 14
104556.6773 19
104757.2513 18
104926.2763 13
105077.6812 4
105202.4131 17
105280.1485 12
105303.4851 8
105525.8680 19
105687.8651 8
105910.0782 20
106027.6732 11
106218.6183 12
106356.9169 15
106468.3729 15
106588.9915 3
106772.2862 16
106966.4126 15
107093.3664 11
107197.9505 12
107259.4167 12
107283.8851 14
107357.9384 1
107463.1220 17
107518.8795 18
107671.6764 4
107772.9242 10
107837.4927 8
108070.2617 18
108268.3818 8
108423.7840 6
108591.8662 14
108799.7887 12
108846.5564 13
108906.0729 3
109032.3845 21
109102.8874 14
109189.4988 19
109332.3834 6
109540.2726 16
109675.6856 2
109839.7315 20
109974.7710 7
110007.5468 13
110135.5840 9
110299.2350 11
110415.5201 18
110601.0605 7
110701.3925 12
110803.6363 7
110886.1349 14
111095.4702 21
111213.6073 16
111269.1674 14
111319.0492 16
111521.8093 16
111708.2529 9
111827.4826 7
111917.0919 18
111980.1671 16
112098.5593 4
112296.8298 12
112335.8080 13
112412.6265 3
112521.3942 5
112727.7988 13
112937.1525 12
113015.0435 12
113210.5770 7
113361.4895 18
113390.7814 11
113566.3690 15
113674.8374 16
113860.7101 8
113881.1402 16
113999.8968 5
114204.4133 18
114301.4810 4
114417.9454 11
114550.2438 5
114601.8661 21
114641.7144 7
114779.5007 9
114843.6626 4
115043.9649 18
115164.0463 2
115240.9468 2
115377.0131 12
115452.8539 9
115572.9474 5
115728.2541 14
115830.2563 1
115926.3979 3
116104.1062 2
116272.8411 18
116324.7723 18
116418.2959 20
116605.3197 18
116725.0635 21
116923.5609 20
116958.0889 12
117042.8312 11
117181.6489 14
117372.1259 5
117402.0542 1
117435.5743 12
117563.8985 18
117627.3903 11
117794.1278 15
117992.8008 19
118193.3447 21
118222.7331 11
118253.8712 19
118394.8067 20
118484.6995 13
118591.6746 11
118792.4614 9
118856.2734 5
118966.7941 8
119160.7434 15
119350.3759 20
119369.6897 12
119434.3979 12
119491.4602 11
119596.1014 13
119658.5915 8
119840.8369 13
119869.1324 16
120063.1152 12
120092.5962 7
120258.5828 8
120431.7195 19
120569.9140 9
120656.2234 4
120805.0705 5
120932.3485 1
121111.8344 17
121132.6626 11
121224.6249 6
121447.7427 12
121553.3289 8
121672.7707 13
121700.8390 18
121829.7714 5
121890.1398 18
121914.9064 8
122076.5187 14
122239.0821 9
122336.5633 6
122467.0879 12
122622.4236 2
122747.3426 1
122819.2668 1
122907.4118 12
122971.2716 12
123173.6190 12
123249.5659 15
123445.7097 17
123474.5721 7
123527.7031 18
123626.0125 18
123757.4557 15
123938.3583 16
124017.0863 9
124121.6654 13
124292.9240 12
124418.2813 5
124504.8296 7
124706.2564 7
124771.5930 16
124858.8917 4
125009.3427 18
125048.6904 21
125135.5738 15
125294.8972 14
125526.3319 12
125599.8919 18
125639.5566 6
125755.4186 18
125776.5765 7
125865.0881 11
126040.4906 6
126183.8983 8
126334.1168 18
126529.5822 18
126622.5843 8
126713.6110 7
126751.7494 7
126918.7560 1
127008.7024 2
127160.2779 17
127234.9626 12
127377.8180 11
127481.3268 8
127684.3584 18
127825.5737 19
127906.4404 12
128034.8819 20
128102.3407 6
128283.8650 20
128374.2735 11
128442.9295 9
128584.1334 3
128793.8558 15
128900.8854 1
128996.7513 13
129148.7937 3
129273.6015 9
129370.4581 12
129534.9389 12
129659.9497 1
129873.0130 1
129921.0260 11
130056.3590 11
130258.8249 15
130442.3382 4
130589.9605 3
130732.6320 20
130799.1636 1
130927.7165 6
131123.0014 3
131227.3979 5
131273.5377 13
131451.5434 2
131613.4380 4
131736.8667 2
131980.8124 4
132124.4468 5
132158.5025 2
132311.7270 3
132445.1035 9
132604.5926 3
132765.6317 12
132875.9384 2
133065.3807 21
133180.3073 18
133312.3749 8
133406.0713 13
133607.5748 12
133780.2280 1
133990.0633 11
134129.8953 18
134216.3600 12
134254.0361 11
134432.0103 21
134615.8852 19
134706.8274 18
134875.0124 9
134934.0525 12
135089.8568 13
135216.0176 20
135317.3787 4
135533.5942 21
135706.8028 4
135869.6805 13
135904.9138 12
136023.1744 4
136235.5437 16
136372.4309 21
136447.5282 2
136614.8718 18
136753.8307 12
136922.3751 2
137028.7028 18
137124.8264 7
137174.9327 9
137358.0382 16
137495.7928 8
137673.8023 3
137724.1343 19
137850.5922 14
137892.8514 15
138032.2492 2
138195.7960 11
138218.8942 4
138361.4310 20
138407.4407 13
138506.5079 18
138603.7764 17
138695.3881 12
138814.0439 12
138907.9810 9
139083.2474 10
139197.3400 12
139301.2489 11
139466.5529 13
139660.5968 7
139681.4208 18
139787.5702 12
139834.9995 7
140004.4574 18
140035.2975 13
140125.1767 19
140201.9629 11
140284.9784 15
140326.4651 11
140520.7627 6
140723.0696 2
140968.6212 18
141028.1289 6
141182.7796 6
141267.9575 14
141409.6446 12
141520.8417 12
141694.2817 12
141746.3561 11
141827.0659 8
141963.9215 11
142127.8761 18
142290.3754 1
142400.7732 5
142586.0163 6
142808.2443 11
142985.0193 11
143033.5711 11
143062.4333 17
143236.6872 14
143387.2687 12
143495.8035 20
143532.0714 16
143608.9966 18
143636.8308 18
143814.6225 7
143857.4740 15
144029.9892 4
144245.7050 13
144397.0422 4
144603.5463 20
144690.3554 8
144902.3749 7
144923.9598 10
145100.3125 17
145230.7558 1
145345.8261 15
145415.1960 12
145609.3549 17
145799.3872 3
145981.9529 8
146045.7917 4
146185.7507 5
146228.4206 16
146301.9610 12
146397.4702 18
146541.6361 12
146615.2725 18
146815.1144 18
146957.1528 2
147096.4547 15
147214.7244 19
147299.5732 9
147388.8323 9
147587.3247 5
147752.1870 11
147811.7140 8
147971.6854 9
148014.7284 17
148100.5026 11
148227.5733 12
148279.7741 2
148415.7807 19
148604.4248 10
148747.1107 14
148880.4952 12
148927.6357 15
148968.0304 13
149027.4360 15
149222.3195 13
149308.6146 9
149496.4467 11
149676.2558 2
149792.6726 16
149990.0223 12
150135.4307 11
150217.5710 2
150385.0654 3
150546.5736 12
150584.8873 10
150700.4228 8
150888.3819 9
151070.2290 14
151236.4082 21
151387.3936 11
151544.3647 8
151714.4329 6
151951.5279 12
152084.4117 18
152119.1421 12
152297.4340 4
152445.6160 12
152645.5788 11
152822.5618 17
152978.3176 21
153017.7976 16
153041.9352 13
153086.6283 20
153260.6997 11
153371.1058 14
153570.5256 21
153758.2675 21
153878.4058 3
154051.9326 18
154215.9891 12
154404.6759 10
154628.5069 15
154773.2678 13
154809.9543 13
154990.5119 11
155080.8899 11
155273.2572 14
155361.7334 11
155430.4037 3
155548.8420 15
155699.6790 11
155777.3408 6
155881.0397 13
155953.3914 15
156065.5778 3
156264.7376 15
156430.7297 2
156527.6323 6
156696.8784 10
156876.2505 6
156924.2721 7
156986.5727 19
157066.8057 18
157171.3757 18
157226.2627 8
157285.1135 11
157415.9444 6
157578.7774 18
157759.6441 9
157854.5638 2
158041.9845 10
158131.6543 19
158194.3683 7
158284.5690 12
158389.5549 11
158571.6201 11
158593.0897 8
158816.2929 21
158917.2338 4
159146.1494 16
159173.5366 9
159363.2169 8
159565.4503 9
159706.6472 16
159866.6401 13
159988.9318 1
160073.1986 18
160103.7221 15
160224.1636 20
160359.6248 5
160512.8660 14
160587.5806 15
160687.2078 18
160754.6949 6
160813.3501 20
160880.1825 11
161013.3322 15
161126.7781 11
161288.0046 5
161499.2201 4
161713.6127 18
161859.5136 6
162008.3139 1
162180.1081 15
162324.4748 21
162450.4511 12
162602.3505 5
162740.8933 15
162853.6777 19
163057.4799 3
163174.8884 11
163220.0059 4
163335.5489 10
163496.3891 18
163634.8627 16
163799.6677 19
163959.1586 15
163991.3335 9
164097.9485 1
164134.1213 7
164164.0783 9
164309.3784 20
164425.1535 21
164601.7177 6
164786.2214 18
164930.7411 12
165112.3843 10
165232.4585 11
165330.6714 17
165413.5661 18
165490.5969 15
165562.3380 12
165678.9932 15
165832.4129 12
165997.2617 8
166095.2922 12
166185.2194 11
166326.7550 21
166527.6111 3
166715.5596 8
166925.2818 3
166996.9604 17
167130.1410 11
167259.7470 20
167426.6253 6
167528.6898 18
167666.5318 14
167856.9450 17
167896.1366 11
168035.5191 7
168225.5105 9
168244.9076 18
168384.1450 18
168520.7778 20
168659.5056 9
168756.3390 5
168813.2742 10
168996.5944 2
169132.3621 4
169375.2596 9
169475.4144 18
169651.1448 14
169775.1451 12
169858.4970 21
169958.9957 19
170021.4436 19
170073.8425 11
170134.5902 6
170186.7327 9
170305.0157 6
170470.1584 16
170585.3293 1
170781.8109 7
170973.9089 11
171120.4368 12
171209.5045 11
171361.5087 20
171492.4218 21
171696.9715 14
171907.7152 10
172016.8205 3
172178.6174 15
172246.7594 5
172409.6748 21
172448.5753 12
172558.7423 9
172603.3950 11
172652.7276 13
172755.3998 12
172890.5795 14
173013.1055 21
173190.9220 5
173231.6319 2
173353.7230 21
173553.0748 8
173725.0964 7
173772.1161 12
173966.1782 12
174166.0168 12
174327.6412 3
174436.7267 1
174554.5263 4
174739.8579 10
174923.2947 11
174976.8808 18
175109.8214 19
175163.5996 20
175278.8674 4
175471.4760 9
175502.1259 11
175553.1535 3
175728.1470 1
175807.3319 10
175914.5599 1
176030.5761 14
176262.3089 21
176388.9604 18
176503.7817 16
176641.7057 18
176715.8372 15
176841.7731 12
177007.0950 10
177126.3145 17
177261.5669 10
177350.1399 19
177544.8525 11
177629.3908 16
177822.9544 8
177929.8010 18
177965.7960 11
178071.1667 11
178185.5382 15
178341.3305 11
178498.1607 15
178607.6227 14
178708.8483 15
178860.1596 3
178908.7954 5
179002.1421 16
179078.2787 10
179124.7957 15
179232.9729 11
179335.7119 12
179501.0870 13
179563.6864 16
179601.6883 11
179711.9295 11
179784.6940 7
179956.8958 19
180154.7879 4
180390.9999 11
180508.5601 13
180712.1475 7
180746.8186 21
180877.2708 12
181042.0470 14
181244.1683 8
181361.5224 13
181563.6564 20
181743.7675 16
181902.8638 19
182001.6314 11
182205.5368 14
182381.7047 14
182471.2395 11
182501.5017 21
182660.8786 13
182838.0787 16
182941.0476 11
183025.4257 5
183153.8265 9
183172.2169 19
183229.5346 18
183265.7814 8
183420.9918 21
183524.5231 4
183730.0026 11
183834.7055 12
183953.1068 7
183985.2092 1
184048.9608 5
184111.3738 1
184201.3479 2
184318.7670 12
184436.5871 9
184598.1505 13
184761.4158 17
184877.9319 1
185074.5424 17
185277.8417 7
185330.3735 18
185418.2389 20
185541.2491 11
185564.7019 11
185629.3723 18
185681.5852 20
185794.8330 17
185849.7818 11
185971.5216 3
186151.2447 18
186352.5291 15
186415.1878 12
186440.8388 4
186690.3494 13
186861.0939 3
186909.8457 15
186958.9859 20
187102.9618 20
187193.8543 12
187390.2063 11
187544.5171 9
187692.9646 20
187795.2499 10
187867.2726 17
188068.8186 3
188231.3521 21
188427.9738 16
188525.7229 1
188559.0087 18
188761.1668 17
188817.5476 4
188890.0052 16
189093.9470 9
189275.3336 15
189380.6492 14
189561.0733 12
189674.2569 18
189712.6549 17
189797.1081 12
189823.0328 17
189849.7714 7
190014.9879 13
190044.5675 17
190133.4210 2
190328.5859 6
190466.9832 15
190633.3863 14
190745.4023 20
190830.4270 5
190905.4892 11
190931.6528 17
191047.8649 11
191144.5999 11
191206.0371 3
191346.0207 3
191544.3615 17
191645.5567 18
191780.7627 12
191820.4246 1
191939.7569 18
192137.5291 3
192180.8667 17
192274.8580 9
192327.1894 15
192476.7859 19
192540.3398 11
192729.0561 15
192784.4559 18
192895.8243 11
192930.0120 9
193081.4190 7
193154.0492 17
193232.7092 11
193375.6413 10
193597.4359 4
193664.2689 7
193782.1555 11
193812.3196 18
193854.2052 8
193934.5359 9
194094.4354 11
194192.1028 1
194319.5465 18
194441.8760 5
194638.3171 7
194708.8488 11
194820.4906 1
194930.8327 16
195066.7052 11
195252.7113 6
195303.7322 15
195402.5377 15
195481.0088 1
195594.2136 12
195630.6189 11
195716.2800 2
195815.2036 9
195848.5109 13
195974.0138 6
196024.9602 19
196084.5575 2
196333.5575 8
196398.1184 1
196500.4369 1
196672.7963 3
196846.1308 14
197030.9472 16
197089.7194 10
197195.6773 11
197360.9665 6
197502.0493 6
197549.0519 15
197709.4625 3
197804.8360 11
197990.3927 12
198063.1142 18
198090.1706 12
198200.9346 14
198252.6231 19
198290.2771 13
198365.5230 8
198572.1818 18
198758.6635 16
198803.2969 6
199037.2481 15
199202.0963 19
199355.8987 3
199509.1888 18
199674.9760 4
199728.8874 18
199769.4663 4
199977.0441 6
200176.4932 17
200235.6265 14
200437.9465 21
200524.7537 18
200678.8835 12
200821.1293 21
200929.8436 16
201023.8345 1
201123.6712 4
201308.9289 12
201448.0636 11
201634.3779 9
201813.0584 19
201887.8474 17
201931.5932 10
202073.8748 6
202258.0278 12
202405.3580 19
202513.7736 1
202642.8535 11
202830.6074 18
202949.1378 2
203167.5031 12
203318.7386 3
203481.8792 19
203667.5673 21
203823.0581 18
203907.1476 16
204071.9060 18
204181.8559 16
204314.9877 11
204456.9828 16
204594.6020 14
204756.9696 18
204933.5288 3
205043.5997 7
205223.0416 3
205389.5898 12
205502.9272 12
205550.1217 18
205737.4822 12
205803.2257 7
205919.9904 4
205995.6456 12
206136.6989 11
206184.3279 13
206247.3018 11
206289.1252 21
206440.5019 6
206666.7352 14
206851.7759 11
206982.0938 5
207116.4706 9
207208.9819 8
207363.4351 20
207503.4278 12
207523.3911 11
207721.9082 12
207904.1864 12
207935.5493 18
207992.1312 18
208181.5080 11
208288.8341 4
208362.0840 14
208432.8059 12
208563.4028 21
208724.3800 3
208792.6440 12
208907.6079 14
209049.9270 15
209211.5579 14
209312.5273 14
209422.2198 11
209552.8753 3
209743.7952 11
209812.0606 2
210022.9251 11
210179.1505 9
210314.7378 10
210489.7156 21
210660.0321 4
210755.8260 9
210809.7054 21
210860.4843 5
210933.1483 20
211032.3705 15
211193.2425 8
211410.3686 8
211619.2773 9
211762.3426 4
211870.9313 10
212049.0168 10
212137.9246 3
212339.9671 12
212364.5168 12
212487.8773 12
212511.8028 15
212648.4485 6
212785.0567 20
212839.3036 11
212872.0344 1
213011.2795 15
213146.8949 15
213206.4629 4
213420.3244 20
213557.7677 21
213707.2743 15
213863.6740 17
213921.6608 7
213952.6537 13
214059.2396 21
214083.1101 13
214226.5127 8
214402.4997 7
214460.1005 11
214481.7379 11
214522.3781 14
214683.0807 18
214799.1034 12
214819.1784 7
215013.4186 15
215079.1177 12
215160.4489 11
215313.7723 6
215421.8437 15
215591.9663 1
215796.1674 7
215998.3876 11
216057.9416 15
216171.6174 14
216245.8576 4
216381.8372 7
216466.3192 6
216600.2665 11
216803.5951 12
216923.0707 14
217135.5434 11
217183.2780 11
217322.4003 12
217499.6376 13
217590.5789 11
217789.4043 19
217821.3712 16
217858.0372 21
218058.6446 17
218225.9151 20
218277.5955 20
218463.2717 21
218517.4248 13
218578.4278 11
218700.8674 18
218841.3469 6
218993.0745 7
219028.3696 10
219229.9272 11
219316.8864 3
219481.3803 5
219692.0246 11
219721.4721 12
219807.5902 6
219917.7056 15
220104.0480 14
220284.4831 17
220407.1256 21
220593.1263 20
220786.9374 2
221022.4304 2
221205.6287 2
221329.2885 15
221430.9578 3
221498.1531 3
221691.1479 12
221867.0649 8
222046.6785 13
222181.8127 15
222298.7716 10
222340.4689 2
222547.1778 14
222772.6410 15
222949.5475 13
223106.7252 19
223153.8120 10
223371.8190 6
223586.9657 16
223693.0633 21
223737.9559 18
223795.9397 6
223962.4136 17
224027.2016 3
224118.1235 17
224220.9650 9
224379.7794 9
224565.7772 18
224767.0882 14
224987.4355 10
225129.4488 1
225173.8726 18
225354.7783 16
225397.7321 13
225448.7935 10
225680.5365 6
225881.3920 10
225936.9241 11
226038.5396 12
226125.9159 11
226188.1181 15
226239.5382 18
226330.9174 17
226444.0996 18
226561.2344 14
226672.1383 11
226749.6456 15
226920.2630 15
227101.6575 18
227167.3856 12
227260.3581 11
227315.3464 6
227509.1488 12
227604.9356 12
227647.1953 12
227828.4162 6
228047.0984 10
228171.1864 16
228276.5254 11
228366.5271 10
228539.7878 1
228621.1172 16
228777.4186 15
228830.9107 11
228946.6787 7
229023.7157 19
229115.7548 1
229304.5535 21
229419.9156 11
229584.3036 11
229608.9309 6
229744.0837 1
229801.5948 18
229825.1950 11
230006.1676 21
230109.1139 11
230191.5002 13
230287.2438 3
230493.9132 11
230580.0392 17
230683.5841 17
230787.0960 12
230965.4062 12
231132.5301 7
231168.0061 4
231369.3205 18
231449.1835 1
231560.8687 5
231714.0555 4
231824.4886 12
231963.2400 10
231982.8736 15
232120.0884 12
232224.0192 14
232382.1149 20
232528.9495 12
232550.9053 14
232724.4300 3
232905.4130 11
233000.3305 21
233146.1934 4
233356.2255 12
233394.3426 18
233578.0295 11
233675.2184 18
233719.7365 15
233750.0039 5
233874.2411 3
233950.0542 19
234085.1309 7
234259.3179 1
234469.5437 5
234644.6590 11
234724.1002 11
234758.5885 20
234904.0063 15
234968.7587 3
235057.8592 19
235203.9812 12
235354.0350 18
235425.2105 12
235517.3547 11
235554.0299 7
235617.8675 1
235756.2428 7
235811.2599 17
235973.8436 11
236135.3242 20
236278.5804 6
236426.5568 6
236625.8813 20
236695.8694 20
236793.7806 2
236955.5619 16
237025.6979 11
237058.9436 20
237126.5661 3
237253.7920 11
237282.0245 13
237381.8022 11
237476.7403 10
237552.8066 16
237693.3861 11
237785.5561 18
237981.2257 12
238148.1212 16
238340.4512 13
238534.3658 13
238650.9305 20
238817.7450 20
238909.6674 4
238987.4205 11
239029.1020 8
239112.9445 14
239334.1233 6
239446.9580 15
239605.3103 20
239649.2644 15
239833.7395 7
239934.7234 7
240109.7300 7
240191.9725 12
240330.7355 7
240391.1910 12
240474.9415 14
240588.0654 13
240742.3217 19
240806.7686 11
241002.0787 21
241115.4880 19
241188.4209 21
241252.9280 9
241278.3905 8
241382.3246 5
241574.8019 12
241716.9939 11
241877.8106 11
241925.6223 12
242119.2901 11
242140.7554 21
242202.9466 9
242354.0000 7
242400.7638 16
242578.6876 16
242670.9684 5
242855.5527 1
243030.0848 16
243149.3950 11
243292.3413 6
243441.9013 21
243468.1132 20
243510.7359 18
243651.8057 17
243821.4550 21
243873.2400 15
243948.8446 2
244104.9273 14
244191.0186 9
244212.1150 21
244414.3076 14
244637.6703 16
244664.9181 18
244760.7395 6
244910.2539 11
244937.1453 15
245057.8835 6
245294.6152 19
245420.3222 4
245510.2917 19
245653.7606 10
245735.1308 11
245836.1193 4
245969.1748 1
246186.5627 11
246279.5220 15
246336.2241 18
246391.0278 21
246503.6027 1
246718.5491 17
246747.3789 5
246791.2753 10
246817.8466 11
246968.3186 17
246988.6238 16
247039.3226 18
247187.6629 14
247336.2473 17
247392.4238 14
247448.2352 10
247528.8278 13
247702.1810 1
247898.5339 1
247992.1987 11
248128.3817 13
248301.1295 19
248416.6839 21
248539.5416 15
248729.1335 8
248815.3343 17
248887.0755 10
248992.0962 17
249100.0413 11
249165.6879 16
249238.3012 16
249404.3057 5
249502.1086 3
249633.5492 2
249696.6498 9
249771.9954 12
249794.4523 9
249848.2105 9
249910.3914 20
250035.2597 11
250059.4791 18
250163.9227 19
250364.2661 18
250423.2540 2
250627.6749 2
250727.7897 5
250920.3568 14
251125.6002 9
251155.3368 7
251250.1881 12
251372.6586 11
251446.0684 9
251591.3745 12
251636.5120 3
251818.1091 4
252042.5777 17
252095.9419 15
252134.5381 20
252324.2606 17
252348.4807 9
252477.2318 20
252605.4078 2
252734.1156 12
252936.8262 9
253059.9890 7
253208.0504 19
253375.3096 11
253511.0122 9
253624.1997 4
253730.8807 14
253802.9586 11
253998.0464 11
254040.6658 12
254104.9970 9
254267.7433 12
254396.8082 19
254491.8522 11
254635.6441 4
254779.4855 13
254982.3719 9
255067.1586 3
255181.4598 3
255334.5274 11
255438.1963 1
255495.8434 18
255651.5455 6
255781.2947 1
255825.7316 11
256021.8765 2
256107.7278 12
256137.4950 2
256264.1401 18
256378.6481 5
256565.8103 4
256768.2707 21
256871.1067 6
257095.6083 19
257165.1663 12
257262.1607 19
257459.9574 13
257559.6996 10
257654.9473 11
257820.2176 12
257918.7866 3
258091.6910 5
258296.8843 21
258454.0355 7
258488.8131 9
258617.7075 18
258807.3741 20
258942.1089 3
259025.6821 19
259070.7913 18
259160.8626 16
259257.2605 3
259429.0390 18
259453.9154 15
259477.8808 1
259614.9745 20
259690.1726 8
259775.1982 20
259886.9009 21
260015.1059 19
260195.8770 18
260288.6548 2
260479.8342 8
260609.7794 20
260628.2634 13
260695.1356 5
260725.3858 5
260838.7363 3
260945.2840 3
261157.4612 12
261251.3606 12
261426.7831 17
261455.7664 11
261502.8263 11
261644.9788 15
261746.6243 3
261818.3586 13
261902.5377 16
262080.5354 6
262229.5977 14
262372.9134 17
262495.5797 6
262733.9140 14
262876.1168 17
263065.4974 12
263259.2961 15
263385.4413 11
263504.4296 18
263544.8581 11
263664.8581 14
263811.5527 16
264010.5471 8
264063.8392 9
264145.2830 17
264319.1948 11
264444.4978 6
264658.4969 3
264784.3786 5
264932.0982 14
265089.1077 6
265248.2110 5
265327.8735 11
265514.6465 6
265714.5139 10
265909.0503 20
265954.4326 9
266077.0258 12
266098.2417 19
266195.2042 16
266344.6482 3
266503.4157 12
266572.5743 1
266686.4739 11
266718.3001 9
266764.4772 14
266973.5895 11
267117.8229 19
267175.3997 20
267255.6684 13
267369.5645 2
267476.6830 10
267648.3563 1
267840.0775 1
267884.3691 18
267945.8123 10
268154.4019 11
268320.9302 10
268520.6543 16
268625.8624 12
268674.9168 16
268795.7481 3
268889.8379 12
268984.9320 18
269109.1916 18
269130.6161 21
269161.3780 21
269344.5344 11
269453.5230 5
269577.8681 19
269632.6266 12
269825.0142 9
270016.0095 14
270220.3720 11
270362.9718 11
270544.7352 14
270740.8591 13
270930.4343 19
270973.7536 11
271146.3449 7
271204.1865 14
271426.5445 2
271523.1976 16
271705.6414 12
271873.6743 14
271930.2450 14
271977.4958 3
272171.3927 19
272375.0286 11
272511.6508 16
272697.8773 20
272756.3797 17
272825.6795 20
273000.4965 7
273110.6677 12
273179.8789 15
273336.7224 17
273359.6616 11
273443.1840 14
273665.8663 7
273806.6510 16
273960.0765 12
274064.2663 11
274141.8123 3
274285.8707 11
274480.3510 18
274509.2813 12
274598.1834 15
274657.0039 2
274863.0506 17
275001.9133 12
275042.0199 20
275228.6981 6
275366.8203 6
275492.8937 11
275578.4273 9
275637.0398 18
275742.7156 10
275935.1618 15
276117.6806 18
276318.7132 3
276524.1203 12
276606.9457 1
276755.5988 11
276957.6732 11
277007.6017 16
277095.8253 13
277184.5198 5
277285.8741 21
277403.8954 18
277495.5776 5
277692.0186 10
277798.8063 11
277877.5160 18
277909.1364 7
277979.5312 7
278051.5707 11
278074.7896 2
278237.0396 5
278286.7027 18
278338.2759 18
278513.8242 5
278600.5604 13
278640.2749 12
278719.8327 14
278845.1832 20
278868.1415 4
279099.1834 5
279262.6021 14
279469.7329 16
279607.0225 17
279687.3892 5
279779.7805 18
279875.2662 20
280000.1432 18
280061.4977 9
280205.3147 11
280290.2293 17
280371.6045 14
280474.0934 11
280594.8448 11
280651.7948 12
280736.8026 18
280884.4344 2
280984.8477 18
281098.3806 20
281174.7810 11
281330.5749 17
281458.3159 15
281614.4322 18
281755.9388 20
281798.7800 21
281900.8746 21
281944.5399 10
282165.8601 12
282310.7088 11
282345.1883 19
282515.4637 15
282684.4721 12
282861.5001 11
282965.0785 17
283054.0462 8
283200.9373 9
283392.8928 20
283435.2777 12
283545.3502 11
283740.7236 16
283818.4231 7
283912.0363 8
283972.5490 3
284122.7749 17
284247.9309 1
284316.4441 16
284520.0788 21
284555.1823 6
284638.0521 20
284692.5679 18
284727.2271 20
284812.7889 13
284906.8665 11
285009.8858 8
285160.7667 6
285355.9678 21
285460.1080 19
285569.6453 20
285720.2550 6
285911.2361 2
286101.7026 12
286151.9529 3
286211.4685 5
286340.6124 21
286422.0576 3
286492.8897 9
286668.4035 6
286771.1099 2
287008.1582 1
287098.7334 18
287185.2767 11
287370.5657 9
287560.0655 17
287753.7607 11
287796.3483 1
287978.5087 17
288164.6997 20
288247.3083 18
288348.6188 15
288551.7433 9
288748.9171 12
288881.1980 6
288996.4461 19
289025.5588 19
289058.2784 20
289150.3166 5
289329.4882 12
289472.8155 3
289553.8301 18
289740.1632 16
289810.0222 17
289846.9614 16
289953.6721 12
290077.7183 1
290114.0857 16
290287.7776 10
290334.3219 20
290404.9861 12
290555.8334 19
290754.2344 1
290891.5522 17
290921.3240 17
290979.3235 13
291174.5579 21
291301.9650 9
291326.6086 20
291359.8472 18
291382.4756 18
291581.5032 2
291703.9224 12
291899.5978 5
291936.0311 11
291978.1029 21
292017.8729 6
292125.4787 13
292162.3232 15
292335.6315 10
292353.6031 21
292539.2593 19
292672.3508 8
292760.7803 12
292940.2639 20
293129.8799 11
293280.9134 9
293316.7427 3
293461.7693 21
293567.8781 11
293720.3795 18
293758.7785 4
293849.4238 5
293883.5189 19
293920.5547 2
294049.4433 18
294195.8948 21
294336.5568 11
294379.2042 19
294428.3693 15
294598.2267 5
294651.3782 18
294816.0300 8
295013.9099 7
295038.1627 15
295123.0907 2
295289.8721 6
295423.9864 18
295442.1746 4
295606.3401 17
295691.6732 5
295789.8044 5
295876.4362 10
296060.4920 6
296150.5627 7
296231.2124 18
296263.4415 11
296418.4884 16
296547.7074 11
296652.2403 3
296767.0348 9
296846.1720 17
296915.8463 10
297025.3730 17
297169.6509 9
297241.7850 12
297289.7605 9
297455.3594 1
297511.8948 17
297587.2451 12
297637.4448 14
297730.7008 1
297832.0501 11
297970.7189 12
298048.0610 8
298271.7197 2
298408.8262 19
298474.0043 11
298658.5393 4
298750.2934 3
298782.5871 11
298816.4502 18
298887.8995 9
299061.5279 8
299177.9867 12
299279.4314 16
299372.6916 2
299520.6859 11
299549.2873 6
299702.5420 11
299781.8030 21
299869.7027 5
299963.3139 7
300023.5904 16
300216.5156 13
300376.2650 20
300425.4491 16
300514.3714 16
300627.7773 7
300786.6506 17
300881.1884 11
301018.3224 12
301183.8037 19
301333.4677 7
301367.8139 6
301393.4751 2
301496.6696 15
301649.5131 20
301728.5198 6
301790.6267 18
301936.7750 11
302006.9402 8
302137.9798 4
302226.6322 2
302385.3408 18
302497.4453 7
302665.6214 13
302727.7673 19
302787.5268 21
302942.7125 13
303017.8019 4
303249.7879 16
303427.8039 1
303581.0002 20
303782.2945 8
303856.9095 19
303889.8183 8
303954.5738 12
304101.5656 10
304283.3637 3
304338.6593 11
304524.1474 1
304560.5720 18
304729.2130 18
304855.9498 4
304997.2013 18
305187.2407 14
305430.0179 14
305491.5401 4
305683.1165 14
305737.1060 12
305878.3205 5
305945.1242 12
306003.0607 12
306124.8662 16
306238.2668 12
306296.8469 12
306421.5949 5
306499.0020 3
306637.3406 5
306821.3738 17
307015.9019 20
307099.7066 14
307219.7898 18
307408.7568 8
307578.3194 18
307650.6108 7
307841.6104 8
308013.2703 16
308203.1157 12
308334.9434 11
308405.9553 11
308538.8343 8
308650.7990 9
308826.9834 20
308993.1639 1
309147.1179 11
309307.1022 1
309469.3745 19
309576.4912 6
309769.9002 12
309937.2716 11
310074.5021 11
310271.0745 12
310393.0800 11
310460.1869 16
310638.4337 9
310738.9019 20
310852.0871 5
310884.3915 4
310977.0428 21
311076.2935 11
311251.8210 15
311335.6330 8
311531.8142 15
311726.8028 18
311880.5673 18
311975.5379 9
312049.5579 12
312089.6549 21
312147.4467 16
312198.1302 14
312342.0874 2
312535.4758 5
312651.5441 11
312709.6438 11
312786.3782 4
313019.5941 16
313121.8397 14
313254.3714 6
313358.6041 8
313464.6237 13
313585.1646 18
313628.3110 3
313666.0164 13
313806.2413 21
313866.7906 19
313957.4436 1
314027.8044 21
314214.3070 11
314377.9697 13
314564.2448 12
314681.2149 20
314718.2306 1
314829.5224 18
314854.1778 2
314942.9845 11
315082.4045 4
315233.1461 11
315295.8530 16
315455.9085 16
315512.5924 7
315633.0290 10
315792.4893 12
315961.1892 11
316091.9281 16
316129.5510 12
316282.6935 18
316371.5133 15
316475.4595 11
316618.2230 19
316760.7504 21
316930.6549 9
317042.1033 16
317167.5972 3
317206.9085 17
317287.8649 17
317376.0850 4
317596.2607 14
317711.1206 12
317890.8107 6
318080.4316 12
318136.9022 12
318290.0649 21
318330.0864 21
318509.2669 3
318561.9937 4
318780.6161 11
318826.5292 18
318846.0073 20
318895.7328 11
319070.4831 3
319106.7746 11
319257.4119 12
319415.2175 5
319533.6608 12
319707.1466 14
319840.5627 11
320043.6648 17
320090.4974 21
320237.4246 20
320387.1302 1
320539.7825 16
320602.8439 10
320741.3108 20
320895.3651 18
320915.1919 2
321109.1311 12
321183.2891 18
321314.4243 10
321420.6083 17
321604.5592 3
321808.6925 12
321929.8064 10
322094.6689 13
322213.5484 10
322294.8343 10
322468.3071 11
322669.8745 8
322892.4589 20
322925.1694 11
322950.4615 15
323005.1377 12
323044.3732 18
323207.2013 20
323398.5280 15
323464.6169 11
323516.2514 19
323591.1664 3
323731.4871 17
323780.9337 12
323884.5671 11
324043.1405 11
324188.3757 19
324379.2544 9
324470.7210 11
324574.6154 12
324763.8358 13
324853.1420 6
325059.5533 3
325249.3714 21
325415.0068 11
325586.6806 15
325643.2274 2
325803.9371 3
325875.1604 13
326013.1798 13
326155.6331 18
326189.2146 1
326345.9197 13
326423.9019 10
326514.0425 9
326636.2368 15
326766.6644 8
326804.9114 18
326827.5555 1
326988.8411 7
327158.1277 1
327236.6345 3
327309.0698 20
327339.4918 16
327450.3202 3
327647.5427 19
327701.8571 20
327858.2022 11
327942.6118 21
328028.3562 10
328120.5712 19
328289.4476 11
328460.4080 10
328656.8000 4
328736.9749 13
328860.8195 10
329046.5189 11
329097.5728 7
329151.6778 10
329233.3765 11
329422.6118 4
329493.1544 21
329696.0795 14
329806.3027 16
329949.6654 1
329989.2845 12
330148.7309 18
330280.5018 3
330340.5225 8
330494.4866 12
330639.2792 17
330742.7218 16
330854.3053 12
330925.6964 9
331026.7368 15
331160.0759 12
331346.7410 18
331471.5955 18
331628.7559 12
331731.3239 2
331933.7772 2
332071.5804 16
332259.7457 10
332315.4470 18
332512.3906 17
332588.3416 18
332689.0091 7
332726.5399 5
332848.2455 12
333022.4791 10
333139.0897 12
333273.6603 20
333391.5407 14
333465.0602 10
333566.7941 11
333618.5336 18
333804.8242 5
333832.0915 4
333939.6236 21
333969.4000 15
334070.1156 4
334137.2968 17
334183.5305 11
334326.8284 12
334485.3379 7
334572.2880 12
334714.4031 21
334789.4879 5
334822.5873 3
334952.1489 18
335106.7625 20
335250.7599 10
335328.9486 9
335486.9252 9
335522.4994 15
335649.6617 9
335807.8968 4
335958.6484 4
336028.5234 14
336192.1024 5
336363.8873 6
336592.3827 10
336747.1728 13
336870.3705 1
337050.2630 2
337109.5496 1
337317.4635 21
337506.5902 4
337683.9546 16
337857.3331 4
337973.3314 2
338211.0619 10
338312.5329 11
338391.5951 11
338512.1113 10
338714.3567 19
338782.2920 14
338870.2191 1
338972.9420 4
339044.5854 9
339154.3012 12
339278.1347 21
339393.8490 16
339595.1811 21
339680.2527 11
339811.0404 9
340002.4804 2
340121.9764 5
340255.3204 12
340385.2315 11
340426.5270 18
340613.3536 19
340749.8469 19
340850.2059 20
340980.1066 2
341059.9764 12
341095.0033 7
341260.1667 11
341350.6850 7
341415.4168 10
341602.7062 4
341851.5692 19
341881.1088 18
342053.5311 5
342144.9872 9
342346.0701 9
342474.1255 3
342656.5738 11
342782.2056 12
342876.9352 8
343018.6185 14
343164.5447 7
343199.7317 20
343280.2171 16
343356.6570 1
343486.7220 5
343605.0921 12
343786.2525 14
343855.9120 1
343921.3886 13
344110.0562 12
344179.4268 12
344282.3904 4
344412.8632 4
344499.5095 4
344617.3566 3
344782.0296 15
344946.8599 18
344964.2018 5
345173.4721 14
345399.4956 18
345589.5110 12
345681.2916 19
345804.8852 6
346032.2205 11
346100.8487 21
346294.8023 1
346345.9509 2
346557.0712 15
346739.8481 17
346908.5265 17
347097.2270 7
347124.1417 13
347230.9960 2
347377.1633 21
347534.9774 17
347566.5209 9
347607.5953 6
347669.2284 16
347736.9970 11
347826.2903 1
347887.6879 13
348032.4955 3
348224.6714 14
348409.7986 3
348461.8376 15
348491.6097 11
348571.8066 19
348763.9646 6
348819.5165 5
349016.1172 18
349197.4696 11
349333.1694 1
349422.5705 5
349612.7341 4
349709.0240 11
349852.8785 13
349925.6941 12
349987.1680 6
350156.1922 18
350276.0871 6
350381.0549 14
350453.4945 9
350498.2662 21
350650.7233 12
350846.0394 7
350915.7976 19
351027.0170 12
351179.4491 11
351287.3324 21
351423.0094 2
351523.9389 12
351656.1910 6
351879.2462 6
352065.7410 12
352097.4676 15
352270.5561 16
352380.7452 11
352487.2073 4
352656.1619 10
352866.7353 21
352896.7575 13
353089.2671 12
353246.5776 20
353281.2621 13
353340.1058 12
353491.1882 1
353707.2090 19
353890.4760 6
353969.3581 19
353991.4264 10
354050.1826 20
354196.9398 9
354322.0913 13
354405.7996 1
354520.0542 10
354629.9337 10
354720.1793 2
354779.7330 12
354861.5918 11
355015.7348 19
355210.9867 20
355323.3200 12
355499.9688 14
355714.6903 4
355934.6707 11
356022.2367 18
356140.9341 4
356312.5935 11
356454.4129 4
356535.2760 21
356594.5441 5
356713.9462 1
356909.3753 12
356944.1929 11
357079.3028 10
357262.8586 13
357398.2541 11
357593.7308 13
357744.3304 10
357897.9612 19
357968.0070 11
358049.4544 11
358153.5193 16
358188.5526 11
358208.7467 16
358286.8296 19
358431.3047 18
358534.0804 2
358689.7517 14
358815.9159 20
358984.6770 13
359055.2915 1
359131.0909 10
359217.0992 2
359279.7170 18
359459.5561 5
359570.2031 15
359607.4324 12
359746.5042 8
359976.1783 21
360160.3876 5
360349.6316 7
360403.0079 18
360542.4587 15
360655.6017 11
360775.3778 18
360846.6719 17
360926.4915 12
361084.9853 16
361245.3903 13
361313.8702 12
361370.1184 1
361474.5492 18
361500.4565 10
361588.8995 9
361780.3176 5
361875.1662 4
362040.3497 11
362137.3947 4
362214.1206 19
362269.6833 8
362309.7428 14
362370.7863 9
362482.1825 17
362600.0867 13
362720.5491 8
362834.9865 4
363044.9147 11
363125.1711 10
363266.0793 14
363330.3666 17
363380.8037 11
363524.9407 12
363681.5218 9
363710.0879 11
363825.6929 14
363968.2079 15
364112.0738 12
364300.3890 15
364452.9692 11
364499.7496 21
364533.1552 11
364631.0000 5
364712.6400 9
364898.4906 21
365017.0228 13
365054.7782 14
365226.7757 14
365373.5145 16
365558.3343 11
365689.2546 7
365789.0727 19
365818.2784 21
365914.7959 11
365976.6699 5
366058.6969 3
366190.5458 8
366371.1057 1
366411.3144 9
366491.3260 11
366541.7996 16
366667.2585 11
366839.7239 20
366959.8711 14
367176.4300 13
367343.8308 3
367380.3898 17
367560.5054 18
367704.1556 18
367806.6030 21
367905.6591 11
367943.4358 12
367992.9020 20
368057.5517 13
368090.7854 5
368131.3305 4
368259.6978 12
368433.8518 21
368587.9149 11
368771.4230 12
368800.8800 17
368998.0690 7
369066.9922 19
369106.9713 12
369151.1191 11
369180.0049 3
369323.9017 16
369446.7870 8
369661.3113 11
369742.1858 18
369769.6622 21
369939.3639 16
370006.6580 3
370180.0972 9
370206.1145 8
370295.7524 11
370468.8540 15
370556.3946 14
370679.3364 1
370721.3174 11
370837.1895 16
370984.4101 11
371142.7873 11
371225.0563 10
371381.8244 13
371578.7206 11
371749.1470 2
371928.5137 21
371991.2408 20
372023.3741 17
372184.0690 5
372276.0612 19
372376.9995 6
372449.4275 15
372639.2330 19
372724.7737 18
372878.4503 15
372977.8500 5
373157.4896 5
373189.3492 4
373410.7595 11
373471.5715 5
373508.1034 8
373744.5872 7
373830.1519 17
373899.1846 2
374121.9424 11
374205.5983 17
374344.9698 12
374448.5772 21
374651.9292 18
374790.9598 1
374952.7288 3
374985.5111 7
375090.8374 19
375161.2114 18
375186.5409 10
375290.0166 16
375378.2928 11
375519.1404 16
375649.1900 5
375728.4486 15
375811.0456 14
375920.6392 18
376112.5994 7
376267.5218 18
376405.7650 17
376546.3706 7
376610.2473 12
376648.5510 15
376757.7447 15
376929.0844 19
377061.4247 3
377128.7712 12
377212.9095 13
377325.0385 11
377477.9497 11
377606.9631 20
377766.7143 4
377910.3014 11
378052.4605 4
378228.5449 3
378284.2043 6
378476.3023 10
378501.1583 12
378611.5814 18
378756.6594 14
378962.8011 18
379121.3960 10
379297.0962 3
379349.6629 8
379429.4345 21
379476.7482 18
379495.3982 12
379549.7579 2
379671.2559 7
379784.0390 1
379996.3552 18
380091.5431 17
