387
1 8
3 20
5 21
9 18
10 4
16 14
22 3
28 4
35 8
38 19
40 19
42 1
51 11
57 18
58 2
68 7
71 11
78 18
79 11
86 12
94 12
101 18
102 18
103 2
113 17
115 8
119 19
121 1
130 21
134 17
136 11
142 18
143 14
150 5
156 9
158 8
161 4
168 15
170 17
172 9
174 11
181 12
188 12
195 19
197 12
205 18
206 8
209 19
211 12
217 11
223 7
226 9
227 21
231 10
232 8
236 20
238 11
245 7
248 20
250 15
252 2
262 4
269 15
271 13
276 11
283 11
289 11
296 21
300 15
302 15
304 7
307 11
314 7
316 18
317 20
319 6
325 14
332 21
336 14
343 6
349 18
350 7
352 12
358 21
362 16
364 9
366 20
368 8
372 4
378 13
383 5
390 7
393 4
399 21
403 11
410 21
414 20
416 15
418 1
427 18
428 18
429 15
431 10
434 11
441 11
448 5
454 11
461 7
464 4
472 21
476 4
482 14
489 6
496 16
498 1
508 11
514 17
516 11
522 16
524 3
530 12
537 12
543 12
549 3
556 8
560 21
564 12
572 15
574 18
575 2
586 17
588 11
594 13
600 1
610 20
612 13
618 1
628 1
637 17
639 3
646 20
648 1
658 5
665 15
667 2
676 12
682 16
684 5
690 11
697 11
703 8
706 20
708 7
710 2
720 3
727 17
729 15
731 7
733 3
739 4
745 11
751 21
755 7
757 16
759 13
764 17
766 3
772 11
778 2
788 2
799 19
801 15
803 3
809 15
811 18
812 9
813 6
819 12
826 20
828 15
830 18
831 10
833 11
840 20
842 12
848 16
850 10
851 13
856 20
858 12
864 15
866 11
872 12
879 8
882 16
884 17
886 14
893 11
899 6
906 3
912 16
914 6
921 14
928 11
934 21
938 21
942 11
949 7
951 1
961 1
970 13
975 4
982 2
992 16
994 1
1003 1
1012 8
1015 12
1023 19
1025 17
1027 6
1034 18
1035 3
1041 11
1048 4
1054 8
1058 14
1064 11
1071 15
1073 17
1075 5
1081 20
1083 11
1089 20
1091 15
1093 13
1099 15
1101 4
1108 2
1118 2
1128 12
1136 17
1138 12
1145 17
1147 1
1157 6
1164 16
1166 12
1173 17
1175 10
1177 18
1178 5
1185 2
1196 8
1200 5
1206 5
1213 3
1220 11
1227 14
1232 11
1239 18
1240 16
1242 9
1243 11
1249 2
1258 9
1259 12
1265 18
1266 8
1269 11
1275 18
1276 11
1282 10
1284 13
1289 17
1291 4
1299 3
1306 6
1313 16
1315 9
1316 17
1318 11
1325 15
1327 21
1331 12
1337 21
1341 10
1344 17
1346 16
1348 6
1355 17
1357 7
1359 15
1361 7
1363 16
1365 3
1372 1
1381 19
1383 11
1389 5
1395 13
1401 18
1402 15
1404 11
1410 8
1412 13
1418 10
1421 21
1425 11
1431 14
1438 20
1440 11
1446 11
1452 7
1454 11
1460 11
1466 6
1473 11
1479 20
1481 3
1488 10
1489 20
1491 11
1498 11
1504 11
1510 11
1517 12
1523 20
1525 11
1531 16
1533 13
1538 17
1540 12
1548 4
1554 3
1561 18
1562 15
1564 12
1572 6
1580 11
1586 9
1588 15
1590 6
1598 16
1600 20
1602 9
1604 15
1606 18
1607 10
1608 15
1610 16
1612 5
1619 12
1626 14
1632 2
1641 3
1648 12
1655 18
1656 12
1663 11
1669 15
1671 21
1675 10
1676 11
1682 20
1684 14
1691 12
1698 3
1705 1
1715 15
1717 9
1719 17
1721 19
1723 2
1733 7
1735 9
1737 7
1740 12
1746 11
1753 3
1760 4
1767 21
1771 4
1778 1
1788 6
1795 12
1803 13
