387
1 6
9 3
15 16
17 15
19 15
21 4
27 19
29 7
31 11
37 5
44 12
52 6
60 17
62 17
64 2
73 3
79 2
90 18
91 3
97 12
103 9
105 11
112 1
121 18
122 4
128 4
134 2
145 16
147 12
153 14
160 6
166 18
167 11
174 18
175 10
178 16
180 3
186 11
192 19
194 4
200 14
205 4
213 20
215 11
222 18
223 11
229 2
238 11
245 12
251 2
260 8
264 7
266 6
274 12
280 10
281 1
291 15
293 1
303 4
309 17
311 11
317 9
318 14
323 9
325 11
331 8
333 21
337 18
338 18
339 6
345 10
346 4
354 19
356 19
358 18
359 3
365 18
366 4
374 18
375 20
377 6
383 12
391 3
398 12
406 13
412 3
418 16
420 12
428 18
429 10
430 20
432 17
434 11
441 11
448 12
454 1
464 5
471 18
472 4
478 12
486 6
492 11
498 7
500 11
507 21
511 1
521 4
527 15
529 7
532 4
538 9
540 18
541 4
549 16
551 19
553 14
558 18
559 5
565 5
572 1
581 11
587 21
591 9
593 2
604 11
610 11
617 2
626 12
634 2
645 1
654 9
656 6
664 15
666 1
675 18
676 3
682 17
684 13
689 8
693 2
702 6
708 10
711 19
713 9
715 7
718 19
720 11
726 15
728 14
735 10
738 11
744 2
755 8
757 13
763 4
771 16
773 16
775 11
781 12
789 4
795 13
801 17
803 11
810 19
812 5
819 12
825 10
828 9
829 18
830 9
831 9
832 18
833 9
834 12
842 17
844 7
846 12
852 15
854 13
859 9
860 18
861 14
866 15
868 3
874 4
882 17
884 1
893 8
895 11
901 10
904 14
911 19
913 21
917 12
925 7
927 12
935 18
936 12
942 21
946 15
948 14
955 18
956 12
962 6
970 21
974 14
981 1
990 19
992 1
1002 7
1005 16
1007 11
1013 6
1021 17
1023 16
1025 8
1029 21
1033 20
1035 2
1046 11
1052 19
1054 15
1056 2
1065 12
1071 4
1077 12
1083 20
1085 18
1086 5
1093 9
1095 6
1101 9
1102 13
1107 14
1112 7
1115 11
1122 21
1126 4
1134 5
1141 14
1148 12
1156 12
1164 12
1172 15
1174 18
1175 5
1181 3
1187 18
1188 5
1195 5
1201 17
1203 10
1204 18
1205 5
1211 8
1213 18
1214 12
1222 3
1228 1
1238 6
1246 13
1252 1
1261 5
1268 9
1269 1
1278 13
1283 20
1285 5
1291 18
1292 3
1298 12
1306 12
1312 11
1319 13
1325 5
1331 5
1337 16
1339 9
1341 6
1349 9
1350 8
1354 2
1365 11
1372 10
1373 10
1376 3
1382 14
1389 2
1398 18
1399 9
1400 15
1402 14
1407 11
1413 16
1415 8
1419 15
1421 4
1427 7
1429 18
1430 1
1439 17
1441 1
1450 7
1452 1
1461 11
1468 10
1471 19
1473 11
1480 8
1484 18
1485 4
1491 6
1499 13
1505 12
1513 13
1519 12
1527 12
1533 12
1539 16
1541 18
1542 15
1544 12
1550 12
1556 12
1562 2
1573 16
1575 4
1581 18
1582 17
1584 14
1589 14
1594 12
1602 13
1607 17
1609 11
1615 11
1621 17
1623 16
1625 6
1631 19
1633 11
1639 11
1646 10
1647 12
1653 1
1663 12
1671 10
1674 4
1682 21
1686 18
1687 11
1693 21
1697 13
1702 15
1704 20
1706 3
1713 12
1721 21
1725 4
1733 11
1740 10
1743 4
1749 12
1757 5
1763 13
1769 1
1778 11
1785 2
1796 12
1804 6
1810 2
1821 3
1828 18
1829 11
1835 12
1841 18
1842 8
1844 12
1850 11
1856 16
1858 3
1865 14
1870 21
1874 5
1880 3
1886 13
1891 11
