387
1 14
8 11
15 3
22 11
28 11
35 3
42 10
45 11
52 1
61 20
63 5
70 11
76 2
87 18
88 15
90 18
91 6
97 16
99 9
101 13
106 10
107 11
113 5
120 5
127 21
131 15
133 16
135 7
138 18
139 6
147 5
154 2
165 12
171 9
172 1
182 8
184 13
190 7
193 5
200 13
206 17
208 4
214 20
216 18
217 16
219 13
224 12
230 13
235 8
239 12
245 16
247 9
248 6
254 13
260 10
263 10
266 8
270 14
277 18
278 13
284 19
286 12
294 2
303 11
310 16
312 4
320 19
322 10
323 12
329 12
337 11
343 19
345 6
351 4
359 13
365 9
366 20
368 11
375 4
383 12
389 19
391 18
392 8
396 18
397 5
404 6
410 7
412 11
419 4
425 21
429 20
431 10
434 16
436 3
442 10
445 16
447 11
453 18
454 17
456 12
462 21
466 11
473 9
475 18
476 10
479 15
481 3
488 10
491 19
493 9
494 5
500 20
502 5
508 8
512 15
514 14
519 12
527 2
536 15
538 17
540 6
548 13
553 14
558 21
562 14
569 12
577 1
586 18
587 5
594 17
596 8
598 3
605 8
607 17
609 12
617 17
619 12
627 15
629 17
631 8
635 14
642 6
648 11
655 9
657 18
658 7
661 3
668 11
674 15
676 1
685 15
687 2
696 10
697 3
704 14
711 11
717 13
723 19
725 13
731 18
732 5
738 8
740 11
747 1
756 19
758 5
765 20
767 2
776 12
784 15
786 18
787 5
793 11
799 11
805 5
811 14
818 20
820 3
827 11
834 15
836 20
838 21
842 18
843 9
845 7
848 9
850 18
851 8
855 18
856 18
857 3
863 20
865 7
867 18
868 12
874 21
878 13
884 3
891 20
893 18
894 18
895 15
897 8
901 12
907 16
909 3
916 9
918 12
924 12
932 17
934 21
938 10
939 18
940 4
948 14
955 14
962 19
964 17
966 10
969 5
975 12
983 17
985 20
987 13
993 15
995 5
1002 15
1004 2
1015 13
1020 18
1021 11
1028 12
1036 19
1038 12
1044 10
1045 12
1051 12
1057 9
1058 14
1063 11
1069 1
1079 3
1086 7
1089 2
1098 4
1106 16
1108 13
1113 12
1121 12
1127 11
1133 1
1143 17
1145 20
1147 13
1153 10
1156 7
1159 14
1164 12
1172 11
1178 3
1185 11
1191 11
1197 9
1198 11
1205 17
1207 9
1208 5
1215 21
1219 16
1221 16
1223 5
1230 1
1239 7
1241 3
1248 8
1250 12
1256 9
1257 14
1264 11
1270 18
1271 19
1273 9
1274 5
1280 6
1288 1
1297 8
1301 12
1309 16
1311 19
1313 15
1315 1
1324 18
1325 4
1331 1
1340 19
1342 8
1344 20
1346 20
1348 8
1352 5
1359 1
1368 18
1369 15
1371 7
1373 12
1381 20
1383 18
1384 19
1386 14
1393 20
1395 14
1402 3
1408 16
1410 17
1412 9
1414 18
1415 9
1416 11
1423 11
1430 2
1439 3
1445 11
1452 19
1454 7
1457 8
1459 3
1465 12
1473 13
1478 16
1480 14
1487 6
1495 5
1502 11
1508 11
1514 12
1520 7
1523 7
1526 9
1527 11
1534 12
1540 14
1547 21
1551 9
1553 12
1561 12
1569 10
1572 15
1574 4
1582 12
1590 18
1591 12
1597 12
1603 2
1612 18
1613 16
1615 10
1618 14
1623 1
1632 11
1639 6
1647 17
1649 13
1655 8
1659 18
1660 11
1667 12
1675 2
1684 9
1686 12
1692 20
1694 2
1703 13
1709 19
1711 10
1712 5
1719 19
1721 21
1725 18
1726 11
1733 4
1739 15
1741 16
1743 11
1749 10
1752 12
1758 12
1764 15
