387
1 16
3 12
11 4
19 11
26 9
27 3
33 18
34 12
42 20
44 5
51 2
62 12
70 5
77 10
79 8
82 19
84 6
91 9
92 12
100 4
107 18
108 4
114 4
121 12
127 8
129 14
136 11
143 11
149 6
157 11
164 21
168 6
176 16
178 11
184 19
186 12
194 11
200 18
201 15
203 1
212 21
216 18
217 2
226 6
233 4
241 13
246 19
248 7
251 18
252 21
256 13
262 12
269 7
271 1
281 18
282 11
288 16
290 12
297 18
298 6
304 19
306 8
309 9
310 9
312 11
319 20
321 15
323 10
326 7
329 11
335 4
341 20
343 15
345 13
350 12
356 3
362 2
371 12
379 12
386 13
391 19
393 11
399 11
406 19
408 20
410 17
412 5
419 2
430 9
431 15
433 21
437 15
439 11
446 3
453 13
459 17
461 9
463 14
470 13
475 18
476 15
478 16
480 10
482 13
488 11
494 21
498 6
505 10
506 18
507 18
508 2
518 6
526 17
528 8
530 2
539 16
541 15
543 4
550 15
552 11
559 14
566 15
568 21
572 12
579 14
586 9
588 15
590 1
600 17
602 17
604 8
607 15
609 12
615 19
617 1
627 16
629 12
636 14
643 8
646 7
649 19
651 12
657 12
664 10
666 15
668 4
674 16
676 16
678 17
680 19
682 9
684 15
686 7
689 18
690 16
692 11
698 17
700 11
706 18
707 7
709 14
716 1
726 19
728 20
730 9
731 2
741 18
742 12
750 2
760 16
762 12
770 11
776 11
782 1
791 7
794 18
795 16
797 2
807 19
809 7
811 6
817 12
824 2
833 11
840 18
841 1
851 16
853 16
855 9
857 12
863 18
864 10
865 8
867 1
876 11
882 8
885 4
892 14
898 1
907 12
914 17
916 2
927 18
928 11
934 4
940 9
941 14
947 2
958 19
960 11
966 11
972 12
980 11
986 10
988 11
994 10
996 3
1003 18
1004 18
1005 5
1012 12
1018 18
1019 6
1026 12
1033 11
1040 13
1046 12
1053 5
1060 19
1062 12
1068 1
1077 15
1079 17
1081 17
1083 8
1087 18
1088 11
1094 18
1095 18
1096 8
1099 20
1101 11
1108 5
1115 8
1118 6
1126 11
1133 4
1140 13
1145 11
1151 7
1154 20
1156 14
1162 19
1164 12
1171 21
1175 21
1179 18
1180 11
1187 10
1189 9
1191 11
1198 17
1200 10
1202 14
1209 6
1216 6
1222 11
1228 5
1234 8
1238 17
1240 18
1241 3
1247 1
1256 16
1258 1
1267 17
1269 9
1271 12
1278 11
1285 17
1287 2
1297 18
1298 6
1305 10
1307 11
1314 3
1320 13
1326 5
1332 14
1338 14
1345 18
1346 11
1353 2
1362 15
1364 17
1366 7
1368 19
1370 2
1381 12
1387 12
1394 18
1395 16
1397 17
1399 19
1401 12
1409 12
1416 15
1418 8
1422 20
1424 21
1428 11
1434 16
1436 15
1438 21
1442 11
1448 19
1450 1
1460 16
1462 20
1464 13
1470 17
1472 8
1476 11
1483 20
1485 21
1489 12
1495 17
1497 10
1500 21
1504 12
1510 20
1512 20
1514 2
1525 1
1535 11
1541 21
1545 16
1547 18
1548 17
1550 8
1552 12
1559 11
1566 6
1572 5
1579 16
1581 15
1583 7
1586 12
1592 12
1599 8
1603 14
1610 12
1617 1
1626 20
1628 20
1630 12
1638 11
1645 12
1652 6
1659 12
1666 11
1673 18
1674 2
1685 19
1687 11
1694 19
1696 18
1697 20
1699 14
1705 1
1714 1
1724 6
1732 10
1733 4
1739 18
1740 8
1744 1
1754 1
1763 2
1773 7
1776 9
1778 11
1784 18
1785 1
1794 18
1795 1
1804 19
