387
1 12
9 21
13 15
15 7
17 11
23 6
31 7
33 6
41 1
50 15
52 18
53 4
59 9
60 7
63 4
71 3
77 11
83 4
91 12
99 12
105 3
112 21
116 11
123 1
133 14
140 5
147 15
149 14
156 8
158 11
165 17
167 21
171 12
177 15
179 19
181 20
183 7
185 3
192 18
193 14
200 20
202 11
209 11
215 20
217 2
228 4
236 12
244 15
246 9
247 16
249 17
251 6
259 7
261 18
262 21
266 15
268 11
275 3
281 11
288 7
291 7
293 12
301 8
305 20
307 21
311 8
315 13
321 19
323 8
325 14
330 6
336 5
343 9
344 21
348 21
352 20
354 18
355 18
356 11
362 11
369 12
375 16
377 3
383 15
385 18
386 9
388 16
390 13
396 14
403 1
412 10
413 13
419 14
424 9
425 15
427 11
433 8
435 12
441 11
447 19
449 14
456 4
462 6
470 13
476 2
487 20
489 20
491 12
499 15
501 7
503 8
507 20
509 11
515 7
517 4
525 10
528 6
534 18
535 2
544 13
549 19
551 11
558 16
560 11
566 12
574 11
580 21
584 11
590 4
598 21
602 12
610 21
614 15
616 17
618 20
620 12
626 8
628 12
634 7
637 20
639 5
646 18
647 18
648 17
650 13
655 15
657 21
661 8
665 1
675 11
681 19
683 8
687 12
695 18
696 19
698 9
699 10
700 18
701 20
703 2
712 9
714 7
716 3
722 3
728 12
734 6
742 18
743 11
749 11
756 4
762 12
768 21
772 17
774 15
776 18
777 3
783 21
787 7
789 2
800 9
802 14
807 21
811 14
816 7
818 7
820 11
827 11
833 13
839 1
849 12
855 12
863 16
865 15
867 13
872 7
875 9
876 5
883 12
891 18
892 2
901 3
907 21
911 8
913 17
915 12
923 3
929 15
931 3
937 6
945 7
948 8
952 5
958 12
964 6
972 18
973 2
984 18
985 18
986 11
992 7
994 15
996 18
997 8
999 13
1005 13
1010 4
1016 15
1018 13
1023 9
1025 6
1031 8
1035 7
1037 4
1043 21
1047 20
1049 10
1050 5
1057 13
1062 20
1064 11
1071 12
1077 17
1079 10
1080 8
1082 20
1084 4
1090 12
1096 8
1100 16
1102 18
1103 9
1104 12
1110 1
1119 17
1121 18
1122 15
1124 14
1129 21
1133 10
1136 12
1142 12
1148 11
1154 20
1156 16
1158 19
1160 11
1167 6
1175 5
1182 12
1188 17
1190 6
1196 18
1197 15
1199 18
1200 16
1202 20
1204 13
1209 18
1210 11
1216 12
1222 8
1226 2
1237 20
1239 4
1247 17
1249 17
1251 4
1259 8
1263 11
1269 12
1275 13
1281 21
1285 4
1293 6
1299 11
1306 3
1313 20
1315 9
1317 11
1324 7
1327 4
1335 6
1343 16
1345 14
1352 5
1358 10
1361 14
1366 8
1368 12
1376 18
1377 4
1385 18
1386 1
1396 17
1398 4
1406 18
1407 12
1413 9
1414 18
1415 6
1421 18
1422 15
1424 15
1426 4
1432 2
1443 10
1444 12
1452 7
1454 5
1460 6
1466 8
1470 11
1476 9
1478 1
1488 11
1494 16
1496 12
1502 10
1503 15
1505 21
1509 18
1510 12
1516 12
1522 8
1526 17
1528 11
1534 10
1537 14
1544 7
1547 12
1555 11
1561 12
1567 17
1569 9
1570 4
1578 11
1584 18
1585 12
1593 4
1601 11
1608 5
1614 21
1618 19
1620 21
1624 15
1626 7
1628 4
1634 8
1636 17
1638 10
1641 7
1643 1
1652 7
1655 12
1661 13
1666 19
1668 1
1677 16
1679 8
1681 13
1686 18
1687 16
1689 11
1695 17
1697 18
1698 3
1704 21
