387
1 9
2 3
9 2
18 12
24 3
31 20
33 11
39 18
40 18
41 12
49 1
58 21
62 12
68 8
70 5
76 20
78 15
80 5
86 7
88 18
89 18
90 5
96 9
98 7
101 12
109 20
111 12
119 18
120 17
122 11
128 18
129 6
137 15
139 1
148 11
154 18
155 10
156 11
162 14
169 12
175 8
179 14
184 6
192 9
193 13
198 5
205 20
207 14
214 11
221 15
223 18
224 9
226 21
230 8
234 15
236 12
244 7
247 13
252 18
253 18
254 14
261 20
263 17
265 9
267 4
275 12
281 9
283 10
286 10
287 6
295 18
296 11
303 19
305 11
312 2
323 3
329 17
331 5
338 15
340 1
350 14
357 11
364 8
368 8
372 11
378 12
384 6
390 11
396 8
400 1
409 1
419 1
428 1
437 16
439 12
445 12
451 3
457 15
459 21
463 17
465 8
469 11
475 3
482 2
493 5
499 11
505 12
511 16
513 19
515 6
523 20
525 7
528 6
534 7
537 7
540 15
542 9
544 3
551 3
557 9
559 21
563 11
569 10
570 12
578 4
586 18
587 15
589 8
591 1
601 6
609 4
615 5
621 12
627 18
628 10
631 10
632 12
640 14
647 17
649 12
657 11
664 11
670 11
676 12
682 11
689 20
691 5
698 9
699 8
701 9
703 13
709 5
715 14
720 11
726 6
732 11
739 9
740 19
742 12
750 13
755 2
764 11
771 11
777 13
783 11
790 15
792 13
798 3
805 21
809 20
811 11
818 15
820 6
826 5
833 15
835 12
843 8
847 15
849 8
851 2
862 19
864 6
870 15
872 19
874 11
880 1
889 18
890 17
892 2
901 13
907 19
909 1
919 10
920 5
927 16
929 12
935 8
937 11
943 5
950 7
953 12
959 3
966 11
972 5
979 5
986 2
997 7
1000 18
1001 12
1007 12
1015 12
1023 11
1029 4
1037 12
1043 3
1050 7
1053 11
1060 19
1062 6
1070 13
1076 13
1082 8
1086 18
1087 11
1094 5
1100 7
1103 16
1105 21
1109 11
1116 2
1127 12
1133 14
1138 12
1146 10
1147 19
1149 16
1151 17
1153 12
1159 12
1167 12
1175 6
1183 11
1189 16
1191 7
1193 11
1199 10
1202 4
1210 6
1218 3
1225 15
1227 14
1232 12
1240 9
1241 4
1249 18
1250 17
1252 19
1254 19
1256 7
1259 12
1267 8
1269 16
1271 20
1273 12
1279 12
1287 11
1293 1
1303 16
1305 12
1311 15
1313 15
1315 21
1319 17
1321 4
1327 3
1333 3
1339 17
1341 5
1348 14
1355 14
1362 16
1364 6
1370 2
1379 13
1384 16
1386 18
1387 7
1390 13
1395 5
1401 5
1407 12
1413 15
1415 12
1421 6
1429 9
1431 4
1439 15
1441 15
1443 12
1449 15
1451 21
1455 12
1461 21
1465 19
1467 13
1472 18
1473 12
1479 4
1485 21
1489 13
1495 17
1497 6
1505 4
1511 4
1517 4
1523 19
1525 19
1527 19
1529 3
1536 15
1538 13
1543 11
1549 17
1551 10
1552 1
1561 4
1567 18
1568 6
1574 12
1580 11
1586 4
1592 14
1597 1
1606 12
1612 4
1618 4
1626 13
1631 18
1632 11
1639 7
1641 18
1642 17
1644 10
1645 13
1651 6
1657 10
1658 18
1659 14
1664 17
1666 6
1672 12
1680 8
1682 4
1688 19
1690 7
1692 16
1694 7
1696 9
1697 21
1701 6
1707 8
1711 12
1717 3
1724 9
1726 11
1733 5
1739 21
1743 6
1751 15
1753 5
1759 7
1762 20
1764 1
1773 5
1779 14
1784 18
1785 12
1791 12
1797 6
1803 18
1804 16
1806 18
1807 2
1818 14
1823 18
1824 19
1826 7
