387
1 17
3 19
5 6
13 11
20 9
21 10
22 15
24 3
31 12
37 11
43 11
50 9
52 13
58 8
61 16
63 17
65 14
71 7
74 2
85 11
92 9
94 13
99 12
107 11
114 20
116 14
122 12
130 11
137 2
146 6
153 12
161 3
168 10
170 13
176 11
182 18
183 4
190 8
192 9
193 11
200 19
202 18
203 7
206 9
207 7
209 11
215 20
217 11
224 14
231 6
237 18
238 14
244 12
251 19
253 16
255 21
259 12
266 20
268 20
270 6
277 2
288 18
289 15
291 4
298 4
305 21
309 11
315 18
316 1
326 11
332 9
334 15
336 18
337 20
339 18
340 14
347 15
349 13
355 12
362 3
368 13
374 1
383 4
391 20
393 9
395 14
401 6
409 9
410 17
412 12
418 6
424 7
426 15
428 18
429 11
436 13
442 7
445 17
447 3
453 18
454 17
456 13
462 20
464 11
471 14
477 20
479 18
480 13
485 5
492 18
493 13
499 7
502 1
512 3
519 8
522 8
524 12
531 12
537 13
543 11
550 11
556 7
559 10
561 9
562 18
563 3
570 7
572 7
575 2
585 10
588 8
592 8
595 9
596 13
602 11
609 20
611 9
613 7
616 16
618 18
619 5
625 8
628 4
635 3
641 2
652 11
659 14
666 20
668 19
670 11
676 6
682 2
691 11
698 19
700 17
702 12
710 12
716 1
725 11
732 1
742 17
744 18
745 5
751 15
753 18
754 21
758 9
759 2
770 18
771 8
773 7
776 17
778 21
782 12
789 15
791 2
802 6
809 13
815 7
818 11
825 6
832 20
834 21
838 21
842 20
844 1
854 12
861 2
872 5
878 9
880 14
887 11
893 12
900 4
907 15
909 9
911 3
917 3
924 8
926 12
933 19
935 10
937 20
939 19
941 20
943 20
945 17
947 18
948 4
956 20
958 18
959 19
961 1
970 4
977 12
983 11
990 12
997 9
999 11
1006 16
1008 12
1015 18
1016 14
1021 5
1028 21
1032 11
1038 17
1040 2
1051 11
1057 8
1061 11
1067 21
1071 12
1077 13
1083 11
1089 5
1095 19
1097 20
1099 11
1106 6
1114 3
1120 3
1126 11
1133 11
1140 16
1142 12
1149 9
1150 14
1155 17
1157 1
1166 11
1172 11
1179 10
1180 13
1185 14
1192 7
1195 1
1205 3
1211 5
1218 6
1226 6
1234 18
1235 8
1237 3
1244 15
1246 6
1253 4
1260 18
1261 1
1270 1
1280 18
1281 19
1283 2
1293 12
1300 15
1302 9
1304 11
1310 18
1311 21
1315 17
1317 7
1320 5
1327 12
1335 14
1340 19
1342 17
1344 17
1346 3
1353 18
1354 5
1361 16
1363 3
1370 12
1378 12
1385 12
1391 15
1393 9
1394 15
1396 11
1403 17
1405 21
1409 3
1415 11
1421 10
1423 11
1430 4
1437 13
1443 11
1450 18
1451 7
1453 21
1457 12
1465 18
1466 14
1472 11
1478 17
1480 11
1487 11
1494 1
1503 16
1505 11
1511 20
1513 7
1515 11
1521 18
1522 8
1525 1
1535 9
1537 12
1544 19
1546 16
1548 5
1555 14
1561 3
1568 5
1575 15
1577 10
1579 11
1586 13
1591 13
1597 18
1598 14
1604 12
1612 11
1619 14
1625 9
1627 11
1634 19
1636 12
1643 5
1650 11
1656 7
1659 20
1661 9
1663 15
1665 1
1675 10
1677 16
1679 19
1681 11
1687 11
1693 6
1700 12
1708 14
1714 2
1724 19
1726 2
1736 6
1744 5
1751 2
1761 12
1768 13
1773 13
1778 16
1780 14
1785 19
1787 11
1794 18
1795 11
1801 6
1807 4
1814 18
1815 5
1821 15
1823 12
1830 16
1832 12
