387
1 17
3 19
5 6
13 11
20 9
21 10
22 15
24 3
31 12
37 11
43 11
50 9
52 13
58 8
60 16
62 17
64 14
71 7
74 2
85 11
92 9
94 13
99 12
107 11
114 20
116 14
123 12
131 11
138 2
147 6
155 12
163 3
170 10
171 13
177 11
183 18
184 4
190 8
192 9
193 11
200 19
202 18
203 7
206 9
207 7
209 11
215 20
217 11
224 14
231 6
237 18
238 14
243 12
251 19
253 16
255 21
259 12
265 20
267 20
269 6
275 2
286 18
287 15
289 4
297 4
305 21
309 11
315 18
316 1
326 11
332 9
334 15
336 18
337 20
339 18
340 14
347 15
349 13
355 12
363 3
369 13
375 1
384 4
392 20
394 9
396 14
403 6
411 9
412 17
414 12
420 6
426 7
428 15
430 18
431 11
438 13
444 7
447 17
449 3
455 18
456 17
458 13
464 20
466 11
473 14
480 20
482 18
483 13
488 5
495 18
496 13
502 7
505 1
515 3
522 8
524 8
526 12
532 12
538 13
544 11
551 11
557 7
560 10
563 9
564 18
565 3
572 7
574 7
577 2
586 10
589 8
593 8
595 9
596 13
602 11
609 20
611 9
613 7
616 16
618 18
619 5
625 8
629 4
637 3
643 2
654 11
661 14
668 20
670 19
672 11
678 6
684 2
693 11
700 19
702 17
704 12
712 12
718 1
727 11
734 1
744 17
746 18
747 5
753 15
755 18
756 21
760 9
761 2
772 18
773 8
775 7
778 17
780 21
784 12
790 15
792 2
803 6
809 13
815 7
818 11
825 6
831 20
833 21
837 21
841 20
843 1
853 12
859 2
870 5
876 9
878 14
885 11
891 12
899 4
907 15
909 9
910 3
916 3
923 8
927 12
935 19
937 10
938 20
940 19
942 20
944 20
946 17
948 18
949 4
957 20
959 18
960 19
962 1
971 4
979 12
987 11
993 12
1001 9
1003 11
1009 16
1011 12
1019 18
1020 14
1027 5
1034 21
1038 11
1045 17
1047 2
1056 11
1062 8
1066 11
1073 21
1077 12
1083 13
1089 11
1095 5
1102 19
1104 20
1106 11
1113 6
1121 3
1128 3
1135 11
1142 11
1149 16
1151 12
1157 9
1159 14
1164 17
1166 1
1176 11
1182 11
1188 10
1189 13
1195 14
1202 7
1204 1
1214 3
1220 5
1226 6
1232 6
1240 18
1241 8
1245 3
1252 15
1254 6
1260 4
1268 18
1269 1
1278 1
1287 18
1288 19
1290 2
1299 12
1305 15
1307 9
1309 11
1315 18
1316 21
1320 17
1322 7
1325 5
1332 12
1340 14
1345 19
1347 17
1349 17
1351 3
1357 18
1358 5
1364 16
1366 3
1373 12
1381 12
1389 12
1397 15
1399 9
1400 15
1402 11
1409 17
1411 21
1415 3
1421 11
1427 10
1430 11
1436 4
1442 13
1447 11
1453 18
1454 7
1456 21
1460 12
1466 18
1467 14
1472 11
1478 17
1480 11
1487 11
1493 1
1503 16
1505 11
1512 20
1514 7
1516 11
1523 18
1524 8
1526 1
1536 9
1537 12
1545 19
1547 16
1549 5
1555 14
1560 3
1566 5
1573 15
1575 10
1576 11
1582 13
1587 13
1593 18
1594 14
1599 12
1605 11
1612 14
1617 9
1618 11
1625 19
1627 12
1633 5
1640 11
1646 7
1648 20
1650 9
1652 15
1654 1
1664 10
1667 16
1669 19
1671 11
1677 11
1683 6
1689 12
1697 14
1704 2
1715 19
1717 2
1728 6
1734 5
1741 2
1752 12
1760 13
1765 13
1771 16
1773 14
1778 19
1780 11
1787 18
1788 11
1795 6
1803 4
1809 18
1810 5
1817 15
1819 12
1825 16
1827 12
