387
1 12
9 3
15 12
21 12
28 12
35 12
42 7
44 14
51 12
58 5
65 3
71 14
78 5
84 17
86 17
88 11
95 4
102 13
108 15
110 21
114 12
122 16
124 17
126 11
133 16
135 12
142 20
144 1
154 3
161 11
167 12
173 12
179 12
186 16
188 1
198 13
203 3
210 20
212 3
219 20
221 6
229 11
235 7
237 18
238 9
240 14
246 18
247 18
248 12
255 10
257 12
263 13
268 17
270 21
274 14
280 12
286 18
287 15
289 14
296 18
297 1
306 14
312 20
314 16
316 17
318 11
325 10
326 5
332 17
334 11
340 12
347 12
354 7
357 6
364 9
366 18
367 6
374 2
384 2
394 4
402 16
404 12
412 9
414 1
424 5
430 19
432 15
434 9
436 19
438 5
445 11
451 2
460 18
461 6
468 16
470 18
471 13
476 16
478 18
479 14
485 11
492 21
496 19
498 15
500 8
504 8
507 19
509 3
515 17
517 21
521 7
523 11
530 21
534 3
540 20
542 12
550 2
561 18
562 8
565 18
566 12
574 16
576 15
578 14
584 11
591 16
593 6
600 18
601 11
608 11
614 11
620 5
627 20
629 7
632 13
637 1
646 15
648 18
649 13
655 18
656 2
666 3
672 12
679 7
681 19
683 21
687 18
688 4
696 21
700 12
706 6
713 18
714 8
718 21
722 21
726 2
736 2
747 17
749 15
751 17
753 12
759 5
766 15
768 8
771 12
778 15
780 12
787 17
789 19
791 18
792 20
794 11
801 16
803 18
804 7
806 8
809 16
811 2
821 9
823 2
833 21
837 12
844 18
845 1
855 5
861 6
868 20
870 15
872 12
879 7
882 16
884 9
886 15
888 4
896 18
897 8
900 16
902 21
906 8
909 4
916 16
918 6
925 18
926 11
933 14
939 1
948 18
949 15
951 1
960 20
962 18
963 18
964 8
967 18
968 5
975 14
982 12
988 18
989 10
992 14
998 21
1002 9
1003 15
1005 11
1012 3
1019 18
1020 19
1022 15
1024 11
1030 6
1037 7
1039 16
1041 15
1043 16
1045 12
1052 18
1053 5
1060 4
1067 15
1069 12
1076 9
1078 9
1079 10
1082 7
1085 12
1091 14
1097 18
1098 18
1099 6
1106 4
1113 19
1115 9
1117 2
1128 2
1138 10
1140 6
1148 5
1154 12
1162 6
1169 13
1174 12
1181 9
1183 3
1190 14
1196 5
1203 11
1210 17
1212 19
1214 18
1215 2
1224 12
1232 16
1234 18
1235 8
1238 15
1240 13
1245 2
1254 6
1261 5
1267 18
1268 19
1270 16
1272 18
1273 11
1279 21
1283 12
1290 11
1297 5
1304 9
1306 1
1316 10
1318 10
1319 15
1321 4
1328 21
1332 21
1336 12
1344 11
1351 11
1358 18
1359 14
1364 19
1366 11
1373 19
1375 3
1381 10
1384 15
1386 19
1388 2
1397 11
1404 20
1406 14
1413 4
1420 18
1421 11
1427 18
1428 4
1435 18
1436 10
1437 16
1439 9
1441 7
1444 9
1445 6
1452 9
1454 8
1458 10
1460 11
1467 14
1473 11
1480 8
1482 11
1488 1
1497 11
1504 11
1510 6
1518 4
1524 9
1525 11
1531 13
1536 16
1538 3
1545 7
1547 8
1549 17
1551 8
1553 13
1559 5
1566 13
1571 17
1573 18
1574 13
1580 9
1582 18
1583 2
1594 6
1600 4
1608 12
1616 9
1617 3
1624 19
1626 18
1627 19
1629 12
1637 4
1643 18
1644 18
1645 7
1648 3
1654 20
1656 5
1663 10
1664 19
1666 20
1668 4
1674 14
1680 9
1681 19
1683 4
1691 3
1697 11
1703 11
1710 14
1715 10
1717 11
1724 11
1731 17
