387
1 11
7 20
9 14
16 10
18 11
25 2
34 19
36 12
43 7
45 12
52 11
59 12
66 20
68 9
69 7
71 2
82 8
85 21
89 12
97 5
104 10
105 6
112 11
119 14
126 11
132 13
138 11
144 12
152 18
153 9
155 19
157 15
159 20
161 16
163 18
164 11
171 11
178 15
180 3
186 6
192 11
198 9
200 12
206 17
208 13
213 14
220 13
225 20
227 9
229 13
234 18
235 12
242 17
244 6
250 18
251 15
253 11
260 2
269 16
271 20
273 6
280 18
281 3
288 11
294 12
301 2
312 17
314 19
316 15
318 12
326 9
327 10
329 3
336 18
337 12
344 14
349 5
356 11
363 19
365 17
367 7
370 21
374 16
376 11
383 4
391 3
397 12
404 13
409 21
413 20
415 1
425 2
435 10
437 14
443 9
445 18
446 11
453 2
463 19
465 13
471 17
473 14
479 19
481 9
483 11
490 12
497 14
504 11
511 6
519 21
523 20
525 8
528 15
530 18
531 11
537 18
538 11
544 12
550 12
557 7
559 17
561 14
567 12
573 18
574 12
580 6
587 6
594 17
596 12
602 11
608 20
610 12
618 13
624 2
635 18
636 17
638 19
640 14
646 21
650 21
654 8
657 9
659 12
666 7
668 6
676 15
678 21
682 21
686 12
693 15
695 11
702 12
709 14
715 11
721 1
730 21
734 13
739 21
743 5
749 6
755 20
757 19
759 14
765 12
773 5
780 12
787 11
794 2
804 11
811 11
817 21
821 2
830 5
836 6
842 11
848 14
855 12
863 6
870 15
872 12
879 16
881 16
883 5
889 11
895 9
896 2
905 20
907 17
909 8
911 21
915 11
921 4
927 19
929 15
931 8
935 21
939 12
945 20
947 9
948 11
955 11
962 4
969 11
975 20
977 6
984 8
988 13
993 2
1002 15
1004 11
1011 18
1012 16
1014 15
1016 14
1023 17
1025 18
1026 5
1033 8
1035 15
1037 7
1040 4
1047 16
1049 10
1051 12
1058 12
1066 18
1067 2
1078 12
1084 5
1091 12
1098 8
1101 10
1102 20
1104 19
1106 7
1108 3
1114 14
1120 12
1127 12
1134 2
1143 20
1145 11
1151 5
1158 5
1164 18
1165 10
1167 8
1171 11
1178 15
1180 18
1181 11
1187 11
1193 6
1201 4
1209 15
1211 10
1213 10
1215 13
1221 7
1224 7
1226 11
1233 12
1240 11
1246 11
1253 21
1257 10
1259 12
1265 20
1267 4
1274 19
1276 8
1279 19
1281 13
1287 15
1289 14
1296 11
1302 21
1306 18
1307 11
1314 11
1321 14
1327 11
1333 16
1335 10
1338 11
1344 4
1350 13
1356 10
1358 11
1365 6
1373 17
1375 2
1386 4
1393 10
1394 16
1396 12
1402 13
1407 11
1413 19
1415 18
1416 20
1418 19
1420 15
1422 3
1428 7
1430 15
1432 16
1434 11
1440 7
1442 20
1444 3
1451 12
1457 18
1458 4
1466 4
1473 5
1480 11
1487 12
1495 16
1497 18
1498 12
1505 9
1507 13
1513 21
1517 17
1519 21
1523 6
1530 17
1532 18
1533 18
1534 11
1541 4
1549 7
1551 11
1557 17
1559 5
1565 1
1574 9
1576 7
1579 14
1586 14
1593 11
1599 20
1601 18
1602 13
1608 11
1615 18
1616 10
1618 11
1624 8
1628 1
1638 18
1639 12
1647 21
1651 15
1653 14
1659 16
1661 13
1667 13
1673 11
1680 17
1682 18
1683 14
1690 13
1696 11
1703 16
1705 15
1707 14
1714 6
1721 20
1723 7
1725 6
1731 13
1736 12
1744 9
1746 10
1747 12
1753 18
1754 12
1762 6
1769 18
1770 7
1772 12
1780 3
1786 16
1788 15
1790 12
