387
1 10
2 9
4 9
5 11
12 20
14 12
20 15
22 12
28 12
36 12
44 8
46 18
47 18
48 11
55 16
57 12
63 18
64 18
65 11
71 1
80 20
82 12
90 18
91 14
96 12
102 17
104 12
112 15
114 19
116 12
122 1
132 10
135 13
140 12
148 20
150 12
158 11
164 17
166 15
168 6
176 19
178 15
180 21
184 8
188 2
199 16
201 16
203 12
209 10
210 13
216 20
218 3
224 10
227 9
228 9
229 9
231 17
233 5
240 6
248 16
250 15
252 1
262 1
271 7
274 17
276 11
283 7
286 1
295 3
302 8
306 3
313 16
315 13
321 20
323 16
325 8
327 5
333 10
336 18
337 10
338 11
344 12
352 4
360 20
362 14
367 10
370 8
372 2
381 11
387 6
393 11
400 7
402 20
404 18
405 18
406 8
408 2
419 19
421 20
423 10
426 15
428 20
430 11
436 9
437 5
443 7
445 4
453 5
459 9
460 12
468 18
469 14
476 12
484 17
486 16
488 18
489 11
496 8
500 11
507 19
509 9
510 4
518 9
520 15
522 20
524 12
530 18
531 18
532 12
540 11
547 16
549 14
556 19
558 4
566 19
568 11
574 11
580 18
581 11
588 15
590 5
597 20
599 13
605 5
612 2
623 6
629 4
635 12
641 5
648 13
654 12
660 17
662 11
669 10
670 18
671 13
677 21
681 12
687 11
694 8
698 3
704 20
706 16
708 11
715 8
719 16
721 1
731 1
741 11
747 7
750 12
756 7
759 21
763 12
771 2
782 3
789 18
790 2
801 7
803 2
812 12
820 10
821 1
831 9
832 18
833 7
835 2
846 18
847 12
853 4
859 19
861 4
869 21
873 9
874 10
877 18
878 19
880 16
882 12
888 11
894 12
900 1
910 12
918 21
922 11
929 1
938 21
942 18
943 5
950 2
961 1
970 12
978 5
985 18
986 14
993 8
995 21
999 18
1000 5
1007 12
1015 17
1017 11
1024 1
1033 7
1035 11
1041 8
1043 1
1052 3
1059 20
1061 2
1070 10
1071 14
1076 4
1084 18
1085 11
1092 18
1093 3
1100 14
1107 8
1111 4
1119 13
1124 20
1126 12
1134 11
1141 15
1143 10
1146 14
1153 20
1155 17
1157 11
1164 19
1166 5
1173 4
1181 20
1183 10
1186 2
1197 11
1204 18
1205 17
1207 12
1215 13
1220 12
1228 19
1230 4
1236 9
1237 5
1244 4
1250 6
1258 6
1266 8
1268 12
1274 11
1281 17
1283 16
1285 6
1291 11
1298 12
1306 13
1311 18
1312 8
1314 9
1316 19
1318 18
1319 5
1325 15
1327 20
1329 6
1335 11
1342 8
1344 14
1351 11
1358 13
1364 11
1370 11
1376 3
1382 8
1384 15
1386 8
1390 16
1392 12
1400 12
1408 14
1415 10
1416 12
1422 9
1423 6
1429 20
1431 10
1434 20
1436 14
1443 15
1445 9
1447 2
1458 15
1460 2
1471 2
1482 4
1488 13
1493 11
1499 7
1502 14
1509 18
1510 14
1517 7
1519 11
1526 11
1532 13
1538 15
1540 10
1543 7
1545 4
1553 2
1562 17
1564 8
1568 21
1572 14
1579 15
1581 7
1583 3
1589 3
1596 12
1602 21
1606 5
1613 6
1619 12
1625 18
1626 2
1637 5
1643 10
1644 14
1651 15
1653 2
1662 15
1664 14
1669 15
1671 16
1673 15
1675 15
1677 12
1685 18
1686 13
1691 20
1693 5
1699 19
1701 3
1707 5
1713 13
1718 21
1722 7
1724 11
1731 2
1740 4
1748 9
1749 20
1751 9
1753 11
1759 5
1765 6
1771 13
1777 4
1783 11
1790 8
1794 17
1796 18
1797 21
1801 12
1807 12
