387
1 12
9 12
15 12
21 2
30 18
31 21
35 9
36 17
38 11
44 15
46 19
48 2
57 13
63 11
69 8
71 3
78 11
84 11
91 17
93 16
95 11
102 18
103 18
104 16
106 7
109 2
118 13
123 15
125 15
127 6
135 9
136 15
138 20
140 12
146 1
155 14
162 9
164 1
174 1
184 6
192 19
194 11
200 12
208 11
214 13
220 6
228 2
239 4
247 20
249 19
251 7
253 18
254 5
261 12
267 7
270 3
276 11
282 19
284 8
288 8
292 1
302 3
309 21
313 14
320 16
322 10
325 12
331 12
339 19
341 1
350 15
352 16
354 2
365 19
367 21
371 1
381 15
383 2
394 1
404 20
406 9
407 5
413 8
417 19
419 17
421 15
423 18
424 11
431 15
433 21
437 3
443 20
445 12
451 2
460 11
467 4
473 4
481 12
489 15
491 2
502 14
507 17
509 18
510 10
511 1
521 7
523 11
530 20
532 12
540 20
542 18
543 20
545 11
552 5
559 13
564 10
565 12
573 11
579 19
581 13
587 20
589 20
591 11
597 17
599 18
600 12
608 8
610 11
616 6
624 12
630 14
635 10
638 13
643 10
646 13
651 5
658 14
665 21
669 6
677 15
679 17
681 12
689 21
693 10
696 8
700 15
702 2
713 2
722 21
726 11
733 15
735 17
737 12
743 16
745 7
747 9
748 18
749 17
751 8
755 18
756 11
762 11
769 16
771 19
773 10
774 20
776 8
778 15
780 9
782 9
783 13
789 9
790 14
797 10
800 8
804 13
810 14
815 11
822 16
824 11
830 5
836 12
842 11
848 5
855 3
861 8
863 11
869 20
871 11
878 16
880 15
882 3
888 20
890 18
891 6
899 21
903 12
909 11
915 14
920 7
922 16
924 2
935 1
945 21
949 15
951 2
960 10
961 19
963 3
970 14
977 11
983 12
991 11
998 9
999 20
1001 11
1008 20
1010 19
1012 2
1023 11
1030 18
1031 8
1033 11
1039 18
1040 7
1043 19
1045 4
1051 18
1052 18
1053 19
1055 6
1063 13
1069 14
1076 12
1082 19
1084 12
1092 1
1101 1
1111 15
1113 1
1122 19
1124 18
1125 15
1127 14
1134 1
1143 15
1145 4
1153 11
1159 15
1161 18
1162 19
1164 13
1169 19
1171 11
1177 15
1179 12
1185 1
1194 8
1198 11
1205 7
1208 20
1210 2
1221 11
1228 11
1235 20
1237 6
1245 3
1251 12
1257 13
1262 5
1269 20
1271 10
1274 5
1280 19
1282 8
1286 2
1297 14
1302 12
1308 2
1319 11
1326 12
1332 18
1333 4
1341 12
1349 7
1351 18
1352 5
1358 5
1365 21
1369 3
1375 3
1382 12
1388 15
1390 19
1392 11
1399 5
1405 4
1413 21
1417 8
1419 18
1420 21
1424 21
1428 16
1430 1
1439 7
1442 15
1444 3
1450 6
1456 11
1463 12
1471 6
1479 1
1488 2
1497 20
1499 10
1500 5
1506 12
1514 18
1515 6
1523 11
1530 14
1535 17
1537 2
1546 3
1552 4
1560 12
1566 9
1568 6
1574 9
1575 5
1581 6
1587 19
1589 19
1591 7
1593 20
1595 19
1597 10
1598 17
1600 5
1606 8
1608 18
1609 12
1617 1
1627 14
1634 3
1641 21
1645 10
1646 2
1657 18
1658 18
1659 17
1661 4
1667 18
1668 15
1670 4
1676 9
1677 18
1678 12
1686 4
1694 17
1696 10
1699 7
1702 16
1704 10
1707 4
1715 3
1721 5
1728 14
1735 4
1741 16
1743 11
1749 12
1755 8
1757 9
1759 12
1767 11
1773 11
1779 18
1780 16
1782 4
1788 11
1795 1
1804 1
1814 15
1816 12
1824 11
1830 9
