387
1 19
3 2
12 18
13 6
20 13
26 7
29 12
36 19
38 18
39 18
40 17
42 15
44 21
48 10
49 11
56 5
63 12
70 1
80 11
86 12
93 5
100 11
106 11
112 5
118 7
120 12
127 18
128 21
132 8
136 3
143 12
150 18
151 13
156 12
163 18
164 7
166 16
168 12
175 15
177 13
182 20
184 5
190 21
194 10
197 11
204 12
212 17
214 11
220 12
228 3
235 18
236 20
238 1
248 21
252 6
258 11
264 17
266 11
272 12
279 2
288 14
293 21
297 8
300 11
306 12
312 20
314 8
316 2
327 17
329 11
336 17
338 11
344 8
347 11
353 21
357 19
359 9
360 15
362 11
369 3
375 17
377 8
380 11
387 13
393 3
399 16
401 5
408 11
414 12
422 1
431 8
434 7
436 7
438 11
444 18
445 6
452 12
460 11
467 21
471 8
474 16
476 13
482 18
483 12
489 18
490 19
492 9
494 5
501 5
507 12
513 15
515 15
517 21
521 12
527 11
534 5
540 20
542 3
548 20
550 9
552 12
559 10
561 12
569 21
573 11
580 2
590 21
594 5
600 21
604 10
605 13
611 21
615 19
617 4
624 19
626 11
632 20
634 5
641 11
647 8
649 1
658 11
664 18
665 3
671 14
678 20
680 3
687 12
693 12
701 17
703 13
708 3
715 4
722 11
728 8
732 19
734 16
736 17
738 20
740 21
744 7
747 11
753 18
754 11
760 6
767 3
774 13
780 11
786 2
797 8
800 6
808 21
812 6
819 14
825 8
828 11
834 5
841 18
842 3
848 4
856 3
862 21
866 17
868 1
877 15
879 14
885 21
889 11
895 12
901 3
907 7
909 6
916 8
920 6
927 1
937 8
940 20
942 3
949 15
951 7
954 20
956 16
958 17
960 8
963 11
969 11
975 11
981 5
988 21
992 11
998 7
1001 9
1003 6
1010 2
1019 7
1021 5
1028 8
1032 13
1037 1
1047 1
1057 12
1064 5
1070 21
1074 5
1080 19
1082 9
1084 4
1091 18
1092 13
1098 18
1099 8
1101 18
1102 5
1109 20
1111 13
1116 16
1118 17
1120 11
1126 11
1132 12
1140 20
1142 13
1148 7
1150 20
1152 14
1159 2
1169 11
1175 18
1176 1
1185 18
1186 12
1193 17
1195 3
1202 18
1203 12
1210 4
1216 14
1222 13
1227 4
1233 20
1235 15
1237 5
1243 12
1251 17
1253 12
1260 19
1262 11
1268 4
1275 11
1281 15
1283 18
1284 7
1286 6
1292 10
1294 16
1296 14
1303 11
1309 7
1312 15
1314 3
1321 17
1323 13
1328 2
1337 9
1338 9
1339 20
1341 3
1348 20
1350 18
1351 12
1358 19
1360 12
1367 6
1374 20
1376 15
1378 11
1384 7
1387 4
1393 11
1400 9
1401 5
1407 4
1415 3
1422 13
1427 3
1433 18
1434 6
1440 6
1448 12
1455 15
1457 4
1463 5
1470 14
1477 13
1483 11
1489 2
1499 15
1501 16
1503 15
1505 10
1507 7
1510 8
1513 11
1519 12
1526 12
1533 9
1535 3
1542 7
1545 15
1547 13
1552 13
1558 12
1565 8
1568 14
1574 4
1581 14
1587 11
1594 11
1601 14
1607 12
1614 11
1621 7
1624 19
1626 15
1628 9
1630 7
1633 9
1634 2
1643 17
1645 16
1647 4
1654 13
1659 3
1666 15
1668 2
1678 4
1684 1
1694 1
1703 9
1705 13
1710 11
1716 15
1718 18
1719 19
1721 6
1728 2
1737 12
1745 7
1747 6
1754 12
1762 17
1764 20
1766 14
1771 12
1777 11
1783 21
1787 10
1790 2
1800 20
1802 6
1809 2
1820 13
1826 9
1827 4
1835 5
1842 1
1851 20
