387
1 11
7 12
13 18
14 18
15 2
26 4
34 1
44 13
49 10
52 11
59 19
61 14
68 12
74 2
83 10
86 13
92 19
94 1
104 6
112 7
115 16
117 13
123 18
124 18
125 20
127 4
135 12
141 12
149 13
155 5
162 12
168 2
179 11
186 19
188 5
194 12
200 11
206 7
209 11
216 1
226 8
228 20
230 12
236 11
243 11
249 6
257 11
264 21
268 4
274 2
283 18
284 3
290 3
297 12
305 3
312 12
320 13
325 19
327 7
330 14
335 10
338 2
347 6
353 11
360 21
364 21
368 11
375 7
378 1
388 11
394 4
400 20
402 14
407 21
411 6
419 14
424 15
426 18
427 21
431 16
433 18
434 12
442 11
448 14
455 18
456 7
459 3
466 12
474 2
483 8
485 11
492 13
498 16
500 1
509 2
518 11
524 12
530 3
536 13
542 4
550 21
554 8
556 3
563 11
570 5
577 10
580 21
584 4
592 17
594 9
596 12
604 2
613 20
615 16
617 18
618 11
624 4
632 14
637 6
645 12
651 1
660 11
667 15
669 10
670 7
673 7
675 6
681 6
689 19
691 9
692 4
700 18
701 18
702 15
704 9
706 11
713 11
720 11
726 18
727 14
732 21
736 11
742 14
747 18
748 5
754 3
761 1
770 19
772 18
773 18
774 21
778 21
782 6
788 6
794 18
795 4
801 12
809 12
817 19
819 14
826 11
833 17
835 12
843 20
845 8
847 10
850 16
852 10
853 18
854 18
855 12
863 11
870 18
871 10
874 6
880 1
890 1
900 11
906 4
914 21
918 9
919 12
925 9
926 8
930 5
937 9
938 17
940 10
943 8
945 17
947 11
953 11
960 3
966 5
972 19
974 9
975 18
976 3
983 13
988 19
990 5
997 2
1006 13
1012 12
1020 11
1026 12
1034 8
1036 20
1038 12
1046 9
1047 21
1051 8
1055 10
1058 1
1068 18
1069 18
1070 2
1081 6
1087 4
1093 16
1095 17
1097 11
1104 12
1112 15
1114 11
1121 4
1127 6
1133 18
1134 17
1136 8
1138 18
1139 18
1140 11
1147 11
1154 14
1161 10
1162 12
1168 15
1170 5
1176 12
1184 15
1186 21
1190 18
1191 12
1197 16
1199 12
1207 11
1214 2
1225 18
1226 11
1232 11
1238 21
1242 17
1244 6
1250 19
1252 11
1258 18
1259 11
1266 16
1268 1
1278 5
1284 17
1286 20
1288 9
1289 4
1297 10
1298 20
1300 18
1301 5
1307 9
1308 19
1310 9
1312 18
1313 12
1321 4
1327 3
1334 19
1336 10
1337 5
1343 12
1351 16
1353 21
1357 12
1363 14
1370 12
1378 6
1386 12
1392 10
1395 8
1397 19
1399 7
1401 9
1403 7
1405 8
1409 12
1415 21
1419 14
1426 6
1432 18
1433 21
1437 8
1441 2
1450 13
1456 15
1458 16
1460 8
1464 14
1469 3
1476 12
1482 11
1489 2
1498 12
1504 19
1506 18
1507 12
1513 9
1515 13
1520 1
1529 9
1530 15
1532 7
1534 9
1535 8
1539 14
1546 17
1548 13
1554 1
1564 5
1570 16
1572 2
1581 18
1582 12
1590 11
1596 18
1597 13
1602 8
1606 21
1610 4
1618 12
1624 5
1631 14
1636 7
1638 17
1640 14
1645 21
1649 8
1651 13
1656 18
1657 9
1658 2
1669 20
1671 10
1674 11
1680 12
1686 11
1693 1
1703 8
1705 12
1713 17
1715 11
1722 10
1725 13
1731 15
1733 19
1735 12
1741 12
1749 18
1750 8
1754 6
1760 12
1768 8
1772 2
1783 11
1789 19
1791 18
1792 11
1799 20
1801 12
1807 9
1809 16
1811 11
1817 15
1819 15
1821 2
1832 13
1837 13
1843 12
