387
1 1
10 16
12 7
14 12
20 11
26 4
32 16
34 13
39 20
41 12
49 10
50 15
52 12
58 11
64 5
71 6
77 12
85 11
92 6
100 18
101 12
109 2
120 2
129 8
131 6
137 10
140 8
144 18
145 4
153 3
159 9
160 12
168 17
170 8
172 12
180 2
191 13
196 5
203 5
210 11
217 11
224 12
230 7
233 15
235 19
237 19
239 15
241 17
243 5
250 9
252 5
258 7
261 10
262 14
269 17
271 13
276 11
283 5
290 5
297 18
298 11
305 7
308 17
310 14
317 6
323 18
324 19
326 11
332 7
335 10
338 13
343 16
345 18
346 11
352 12
358 12
364 13
370 11
376 9
378 14
385 5
391 12
399 18
400 17
402 4
410 4
416 6
422 21
426 7
428 4
434 2
445 11
452 18
453 9
455 6
463 12
471 2
480 9
482 7
485 21
489 19
491 20
493 18
494 11
501 1
511 11
517 8
521 12
529 19
531 12
539 11
546 20
548 14
553 14
558 8
562 11
569 16
571 3
578 12
586 12
594 9
595 15
597 15
599 18
600 11
606 16
608 12
614 17
616 3
622 15
624 14
631 14
636 17
638 20
640 19
642 8
646 18
647 11
654 4
662 11
669 4
677 8
681 9
683 9
684 13
690 18
691 15
693 3
699 1
709 21
713 19
715 19
717 4
725 20
727 11
733 18
734 11
740 12
746 12
754 18
755 21
759 9
760 5
766 20
768 10
771 10
774 11
780 7
783 12
791 13
796 6
802 4
810 11
817 6
825 18
826 8
830 5
837 5
844 16
846 11
852 12
858 2
869 2
878 3
885 12
891 7
893 14
898 2
907 10
908 12
916 16
918 8
922 9
923 11
930 6
936 9
938 15
940 18
941 3
947 17
949 1
958 6
966 19
968 1
977 11
984 21
988 4
996 18
997 4
1003 5
1010 8
1012 16
1014 5
1021 3
1027 21
1031 5
1037 7
1040 6
1046 11
1053 15
1055 15
1057 15
1059 19
1061 9
1063 19
1065 12
1073 12
1081 13
1087 21
1091 10
1094 12
1100 12
1108 12
1116 10
1117 20
1119 2
1128 13
1134 11
1141 12
1147 15
1149 2
1160 11
1167 3
1173 7
1175 12
1183 18
1184 8
1186 12
1194 14
1199 6
1207 21
1211 19
1213 3
1219 1
1228 13
1233 16
1235 8
1239 2
1250 11
1256 18
1257 21
1261 3
1268 21
1272 6
1280 10
1283 4
1289 8
1293 1
1302 13
1307 18
1308 2
1319 8
1321 3
1327 4
1333 17
1335 20
1337 6
1343 4
1349 7
1352 19
1354 10
1357 9
1358 5
1364 21
1368 2
1377 14
1384 1
1394 7
1396 18
1397 20
1399 13
1405 5
1412 13
1417 15
1419 12
1427 10
1428 8
1430 4
1436 2
1445 20
1447 20
1449 9
1451 12
1457 8
1461 5
1467 4
1475 1
1484 13
1489 10
1490 19
1492 4
1500 10
1503 20
1505 20
1507 4
1513 11
1520 14
1527 11
1533 7
1536 12
1542 3
1549 9
1550 14
1555 12
1563 12
1571 11
1577 3
1584 12
1592 7
1594 21
1598 12
1604 4
1610 17
1612 3
1618 15
1620 12
1626 4
1634 11
1640 12
1646 11
1653 21
1657 7
1660 11
1667 6
1673 9
1674 11
1681 6
1687 13
1692 12
1700 4
1706 19
1708 10
1711 18
1712 11
1718 16
1720 12
1728 14
1733 7
1736 12
1742 7
1745 7
1747 8
1749 3
1755 18
1756 10
1759 14
1764 16
1766 15
1768 11
1774 15
1776 4
1782 4
1790 12
1798 16
1800 1
1809 18
1810 2
1821 3
1828 1
1837 18
1838 8
1842 15
1844 12
1852 3
1858 18
1859 10
1862 8
