387
1 11
7 16
9 6
17 3
24 6
31 11
37 15
39 14
45 5
51 17
53 20
55 15
57 17
59 16
61 17
63 18
64 17
66 16
68 15
70 17
72 16
74 21
78 2
88 6
94 12
100 8
104 10
105 5
111 11
118 11
125 7
127 11
133 6
139 10
140 7
143 15
145 11
152 14
158 5
165 14
171 9
173 6
180 3
186 6
193 1
203 18
204 3
211 11
217 13
222 9
224 18
225 7
227 9
228 12
235 1
244 18
245 14
252 12
260 10
261 3
267 2
277 3
284 17
286 18
287 12
294 2
304 17
306 1
315 12
321 18
322 21
326 9
327 15
329 21
333 21
337 16
339 9
340 18
341 11
348 15
350 16
352 13
357 12
363 11
370 15
372 11
379 3
385 17
387 10
389 8
391 9
393 12
401 4
408 11
415 14
421 9
423 11
429 11
436 4
444 11
451 8
454 5
461 8
464 4
471 18
472 13
478 16
480 2
490 2
500 12
508 19
510 12
518 9
519 12
526 18
527 1
537 11
543 16
545 9
547 11
553 11
560 12
567 21
571 17
573 19
575 5
582 16
584 8
587 12
593 14
598 4
605 6
613 7
616 17
618 11
624 21
628 15
630 13
636 5
642 13
647 15
649 16
651 7
653 19
655 2
665 10
667 11
674 17
676 19
678 10
680 13
685 14
691 12
699 12
706 11
713 21
717 11
723 3
730 12
737 9
739 11
746 7
749 3
755 2
764 8
766 2
776 10
779 10
782 12
788 5
795 5
802 8
805 11
811 12
817 12
823 14
829 15
831 11
837 11
843 15
845 12
853 1
862 19
864 12
871 17
873 2
884 1
893 16
895 19
897 4
903 10
905 16
907 16
909 17
911 18
912 5
918 18
919 3
925 7
927 19
929 3
936 11
942 12
948 2
958 12
964 5
971 3
977 14
984 8
987 10
989 12
996 5
1002 15
1004 9
1006 18
1007 18
1008 11
1015 2
1024 11
1030 17
1032 4
1040 3
1046 10
1049 9
1050 7
1053 17
1055 3
1062 11
1069 12
1076 13
1082 17
1084 8
1087 16
1089 21
1093 11
1100 20
1102 7
1105 16
1107 14
1112 8
1115 6
1122 12
1129 1
1138 15
1140 12
1147 12
1154 20
1156 20
1158 21
1162 4
1169 12
1176 12
1184 6
1191 2
1200 7
1203 18
1204 7
1207 2
1217 15
1219 13
1225 11
1231 1
1241 11
1248 17
1250 17
1252 18
1253 7
1255 12
1262 14
1268 18
1269 1
1279 15
1281 12
1287 14
1293 3
1300 12
1308 5
1314 4
1321 15
1323 10
1325 9
1326 2
1336 11
1343 18
1344 21
1348 4
1356 5
1363 21
1367 7
1370 6
1377 17
1379 12
1385 12
1393 1
1402 11
1408 11
1415 21
1419 13
1424 11
1431 16
1433 4
1439 21
1443 20
1445 9
1447 9
1449 12
1457 21
1461 7
1464 10
1466 18
1467 12
1473 8
1476 12
1482 11
1488 10
1490 5
1496 9
1498 7
1500 21
1504 5
1510 6
1517 21
1521 20
1523 14
1530 11
1537 12
1544 11
1551 12
1558 10
1560 6
1567 12
1574 3
1581 12
1588 14
1594 11
1600 10
1603 11
1610 12
1617 7
1619 17
1621 12
1628 13
1633 12
1640 14
1645 18
1646 17
1648 15
1650 11
1656 13
1661 13
1667 18
1668 18
1669 6
1675 15
1677 11
1684 16
1686 9
1687 1
1696 11
1703 7
1706 9
1707 12
1714 9
1716 12
1723 15
1725 1
1734 7
1736 16
1738 17
1740 12
1747 11
1753 1
1762 12
1769 15
1771 11
1778 9
1780 16
1782 17
1784 3
1790 12
1796 19
1798 15
1800 15
1802 20
1804 11
1811 17
1813 17
