10000
1 16
3 19
5 12
13 15
15 21
19 11
26 19
28 17
30 11
36 11
42 12
50 12
58 11
64 14
71 13
76 11
82 10
85 4
93 6
101 20
103 15
105 6
111 6
117 11
124 17
126 20
128 20
130 16
132 11
139 12
147 15
149 18
150 20
152 12
160 7
162 20
164 16
166 12
174 9
176 19
178 4
184 18
185 20
187 11
194 21
198 13
204 21
208 15
210 12
218 19
220 19
222 16
224 12
232 20
234 16
236 4
244 6
252 7
254 10
255 17
257 12
265 9
266 4
274 11
280 6
286 17
288 18
289 11
295 2
306 12
314 12
322 16
324 16
326 20
328 19
330 2
339 8
341 18
342 17
344 1
354 2
365 5
372 3
379 19
381 2
392 8
394 11
401 11
407 15
409 9
410 1
420 3
427 8
429 19
431 18
432 10
433 3
439 5
446 10
449 11
455 15
457 18
458 20
460 12
466 5
472 19
474 12
482 5
488 4
496 17
498 21
502 1
511 12
519 18
520 12
526 11
532 11
538 11
545 5
552 5
559 7
562 12
568 19
570 12
576 15
578 17
580 11
587 21
591 8
593 17
595 9
596 7
599 8
603 21
607 2
616 5
622 11
629 8
631 1
640 14
645 12
653 11
660 6
668 21
672 21
676 6
682 12
690 21
694 21
698 6
706 18
707 15
709 11
716 9
717 3
723 4
729 18
730 11
737 11
744 12
752 18
753 12
761 16
763 2
772 20
774 11
780 15
782 9
783 9
785 3
791 16
793 13
798 12
804 12
812 15
814 16
816 3
822 4
828 20
830 10
833 9
834 11
840 13
846 2
857 18
858 11
864 18
865 20
867 11
873 11
880 4
886 19
888 19
890 10
893 10
894 11
900 11
906 17
908 9
910 11
916 11
922 12
928 19
930 10
933 11
940 3
946 8
948 17
950 1
959 8
961 19
963 11
969 13
975 17
977 20
979 11
986 18
987 5
994 16
996 18
997 14
1002 6
1008 16
1010 18
1011 4
1017 12
1025 3
1032 7
1034 11
1040 20
1042 6
1050 15
1052 4
1060 20
1062 13
1068 3
1075 12
1081 5
1087 12
1095 18
1096 7
1098 16
1100 1
1110 20
1112 1
1122 5
1128 18
1129 6
1137 8
1141 15
1143 5
1150 1
1159 10
1160 12
1166 6
1174 20
1176 14
1183 18
1184 12
1192 15
1194 2
1205 12
1213 21
1217 3
1223 11
1229 12
1237 4
1245 5
1252 12
1258 2
1267 6
1275 18
1276 11
1282 6
1290 13
1296 7
1299 12
1305 11
1312 3
1318 13
1323 5
1329 2
1338 2
1349 12
1357 12
1363 4
1371 10
1372 5
1378 2
1389 5
1395 8
1399 15
1401 6
1409 14
1416 16
1418 1
1428 13
1433 12
1439 19
1441 6
1449 18
1450 14
1457 16
1459 16
1461 12
1467 13
1473 14
1480 10
1481 11
1487 3
1493 8
1495 11
1502 17
1504 10
1505 20
1507 2
1518 12
1524 20
1526 13
1531 1
1541 11
1547 7
1550 3
1557 7
1560 14
1567 11
1573 4
1579 21
1583 15
1585 18
1586 7
1588 18
1589 18
1590 14
1597 1
1607 8
1611 1
1620 16
1622 17
1624 21
1628 19
1630 11
1637 11
1643 6
1649 18
1650 11
1657 11
1663 2
1672 1
1682 8
1686 19
1688 12
1694 18
1695 12
1701 4
1707 12
1715 6
1723 11
1730 8
1734 18
1735 18
1736 14
1743 11
1749 1
1759 4
1765 21
1769 11
1776 11
1783 1
1793 7
1796 17
1798 8
1800 20
1802 11
1808 12
1816 6
1822 11
1828 13
1833 21
1837 8
1839 19
1841 7
1844 2
1855 8
1857 11
1864 11
1871 12
1879 12
1885 12
1893 10
1894 2
1905 9
1907 2
1916 10
1917 12
1923 21
1927 12
1935 11
1942 12
1950 6
1956 17
1958 17
1960 13
1965 1
1975 9
1976 11
1983 4
1989 12
1995 1
2004 13
2009 14
2016 18
2017 2
2028 19
2030 15
2032 7
2035 8
2039 11
2046 17
2048 20
2050 2
2061 15
2063 13
2069 16
2071 3
2078 3
2085 6
2091 18
2092 19
2094 14
2099 21
2103 14
2108 11
2114 12
2120 13
2125 20
2127 13
2132 13
2138 8
2140 7
2142 11
2149 20
2151 6
2159 3
2166 4
2172 15
2174 10
2175 5
2182 9
2183 11
2189 18
2190 11
2197 15
2199 3
2206 6
2212 11
2218 17
2220 18
2221 14
2226 13
2232 5
2239 10
2240 7
2242 3
2249 11
2256 2
2267 7
2270 6
2278 12
2284 8
2286 10
2287 11
2293 18
2294 18
2295 20
2297 18
2298 9
2299 20
2301 20
2303 12
2309 17
2311 4
2319 1
2328 11
2335 11
2341 11
2348 3
2354 13
2359 17
2361 3
2368 2
2377 6
2383 11
2389 2
2400 8
2404 17
2406 6
2414 3
2421 2
2432 16
2434 12
2442 5
2448 14
2455 18
2456 8
2458 3
2464 5
2471 7
2473 11
2479 1
2488 15
2490 18
2491 1
2501 8
2505 8
2509 8
2511 12
2519 12
2525 12
2531 16
2533 19
2535 10
2538 20
2540 18
2541 20
2543 12
2551 6
2557 19
2559 5
2566 11
2572 11
2578 11
2584 11
2591 20
2593 12
2599 10
2600 7
2603 2
2614 8
2616 1
2625 12
2631 15
2633 15
2635 12
2641 11
2647 6
2653 18
2654 7
2656 14
2663 5
2670 18
2671 9
2673 20
2675 3
2681 6
2689 12
2697 21
2701 13
2707 9
2708 15
2710 11
2717 8
2719 16
2721 15
2723 9
2724 3
2731 2
2742 2
2751 11
2758 2
2767 18
2768 20
2770 4
2778 3
2785 2
2796 2
2805 18
2806 4
2812 19
2814 18
2815 10
2818 8
2820 12
2826 5
2833 9
2835 14
2840 12
2846 18
2847 8
2849 11
2856 6
2864 17
2866 10
2867 14
2874 18
2875 17
2877 11
2883 3
2890 12
2898 16
2900 21
2904 11
2911 6
2919 8
2921 12
2929 9
2930 2
2939 11
2946 6
2954 16
2956 21
2960 11
2967 12
2973 5
2980 12
2986 17
2988 3
2994 10
2997 12
3005 10
3008 4
3014 11
3021 20
3023 12
3031 16
3033 11
3040 9
3042 8
3046 12
3054 13
3059 15
3061 16
3063 10
3066 15
3068 13
3074 13
3079 6
3087 18
3088 20
3090 12
3096 6
3104 13
3109 15
3111 2
3122 11
3128 2
3137 21
3141 2
3152 13
3157 20
3159 2
3168 9
3170 18
3171 11
3178 9
3180 11
3186 9
3188 15
3190 11
3196 14
3201 11
3207 10
3210 16
3212 21
3216 15
3218 15
3220 2
3229 21
3233 20
3235 5
3241 6
3247 10
3250 1
3259 10
3262 8
3264 3
3271 6
3277 11
3284 12
3292 13
3297 10
3300 16
3302 11
3309 12
3315 16
3317 9
3319 16
3321 2
3332 21
3336 18
3337 1
3347 12
3355 1
3364 1
3373 18
3374 3
3380 18
3381 4
3389 18
3390 8
3394 11
3401 12
3409 13
3415 13
3421 11
3427 4
3435 12
3443 17
3445 18
3446 4
3454 11
3460 15
3462 21
3466 12
3474 21
3478 5
3484 9
3486 10
3487 12
3493 11
3500 13
3506 14
3513 12
3519 9
3521 14
3526 12
3534 16
3536 17
3538 9
3539 14
3546 17
3548 16
3550 8
3552 5
3559 11
3565 20
3567 20
3569 3
3576 6
3584 11
3590 9
3592 20
3594 12
3602 18
3603 3
3610 12
3616 11
3622 9
3623 12
3631 11
3638 12
3646 1
3655 8
3657 4
3665 14
3670 14
3677 4
3683 5
3690 1
3699 9
3700 10
3703 11
3709 12
3717 1
3726 11
3733 12
3741 1
3750 8
3752 1
3761 18
3762 11
3768 12
3776 15
3778 5
3785 1
3794 11
3800 12
3808 21
3812 17
3814 2
3823 17
3825 5
3832 3
3838 19
3840 18
3841 18
3842 12
3848 12
3854 20
3856 21
3860 8
3864 21
3868 1
3878 6
3884 18
3885 6
3891 11
3898 18
3899 4
3907 14
3914 11
3921 6
3929 15
3931 18
3932 4
3940 13
3945 18
3946 4
3954 12
3962 6
3968 4
3974 20
3976 11
3983 21
3987 10
3990 12
3998 15
4000 21
4004 19
4006 7
4008 19
4010 5
4016 14
4021 9
4022 16
4024 11
4030 10
4033 21
4037 21
4041 19
4043 20
4045 20
4047 5
4053 4
4061 11
4068 11
4075 1
4085 16
4087 11
4093 13
4099 18
4100 14
4105 13
4110 19
4112 19
4114 16
4116 3
4122 4
4130 14
4135 11
4142 21
4146 18
4147 10
4148 2
4157 19
4159 5
4165 2
4174 19
4176 1
4186 16
4188 15
4190 14
4197 13
4202 6
4208 14
4215 12
4223 8
4227 20
4229 16
4231 8
4235 12
4241 20
4243 21
4247 18
4248 18
4249 2
4258 17
4260 1
4269 3
4275 12
4281 2
4292 10
4293 4
4301 13
4307 20
4309 8
4313 2
4322 1
4331 14
4336 11
4343 20
4345 11
4352 16
4354 6
4360 1
4369 6
4377 11
4384 11
4391 4
4399 1
4409 8
4413 11
4419 16
4421 5
4428 11
4435 14
4440 10
4443 3
4450 11
4457 8
4459 18
4460 11
4467 20
4469 7
4472 11
4479 12
4487 5
4493 18
4494 11
4500 9
4501 11
4507 11
4514 2
4523 19
4525 11
4532 18
4533 18
4534 16
4536 15
4538 11
4544 14
4551 8
4553 11
4560 7
4563 11
4570 16
4572 4
4580 13
4586 13
4591 19
4593 11
4599 18
4600 1
4610 8
4612 17
4614 13
4619 20
4621 17
4623 11
4630 11
4636 13
4641 1
4650 12
4656 4
4662 19
4664 3
4670 10
4671 2
4680 8
4682 18
4683 18
4684 13
4690 11
4697 20
4699 9
4700 13
4705 11
4712 19
4714 2
4725 2
4734 16
4736 9
4738 11
4744 12
4750 4
4758 12
4766 10
4769 6
4775 3
4781 3
4788 11
4794 12
4800 1
4810 11
4817 6
4823 16
4825 19
4827 2
4838 5
4844 13
4850 21
4854 5
4861 12
4867 12
4875 12
4883 9
4885 13
4891 1
4900 12
4908 21
4912 12
4920 6
4926 15
4928 19
4930 18
4931 18
4932 9
4934 3
4941 19
4943 5
4950 18
4951 5
4957 17
4959 18
4960 14
4965 14
4970 16
4972 6
4980 8
4982 19
4984 16
4986 3
4992 18
4993 18
4994 12
5002 8
5006 10
5007 9
5009 1
5018 7
5020 20
5022 16
5024 21
5028 2
5039 16
5041 1
5050 11
5057 11
5063 9
5065 12
5073 18
5074 9
5076 12
5082 12
5088 11
5095 5
5102 6
5108 19
5110 20
5112 4
5120 15
5122 3
5129 18
5130 14
5135 11
5142 16
5144 12
5152 11
5158 4
5164 12
5172 7
5174 11
5180 16
5182 8
5184 14
5191 5
5198 3
5204 12
5212 11
5219 14
5226 18
5227 8
5229 20
5231 6
5237 1
5247 8
5251 12
5257 14
5264 8
5268 11
5275 7
5278 11
5285 11
5291 4
5299 1
5309 11
5315 8
5319 13
5325 18
5326 20
5328 19
5330 20
5332 2
5343 10
5344 3
5350 13
5355 7
5357 20
5359 11
5366 16
5368 12
5374 18
5375 12
5381 21
5385 12
5391 13
5396 19
5398 14
5405 9
5407 10
5408 5
5414 14
5421 20
5423 12
5429 6
5437 1
5446 12
5452 3
5458 10
5461 2
5470 3
5476 1
5486 9
5488 18
5489 4
5497 9
5498 6
5504 11
5511 12
5517 18
5518 11
5524 1
5534 21
5538 10
5539 6
5545 5
5551 1
5561 5
5568 6
5576 4
5584 2
5595 21
5599 2
5608 16
5610 18
5611 12
5617 9
5618 15
5620 16
5622 12
5630 18
5631 3
5637 8
5639 15
5641 14
5648 18
5649 16
5651 9
5653 9
5655 11
5661 18
5662 20
5664 7
5667 18
5668 18
5669 19
5671 1
5681 1
5691 4
5697 17
5699 19
5701 12
5709 12
5717 9
5719 20
5721 18
5722 9
5723 20
5725 12
5731 8
5733 13
5738 12
5744 8
5746 5
5753 6
5759 9
5760 21
5764 11
5770 19
5772 21
5776 14
5781 7
5784 11
5791 12
5799 19
5801 10
5802 5
5808 7
5810 12
5818 11
5824 7
5827 12
5833 2
5844 3
5851 4
5857 1
5866 12
5872 13
5877 4
5883 5
5889 18
5890 3
5896 1
5906 5
5913 15
5915 10
5916 11
5922 13
5927 18
5928 19
5930 12
5938 16
5940 1
5949 7
5952 11
5958 15
5960 15
5962 7
5965 11
5971 13
5977 4
5985 9
5986 11
5993 12
6001 8
6003 12
6011 18
6012 12
6020 11
6026 8
6028 15
6030 2
6041 18
6042 17
6044 1
6053 10
6054 4
6062 2
6073 6
6079 3
6085 11
6091 3
6097 1
6107 3
6113 14
6118 13
6123 13
6129 4
6137 16
6139 16
6141 7
6143 4
6151 12
6157 5
6164 5
6170 13
6175 12
6183 20
6185 1
6194 20
6196 11
6203 10
6206 1
6216 7
6218 3
6225 11
6231 18
6232 7
6235 15
6237 1
6247 9
6249 2
6260 5
6267 3
6273 19
6275 11
6282 19
6284 6
6292 3
6299 8
6301 10
6302 12
6308 2
6319 8
6321 19
6323 13
6329 2
6340 11
6347 7
6349 12
6357 2
6368 17
6370 20
6372 18
6373 4
6379 21
6383 12
6389 19
6391 16
6393 13
6399 18
6400 10
6401 15
6403 3
6409 12
6415 21
6419 19
6421 16
6423 20
6425 10
6428 16
6430 12
6438 14
6443 12
6449 11
6455 3
6461 7
6463 2
6472 5
6478 15
6480 8
6484 19
6486 17
6488 20
6490 4
6496 2
6505 7
6508 13
6513 1
6522 17
6524 3
6531 6
6539 1
6548 11
6555 18
6556 18
6557 8
6559 12
6567 16
6569 6
6575 4
6581 10
6584 2
6595 21
6599 11
6606 12
6614 14
6619 3
6626 11
6632 3
6639 19
6641 13
6647 16
6649 15
6651 20
6653 12
6661 4
6667 19
6669 6
6677 21
6681 11
6688 20
6690 12
6698 9
6700 20
6702 12
6708 6
6714 10
6715 10
6718 12
6724 21
6728 21
6732 8
6734 13
6740 11
6746 13
6751 11
6757 15
6759 8
6763 12
6771 8
6775 2
6786 1
6796 6
6802 10
6805 3
6811 17
6813 20
6815 21
6819 19
6821 4
6829 14
6834 17
6836 13
6841 14
6848 14
6855 7
6857 8
6859 4
6867 8
6869 1
6878 7
6880 18
6881 5
6888 21
6892 6
6898 11
6904 10
6907 9
6908 21
6912 3
6919 12
6927 3
6934 16
6936 15
6938 2
6949 11
6955 20
6957 17
6959 10
6960 12
6968 6
6974 9
6976 7
6978 3
6984 14
6989 19
6991 15
6993 8
6997 1
7006 3
7012 19
7014 18
7015 5
7022 20
7024 17
7026 11
7032 19
7034 1
7044 12
7050 20
7052 1
7061 5
7067 2
7078 11
7084 12
7090 4
7098 11
7104 11
7111 11
7118 21
7122 18
7123 20
7125 18
7126 8
7128 14
7135 15
7137 7
7139 3
7145 8
7147 9
7148 5
7154 11
7160 20
7162 15
7164 11
7171 15
7173 12
7181 12
7189 12
7197 12
7203 21
7207 7
7210 11
7216 11
7223 6
7231 2
7242 19
7244 7
7246 3
7253 12
7261 11
7267 11
7274 12
7280 5
7286 11
7292 18
7293 13
7298 16
7300 2
7309 3
7315 20
7317 12
7323 20
7325 13
7331 15
7333 11
7339 5
7346 12
7354 2
7365 7
7367 12
7373 12
7381 2
7392 5
7399 15
7401 9
7403 13
7408 11
7415 14
7422 10
7425 11
7432 14
7437 3
7443 13
7449 21
7453 11
7459 7
7462 9
7464 15
7466 18
7467 12
7475 12
7483 1
7492 6
7500 15
7502 19
7504 11
7510 11
7516 15
7518 12
7526 12
7534 20
7536 9
7537 11
7544 13
7550 9
7552 10
7553 8
7555 4
7561 20
7563 12
7569 11
7576 14
7583 19
7585 2
7594 19
7596 12
7602 11
7608 8
7610 1
7619 8
7621 14
7626 6
7632 11
7639 3
7646 5
7653 9
7654 18
7655 13
7661 4
7669 17
7671 13
7676 19
7678 13
7684 2
7695 1
7705 11
7712 15
7714 11
7720 20
7722 11
7728 7
7731 11
7737 9
7738 10
7739 9
7740 14
7747 14
7752 18
7753 18
7754 5
7760 1
7770 5
7777 18
7778 11
7784 11
7791 12
7797 18
7798 12
7804 1
7813 12
7821 2
7830 12
7836 12
7842 12
7848 9
7849 12
7855 10
7856 11
7862 16
7864 14
7869 6
7875 21
7879 11
7886 13
7892 4
7900 11
7907 11
7914 18
7915 6
7921 12
7927 19
7929 10
7932 11
7938 11
7944 2
7955 21
7959 18
7960 20
7962 21
7966 20
7968 3
7974 16
7976 19
7978 20
7980 17
7982 20
7984 15
7986 9
7988 3
7994 18
7995 7
7998 4
8006 10
8009 3
8016 11
8023 14
8028 21
8032 20
8034 9
8036 11
8043 12
8049 11
8056 9
8057 14
8064 7
8066 12
8074 15
8076 11
8082 10
8085 4
8091 4
8097 1
8106 15
8108 8
8112 9
8113 15
8115 20
8117 12
8125 17
8127 21
8131 12
8139 3
8145 21
8149 6
8155 21
8159 18
8160 18
8161 8
8163 9
8164 21
8168 17
8170 11
8177 4
8183 11
8190 16
8192 8
8196 3
8203 21
8207 11
8214 10
8215 11
8221 15
8223 16
8225 17
8227 2
8238 16
8240 12
8248 13
8253 11
8260 10
8261 20
8263 16
8265 10
8268 10
8269 16
8271 4
8279 11
8285 8
8289 17
8291 1
8301 4
8307 5
8314 5
8320 8
8324 9
8326 6
8334 6
8340 14
8345 1
8355 3
8362 18
8363 12
8369 12
8375 11
8382 11
8388 7
8391 10
8394 19
8396 10
8399 13
8404 1
8413 16
8415 12
8423 13
8429 12
8435 11
8441 12
8447 11
8454 15
8456 13
8461 1
8470 1
8480 13
8486 21
8490 16
8492 19
8494 15
8496 20
8498 8
8502 12
8508 15
8510 2
8521 11
8528 21
8532 6
8538 1
8548 16
8550 15
8552 20
8554 2
8565 17
8567 9
8568 20
8570 21
8574 15
8576 3
8583 19
8585 3
8592 9
8593 9
8595 3
8602 9
8604 12
8612 16
8614 1
8623 21
8627 4
8633 17
8635 12
8643 3
8650 19
8652 18
8653 12
8659 11
8666 18
8667 21
8671 13
8677 20
8679 21
8683 18
8684 11
8690 5
8697 12
8703 21
8707 12
8713 11
8720 9
8721 8
8725 21
8729 15
8731 5
8738 18
8739 9
8741 6
8749 2
8760 7
8762 4
8768 9
8769 12
8777 12
8785 18
8786 9
8788 16
8790 21
8794 1
8803 3
8810 15
8812 12
8818 3
8824 14
8831 15
8833 5
8840 8
8844 12
8852 18
8853 16
8855 7
8858 17
8860 1
8870 9
8871 21
8875 19
8877 6
8883 8
8887 18
8888 14
8895 5
8901 3
8908 19
8910 19
8912 5
8918 3
8924 9
8925 3
8932 21
8936 18
8937 13
8943 19
8945 18
8946 17
8948 1
8957 18
8958 17
8960 15
8962 1
8972 21
8976 5
8983 13
8988 1
8997 15
8999 11
9006 18
9007 17
9009 1
9019 20
9021 13
9026 18
9027 11
9034 17
9036 11
9043 13
9048 13
9053 18
9054 4
9062 4
9068 17
9070 17
9072 10
9075 2
9086 3
9092 8
9096 16
9098 12
9106 12
9114 12
9120 5
9126 20
9128 11
9134 13
9139 9
9141 20
9143 11
9150 12
9158 8
9162 3
9168 6
9174 12
9180 12
9186 11
9193 8
9195 3
9201 21
9205 21
9209 6
9217 4
9225 18
9226 6
9232 20
9234 10
9237 21
9241 1
9250 6
9256 5
9263 2
9274 15
9276 21
9280 9
9282 18
9283 18
9284 12
9292 4
9300 17
9302 20
9304 7
9307 11
9313 7
9315 12
9321 4
9329 5
9335 5
9342 16
9344 5
9351 14
9358 3
9365 16
9367 12
9373 11
9380 12
9388 4
9394 7
9397 14
9404 6
9410 15
9412 11
9419 12
9427 12
9433 7
9435 10
9436 12
9444 11
9451 18
9452 2
9461 9
9463 18
9464 21
9468 18
9469 3
9475 5
9482 20
9484 5
9490 17
9492 13
9498 5
9504 9
9506 19
9508 7
9510 20
9512 7
9514 16
9516 7
9519 9
9520 11
9527 16
9529 20
9531 1
9541 17
9543 20
9545 19
9547 12
9555 14
9562 17
9564 18
9565 14
9572 12
9580 11
9586 2
9595 19
9597 17
9599 5
9606 18
9607 16
9609 5
9616 4
9624 12
9630 4
9638 11
9645 12
9653 16
9655 2
9664 11
9671 16
9673 18
9674 9
9676 7
9679 13
9684 17
9686 20
9688 18
9689 11
9696 18
9697 14
9704 11
9710 19
9712 12
9718 6
9726 12
9734 8
9738 9
9740 10
9741 3
9748 11
9755 15
9757 11
9764 12
9770 10
9771 11
9777 13
9782 18
9783 19
9785 1
9794 9
9795 11
9801 12
9809 10
9810 3
9816 15
9818 10
9819 6
9827 10
9828 11
9834 5
9841 14
9846 4
9852 20
9854 7
9857 20
9859 3
9866 11
9872 4
9878 14
9885 9
9887 16
9889 18
9890 1
9900 12
9908 8
9910 2
9919 10
9920 14
9925 13
9931 5
9937 20
9939 14
9946 13
9951 4
9957 1
9966 12
9974 6
9982 20
9984 5
9991 21
9995 3
10001 16
10003 13
10008 11
10015 11
10021 11
10027 13
10033 14
10040 7
10043 18
10044 12
10050 11
10057 21
10061 12
10067 11
10073 19
10075 8
10077 2
10086 15
10088 12
10096 1
10106 17
10108 2
10119 20
10121 18
10122 17
10124 11
10131 9
10133 6
10141 17
10143 3
10149 9
10151 10
10154 15
10156 21
10160 18
10161 5
10168 15
10170 21
10174 8
10178 14
10183 11
10190 16
10192 2
10203 10
10204 4
10210 9
10212 9
10213 8
10217 2
10226 5
10232 21
10236 18
10237 3
10243 18
10244 4
10252 15
10254 18
10255 19
10257 12
10263 12
10271 21
10275 2
10284 15
10286 11
10292 9
10293 12
10301 9
10303 18
10304 8
10306 7
10309 9
10310 1
10320 5
10327 1
10337 2
10348 8
10352 13
10358 15
10360 4
10368 17
10370 13
10376 3
10383 4
10391 4
10397 4
10403 1
10412 13
10418 17
10420 7
10422 8
10426 15
10428 15
10430 15
10432 7
10435 4
10443 7
10446 10
10447 20
10449 12
10457 6
10465 15
10467 7
10470 8
10474 19
10476 14
10481 13
10487 19
10489 18
10490 11
10497 6
10505 15
10507 9
10508 21
10512 12
10520 4
10528 12
10536 12
10542 5
10548 19
10550 16
10552 18
10553 5
10560 15
10562 1
10571 16
10573 18
10574 9
10576 11
10583 19
10585 5
10591 12
10599 21
10603 18
10604 5
10611 16
10613 10
10614 19
10616 12
10622 11
10628 12
10636 13
10642 12
10648 11
10654 11
10660 21
10664 3
10671 2
10680 18
10681 12
10689 7
10692 10
10695 12
10703 3
10709 7
10711 18
10712 18
10713 1
10722 11
10728 19
10730 14
10737 11
10743 11
10749 13
10755 14
10760 13
10766 12
10772 18
10773 8
10775 19
10777 14
10784 6
10790 11
10797 14
10804 5
10810 18
10811 13
10817 16
10819 21
10823 11
10830 18
10831 18
10832 12
10840 8
10844 11
10850 5
10856 17
10858 12
10866 12
10872 1
10882 3
10888 10
10889 13
10894 11
10900 4
10908 3
10914 16
10916 11
10923 15
10925 11
10931 9
10932 11
10939 14
10944 21
10948 12
10954 21
10958 3
10965 15
10967 5
10974 17
10976 11
10982 8
10984 21
10988 15
10990 11
10997 5
11003 1
11012 18
11013 12
11019 8
11023 11
11029 8
11031 16
11033 13
11038 12
11046 7
11048 6
11054 8
11056 11
11063 7
11066 9
11067 20
11069 1
11078 18
11079 14
11086 4
11094 8
11096 13
11101 20
11103 3
11109 10
11112 9
11114 8
11118 13
11124 15
11126 9
11127 9
11129 21
11133 9
11134 6
11140 20
11142 12
11148 16
11150 19
11152 11
11158 11
11164 10
11167 4
11173 19
11175 11
11182 11
11189 13
11194 13
11199 21
11203 16
11205 10
11208 3
11214 12
11222 12
11230 7
11232 9
11234 18
11235 18
11236 16
11238 21
11242 11
11248 5
11254 14
11259 4
11267 13
11272 2
11283 21
11287 1
11296 20
11298 10
11301 16
11303 20
11305 8
11307 11
11314 11
11320 5
11326 11
11333 12
11341 18
11342 14
11347 4
11353 7
11356 13
11361 1
11370 12
11378 12
11384 19
11386 6
11392 2
11401 15
11403 12
11411 17
11413 18
11414 12
11420 1
11430 5
11436 11
11442 13
11448 20
11450 11
11456 9
11457 20
11459 11
11465 5
11471 11
11478 18
11479 8
11483 19
11485 17
11487 6
11495 18
11496 19
11498 14
11503 5
11509 6
11517 6
11525 12
11533 7
11536 11
11542 4
11550 5
11556 10
11557 2
11568 2
11577 6
11585 7
11587 11
11593 2
11604 19
11606 5
11612 5
11618 11
11625 9
11627 9
11628 18
11629 1
11639 5
11646 2
11655 21
11659 12
11667 18
11668 16
11670 6
11678 12
11684 10
11687 10
11688 20
11690 12
11698 12
11704 11
11710 15
11712 13
11718 3
11724 14
11729 2
11740 7
11742 12
11750 13
11756 13
11761 1
11770 11
11777 3
11784 12
11790 19
11792 3
11798 7
11801 14
11808 13
11814 5
11821 15
11823 16
11825 11
11831 12
11837 19
11839 13
11844 12
11852 20
11854 19
11856 10
11859 19
11861 5
11868 21
11872 19
11874 12
11880 2
11891 12
11897 10
11898 1
11908 17
11910 11
11916 17
11918 9
11919 21
11923 5
11929 17
11931 12
11937 12
11945 18
11946 2
11955 9
11956 3
11963 6
11969 11
11976 18
11977 20
11979 4
11985 11
11992 1
12001 8
12005 3
12011 12
12019 11
12026 11
12033 13
12038 11
12045 12
12051 12
12057 16
12059 11
12066 16
12068 11
12074 17
12076 11
12082 11
12089 12
12097 4
12103 16
12105 4
12113 3
12120 11
12126 18
12127 17
12129 21
12133 2
12142 21
12146 12
12152 13
12157 20
12159 14
12166 11
12173 3
12179 3
12186 19
12188 18
12189 1
12199 19
12201 6
12209 13
12215 16
12217 12
12223 20
12225 11
12232 4
12238 2
12249 11
12255 16
12257 21
12261 3
12267 11
12273 4
12279 14
12284 1
12294 7
12297 3
12304 3
12310 20
12312 9
12313 4
12321 17
12323 1
12333 21
12337 4
12343 11
12349 15
12351 20
12353 1
12363 3
12370 12
12378 12
12386 20
12388 11
12394 11
12401 13
12407 21
12411 4
12419 21
12423 15
12425 14
12430 3
12436 18
12437 11
12443 1
12453 16
12455 2
12466 10
12467 18
12468 13
12473 11
12479 17
12481 10
12482 5
12488 12
12496 13
12502 5
12508 11
12515 18
12516 15
12518 7
12520 3
12527 11
12534 14
12541 15
12543 9
12545 16
12547 18
12548 15
12550 13
12555 20
12557 7
12560 16
12562 14
12569 1
12578 7
12580 18
12581 8
12585 11
12591 15
12593 12
12599 18
12600 11
12606 18
12607 11
12613 3
12620 10
12623 5
12629 11
12636 12
12642 16
12644 21
12648 1
12658 17
12660 12
12668 5
12675 11
12681 9
12683 15
12685 6
12691 5
12698 6
12706 3
12712 4
12718 15
12720 2
12731 21
12735 18
12736 21
12740 16
12742 21
12746 20
12748 9
12750 19
12752 20
12754 8
12758 1
12767 6
12775 5
12782 15
12784 5
12790 18
12791 12
12799 2
12808 6
12816 13
12821 15
12823 12
12831 18
12832 1
12842 6
12848 18
12849 19
12851 12
12857 1
12866 14
12871 3
12878 3
12884 13
12889 13
12895 15
12897 16
12899 14
12906 14
12913 21
12917 18
12918 11
12925 9
12926 19
12928 7
12930 1
12940 8
12944 13
12950 1
12960 14
12967 16
12969 18
12970 16
12972 11
12978 2
12987 15
12989 10
12990 6
12996 1
13005 4
13013 12
13021 16
13023 8
13027 3
13033 9
13034 12
13040 7
13042 15
13044 7
13047 2
13056 7
13059 17
13061 11
13067 4
13075 14
13082 11
13089 16
13091 6
13099 11
13106 17
13108 12
13114 9
13116 5
13122 20
13124 13
13129 20
13131 1
13140 7
13143 15
13145 14
13150 3
13156 17
13158 15
13160 15
13162 13
13167 20
13169 20
13171 12
13177 12
13185 14
13190 4
13198 10
13201 9
13203 11
13209 1
13219 12
13227 3
13234 13
13239 2
13248 11
13254 12
13262 8
13264 19
13266 4
13274 7
13276 18
13277 12
13285 12
13293 11
13300 21
13304 8
13308 14
13313 12
13319 11
13325 14
13330 7
13332 12
13338 11
13344 8
13346 10
13347 15
13349 18
13350 8
13354 12
13362 6
13368 18
13369 19
13371 1
13381 5
13387 17
13389 12
13397 11
13404 18
13405 6
13413 17
13415 16
13417 1
13426 5
13432 21
13436 4
13444 21
13448 8
13452 11
13459 11
13465 10
13468 20
13470 11
13477 11
13483 21
13487 7
13490 9
13491 18
13492 16
13494 3
13500 20
13502 21
13506 2
13517 2
13526 7
13528 20
13530 10
13533 15
13535 21
13539 17
13541 15
13543 9
13545 18
13546 11
13552 1
13562 18
13563 2
13572 12
13580 6
13586 8
13590 2
13599 18
13600 7
13602 20
13604 13
13610 19
13612 16
13614 4
13622 4
13630 11
13637 13
13643 17
13645 9
13647 10
13650 2
13661 15
13663 14
13668 13
13673 19
13675 14
13682 10
13685 12
13691 2
13702 12
13710 21
13714 18
13715 18
13716 7
13719 18
13720 14
13727 12
13735 12
13741 21
13745 3
13752 16
13754 12
13762 1
13771 2
13780 9
13781 21
13785 12
13791 19
13793 14
13798 11
13804 9
13806 18
13807 14
13812 10
13813 20
13815 9
13816 18
13817 5
13823 16
13825 12
13833 16
13835 7
13838 21
13842 13
13848 5
13855 12
13863 9
13864 12
13870 12
13878 19
13880 2
13891 6
13897 15
13899 12
13905 14
13912 5
13919 1
13929 20
13931 12
13939 17
13941 9
13943 8
13947 17
13949 2
13958 19
13960 11
13966 15
13968 1
13977 15
13979 6
13985 16
13987 21
13991 19
13993 19
13995 12
14003 19
14005 16
14007 7
14010 18
14011 15
14013 13
14019 1
14029 3
14035 10
14038 1
14048 10
14051 20
14053 8
14057 7
14059 16
14061 11
14068 6
14074 18
14075 17
14077 3
14084 5
14091 3
14098 12
14106 8
14108 1
14118 2
14129 12
14137 9
14139 14
14146 1
14156 19
14158 8
14162 19
14164 3
14171 9
14173 6
14181 15
14183 15
14185 17
14187 13
14192 13
14197 11
14204 10
14207 17
14209 11
14216 18
14217 8
14219 3
14225 12
14231 5
14237 19
14239 11
14245 19
14247 18
14248 12
14256 12
14264 15
14266 20
14268 8
14270 13
14275 14
14282 9
14284 17
14286 8
14288 12
14296 9
14297 15
14299 1
14308 19
14310 18
14311 9
14312 3
14318 6
14326 18
14327 11
14334 10
14337 10
14340 17
14342 12
14348 9
14350 10
14353 16
14355 3
14361 4
14369 12
14377 10
14380 16
14382 20
14384 14
14389 16
14391 13
14397 9
14399 12
14407 13
14413 5
14419 4
14427 11
14434 16
14436 11
14442 4
14448 11
14455 12
14463 18
14464 12
14472 10
14475 4
14481 16
14483 14
14490 1
14499 11
14505 6
14513 6
14519 3
14526 15
14528 8
14530 4
14536 12
14544 15
14546 8
14548 2
14557 12
14565 18
14566 7
14568 12
14576 9
14577 2
14586 15
14588 17
14590 12
14596 11
14602 11
14609 5
14616 6
14624 10
14627 16
14629 17
14631 13
14636 12
14642 7
14645 2
14656 16
14658 8
14660 14
14667 17
14669 3
14675 11
14681 4
14687 19
14689 7
14691 14
14696 11
14703 21
14707 5
14713 19
14715 14
14720 14
14727 12
14735 16
14737 11
14744 16
14746 11
14753 1
14763 12
14771 6
14777 12
14783 20
14785 1
14795 17
14797 11
14803 16
14805 2
14814 17
14816 2
14825 12
14833 16
14835 7
14838 12
14844 19
14846 20
14848 4
14856 19
14858 4
14864 11
14870 18
14871 20
14873 5
14880 17
14882 8
14886 3
14893 7
14895 12
14903 13
14908 7
14911 14
14916 1
14926 10
14929 3
14936 13
14941 11
14948 18
14949 15
14951 1
14961 21
14965 7
14968 11
14975 12
14983 20
14985 16
14987 6
14995 8
14997 18
14998 3
15004 12
15010 15
15012 17
15014 15
15016 12
15024 15
15026 11
15032 1
15042 12
15050 16
15052 14
15059 20
15061 7
15064 4
15070 11
15077 15
15079 16
15081 16
15083 1
15092 10
15095 15
15097 11
15103 15
15105 18
15106 13
15112 12
15118 3
15125 20
15127 8
15129 9
15131 12
15137 2
15146 5
15152 7
15155 18
15156 16
15158 16
15160 15
15162 13
15167 16
15169 16
15171 15
15173 15
15175 18
15176 18
15177 18
15178 11
15185 20
15187 6
15193 15
15195 18
15196 14
15203 11
15210 18
15211 15
15213 2
15222 5
15228 12
15234 12
15242 1
15252 11
15259 10
15262 20
15264 12
15270 14
15277 5
15284 9
15286 21
15290 18
15291 21
15295 11
15302 3
15309 18
15310 12
15316 10
15317 8
15321 13
15327 14
15332 5
15339 6
15345 7
15347 2
15358 17
15360 10
15361 11
15367 2
15378 2
15387 18
15388 3
15395 15
15397 12
15405 10
15406 9
15407 20
15409 10
15412 12
15418 13
15424 2
15435 14
15440 18
15441 16
15443 11
15449 12
15455 18
15456 19
15458 9
15460 18
15461 2
15470 14
15475 16
15477 18
15478 17
15480 2
15491 15
15493 19
15495 16
15497 16
15499 12
15505 5
15512 16
15514 14
15519 14
15524 5
15530 9
15532 6
15540 11
15546 17
15548 2
15559 17
15561 3
15567 11
15573 1
15582 14
15587 6
15595 11
15601 9
15603 13
15609 6
15617 7
15620 12
15628 11
15634 5
15641 2
15652 3
15659 21
15663 18
15664 6
15672 18
15673 20
15675 10
15676 1
15685 18
15686 11
15692 11
15698 21
15702 9
15704 11
15711 16
15713 7
15716 11
15723 12
15731 11
15738 1
15747 18
15748 14
15755 18
15756 6
15764 2
15773 8
15777 18
15778 15
15780 18
15781 12
15787 15
15789 18
15790 3
15797 21
15801 4
15809 11
15816 6
15822 16
15824 3
15831 5
15838 11
15845 3
15852 15
15854 2
15863 12
15869 14
15874 17
15876 4
15884 14
15891 9
15893 13
15898 21
15902 11
15908 9
15910 12
15918 17
15920 4
15926 18
15927 8
15931 18
15932 11
15939 9
15941 1
15951 4
15957 12
15965 10
15968 20
15970 9
15972 20
15974 17
15976 12
15984 18
15985 12
15991 4
15997 11
16004 11
16010 5
16017 5
16024 18
16025 8
16029 1
16038 19
16040 19
16042 11
16048 1
16058 8
16060 9
16062 11
16068 9
16070 18
16071 18
16072 11
16079 11
16085 16
16087 2
16096 13
16102 21
16106 17
16108 15
16110 11
16117 3
16124 5
16131 14
16138 1
16147 13
16152 18
16153 15
16155 17
16157 2
16168 6
16176 7
16178 11
16184 9
16185 14
16192 11
16199 18
16200 4
16208 3
16214 14
16219 18
16220 12
16228 16
16230 7
16232 12
16238 4
16244 12
16250 20
16252 15
16254 9
16256 11
16263 13
16269 15
16271 9
16273 2
16284 16
16286 4
16292 12
16298 11
16305 20
16307 21
16311 10
16312 12
16320 5
16326 18
16327 11
16333 5
16340 16
16342 4
16348 8
16352 6
16358 13
16363 12
16371 16
16373 10
16376 12
16382 12
16388 19
16390 14
16395 11
16402 8
16404 18
16405 2
16414 4
16420 11
16426 11
16433 13
16438 5
16445 11
16452 12
16460 21
16464 16
16466 5
16473 19
16475 1
16485 8
16487 16
16489 11
16495 4
16503 11
16510 15
16512 20
16514 6
16520 17
16522 3
16529 6
16537 20
16539 2
16548 10
16551 2
16560 10
16563 18
16564 9
16566 16
16568 3
16574 6
16580 10
16581 11
16588 15
16590 12
16596 14
16603 11
16610 7
16613 12
16619 18
16620 17
16622 12
16630 9
16632 7
16634 21
16638 4
16646 3
16652 12
16660 10
16661 12
16667 15
16669 5
16675 6
16683 7
16686 2
16697 5
16703 11
16710 8
16714 11
16720 17
16722 18
16723 11
16729 14
16736 12
16742 9
16744 4
16750 1
16759 19
16761 1
16770 1
16780 16
16782 7
16785 15
16787 5
16794 2
16805 9
16806 3
16812 17
16814 3
16821 15
16823 9
16824 16
16826 1
16835 11
16841 20
16843 15
16845 20
16847 4
16853 18
16854 2
16863 18
16864 4
16870 15
16872 10
16875 12
16883 19
16885 8
16889 21
16893 1
16903 16
16905 1
16914 11
16921 15
16923 12
16929 19
16931 3
16937 17
16939 5
16946 7
16949 3
16955 19
16957 17
16959 2
16968 18
16969 15
16971 13
16977 9
16978 16
16980 18
16981 18
16982 11
16989 3
16996 12
17004 16
17006 19
17008 10
17009 1
17019 2
17030 15
17032 17
17034 10
17035 16
17037 11
17044 11
17051 11
17058 4
17066 11
17072 17
17074 8
17076 14
17083 19
17085 1
17094 11
17101 12
17107 8
17111 11
17118 11
17125 18
17126 18
17127 18
17128 11
17134 11
17141 12
17149 18
17150 17
17152 7
17154 12
17162 12
17170 10
17173 18
17174 11
17180 6
17188 14
17193 4
17201 18
17202 7
17204 18
17205 4
17211 21
17215 15
17217 12
17223 2
17232 5
17238 1
17248 18
17249 12
17257 10
17260 1
17270 16
17272 11
17279 13
17285 15
17287 5
17294 10
17297 3
17303 4
17311 17
17313 1
17322 9
17323 16
17325 13
17330 17
17332 2
17341 18
17342 21
17346 3
17352 21
17356 12
17362 11
17369 10
17372 11
17379 17
17381 16
17383 18
17384 16
17386 18
17387 11
17394 11
17401 9
17402 7
17404 19
17406 12
17412 11
17418 8
17422 6
17428 2
17437 9
17439 8
17443 17
17445 19
17447 20
17449 11
17455 9
17457 16
17459 19
17461 11
17467 12
17475 20
17477 12
17483 16
17485 15
17487 3
17493 4
17499 13
17504 20
17506 18
17507 18
17508 2
17519 11
17526 3
17533 16
17535 11
17542 9
17543 9
17545 15
17547 18
17548 14
17553 17
17555 19
17557 17
17559 13
17565 2
17574 3
17581 1
17591 11
17597 2
17606 11
17613 14
17620 21
17624 14
17629 2
17638 10
17641 2
17650 18
17651 17
17653 15
17655 19
17657 18
17658 12
17664 5
17671 14
17676 6
17682 18
17683 6
17691 1
17701 11
17708 13
17714 19
17716 15
17718 21
17722 11
17729 13
17734 12
17742 9
17744 21
17748 16
17750 19
17752 4
17758 19
17760 9
17761 19
17763 11
17769 4
17775 18
17776 21
17780 18
17781 12
17789 17
17791 17
17793 12
17799 18
17800 14
17805 12
17813 11
17820 12
17828 18
17829 6
17835 12
17841 15
17843 19
17845 15
17847 4
17855 13
17860 9
17862 3
17869 1
17878 12
17884 13
17890 18
17891 1
17901 3
17908 2
17919 15
17921 7
17924 18
17925 14
17930 8
17934 21
17938 11
17944 21
17948 8
17952 18
17953 16
17955 14
17962 16
17964 16
17966 15
17968 21
17972 2
17983 2
17992 13
17997 9
17999 7
18002 4
18008 18
18009 12
18015 15
18017 12
18023 12
18031 12
18039 7
18041 2
18052 11
18059 1
18069 5
18076 20
18078 4
18086 2
18095 11
18102 6
18108 6
18114 8
18116 13
18122 9
18123 10
18124 18
18125 13
18131 11
18138 2
18147 15
18149 8
18153 9
18155 9
18156 9
18158 4
18164 10
18165 11
18171 12
18177 5
18183 7
18185 9
18186 19
18188 16
18190 11
18196 1
18205 19
18207 20
18209 12
18215 12
18223 11
18229 1
18238 5
18245 4
18253 9
18254 3
18260 18
18261 5
18267 17
18269 11
18275 13
18281 11
18288 8
18292 19
18294 5
18300 9
18301 13
18306 9
18307 3
18314 5
18321 11
18327 18
18328 1
18338 11
18345 4
18351 1
18361 1
18370 3
18377 12
18385 19
18387 19
18389 16
18391 5
18398 17
18400 18
18401 12
18409 15
18411 13
18416 6
18424 2
18433 7
18436 11
18442 17
18444 13
18449 18
18450 17
18452 10
18455 17
18457 13
18463 18
18464 15
18466 8
18470 1
18479 12
18487 4
18493 11
18499 11
18505 9
18507 3
18514 18
18515 10
18516 17
18518 18
18519 10
18522 19
18524 13
18530 18
18531 4
18539 20
18541 7
18543 18
18544 3
18551 12
18559 11
18566 5
18573 18
18574 8
18578 18
18579 7
18582 12
18590 8
18594 14
18599 12
18605 15
18607 16
18609 15
18611 16
18613 14
18618 16
18620 12
18626 5
18633 2
18642 3
18649 1
18659 11
18665 12
18673 20
18675 5
18682 11
18688 2
18699 21
18703 7
18706 13
18712 10
18713 6
18721 11
18728 18
18729 17
18731 14
18736 12
18744 14
18751 11
18757 5
18764 18
18765 19
18767 16
18769 10
18772 20
18774 18
18775 6
18783 5
18789 10
18790 14
18795 12
18801 4
18807 11
18814 8
18816 18
18817 8
18819 18
18820 15
18822 11
18829 16
18831 3
18837 11
18844 14
18849 20
18851 5
18858 10
18859 15
18861 19
18863 14
18868 11
18875 13
18880 20
18882 18
18883 12
18889 12
18897 2
18908 8
18910 12
18918 15
18920 12
18928 18
18929 1
18938 2
18947 18
18948 12
18954 12
18960 11
18967 10
18970 1
18979 5
18986 2
18995 2
19004 7
19007 9
19008 19
19010 3
19016 12
19022 13
19027 16
19029 1
19039 8
19043 2
19052 13
19057 12
19065 18
19066 15
19068 12
19074 5
19080 19
19082 13
19087 11
19093 12
19099 12
19105 11
19111 14
19116 10
19117 8
19119 10
19120 5
19127 11
19133 7
19135 15
19137 1
19146 14
19153 6
19161 1
19171 4
19177 12
19183 10
19186 5
19192 8
19194 10
19197 11
19204 18
19205 10
19206 3
19212 9
19213 11
19220 17
19222 10
19225 16
19227 8
19229 6
19237 7
19240 3
19247 7
19250 19
19252 15
19254 14
19259 6
19267 12
19273 10
19274 11
19280 12
19288 16
19290 4
19296 18
19297 7
19299 11
19305 12
19311 4
19319 17
19321 16
19323 15
19325 11
19331 9
19333 20
19335 1
19344 20
19346 3
19352 11
19358 9
19360 4
19368 1
19377 2
19388 8
19390 2
19401 5
19407 11
19413 13
19418 17
19420 2
19429 2
19438 1
19448 2
19457 4
19465 4
19471 10
19472 18
19473 21
19477 13
19482 14
19489 4
19495 8
19497 12
19503 16
19505 8
19507 11
19513 4
19519 18
19520 14
19525 9
19526 12
19534 7
19537 9
19539 11
19546 15
19548 3
19555 14
19560 11
19566 12
19572 21
19576 10
19579 12
19585 13
19591 19
19593 14
19598 9
19600 11
19607 7
19610 19
19612 20
19614 6
19620 7
19622 9
19624 6
19630 15
19632 4
19640 16
19642 12
19648 10
19649 20
19651 17
19653 14
19660 8
19662 21
19666 12
19674 4
19680 6
19688 14
19695 15
19697 11
19704 13
19710 12
19718 20
19720 9
19721 21
19725 18
19726 19
19728 21
19732 16
19734 16
19736 18
19737 11
19743 5
19750 4
19758 12
19764 5
19770 5
19776 12
19782 2
19791 4
19797 5
19804 9
19805 8
19807 10
19810 20
19812 12
19820 12
19828 17
19830 11
19836 21
19840 16
19842 19
19844 3
19851 14
19856 18
19857 11
19864 1
19873 15
19875 12
19881 8
19885 19
19887 7
19890 12
19898 18
19899 13
19904 7
19906 15
19908 17
19910 9
19911 4
19917 9
19918 14
19923 20
19925 9
19926 11
19932 3
19939 16
19941 12
19949 14
19954 19
19956 8
19960 18
19961 19
19963 21
19967 11
19973 3
19980 18
19981 12
19987 7
19990 5
19996 18
19997 6
20005 12
20013 12
20021 12
20029 7
20032 1
20042 2
20051 18
20052 11
20058 4
20066 4
20074 8
20078 5
20085 10
20086 5
20093 14
20098 6
20106 7
20109 16
20111 16
20113 3
20120 3
20126 15
20128 12
20136 15
20138 11
20144 12
20150 20
20152 21
20156 8
20158 9
20160 13
20165 2
20174 5
20181 10
20184 10
20185 9
20187 21
20191 12
20199 11
20205 17
20207 20
20209 12
20217 14
20222 20
20224 6
20232 4
20240 18
20241 12
20247 2
20258 11
20265 11
20272 4
20280 12
20286 7
20288 7
20291 9
20292 9
20294 3
20301 5
20307 11
20313 9
20314 10
20317 4
20325 2
20334 9
20335 6
20341 7
20344 15
20346 9
20347 12
20355 13
20361 1
20371 2
20382 8
20384 6
20392 16
20394 12
20402 3
20409 15
20411 5
20417 4
20423 8
20427 11
20433 21
20437 5
20444 18
20445 12
20451 18
20452 9
20453 11
20460 20
20462 18
20463 18
20464 14
20469 11
20476 17
20478 19
20480 21
20484 6
20492 10
20493 13
20498 14
20503 21
20507 15
20509 16
20511 19
20513 8
20515 6
20523 11
20529 12
20535 20
20537 18
20538 12
20544 4
20552 19
20554 14
20561 18
20562 21
20566 7
20569 6
20577 14
20584 11
20590 19
20592 8
20594 13
20600 11
20606 12
20614 18
20615 18
20616 4
20624 12
20632 15
20634 11
20640 7
20643 8
20645 17
20647 19
20649 6
20655 3
20661 11
20668 16
20670 11
20677 11
20684 20
20686 4
20692 4
20700 17
20702 9
20703 18
20704 18
20705 14
20710 18
20711 12
20719 17
20721 13
20727 17
20729 12
20735 21
20739 3
20746 2
20755 11
20761 7
20764 12
20770 16
20772 2
20781 12
20787 11
20793 19
20795 10
20796 21
20800 3
20806 9
20808 13
20814 5
20820 2
20829 3
20836 12
20844 5
20850 9
20851 19
20853 18
20854 12
20862 11
20868 5
20874 19
20876 11
20883 8
20885 18
20886 14
20891 12
20897 6
20905 18
20906 17
20908 13
20913 16
20915 15
20917 11
20924 19
20926 17
20928 14
20935 18
20936 21
20940 12
20946 12
20952 11
20958 18
20959 3
20966 11
20972 10
20975 11
20981 11
20987 17
20989 11
20996 18
20997 17
20999 19
21001 21
21005 11
21012 12
21018 11
21024 5
21030 3
21036 13
21042 14
21047 11
21054 17
21056 20
21058 1
21068 18
21069 11
21076 13
21082 8
21084 3
21091 12
21099 19
21101 11
21108 18
21109 3
21115 11
21122 20
21124 11
21130 20
21132 1
21141 16
21143 13
21148 8
21150 3
21157 21
21161 19
21163 15
21165 11
21171 4
21177 20
21179 10
21180 15
21182 12
21188 12
21194 21
21198 12
21204 11
21211 8
21215 16
21217 6
21223 12
21231 18
21232 16
21234 17
21236 17
21238 7
21240 20
21242 7
21244 21
21248 6
21256 12
21264 12
21272 8
21274 5
21280 20
21282 12
21288 21
21292 16
21294 9
21295 11
21302 7
21304 3
21311 18
21312 10
21313 5
21319 8
21323 4
21329 10
21332 7
21334 8
21338 7
21340 19
21342 12
21348 18
21349 17
21351 18
21352 18
21353 3
21359 5
21366 8
21368 12
21376 13
21382 17
21384 8
21388 13
21394 13
21400 15
21402 18
21403 4
21411 10
21414 3
21420 21
21424 16
21426 11
21433 20
21435 20
21437 14
21444 13
21450 6
21458 12
21466 6
21472 20
21474 4
21482 11
21489 17
21491 8
21495 14
21502 15
21504 5
21511 4
21519 16
21521 19
21523 20
21525 21
21529 12
21537 19
21539 14
21544 12
21550 17
21552 13
21557 1
21566 12
21572 6
21580 11
21587 16
21589 21
21593 10
21596 11
21602 12
21608 19
21610 10
21613 19
21615 2
21626 17
21628 15
21630 3
21636 13
21641 18
21642 4
21650 18
21651 16
21653 17
21655 11
21662 2
21673 12
21681 20
21683 2
21692 7
21694 2
21703 1
21712 2
21721 20
21723 13
21728 20
21730 9
21731 21
21735 17
21737 11
21744 17
21746 1
21756 12
21764 11
21770 8
21774 3
21780 11
21787 6
21795 11
21801 16
21803 12
21809 8
21811 16
21813 19
21815 8
21819 7
21821 6
21829 8
21831 17
21833 12
21841 9
21843 21
21847 6
21855 2
21864 3
21871 7
21874 16
21876 15
21878 21
21882 16
21884 17
21886 13
21891 4
21899 6
21907 4
21913 15
21915 12
21923 2
21934 16
21936 18
21937 1
21947 21
21951 12
21957 18
21958 2
21969 16
21971 17
21973 2
21982 6
21988 4
21994 7
21997 1
22006 16
22008 5
22015 6
22023 12
22031 9
22033 2
22044 11
22050 2
22059 14
22064 15
22066 18
22067 5
22074 11
22080 8
22082 18
22083 15
22085 11
22092 7
22094 7
22096 20
22098 11
22104 13
22110 20
22112 6
22120 6
22126 17
22128 7
22130 8
22134 13
22139 10
22140 6
22148 15
22150 17
22152 12
22160 17
22162 17
22164 8
22166 18
22167 1
22177 6
22185 4
22191 15
22193 8
22197 9
22199 12
22205 16
22207 4
22213 6
22219 13
22224 12
22230 8
22232 21
22236 18
22237 3
22243 9
22245 7
22248 21
22252 12
22258 15
22260 7
22263 13
22269 8
22271 11
22277 18
22278 10
22279 3
22285 11
22292 8
22296 21
22300 2
22311 12
22317 9
22319 3
22325 21
22329 11
22336 21
22340 20
22342 21
22346 8
22348 6
22356 2
22367 17
22369 6
22377 7
22380 18
22381 13
22386 10
22387 5
22393 10
22396 4
22402 6
22410 11
22417 17
22419 21
22423 14
22428 5
22434 8
22436 5
22443 18
22444 6
22450 18
22451 3
22458 4
22464 11
22470 11
22477 18
22478 17
22480 11
22486 1
22496 10
22499 11
22506 9
22507 1
22517 20
22519 12
22525 12
22531 15
22533 8
22537 11
22543 12
22551 15
22553 18
22554 17
22556 11
22563 12
22569 11
22576 19
22578 5
22585 12
22591 19
22593 18
22594 9
22596 19
22598 9
22600 16
22602 13
22607 20
22609 8
22611 4
22617 11
22624 6
22632 10
22633 13
22639 8
22641 6
22647 18
22648 2
22657 11
22663 1
22672 9
22673 3
22679 11
22685 16
22687 17
22689 15
22691 3
22697 2
22708 14
22715 16
22717 3
22724 20
22726 12
22734 18
22735 12
22743 6
22749 18
22750 3
22756 18
22757 10
22758 18
22759 11
22765 11
22772 21
22776 1
22786 8
22790 20
22792 18
22793 11
22799 6
22805 11
22812 10
22815 11
22822 5
22829 11
22835 16
22837 12
22843 18
22844 14
22849 9
22851 20
22853 12
22861 14
22866 12
22872 13
22877 10
22878 7
22881 21
22885 2
22894 18
22895 10
22896 5
22903 14
22910 11
22917 4
22923 9
22924 15
22926 2
22935 11
22941 18
22942 18
22943 18
22944 1
22953 15
22955 7
22958 18
22959 10
22960 12
22968 20
22970 6
22976 18
22977 10
22980 11
22987 13
22993 14
22998 4
23006 15
23008 14
23013 20
23015 9
23017 20
23019 6
23025 18
23026 4
23034 11
23040 12
23048 4
23054 4
23060 21
23064 2
23075 21
23079 3
23085 1
23095 8
23097 1
23107 3
23113 12
23119 8
23123 11
23130 11
23136 4
23142 3
23149 14
23154 3
23161 19
23163 12
23171 21
23175 2
23184 1
23193 21
23197 7
23200 3
23206 13
23211 1
23221 15
23223 9
23225 4
23233 11
23240 16
23242 5
23248 18
23249 1
23259 15
23261 18
23262 5
23268 6
23274 12
23282 3
23289 9
23290 16
23292 10
23295 2
23304 6
23310 5
23316 2
23325 4
23333 7
23335 13
23341 10
23342 10
23345 12
23353 11
23360 11
23366 16
23368 2
23377 9
23379 18
23380 18
23381 11
23388 18
23389 12
23397 5
23404 12
23412 10
23413 7
23415 13
23421 17
23423 15
23425 12
23431 12
23439 12
23445 3
23451 6
23459 19
23461 16
23463 18
23464 3
23470 15
23472 1
23481 12
23489 11
23496 5
23502 21
23506 19
23508 13
23514 16
23516 17
23518 12
23524 12
23532 12
23538 10
23541 7
23544 3
23550 11
23556 1
23565 12
23571 11
23578 13
23584 8
23588 17
23590 16
23592 14
23599 11
23606 14
23613 7
23615 10
23616 7
23619 5
23626 12
23632 17
23634 12
23642 21
23646 6
23652 12
23660 12
23666 14
23673 20
23675 11
23682 13
23688 9
23690 20
23692 3
23698 15
23700 6
23706 20
23708 3
23715 19
23717 3
23724 13
23730 11
23736 19
23738 1
23748 18
23749 3
23756 12
23762 9
23764 18
23765 21
23769 11
23775 21
23779 16
23781 9
23782 10
23785 7
23787 5
23793 21
23797 7
23800 18
23801 16
23803 12
23809 7
23812 13
23817 13
23823 6
23829 4
23835 7
23838 1
23847 3
23853 12
23859 10
23860 6
23866 12
23874 12
23880 8
23882 20
23884 8
23886 20
23888 11
23895 19
23897 21
23901 19
23903 19
23905 5
23912 12
23918 14
23925 10
23928 19
23930 1
23939 20
23941 21
23945 12
23951 11
23958 3
23965 9
23967 9
23969 12
23977 11
23983 8
23987 2
23996 17
23998 4
24004 2
24015 11
24022 11
24029 15
24031 4
24037 19
24039 17
24041 12
24047 8
24051 6
24057 17
24059 7
24062 6
24070 16
24072 14
24077 4
24083 19
24085 21
24089 16
24091 14
24098 3
24104 19
24106 11
24112 18
24113 6
24121 1
24130 13
24135 11
24141 12
24149 13
24155 12
24163 16
24165 1
24174 1
24183 20
24185 5
24192 9
24193 12
24201 11
24208 2
24217 12
24225 5
24232 6
24238 3
24245 10
24246 13
24251 15
24253 5
24259 5
24265 4
24271 11
24277 2
24286 7
24289 1
24298 20
24300 3
24306 11
24313 18
24314 18
24315 11
24321 12
24327 11
24333 16
24335 16
24337 1
24347 14
24354 18
24355 2
24366 1
24376 4
24384 12
24390 14
24397 5
24404 10
24407 10
24408 12
24414 11
24421 14
24426 8
24430 16
24432 16
24434 5
24440 9
24442 19
24444 12
24452 12
24460 16
24462 18
24463 3
24470 13
24476 11
24482 18
24483 7
24485 18
24486 9
24488 10
24491 2
24502 6
24510 11
24516 21
24520 2
24531 11
24538 16
24540 12
24546 14
24551 18
24552 14
24557 17
24559 16
24561 21
24565 12
24571 9
24572 12
24578 18
24579 12
24587 14
24594 18
24595 11
24601 17
24603 11
24609 13
24614 4
24622 10
24623 4
24629 6
24635 4
24643 18
24644 13
24649 1
24659 8
24663 18
24664 18
24665 10
24666 12
24672 7
24675 19
24677 18
24678 20
24680 13
24686 7
24688 12
24694 11
24701 9
24702 17
24704 15
24706 9
24708 2
24717 18
24718 17
24720 7
24723 14
24728 6
24734 18
24735 11
24741 12
24749 8
24751 8
24755 6
24763 2
24772 5
24779 21
24783 7
24786 2
24797 10
24798 3
24804 3
24811 10
24814 2
24825 6
24831 12
24839 19
24841 4
24847 9
24849 15
24851 6
24857 6
24863 11
24870 13
24876 2
24885 18
24886 1
24895 14
24902 5
24908 6
24914 18
24915 7
24917 5
24923 12
24929 21
24933 12
24939 20
24941 1
24950 11
24956 6
24962 12
24968 3
24974 11
24980 3
24986 11
24993 18
24994 15
24996 14
25001 15
25003 2
25014 15
25016 12
25024 20
25026 12
25032 4
25040 2
25049 11
25055 11
25061 2
25070 17
25072 11
25078 9
25079 18
25080 12
25086 12
25092 14
25097 12
25103 15
25105 9
25106 17
25108 7
25111 16
25113 11
25119 18
25120 12
25128 15
25130 16
25132 13
25137 15
25139 15
25141 15
25143 12
25149 14
25156 17
25158 21
25162 17
25164 16
25166 15
25168 11
25174 13
25179 6
25187 7
25190 21
25194 13
25199 11
25205 12
25211 21
25215 18
25216 12
25224 1
25233 13
25238 18
25239 10
25240 12
25248 7
25251 15
25253 11
25259 20
25261 6
25267 18
25268 10
25269 6
25275 21
25279 5
25285 13
25290 16
25292 3
25299 8
25301 20
25303 2
25312 21
25316 11
25322 4
25328 20
25330 11
25337 10
25338 21
25342 14
25349 10
25350 8
25352 17
25354 15
25356 17
25358 18
25359 7
25361 17
25363 7
25365 18
25366 5
25372 12
25378 9
25380 14
25385 16
25387 18
25388 17
25390 3
25396 19
25398 13
25404 12
25410 17
25412 6
25420 5
25426 16
25428 11
25435 20
25437 3
25443 11
25449 18
25450 18
25451 4
25457 9
25458 18
25459 14
25466 11
25472 8
25476 11
25483 11
25489 20
25491 19
25493 11
25499 11
25505 4
25511 5
25517 18
25518 21
25522 16
25524 21
25528 12
25534 11
25541 16
25543 13
25548 8
25550 7
25552 12
25560 21
25564 10
25567 19
25569 12
25577 9
25579 14
25584 6
25592 13
25597 21
25601 9
25602 11
25609 20
25611 9
25613 20
25615 10
25616 12
25622 21
25626 12
25634 10
25635 2
25644 12
25652 12
25660 20
25662 6
25670 9
25671 7
25673 20
25675 15
25677 12
25685 5
25691 18
25692 8
25694 2
25703 21
25707 9
25709 13
25714 19
25716 11
25722 12
25728 14
25735 2
25744 1
25753 8
25757 2
25766 14
25773 7
25776 18
25777 18
25778 10
25781 14
25786 7
25788 21
25792 4
25798 6
25804 6
25810 18
25811 3
25817 11
25824 3
25831 18
25832 17
25834 12
25842 6
25850 12
25856 11
25863 13
25868 10
25871 11
25877 21
25881 14
25886 16
25888 16
25890 21
25894 10
25895 13
25901 3
25908 3
25915 6
25923 12
25931 9
25933 19
25935 20
25937 18
25938 9
25940 4
25948 12
25954 17
25956 14
25961 9
25962 6
25970 10
25971 10
25972 16
25974 12
25980 11
25987 12
25993 4
26001 10
26004 18
26005 14
26010 17
26012 18
26013 11
26020 14
26025 12
26031 16
26033 11
26040 20
26042 3
26048 11
26054 8
26058 12
26066 9
26067 17
26069 5
26076 6
26084 5
26091 16
26093 9
26094 2
26105 2
26116 1
26125 7
26127 11
26134 2
26143 11
26150 11
26156 17
26158 11
26165 8
26169 15
26171 1
26181 12
26187 12
26195 10
26198 15
26200 17
26202 11
26208 20
26210 11
26216 3
26222 1
26231 7
26233 19
26235 7
26238 12
26246 11
26253 14
26260 6
26266 11
26272 21
26276 18
26277 17
26279 2
26290 18
26291 18
26292 6
26298 11
26304 16
26306 11
26312 13
26318 4
26326 11
26333 11
26340 9
26341 13
26346 2
26357 2
26368 11
26374 20
26376 5
26383 8
26385 7
26387 18
26388 19
26390 11
26397 12
26403 14
26408 18
26409 19
26411 16
26413 13
26418 15
26420 11
26427 14
26434 4
26440 9
26442 7
26445 15
26447 14
26452 4
26458 15
26460 11
26466 8
26470 13
26475 12
26481 4
26489 8
26493 7
26496 11
26502 20
26504 11
26510 2
26519 1
26528 15
26530 2
26541 20
26543 15
26545 10
26548 18
26549 8
26551 9
26552 4
26560 11
26566 11
26572 16
26574 19
26576 11
26583 1
26593 12
26599 10
26602 21
26606 20
26608 1
26617 10
26618 14
26625 19
26627 20
26629 2
26638 11
26645 19
26647 9
26648 17
26650 7
26652 6
26660 11
26667 15
26669 12
26677 17
26679 21
26683 13
26688 1
26698 14
26705 11
26711 5
26717 11
26723 13
26728 11
26734 8
26736 13
26742 17
26744 2
26755 9
26757 3
26764 2
26775 17
26777 10
26780 12
26786 5
26792 20
26794 20
26796 10
26797 16
26799 6
26807 17
26809 15
26811 17
26813 3
26819 21
26823 12
26829 1
26838 17
26840 5
26847 9
26849 15
26851 5
26858 3
26864 11
26871 9
26872 21
26876 12
26882 14
26889 5
26896 21
26900 4
26908 15
26910 12
26918 10
26921 19
26923 11
26929 11
26935 19
26937 11
26943 3
26950 10
26953 18
26954 4
26962 10
26965 12
26973 9
26975 2
26986 7
26988 10
26991 3
26997 12
27003 16
27005 17
27007 11
27013 20
27015 4
27021 20
27023 1
27033 8
27035 15
27037 18
27038 11
27044 11
27051 1
27060 11
27067 19
27069 18
27070 11
27076 10
27077 4
27083 9
27084 12
27090 5
27097 8
27101 11
27108 15
27110 16
27112 11
27118 5
27124 12
27130 7
27133 18
27134 6
27142 18
27143 8
27145 18
27146 11
27152 10
27153 18
27154 5
27160 10
27163 1
27172 2
27183 16
27185 9
27186 12
27194 20
27196 16
27198 4
27206 15
27208 20
27210 2
27221 1
27231 17
27233 11
27239 1
27248 11
27255 13
27261 13
27267 11
27273 12
27281 15
27283 20
27285 17
27287 20
27289 10
27290 1
27299 18
27300 5
27306 11
27313 10
27314 9
27316 3
27322 4
27328 11
27334 19
27336 18
27337 2
27348 21
27352 17
27354 18
27355 18
27356 16
27358 1
27367 11
27373 14
27378 5
27385 8
27389 6
27397 8
27401 6
27407 11
27414 19
27416 8
27418 16
27420 16
27422 14
27429 13
27435 11
27442 17
27444 20
27446 5
27452 21
27456 12
27462 18
27463 5
27469 11
27475 11
27481 10
27482 18
27483 18
27484 2
27495 20
27497 12
27503 17
27505 1
27515 11
27522 11
27528 15
27530 8
27534 2
27545 19
27547 16
27549 17
27551 2
27560 12
27568 17
27570 15
27572 21
27576 11
27582 15
27584 6
27590 1
27599 10
27600 7
27603 19
27605 15
27607 11
27613 11
27620 21
27624 11
27631 19
27633 17
27635 17
27637 17
27639 16
27641 5
27648 14
27653 17
27655 11
27662 2
27673 14
27678 3
27685 16
27687 2
27696 16
27698 11
27704 6
27710 18
27711 9
27712 4
27720 20
27722 11
27728 18
27729 15
27731 2
27742 8
27746 11
27753 19
27755 18
27756 18
27757 17
27759 1
27768 18
27769 6
27777 18
27778 13
27783 9
27784 19
27786 11
27792 11
27799 1
27809 7
27812 11
27819 3
27825 16
27827 15
27829 14
27836 2
27845 4
27851 15
27853 2
27864 20
27866 4
27874 9
27875 21
27879 12
27887 8
27889 13
27894 16
27896 17
27898 1
27908 13
27914 18
27915 11
27921 11
27927 21
27931 16
27933 18
27934 8
27936 16
27938 5
27944 20
27946 18
27947 17
27949 4
27955 20
27957 13
27963 14
27968 12
27974 3
27981 5
27988 5
27995 13
28000 12
28008 11
28014 20
28016 5
28023 15
28025 5
28031 14
28036 17
28038 21
28042 1
28051 12
28057 11
28064 9
28065 4
28073 6
28079 7
28081 7
28083 13
28088 17
28090 9
28092 10
28093 6
28101 8
28103 18
28104 6
28112 3
28119 15
28121 10
28124 19
28126 7
28129 16
28131 8
28135 12
28143 2
28154 11
28160 7
28162 21
28166 7
28169 3
28176 9
28178 14
28183 17
28185 19
28187 13
28192 5
28198 13
28203 13
28209 3
28216 11
28223 11
28229 11
28235 18
28236 21
28240 1
28250 11
28256 11
28263 21
28267 12
28273 21
28277 18
28278 19
28280 6
28286 21
28290 3
28296 12
28302 18
28303 11
28310 11
28316 15
28318 15
28320 11
28326 11
28332 11
28338 7
28340 12
28348 12
28354 21
28358 1
28368 5
28375 3
28381 1
28391 12
28397 6
28405 5
28411 17
28413 3
28420 1
28429 17
28431 14
28436 10
28439 15
28441 10
28442 20
28444 11
28451 13
28456 9
28457 11
28464 12
28472 8
28476 21
28480 17
28482 12
28488 17
28490 11
28497 12
28505 11
28511 12
28519 11
28526 9
28527 11
28534 15
28536 8
28540 10
28543 12
28549 8
28553 3
28560 20
28562 12
28568 1
28577 12
28583 11
28589 11
28595 16
28597 18
28598 16
28600 3
28606 9
28607 8
28609 11
28615 12
28621 4
28627 13
28632 14
28637 12
28645 6
28653 8
28657 21
28661 4
28669 6
28677 11
28683 20
28685 12
28691 7
28693 6
28699 17
28701 13
28706 21
28710 1
28720 10
28723 6
28731 7
28733 12
28739 12
28745 14
28752 8
28756 2
28767 16
28769 11
28775 1
28784 16
28786 7
28789 12
28797 3
28804 8
28806 15
28808 18
28809 18
28810 11
28817 10
28820 6
28826 11
28833 1
28842 11
28849 6
28855 13
28861 8
28863 10
28866 9
28868 6
28874 18
28875 19
28877 16
28879 16
28881 5
28888 7
28890 10
28891 2
28902 18
28903 19
28905 11
28912 18
28913 2
28924 1
28934 20
28936 20
28938 12
28944 9
28945 2
28954 11
28960 18
28961 12
28967 18
28968 12
28976 2
28985 10
28986 9
28988 18
28989 8
28993 21
28997 3
29004 8
29006 17
29008 8
29010 12
29016 12
29024 1
29033 8
29037 12
29043 11
29050 11
29057 20
29059 13
29065 15
29067 11
29074 14
29081 6
29087 2
29096 20
29098 13
29103 5
29110 17
29112 7
29115 9
29117 8
29121 20
29123 1
29132 15
29134 13
29140 21
29144 2
29153 4
29159 4
29167 7
29169 1
29179 11
29186 14
29193 14
29200 13
29206 11
29212 20
29214 11
29220 7
29223 5
29230 20
29232 20
29234 9
29236 11
29243 14
29248 9
29250 10
29253 12
29261 15
29263 1
29272 16
29274 12
29282 9
29284 10
29287 5
29294 15
29296 14
29301 11
29307 11
29313 16
29315 13
29320 1
29329 5
29335 6
29343 14
29348 1
29357 16
29359 5
29365 1
29374 17
29376 17
29378 16
29380 18
29381 16
29383 4
29391 4
29397 12
29403 21
29407 1
29416 12
29422 11
29428 9
29429 19
29431 19
29433 21
29437 15
29439 10
29442 17
29444 12
29450 11
29457 1
29466 9
29468 16
29470 11
29477 2
29486 6
29494 9
29496 1
29506 18
29507 11
29513 2
29522 21
29526 19
29528 4
29534 15
29536 8
29538 5
29545 3
29552 3
29558 9
29559 8
29563 11
29569 21
29573 3
29580 8
29582 16
29584 6
29590 1
29600 6
29608 21
29612 3
29619 19
29621 2
29632 6
29640 11
29647 10
29648 3
29654 16
29656 21
29660 4
29666 1
29675 2
29684 11
29691 5
29698 3
29704 14
29709 17
29711 19
29713 12
29721 17
29723 11
29729 11
29736 12
29742 16
29744 4
29752 1
29761 16
29763 14
29768 16
29770 9
29771 19
29773 6
29779 9
29781 1
29790 12
29798 11
29804 18
29805 1
29815 9
29817 21
29821 18
29822 20
29824 11
29831 16
29833 11
29839 12
29845 3
29851 3
29857 2
29866 18
29867 11
29873 4
29881 5
29888 11
29895 15
29897 7
29899 21
29903 12
29911 4
29919 20
29921 12
29929 2
29938 11
29945 18
29946 12
29954 9
29956 16
29958 18
29959 20
29961 5
29967 2
29976 2
29985 11
29992 5
29999 21
30003 12
30011 14
30016 5
30022 18
30023 17
30025 11
30032 3
30038 20
30040 12
30046 12
30052 10
30055 3
30061 18
30062 20
30064 17
30066 1
30075 5
30082 10
30083 11
30090 18
30091 4
30097 3
30103 12
30111 18
30112 13
30118 2
30127 17
30129 16
30131 4
30137 20
30139 12
30145 20
30147 16
30149 7
30151 3
30158 11
30165 6
30173 9
30174 16
30176 18
30177 1
30187 19
30189 5
30196 17
30198 12
30206 12
30212 6
30220 12
30228 14
30233 14
30240 14
30247 8
30249 12
30257 12
30263 11
30270 11
30277 20
30279 19
30281 14
30288 2
30297 12
30303 17
30305 13
30311 8
30313 10
30316 12
30324 16
30326 5
30332 18
30333 12
30339 15
30341 11
30348 18
30349 3
30355 9
30357 9
30358 7
30361 12
30367 7
30370 16
30372 12
30378 13
30383 9
30384 16
30386 13
30391 21
30395 2
30404 4
30410 1
30420 6
30428 7
30430 19
30432 21
30436 17
30438 11
30444 6
30450 7
30453 13
30458 5
30464 12
30472 11
30479 10
30480 6
30486 4
30492 8
30494 8
30498 9
30499 1
30508 15
30510 4
30518 8
30522 20
30524 12
30530 11
30537 7
30540 6
30546 5
30552 4
30558 7
30560 20
30562 14
30569 11
30576 2
30585 14
30592 13
30598 4
30606 13
30612 12
30618 3
30625 18
30626 10
30627 12
30633 4
30641 8
30643 1
30652 18
30653 9
30655 16
30657 14
30664 12
30670 9
30672 17
30674 11
30680 5
30686 11
30693 4
30701 12
30707 12
30713 13
30719 1
30729 3
30736 19
30738 12
30746 3
30753 14
30758 12
30766 2
30775 10
30776 6
30782 12
30790 11
30797 19
30799 14
30806 15
30808 7
30810 14
30815 14
30820 5
30827 11
30834 13
30840 10
30841 11
30847 18
30848 11
30854 12
30862 15
30864 15
30866 3
30873 19
30875 12
30883 9
30884 1
30893 3
30899 9
30900 16
30902 19
30904 17
30906 16
30908 9
30909 16
30911 15
30913 11
30919 4
30927 11
30934 3
30941 5
30947 12
30953 16
30955 9
30956 5
30962 19
30964 3
30970 3
30977 18
30978 15
30980 12
30986 18
30987 21
30991 18
30992 16
30994 18
30995 1
31005 19
31007 19
31009 12
31017 12
31025 12
31031 20
31033 21
31037 11
31043 3
31049 10
31050 21
31054 21
31058 18
31059 14
31064 9
31066 15
31068 12
31074 14
31081 18
31082 16
31084 10
31085 9
31087 2
31098 12
31104 16
31106 9
31107 1
31116 18
31117 4
31125 20
31127 12
31133 18
31134 13
31139 18
31140 13
31145 21
31149 1
31158 3
31165 11
31171 9
31172 11
31178 15
31180 11
31186 18
31187 13
31193 18
31194 12
31202 20
31204 19
31206 21
31210 18
31211 9
31212 17
31214 18
31215 8
31217 12
31223 17
31225 11
31232 11
31239 12
31247 14
31254 1
31264 13
31270 12
31278 12
31286 15
31288 9
31290 6
31296 9
31297 21
31301 11
31307 7
31309 10
31312 21
31316 11
31322 17
31324 19
31326 12
31334 19
31336 9
31337 12
31343 20
31345 18
31346 1
31356 18
31357 10
31358 4
31364 8
31368 11
31375 18
31376 8
31378 4
31384 19
31386 20
31388 11
31395 8
31397 15
31399 18
31400 5
31406 3
31412 15
31414 14
31421 13
31427 13
31432 12
31438 21
31442 16
31444 4
31452 12
31460 11
31466 21
31470 11
31477 4
31483 9
31484 16
31486 12
31494 18
31495 11
31501 20
31503 11
31510 21
31514 12
31520 17
31522 13
31527 10
31528 1
31538 20
31540 14
31547 21
31551 12
31557 9
31559 4
31567 11
31574 6
31580 11
31587 21
31591 18
31592 3
31599 9
31600 3
31606 18
31607 18
31608 9
31610 18
31611 11
31617 2
31626 17
31628 3
31634 10
31635 13
31641 4
31649 12
31657 16
31659 10
31660 20
31662 18
31663 5
31670 15
31672 11
31679 11
31685 1
31694 3
31700 20
31702 1
31711 2
31722 4
31728 2
31739 11
31745 15
31747 2
31758 11
31765 1
31774 4
31782 11
31789 15
31791 8
31793 18
31794 2
31803 13
31808 14
31815 11
31821 12
31827 10
31830 19
31832 14
31837 11
31844 12
31852 5
31858 18
31859 11
31866 15
31868 15
31870 15
31872 15
31874 16
31876 6
31882 18
31883 8
31887 16
31889 7
31891 6
31897 12
31903 8
31905 10
31908 13
31914 9
31916 6
31922 18
31923 12
31931 15
31933 18
31934 12
31940 11
31947 11
31954 18
31955 7
31958 16
31960 18
31961 17
31963 4
31969 13
31974 11
31981 13
31987 2
31998 3
32004 13
32009 9
32011 19
32013 1
32022 11
32029 12
32035 18
32036 17
32038 16
32040 12
32046 8
32050 16
32052 8
32054 21
32058 12
32064 20
32066 17
32068 14
32073 11
32079 12
32085 3
32091 15
32093 12
32099 1
32108 9
32110 10
32113 2
32122 1
32131 17
32133 11
32139 5
32145 4
32153 3
32159 5
32166 11
32173 11
32179 18
32180 9
32181 21
32185 17
32187 9
32189 11
32196 15
32198 16
32200 18
32201 15
32203 6
32211 6
32217 19
32219 9
32221 16
32223 12
32231 5
32238 2
32247 18
32248 11
32255 11
32261 6
32269 6
32277 11
32284 20
32286 12
32292 12
32298 20
32300 3
32307 12
32315 15
32317 10
32318 9
32319 6
32327 11
32334 4
32340 15
32342 11
32348 21
32352 19
32354 18
32355 17
32357 21
32361 2
32370 21
32374 14
32379 17
32381 15
32383 12
32389 9
32390 10
32391 15
32393 16
32395 12
32401 2
32412 5
32419 17
32421 2
32432 7
32434 8
32436 10
32439 11
32445 18
32446 19
32448 6
32456 17
32458 16
32460 12
32466 18
32467 11
32474 12
32482 1
32492 2
32501 8
32505 16
32507 14
32512 6
32518 7
32520 9
32522 12
32528 11
32535 20
32537 15
32539 11
32545 3
32551 19
32553 1
32563 12
32569 17
32571 18
32572 17
32574 7
32576 11
32583 4
32591 18
32592 13
32598 5
32604 16
32606 5
32613 17
32615 1
32624 15
32626 11
32633 4
32641 5
32647 12
32655 6
32663 12
32671 19
32673 4
32681 19
32683 2
32694 21
32698 15
32700 18
32701 13
32706 12
32714 9
32715 10
32718 13
32724 21
32728 18
32729 12
32735 14
32740 10
32743 10
32746 15
32748 6
32754 19
32756 13
32762 13
32767 9
32769 18
32770 2
32781 10
32782 12
32790 5
32796 18
32797 8
32799 19
32801 9
32802 12
32808 15
32810 9
32811 6
32817 11
32823 12
32831 8
32835 17
32837 19
32839 10
32840 5
32847 4
32855 11
32862 19
32864 17
32866 18
32867 5
32874 9
32876 11
32883 18
32884 11
32891 18
32892 10
32895 12
32901 20
32903 12
32911 10
32912 12
32918 20
32920 20
32922 11
32929 10
32932 4
32938 11
32944 4
32952 20
32954 11
32961 1
32970 6
32978 8
32980 8
32982 11
32988 21
32992 11
32998 18
32999 18
33000 6
33008 16
33010 8
33012 12
33018 11
33024 12
33030 5
33037 17
33039 11
33045 7
33047 21
33051 7
33054 20
33056 12
33062 12
33070 16
33072 1
33082 14
33087 14
33092 13
33098 6
33106 11
33112 12
33120 4
33126 5
33132 21
33136 5
33142 3
33148 20
33150 11
33157 18
33158 1
33168 16
33170 12
33178 4
33186 5
33193 13
33199 20
33201 13
33207 17
33209 17
33211 4
33219 15
33221 16
33223 2
33234 7
33236 12
33242 21
33246 10
33249 10
33252 6
33260 8
33264 4
33272 8
33274 12
33282 12
33288 14
33295 2
33306 10
33309 15
33311 10
33312 19
33314 11
33321 20
33323 16
33325 12
33333 6
33339 11
33345 1
33355 11
33361 13
33366 6
33372 9
33374 14
33381 18
33382 12
33388 12
33396 10
33397 4
33403 16
33405 5
33411 9
33413 18
33414 7
33416 20
33418 10
33419 21
33423 13
33429 16
33431 1
33440 1
33450 16
33452 20
33454 18
33455 1
33464 5
33471 11
33477 16
33479 11
33485 14
33492 6
33498 11
33505 10
33508 6
33516 17
33518 6
33526 2
33535 11
33541 12
33547 11
33553 11
33560 15
33562 5
33568 20
33570 16
33572 10
33575 11
33582 13
33587 12
33593 18
33594 8
33598 8
33600 18
33601 19
33603 12
33611 20
33613 6
33619 19
33621 4
33629 10
33632 5
33638 11
33644 3
33650 6
33658 15
33660 11
33667 21
33671 18
33672 18
33673 12
33679 11
33685 3
33691 11
33698 9
33700 9
33702 11
33708 11
33714 13
33719 19
33721 10
33722 11
33728 2
33739 2
33748 11
33755 7
33758 15
33760 18
33761 12
33767 17
33769 9
33771 14
33776 10
33777 2
33786 16
33788 16
33790 12
33798 1
33808 15
33810 15
33812 15
33814 1
33823 20
33825 4
33831 1
33841 20
33843 16
33845 11
33851 5
33857 17
33859 20
33861 1
33871 18
33872 11
33879 4
33885 3
33891 11
33898 11
33904 21
33908 15
33910 11
33917 15
33919 10
33922 21
33926 4
33932 21
33936 17
33938 1
33947 12
33953 8
33957 21
33961 21
33965 19
33967 9
33969 21
33973 6
33979 6
33987 15
33989 7
33992 7
33995 19
33997 12
34005 20
34007 9
34009 19
34011 21
34015 12
34021 19
34023 17
34025 7
34028 11
34035 13
34040 14
34047 5
34054 11
34060 9
34062 6
34068 12
34076 8
34078 15
34080 18
34081 2
34090 3
34097 18
34098 19
34100 12
34106 15
34108 15
34110 6
34118 11
34125 21
34129 18
34130 3
34136 12
34142 12
34148 12
34156 10
34157 16
34159 13
34165 18
34166 10
34167 5
34173 10
34174 11
34180 18
34181 12
34189 14
34196 21
34200 2
34211 12
34217 12
34225 5
34232 13
34237 4
34243 7
34246 15
34248 11
34254 12
34260 4
34268 11
34274 17
34276 16
34278 12
34286 21
34290 6
34296 12
34302 3
34309 3
34315 12
34323 15
34325 11
34331 18
34332 12
34338 4
34344 12
34352 1
34362 6
34368 15
34370 16
34372 12
34380 12
34388 5
34395 18
34396 13
34401 1
34411 3
34417 11
34423 5
34429 21
34433 17
34435 13
34440 12
34448 13
34453 3
34459 2
34468 9
34469 11
34475 21
34479 12
34485 21
34489 18
34490 12
34498 19
34500 4
34508 3
34515 6
34521 10
34522 4
34528 12
34534 7
34536 18
34537 16
34539 15
34541 5
34548 3
34554 20
34556 4
34562 21
34566 8
34570 12
34578 11
34584 7
34586 15
34588 16
34590 6
34598 11
34604 11
34611 21
34615 20
34617 12
34623 2
34634 21
34638 15
34640 9
34641 2
34652 20
34654 21
34658 2
34667 8
34671 2
34682 6
34688 1
34697 3
34703 10
34706 20
34708 12
34716 11
34722 19
34724 16
34726 6
34732 21
34736 14
34743 17
34745 16
34747 11
34754 17
34756 7
34759 17
34761 13
34767 17
34769 11
34775 4
34783 3
34790 16
34792 14
34797 6
34803 8
34805 21
34809 2
34818 4
34824 21
34828 9
34829 3
34836 5
34842 16
34844 14
34849 17
34851 12
34857 11
34864 12
34870 16
34872 9
34874 8
34876 14
34883 20
34885 19
34887 2
34898 1
34908 9
34910 16
34912 6
34920 11
34927 2
34936 3
34943 11
34950 21
34954 11
34961 5
34967 9
34969 18
34970 20
34972 4
34978 16
34980 8
34982 8
34984 1
34993 18
34994 1
35003 6
35009 9
35011 16
35013 17
35015 8
35017 12
35025 1
35035 1
35045 7
35047 1
35057 2
35066 11
35072 14
35079 12
35087 17
35089 9
35090 3
35097 21
35101 12
35107 7
35110 1
35120 15
35122 21
35126 8
35130 18
35131 19
35133 3
35140 6
35148 11
35155 11
35162 7
35165 21
35169 4
35175 1
35185 6
35191 2
35202 9
35204 11
35210 3
35216 18
35217 14
35222 11
35229 2
35240 1
35249 12
35257 12
35263 21
35267 1
35276 7
35279 11
35286 12
35294 17
35296 1
35306 12
35314 11
35321 10
35322 20
35324 15
35326 8
35328 7
35330 8
35334 11
35341 11
35347 19
35349 8
35353 15
35355 11
35362 20
35364 15
35366 7
35369 14
35376 14
35381 18
35382 17
35384 9
35385 15
35387 7
35389 15
35391 18
35392 9
35393 21
35397 19
35399 9
35401 2
35412 4
35418 2
35429 6
35435 5
35442 8
35446 3
35452 16
35454 4
35460 12
35468 17
35470 11
35476 13
35482 16
35484 12
35492 4
35500 6
35506 19
35508 2
35519 12
35527 14
35532 21
35536 11
35542 8
35546 15
35548 11
35555 7
35557 17
35559 12
35565 3
35571 8
35573 12
35579 9
35580 12
35586 12
35592 15
35594 16
35596 16
35598 20
35600 4
35606 7
35608 1
35617 11
35624 12
35630 3
35637 12
35645 17
35647 20
35649 21
35653 11
35659 12
35665 2
35676 4
35684 15
35686 3
35693 4
35699 4
35707 9
35709 11
35716 1
35725 11
35731 16
35733 11
35739 21
35743 17
35745 14
35750 11
35756 21
35760 3
35767 3
35773 21
35777 11
35784 12
35790 11
35797 11
35803 21
35807 2
35818 10
35819 6
35825 21
35829 11
35835 11
35842 20
35844 11
35850 9
35851 12
35859 21
35863 5
35869 18
35870 10
35871 3
35878 15
35880 13
35886 4
35892 19
35894 17
35896 14
35903 1
35913 16
35915 18
35916 8
35918 5
35924 1
35934 18
35935 13
35941 11
35947 5
35953 6
35959 21
35963 11
35970 4
35978 7
35981 8
35985 10
35986 18
35987 21
35991 6
35999 18
36000 11
36007 8
36011 11
36018 12
36026 12
36034 11
36040 13
36046 17
36048 21
36052 6
36060 2
36071 16
36073 3
36080 15
36082 3
36088 1
36098 9
36099 15
36101 3
36107 7
36109 12
36117 3
36123 10
36126 11
36132 16
36134 6
36140 12
36146 18
36147 20
36149 8
36151 12
36157 12
36163 5
36170 12
36178 11
36184 12
36192 12
36200 11
36206 16
36208 6
36216 12
36224 11
36230 12
36236 10
36239 11
36246 16
36248 14
36255 2
36264 12
36272 4
36280 14
36285 13
36291 17
36293 17
36295 12
36301 1
36310 18
36311 11
36317 12
36323 14
36330 20
36332 4
36338 13
36343 13
36348 18
36349 17
36351 21
36355 16
36357 6
36363 11
36370 18
36371 4
36379 16
36381 21
36385 6
36393 4
36399 1
36409 4
36415 14
36420 12
36428 9
36429 17
36431 15
36433 15
36435 11
36441 11
36447 19
36449 19
36451 17
36453 1
36463 18
36464 21
36468 20
36470 9
36472 20
36474 12
36480 15
36482 11
36488 17
36490 5
36497 11
36503 3
36510 7
36513 11
36520 10
36523 3
36530 11
36536 11
36542 11
36549 12
36557 14
36562 12
36570 15
36572 7
36575 16
36577 11
36584 17
36586 8
36588 15
36590 1
36600 6
36606 18
36607 11
36614 21
36618 11
36624 15
36626 15
36628 16
36630 4
36638 2
36649 13
36655 7
36657 12
36665 13
36670 12
36678 1
36687 1
36696 14
36703 13
36709 20
36711 3
36717 1
36726 10
36729 12
36737 3
36744 17
36746 1
36755 8
36757 11
36763 7
36765 17
36767 18
36768 2
36779 12
36787 10
36790 10
36793 20
36795 7
36798 17
36800 12
36806 9
36807 17
36809 18
36810 16
36812 11
36819 13
36824 1
36834 14
36839 3
36846 1
36856 20
36858 6
36866 14
36871 7
36873 12
36881 12
36887 10
36888 11
36894 3
36901 15
36903 7
36905 20
36907 16
36909 11
36915 7
36918 16
36920 18
36921 9
36922 14
36929 9
36930 13
36936 9
36937 12
36943 18
36944 1
36954 17
36956 19
36958 12
36966 18
36967 21
36971 11
36978 21
36982 16
36984 19
36986 2
36997 18
36998 3
37004 11
37010 6
37016 11
37023 5
37029 18
37030 11
37037 15
37039 1
37049 18
37050 19
37052 20
37054 4
37062 13
37068 19
37070 6
37078 11
37084 3
37091 11
37097 4
37103 7
37106 12
37112 4
37120 15
37122 20
37124 18
37125 6
37133 1
37143 5
37150 14
37157 12
37165 1
37174 17
37176 2
37187 10
37190 4
37196 19
37198 19
37200 21
37204 11
37211 1
37221 4
37229 13
37234 16
37236 1
37246 16
37248 3
37254 15
37256 11
37262 1
37272 18
37273 21
37277 13
37282 21
37286 13
37292 14
37299 8
37303 11
37309 8
37313 9
37314 18
37315 11
37321 21
37325 11
37332 12
37340 5
37346 19
37348 1
37358 10
37359 18
37360 13
37366 18
37367 2
37376 10
37377 9
37378 2
37387 1
37397 18
37398 2
37407 17
37409 13
37415 10
37416 7
37418 10
37419 21
37423 17
37425 9
37427 7
37430 20
37432 18
37433 17
37435 12
37443 19
37445 5
37451 2
37462 8
37466 11
37473 15
37475 17
37477 11
37484 5
37491 14
37496 12
37504 3
37510 19
37512 17
37514 13
37520 20
37522 14
37527 11
37534 18
37535 19
37537 16
37539 17
37541 2
37550 1
37560 9
37561 11
37568 9
37570 1
37579 4
37587 5
37594 18
37595 8
37597 19
37599 18
37600 11
37606 16
37608 3
37614 18
37615 20
37617 15
37619 15
37621 12
37629 1
37638 2
37649 11
37656 15
37658 20
37660 18
37661 11
37668 16
37670 20
37672 20
37674 18
37675 11
37682 11
37688 13
37693 8
37695 10
37696 15
37698 21
37702 11
37708 18
37709 17
37711 8
37713 11
37719 12
37725 2
37736 4
37744 5
37750 16
37752 9
37753 12
37761 16
37763 19
37765 20
37767 16
37769 6
37777 18
37778 17
37780 11
37786 8
37788 11
37794 11
37800 10
37801 2
37812 13
37817 19
37819 13
37824 2
37833 12
37841 18
37842 3
37848 15
37850 10
37851 2
37860 17
37862 2
37871 11
37878 11
37884 3
37890 15
37892 21
37896 1
37906 3
37913 17
37915 11
37922 13
37927 16
37929 5
37935 17
37937 6
37945 18
37946 21
37950 20
37952 5
37959 12
37967 11
37973 15
37975 17
37977 7
37979 4
37985 9
37987 20
37989 20
37991 12
37997 6
38003 1
38013 17
38015 11
38021 11
38027 14
38032 8
38036 9
38038 5
38045 14
38052 10
38053 6
38059 11
38066 6
38072 5
38078 12
38084 13
38090 4
38096 5
38103 19
38105 17
38107 8
38109 11
38115 9
38117 19
38119 12
38125 17
38127 14
38134 21
38138 8
38140 21
38144 9
38146 12
38152 19
38154 12
38162 10
38163 6
38169 11
38176 15
38178 9
38180 20
38182 5
38189 13
38194 18
38195 20
38197 14
38204 9
38206 1
38215 15
38217 18
38218 17
38220 9
38222 19
38224 11
38230 4
38238 10
38241 17
38243 3
38250 11
38256 13
38261 11
38268 1
38278 16
38280 9
38282 4
38288 13
38293 12
38301 12
38309 10
38312 12
38318 12
38326 11
38333 8
38337 13
38343 15
38345 18
38346 12
38352 2
38361 13
38367 20
38369 11
38376 20
38378 12
38384 10
38387 12
38395 7
38397 13
38402 5
38408 13
38414 21
38418 3
38424 4
38432 16
38434 15
38436 20
38438 19
38440 2
38449 17
38451 13
38457 7
38459 20
38461 5
38468 12
38476 19
38478 19
38480 1
38489 18
38490 16
38492 2
38501 3
38507 17
38509 13
38514 6
38522 12
38528 12
38534 1
38543 21
38547 4
38553 9
38554 10
38555 16
38557 12
38563 18
38564 2
38575 11
38582 6
38590 21
38594 4
38602 5
38609 12
38617 19
38619 16
38621 13
38626 13
38631 6
38637 6
38643 18
38644 20
38646 18
38647 13
38653 13
38658 11
38664 17
38666 11
38672 3
38679 20
38681 15
38683 11
38689 6
38695 10
38696 11
38703 10
38704 21
38708 14
38715 12
38723 16
38725 13
38730 11
38736 6
38742 11
38749 20
38751 10
38752 1
38762 5
38768 21
38772 21
38776 2
38785 18
38786 12
38792 7
38794 16
38796 12
38802 6
38810 16
38812 7
38815 6
38823 11
38829 12
38837 17
38839 7
38842 5
38848 12
38854 9
38855 4
38861 16
38863 8
38867 5
38874 16
38876 4
38884 2
38895 19
38897 18
38898 18
38899 1
38909 1
38919 3
38925 5
38931 16
38933 7
38936 4
38944 16
38946 14
38951 19
38953 11
38960 9
38961 8
38963 12
38971 14
38976 6
38984 1
38993 5
38999 21
39003 14
39010 2
39021 8
39025 21
39029 16
39031 18
39032 20
39034 20
39036 10
39037 15
39039 9
39040 2
39051 3
39057 8
39061 6
39067 14
39072 19
39074 11
39080 7
39083 21
39087 15
39089 12
39095 13
39101 12
39107 8
39111 12
39117 7
39119 4
39127 1
39137 21
39141 18
39142 6
39150 17
39152 12
39160 1
39170 12
39176 6
39184 9
39185 12
39193 11
39200 11
39207 18
39208 13
39214 14
39219 12
39225 21
39229 19
39231 21
39235 4
39243 14
39248 11
39255 7
39258 16
39260 3
39266 21
39270 12
39276 18
39277 12
39283 13
39289 8
39291 13
39297 2
39308 17
39310 7
39313 4
39319 12
39327 19
39329 14
39334 10
39337 18
39338 11
39345 21
39349 1
39359 19
39361 12
39369 9
39371 9
39372 11
39378 1
39388 6
39394 12
39400 7
39402 13
39407 21
39411 18
39412 12
39418 11
39425 4
39431 3
39438 20
39440 11
39446 16
39448 15
39450 9
39452 13
39457 9
39459 9
39460 18
39461 20
39463 8
39467 8
39471 21
39475 5
39482 18
39483 4
39491 19
39493 11
39499 11
39506 11
39512 11
39519 9
39520 18
39521 18
39522 20
39524 10
39525 15
39527 2
39536 17
39538 14
39543 20
39545 18
39546 17
39548 6
39554 15
39556 19
39558 16
39560 8
39562 7
39565 21
39569 6
39577 18
39578 14
39583 12
39589 11
39595 1
39605 16
39607 12
39613 10
39616 18
39617 20
39619 20
39621 12
39629 13
39635 15
39637 9
39638 7
39640 19
39642 14
39649 3
39656 15
39658 21
39662 4
39670 21
39674 11
39680 11
39686 13
39691 19
39693 11
39700 7
39703 4
39709 16
39711 12
39717 12
39725 11
39731 1
39741 18
39742 7
39745 14
39750 16
39752 20
39754 5
39760 9
39761 16
39763 4
39769 20
39771 19
39773 10
39776 20
39778 18
39779 13
39784 4
39790 14
39797 16
39799 11
39805 16
39807 4
39815 20
39817 21
39821 19
39823 7
39826 11
39833 12
39839 17
39841 11
39848 5
39854 12
39860 7
39862 12
39868 9
39870 19
39872 12
39880 12
39888 12
39896 19
39898 2
39907 19
39909 11
39916 11
39923 7
39925 11
39931 1
39940 18
39941 11
39947 8
39949 15
39951 8
39955 16
39957 9
39958 11
39964 20
39966 12
39972 9
39973 20
39975 18
39976 16
39978 17
39980 18
39981 5
39988 21
39992 8
39994 6
40002 12
40008 3
40014 8
40018 14
40023 14
40030 5
40036 19
40038 3
40045 11
40052 9
40053 3
40060 4
40066 10
40067 21
40071 11
40077 16
40079 12
40087 12
40095 12
40101 9
40103 13
40108 8
40112 1
40122 11
40129 15
40131 18
40132 5
40138 5
40144 19
40146 15
40148 7
40150 11
40157 5
40164 11
40170 3
40177 15
40179 12
40187 5
40194 6
40200 17
40202 11
40208 9
40210 4
40218 20
40220 16
40222 11
40228 11
40235 11
40242 11
40249 19
40251 2
40260 11
40266 18
40267 14
40274 8
40276 12
40284 12
40292 15
40294 19
40296 7
40299 10
40302 20
40304 12
40310 6
40318 9
40319 2
40330 20
40332 6
40340 13
40346 2
40355 13
40360 15
40362 11
40369 1
40379 6
40387 19
40389 11
40395 8
40397 14
40404 20
40406 20
40408 8
40410 12
40418 6
40424 9
40426 21
40430 21
40434 20
40436 19
40438 19
40440 10
40441 14
40448 9
40450 1
40460 9
40462 16
40464 16
40466 15
40468 3
40474 7
40476 16
40478 5
40485 12
40493 7
40495 5
40502 13
40508 11
40514 13
40520 1
40530 17
40532 18
40533 10
40536 3
40543 10
40546 16
40548 14
40553 15
40555 14
40560 14
40565 14
40572 5
40579 15
40581 14
40588 2
40599 5
40605 17
40607 3
40614 14
40621 5
40628 18
40629 4
40635 18
40636 10
40639 1
40649 1
40659 6
40667 15
40669 9
40670 9
40671 11
40677 18
40678 14
40685 12
40693 19
40695 2
40706 12
40712 18
40713 14
40718 17
40720 19
40722 5
40728 19
40730 7
40732 2
40743 11
40749 1
40758 21
40762 1
40771 10
40774 11
40780 7
40782 2
40793 6
40799 20
40801 12
40809 11
40815 3
40822 18
40823 6
40831 2
40842 11
40849 11
40856 19
40858 14
40865 8
40867 12
40875 14
40882 13
40887 14
40894 1
40904 5
40911 16
40913 9
40915 7
40918 13
40924 10
40925 10
40928 12
40936 9
40937 14
40942 11
40948 7
40950 14
40957 11
40963 17
40965 12
40971 13
40977 21
40981 2
40990 18
40991 7
40994 1
41003 19
41005 11
41012 4
41018 10
41021 11
41028 4
41034 21
41038 16
41040 8
41044 2
41055 12
41063 12
41071 15
41073 19
41075 12
41081 11
41088 11
41095 19
41097 9
41099 6
41105 10
41106 16
41108 21
41112 18
41113 2
41122 18
41123 12
41131 14
41136 13
41142 18
41143 18
41144 12
41150 5
41156 16
41158 15
41160 11
41167 6
41175 8
41177 15
41179 20
41181 11
41188 3
41194 1
41204 3
41210 14
41217 2
41228 11
41234 13
41239 21
41243 17
41245 10
41248 13
41253 3
41260 15
41262 7
41265 11
41271 1
41280 4
41288 6
41294 15
41296 18
41297 20
41299 8
41303 1
41312 15
41314 7
41317 8
41319 12
41327 11
41334 18
41335 20
41337 10
41340 7
41343 12
41349 10
41350 18
41351 18
41352 13
41358 20
41360 14
41367 18
41368 9
41370 11
41377 3
41384 4
41390 8
41392 10
41395 15
41397 21
41401 1
41411 18
41412 18
41413 11
41420 13
41426 21
41430 12
41438 21
41442 8
41446 1
41456 18
41457 1
41466 12
41474 11
41481 18
41482 21
41486 12
41494 16
41496 17
41498 9
41499 11
41506 8
41510 15
41512 14
41517 4
41525 7
41527 5
41534 12
41540 2
41551 11
41558 14
41563 3
41570 14
41577 13
41583 9
41585 13
41590 8
41592 20
41594 12
41602 12
41610 12
41618 8
41620 19
41622 14
41627 2
41638 6
41644 12
41652 16
41654 14
41659 8
41661 1
41671 12
41677 13
41682 16
41684 18
41685 12
41693 14
41700 21
41704 17
41706 14
41713 18
41714 15
41716 15
41718 6
41726 6
41732 12
41738 17
41740 17
41742 1
41751 5
41758 19
41760 19
41762 20
41764 11
41770 7
41773 11
41780 14
41787 8
41791 17
41793 6
41801 13
41806 5
41812 16
41814 9
41816 13
41822 11
41828 12
41836 17
41838 20
41840 12
41846 2
41857 2
41866 5
41872 8
41876 12
41882 18
41883 6
41891 11
41898 11
41905 18
41906 15
41908 5
41914 14
41921 15
41923 6
41929 6
41935 4
41941 12
41949 3
41956 18
41957 18
41958 11
41964 7
41966 14
41971 2
41980 12
41986 11
41993 13
41998 17
42000 20
42002 9
42004 10
42007 9
42008 13
42013 7
42015 11
42021 21
42025 4
42031 10
42034 9
42035 18
42036 12
42044 15
42046 3
42052 12
42058 18
42059 8
42061 5
42067 19
42069 12
42075 5
42081 5
42087 13
42093 18
42094 2
42103 17
42105 5
42112 9
42113 16
42115 6
42123 4
42129 7
42131 10
42134 21
42138 6
42146 12
42152 20
42154 15
42156 15
42158 18
42159 15
42161 5
42167 18
42168 14
42173 9
42174 11
42180 11
42187 3
42193 3
42199 17
42201 15
42203 15
42205 8
42209 2
42218 11
42225 20
42227 8
42229 20
42231 21
42235 18
42236 19
42238 9
42240 11
42247 5
42253 13
42258 14
42265 8
42267 14
42274 21
42278 3
42285 18
42286 11
42293 12
42301 16
42303 11
42309 15
42311 9
42313 15
42315 18
42316 21
42320 2
42329 8
42333 4
42339 11
42346 8
42348 21
42352 21
42356 10
42359 11
42365 11
42372 20
42374 3
42381 20
42383 8
42385 17
42387 3
42394 12
42402 12
42408 11
42414 17
42416 9
42418 16
42420 15
42422 9
42423 11
42430 13
42436 10
42437 12
42443 13
42449 17
42451 10
42454 4
42462 14
42467 12
42473 7
42475 12
42481 5
42488 2
42499 11
42505 19
42507 5
42513 15
42515 8
42519 9
42520 12
42526 12
42534 9
42536 12
42542 10
42543 17
42545 12
42551 9
42553 9
42555 1
42564 11
42571 11
42577 8
42581 18
42582 18
42583 3
42589 3
42596 10
42599 20
42601 10
42602 12
42608 20
42610 11
42616 2
42627 11
42634 12
42640 3
42646 8
42650 4
42656 21
42660 13
42666 5
42673 19
42675 1
42684 12
42690 16
42692 9
42694 19
42696 11
42702 17
42704 2
42713 11
42720 12
42728 21
42732 11
42738 11
42745 12
42751 21
42755 18
42756 9
42757 12
42763 15
42765 13
42770 6
42778 1
42788 21
42792 14
42797 12
42803 11
42809 20
42811 21
42815 15
42817 7
42820 21
42824 21
42828 15
42830 18
42831 21
42835 11
42841 3
42847 7
42849 5
42856 12
42864 2
42873 11
42879 11
42886 10
42889 5
42895 8
42899 5
42906 12
42912 15
42914 7
42916 2
42927 12
42933 12
42939 4
42947 3
42953 12
42959 14
42966 20
42968 13
42974 4
42980 14
42985 9
42986 14
42991 13
42997 2
43008 4
43014 18
43015 7
43018 10
43019 7
43021 12
43027 16
43029 21
43033 18
43034 7
43037 21
43041 18
43042 11
43049 19
43051 11
43058 12
43066 15
43068 18
43069 6
43075 8
43077 17
43079 4
43087 12
43093 3
43099 16
43101 6
43107 3
43114 4
43122 13
43127 4
43135 18
43136 13
43142 8
43146 12
43154 14
43159 17
43161 19
43163 20
43165 7
43168 10
43171 11
43177 11
43184 21
43188 11
43195 4
43201 7
43204 18
43205 17
43207 19
43209 12
43217 21
43221 12
43227 16
43229 3
43236 7
43239 2
43250 21
43254 9
43256 12
43262 13
43268 5
43274 17
43276 16
43278 18
43279 12
43287 6
43293 15
43295 17
43297 4
43303 5
43310 11
43317 5
43324 7
43326 5
43333 8
43335 21
43339 3
43346 21
43350 11
43357 5
43363 15
43365 8
43367 20
43369 6
43377 9
43379 10
43380 16
43382 11
43388 8
43390 7
43393 18
43394 12
43402 4
43410 13
43416 9
43418 15
43420 6
43428 16
43430 5
43436 12
43444 13
43449 9
43451 12
43457 16
43459 5
43466 14
43471 8
43473 13
43479 16
43481 9
43482 9
43484 12
43490 19
43492 15
43494 20
43496 11
43503 17
43505 9
43507 4
43513 19
43515 5
43521 11
43528 16
43530 4
43538 11
43544 20
43546 18
43547 5
43553 8
43555 13
43560 14
43567 7
43569 1
43579 5
43586 16
43588 4
43596 9
43597 5
43603 5
43609 19
43611 12
43617 7
43619 6
43625 21
43629 9
43630 18
43631 18
43632 7
43634 11
43641 11
43648 21
43652 14
43659 10
43662 17
43664 10
43665 6
43671 19
43673 18
43674 2
43683 21
43687 12
43695 6
43701 6
43707 15
43709 4
43715 16
43717 7
43720 15
43722 14
43727 12
43735 2
43744 12
43750 11
43756 12
43762 14
43767 17
43769 12
43775 9
43776 4
43784 1
43793 4
43801 10
43804 16
43806 18
43807 12
43815 13
43821 8
43825 11
43832 5
43838 20
43840 11
43846 15
43848 12
43856 11
43862 11
43868 21
43872 10
43873 11
43880 13
43886 18
43887 14
43892 10
43895 14
43900 11
43907 15
43909 11
43916 20
43918 19
43920 20
43922 12
43928 11
43935 4
43943 7
43945 6
43951 21
43955 13
43960 10
43961 16
43963 12
43971 17
43973 7
43975 3
43981 11
43988 20
43990 16
43992 4
43998 18
43999 11
44006 11
44012 16
44014 19
44016 16
44018 13
44024 21
44028 4
44034 11
44040 14
44045 12
44051 4
44059 11
44065 11
44072 3
44078 7
44080 13
44086 6
44092 2
44101 19
44103 6
44109 19
44111 2
44120 6
44126 15
44128 11
44135 3
44142 7
44144 12
44152 15
44154 11
44161 14
44168 14
44173 16
44175 11
44181 18
44182 11
44189 15
44191 20
44193 18
44194 12
44200 21
44204 11
44211 19
44213 3
44220 4
44228 12
44236 18
44237 11
44243 5
44249 14
44256 14
44261 10
44264 7
44266 12
44272 8
44276 18
44277 15
44279 8
44283 12
44289 17
44291 18
44292 14
44297 13
44303 2
44314 5
44320 10
44321 15
44323 11
44330 1
44340 10
44341 8
44343 16
44345 10
44348 19
44350 15
44352 17
44354 18
44355 19
44357 9
44358 18
44359 14
44364 11
44371 8
44375 18
44376 15
44378 11
44385 19
44387 5
44393 10
44396 12
44402 9
44404 8
44406 19
44408 5
44415 15
44417 11
44424 15
44426 16
44428 17
44430 20
44432 13
44438 13
44443 16
44445 10
44448 17
44450 19
44452 18
44453 18
44454 12
44462 15
44464 16
44466 3
44472 18
44473 16
44475 11
44482 21
44486 1
44496 11
44502 20
44504 1
44514 1
44523 9
44524 19
44526 7
44528 17
44530 9
44531 6
44539 13
44544 11
44550 14
44557 18
44558 11
44565 1
44574 11
44581 18
44582 13
44587 14
44592 4
44598 16
44600 10
44601 9
44603 21
44607 18
44608 5
44615 7
44617 4
44623 18
44624 20
44626 12
44632 8
44636 20
44638 12
44646 5
44653 12
44659 19
44661 11
44668 3
44675 15
44677 11
44684 13
44689 9
44691 3
44698 5
44704 6
44710 11
44717 11
44724 21
44728 2
44737 2
44748 19
44750 14
44757 2
44766 9
44767 18
44768 11
44774 10
44777 6
44783 7
44786 16
44788 5
44794 15
44796 13
44802 18
44803 18
44804 2
44813 11
44820 7
44822 18
44823 8
44825 12
44833 15
44835 17
44837 6
44843 9
44844 17
44846 18
44847 15
44849 4
44855 13
44861 14
44868 8
44872 2
44883 18
44884 10
44887 8
44889 5
44895 7
44898 11
44904 11
44911 16
44913 14
44918 16
44920 5
44926 5
44932 8
44936 11
44943 6
44951 19
44953 8
44957 11
44963 16
44965 20
44967 13
44972 20
44974 19
44976 9
44977 14
44982 15
44984 14
44991 19
44993 4
44999 18
45000 18
45001 5
45008 20
45010 8
45012 1
45021 17
45023 4
45031 20
45033 11
45040 1
45049 17
45051 15
45053 8
45055 10
45056 6
45064 2
45073 21
45077 6
45083 15
45085 12
45091 10
45092 11
45098 12
45104 9
45105 2
45114 18
45115 2
45126 11
45133 1
45142 11
45149 21
45153 11
45160 18
45161 4
45169 9
45170 15
45172 11
45179 4
45185 18
45186 14
45191 2
45200 7
45202 18
45203 3
45210 21
45214 1
45223 15
45225 10
45226 19
45228 5
45234 15
45236 8
45238 19
45240 11
45246 8
45248 2
45259 15
45261 11
45268 8
45270 2
45279 15
45281 9
45282 18
45283 8
45285 16
45287 18
45288 11
45294 4
45302 6
45310 21
45314 10
45317 12
45323 7
45326 1
45336 11
45343 12
45349 12
45355 17
45357 5
45363 18
45364 18
45365 18
45366 11
45372 18
45373 12
45381 18
45382 17
45384 2
45393 9
45394 11
45400 2
45409 4
45417 18
45418 21
45422 11
45429 9
45430 11
45437 21
45441 11
45448 9
45449 9
45451 10
45454 17
45456 4
45464 3
45471 18
45472 2
45483 12
45491 20
45493 8
45497 12
45505 4
45513 7
45515 6
45523 11
45530 12
45538 1
45547 6
45555 12
45561 21
45565 12
45573 12
45581 20
45583 6
45591 11
45597 18
45598 17
45600 16
45602 19
45604 13
45609 18
45610 8
45612 4
45618 7
45621 4
45627 11
45633 13
45639 19
45641 16
45643 17
45645 18
45646 4
45652 10
45655 10
45656 3
45662 17
45664 1
45673 2
45684 17
45686 5
45692 11
45699 9
45700 10
45703 18
45704 12
45712 18
45713 16
45715 9
45716 20
45718 19
45720 1
45729 12
45735 17
45737 4
45743 16
45745 14
45750 18
45751 19
45753 4
45761 16
45763 15
45765 17
45767 12
45773 3
45779 8
45781 4
45787 11
45793 21
45797 7
45800 11
45806 14
45811 10
45812 21
45816 7
45819 7
45821 16
45823 6
45831 21
45835 19
45837 18
45838 13
45844 17
45846 12
45852 12
45858 16
45860 18
45861 7
45863 7
45865 19
45867 18
45868 11
45874 3
45881 8
45885 19
45887 8
45889 12
45895 19
45897 12
45905 19
45907 18
45908 18
45909 5
45916 10
45919 11
45926 12
45934 11
45941 4
45949 18
45950 18
45951 14
45956 12
45962 7
45964 14
45971 17
45973 3
45980 12
45988 10
45989 16
45991 9
45993 2
46004 10
46005 1
46015 4
46021 3
46028 9
46030 16
46032 6
46040 11
46047 20
46049 10
46050 15
46052 21
46056 19
46058 6
46066 3
46073 7
46076 12
46082 1
46091 9
46092 4
46098 18
46099 8
46101 6
46109 10
46110 16
46112 14
46119 19
46121 18
46122 9
46124 20
46126 20
46128 18
46129 17
46131 18
46132 16
46134 7
46137 11
46144 17
46146 17
46148 11
46154 11
46160 9
46162 3
46168 20
46170 21
46174 16
46176 12
46184 3
46191 20
46193 11
46199 19
46201 18
46202 11
46209 6
46215 13
46221 18
46222 13
46227 21
46231 14
46236 18
46237 17
46239 11
46245 12
46253 11
46259 6
46265 12
46271 16
46273 16
46275 17
46277 21
46281 21
46285 11
46291 13
46297 1
46307 12
46315 13
46321 1
46330 11
46336 5
46342 6
46348 11
46354 12
46360 17
46362 3
46368 3
46374 21
46378 21
46382 21
46386 12
46392 8
46394 11
46401 15
46403 16
46405 12
46411 1
46421 11
46427 11
46433 6
46439 14
46446 9
46448 12
46456 16
46458 2
46469 6
46477 14
46484 2
46493 6
46501 12
46509 5
46516 1
46525 8
46529 5
46536 20
46538 6
46546 21
46550 15
46552 20
46554 5
46561 18
46562 6
46568 14
46575 11
46582 5
46589 17
46591 15
46593 8
46597 11
46603 16
46605 3
46611 9
46612 12
46618 21
46622 5
46628 5
46635 17
46637 11
46644 10
46647 11
46653 18
46654 10
46655 19
46657 11
46663 11
46670 12
46678 14
46685 18
46686 5
46692 11
46698 9
46700 13
46705 2
46716 9
46718 11
46724 12
46732 8
46734 6
46742 12
46750 19
46752 9
46754 9
46755 9
46757 2
46766 15
46768 9
46770 20
46772 14
46779 6
46787 20
46789 17
46791 10
46794 11
46801 16
46803 13
46808 18
46809 11
46815 3
46822 8
46824 21
46828 4
46834 3
46841 16
46843 11
46849 20
46851 11
46858 11
46865 20
46867 12
46873 7
