10000
1 6
8 4
16 3
23 11
30 20
32 18
33 5
39 11
45 12
51 12
58 9
59 19
61 16
63 11
70 15
72 12
78 6
85 4
91 16
93 19
95 12
103 16
105 6
111 7
114 3
121 4
128 17
130 18
131 18
132 14
137 12
144 17
146 15
148 12
155 6
162 21
166 11
173 10
174 5
181 3
188 9
189 7
192 1
202 12
208 13
213 20
215 17
217 12
224 1
233 20
235 15
237 11
244 10
246 19
248 8
250 12
257 12
264 18
265 16
267 11
273 10
275 9
277 10
278 11
285 9
286 5
293 4
300 9
302 2
311 16
313 21
317 12
323 17
325 4
331 3
338 17
340 6
347 18
348 5
355 12
362 17
364 4
370 2
381 21
385 12
393 11
399 15
401 11
407 13
412 12
419 15
421 1
430 11
437 3
444 10
446 20
448 15
450 2
461 18
462 10
465 14
471 13
476 14
482 11
488 5
495 4
502 14
508 16
510 8
513 12
519 17
521 5
528 12
535 21
539 17
541 19
543 17
545 6
552 10
555 16
557 11
563 11
570 8
573 11
580 8
584 2
594 16
596 18
597 11
604 18
605 10
607 15
609 10
611 4
618 8
622 18
623 11
629 15
631 11
637 1
646 17
648 12
655 11
662 11
669 18
670 13
675 15
677 7
679 19
681 10
684 4
690 18
691 12
698 9
699 11
706 7
709 2
719 11
725 5
731 12
737 19
739 18
740 20
742 18
743 15
745 13
751 8
754 12
761 17
763 10
764 19
766 12
774 17
776 11
782 1
791 19
793 14
799 11
806 6
814 9
815 15
817 11
824 12
830 8
832 6
839 18
840 16
842 19
844 1
854 18
855 12
861 4
868 17
870 12
877 12
884 4
892 15
894 7
897 17
899 18
900 5
907 10
909 8
913 9
914 21
918 20
920 2
930 6
938 1
947 12
953 15
955 19
957 20
959 9
961 9
962 17
964 12
970 21
974 13
979 9
980 10
982 1
991 12
997 11
1003 8
1005 9
1007 2
1017 8
1020 3
1026 2
1035 18
1036 14
1042 17
1044 3
1050 19
1052 15
1054 4
1062 5
1068 12
1075 3
1082 15
1084 8
1087 14
1093 16
1095 14
1102 15
1104 11
1110 4
1118 16
1120 18
1121 18
1122 14
1129 15
1131 11
1138 6
1145 17
1147 3
1153 2
1162 20
1164 5
1170 12
1176 9
1177 2
1187 12
1194 5
1201 10
1202 9
1204 14
1211 12
1218 11
1224 1
1233 10
1235 21
1239 11
1246 5
1252 21
1256 20
1258 8
1262 15
1264 19
1266 4
1273 19
1275 11
1282 13
1288 4
1296 7
1299 4
1307 12
1314 12
1321 19
1323 1
1332 16
1334 11
1340 21
1344 5
1350 10
1352 9
1353 4
1359 18
1360 12
1366 11
1372 21
1376 3
1382 16
1384 18
1385 15
1387 14
1393 11
1400 20
1402 20
1404 20
1406 19
1408 17
1410 12
1416 20
1418 14
1425 2
1434 19
1436 14
1441 12
1448 11
1454 12
1462 12
1469 18
1470 10
1473 19
1475 19
1477 15
1479 14
1486 4
1493 16
1495 1
1504 13
1510 12
1517 15
1519 15
1521 5
1527 19
1529 14
1534 12
1541 14
1546 13
1552 2
1563 20
1565 10
1567 9
1569 10
1572 11
1578 6
1585 11
1592 5
1598 12
1605 11
1611 6
1617 9
1618 19
1620 12
1627 11
1634 21
1638 12
1646 8
1649 11
1655 17
1657 2
1668 11
1674 15
1676 16
1678 4
1686 12
1692 11
1698 9
1700 11
1707 6
1713 19
1715 14
1721 5
1727 8
1731 12
1737 12
1745 17
1747 18
1748 2
1757 14
1762 11
1768 14
1774 20
1776 8
1779 20
1781 15
1783 12
1789 15
1791 1
1800 13
1806 17
1808 12
1814 10
1816 8
1819 6
1825 3
1831 3
1837 14
1843 11
1850 9
1852 15
1854 8
1858 6
1866 16
1868 15
1870 14
1876 9
1878 2
1889 11
1896 3
1902 2
1913 3
1920 1
1929 16
1931 11
1938 12
1946 10
1949 11
1956 14
1962 11
1969 4
1976 4
1984 3
1990 9
1992 6
1999 11
2006 6
2013 12
2019 14
2024 10
2027 3
2033 6
2040 6
2048 12
2055 19
2057 13
2062 11
2068 18
2069 15
2071 7
2073 21
2077 7
2080 4
2088 10
2090 5
2097 18
2098 8
2102 12
2110 15
2112 1
2122 5
2128 16
2130 19
2132 11
2138 18
2139 5
2145 18
2146 12
2153 19
2155 12
2161 10
2163 2
2172 18
2173 18
2174 14
2179 12
2186 8
2189 8
2191 20
2193 21
2197 11
2203 6
2211 11
2217 12
2224 11
2231 18
2232 4
2238 12
2246 11
2252 10
2254 11
2260 19
2262 14
2267 9
2268 7
2271 5
2278 11
2285 4
2292 18
2293 2
2304 3
2310 19
2312 10
2314 19
2316 15
2318 4
2326 6
2333 15
2335 17
2337 11
2343 14
2350 9
2352 16
2354 14
2360 12
2367 7
2369 12
2377 18
2378 20
2380 15
2382 18
2383 9
2384 5
2390 5
2397 16
2399 7
2401 9
2403 12
2410 3
2417 6
2425 13
2430 1
2440 15
2442 9
2443 19
2445 12
2451 3
2458 4
2465 21
2469 17
2471 12
2478 5
2485 12
2493 2
2502 2
2513 19
2515 11
2522 13
2527 15
2529 1
2538 13
2544 18
2545 10
2548 7
2551 8
2555 4
2562 1
2571 18
2572 6
2579 16
2581 1
2591 21
2595 10
2597 12
2604 15
2606 11
2612 3
2618 9
2619 19
2621 10
2624 12
2632 5
2639 18
2640 21
2644 12
2652 12
2659 14
2665 12
2673 2
2682 16
2684 3
2691 14
2696 6
2703 21
2707 1
2717 7
2720 13
2725 3
2732 1
2742 1
2752 21
2756 18
2757 11
2763 5
2770 19
2772 11
2779 14
2785 12
2793 16
2795 13
2801 11
2808 15
2810 8
2813 15
2815 7
2818 3
2824 5
2830 6
2838 16
2840 21
2844 16
2846 3
2852 12
2859 11
2865 18
2866 12
2873 10
2874 15
2876 12
2884 4
2892 20
2894 13
2899 15
2901 8
2905 10
2906 8
2909 15
2911 1
2921 8
2924 20
2926 14
2932 12
2939 2
2949 18
2950 13
2955 12
2962 16
2964 15
2966 11
2972 1
2981 6
2989 13
2994 10
2996 18
2997 2
3006 11
3012 11
3019 9
3021 11
3027 3
3034 7
3037 2
3047 21
3051 13
3057 6
3064 15
3066 5
3072 11
3078 17
3080 11
3087 4
3095 12
3102 11
3108 9
3109 1
3118 11
3125 4
3132 4
3140 6
3146 12
3152 13
3158 20
3160 6
3166 8
3168 2
3179 11
3186 13
3192 15
3194 11
3200 8
3204 13
3210 4
3218 18
3219 12
3226 12
3234 12
3241 4
3247 11
3254 4
3262 15
3264 11
3271 11
3277 18
3278 6
3284 8
3287 9
3288 15
3290 2
3300 15
3302 7
3305 20
3307 13
3312 5
3318 21
3322 11
3329 16
3331 9
3333 20
3335 13
3341 8
3343 20
3345 16
3347 4
3354 12
3360 11
3366 1
3375 12
3381 19
3383 15
3385 18
3386 15
3388 5
3394 15
3396 18
3397 13
3403 2
3412 18
3413 19
3415 4
3422 20
3424 3
3430 11
3436 1
3446 11
3452 8
3456 20
3458 6
3465 16
3467 16
3469 18
3470 12
3477 18
3478 18
3479 8
3481 14
3487 17
3489 1
3498 14
3504 11
3511 16
3513 12
3521 12
3528 11
3535 11
3541 17
3543 12
3549 11
3555 18
3556 11
3562 7
3565 12
3573 1
3583 17
3585 7
3588 12
3596 7
3598 14
3604 7
3606 20
3608 6
3615 13
3621 19
3623 15
3625 12
3633 13
3639 15
3641 11
3647 11
3654 18
3655 17
3657 4
3664 10
3665 2
3675 19
3677 20
3679 18
3680 4
3687 14
3693 17
3695 5
3702 15
3704 18
3705 16
3707 8
3710 1
3719 14
3726 19
3728 20
3730 20
3732 15
3734 5
3741 3
3748 11
3755 15
3757 3
3763 11
3769 17
3771 21
3775 7
3777 6
3783 6
3789 14
3795 16
3797 11
3804 11
3811 7
3813 13
3819 12
3827 2
3837 10
3839 6
3845 8
3849 17
3851 5
3858 8
3861 8
3864 18
3865 11
3871 9
3873 19
3875 10
3877 15
3879 9
3881 3
3887 15
3889 18
3890 19
3892 6
3900 12
3906 19
3908 17
3910 19
3912 19
3914 5
3920 18
3921 12
3929 17
3931 11
3937 15
3939 15
3941 12
3949 11
3955 21
3959 6
3966 20
3968 3
3975 14
3981 18
3982 12
3990 12
3996 2
4006 11
4013 5
4020 6
4028 15
4030 1
4039 3
4045 18
4046 12
4053 11
4059 2
4070 6
4077 18
4078 18
4079 11
4086 1
4096 4
4102 11
4108 12
4115 18
4116 7
4118 12
4124 10
4127 6
4133 1
4142 10
4144 8
4146 16
4148 4
4155 11
4161 18
4162 5
4168 1
4177 11
4184 15
4186 11
4193 1
4202 15
4204 15
4206 18
4207 3
4214 6
4221 17
4223 15
4225 21
4229 8
4231 17
4233 13
4239 18
4240 15
4242 18
4243 17
4245 21
4249 18
4250 3
4257 12
4265 11
4272 12
4278 21
4282 12
4290 7
4293 18
4294 18
4295 11
4302 17
4304 21
4308 10
4311 11
4317 2
4327 5
4334 15
4336 9
4338 18
4339 21
4343 18
4344 8
4347 11
4353 12
4360 16
4362 12
4369 16
4371 5
4377 15
4379 18
4380 11
4386 20
4388 3
4395 1
4404 7
4407 1
4417 13
4422 3
4428 17
4430 10
4432 13
4437 3
4443 12
4450 12
4457 6
4464 16
4466 21
4470 14
4476 12
4483 21
4487 12
4494 2
4504 18
4505 12
4512 5
4519 15
4521 16
4523 21
4527 11
4534 6
4541 12
4547 18
4548 20
4550 18
4551 15
4553 15
4555 14
4561 19
4563 7
4566 19
4568 20
4570 3
4576 18
4577 11
4584 6
4591 5
4597 9
4599 4
4607 17
4609 3
4616 6
4624 11
4631 10
4633 20
4635 11
4641 12
4649 12
4656 11
4663 6
4670 8
4672 7
4674 12
4680 15
4682 18
4683 19
4685 14
4691 6
4697 15
4699 10
4701 15
4703 18
4704 10
4707 13
4712 20
4714 21
4718 15
4720 21
4724 20
4726 11
4733 8
4735 15
4737 16
4739 12
4745 6
4752 18
4753 14
4758 12
4765 1
4774 20
4776 21
4780 11
4787 15
4789 16
4791 20
4793 3
4799 11
4805 15
4807 15
4809 11
4816 1
4826 17
4828 20
4830 4
4837 21
4841 11
4848 18
4849 16
4851 12
4859 7
4862 3
4868 13
4873 8
4876 18
4877 13
4883 4
4890 13
4895 11
4901 20
4903 12
4911 18
4912 10
4914 17
4916 7
4918 18
4919 1
4928 19
4930 18
4931 16
4933 16
4935 18
4936 12
4944 3
4951 11
4957 12
4964 12
4971 15
4973 13
4978 9
4979 3
4985 3
4992 18
4993 17
4995 7
4998 11
5005 11
5011 12
5018 4
5026 3
5033 11
5039 18
5040 19
5042 7
5045 20
5047 7
5050 3
5056 4
5063 21
5067 12
5073 17
5075 14
5082 8
5085 14
5091 21
5095 18
5096 12
5104 10
5107 14
5113 17
5115 14
5122 3
5128 5
5135 15
5137 14
5142 21
5146 12
5152 20
5154 11
5160 11
5167 11
5174 11
5180 14
5186 13
5192 21
5196 6
5204 11
5211 18
5212 11
5219 7
5222 12
5229 6
5236 4
5244 13
5250 1
5259 11
5266 16
5268 12
5276 12
5283 12
5291 11
5298 15
5300 4
5306 12
5312 2
5323 3
5330 12
5337 7
5340 18
5341 15
5343 8
5347 12
5353 8
5356 8
5359 11
5366 11
5372 19
5374 16
5376 16
5378 11
5385 18
5386 15
5388 6
5395 9
5396 18
5397 13
5403 12
5410 18
5411 17
5413 18
5414 4
5421 9
5422 1
5432 12
5438 1
5448 14
5453 6
5461 2
5471 21
5475 15
5477 4
5485 2
5494 10
5497 9
5499 20
5501 13
5507 5
5514 1
5524 16
5526 4
5533 14
5540 4
5548 7
5550 16
5552 3
5558 20
5560 12
5567 20
5569 12
5576 12
5584 20
5586 12
5593 14
5600 12
5608 1
5618 13
5623 21
5627 11
5634 11
5641 7
5644 11
5650 20
5652 10
5654 5
5661 7
5663 12
5670 11
5676 20
5678 7
5680 12
5686 7
5688 6
5694 16
5696 12
5704 17
5706 5
5712 10
5713 4
5720 9
5721 21
5725 18
5726 15
5728 5
5734 5
5741 8
5745 4
5752 7
5755 16
5757 18
5758 1
5768 15
5770 19
5772 7
5774 18
5775 4
5783 6
5790 19
5792 11
5798 17
5800 18
5801 17
5803 20
5805 20
5807 16
5809 11
5816 17
5818 3
5824 17
5826 14
5832 4
5838 15
5840 3
5847 11
5854 18
5855 12
5862 9
5863 7
5865 12
5871 21
5875 6
5881 7
5883 12
5890 15
5892 1
5902 13
5908 6
5914 20
5916 20
5918 6
5924 14
5929 3
5935 6
5942 8
5945 15
5947 12
5954 21
5958 14
5965 12
5972 18
5973 15
5975 8
5979 9
5981 3
5988 18
5989 16
5991 12
5997 3
6004 11
6011 1
6021 12
6028 4
6035 17
6037 12
6044 19
6046 16
6048 13
6054 8
6057 2
6066 12
6073 12
6079 9
6080 11
6086 11
6093 19
6095 21
6099 17
6101 14
6107 2
6117 5
6123 20
6125 7
6128 14
6135 16
6137 11
6144 10
6146 18
6147 12
6153 15
6155 12
6161 15
6163 15
6165 15
6167 9
6168 15
6170 4
6178 6
6186 16
6188 8
6190 12
6197 11
6203 11
6209 11
6216 7
6218 11
6224 15
6226 16
6228 12
6235 6
6242 5
6249 1
6258 12
6265 8
6268 11
6275 19
6277 17
6279 1
6288 21
6292 4
6300 4
6306 21
6310 20
6312 14
6319 21
6323 2
6334 13
6340 14
6346 18
6347 8
6350 5
6356 11
6362 13
6367 1
6376 12
6382 20
6384 21
6388 12
6395 15
6397 4
6404 4
6411 5
6418 1
6428 3
6434 19
6436 14
6443 10
6445 12
6452 15
6454 11
6461 15
6463 20
6465 15
6467 17
6469 10
6472 13
6477 1
6487 4
6494 19
6496 11
6503 12
6510 16
6512 9
6513 14
6518 4
6524 9
6525 5
6531 18
6532 7
6535 11
6542 10
6545 11
6552 2
6562 11
6568 21
6572 18
6573 19
6575 1
6584 12
6591 2
6601 8
6604 10
6607 9
6609 2
6619 5
6626 10
6628 16
6630 12
6637 13
6643 11
6649 15
6651 11
6658 11
6664 15
6666 11
6672 21
6676 20
6678 15
6680 6
6687 8
6690 7
6693 3
6699 16
6701 14
6708 19
6710 11
6717 21
6721 7
6724 21
6728 15
6730 4
6736 12
6743 12
6750 6
6757 11
6764 13
6770 11
6776 11
6782 8
6786 14
6792 11
6799 18
6800 7
6803 18
6804 8
6808 4
6815 17
6817 4
6824 14
6830 21
6834 21
6838 5
6845 6
6852 17
6854 3
6860 2
6871 13
6876 3
6883 16
6885 18
6886 14
6891 7
6893 11
6899 9
6900 12
6907 8
6909 12
6916 6
6923 2
6933 10
6935 19
6937 11
6943 12
6950 11
6956 12
6962 16
6964 14
6970 2
6981 20
6983 15
6985 13
6990 6
6997 12
7004 16
7006 1
7016 8
7019 11
7025 15
7027 10
7030 10
7032 16
7034 17
7036 16
7038 9
7039 1
7049 3
7055 20
7057 12
7064 10
7065 9
7066 11
7072 9
7073 9
7075 1
7085 11
7091 16
7093 11
7100 11
7107 3
7114 15
7116 11
7123 4
7130 15
7132 12
7139 12
7146 17
7148 14
7155 11
7162 11
7169 1
7179 8
7183 20
7185 16
7187 7
7189 20
7191 21
7195 6
7202 3
7208 10
7210 20
7212 13
7217 10
7219 17
7221 7
7224 8
7228 10
7230 11
7236 4
7243 13
7248 10
7249 11
7255 15
7257 20
7259 18
7260 12
7268 11
7274 19
7276 11
7282 4
7288 6
7294 20
7296 12
7303 18
7304 19
7306 16
7308 14
7313 18
7314 20
7316 12
7323 13
7328 21
7332 8
7334 1
7343 1
7353 12
7359 1
7368 13
7374 21
7378 7
7381 9
7382 18
7383 12
7391 3
7397 16
7399 2
7409 12
7415 6
7422 17
7424 15
7426 9
7427 20
7429 19
7431 9
7433 8
7436 15
7438 10
7440 18
7441 3
7447 11
7454 4
7460 10
7463 5
7470 19
7472 6
7479 17
7481 12
7489 19
7491 18
7492 12
7499 14
7504 15
7506 2
7517 21
7521 15
7523 12
7530 19
7532 18
7533 6
7540 11
7546 12
7552 13
7557 14
7564 10
7566 14
7572 15
7574 12
7580 2
7590 13
7596 11
7602 4
7609 11
7615 12
7623 11
7629 11
7635 19
7637 12
7645 9
7646 12
7653 8
7657 5
7663 14
7668 16
7670 1
7679 6
7686 10
7688 5
7695 6
7702 2
7712 15
7714 11
7721 2
7730 17
7732 21
7736 4
7742 16
7744 4
7752 8
7754 20
7756 15
7758 15
7760 11
7766 18
7767 4
7775 14
7781 1
7790 2
7800 19
7802 18
7803 9
7805 20
7807 18
7808 12
7815 18
7816 10
7818 2
7828 11
7835 3
7841 6
7848 17
7850 11
7857 15
7859 12
7866 18
7867 16
7869 5
7875 7
7877 10
7878 11
7885 17
7887 20
7889 11
7895 19
7897 19
7899 16
7901 12
7908 6
7915 13
7921 10
7923 10
7925 20
7927 16
7929 18
7930 15
7932 20
7934 12
7942 16
7944 11
7951 7
7954 18
7955 15
7957 21
7961 11
7968 7
7971 8
7974 15
7976 12
7983 19
7985 10
7986 18
7987 9
7988 6
7995 13
8001 12
8009 3
8016 11
8022 16
8024 11
8031 9
8033 18
8034 20
8036 11
8043 15
8045 2
8056 20
8058 16
8060 6
8066 4
8073 18
8074 11
8080 20
8082 17
8084 3
8091 2
8100 6
8106 19
8108 18
8109 21
8113 6
8119 11
8126 6
8133 7
8136 15
8138 8
8141 10
8144 16
8146 6
8152 16
8154 12
8160 13
8165 4
8171 16
8173 12
8180 15
8182 12
8189 12
8196 11
8203 11
8209 9
8210 18
8211 4
8218 4
8226 15
8228 4
8235 12
8243 12
8251 4
8257 11
8264 21
8268 13
8273 15
8275 12
8281 12
8289 19
8291 11
8298 20
8300 4
8307 12
8314 20
8316 16
8318 4
8326 7
8328 15
8330 5
8336 17
8338 12
8346 19
8348 3
8355 12
8362 5
8369 21
8373 19
8375 16
8377 21
8381 13
8387 17
8389 4
8395 9
8397 7
8400 16
8402 8
8405 4
8412 6
8418 14
8424 13
8430 16
8432 11
8438 12
8446 3
8452 18
8453 12
8460 3
8466 3
8473 14
8479 17
8481 11
8487 11
8494 18
8495 2
8505 14
8510 12
8518 11
8524 11
8530 2
8541 20
8543 13
8549 12
8557 12
8565 15
8567 2
8578 4
8585 12
8593 4
8600 18
8601 16
8603 17
8605 4
8613 12
8620 1
8629 18
8630 13
8636 11
8642 7
8644 18
8645 1
8655 11
8661 13
8666 16
8668 13
8674 11
8680 18
8681 1
8690 20
8692 9
8693 1
8703 6
8710 21
8714 13
8720 18
8721 12
8728 12
8735 10
8738 10
8740 14
8746 12
8753 1
8763 16
8765 18
8766 10
8769 9
8771 9
8772 6
8779 12
8787 13
8793 4
8799 21
8803 20
8805 12
8812 17
8814 19
8816 19
8818 15
8820 7
8822 19
8824 19
8826 12
8833 11
8839 21
8843 4
8850 3
8856 11
8863 6
8869 11
8876 1
8885 11
8891 3
8897 20
8899 16
8901 12
8908 15
8910 18
8911 11
8917 10
8919 1
8928 1
8937 9
8938 4
8944 6
8952 2
8963 15
8965 5
8971 15
8973 12
8980 12
8986 1
8996 12
9004 8
9008 15
9010 4
9018 1
9027 8
9029 21
9033 12
9040 12
9046 11
9053 16
9055 12
9063 15
9065 11
9071 16
9073 12
9080 6
9087 15
9089 16
9091 12
9098 12
9105 12
9112 11
9119 19
9121 14
9127 18
9128 21
9132 3
9139 1
9149 10
9152 12
9158 18
9159 1
9168 16
9170 21
9174 11
9181 11
9188 5
9195 8
9199 5
9206 16
9208 6
9215 15
9217 5
9224 15
9226 18
9227 11
9234 11
9240 6
9247 18
9248 11
9255 12
9261 6
9269 18
9270 18
9271 12
9278 8
9280 21
9284 1
9294 4
9301 17
9303 13
9308 17
9310 12
9318 5
9324 4
9331 9
9332 15
9334 7
9336 18
9337 1
9346 10
9348 6
9355 14
9360 16
9362 12
9368 15
9370 8
9372 2
9382 14
9388 11
9394 1
9403 15
9405 6
9412 12
9419 17
9421 20
9423 19
9425 8
9427 13
9432 13
9438 6
9445 13
9451 18
9452 20
9454 14
9461 11
9468 7
9470 9
9472 19
9474 11
9481 16
9483 11
9489 10
9491 8
9494 16
9496 7
9498 12
9505 18
9506 12
9512 3
9519 10
9521 3
9528 12
9535 15
9537 10
9538 11
9544 11
9551 20
9553 18
9554 5
9560 11
9566 11
9572 19
9574 18
9575 21
9579 12
9585 16
9587 14
9593 12
9601 18
9602 12
9608 15
9610 17
9612 6
9619 12
9627 5
9634 18
9635 12
9642 12
9648 18
9649 11
9656 21
9660 13
9665 11
9672 17
9674 11
9680 8
9683 18
9684 2
9693 16
9695 10
9696 20
9698 12
9705 8
9707 2
9716 15
9718 7
9721 12
9728 1
9737 10
9739 15
9741 12
9748 18
9749 8
9751 11
9757 12
9764 11
9771 18
9772 11
9778 10
9780 10
9782 4
9788 8
9792 1
9801 2
9812 9
9814 12
9821 1
9831 6
9837 17
9839 10
9840 21
9844 12
9851 1
9860 11
9867 6
9873 13
9879 7
9881 7
9883 18
9884 15
9886 16
9888 1
9898 3
9904 16
9906 16
9908 15
9910 1
9919 6
9925 2
9936 11
9943 18
9944 12
9951 1
9961 15
9963 6
9969 12
9976 18
9977 9
9979 21
9983 12
9990 21
9994 4
10000 11
10007 5
10014 13
10019 13
10025 10
10026 18
10027 3
10033 18
10034 12
10040 12
10047 16
10049 14
10055 14
10062 11
10069 1
10078 9
10080 3
10086 19
10088 1
10097 12
10105 12
10113 3
10119 20
10121 16
10123 11
10130 16
10132 16
10134 12
10142 7
10144 16
10146 13
10151 18
10152 8
10154 13
10160 17
10162 9
10163 11
10170 8
10173 1
10182 16
10184 1
10194 10
10197 15
10199 18
10200 11
10207 18
10208 15
10210 12
10217 16
10219 18
10220 16
10222 20
10224 7
10226 13
10232 2
10242 1
10252 6
10260 6
10267 10
10268 11
10274 14
10280 8
10282 3
10289 8
10291 17
10293 12
10300 6
10308 1
10317 16
10319 19
10321 13
10327 21
10331 13
10336 12
10343 12
10349 11
10355 11
10361 12
10367 12
10374 17
10376 3
10382 12
10388 16
10390 3
10397 18
10398 11
10404 1
10414 15
10416 12
10422 12
10430 2
10440 12
10447 11
10454 11
10461 20
10463 8
10467 21
10471 21
10475 18
10476 17
10478 8
10482 4
10489 19
10491 7
10494 10
10497 20
10499 4
10506 18
10507 7
10509 8
10512 9
10513 6
10519 17
10521 13
10526 16
10528 4
10535 14
10542 11
10549 19
10551 15
10553 13
10559 12
10566 16
10568 8
10571 11
10578 5
10585 6
10592 12
10600 1
10609 9
10611 16
10613 14
10619 12
10626 5
10632 6
10638 16
10640 11
10646 20
10648 17
10650 12
10658 10
10660 3
10667 4
10674 4
10680 18
10681 1
10691 21
10695 12
10702 3
10708 5
10714 8
10716 2
10725 2
10734 21
10738 18
10739 4
10746 1
10755 1
10765 3
10772 4
10780 5
10786 13
10792 16
10794 16
10796 6
10802 12
10810 7
10812 21
10816 7
10819 14
10825 1
10835 21
10839 9
10841 10
10843 21
10847 3
10853 7
10855 10
10858 14
10864 18
10865 5
10872 19
10874 12
10881 18
10882 15
10884 12
10891 18
10892 6
10898 12
10904 12
10911 18
10912 18
10913 12
10920 20
10922 20
10924 19
10926 4
10932 16
10934 11
10941 16
10943 12
10950 14
10956 14
10961 13
10966 12
10973 6
10979 18
10980 17
10982 13
10987 18
10988 2
10999 5
11006 11
11013 6
11020 5
11027 10
11029 11
11036 2
11046 2
11056 14
11063 20
11065 17
11067 6
11074 18
11075 5
11082 11
11088 4
11094 8
11097 15
11099 16
11101 11
11108 18
11109 18
11110 5
11117 3
11124 20
11126 18
11127 7
11129 11
11135 11
11141 11
11148 9
11150 19
11152 5
11159 13
11165 7
11168 4
11175 13
11180 16
11182 18
11183 10
11184 9
11186 18
11187 6
11194 18
11195 21
11199 16
11201 1
11211 21
11215 5
11222 4
11229 12
11237 5
11244 10
11247 12
11255 12
11262 12
11270 16
11272 12
11280 8
11283 19
11285 9
11287 15
11289 13
11294 8
11296 11
11303 12
11310 11
11317 3
11324 12
11331 18
11332 11
11339 12
11347 21
11351 13
11357 7
11360 11
11366 9
11367 19
11369 14
11375 20
11377 17
11379 4
11386 6
11393 12
11401 12
11407 8
11410 3
11417 5
11423 13
11429 15
11431 18
11432 18
11433 11
11439 11
11446 17
11448 11
11455 10
11456 12
11464 8
11467 12
11473 20
11475 18
11476 7
11478 10
11480 18
11481 9
11483 12
11491 13
11497 21
11501 18
11502 18
11503 7
11506 8
11508 18
11509 12
11516 8
11519 1
11529 6
11536 17
11538 12
11546 17
11548 12
11554 14
11560 3
11566 4
11574 11
11580 15
11582 2
11593 12
11600 10
11602 21
11606 11
11612 13
11617 2
11626 12
11632 17
11634 21
11638 18
11639 7
11641 20
11643 15
11645 18
11646 21
11650 15
11652 18
11653 20
11655 21
11659 8
11662 12
11669 12
11677 19
11679 20
11681 15
11683 19
11685 4
11692 9
11694 7
11696 12
11703 18
11704 1
11714 19
11716 17
11718 16
11720 14
11725 10
11728 8
11730 1
11739 8
11742 13
11747 16
11749 12
11756 20
11758 11
11765 11
11772 11
11779 19
11781 11
11787 20
11789 4
11796 9
11797 12
11804 12
11812 4
11819 10
11820 7
11823 1
11833 11
11840 5
11847 6
11853 9
11854 12
11861 12
11868 21
11872 11
11878 4
11885 18
11886 5
11892 2
11903 12
11910 2
11920 12
11927 11
11934 11
11941 5
11947 3
11954 10
11956 2
11965 21
11969 1
11978 18
11979 8
11982 8
11986 11
11993 19
11995 11
12001 12
12008 7
12010 11
12016 12
12024 11
12031 11
12038 8
12041 15
12043 9
12044 2
12055 3
12061 12
12068 21
12072 11
12079 11
12085 16
12087 18
12088 12
12095 11
12102 2
12112 11
12118 7
12120 7
12122 12
12130 17
12132 11
12139 7
12141 9
12143 7
12146 13
12151 11
12158 7
12161 5
12167 18
12168 5
12175 11
12181 11
12188 21
12192 14
12199 1
12209 2
12219 20
12221 19
12223 4
12230 11
12236 11
12242 21
12246 10
12248 2
12258 5
12265 11
12272 1
12281 18
12282 16
12284 10
12286 20
12288 17
12290 11
12297 5
12304 11
12310 4
12317 9
12318 19
12320 7
12322 2
12332 12
12339 6
12345 6
12351 2
12361 18
12362 3
12368 9
12370 18
12371 12
12379 2
12389 7
12392 3
12398 11
12404 14
12410 18
12411 2
12421 19
12423 20
12425 11
12431 11
12437 1
12447 11
12454 4
12462 14
12468 7
12471 21
12475 15
12477 15
12479 17
12481 17
12483 19
12485 4
12492 2
12501 11
12507 18
12508 5
12515 2
12525 20
12527 1
12536 11
12543 21
12547 11
12554 8
12558 9
12560 8
12563 11
12569 18
12570 15
12572 18
12573 18
12574 12
12581 5
12587 4
12595 15
12597 7
12599 1
12608 6
12614 14
12620 9
12621 11
12628 7
12630 9
12632 2
12641 18
12642 2
12651 7
12654 19
12656 12
12663 11
12670 20
12672 20
12674 3
12680 11
12686 12
12693 19
12695 7
12698 13
12703 18
12704 18
12705 3
12712 1
12721 12
12728 18
12729 2
12740 12
12748 11
12755 16
12757 11
12763 12
12770 11
12777 5
12784 7
12787 3
12794 9
12795 18
12796 4
12803 12
12811 17
12813 7
12815 1
12824 12
12831 12
12838 7
12841 2
12850 7
12852 2
12862 16
12864 11
12870 19
12872 19
12874 9
12875 13
12881 10
12883 13
12888 13
12894 12
12901 18
12902 13
12908 21
12912 15
12914 13
12919 11
12925 6
12932 18
12933 3
12940 8
12943 7
12945 7
12947 12
12955 11
12961 13
12967 6
12974 8
12977 21
12981 20
12983 18
12984 7
12986 20
12988 11
12995 11
13002 18
13003 15
13005 4
13013 5
13020 8
13024 16
13026 16
13028 6
13035 19
13037 11
13044 16
13046 5
13053 20
13055 17
13057 6
13063 1
13072 8
13075 21
13079 20
13081 13
13087 16
13089 10
13092 8
13096 6
13104 4
13112 19
13114 9
13115 4
13122 7
13124 3
13130 9
13131 12
13137 6
13143 11
13150 21
13154 11
13161 12
13167 17
13169 5
13176 20
13178 1
13188 12
13195 13
13201 7
13203 18
13204 12
13211 18
13212 4
13220 18
13221 15
13223 12
13229 2
13240 11
13246 14
13252 4
13259 6
13266 15
13268 20
13270 20
13272 11
13279 13
13285 18
13286 15
13288 1
13297 17
13299 3
13306 11
13312 2
13322 17
13324 11
13330 13
13336 7
13338 19
13340 8
13342 11
13349 15
13351 17
13353 11
13359 18
13360 10
13363 11
13369 20
13371 12
13378 8
13381 11
13388 17
13390 8
13392 3
13399 14
13404 18
13405 15
13407 6
13413 9
13415 12
13422 12
13430 15
13432 7
13435 12
13441 18
13442 12
13449 8
13452 15
13454 11
13461 6
13469 4
13476 3
13483 5
13490 12
13497 21
13501 5
13508 6
13514 12
13520 10
13521 1
13531 11
13538 9
13540 17
13542 11
13548 15
13550 11
13557 16
13559 12
13567 12
13574 1
13583 5
13589 18
13590 3
13597 21
13601 18
13602 14
13609 4
13615 11
13622 21
13626 6
13633 11
13639 12
13646 16
13648 11
13654 1
13664 13
13669 8
13672 11
13679 1
13689 21
13693 12
13700 3
13706 14
13712 11
13718 9
13719 5
13725 12
13733 11
13740 4
13747 4
13753 18
13754 8
13756 11
13762 8
13765 11
13772 18
13773 4
13781 14
13787 5
13793 15
13795 7
13797 14
13803 15
13805 8
13808 16
13810 11
13817 11
13824 14
13829 2
13839 12
13846 3
13852 11
13858 11
13865 6
13872 12
13879 3
13885 12
13892 11
13899 20
13901 5
13908 4
13915 14
13922 6
13929 15
13931 2
13941 11
13947 13
13952 18
13953 14
13959 15
13961 2
13972 14
13977 11
13984 11
13991 8
13994 5
14001 19
14003 20
14005 5
14011 18
14012 9
14014 13
14019 4
14026 9
14028 14
14034 11
14040 21
14044 20
14046 14
14053 13
14059 4
14065 11
14071 8
14074 21
14078 14
14084 11
14090 19
14092 17
14094 13
14099 13
14104 16
14106 4
14114 2
14125 9
14127 7
14130 12
14137 1
14147 16
14149 5
14156 15
14158 13
14163 18
14164 11
14171 2
14180 11
14186 11
14193 7
14195 6
14203 11
14209 11
14216 12
14223 12
14229 12
14237 16
14239 7
14242 12
14250 12
14257 20
14259 1
14269 18
14270 14
14276 12
14283 14
14288 7
14290 10
14292 3
14298 17
14300 20
14302 5
14309 1
14318 13
14324 6
14330 14
14335 2
14344 9
14345 20
14347 6
14354 18
14355 3
14362 16
14364 18
14365 9
14366 10
14368 1
14377 13
14383 12
14390 21
14394 18
14395 13
14400 1
14409 5
14416 9
14417 20
14419 18
14420 18
14421 10
14423 3
14429 18
14430 11
14436 17
14438 11
14444 6
14450 18
14451 18
14452 11
14458 8
14461 9
14463 18
14464 1
14474 16
14476 21
14480 10
14482 17
14484 12
14490 12
14498 18
14499 14
14506 11
14512 17
14514 16
14516 14
14522 19
14524 15
14526 20
14528 2
14538 8
14540 12
14547 10
14548 6
14554 12
14561 19
14563 12
14569 10
14572 12
14578 16
14580 10
14581 11
14587 14
14594 2
14603 12
14610 4
14617 18
14618 15
14620 7
14622 6
14630 6
14638 10
14640 5
14647 20
14649 12
14655 18
14656 5
14662 12
14668 1
14677 21
14681 12
14689 18
14690 11
14697 20
14699 4
14707 4
14715 21
14719 17
14721 12
14728 1
14737 11
14743 18
14744 18
14745 4
14752 7
14754 4
14761 18
14762 1
14772 17
14774 9
14776 9
14777 1
14787 4
14794 11
14801 14
14808 5
14815 12
14822 7
14824 13
14830 8
14833 11
14840 14
14846 15
14848 4
14855 1
14865 11
14871 15
14873 11
14879 12
14887 20
14889 16
14891 20
14893 17
14895 9
14896 14
14901 6
14909 19
14911 11
14918 3
14924 17
14926 13
14931 11
14937 10
14939 10
14941 7
14943 7
14946 9
14947 11
14954 18
14955 12
14963 4
14970 5
14977 12
14984 11
14990 3
14997 14
15003 6
15011 18
15012 9
15013 21
15017 16
15019 2
15029 9
15030 16
15032 15
15034 11
15041 18
15042 15
15044 15
15046 10
15049 1
15059 11
15066 15
15068 21
15072 13
15077 18
15078 18
15079 8
15082 14
15087 17
15089 4
15097 12
15103 6
15109 9
15110 7
15113 8
15116 17
15118 1
15127 3
15134 18
15135 16
15137 7
15139 19
15141 21
15145 18
15146 17
15148 12
15156 20
15158 15
15160 18
15161 16
15163 1
15172 21
15176 16
15178 18
15179 12
15187 15
15189 18
15190 20
15192 11
15198 8
15200 18
15201 9
15203 8
15205 9
15206 1
15215 13
15220 18
15221 5
15228 10
15230 15
15232 3
15239 11
15245 13
15251 21
15255 20
15257 13
15262 13
15267 2
15277 14
15284 6
15290 7
15293 21
15297 20
15299 13
15304 11
15311 3
15317 14
15322 14
15329 6
15335 16
15337 19
15339 18
15340 14
15347 19
15349 16
15351 4
15358 12
15365 5
15371 10
15373 17
15375 16
15377 3
15384 4
15390 8
15393 16
15395 12
15401 1
15410 3
15417 8
15421 9
15423 20
15425 20
15427 8
15431 15
15433 16
15435 13
15440 7
15442 21
15446 5
15453 19
15455 16
15457 1
15467 20
15469 2
15479 8
15481 8
15485 12
15493 16
15495 8
15498 7
15500 5
15506 7
15508 2
15519 13
15524 18
15525 17
15527 17
15529 17
15531 12
15538 18
15539 4
15545 18
15546 11
15552 12
15560 3
15567 11
15574 4
15581 18
15582 14
15588 21
15592 11
15598 21
15602 18
15603 17
15605 1
15614 17
15616 19
15618 2
15629 5
15636 12
15644 11
15651 5
15657 11
15663 9
15664 8
15668 11
15674 13
15680 18
15681 12
15688 8
15690 11
15697 11
15703 10
15704 16
15706 16
15708 11
15715 2
15725 12
15732 4
15739 5
15746 12
15754 15
15756 11
15763 4
15770 11
15777 12
15785 17
15787 17
15789 18
15790 11
15796 4
15802 11
15809 3
15816 20
15818 18
15819 17
15821 1
15831 1
15840 16
15842 11
15849 17
15851 20
15853 3
15859 13
15864 18
15865 2
15875 18
15876 14
15882 12
15889 16
15891 18
15892 18
15893 21
15897 11
15904 12
15911 12
15918 6
15925 12
15933 2
15943 11
15949 16
15951 16
15953 11
15960 18
15961 12
15969 16
15971 3
15977 9
15978 14
15985 7
15987 20
15989 10
15992 15
15994 9
15995 15
15997 13
16003 11
16010 16
16012 21
16016 11
16022 19
16024 19
16026 12
16033 20
16035 2
16045 8
16047 12
16055 10
16056 21
16060 1
16069 19
16071 21
16075 6
16082 21
16086 13
16091 15
16093 12
16100 1
16110 11
16116 10
16119 12
16126 17
16128 6
16134 9
16136 3
16142 1
16152 11
16158 18
16159 1
16169 16
16171 11
16177 4
16183 11
16189 21
16193 11
16199 11
16206 10
16207 12
16215 6
16221 2
16230 11
16236 12
16244 14
16250 15
16252 11
16259 17
16261 18
16262 8
16265 14
16270 18
16271 18
16272 13
16278 9
16279 12
16285 5
16291 12
16298 3
16304 11
16310 12
16317 1
16327 9
16328 11
16334 17
16336 3
16343 11
16349 12
16357 3
16364 14
16370 7
16372 18
16373 11
16380 5
16387 7
16389 12
16396 10
16398 2
16407 7
16409 16
16411 15
16413 8
16415 12
16423 13
16429 10
16431 5
16437 18
16438 1
16447 2
16456 3
16463 12
16469 5
16475 10
16477 8
16480 18
16481 20
16483 7
16485 9
16486 1
16495 19
16497 5
16503 17
16505 17
16507 11
16513 9
16514 12
16522 13
16528 9
16529 15
16531 7
16533 8
16535 16
16537 4
16543 15
16545 11
16552 11
16559 5
16566 20
16568 8
16570 10
16572 9
16574 20
16576 10
16578 18
16579 21
16583 2
16592 3
16598 16
16600 6
16607 17
16609 21
16613 12
16620 8
16624 12
16630 19
16632 10
16634 18
16635 3
16641 14
16646 21
16650 5
16657 4
16664 20
16666 12
16672 7
16675 5
16681 12
16687 6
16695 16
16697 1
16707 2
16717 7
16719 12
16727 11
16733 16
16735 14
16742 7
16745 7
16748 1
16757 16
16759 15
16761 18
16762 5
16768 18
16769 17
16771 3
16777 1
16787 13
16793 19
16795 14
16801 6
16808 16
16810 1
16819 8
16823 11
16829 11
16836 5
16842 7
16845 12
16852 12
16859 21
16863 21
16867 5
16874 4
16881 13
16887 9
16889 17
16891 8
16894 1
16903 11
16909 3
16916 14
16921 10
16924 17
16926 21
16930 14
16936 20
16938 11
16944 8
16947 11
16954 9
16955 18
16956 11
16963 17
16965 4
16972 12
16978 12
16984 8
16987 11
16993 6
17000 12
17007 1
17017 2
17026 16
17028 8
17031 18
17032 5
17038 8
17040 1
17050 6
17056 10
17058 2
17068 18
17069 18
17070 7
17073 11
17080 20
17082 18
17083 11
17090 8
17094 11
17100 9
17101 10
17104 6
17110 3
17117 18
17118 8
17121 11
17128 2
17138 17
17140 21
17144 18
17145 18
17146 11
17152 9
17154 2
17165 12
17173 14
17180 21
17184 17
17186 16
17188 20
17190 17
17192 11
17199 10
17201 2
17211 11
17217 11
17224 12
17232 19
17234 6
17240 1
17249 1
17259 12
17266 12
17274 3
17280 8
17284 13
17289 18
17290 18
17291 7
17294 20
17296 1
17305 12
17311 11
17318 12
17324 11
17330 11
17337 4
17344 14
17349 15
17351 15
17353 21
17357 12
17364 11
17370 3
17377 19
17379 7
17382 11
17388 13
17393 20
17395 3
17402 1
17411 18
17412 4
17420 15
17422 1
17431 13
17436 12
17443 4
17450 3
17457 12
17464 9
17465 14
17471 18
17472 10
17473 11
17480 11
17487 21
17491 2
17501 1
17510 11
17516 14
17523 1
17533 12
17540 12
17547 12
17554 14
17561 7
17564 11
17571 18
17572 11
17579 2
17588 14
17594 9
17595 14
17601 20
17603 12
17611 12
17618 21
17622 3
17629 6
17636 4
17642 16
17644 19
17646 20
17648 7
17650 11
17657 8
17659 5
17665 8
17669 12
17676 12
17683 16
17685 14
17692 20
17694 21
17698 19
17700 12
17706 10
17709 19
17711 6
17717 8
17720 2
17730 11
17737 6
17743 8
17747 14
17753 18
17754 1
17763 15
17765 19
17767 13
17772 14
17778 14
17784 10
17786 21
17790 5
17796 11
17802 3
17809 20
17811 21
17815 16
17817 11
17824 10
17826 16
17828 18
17829 18
17830 16
17832 21
17836 9
17838 12
17845 5
17851 18
17852 18
17853 15
17855 19
17857 15
17859 20
17861 12
17868 18
17869 12
17876 3
17883 4
17889 11
17896 11
17903 9
17904 12
17911 4
17918 16
17920 6
17928 6
17935 6
17942 19
17944 18
17945 6
17952 14
17958 11
17965 6
17973 14
17978 14
17983 10
17985 13
17990 4
17996 8
17998 10
18000 11
18007 19
18009 15
18011 15
18013 11
18019 18
18020 11
18027 12
18033 21
18037 8
18039 13
18044 1
18053 21
18057 15
18059 13
18064 10
18067 8
18071 20
18073 15
18075 5
18082 17
18084 11
18090 10
18091 5
18098 5
18105 2
18114 4
18121 2
18131 18
18132 5
18139 18
18140 16
18142 3
18149 11
18156 12
18164 1
18173 5
18180 19
18182 15
18184 19
18186 11
18193 4
18201 16
18203 2
18214 1
18224 12
18230 17
18232 15
18234 16
18236 15
18238 5
18244 19
18246 16
18248 1
18258 11
18264 7
18267 4
18273 19
18275 7
18277 10
18279 18
18280 17
18282 11
18289 12
18296 15
18298 17
18300 7
18302 11
18308 12
18315 11
18321 11
18328 8
18331 10
18332 2
18342 14
18348 20
18350 11
18356 12
18363 14
18370 2
18379 13
18384 7
18387 4
18394 7
18397 12
18405 18
18406 7
18409 17
18411 7
18413 11
18419 5
18426 12
18433 12
18440 4
18446 16
18448 11
18455 11
18461 6
18467 21
18471 21
18475 11
18481 18
18482 16
18484 10
18487 12
18493 21
18497 9
18499 15
18501 10
18504 9
18505 14
18511 9
18513 19
18515 3
18522 10
18525 2
18536 21
18540 12
18547 4
18554 5
18560 10
18563 20
18565 14
18570 3
18576 8
18580 2
18589 3
18596 6
18603 14
18609 4
18615 2
18626 7
18629 21
18633 10
18636 6
18642 5
18648 19
18650 10
18652 6
18660 7
18663 4
18670 16
18672 1
18681 11
18687 17
18689 18
18690 3
18696 11
18702 15
18704 14
18711 11
18718 20
18720 12
18727 12
18733 9
18735 7
18738 19
18740 8
18742 4
18749 3
18755 4
18761 13
18767 18
18768 11
18774 21
18778 7
18780 8
18784 11
18790 17
18792 5
18799 8
18802 14
18808 12
18815 12
18821 18
18822 6
18829 12
18836 6
18842 15
18844 7
18846 13
18851 1
18860 20
18862 18
18863 18
18864 7
18867 6
18873 12
18879 15
18881 11
18888 7
18891 18
18892 6
18899 10
18901 12
18907 4
18914 18
18915 4
18922 17
18924 21
18928 18
18929 5
18936 16
18938 11
18945 11
18951 15
18953 16
18955 20
18957 12
18963 16
18965 14
18972 19
18974 10
18976 9
18977 10
18980 11
18986 11
18992 9
18994 21
18998 11
19005 8
19009 7
19012 10
19015 17
19017 13
19022 14
19028 15
19030 7
19032 13
19038 5
19044 2
19054 3
19060 20
19062 4
19069 8
19072 17
19074 6
19080 20
19082 15
19084 5
19091 1
19100 11
19106 14
19112 10
19113 6
19119 20
19121 16
19123 11
19129 10
19132 12
19140 17
19142 9
19143 8
19147 1
19157 12
19163 12
19170 16
19172 16
19174 14
19180 1
19189 15
19191 16
19193 12
19200 2
19211 21
19215 18
19216 5
19223 18
19224 7
19226 11
19233 12
19239 7
19242 20
19244 12
19251 21
19255 6
19262 15
19264 7
19267 3
19273 11
19279 10
19280 3
19287 11
19294 9
19296 7
19298 14
19305 16
19307 1
19316 2
19325 12
19332 15
19334 2
19344 3
19350 14
19355 19
19357 11
19364 19
19366 16
19368 21
19372 16
19374 15
19376 11
19383 20
19385 3
19391 18
19392 8
19394 21
19398 14
19404 18
19405 7
19407 3
19414 1
19424 20
19426 12
19433 12
19441 15
19443 5
19449 12
19456 15
19458 17
19460 5
19466 4
19473 11
19480 18
19481 11
19488 9
19490 13
19495 10
19497 8
19499 14
19506 19
19508 11
19514 17
19516 18
19517 6
19524 12
19530 12
19537 13
19543 12
19550 4
19557 21
19561 4
19569 18
19570 21
19574 8
19578 3
19585 2
19594 20
19596 19
19598 11
19604 9
19606 17
19608 11
19614 14
19620 17
19622 12
19630 11
19636 19
19638 21
19642 15
19644 14
19650 11
19657 7
19659 13
19665 9
19667 21
19671 14
19676 14
19683 18
19684 12
19692 3
19698 16
19700 9
19701 16
19703 15
19705 14
19711 14
19716 19
19718 19
19720 19
19722 1
19731 7
19734 5
19740 12
19748 12
19756 20
19758 17
19760 17
19762 16
19764 18
19765 13
19770 20
19772 12
19780 8
19783 12
19789 12
19795 5
19801 3
19808 7
19811 16
19813 11
19820 12
19827 7
19830 14
19837 19
19839 15
19841 12
19849 5
19856 11
19863 21
19867 9
19869 15
19871 6
19878 13
19883 7
19885 1
19894 1
19903 8
19906 17
19908 9
19909 11
19915 18
19916 2
19926 13
19931 7
19933 4
19941 12
19949 10
19951 11
19957 17
19959 3
19966 12
19974 19
19976 6
19983 11
19989 9
19990 4
19997 2
20006 4
20012 11
20019 15
20021 4
20029 7
20031 19
20033 18
20034 12
20042 3
20049 16
20051 11
20058 7
20060 2
20070 11
20077 12
20084 10
20086 12
20092 2
20102 20
20104 11
20111 1
20120 7
20122 14
20129 9
20130 14
20136 4
20143 20
20145 7
20148 12
20154 20
20156 4
20163 12
20170 12
20178 15
20180 10
20183 3
20190 10
20192 21
20196 2
20206 12
20212 8
20216 10
20218 11
20224 9
20226 7
20228 18
20229 10
20231 14
20238 16
20240 21
20244 7
20247 6
20255 21
20259 2
20269 2
20278 12
20285 11
20292 11
20299 21
20303 6
20309 21
20313 1
20323 11
20330 2
20340 6
20348 15
20350 18
20351 10
20353 1
20363 7
20366 18
20367 15
20369 14
20375 18
20376 20
20378 12
20386 17
20388 11
20395 12
20402 18
20403 19
20405 12
20412 5
20418 5
20424 11
20431 11
20437 15
20439 12
20446 21
20450 12
20456 17
20458 19
20460 17
20462 12
20468 17
20470 15
20472 13
20477 12
20483 15
20485 14
20491 4
20499 3
20505 16
20507 11
20513 21
20517 12
20524 7
20526 11
20532 5
20538 17
20540 6
20548 21
20552 16
20554 18
20555 18
20556 2
20567 12
20575 6
20582 16
20584 5
20590 5
20596 21
20600 15
20602 18
20603 19
20605 10
20607 13
20612 12
20618 19
20620 19
20622 12
20629 10
20631 21
20635 15
20637 10
20639 11
20646 1
20656 18
20657 8
20660 18
20661 3
20667 10
20669 12
20675 17
20677 15
20679 11
20686 1
20696 5
20703 1
20712 18
20713 12
20719 16
20721 11
20727 5
20733 11
20739 5
20746 2
20755 12
20762 18
20763 13
20769 9
20770 5
20776 6
20783 15
20785 14
20791 11
20798 18
20799 16
20801 21
20805 13
20811 12
20818 6
20825 1
20835 18
20836 3
20843 4
20850 4
20856 19
20858 11
20864 11
20871 11
20878 12
20884 10
20885 4
20891 14
20896 11
20902 11
20908 9
20910 12
20917 11
20924 2
20935 11
20942 19
20944 13
20950 10
20952 15
20954 12
20961 11
20968 4
20975 11
20982 11
20988 1
20997 15
20999 11
21006 20
21008 14
21015 14
21020 2
21030 17
21032 21
21036 20
21038 9
21039 12
21047 11
21053 4
21059 4
21067 10
21069 17
21071 12
21079 7
21081 11
21087 9
21088 4
21096 1
21106 1
21116 13
21121 11
21128 11
21134 6
21140 9
21142 4
21149 10
21151 11
21158 11
21164 21
21168 10
21170 5
21176 9
21178 2
21189 16
21191 11
21197 13
21202 18
21203 15
21205 12
21211 11
21218 4
21225 4
21232 7
21235 21
21239 21
21243 11
21249 13
21254 20
21256 16
21258 15
21260 13
21265 14
21272 13
21277 13
21283 9
21284 1
21294 18
21295 7
21297 11
21304 1
21314 19
21316 7
21319 15
21321 11
21327 6
21334 11
21340 21
21344 2
21354 11
21361 12
21368 12
21375 14
21381 4
21389 14
21396 8
21399 1
21408 8
21411 6
21418 2
21429 17
21431 8
21434 21
21438 11
21445 4
21452 21
21456 11
21463 12
21471 18
21472 11
21478 11
21484 14
21491 2
21501 13
21507 13
21513 13
21519 2
21529 6
21535 17
21537 16
21539 10
21542 20
21544 8
21548 12
21554 11
21561 8
21564 4
21572 20
21574 15
21576 6
21583 20
21585 19
21587 11
21593 5
21600 9
21601 18
21602 17
21604 1
21614 11
21621 14
21628 10
21630 13
21635 11
21641 12
21648 12
21655 11
21662 19
21664 1
21674 4
21681 15
21683 10
21686 17
21688 14
21694 1
21703 16
21705 11
21711 12
21717 9
21718 1
21727 15
21729 20
21731 11
21738 14
21743 3
21749 7
21751 16
21753 11
21760 2
21769 3
21775 5
21782 12
21789 14
21795 12
21802 17
21804 18
21805 11
21811 13
21817 10
21818 12
21825 3
21832 18
21833 11
21840 9
21842 18
21843 4
21849 12
21855 13
21860 16
21862 12
21869 4
21877 18
21878 8
21880 8
21882 21
21886 12
21893 2
21902 12
21910 8
21914 11
21921 12
21927 2
21936 15
21938 11
21944 15
21946 18
21947 21
21951 17
21953 12
21959 11
21965 11
21971 11
21978 20
21980 14
21987 5
21993 18
21994 5
22000 12
22007 17
22009 12
22016 14
22022 4
22029 4
22035 21
22039 19
22041 1
22050 6
22058 20
22060 18
22061 19
22063 3
22069 11
22075 6
22082 1
22091 11
22097 8
22100 1
22110 16
22112 15
22114 7
22117 9
22119 6
22126 21
22130 21
22134 17
22136 1
22146 16
22148 11
22155 12
22162 7
22165 13
22171 11
22178 12
22185 20
22187 18
22188 12
22196 6
22204 21
22208 7
22211 12
22218 15
22220 9
22221 6
22228 15
22230 2
22239 16
22241 19
22243 13
22248 18
22249 5
22256 15
22258 18
22259 7
22262 16
22264 19
22266 15
22268 11
22275 15
22277 12
22284 17
22286 2
22296 12
22303 11
22310 7
22312 1
22321 15
22323 19
22325 7
22327 18
22328 8
22331 12
22339 6
22346 14
22352 12
22359 8
22363 18
22364 12
22372 12
22379 21
22383 6
22390 9
22392 8
22395 21
22399 17
22401 7
22404 15
22406 13
22411 17
22413 5
22420 17
22422 19
22424 6
22431 18
22432 15
22434 11
22440 17
22442 8
22445 4
22453 11
22460 19
22462 17
22464 12
22471 16
22473 5
22479 17
22481 6
22488 9
22489 16
22491 19
22493 3
22500 8
22502 9
22503 13
22509 18
22510 6
22518 8
22521 6
22528 7
22531 18
22532 12
22540 15
22542 3
22549 1
22558 18
22559 17
22561 12
22569 10
22571 9
22573 13
22578 21
22582 11
22588 6
22594 13
22600 12
22607 3
22614 9
22615 2
22625 13
22631 12
22638 3
22645 18
22646 20
22648 12
22655 21
22659 20
22661 15
22663 8
22666 14
22672 9
22673 21
22677 8
22680 21
22684 2
22695 7
22697 18
22698 15
22700 11
22707 20
22709 19
22711 15
22713 8
22715 14
22720 12
22728 16
22730 7
22733 5
22740 15
22742 11
22749 14
22756 9
22757 8
22760 12
22766 7
22768 16
22770 12
22778 13
22784 9
22785 2
22795 5
22801 8
22805 20
22807 6
22814 20
22816 19
22818 16
22820 16
22822 10
22825 4
22832 2
22842 18
22843 4
22851 3
22857 6
22865 1
22874 19
22876 11
22882 1
22891 7
22894 19
22896 8
22899 2
22908 8
22912 19
22914 5
22921 2
22931 11
22937 7
22939 6
22947 7
22950 3
22956 21
22960 21
22964 11
22971 20
22973 11
22980 15
22982 7
22985 1
22994 8
22998 15
23000 16
23002 8
23006 1
23015 18
23016 20
23018 11
23025 12
23033 6
23040 1
23049 3
23055 18
23056 11
23062 12
23068 13
23073 1
23083 11
23089 11
23096 19
23098 18
23099 6
23106 15
23108 1
23117 6
23123 11
23130 15
23132 11
23138 11
23144 2
23155 2
23165 12
23173 20
23175 15
23177 7
23179 21
23183 11
23190 4
23197 7
23200 4
23206 18
23207 11
23213 18
23214 18
23215 18
23216 7
23219 5
23225 11
23232 3
23239 3
23246 1
23255 11
23262 13
23268 20
23270 8
23272 14
23277 7
23280 14
23285 5
23291 21
23295 16
23297 12
23305 11
23312 6
23319 14
23324 13
23330 11
23337 9
23339 10
23341 6
23348 10
23351 4
23359 18
23360 16
23362 17
23364 11
23370 12
23377 12
23384 18
23385 4
23392 2
23401 11
23408 4
23416 2
23425 15
23427 13
23432 9
23434 4
23442 20
23444 4
23450 5
23457 6
23464 3
23470 3
23477 20
23479 12
23486 5
23493 16
23495 6
23503 11
23509 18
23510 8
23513 6
23520 13
23525 7
23528 18
23529 10
23532 2
23542 21
23546 1
23556 19
23558 14
23565 21
23569 3
23575 8
23578 18
23579 12
23586 21
23590 9
23592 19
23594 9
23595 17
23597 12
23603 21
23607 8
23610 9
23612 8
23615 13
23620 11
23627 13
23632 15
23634 3
23641 18
23642 12
23649 12
23656 12
23663 10
23665 16
23667 7
23669 3
23676 12
23683 18
23684 16
23686 12
23692 1
23702 8
23706 18
23707 6
23714 11
23721 7
23723 12
23729 5
23735 12
23741 10
23744 12
23751 11
23758 19
23760 12
23766 11
23773 12
23780 15
23782 7
23785 18
23786 8
23788 11
23794 5
23800 10
23803 19
23805 13
23810 14
23815 11
23822 14
23828 5
23834 19
23836 3
23842 18
23843 11
23849 15
23851 4
23857 16
23859 5
23866 17
23868 20
23870 11
23876 7
23879 11
23886 18
23887 15
23889 11
23895 12
23903 4
23910 8
23912 21
23916 11
23923 14
23929 12
23936 8
23938 9
23939 7
23941 11
23948 12
23955 4
23962 1
23971 8
23973 17
23975 19
23977 18
23978 7
23980 18
23981 2
23990 9
23991 5
23998 4
24006 18
24007 21
24011 2
24022 1
24031 12
24037 11
24044 16
24046 4
24054 11
24061 2
24070 11
24076 16
24078 20
24080 18
24081 12
24088 6
24096 20
24098 14
24104 12
24112 20
24114 6
24122 5
24128 21
24132 7
24135 14
24140 3
24147 2
24158 16
24160 21
24164 15
24166 3
24173 3
24180 6
24186 12
24193 8
24197 21
24201 9
24202 19
24204 19
24206 12
24212 7
24214 15
24216 8
24219 16
24221 15
24223 11
24230 7
24233 11
24240 18
24241 11
24248 2
24258 11
24265 5
24272 18
24273 17
24275 2
24285 15
24287 11
24293 11
24300 14
24306 10
24309 2
24320 15
24322 3
24329 13
24335 18
24336 18
24337 13
24343 11
24349 11
24355 5
24361 19
24363 6
24370 6
24377 14
24383 17
24385 3
24392 1
24402 19
24404 21
24408 7
24410 6
24416 9
24418 11
24424 8
24427 10
24430 13
24435 19
24437 8
24440 11
24447 9
24449 11
24456 12
24462 8
24464 4
24471 4
24478 14
24485 2
24495 14
24501 6
24509 11
24516 13
24522 1
24531 16
24533 10
24534 12
24541 9
24543 8
24547 18
24548 7
24551 13
24557 12
24564 15
24566 8
24569 5
24575 12
24581 12
24589 19
24591 17
24593 3
24600 12
24607 4
24615 5
24621 7
24624 16
24626 13
24632 13
24637 18
24638 7
24641 13
24647 8
24651 18
24652 9
24653 14
24660 17
24662 5
24669 7
24671 20
24673 6
24679 1
24689 21
24693 12
24699 21
24703 1
24713 6
24721 18
24722 10
24723 19
24725 4
24733 6
24740 7
24743 18
24744 19
24746 8
24748 20
24750 16
24752 4
24759 14
24766 18
24767 16
24769 21
24773 4
24780 7
24783 14
24789 12
24797 5
24804 6
24811 16
24813 6
24820 6
24828 2
24838 18
24839 3
24846 18
24847 18
24848 16
24850 12
24856 13
24861 18
24862 3
24869 17
24871 9
24873 15
24875 2
24884 4
24892 21
24896 2
24906 2
24915 18
24916 8
24920 7
24923 5
24930 5
24936 12
24942 9
24943 6
24951 4
24959 3
24965 11
24972 15
24974 14
24980 18
24981 10
24982 14
24988 9
24989 11
24996 4
25003 9
25005 1
25015 18
25016 12
25024 18
25025 12
25033 3
25040 6
25048 15
25050 19
25052 13
25058 11
25065 8
25068 18
25069 5
25075 6
25083 16
25085 11
25092 6
25099 15
25101 1
25110 21
25114 16
25116 2
25126 15
25128 9
25129 3
25135 11
25142 2
25152 7
25154 17
25156 21
25160 9
25162 5
25168 16
25170 21
25174 10
25176 21
25180 12
25186 16
25188 15
25190 6
25198 19
25200 5
25206 1
25216 9
25217 12
25224 15
25226 12
25234 5
25240 11
25247 11
25253 14
25259 11
25265 19
25267 14
25274 18
25275 19
25277 18
25278 7
25281 3
25288 6
25295 18
25296 9
25297 5
25303 6
25310 4
25317 18
25318 16
25320 11
25326 11
25332 19
25334 11
25340 12
25347 12
25355 1
25365 19
25367 21
25371 13
25377 15
25379 7
25382 1
25391 6
25398 16
25400 9
25401 1
25411 4
25418 14
25423 15
25425 18
25426 19
25428 17
25430 15
25432 6
25439 7
25442 8
25445 17
25447 14
25452 12
25459 8
25462 8
25466 15
25468 18
25469 1
25479 17
25481 11
25488 7
25491 11
25497 12
25503 8
25506 21
25510 9
25511 17
25513 17
25515 10
25517 12
25525 18
25526 11
25532 1
25541 2
25552 19
25554 17
25556 9
25557 9
25558 13
25564 7
25566 14
25571 6
25578 15
25580 7
25582 2
25593 12
25601 9
25603 11
25609 1
25619 15
25621 12
25628 10
25630 11
25636 11
25642 17
25644 12
25651 10
25653 17
25655 1
25665 15
25667 8
25670 18
25671 20
25673 19
25675 10
25678 13
25684 16
25686 3
25693 18
25694 12
25702 11
25708 19
25710 18
25711 3
25717 10
25719 6
25726 1
25735 18
25736 20
25738 13
25744 12
25752 2
25762 19
25764 11
25771 10
25773 11
25779 20
25781 10
25784 9
25786 16
25788 19
25790 2
25800 3
25807 21
25811 21
25815 15
25817 16
25819 12
25826 1
25835 4
25843 1
25853 12
25859 16
25861 11
25867 16
25869 14
25874 11
25881 11
25888 7
25891 15
25893 12
25901 11
25908 18
25909 16
25911 10
25912 11
25919 1
25929 11
25935 2
25944 18
25945 6
25952 12
25958 11
25964 5
25971 1
25981 2
25991 15
25993 11
26000 4
26006 12
26012 15
26014 8
26018 18
26019 5
26026 17
26028 11
26034 10
26036 8
26039 12
26047 19
26049 18
26050 11
26056 10
26059 18
26060 18
26061 16
26063 12
26070 21
26074 8
26077 17
26079 18
26080 17
26082 17
26084 4
26091 11
26097 10
26100 18
26101 9
26102 15
26104 9
26106 21
26110 15
26112 14
26119 18
26120 4
26126 11
26132 2
26142 8
26144 10
26146 14
26151 12
26157 13
26163 7
26166 11
26173 7
26176 14
26181 19
26183 14
26188 11
26195 1
26204 20
26206 14
26213 4
26219 15
26221 15
26223 16
26225 3
26231 5
26238 17
26240 6
26247 18
26248 10
26249 13
26254 18
26255 12
26261 7
26263 3
26269 5
26275 13
26281 16
26283 13
26289 12
26295 12
26303 12
26310 12
26317 6
26323 15
26325 14
26331 1
26340 9
26341 11
26348 18
26349 3
26355 3
26361 4
26369 11
26376 16
26378 11
26385 1
26394 15
26396 16
26398 18
26399 17
26401 4
26408 15
26410 7
26413 12
26421 11
26428 9
26429 6
26437 5
26444 11
26450 5
26456 12
26463 12
26470 6
26476 2
26485 1
26494 13
26499 4
26506 13
26511 20
26513 4
26519 2
26530 4
26537 17
26539 11
26545 9
26546 9
26548 6
26554 14
26559 7
26562 2
26571 10
26574 19
26576 12
26583 18
26584 5
26591 2
26601 1
26610 6
26618 21
26622 4
26629 7
26632 5
26639 13
26644 11
26650 12
26658 19
26660 11
26667 1
26677 1
26687 21
26691 8
26694 17
26696 11
26703 9
26705 19
26707 14
26712 12
26718 20
26720 10
26722 15
26724 12
26730 16
26732 15
26734 6
26742 6
26750 11
26757 14
26764 1
26773 15
26775 17
26777 11
26783 14
26790 13
26795 9
26796 2
26807 21
26811 10
26814 21
26818 4
26826 9
26827 12
26835 21
26839 2
26849 12
26856 14
26863 18
26864 14
26870 21
26874 7
26876 16
26878 6
26885 4
26893 18
26894 3
26900 11
26907 7
26910 3
26916 11
26923 14
26928 8
26931 18
26932 10
26934 21
26938 10
26941 11
26948 19
26950 9
26952 11
26958 13
26963 21
26967 6
26974 11
26980 16
26982 4
26989 19
26991 10
26993 7
26995 12
27002 17
27004 7
27007 18
27008 4
27016 21
27020 21
27024 4
27032 8
27034 12
27041 2
27050 7
27052 10
27054 11
27060 10
27061 15
27063 8
27065 10
27068 13
27073 10
27075 13
27080 9
27081 17
27083 3
27090 7
27092 14
27097 15
27099 18
27100 11
27106 12
27114 12
27121 8
27125 15
27127 12
27133 11
27139 9
27140 11
27147 16
27149 18
27150 12
27156 15
27158 11
27164 21
27168 16
27170 3
27177 15
27179 13
27184 12
27192 12
27199 15
27201 21
27205 1
27214 9
27215 2
27224 11
27230 10
27232 17
27234 11
27241 21
27245 9
27246 2
27256 6
27262 21
27266 18
27267 8
27271 13
27277 12
27285 2
27295 14
27300 5
27306 16
27308 5
27315 10
27317 15
27319 17
27321 9
27322 11
27329 17
27331 11
27338 2
27349 20
27351 10
27353 12
27360 13
27366 18
27367 12
27375 1
27385 18
27386 6
27393 4
27401 12
27408 12
27415 18
27416 5
27422 19
27424 16
27426 17
27428 9
27430 7
27432 2
27443 21
27447 10
27449 18
27450 9
27451 8
27453 19
27455 15
27457 15
27459 20
27461 10
27462 7
27465 3
27472 10
27473 4
27480 12
27486 7
27489 11
27496 9
27498 8
27500 6
27507 10
27510 17
27512 17
27514 10
27516 8
27518 20
27520 1
27529 16
27531 2
27542 12
27548 19
27550 21
27554 10
27557 4
27565 11
27572 14
27577 9
27579 12
27587 10
27589 9
27591 18
27592 12
27599 3
27605 11
27611 9
27612 6
27620 11
27626 10
27629 19
27631 4
27638 14
27643 12
27650 5
27657 4
27664 20
27666 12
27672 18
27673 11
27679 11
27686 14
27692 11
27698 16
27700 16
27702 9
27704 2
27715 16
27717 4
27724 10
27725 17
27727 8
27729 10
27730 12
27738 12
27746 21
27750 21
27754 21
27758 15
27760 14
27765 3
27771 14
27777 15
27779 14
27785 10
27787 11
27793 11
27800 11
27806 4
27813 19
27815 11
27822 10
27824 12
27832 6
27838 6
27845 9
27847 12
27853 12
27860 11
27867 8
27869 12
27876 1
27886 9
27888 12
27895 11
27902 13
27907 11
27913 16
27915 3
27922 21
27926 6
27932 6
27938 18
27939 8
27942 18
27943 11
27950 5
27956 17
27958 15
27960 12
27967 6
27974 2
27984 17
27986 2
27997 10
27999 1
28009 7
28012 9
28013 12
28021 9
28023 15
28025 5
28031 16
28033 12
28040 15
28042 21
28046 16
28048 3
28054 12
28061 20
28063 14
28068 7
28071 10
28072 10
28075 11
28082 9
28084 9
28086 16
28088 18
28089 16
28091 1
28100 5
28106 6
28114 4
28121 12
28128 5
28135 20
28137 15
28139 10
28142 19
28144 12
28150 8
28152 8
28154 11
28161 2
28172 16
28174 11
28180 11
28187 12
28194 11
28200 13
28206 20
28208 18
28209 3
28215 18
28216 17
28218 18
28219 4
28226 4
28233 15
28235 15
28237 15
28239 20
28241 5
28247 8
28250 2
28259 7
28261 17
28263 16
28265 11
28272 4
28279 11
28286 5
28292 11
28299 14
28304 6
28311 18
28312 20
28314 15
28316 12
28324 12
28330 12
28338 15
28340 5
28347 7
28349 11
28356 18
28357 8
28359 20
28361 21
28365 3
28371 1
28380 7
28382 13
28387 18
28388 14
28393 3
28400 9
28401 7
28403 13
28408 13
28413 18
28414 6
28421 3
28427 7
28429 1
28438 11
28444 6
28450 14
28456 13
28462 5
28468 20
28470 1
28480 12
28487 14
28494 9
28495 6
28502 9
28503 14
28508 2
28519 7
28521 20
28523 6
28531 11
28537 10
28538 11
28544 16
28546 14
28552 3
28559 18
28560 3
28566 11
28573 18
28574 20
28576 11
28582 13
28588 13
28593 4
28601 13
28606 15
28608 11
28615 14
28621 9
28622 12
28628 5
28634 11
28641 15
28643 21
28647 11
28654 3
28661 16
28663 15
28665 11
28671 16
28673 2
28682 5
28688 12
28695 10
28697 12
28704 20
28706 15
28708 20
28710 12
28716 18
28717 15
28719 20
28721 18
28722 20
28724 11
28730 11
28737 6
28744 17
28746 16
28748 1
28758 1
28768 11
28774 13
28780 11
28786 1
28795 6
28801 9
28802 11
28809 5
28815 10
28817 17
28819 7
28821 15
28823 16
28825 11
28831 11
28838 18
28839 18
28840 18
28841 12
28849 7
28852 6
28860 12
28867 2
28877 15
28879 12
28886 11
28893 2
28903 9
28904 9
28905 20
28907 7
28909 1
28918 7
28920 1
28929 17
28931 10
28934 12
28941 14
28946 9
28948 19
28950 18
28951 9
28952 9
28954 15
28956 11
28962 14
28969 11
28975 21
28979 11
28986 11
28993 18
28994 9
28995 3
29001 21
29005 17
29007 5
29013 6
29019 4
29026 10
29028 16
29030 18
29031 20
29033 11
29040 12
29048 11
29054 18
29055 5
29061 11
29068 10
29070 17
29072 4
29079 7
29082 5
29089 21
29093 2
29104 21
29108 12
29114 4
29120 9
29121 12
29129 4
29135 19
29137 12
29144 17
29146 9
29147 19
29149 18
29150 9
29151 17
29153 12
29159 18
29160 21
29164 15
29166 18
29167 3
29173 7
29175 19
29177 4
29184 17
29186 21
29190 10
29192 6
29199 13
29205 1
29215 20
29217 16
29219 7
29221 11
29228 20
29230 12
29237 13
29243 12
29249 18
29250 18
29251 8
29255 12
29262 6
29269 17
29271 21
29275 16
29277 18
29278 1
29288 1
29298 7
29301 11
29308 12
29315 2
29326 10
29328 6
29336 13
29341 18
29342 15
29344 9
29345 9
29346 8
29348 9
29349 12
29357 20
29359 9
29360 21
29364 5
29371 21
29375 11
29381 6
29389 8
29392 18
29393 20
29395 18
29396 7
29398 16
29400 15
29402 14
29408 18
29409 14
29415 9
29417 8
29421 11
29427 18
29428 18
29429 15
29431 13
29436 14
29443 18
29444 20
29446 14
29453 11
29460 8
29464 17
29466 18
29467 6
29475 11
29482 1
29491 11
29497 12
29503 12
29510 12
29516 9
29517 13
29523 20
29525 11
29532 12
29539 10
29540 18
29541 20
29543 18
29544 8
29546 11
29553 12
29560 9
29562 18
29563 7
29565 12
29573 10
29576 8
29579 7
29581 11
29588 9
29590 11
29596 12
29602 10
29604 11
29610 11
29617 17
29619 11
29626 12
29633 11
29640 11
29646 11
29653 15
29655 21
29659 9
29661 11
29667 16
29669 6
29675 11
29682 14
29688 11
29695 16
29697 19
29699 4
29706 2
29717 15
29719 15
29721 18
29722 15
29724 11
29730 13
29736 13
29742 20
29744 11
29751 18
29752 6
29760 18
29761 12
29768 11
29774 18
29775 12
29783 19
29785 15
29787 11
29794 15
29796 6
29804 12
29811 15
29813 15
29815 12
29822 17
29824 8
29827 12
29834 6
29841 14
29847 10
29850 12
29857 1
29867 20
29869 20
29871 11
29878 10
29880 18
29881 4
29887 12
29893 8
29896 5
29903 15
29905 18
29906 18
29907 10
29910 2
29919 5
29926 10
29928 12
29936 8
29938 4
29945 2
29955 4
29961 11
29968 5
29975 18
29976 9
29977 9
29979 12
29987 18
29988 13
29993 12
29999 15
30001 20
30003 16
30005 10
30008 20
30010 6
30017 12
30024 2
30033 10
30035 20
30037 20
30039 16
30041 12
30048 4
30055 21
30059 4
30067 4
30075 15
30077 18
30078 18
30079 18
30080 11
30086 12
30093 17
30095 15
30097 4
30105 18
30106 16
30108 13
30113 20
30115 21
30119 16
30121 16
30123 16
30125 2
30135 12
30143 6
30149 12
30156 7
30158 11
30165 18
30166 6
30174 11
30180 17
30182 20
30184 12
30192 2
30202 5
30208 13
30214 17
30216 3
30223 19
30225 1
30234 16
30236 17
30238 11
30244 21
30248 2
30258 18
30259 12
30267 20
30269 11
30275 17
30277 18
30278 5
30285 1
30294 19
30296 11
30302 7
30304 4
30311 17
30313 16
30315 11
30321 11
30328 4
30335 11
30342 12
30349 16
30351 19
30353 11
30360 18
30361 16
30363 11
30369 20
30371 11
30377 13
30383 16
30385 11
30392 19
30394 11
30401 14
30407 13
30413 11
30419 15
30421 17
30423 7
30426 4
30433 17
30435 15
30437 14
30443 9
30444 12
30450 8
30454 11
30461 16
30463 17
30465 10
30467 2
30478 2
30487 15
30489 1
30498 17
30500 18
30501 6
30507 19
30509 11
30515 21
30519 1
30528 18
30529 7
30531 2
30540 1
30549 9
30550 19
30552 15
30554 21
30558 2
30568 11
30575 2
30584 14
30590 16
30592 4
30598 3
30605 1
30615 11
30622 16
30624 16
30626 8
30629 10
30631 14
30637 9
30638 7
30640 14
30646 15
30648 21
30652 11
30658 18
30659 2
30668 12
30675 1
30684 13
30690 11
30696 5
30702 17
30704 14
30710 3
30717 9
30718 18
30719 12
30726 12
30733 16
30735 3
30742 5
30749 11
30755 16
30757 7
30760 9
30762 1
30772 18
30773 21
30777 13
30782 17
30784 2
30794 18
30795 12
30803 3
30810 12
30817 9
30819 16
30821 13
30826 8
30828 4
30835 16
30837 4
30843 11
30850 8
30853 20
30855 9
30856 13
30861 10
30864 14
30869 11
30876 6
30882 12
30890 10
30893 1
30903 15
30905 7
30908 2
30918 1
30928 14
30935 14
30941 6
30948 2
30958 11
30964 3
30971 1
30980 2
30990 9
30991 11
30998 4
31005 14
31012 16
31014 12
31020 18
31021 14
31027 7
31029 16
31031 2
31042 11
31049 6
31056 13
31061 4
31068 1
31077 20
31079 12
31087 7
31089 11
31096 15
31098 14
31103 8
31106 2
31116 1
31125 16
31127 11
31133 12
31139 15
31141 7
31143 15
31145 16
31147 3
31154 18
31155 1
31165 8
31168 16
31170 1
31180 9
31182 11
31189 7
31191 10
31193 13
31199 11
31206 10
31207 11
31213 3
31220 11
31226 7
31229 18
31230 12
31236 11
31242 7
31244 10
31246 19
31248 17
31250 20
31252 11
31259 19
31261 14
31268 8
31270 14
31277 3
31284 1
31293 2
31303 21
31307 16
31309 18
31310 14
31316 16
31318 11
31324 12
31331 8
31335 18
31336 21
31340 11
31347 13
31352 11
31359 11
31366 4
31372 5
31379 5
31386 13
31392 1
31402 12
31410 18
31411 12
31418 5
31425 13
31430 12
31436 12
31444 9
31445 5
31451 13
31456 3
31463 11
31469 12
31476 20
31478 9
31479 8
31482 3
31489 10
31490 11
31496 15
31498 16
31500 10
31502 10
31504 20
31506 13
31511 18
31512 15
31514 11
31521 11
31528 19
31530 6
31537 14
31544 15
31546 4
31552 1
31561 7
31564 14
31571 11
31578 12
31585 17
31587 18
31588 18
31589 10
31590 4
31596 12
31603 11
31610 9
31611 4
31617 6
31623 4
31629 19
31631 2
31641 11
31648 10
31651 7
31653 17
31655 10
31657 12
31663 14
31669 15
31671 12
31678 12
31684 21
31688 6
31696 2
31706 4
31713 10
31716 13
31722 20
31724 12
31731 17
31733 4
31740 4
31747 13
31753 2
31763 18
31764 11
31771 2
31781 15
31783 11
31789 14
31796 18
31797 12
31803 12
31809 20
31811 16
31813 7
31816 15
31818 11
31824 21
31828 7
31830 20
31832 17
31834 1
31843 6
31850 15
31852 16
31854 17
31856 18
31857 10
31859 11
31866 13
31871 17
31873 16
31875 5
31882 15
31884 8
31887 11
31893 13
31899 11
31906 1
31915 7
31918 8
31920 17
31922 20
31924 12
31930 15
31932 16
31934 18
31935 7
31937 6
31943 3
31950 11
31956 21
31960 16
31962 14
31968 19
31970 12
31976 21
31980 20
31982 11
31989 11
31995 16
31997 18
31998 18
31999 21
32003 9
32005 18
32006 18
32007 15
32009 20
32011 17
32013 8
32017 11
32024 11
32031 10
32034 18
32035 9
32037 6
32044 18
32045 18
32046 15
32048 5
32054 12
32060 15
32062 11
32068 17
32070 16
32072 20
32074 10
32077 15
32079 18
32080 19
32082 11
32089 17
32091 12
32098 17
32100 11
32106 11
32113 11
32119 11
32125 6
32133 12
32141 11
32148 18
32149 18
32150 4
32156 18
32157 12
32163 10
32164 11
32170 11
32176 6
32182 3
32189 12
32196 11
32203 15
32205 11
32212 18
32213 11
32220 1
32229 15
32231 10
32234 18
32235 7
32237 1
32247 21
32251 13
32257 6
32263 2
32273 20
32275 12
32282 12
32289 16
32291 8
32293 4
32300 18
32301 15
32303 12
32311 11
32317 13
32322 18
32323 21
32327 14
32333 12
32341 15
32343 6
32349 20
32351 20
32353 11
32360 8
32364 12
32371 3
32377 11
32384 11
32391 3
32397 11
32403 9
32404 12
32412 1
32421 18
32422 18
32423 11
32430 9
32432 2
32442 4
32449 6
32457 7
32459 12
32466 14
32471 19
32473 18
32474 11
32481 7
32484 3
32490 11
32496 3
32503 9
32505 12
32512 10
32515 18
32516 5
32522 9
32523 11
32529 1
32538 2
32548 7
32550 17
32552 18
32553 18
32554 13
32559 4
32566 4
32573 11
32580 19
32582 12
32589 8
32592 17
32594 11
32600 12
32606 2
32616 11
32623 12
32631 9
32633 11
32640 20
32642 18
32643 5
32650 11
32656 1
32665 11
32672 12
32680 18
32681 12
32687 6
32693 14
32698 4
32706 12
32713 2
32724 13
32729 16
32731 11
32737 7
32739 7
32742 2
32751 10
32753 13
32759 8
32763 20
32765 9
32766 3
32773 17
32775 9
32776 14
32782 19
32784 12
32791 20
32793 8
32797 16
32799 1
32808 5
32814 21
32818 6
32824 12
32831 12
32837 14
32842 17
32844 9
32846 11
32853 11
32860 5
32867 16
32869 7
32872 20
32874 9
32876 12
32884 2
32895 16
32897 12
32904 12
32910 11
32917 11
32923 7
32925 1
32934 14
32940 2
32951 12
32958 15
32960 1
32970 11
32976 1
32986 8
32988 17
32990 21
32994 8
32998 8
33002 20
33004 9
33005 18
33006 4
33014 12
33022 20
33024 4
33032 11
33039 2
33048 6
33056 11
33062 12
33069 13
33074 18
33075 13
33081 6
33088 12
33095 21
33099 7
33101 19
33103 21
33107 17
33109 11
33116 1
33125 9
33127 10
33129 14
33135 19
33137 7
33139 9
33141 12
33149 20
33151 20
33153 8
33157 15
33159 3
33166 11
33173 12
33181 10
33184 13
33189 8
33193 11
33199 12
33207 11
33213 16
33215 2
33226 9
33228 13
33234 1
33244 10
33247 8
33249 2
33258 9
33260 11
33266 3
33272 4
33279 6
33286 18
33287 17
33289 12
33296 14
33302 8
33304 10
33306 12
33312 11
33319 15
33321 12
33327 10
33330 18
33331 12
33339 16
33341 11
33347 1
33356 11
33362 15
33364 1
33374 4
33381 13
33387 4
33394 20
33396 19
33398 4
33406 4
33414 12
33421 7
33423 15
33425 11
33432 18
33433 5
33439 4
33446 9
33447 19
33449 6
33456 11
33462 10
33464 20
33466 20
33468 3
33474 11
33481 8
33484 1
33494 20
33496 3
33503 9
33505 12
33511 14
33518 7
33521 9
33523 8
33526 10
33528 3
33534 6
33540 21
33544 16
33546 9
33547 11
33554 13
33559 6
33566 12
33574 9
33576 1
33585 6
33593 18
33594 1
33604 1
33614 12
33620 3
33627 3
33633 11
33639 12
33646 11
33652 6
33659 1
33669 18
33670 12
33677 4
33683 7
33685 12
33693 6
33700 19
33702 2
33712 18
33713 11
33719 5
33726 11
33732 11
33738 11
33745 16
33747 18
33748 8
33752 11
33758 5
33765 17
33767 11
33773 11
33779 14
33784 15
33786 6
33794 5
33801 19
33803 19
33805 15
33807 11
33813 1
33823 12
33830 11
33837 2
33846 21
33850 10
33853 11
33859 2
33869 8
33873 9
33875 1
33885 9
33886 15
33888 9
33890 10
33893 9
33894 8
33898 9
33899 19
33901 6
33908 5
33914 12
33921 18
33922 16
33924 18
33925 7
33928 20
33930 1
33939 6
33946 13
33952 4
33959 6
33965 8
33968 13
33974 9
33976 18
33977 16
33979 2
33989 2
34000 7
34003 8
34007 5
34014 11
34021 9
34023 11
34029 19
34031 11
34038 17
34040 8
34043 12
34050 8
34053 11
34059 14
34064 17
34066 15
34068 3
34074 11
34081 11
34088 15
34090 11
34096 18
34097 13
34102 12
34110 11
34117 21
34121 2
34131 14
34136 5
34143 3
34149 12
34156 21
34160 21
34164 15
34166 19
34168 2
34177 19
34179 9
34180 2
34190 5
34197 18
34198 8
34201 12
34207 13
34212 12
34220 12
34227 18
34228 2
34239 11
34246 6
34254 7
34257 9
34259 18
34260 7
34263 20
34265 1
34275 11
34281 9
34282 15
34284 7
34287 11
34294 10
34296 14
34302 6
34309 8
34311 5
34318 5
34324 7
34326 16
34328 8
34330 16
34332 17
34334 5
34341 20
34343 1
34353 4
34360 11
34367 11
34374 13
34379 4
34385 6
34392 1
34402 13
34407 11
34414 12
34420 10
34421 12
34427 11
34434 12
34441 10
34444 1
34454 3
34461 18
34462 12
34469 10
34471 9
34472 8
34474 21
34478 4
34485 11
34492 21
34496 5
34502 3
34509 8
34511 7
34514 5
34520 21
34524 11
34531 9
34532 13
34537 2
34547 5
34553 21
34557 14
34564 12
34571 12
34578 20
34580 10
34581 11
34587 11
34594 18
34595 7
34598 6
34605 13
34611 10
34614 1
34623 11
34629 11
34635 17
34637 7
34640 12
34647 7
34649 5
34656 16
34658 9
34659 15
34661 12
34667 8
34669 18
34670 7
34672 16
34674 20
34676 12
34682 18
34683 21
34687 14
34692 12
34699 17
34701 18
34702 21
34706 10
34709 12
34716 14
34721 3
34727 13
34733 8
34736 10
34739 13
34745 21
34749 13
34755 12
34762 8
34764 14
34770 20
34772 8
34775 12
34782 16
34784 13
34790 12
34797 1
34806 6
34813 18
34814 2
34824 20
34826 6
34832 21
34836 5
34843 8
34846 11
34853 4
34859 11
34865 11
34871 6
34877 12
34885 18
34886 16
34888 5
34895 19
34897 14
34904 16
34906 17
34908 20
34910 6
34918 19
34920 4
34926 19
34928 12
34934 7
34936 6
34943 12
34950 6
34957 12
34963 18
34964 11
34971 11
34977 3
34984 10
34986 2
34997 11
35003 6
35009 10
35010 12
35017 6
35023 12
35029 5
35036 9
35038 12
35044 20
35046 6
35053 11
35059 5
35066 10
35068 5
35074 10
35077 1
35086 11
35092 3
35099 11
35106 10
35109 15
35111 18
35112 12
35120 16
35122 11
35129 6
35136 10
35138 16
35140 12
35148 16
35150 6
35156 14
35162 13
35168 4
35174 18
35175 8
35179 5
35186 6
35193 3
35200 18
35201 1
35210 19
35212 13
35217 21
35221 9
35222 10
35224 11
35230 13
35235 11
35242 16
35244 2
35254 6
35261 16
35263 10
35266 12
35273 18
35274 16
35276 5
35283 21
35287 1
35296 11
35302 12
35308 12
35315 20
35317 18
35318 6
35324 18
35325 19
35327 7
35329 16
35331 6
35338 14
35345 8
35347 11
35354 17
35356 20
35358 12
35365 10
35367 4
35374 10
35376 2
35386 1
35396 3
35403 12
35409 11
35416 8
35418 15
35420 9
35422 20
35424 13
35429 6
35436 4
35443 11
35450 12
35457 13
35463 5
35469 16
35471 11
35478 18
35479 18
35480 16
35482 8
35486 11
35493 5
35500 1
35510 12
35517 4
35525 16
35527 15
35529 8
35533 10
35534 21
35538 8
35540 8
35543 20
35545 18
35546 15
35548 15
35550 20
35552 5
35559 14
35565 19
35567 13
35572 12
35579 5
35586 15
35588 6
35595 13
35600 4
35606 12
35614 9
35616 18
35617 1
35626 10
35628 11
35634 17
35636 16
35638 21
35642 18
35643 12
35651 8
35653 4
35660 7
35662 18
35663 15
35665 12
35673 11
35679 12
35686 5
35692 8
35696 3
35703 12
35710 18
35711 14
35717 4
35725 5
35732 15
35734 18
35735 8
35738 10
35739 12
35747 4
35753 9
35755 18
35756 12
35763 14
35769 11
35776 12
35783 3
35790 19
35792 11
35798 12
35805 20
35807 9
35809 12
35817 16
35819 13
35824 18
35825 3
35832 14
35839 12
35845 12
35852 5
35858 10
35861 1
35870 9
35872 18
35873 11
35879 21
35883 8
35885 11
35891 15
35893 3
35899 3
35905 18
35906 18
35907 18
35908 11
35915 12
35922 13
35927 11
35934 15
35936 12
35944 21
35948 13
35954 19
35956 5
35963 13
35969 21
35973 17
35975 7
35977 10
35979 15
35981 13
35986 13
35992 9
35993 21
35997 3
36004 4
36011 16
36013 12
36020 18
36021 11
36028 5
36034 20
36036 13
36042 12
36048 14
36055 7
36057 9
36059 5
36065 16
36067 14
36072 8
36075 18
36076 1
36085 15
36087 4
36094 18
36095 9
36097 4
36105 11
36112 7
36114 13
36120 18
36121 9
36123 20
36125 8
36129 7
36132 6
36140 8
36143 11
36150 8
36153 6
36160 14
36166 11
36173 16
36175 16
36177 8
36179 4
36187 12
36195 16
36197 8
36199 1
36209 17
36211 13
36217 14
36224 14
36229 3
36236 7
36239 19
36241 11
36248 11
36255 14
36261 20
36263 5
36270 14
36275 4
36281 20
36283 6
36289 8
36292 12
36298 6
36305 5
36312 13
36317 15
36319 17
36321 10
36324 19
36326 19
36328 8
36331 10
36332 12
36339 12
36345 11
36351 5
36358 5
36364 14
36370 1
36380 21
36384 13
36390 10
36392 10
36393 5
36399 15
36401 8
36403 12
36410 18
36411 12
36419 11
36425 15
36427 11
36433 12
36441 2
36451 18
36452 11
36459 6
36466 2
36476 11
36482 1
36491 21
36495 21
36499 15
36501 12
36507 12
36514 1
36524 21
36528 8
36532 21
36536 12
36543 7
36545 7
36548 19
36550 11
36556 13
36561 14
36566 15
36568 13
36574 18
36575 12
36581 4
36589 8
36592 15
36594 11
36600 8
36603 11
36610 9
36611 8
36614 19
36616 1
36625 19
36627 15
36629 4
36636 15
36638 11
36645 2
36654 12
36661 15
36663 10
36665 18
36666 2
36676 8
36678 1
36688 12
36695 16
36697 18
36698 7
36701 11
36708 2
36718 15
36720 11
36727 6
36733 3
36739 8
36743 11
36750 5
36756 12
36763 19
36765 4
36771 10
36772 12
36780 7
36782 13
36787 17
36789 6
36796 8
36799 12
36805 6
36812 18
36813 15
36815 11
36822 14
36829 18
36830 19
36832 21
36836 21
36840 18
36841 12
36848 1
36857 5
36864 8
36868 4
36874 11
36881 16
36883 3
36890 2
36900 18
36901 11
36907 1
36916 11
36922 12
36929 18
36930 18
36931 3
36937 21
36941 16
36943 19
36945 5
36952 11
36959 8
36962 6
36968 11
36975 21
36979 9
36981 1
36990 5
36997 8
36999 12
37007 18
37008 9
37009 18
37010 8
37012 7
37015 12
37022 4
37030 2
37039 3
37046 11
37052 19
37054 15
37056 9
37058 21
37062 6
37068 9
37069 16
37071 2
37080 20
37082 5
37089 5
37096 19
37098 20
37100 18
37101 7
37103 18
37104 9
37106 7
37109 4
37116 6
37123 16
37125 16
37127 9
37128 8
37131 1
37141 2
37151 7
37154 17
37156 21
37160 1
37170 18
37171 1
37181 18
37182 19
37184 7
37186 20
37188 18
37189 4
37197 10
37199 16
37201 18
37202 12
37209 12
37217 12
37224 4
37231 18
37232 6
37238 11
37245 3
37252 5
37258 18
37259 16
37261 1
37270 8
37273 12
37280 13
37285 2
37296 9
37297 11
37304 21
37308 10
37311 18
37312 16
37314 2
37323 4
37329 12
37335 11
37341 16
37343 4
37350 16
37352 4
37360 19
37362 11
37368 12
37374 10
37375 20
37377 2
37387 10
37390 2
37400 17
37402 21
37406 1
37416 12
37423 1
37433 10
37434 16
37436 16
37438 18
37439 9
37440 18
37441 19
37443 11
37450 16
37452 12
37459 13
37464 9
37465 17
37467 21
37471 20
37473 2
37483 11
37490 15
37492 13
37498 1
37507 1
37516 5
37523 12
37531 10
37532 13
37537 1
37547 9
37549 15
37551 16
37553 19
37555 1
37564 8
37568 10
37570 15
37572 17
37574 19
37576 15
37578 18
37579 17
37581 3
37588 3
37594 10
37596 2
37607 11
37613 10
37616 20
37618 11
37624 17
37626 21
37630 8
37633 14
37639 4
37647 12
37654 11
37661 16
37663 12
37671 8
37675 12
37683 5
37690 2
37699 2
37709 3
37715 2
37725 12
37732 4
37738 5
37745 11
37752 8
37754 5
37761 2
37770 18
37771 12
37777 11
37784 12
37792 21
37796 11
37802 3
37808 12
37815 11
37821 18
37822 18
37823 8
37827 15
37829 4
37837 13
37843 14
37849 19
37851 12
37858 12
37864 18
37865 11
37871 13
37877 7
37880 13
37886 21
37890 20
37892 17
37894 18
37895 2
37906 16
37908 18
37909 17
37911 19
37913 18
37914 21
37918 11
37924 18
37925 4
37932 18
37933 16
37935 20
37937 15
37939 12
37946 10
37948 8
37951 8
37953 12
37960 5
37967 20
37969 14
37975 11
37981 6
37988 12
37996 21
38000 4
38007 10
38008 10
38010 20
38012 9
38014 12
38022 10
38025 2
38035 11
38042 19
38044 3
38051 12
38059 6
38067 6
38074 11
38081 1
38091 15
38093 15
38095 13
38100 11
38106 11
38112 7
38114 11
38120 3
38126 15
38128 16
38130 21
38134 12
38142 4
38148 7
38150 14
38156 12
38162 3
38168 17
38170 2
38180 18
38181 6
38189 2
38199 2
38208 9
38209 12
38217 18
38218 14
38224 16
38226 20
38228 20
38230 11
38237 9
38238 14
38245 2
38254 12
38260 5
38266 18
38267 7
38270 16
38272 11
38278 11
38284 7
38287 18
38288 14
38294 21
38298 18
38299 18
38300 3
38306 4
38313 6
38319 14
38326 17
38328 2
38338 5
38344 11
38350 18
38351 13
38356 18
38357 7
38360 3
38366 15
38368 8
38371 12
38378 14
38385 17
38387 11
38393 1
38403 9
38404 8
38408 2
38417 12
38424 18
38425 11
38431 12
38438 6
38445 10
38447 3
38453 17
38455 10
38457 11
38464 19
38466 9
38467 11
38474 21
38478 12
38486 12
38493 20
38495 8
38498 1
38507 18
38508 1
38518 18
38519 19
38521 15
38523 5
38529 11
38536 7
38539 12
38545 20
38547 15
38549 16
38551 14
38556 12
38564 4
38571 15
38573 18
38574 16
38576 11
38582 20
38584 11
38590 10
38592 8
38594 12
38601 14
38607 9
38609 12
38616 11
38622 3
38628 11
38635 18
38636 15
38638 14
38643 9
38645 17
38647 21
38651 18
38652 6
38658 1
38668 2
38677 10
38679 16
38681 6
38689 15
38691 14
38696 16
38698 19
38700 5
38707 3
38714 12
38721 20
38723 16
38725 9
38726 12
38732 9
38733 20
38735 14
38740 16
38742 18
38743 11
38750 6
38756 14
38761 20
38763 11
38770 12
38777 12
38784 3
38791 8
38795 8
38797 9
38798 17
38800 21
38804 18
38805 11
38812 4
38820 11
38827 15
38829 12
38836 1
38846 11
38852 8
38854 5
38860 12
38867 16
38869 11
38876 15
38878 12
38885 10
38886 15
38888 13
38894 4
38901 7
38904 17
38906 19
38908 11
38915 16
38917 18
38918 15
38920 13
38926 11
38932 10
38934 1
38944 9
38945 11
38952 14
38957 16
38959 5
38965 16
38967 16
38969 8
38971 2
38981 15
38983 11
38989 12
38996 18
38997 21
39001 16
39003 11
39009 20
39011 16
39013 19
39015 10
39018 9
39019 3
39025 19
39027 11
39034 5
39040 3
39046 15
39048 18
39049 1
39058 10
39061 16
39063 12
39070 5
39076 1
39085 8
39089 20
39091 11
39097 11
39103 10
39105 18
39106 9
39107 12
39114 9
39115 16
39117 15
39119 3
39125 7
39128 6
39134 4
39140 8
39143 8
39145 3
39152 11
39159 15
39161 19
39163 12
39169 20
39171 13
39177 11
39184 8
39188 8
39191 11
39197 13
39203 9
39204 6
39210 11
39216 15
39218 3
39224 6
39230 12
39236 10
39237 18
39238 3
39245 3
39252 20
39254 18
39255 19
39257 16
39259 11
39265 11
39272 14
39278 13
39283 11
39290 19
39292 8
39295 1
39304 3
39311 10
39312 11
39319 14
39325 14
39331 3
39337 11
39344 6
39352 5
39359 1
39368 10
39371 2
39382 10
39383 10
39386 13
39392 7
39395 7
39397 11
39404 10
39405 19
39407 11
39413 19
39415 21
39419 1
39429 14
39435 11
39442 9
39443 11
39449 19
39451 11
39457 2
39467 12
39473 15
39475 12
39483 11
39490 1
39499 10
39501 20
39503 21
39507 9
39509 4
39516 18
39517 18
39518 12
39525 1
39534 18
39535 11
39541 3
39547 12
39554 3
39561 4
39568 6
39575 16
39577 6
39585 15
39587 4
39594 11
39601 17
39603 11
39609 10
39611 1
39621 11
39628 2
39637 11
39643 20
39645 11
39651 1
39661 11
39668 1
39678 21
39682 6
39690 10
39692 12
39699 16
39701 8
39705 4
39712 12
39719 20
39721 10
39724 20
39726 8
39729 3
39736 18
39737 6
39744 1
39753 4
39761 18
39762 1
39771 18
39772 1
39782 12
39788 16
39790 10
39792 14
39798 11
39804 11
39810 2
39819 12
39825 20
39827 16
39829 18
39830 20
39832 11
39839 19
39841 13
39846 11
39853 16
39855 13
39861 12
39867 12
39873 6
39880 12
39888 11
39894 5
39901 1
39911 3
39918 2
39928 6
39936 12
39944 11
39950 11
39957 11
39964 15
39966 8
39969 16
39971 19
39973 3
39979 7
39981 21
39985 17
39987 11
39993 17
39995 4
40003 16
40005 14
40011 4
40017 11
40023 2
40033 19
40035 19
40037 5
40043 18
40044 9
40046 3
40052 21
40056 15
40058 10
40061 3
40067 9
40068 13
40074 4
40081 12
40088 19
40090 2
40100 12
40107 12
40114 15
40116 18
40117 6
40124 1
40133 12
40141 10
40144 2
40155 21
40159 18
40160 9
40161 9
40163 4
40171 19
40173 2
40182 1
40191 21
40195 9
40196 11
40202 13
40208 20
40210 19
40212 12
40220 18
40221 11
40228 2
40238 18
40239 14
40244 20
40246 11
40252 13
40258 4
40265 4
40272 7
40275 4
40283 20
40285 11
40291 3
40298 4
40304 10
40307 11
40314 9
40316 11
40323 12
40331 12
40339 6
40345 14
40352 18
40353 18
40354 8
40357 3
40364 20
40366 12
40373 4
40380 8
40384 1
40393 3
40400 12
40407 6
40414 12
40421 17
40423 16
40425 14
40431 12
40437 15
40439 11
40445 17
40447 11
40454 21
40458 11
40464 18
40465 11
40472 8
40475 20
40477 20
40479 15
40481 13
40486 5
40493 16
40495 17
40497 4
40504 6
40510 21
40514 11
40520 1
40529 9
40530 13
40535 11
40541 14
40547 12
40555 18
40556 17
40558 8
40562 18
40563 3
40570 10
40572 19
40574 9
40575 11
40582 7
40585 18
40586 3
40593 11
40599 5
40605 11
40612 17
40614 11
40621 10
40623 20
40625 4
40632 13
40637 1
40646 9
40647 13
40653 16
40655 15
40657 4
40665 1
40674 5
40680 17
40682 11
40689 15
40691 12
40699 12
40705 6
40711 10
40712 4
40719 11
40726 11
40732 21
40736 12
40743 17
40745 8
40748 10
40751 18
40752 7
40754 3
40761 5
40768 2
40777 2
40786 16
40788 11
40795 9
40797 19
40799 18
40800 15
40802 6
40808 14
40814 6
40822 15
40824 11
40831 6
40838 18
40839 9
40841 15
40843 18
40844 12
40852 13
40857 20
40859 15
40861 7
40864 4
40872 20
40874 14
40880 16
40882 21
40886 11
40892 5
40898 8
40901 20
40903 21
40907 6
40914 6
40920 8
40922 18
40923 18
40924 6
40931 4
40939 17
40941 5
40948 15
40950 19
40952 12
40958 1
40967 19
40969 7
40971 7
40973 12
40980 20
40982 11
40989 3
40996 18
40997 10
40999 10
41001 21
41005 21
41009 16
41011 5
41018 21
41022 4
41029 16
41031 18
41032 12
41039 5
41046 9
41048 5
41054 2
41064 2
41074 11
41080 4
41088 7
41090 3
41097 2
41107 3
41113 11
41119 5
41126 18
41127 11
41134 16
41136 2
41145 3
41152 16
41154 1
41163 6
41170 15
41172 11
41178 1
41188 7
41191 21
41195 17
41197 11
41203 11
41209 9
41210 21
41214 17
41216 12
41222 21
41226 13
41232 18
41233 19
41235 8
41239 8
41241 18
41242 18
41243 4
41251 15
41253 5
41260 17
41262 8
41266 13
41271 17
41273 18
41274 13
41279 12
41285 9
41287 18
41288 2
41298 5
41304 1
41313 12
41320 18
41321 12
41329 1
41339 13
41344 15
41346 6
41352 13
41358 4
41364 12
41371 12
41379 9
41380 6
41386 4
41392 16
41394 1
41404 15
41406 6
41413 5
41419 20
41421 12
41428 17
41430 7
41432 18
41433 7
41435 12
41442 11
41448 9
41449 20
41451 11
41457 20
41459 7
41462 5
41469 12
41476 11
41483 9
41484 7
41486 17
41488 16
41490 11
41496 15
41498 17
41500 3
41506 4
41514 4
41522 20
41524 18
41525 11
41532 16
41534 19
41536 9
41538 11
41545 8
41549 12
41555 11
41562 14
41567 7
41570 18
41571 4
41578 13
41583 12
41591 3
41597 2
41608 15
41610 14
41616 19
41618 12
41624 16
41626 3
41633 16
41635 8
41638 6
41645 13
41651 19
41653 9
41654 11
41661 12
41668 21
41672 1
41682 9
41684 17
41686 18
41687 1
41697 21
41701 5
41707 12
41714 11
41720 11
41726 14
41732 6
41740 15
41742 15
41744 18
41745 12
41752 11
41759 16
41761 21
41765 9
41766 15
41768 3
41774 7
41776 16
41778 18
41779 11
41785 15
41787 14
41792 12
41800 7
41802 14
41807 2
41818 11
41824 11
41831 11
41837 5
41844 15
41846 11
41852 18
41853 10
41855 11
41862 1
41871 4
41878 13
41884 2
41894 17
41896 17
41898 16
41900 1
41909 21
41913 12
41919 15
41921 9
41923 2
41933 13
41938 12
41945 3
41952 5
41958 15
41960 11
41967 19
41969 18
41970 13
41975 9
41976 13
41981 12
41988 14
41993 11
42000 11
42007 17
42009 8
42013 20
42015 17
42017 17
42019 11
42025 14
42032 2
42042 17
42044 4
42051 2
42062 11
42069 12
42077 15
42079 15
42081 21
42085 16
42087 20
42089 7
42091 5
42097 10
42099 4
42106 20
42108 3
42115 17
42117 7
42119 18
42120 4
42128 7
42130 12
42138 5
42145 6
42153 20
42155 11
42162 5
42169 20
42171 11
42177 9
42179 13
42185 16
42187 21
42191 18
42192 19
42194 1
42204 21
42208 7
42211 17
42213 7
42216 9
42218 10
42220 12
42227 12
42234 12
42241 12
42247 8
42250 21
42254 8
42257 13
42262 5
42269 9
42271 17
42273 11
42280 2
42291 15
42293 17
42295 2
42304 11
42310 19
42312 8
42314 12
42322 19
42324 16
42326 19
42328 8
42331 20
42333 19
42335 20
42337 9
42338 18
42339 10
42342 12
42349 12
42356 8
42359 18
42360 13
42365 11
42372 18
42373 6
42380 19
42382 8
42384 3
42390 18
42391 1
42400 4
42407 6
42415 20
42417 16
42419 14
42425 21
42429 2
42440 5
42447 16
42449 11
42455 9
42457 2
42466 7
42469 17
42471 13
42477 11
42483 14
42489 14
42495 14
42501 17
42503 9
42504 11
42511 21
42515 19
42517 4
42523 7
42526 11
42532 10
42533 13
42539 2
42550 16
42552 8
42556 14
42561 3
42568 3
42574 2
42584 10
42587 12
42594 2
42603 18
42604 1
42613 16
42615 19
42617 12
42625 18
42626 3
42632 6
42640 7
42642 10
42643 15
42645 9
42647 16
42649 15
42651 6
42658 4
42666 11
42673 5
42680 8
42683 3
42690 12
42697 5
42703 20
42705 5
42711 11
42717 12
42724 19
42726 12
42733 4
42740 9
42741 4
42749 18
42750 2
42760 13
42766 17
42768 10
42770 2
42781 15
42783 8
42786 8
42788 12
42796 18
42797 4
42803 12
42809 19
42811 11
42817 9
42818 16
42820 1
42830 7
42833 12
42840 5
42846 2
42855 8
42859 13
42864 9
42865 4
42871 21
42875 2
42885 19
42887 11
42893 10
42895 2
42906 12
42913 5
42920 16
42922 16
42924 21
42928 12
42936 11
42943 11
42949 9
42950 8
42952 15
42954 17
42956 7
42959 11
42965 9
42967 4
42974 18
42975 17
42977 16
42979 21
42983 2
42992 12
42998 7
43001 12
43008 1
43018 6
43024 19
43026 19
43028 11
43034 16
43036 7
43038 5
43044 10
43047 21
43051 16
43053 12
43060 17
43062 4
43068 10
43069 10
43072 1
43082 11
43088 4
43096 11
43103 20
43105 3
43111 14
43117 16
43119 12
43125 11
43131 4
43139 13
43144 3
43151 12
43159 6
43166 6
43173 8
43177 13
43183 7
43185 11
43192 18
43193 14
43199 17
43201 20
43203 18
43204 7
43207 2
43217 10
43219 19
43221 17
43223 14
43229 10
43232 2
43242 3
43248 11
43255 7
43258 20
43260 20
43262 13
43267 16
43269 16
43271 10
43273 15
43275 9
43277 14
43283 11
43289 10
43291 7
43293 8
43296 1
43305 16
43307 6
43314 17
43316 7
43318 1
43327 9
43328 1
43337 19
43339 14
43345 11
43352 12
43358 11
43364 13
43369 12
43376 16
43378 13
43383 18
43384 12
43392 10
43394 12
43401 14
43407 21
43411 11
43418 21
43422 7
43425 11
43431 9
43432 21
43436 3
43442 14
43448 21
43452 18
43453 6
43460 14
43465 11
43471 4
43478 8
43481 11
43487 13
43492 11
43498 4
43504 14
43511 16
43513 20
43515 11
43521 17
43523 4
43530 12
43537 12
43544 20
43546 17
43548 6
43554 13
43559 18
43560 20
43562 8
43564 10
43565 20
43567 5
43573 12
43580 8
43583 8
43586 15
43588 9
43589 20
43591 1
43601 12
43607 18
43608 13
43614 4
43621 7
43624 3
43630 2
43639 7
43642 3
43648 21
43652 19
43654 4
43661 7
43663 20
43665 12
43672 4
43680 12
43687 2
43697 19
43699 21
43703 1
43712 11
43719 11
43726 13
43732 10
43733 3
43740 12
43746 19
43748 10
43751 5
43757 20
43759 6
43766 11
43772 9
43774 12
43781 12
43789 21
43793 18
43794 18
43795 18
43796 6
43803 7
43805 11
43811 12
43818 16
43820 8
43822 2
43832 4
43838 5
43845 11
43852 12
43859 19
43861 12
43867 4
43874 4
43881 12
43888 10
43889 8
43891 2
43900 3
43907 10
43910 7
43913 11
43919 12
43926 13
43932 21
43936 19
43938 10
43941 5
43947 13
43953 3
43959 2
43968 16
43970 14
43976 1
43986 8
43990 15
43992 11
43999 14
44006 19
44008 13
44014 10
44015 15
44017 12
44025 12
44031 12
44038 11
44044 8
44047 6
44055 21
44059 3
44066 19
44068 11
44074 11
44080 17
44082 13
44088 10
44090 21
44094 2
44103 7
44105 12
44111 1
44120 17
44122 6
44130 4
44138 18
44139 11
44145 11
44152 14
44157 13
44162 12
44169 11
44176 10
44178 21
44182 14
44189 18
44190 1
44199 10
44201 21
44205 10
44207 12
44213 12
44220 11
44226 4
44234 11
44240 20
44242 16
44244 11
44250 14
44256 11
44262 6
44270 14
44276 12
44282 11
44288 13
44293 1
44302 19
44304 19
44306 11
44313 18
44314 17
44316 7
44318 21
44322 6
44328 18
44329 5
44336 17
44338 14
44343 2
44353 9
44354 10
44356 12
44364 16
44366 3
44372 6
44379 12
44386 11
44392 21
44396 9
44397 11
44403 19
44405 12
44412 18
44413 4
44421 3
44427 19
44429 19
44431 18
44432 18
44433 1
44442 18
44443 2
44453 4
44460 11
44466 6
44474 15
44476 2
44486 18
44487 18
44488 15
44490 20
44492 11
44499 4
44507 8
44509 12
44516 6
44523 10
44526 11
44532 1
44542 2
44552 13
44557 11
44564 14
44569 13
44574 8
44577 4
44585 13
44590 16
44592 6
44599 5
44605 8
44608 4
44615 8
44618 18
44619 1
44628 15
44630 16
44632 7
44635 14
44641 16
44643 16
44645 7
44647 11
44653 10
44655 10
44658 9
44660 21
44664 15
44666 15
44668 6
44675 18
44676 17
44678 1
44687 18
44688 15
44690 11
44696 10
44698 10
44701 1
44711 17
44713 19
44715 18
44716 11
44723 1
44733 18
44734 11
44740 18
44741 20
44743 13
44749 12
44757 6
44764 11
44770 19
44772 9
44774 9
44775 11
44781 13
44787 13
44792 15
44794 2
44803 18
44804 15
44806 18
44807 11
44813 18
44814 21
44818 8
44821 5
44828 2
44838 11
44845 7
44848 7
44851 6
44858 11
44864 13
44870 15
44872 3
44879 12
44887 5
44893 14
44900 12
44906 15
44908 10
44910 18
44911 21
44915 17
44917 12
44924 6
44930 21
44934 13
44940 12
44947 19
44949 12
44955 19
44957 20
44959 10
44961 11
44967 21
44971 19
44973 15
44975 15
44977 11
44983 21
44987 18
44988 5
44995 2
45004 19
45006 9
45008 15
45010 20
45012 17
45014 10
45015 11
45022 10
45024 12
45030 2
45039 18
45040 10
45042 8
45046 5
45052 9
45053 13
45058 2
45068 16
45070 18
45071 4
45077 19
45079 13
45085 6
45092 4
45099 19
45101 9
45102 13
45107 12
45115 19
45117 2
45127 1
45137 14
45143 9
45145 21
45149 2
45159 6
45166 1
45175 16
45177 17
45179 3
45186 12
45193 13
45199 6
45207 1
45217 6
45224 7
45226 7
45229 21
45233 16
45235 8
45238 14
45244 15
45246 18
45247 11
45253 14
45259 18
45260 5
45267 11
45273 6
45280 12
45287 5
45293 18
45294 10
45296 7
45298 1
45307 17
45309 18
45310 18
45311 7
45313 8
45316 4
45322 8
45325 15
45327 10
45329 4
45335 21
45339 11
45345 7
45348 12
45356 11
45362 18
45363 20
45365 12
45372 21
45376 11
45382 21
45386 9
45388 8
45390 12
45397 12
45404 16
45406 13
45411 8
45414 9
45416 4
45424 10
45426 13
45432 15
45434 17
45436 11
45442 20
45444 21
45448 5
45455 7
45457 21
45461 8
45464 10
45467 17
45469 18
45470 12
45477 5
45483 1
45492 7
45495 13
45501 19
45503 16
45505 20
45507 7
45509 19
45511 19
45513 15
45515 8
45518 9
45520 19
45522 18
45523 21
45527 12
45535 4
45541 9
45542 12
45550 18
45551 19
45553 14
45558 7
45561 12
45568 9
45570 12
45577 11
45583 8
45587 12
45594 1
45603 3
45609 18
45610 8
45614 19
45616 10
45618 13
45623 17
45625 2
45635 5
45641 21
45645 12
45652 16
45654 4
45661 19
45663 2
45673 2
45682 3
45688 15
45690 21
45694 4
45701 20
45703 8
45706 3
45713 5
45720 8
45723 18
45724 8
45727 20
45729 9
45730 14
45737 11
45744 17
45746 13
45752 12
45759 21
45763 14
45769 12
45777 18
45778 11
45785 5
45792 5
45799 11
45806 1
45815 2
45826 3
45833 3
45840 16
45842 16
45844 14
45851 15
45853 17
45855 18
45856 12
45864 10
45866 11
45872 11
45879 17
45881 8
45884 18
45885 11
45891 15
45893 11
45900 11
45907 1
45917 9
45918 3
45925 2
45936 11
45942 11
45949 2
45958 21
45962 20
45964 18
45965 14
45971 13
45976 11
45983 2
45994 20
45996 13
46002 4
46009 15
46011 16
46013 21
46017 2
46026 17
46028 5
46034 11
46040 16
46042 12
46050 2
46060 11
46066 11
46072 5
46079 20
46081 13
46086 9
46088 11
46094 18
46095 21
46099 3
46106 11
46112 19
46114 15
46116 18
46117 11
46124 9
46126 19
46128 13
46133 13
46139 6
46146 18
46147 17
46149 9
46150 9
46152 5
46159 18
46160 2
46169 7
46171 14
46178 20
46180 14
46187 3
46194 19
46196 18
46197 11
46203 6
46211 1
46220 11
46227 12
46235 7
46237 10
46238 14
46243 19
46245 3
46251 11
46257 20
46259 8
46261 21
46265 7
46268 19
46270 6
46277 12
46284 11
46291 15
46293 18
46294 6
46301 13
46306 5
46313 9
46315 1
46324 18
46325 3
46331 21
46335 4
46343 6
46350 4
46357 1
46367 6
46374 10
46377 11
46383 12
46390 17
46392 12
46400 18
46401 13
46406 18
46407 15
46409 12
46416 7
46418 8
46421 13
46427 12
46433 12
46440 7
46442 13
46447 7
46450 4
46456 18
46457 7
46460 1
46469 13
46475 12
46483 12
46490 11
46497 6
46503 12
46510 16
46512 12
46520 4
46527 4
46534 11
46540 16
46542 1
46552 7
46555 14
46562 18
46563 5
46570 15
46572 18
46573 5
46580 12
46587 9
46589 16
46591 6
46599 16
46601 18
46602 3
46608 15
46610 4
46617 17
46619 11
46625 2
46635 1
46645 18
46646 10
46648 17
46650 17
46652 3
46659 8
46662 11
46669 14
46675 19
46677 14
46683 2
46694 16
46696 11
46703 11
46710 8
46713 15
46715 3
46721 5
46728 6
46736 18
46737 13
46743 21
46747 12
46754 13
46759 2
46769 12
46776 12
46783 15
46785 11
46792 20
46794 20
