10000
1 11
7 20
9 3
16 19
18 7
20 6
26 18
27 7
30 5
37 13
42 1
52 13
58 9
60 4
67 11
74 4
81 20
83 16
85 9
87 1
97 18
98 11
105 15
107 16
109 13
115 12
121 18
122 11
128 7
131 6
137 2
147 11
154 4
162 16
164 11
171 13
176 9
177 7
180 21
184 12
192 18
193 4
200 2
209 6
216 14
222 9
224 9
226 12
234 9
236 1
246 12
254 8
257 15
259 8
261 1
271 18
272 1
281 5
287 5
294 12
300 4
307 9
309 4
315 4
323 17
325 12
332 18
333 7
335 16
337 15
339 21
343 12
350 16
352 16
354 16
356 7
358 16
360 2
370 10
373 10
375 16
377 2
388 1
397 10
399 14
404 12
411 11
418 11
424 6
430 19
432 21
436 21
440 16
442 12
448 19
450 11
456 15
458 2
468 3
474 16
476 11
483 15
485 11
491 4
497 10
498 18
499 15
501 13
506 13
512 14
518 14
524 15
526 13
531 15
533 2
544 19
546 18
547 12
554 16
556 3
563 6
571 13
577 12
585 11
592 11
599 16
601 11
608 18
609 10
611 13
617 19
619 17
621 5
627 11
633 1
643 3
649 8
653 15
655 11
662 10
663 20
665 18
666 6
673 12
680 1
690 6
697 6
704 5
710 6
717 2
726 4
732 10
734 11
741 21
745 18
746 4
752 13
757 9
758 11
765 21
769 8
772 16
774 20
776 13
782 21
786 14
792 1
801 8
804 4
810 18
811 14
816 12
823 12
830 21
834 12
842 20
844 18
845 5
852 2
863 19
865 1
874 9
875 8
878 11
885 19
887 8
890 20
892 21
896 13
901 18
902 10
904 5
911 16
913 5
920 14
925 9
926 11
932 20
934 18
935 9
936 12
944 15
946 20
948 12
955 20
957 16
959 14
965 19
967 18
968 12
975 14
980 10
982 18
983 3
990 1
999 13
1004 5
1010 11
1016 16
1018 11
1025 1
1034 11
1041 12
1048 10
1050 11
1056 14
1062 17
1064 8
1067 3
1073 9
1075 1
1085 10
1087 9
1088 11
1094 11
1100 13
1105 2
1115 11
1122 15
1124 21
1128 15
1130 11
1137 13
1143 11
1149 17
1151 20
1153 15
1155 12
1163 9
1165 12
1172 9
1174 17
1176 19
1178 17
1180 13
1186 6
1193 7
1196 19
1198 11
1205 14
1211 15
1213 18
1214 3
1221 18
1222 8
1226 16
1228 6
1234 11
1241 7
1244 9
1245 2
1255 20
1257 21
1261 4
1269 11
1275 18
1276 12
1284 6
1290 11
1297 14
1302 13
1308 13
1313 20
1315 12
1323 16
1325 17
1327 10
1330 2
1339 2
1349 8
1352 5
1358 12
1366 8
1370 5
1376 18
1377 18
1378 9
1380 21
1384 11
1391 13
1396 2
1406 18
1407 13
1412 11
1419 14
1425 7
1428 8
1431 10
1432 3
1439 10
1441 12
1448 11
1455 3
1461 13
1467 14
1474 15
1476 7
1478 11
1485 20
1487 18
1488 14
1495 10
1497 3
1503 12
1510 20
1512 21
1516 9
1518 12
1525 21
1529 14
1535 15
1537 9
1538 6
1545 8
1548 17
1550 5
1556 17
1558 17
1560 14
1566 17
1568 11
1574 18
1575 21
1579 18
1580 10
1583 3
1589 4
1596 7
1599 15
1601 9
1603 18
1604 18
1605 11
1611 2
1620 7
1623 18
1624 9
1626 21
1630 5
1636 12
1642 20
1644 11
1650 13
1656 11
1663 18
1664 15
1666 14
1672 15
1674 3
1681 18
1682 11
1689 14
1695 15
1697 5
1703 21
1707 11
1714 18
1715 4
1722 16
1724 18
1725 11
1731 18
1732 11
1739 4
1746 20
1748 10
1749 7
1751 4
1759 14
1765 4
1771 5
1778 17
1780 12
1786 12
1792 4
1799 7
1802 13
1807 7
1809 12
1815 21
1819 20
1821 20
1823 4
1831 7
1834 20
1836 4
1843 8
1847 14
1852 8
1855 16
1857 12
1863 2
1873 7
1875 11
1882 17
1884 16
1886 20
1888 13
1894 19
1896 8
1900 14
1906 13
1911 12
1917 12
1925 19
1927 13
1933 17
1935 17
1937 18
1938 7
1941 12
1949 15
1951 15
1953 11
1959 20
1961 7
1964 8
1968 15
1970 2
1980 12
1988 18
1989 13
1994 17
1996 11
2002 2
2013 15
2015 3
2022 9
2023 1
2033 14
2039 4
2046 15
2048 10
2050 14
2056 7
2058 2
2067 7
2069 3
2076 11
2083 17
2085 12
2091 18
2092 11
2099 17
2101 1
2111 16
2113 15
2115 18
2116 11
2122 2
2132 12
2139 12
2146 5
2153 21
2157 21
2161 20
2163 11
2170 17
2172 2
2181 6
2188 16
2190 1
2200 3
2206 11
2213 2
2223 10
2225 3
2231 12
2237 19
2239 2
2250 1
2260 13
2265 14
2271 18
2272 18
2273 2
2284 18
2285 7
2288 11
2294 11
2301 21
2305 9
2306 11
2312 14
2319 12
2326 16
2328 11
2334 12
2341 14
2347 6
2354 10
2357 18
2358 11
2365 5
2372 12
2379 9
2381 3
2387 14
2394 12
2401 18
2402 19
2404 19
2406 14
2412 1
2421 14
2428 20
2430 13
2436 2
2446 11
2452 11
2458 21
2462 2
2473 17
2475 8
2478 6
2486 17
2488 9
2489 12
2497 3
2503 19
2505 4
2512 9
2514 4
2521 1
2531 5
2538 2
2548 15
2550 15
2552 16
2554 2
2565 7
2568 16
2570 7
2572 9
2574 12
2580 1
2589 15
2591 6
2598 11
2605 4
2612 7
2615 9
2617 16
2619 20
2621 17
2623 4
2630 11
2637 4
2643 11
2650 15
2652 11
2659 4
2667 18
2668 7
2671 8
2673 20
2675 2
2685 21
2689 7
2691 21
2695 15
2697 21
2701 3
2708 2
2718 10
2719 20
2721 12
2727 21
2731 12
2738 18
2739 11
2745 16
2747 6
2755 14
2760 20
2762 12
2769 11
2776 21
2780 16
2782 12
2789 11
2795 18
2796 4
2803 11
2809 6
2815 10
2816 17
2818 15
2820 18
2821 18
2822 6
2829 14
2835 7
2838 20
2840 21
2844 6
2850 6
2857 21
2861 2
2871 7
2874 19
2876 1
2886 21
2890 4
2898 11
2904 9
2905 18
2906 16
2908 3
2915 7
2917 9
2919 4
2927 15
2929 4
2935 16
2937 11
2944 16
2946 17
2948 20
2950 12
2958 16
2960 2
2970 13
2976 15
2978 15
2980 16
2982 11
2989 3
2995 9
2996 2
3006 4
3012 8
3015 11
3021 7
3023 6
3030 2
3041 18
3042 14
3047 10
3050 8
3053 18
3054 10
3055 17
3057 13
3063 13
3069 19
3071 19
3073 20
3075 11
3082 19
3084 7
3087 17
3089 15
3091 12
3098 13
3104 1
3113 14
3118 17
3120 11
3127 5
3134 12
3142 16
3144 17
3146 18
3147 21
3151 12
3158 13
3163 19
3165 4
3173 14
3179 10
3181 12
3188 11
3194 1
3203 12
3209 20
3211 18
3212 11
3218 17
3220 17
3222 6
3230 11
3236 12
3242 13
3248 1
3257 9
3258 9
3260 18
3261 11
3268 17
3270 4
3277 3
3284 13
3289 13
3294 20
3296 11
3302 20
3304 12
3310 15
3312 5
3319 7
3321 10
3324 21
3328 17
3330 11
3337 5
3344 3
3350 8
3353 12
3359 11
3365 6
3372 5
3378 17
3380 18
3381 7
3384 9
3385 17
3387 11
3393 2
3403 10
3406 4
3413 5
3420 9
3421 3
3428 19
3430 11
3437 21
3441 14
3447 18
3448 4
3454 6
3460 8
3463 1
3473 10
3475 11
3482 20
3484 12
3491 11
3498 9
3499 19
3501 13
3507 17
3509 7
3511 20
3513 18
3514 18
3515 2
3524 14
3530 18
3531 15
3533 5
3539 17
3541 21
3545 16
3547 14
3553 16
3555 20
3557 2
3568 12
3575 17
3577 12
3584 11
3590 10
3592 16
3594 16
3596 12
3602 18
3603 4
3610 11
3617 15
3619 14
3624 19
3626 20
3628 15
3630 12
3638 1
3648 19
3650 7
3652 8
3656 11
3662 16
3664 16
3666 10
3669 4
3677 1
3687 11
3693 15
3695 6
3701 15
3703 7
3706 21
3710 17
3712 16
3714 3
3721 14
3726 10
3728 12
3736 16
3738 18
3739 16
3741 21
3745 2
3755 5
3761 15
3763 12
3770 18
3771 6
3778 17
3780 11
3786 19
3788 13
3794 4
3801 2
3811 5
3817 15
3819 1
3828 13
3833 18
3834 5
3841 7
3844 3
3850 12
3857 3
3863 15
3865 16
3867 18
3868 19
3870 10
3871 11
3877 2
3888 12
3894 8
3898 1
3907 6
3914 7
3916 21
3920 18
3921 14
3928 13
3933 7
3936 8
3939 18
3940 16
3942 18
3943 20
3945 8
3948 7
3951 11
3957 8
3960 18
3961 7
3963 7
3965 7
3968 18
3969 6
3976 8
3979 15
3981 16
3983 7
3985 16
3987 12
3994 2
4004 17
4006 16
4008 7
4011 14
4018 17
4020 11
4026 20
4028 16
4030 13
4036 19
4038 12
4046 4
4053 13
4058 9
4059 13
4065 11
4071 8
4074 14
4081 16
4083 1
4093 11
4099 13
4105 12
4113 17
4115 6
4123 11
4130 17
4132 11
4139 21
4143 19
4145 17
4147 12
4154 18
4155 16
4157 3
4164 7
4167 16
4169 16
4171 18
4172 14
4179 10
4181 11
4188 6
4195 15
4197 2
4206 1
4215 21
4219 4
4225 3
4231 3
4238 17
4240 4
4248 11
4254 3
4261 11
4268 18
4269 1
4279 17
4281 14
4286 20
4288 9
4289 10
4290 16
4292 18
4293 5
4299 16
4301 17
4303 18
4304 4
4312 9
4313 18
4314 16
4316 18
4317 12
4324 4
4331 16
4333 12
4340 8
4344 14
4351 11
4358 18
4359 7
4362 18
4363 14
4369 20
4371 13
4376 18
4377 4
4384 21
4388 10
4390 7
4392 7
4394 6
4400 12
4407 3
4413 12
4420 9
4421 18
4422 12
4430 5
4436 6
4442 5
4448 7
4450 21
4454 20
4456 18
4457 8
4459 4
4466 20
4468 6
4474 11
4480 16
4482 11
4488 20
4490 11
4497 12
4505 2
4514 14
4520 2
4530 11
4536 6
4542 3
4549 21
4553 7
4556 11
4562 12
4569 8
4572 11
4578 9
4580 19
4582 18
4583 4
4591 15
4593 12
4599 13
4605 12
4612 2
4622 10
4625 3
4632 15
4634 4
4642 19
4644 4
4651 17
4653 2
4664 12
4672 18
4673 7
4676 15
4678 3
4685 12
4691 10
4692 19
4694 3
4700 15
4702 3
4708 13
4714 4
4721 16
4723 13
4729 6
4737 12
4743 11
4750 14
4756 1
4766 18
4767 10
4770 7
4772 14
4778 8
4782 9
4783 16
4785 9
4787 12
4793 10
4795 12
4803 11
4809 14
4815 5
4821 11
4828 2
4838 21
4842 18
4843 11
4849 21
4853 17
4855 16
4857 17
4859 19
4861 1
4871 1
4880 12
4886 18
4887 2
4896 11
4903 19
4905 1
4915 2
4926 13
4931 10
4933 8
4936 19
4938 10
4940 12
4948 11
4955 19
4957 6
4964 8
4966 11
4972 15
4974 13
4980 1
4989 5
4995 6
5003 10
5005 17
5007 10
5008 1
5017 16
5019 8
5022 3
5028 21
5032 14
5038 12
5046 6
5052 12
5058 8
5060 17
5062 18
5063 19
5065 10
5068 18
5069 18
5070 11
5076 13
5081 18
5082 19
5084 6
5090 3
5097 15
5099 5
5106 21
5110 19
5112 5
5119 12
5125 21
5129 11
5135 7
5137 4
5143 6
5149 11
5156 20
5158 11
5165 5
5171 10
5172 1
5182 4
5190 10
5193 10
5195 4
5202 10
5203 13
5209 12
5217 8
5221 16
5223 18
5224 17
5226 3
5232 18
5233 21
5237 13
5242 14
5248 1
5257 17
5259 16
5261 16
5263 11
5270 9
5272 6
5278 4
5284 2
5295 17
5297 14
5303 20
5305 12
5311 6
5318 16
5320 12
5326 14
5332 4
5338 14
5344 11
5351 21
5355 13
5360 7
5363 18
5364 11
5370 17
5372 15
5374 10
5377 12
5385 11
5391 4
5397 4
5404 18
5405 14
5411 1
5421 21
5425 20
5427 11
5434 21
5438 21
5442 9
5443 16
5445 14
5450 19
5452 12
5459 9
5460 12
5467 11
5473 13
5478 15
5480 2
5491 19
5493 1
5502 4
5510 14
5515 11
5521 15
5523 12
5530 12
5538 5
5545 9
5547 4
5554 11
5561 8
5563 18
5564 20
5566 6
5573 6
5580 10
5583 11
5590 11
5597 2
5607 6
5614 11
5621 2
5632 16
5634 16
5636 8
5638 9
5640 2
5649 18
5650 17
5652 4
5660 11
5666 19
5668 18
5669 11
5675 11
5681 13
5687 15
5689 11
5695 17
5697 19
5699 17
5701 11
5708 15
5710 12
5718 18
5719 3
5725 5
5732 1
5741 5
5748 12
5755 11
5762 17
5764 16
5766 18
5767 5
5773 15
5775 8
5777 11
5783 5
5790 18
5791 1
5800 21
5804 15
5806 10
5808 13
5813 12
5821 12
5827 12
5834 2
5844 17
5846 6
5852 9
5853 14
5858 1
5867 5
5874 3
5881 18
5882 3
5889 2
5899 9
5901 14
5908 12
5916 7
5918 13
5924 5
5931 18
5932 18
5933 12
5940 18
5941 15
5943 12
5951 8
5954 1
5964 6
5971 3
5978 12
5984 2
5995 6
6001 4
6007 14
6014 19
6016 12
6022 19
6024 2
6033 18
6034 16
6036 8
6039 7
6041 21
6045 15
6047 5
6053 18
6054 13
6059 12
6065 17
6067 16
6069 1
6078 2
6088 8
6090 10
6092 5
6098 12
6105 12
6113 7
6116 14
6122 5
6129 18
6130 5
6137 21
6141 21
6145 21
6149 15
6151 19
6153 9
6155 11
6161 6
6168 11
6174 18
6175 12
6183 8
6186 3
6192 3
6198 2
6208 11
6215 14
6221 11
6227 13
6233 12
6240 1
6249 16
6251 3
6257 4
6263 13
6268 9
6269 13
6275 6
6281 16
6283 19
6285 13
6291 5
6298 12
6304 13
6310 9
6312 13
6318 11
6325 11
6332 18
6333 5
6339 19
6341 6
6347 12
6354 12
6360 8
6362 9
6363 13
6368 18
6369 12
6375 12
6382 12
6390 18
6391 1
6401 19
6403 4
6409 13
6414 19
6416 19
6418 13
6423 16
6425 1
6434 11
6441 13
6447 11
6454 15
6456 12
6463 11
6470 13
6475 20
6477 11
6483 15
6485 10
6487 18
6488 20
6490 19
6492 15
6494 12
6500 18
6501 11
6507 2
6517 11
6523 8
6527 12
6534 19
6536 6
6542 10
6545 19
6547 12
6553 12
6561 10
6562 11
6568 11
6575 12
6581 6
6587 12
6594 12
6601 16
6603 20
6605 11
6612 21
6616 11
6623 18
6624 13
6629 10
6630 18
6631 11
6638 3
6645 16
6647 6
6655 18
6656 12
6664 17
6666 20
6668 11
6674 6
6681 2
6690 16
6692 13
6697 11
6703 4
6710 18
6711 15
6713 11
6720 18
6721 18
6722 17
6724 2
6734 4
6740 11
6746 10
6748 16
6750 12
6757 7
6760 6
6766 8
6768 10
6771 11
6778 7
6780 19
6782 18
6783 15
6785 15
6787 5
6793 21
6797 3
6803 16
6805 7
6808 5
6814 3
6820 19
6822 8
6824 12
6830 11
6836 17
6838 16
6840 9
6841 11
6847 9
6848 21
6852 1
6861 7
6864 14
6871 19
6873 1
6883 5
6889 14
6895 3
6901 16
6903 4
6911 10
6912 11
6918 10
6920 18
6921 8
6924 6
6931 14
6936 18
6937 5
6943 18
6944 17
6946 17
6948 15
6950 8
6953 21
6957 2
6967 14
6973 11
6979 6
6987 11
6993 18
6994 1
7003 4
7010 20
7012 19
7014 8
7016 19
7018 18
7019 3
7025 15
7027 11
7033 12
7039 4
7046 16
7048 19
7050 21
7054 18
7055 19
7057 3
7064 7
7066 10
7068 16
7070 19
7072 9
7074 12
7080 5
7086 11
7093 21
7097 3
7103 6
7111 12
7118 16
7120 1
7130 12
7137 20
7139 10
7140 19
7142 15
7144 11
7150 5
7156 18
7157 14
7163 11
7170 18
7171 19
7173 12
7180 1
7189 8
7192 3
7199 4
7206 9
7208 18
7209 11
7215 19
7217 19
7219 7
7222 11
7228 12
7235 14
7241 9
7243 3
7250 10
7253 14
7259 14
7265 10
7266 1
7275 19
7277 1
7287 2
7298 16
7300 13
7306 7
7309 6
7316 1
7325 18
7326 5
7333 1
7342 8
7345 14
7350 8
7354 9
7355 21
7359 12
7366 9
7367 16
7369 9
7370 11
7376 7
7379 17
7381 8
7383 11
7390 12
7396 9
7398 10
7401 1
7410 16
7412 18
7413 7
7415 13
7421 13
7426 14
7433 20
7435 2
7445 1
7455 7
7457 4
7464 15
7466 11
7473 18
7474 18
7475 8
7479 10
7481 1
7491 8
7494 11
7500 21
7504 18
7505 18
7506 11
7512 16
7514 18
7515 12
7522 4
7529 5
7535 9
7536 11
7542 19
7544 3
7551 18
7552 18
7553 16
7555 16
7557 18
7558 12
7564 11
7570 7
7573 3
7580 5
7586 18
7587 11
7593 11
7600 11
7606 7
7608 13
7613 11
7619 12
7626 4
7634 21
7638 14
7644 11
7650 11
7657 9
7659 5
7666 19
7668 6
7674 19
7676 12
7682 16
7684 3
7691 16
7693 5
7700 12
7708 11
7714 13
7719 21
7723 12
7731 17
7733 5
7740 5
7746 15
7748 13
7754 14
7760 20
7762 14
7768 12
7775 2
7785 11
7792 15
7794 1
7803 11
7810 14
7816 12
7824 21
7828 12
7834 11
7841 21
7845 18
7846 8
7850 1
7859 1
7868 7
7870 4
7877 12
7883 13
7888 4
7895 20
7897 11
7903 8
7906 11
7913 3
7920 14
7926 17
7928 18
7929 3
7936 18
7937 3
7943 9
7945 8
7948 12
7955 17
7957 18
7958 13
7963 14
7968 11
7974 14
7980 10
7982 13
7987 21
7991 14
7996 4
8002 20
8004 21
8008 6
8014 12
8022 8
8024 9
8025 18
8026 11
8032 14
8038 12
8046 5
8052 4
8059 11
8065 14
8071 12
8079 21
8083 8
8086 11
8092 19
8094 14
8100 21
8104 5
8111 18
8112 6
8119 8
8122 1
8132 12
8140 15
8142 5
8149 3
8156 11
8162 5
8169 15
8171 13
8177 7
8179 3
8185 9
8187 16
8189 12
8197 21
8201 18
8202 12
8210 1
8219 19
8221 16
8223 9
8225 13
8230 20
8232 3
8238 6
8244 12
8251 11
8257 8
8260 6
8268 3
8275 11
8282 7
8284 18
8285 1
8295 12
8303 1
8312 21
8316 12
8323 11
8329 11
8336 1
8346 17
8348 8
8350 11
8356 20
8358 16
8360 15
8362 17
8364 10
8366 12
8373 13
8378 15
8380 1
8389 14
8395 1
8405 16
8407 8
8411 10
8412 15
8414 8
8417 2
8426 17
8428 15
8430 5
8436 15
8438 11
8445 3
8452 12
8458 11
8465 11
8472 18
8473 10
8474 3
8480 2
8490 18
8491 3
8497 11
8504 12
8512 2
8522 16
8524 7
8526 14
8531 4
8538 11
8545 9
8546 19
8548 11
8554 20
8556 17
8558 11
8565 13
8570 12
8576 11
8583 17
8585 16
8587 12
8594 11
8600 9
8602 12
8609 20
8611 16
8613 12
8619 21
8623 15
8625 11
8631 4
8638 19
8640 11
8646 4
8653 21
8657 8
8659 10
8661 8
8664 13
8669 5
8675 4
8682 3
8688 11
8694 1
8704 20
8706 4
8713 21
8717 18
8718 6
8726 13
8732 1
8741 20
8743 6
8750 10
8752 11
8758 12
8765 12
8773 1
8782 12
8788 5
8794 18
8795 7
8798 15
8800 18
8801 7
8803 14
8809 11
8815 11
8822 6
8829 11
8835 9
8836 15
8838 16
8840 18
8841 4
8848 16
8850 12
8857 20
8859 5
8866 15
8868 6
8875 18
8876 5
8883 20
8885 9
8886 2
8895 12
8902 11
8909 21
8913 1
8922 13
8928 2
8939 7
8941 11
8947 18
8948 15
8950 12
8957 3
8963 1
8973 17
8975 15
8977 6
8984 3
8990 18
8991 19
8993 8
8996 7
8999 13
9005 13
9011 11
9017 12
9024 2
9034 21
9038 16
9040 11
9046 3
9053 11
9059 9
9061 19
9063 2
9074 14
9081 8
9084 5
9091 12
9099 18
9100 6
9106 7
9108 12
9114 18
9115 6
9122 12
9130 10
9133 4
9139 1
9149 12
9156 18
9157 17
9159 9
9161 5
9168 11
9174 12
9182 3
9188 21
9192 6
9198 11
9205 7
9208 12
9215 6
9221 1
9231 21
9235 16
9237 7
9239 18
9240 10
9242 13
9247 20
9249 11
9255 12
9262 6
9270 4
9278 20
9280 12
9286 8
9289 12
9297 14
9304 9
9306 21
9310 11
9316 14
9323 12
9329 8
9331 12
9337 10
9340 3
9346 9
9348 10
9351 15
9353 20
9355 8
9358 14
9363 13
9369 13
9375 14
9381 11
9388 3
9394 16
9396 13
9401 8
9404 18
9405 12
9413 20
9415 18
9416 12
9423 11
9430 15
9432 4
9440 5
9446 21
9450 11
9457 4
9464 2
9474 12
9481 16
9483 11
9490 6
9497 18
9498 9
9500 16
9502 16
9504 11
9511 21
9515 19
9517 10
9519 13
9525 15
9527 4
9533 4
9541 7
9544 19
9546 12
9552 21
9556 16
9558 2
9569 9
9570 5
9577 1
9587 18
9588 10
9590 18
9591 18
9592 11
9599 11
9605 11
9612 12
9618 3
9625 4
9633 12
9639 2
9648 11
9654 11
9661 13
9667 20
9669 17
9671 8
9674 3
9681 18
9682 7
9684 3
9691 8
9694 14
9700 13
9706 7
9708 5
9714 3
9720 5
9726 7
9728 12
9735 7
9738 19
9740 4
9747 19
9749 11
9756 11
9762 3
9769 6
9775 11
9782 4
9789 19
9791 2
9801 4
9808 18
9809 21
9813 11
9819 3
9826 8
9828 18
9829 8
9833 12
9840 18
9841 3
9847 1
9856 6
9862 21
9866 5
9872 17
9874 18
9875 2
9884 11
9891 11
9898 19
9900 7
9902 18
9903 10
9904 1
9913 18
9914 12
9920 11
9926 17
9928 3
9934 4
9941 11
9947 16
9949 18
9950 10
9953 11
9959 21
9963 18
9964 11
9971 7
9974 12
9981 10
9982 21
9986 12
9993 16
9995 14
10002 18
10003 4
10010 11
10016 14
10021 5
10027 14
10033 6
10040 12
10048 12
10055 2
10065 12
10073 13
10079 1
10088 11
10095 5
10101 20
10103 4
10111 11
10117 1
10126 8
10129 4
10136 5
10143 4
10151 16
10153 12
10160 21
10164 19
10166 3
10173 5
10180 8
10183 21
10187 11
10194 12
10201 16
10203 10
10205 12
10212 17
10214 7
10216 9
10217 20
10219 11
10226 13
10232 6
10238 17
10240 17
10242 12
10248 15
10250 18
10251 18
10252 11
10258 4
10264 12
10271 9
10273 18
10274 6
10282 9
10283 6
10290 9
10291 18
10292 3
10299 7
10301 7
10304 12
10311 13
10317 14
10323 12
10331 15
10333 19
10335 1
10345 13
10350 18
10351 4
10357 13
10362 3
10368 11
10374 18
10375 20
10377 12
10384 19
10386 18
10387 12
10393 15
10395 12
10403 17
10405 2
10415 15
10417 13
10422 11
10429 5
10435 2
10445 6
10453 12
10461 13
10467 19
10469 1
10478 11
10485 11
10492 15
10494 11
10501 19
10503 10
10506 11
10512 12
10519 4
10526 6
10532 5
10538 13
10543 1
10552 21
10556 17
10558 16
10560 2
10570 14
10577 7
10579 4
10586 3
10592 15
10594 6
10602 1
10612 16
10614 11
10621 7
10623 12
10630 4
10636 8
10639 12
10646 20
10648 21
10652 19
10654 9
10656 20
10658 13
10663 10
10666 17
10668 11
10675 21
10679 20
10681 12
10688 5
10694 13
10699 21
10703 10
10706 14
10713 12
10720 7
10722 8
10726 2
10736 10
10738 13
10743 1
10753 18
10754 8
10757 12
10765 11
10771 12
10779 12
10786 18
10787 6
10794 15
10796 3
10803 17
10805 14
10811 13
10816 16
10818 11
10825 12
10832 15
10834 21
10838 18
10839 18
10840 8
10842 12
10850 6
10858 11
10865 11
10872 11
10878 17
10880 17
10882 17
10884 11
10890 4
10897 20
10899 21
10903 15
10905 8
10908 16
10910 6
10916 14
10922 18
10923 20
10925 20
10927 19
10929 20
10931 4
10938 14
10944 14
10950 3
10957 6
10964 16
10966 8
10969 18
10970 7
10972 11
10978 20
10980 11
10986 11
10993 4
11000 2
11011 11
11017 18
11018 11
11024 11
11031 16
11033 20
11035 11
11041 17
11043 11
11049 7
11052 17
11054 9
11056 14
11061 9
11062 21
11066 2
11077 9
11078 16
11080 14
11086 10
11087 12
11094 11
11100 19
11102 10
11103 18
11104 4
11112 21
11116 16
11118 2
11128 19
11130 19
11132 4
11139 1
11149 12
11156 9
11158 18
11159 3
11165 16
11167 13
11172 3
11178 5
11185 19
11187 4
11195 11
11201 15
11203 21
11207 12
11213 12
11220 11
11226 17
11228 2
11237 11
11243 12
11251 11
11258 5
11264 6
11272 9
11274 18
11275 2
11284 11
11291 11
11297 11
11303 13
11309 2
11319 6
11326 18
11327 1
11337 1
11346 4
11354 6
11360 11
11367 11
11374 13
11379 19
11381 16
11383 7
11386 3
11392 1
11402 9
11403 6
11411 17
11413 12
11420 8
11424 21
11428 10
11430 11
11437 19
11439 12
11447 19
11449 11
11455 19
11457 11
11463 16
11465 6
11473 11
11479 4
11486 2
11497 20
11499 7
11501 10
11503 11
11510 11
11517 5
11523 10
11526 9
11528 20
11530 12
11537 8
11540 4
11547 17
11549 19
11551 12
11558 10
11559 13
11565 10
11568 16
11570 13
11575 6
11581 13
11586 4
11593 14
11599 18
11600 8
11604 1
11613 18
11614 18
11615 18
11616 11
11623 12
11630 14
11635 14
11642 11
11648 11
11655 12
11663 11
11669 4
11677 3
11684 13
11689 18
11690 6
11698 20
11700 13
11706 2
11715 1
11724 12
11731 9
11732 11
11738 15
11740 11
11746 6
11753 5
11760 19
11762 11
11769 4
11776 20
11778 5
11785 12
11791 3
11798 14
11805 11
11812 5
11819 13
11825 21
11829 18
11830 21
11834 11
11841 18
11842 5
11849 21
11853 11
11859 3
11866 4
11874 11
11881 18
11882 10
11883 12
11890 2
11899 11
11906 19
11908 4
11914 12
11921 12
11927 1
11936 19
11938 11
11944 3
11951 3
11957 16
11959 6
11966 11
11972 12
11979 15
11981 8
11983 18
11984 11
11990 12
11996 15
11998 16
12000 8
12002 7
12004 7
12007 12
12015 18
12016 16
12018 14
12024 19
12026 11
12032 11
12039 12
12047 8
12049 2
12059 12
12066 21
12070 11
12076 8
12080 20
12082 7
12085 1
12095 10
12097 20
12099 18
12100 10
12102 10
12103 11
12110 15
12112 7
12115 17
12117 10
12119 12
12127 8
12130 11
12136 12
12144 19
12146 6
12153 19
12155 1
12165 6
12172 17
12174 1
12184 18
12185 18
12186 12
12193 16
12195 7
12198 15
12200 3
12207 7
12209 6
12215 12
12221 21
12225 20
12227 18
12228 12
12234 10
12235 3
12241 17
12243 11
12249 13
12254 18
12255 8
12257 15
12259 9
12260 18
12261 19
12263 12
12270 10
12272 5
12279 9
12280 6
12288 15
12290 4
12296 19
12298 6
12306 21
12310 12
12316 18
12317 13
12323 5
12329 9
12331 18
12332 16
12334 21
12338 7
12340 10
12341 12
12347 19
12349 14
12355 12
12362 17
12364 6
12371 21
12375 12
12382 12
12388 4
12394 12
12400 17
12402 11
12409 11
12416 19
12418 18
12419 15
12421 1
12431 7
12434 11
12440 3
12446 13
12451 14
12457 10
12459 3
12465 12
12471 12
12477 16
12479 18
12480 9
12482 12
12488 8
12491 12
12498 20
12500 14
12505 16
12507 10
12510 11
12516 11
12523 2
12533 8
12537 9
12539 14
12545 9
12547 8
12550 1
12560 9
12562 9
12563 19
12565 6
12571 20
12573 4
12581 20
12583 11
12589 8
12591 9
12593 16
12595 15
12597 8
12601 12
12609 20
12611 5
12617 16
12619 12
12626 2
12637 13
12643 21
12647 1
12657 14
12662 11
12669 3
12676 14
12683 16
12685 21
12689 2
12699 12
12706 5
12712 16
12714 13
12720 19
12722 11
12729 16
12731 7
12733 17
12735 1
12745 12
12751 6
12758 18
12759 5
12765 20
12767 17
12769 10
12771 15
12773 13
12779 21
12783 7
12786 1
12795 12
12803 20
12805 14
12810 9
12812 18
12813 19
12815 12
12822 9
12823 11
12829 20
12831 10
12832 19
12834 19
12836 14
12841 7
12843 18
12844 5
12850 11
12856 17
12858 14
12864 11
12871 6
12878 6
12886 3
12892 12
12899 16
12901 16
12903 12
12909 11
12916 11
12922 14
12929 11
12935 19
12937 6
12943 12
12949 13
12955 2
12966 6
12974 13
12980 18
12981 2
12990 5
12997 12
13004 13
13009 6
13016 11
13023 5
13030 4
13036 12
13043 19
13045 20
13047 1
13057 18
13058 6
13066 13
13071 3
13078 7
13080 2
13090 20
13092 4
13098 9
13100 4
13107 19
13109 3
13116 18
13117 11
13123 7
13126 17
13128 12
13134 10
13137 11
13143 11
13150 15
13152 19
13154 3
13160 5
13167 18
13168 11
13174 10
13176 16
13178 19
13180 18
13181 12
13188 2
13198 11
13205 8
13208 16
13210 12
13216 19
13218 11
13225 3
13231 15
13233 10
13234 3
13241 18
13242 11
13248 5
13254 15
13256 1
13265 6
13271 9
13273 3
13279 13
13284 16
13286 16
13288 1
13298 12
13305 6
13311 11
13318 10
13320 2
13331 11
13338 13
13344 13
13350 19
13352 21
13356 11
13363 5
13369 19
13371 11
13377 10
13380 15
13382 7
13385 18
13386 15
13388 18
13389 10
13391 1
13400 18
13401 1
13410 4
13418 10
13420 3
13427 12
13434 10
13437 16
13439 10
13442 10
13444 13
13450 7
13453 11
13460 14
13467 12
13473 11
13479 19
13481 2
13491 18
13492 14
13498 2
13508 6
13516 11
13523 12
13531 1
13540 12
13547 2
13558 16
13560 10
13562 20
13564 3
13570 4
13577 2
13588 9
13590 21
13594 9
13596 20
13598 12
13604 21
13608 20
13610 15
13612 4
13619 14
13624 15
13626 12
13633 15
13635 3
13642 18
13643 12
13651 11
13657 11
13664 17
13666 7
13668 3
13674 17
13676 13
13681 19
13683 3
13690 2
13700 8
13702 12
13709 6
13716 7
13718 12
13726 11
13733 5
13739 15
13741 11
13747 10
13750 19
13752 7
13755 13
13761 12
13768 18
13769 16
13771 11
13778 15
13780 14
13786 5
13793 11
13800 12
13806 9
13807 17
13809 8
13812 7
13814 2
13824 11
13830 12
13836 21
13840 4
13846 1
13855 9
13857 13
13862 4
13870 11
13876 21
13880 4
13887 12
13893 11
13900 7
13903 2
13913 18
13914 4
13920 4
13927 16
13929 11
13935 16
13937 19
13939 4
13947 12
13955 3
13961 8
13963 1
13972 18
13973 3
13979 3
13985 16
13987 11
13994 18
13995 12
14002 14
14008 7
14010 8
14012 21
14016 15
14018 17
14020 12
14027 5
14033 4
14039 11
14045 20
14047 15
14049 4
14057 20
14059 20
14061 15
14063 5
14070 12
14078 7
14081 4
14088 4
14096 8
14100 6
14106 18
14107 9
14109 15
14111 18
14112 2
14121 21
14125 2
14135 16
14137 21
14141 7
14143 20
14145 7
14147 9
14148 18
14149 12
14156 15
14158 16
14160 9
14161 11
14168 4
14175 16
14177 13
14183 7
14186 10
14188 16
14190 11
14196 1
14206 6
14214 7
14217 2
14228 14
14234 16
14236 11
14242 7
14245 12
14251 13
14257 12
14264 14
14271 10
14273 7
14276 15
14278 19
14280 18
14281 10
14283 2
14293 11
14300 12
14307 16
14309 4
14316 11
14323 12
14330 11
14336 15
14338 21
14342 11
14349 6
14356 11
14363 2
14372 16
14374 2
14384 11
14391 18
14392 18
14393 8
14395 11
14401 11
14407 9
14409 12
14417 12
14424 11
14431 5
14437 13
14443 1
14453 4
14459 3
14466 18
14467 6
14474 11
14481 21
14485 12
14493 18
14494 2
14505 19
14507 20
14509 19
14511 14
14518 1
14527 4
14534 12
14541 11
14548 19
14550 20
14552 16
14554 19
14556 17
14558 9
14559 18
14560 12
14566 10
14568 13
14573 1
14583 11
14590 5
14597 6
14605 18
14606 9
14608 20
14610 11
14616 8
14620 4
14628 19
14630 3
14636 19
14638 11
14645 18
14646 7
14649 9
14650 19
14652 13
14658 10
14660 18
14661 4
14667 16
14669 2
14679 19
14681 2
14692 2
14702 6
14709 20
14711 3
14718 11
14724 5
14730 15
14732 13
14738 13
14743 20
14745 16
14747 11
14754 18
14755 2
14766 16
14768 8
14772 12
14780 13
14786 11
14792 2
14803 2
14812 15
14814 15
14816 9
14818 9
14819 5
14825 5
14832 3
14838 5
14844 15
14846 4
14854 20
14856 7
14859 14
14866 1
14875 18
14876 4
14884 6
14892 19
14894 16
14896 19
14898 19
14900 10
14903 11
14909 5
14916 12
14923 12
14931 1
14940 6
14946 2
14956 11
14962 20
14964 7
14967 4
14974 1
14984 11
14991 18
14992 7
14995 17
14997 10
14998 10
15000 21
15004 11
15011 17
15013 17
15015 15
15017 9
15018 3
15024 12
15030 8
15033 18
15034 16
15036 1
15046 10
15049 14
15054 8
15058 1
15068 4
15075 10
15078 9
15079 11
15085 19
15087 14
15093 19
15095 19
15097 12
15104 10
15107 12
15115 15
15117 14
15124 16
15126 4
15133 11
15139 11
15146 14
15151 7
15154 12
15162 11
15168 18
15169 9
15170 20
15172 12
15179 18
15180 1
15189 18
15190 3
15196 21
15200 2
15209 10
15211 20
15213 20
15215 10
15216 20
15218 12
15226 8
15230 18
15231 16
15233 12
15241 21
15245 18
15246 12
15254 11
15260 3
15267 3
15273 17
15275 1
15285 15
15287 11
15293 4
15301 11
15308 13
15314 12
15322 21
15326 20
15328 19
15330 21
15334 13
15340 4
15347 14
15352 13
15357 8
15361 8
15364 10
15366 12
15372 6
15379 8
15383 16
15385 3
15392 6
15400 11
15406 1
15416 3
15423 12
15430 4
15437 11
15444 14
15450 15
15452 9
15453 12
15460 12
15468 11
15475 5
15482 16
15484 12
15491 14
15497 7
15499 8
15503 18
15504 5
15511 9
15512 12
15518 3
15525 8
15527 1
15537 20
15539 7
15542 4
15548 5
15555 20
15557 12
15564 19
15566 11
15573 14
15579 3
15586 19
15588 14
15594 18
15595 5
15602 7
15604 7
15606 16
15608 9
15609 5
15615 9
15617 7
15620 8
15623 20
15625 3
15631 3
15637 17
15639 11
15646 11
15652 18
15653 20
15655 19
15657 21
15661 20
15663 5
15669 1
15679 3
15686 10
15688 17
15690 12
15696 16
15698 5
15704 20
15706 11
15712 6
15720 21
15724 11
15731 12
15739 18
15740 8
15742 17
15744 16
15746 11
15752 10
15753 10
15756 5
15763 2
15773 12
15780 16
15782 15
15784 19
15786 7
15789 7
15791 2
15801 4
15808 17
15810 11
15817 4
15825 7
15827 17
15829 10
15830 13
15835 15
15837 5
15843 8
15846 12
15852 4
15860 11
15867 12
15875 12
15882 17
15884 7
15887 4
15894 15
15896 11
15903 11
15910 20
15912 5
15919 12
15926 13
15931 1
15941 12
15948 18
15949 15
15951 17
15953 14
15959 20
15961 11
15968 5
15975 14
15981 5
15988 11
15994 3
16000 11
16007 13
16012 11
16019 3
16026 9
16028 11
16035 11
16042 14
16047 12
16054 20
16056 18
16057 13
16062 11
16069 19
16071 3
16078 18
16079 4
16086 12
16092 7
16094 18
16095 7
16097 20
16099 18
16100 8
16104 8
16106 2
16116 11
16123 21
16127 15
16129 11
16135 15
16137 20
16139 11
16145 12
16151 11
16157 15
16159 2
16169 12
16176 2
16186 1
16196 13
16202 13
16207 20
16209 11
16216 17
16218 3
16225 21
16229 7
16231 10
16233 11
16240 11
16247 20
16249 13
16255 17
16257 16
16259 14
16266 12
16273 21
16277 11
16284 20
16286 18
16287 12
16293 5
16299 4
16307 7
16309 21
16313 13
16319 14
16325 15
16327 7
16330 17
16332 21
16336 7
16339 15
16341 11
16348 18
16349 4
16357 17
16359 5
16365 11
16372 4
16378 18
16379 19
16381 18
16382 11
16388 18
16389 3
16395 21
16399 12
16406 18
16407 17
16409 16
16411 6
16418 12
16425 10
16428 9
16430 18
16431 18
16432 18
16433 5
16439 2
16450 2
16459 4
16466 15
16468 17
16470 4
16476 12
16483 5
16490 11
16496 1
16505 14
16511 10
16513 17
16515 5
16522 3
16528 18
16529 19
16531 14
16537 4
16543 2
16552 11
16559 8
16562 11
16568 12
16574 5
16581 15
16583 13
16589 11
16596 16
16598 11
16604 12
16611 16
16613 12
16620 6
16627 16
16629 1
16639 12
16645 12
16652 18
16653 6
16661 20
16663 12
16670 2
16680 14
16686 12
16693 15
16695 21
16699 16
16701 17
16703 11
16710 6
16718 10
16719 18
16720 7
16723 19
16725 18
16726 15
16728 20
16730 6
16737 17
16739 10
16741 8
16744 16
16746 14
16752 5
16758 6
16764 8
16766 16
16768 15
16770 4
16778 10
16781 9
16782 5
16789 21
16793 15
16795 9
16797 13
16803 8
16806 4
16813 7
16815 13
16821 3
16827 5
16834 12
16842 8
16845 8
16848 13
16854 6
16860 4
16866 6
16874 17
16876 8
16879 10
16880 5
16887 11
16894 14
16901 19
16903 13
16908 20
16910 13
16916 8
16920 9
16921 3
16928 13
16934 11
16941 8
16944 21
16948 18
16949 9
16951 12
16958 7
16960 13
16965 2
16976 18
16977 7
16979 13
16985 18
16986 21
16990 11
16997 18
16998 15
17000 9
17001 8
17003 4
17010 11
17016 1
17025 5
17032 1
17041 11
17047 18
17048 7
17051 16
17053 5
17060 17
17062 11
17069 4
17075 18
17076 7
17079 21
17083 2
17093 11
17099 6
17106 3
17113 6
17119 9
17120 11
17126 19
17128 1
17138 6
17144 16
17146 11
17153 18
17154 21
17158 21
17162 4
17170 4
17177 12
17185 12
17193 13
17198 1
17207 19
17209 1
17219 5
17226 18
17227 16
17229 13
17235 1
17244 9
17245 3
17251 17
17253 20
17255 18
17256 15
17258 13
17264 13
17270 3
17276 8
17280 15
17282 15
17284 3
17291 11
17298 14
17304 11
17311 4
17319 16
17321 7
17323 11
17330 13
17336 20
17338 15
17340 10
17342 5
17348 4
17355 15
17357 12
17364 19
17366 7
17369 9
17371 11
17377 20
17379 3
17386 20
17388 7
17391 12
17398 17
17400 19
17402 15
17404 12
17410 8
17413 12
17419 5
17425 18
17426 18
17427 20
17429 5
17435 12
17442 3
17449 15
17451 21
17455 18
17456 9
17457 8
17461 16
17463 7
17466 9
17467 4
17474 2
17484 18
17485 16
17487 19
17489 2
17499 11
17505 7
17508 13
17513 12
17520 21
17524 3
17530 10
17532 5
17539 15
17541 7
17544 3
17550 20
17552 10
17554 19
17556 18
17557 16
17559 15
17561 4
17568 3
17575 13
17581 11
17587 9
17589 21
17593 14
17599 14
17604 11
17611 16
17613 14
17619 21
17623 8
17625 2
17635 18
17636 8
17639 20
17641 12
17649 19
17651 11
17658 8
17662 11
17668 16
17670 8
17673 9
17675 9
17676 19
17678 10
17680 7
17683 6
17690 18
17691 11
17698 9
17699 11
17706 19
17708 21
17712 4
17719 17
17721 11
17728 13
17733 3
17740 6
17748 19
17750 11
17756 10
17757 10
17758 13
17764 14
17770 12
17777 11
17784 14
17790 11
17796 11
17802 20
17804 19
17806 11
17813 16
17815 6
17821 1
17831 12
17837 11
17843 3
17849 14
17856 11
17863 16
17865 2
17875 12
17883 5
17889 8
17893 12
17900 15
17902 12
17909 19
17911 8
17914 11
17920 17
17922 20
17924 19
17926 12
17932 20
17934 11
17940 14
17946 14
17951 7
17954 18
17955 11
17961 11
17968 6
17975 21
17979 5
17986 12
17993 5
17999 11
18006 12
18013 2
18024 11
18031 19
18033 10
18036 16
18038 11
18045 6
18051 11
18058 14
18063 2
18074 11
18080 15
18082 4
18089 16
18091 5
18097 18
18098 9
18100 9
18101 2
18112 11
18118 8
18121 10
18122 12
18129 18
18130 6
18138 6
18144 12
18151 13
18156 21
18160 15
18162 12
18170 12
18177 4
18185 17
18187 15
18189 17
18191 11
18198 9
18200 6
18206 8
18209 13
18214 21
18218 5
18224 11
18230 21
18234 11
18241 18
18242 7
18245 7
18247 15
18249 12
18256 18
18257 13
18262 15
18264 8
18267 12
18274 12
18281 17
18283 12
18290 12
18297 3
18304 13
18309 13
18314 11
18320 1
18329 11
18335 10
18337 4
18345 3
18352 6
18359 16
18361 21
18365 15
18367 19
18369 2
18379 8
18382 3
18388 2
18398 12
18405 19
18407 17
18409 14
18416 1
18425 3
18431 6
18437 9
18439 11
18446 7
18448 4
18455 9
18456 11
18462 16
18464 8
18466 1
18476 5
18483 7
18486 19
18488 12
18495 18
18496 7
18498 15
18500 12
18507 20
18509 11
18516 10
18518 6
18525 18
18526 14
18532 9
18533 16
18535 18
18536 1
18545 12
18552 16
18554 6
18561 11
18568 11
18575 12
18583 14
18590 20
18592 16
18594 11
18601 1
18610 16
18612 18
18613 9
18615 12
18623 2
18633 20
18635 11
18641 14
18647 7
18650 7
18652 10
18654 12
18661 15
18663 17
18665 4
18672 2
18682 12
18688 15
18690 8
18693 7
18696 14
18702 17
18704 5
18710 3
18716 21
18720 7
18723 7
18726 16
18728 17
18730 6
18736 8
18738 17
18740 13
18745 14
18750 21
18754 11
18761 21
18765 11
18772 14
18778 16
18780 5
18787 11
18794 17
18796 7
18798 11
18805 12
18812 6
18820 17
18822 9
18824 11
18830 19
18832 10
18834 9
18835 5
18842 2
18852 11
18858 8
18862 11
18869 3
18875 15
18877 15
18879 2
18890 5
18897 3
18904 2
18913 9
18915 2
18925 4
18931 18
18932 8
18934 18
18935 12
18942 21
18946 11
18953 1
18963 17
18965 9
18966 2
18976 2
18987 16
18989 21
18993 20
18995 3
19002 10
19003 18
19004 11
19010 9
19012 19
19014 20
19016 15
19018 12
19025 11
19031 5
19038 15
19040 2
19051 9
19052 1
19061 18
19062 11
19068 5
19075 11
19082 11
19089 21
19093 9
19094 11
19101 8
19104 5
19110 3
19116 11
19123 20
19125 21
19129 2
19139 11
19145 15
19147 4
19154 14
19160 13
19166 20
19168 10
19171 4
19178 12
19185 8
19188 20
19190 18
19191 7
19194 19
19196 1
19205 4
19211 8
19214 12
19222 21
19226 11
19232 11
19238 18
19239 19
19241 3
19247 6
19253 18
19254 4
19261 15
19263 11
19270 6
19277 1
19287 21
19291 2
19301 6
19309 7
19312 13
19317 10
19318 15
19320 7
19323 17
19325 20
19327 9
19329 13
19334 21
19338 11
19344 4
19350 3
19357 11
19363 13
19369 9
19370 12
19376 21
19380 10
19383 11
19390 11
19397 21
19401 15
19403 7
19405 9
19406 4
19413 9
19415 14
19420 16
19422 15
19424 5
19431 14
19438 11
19444 19
19446 15
19448 18
19449 15
19451 20
19453 17
19455 17
19457 3
19464 19
19466 18
19467 3
19474 11
19481 18
19482 11
19488 11
19495 12
19502 13
19507 3
19513 10
19516 9
19518 10
19520 12
19527 12
19534 3
19540 3
19547 10
19549 10
19550 19
19552 20
19554 21
19558 11
19565 18
19566 20
19568 10
19570 16
19572 19
19574 10
19577 11
19584 2
19594 18
19595 6
19602 2
19612 11
19618 18
19619 8
19621 11
19628 11
19635 18
19636 18
19637 1
19646 9
19648 21
19652 11
19658 11
19665 3
19672 15
19674 21
19678 1
19688 10
19689 11
19695 6
19701 9
19702 7
19704 4
19712 17
19714 14
19720 7
19722 18
19723 6
19729 12
19737 15
19739 19
19741 14
19747 12
19755 12
19762 18
19763 4
19771 5
19778 6
19784 16
19786 19
19788 2
19798 14
19803 12
19809 12
19817 4
19823 12
19830 16
19832 10
19835 12
19843 6
19851 8
19854 11
19861 13
19867 19
19869 4
19875 11
19882 12
19890 11
19897 16
19899 18
19900 2
19909 8
19912 7
19915 7
19918 8
19922 4
19928 12
19936 16
19938 19
19940 11
19947 2
19958 3
19964 11
19970 18
19971 7
19973 14
19979 17
19981 11
19988 2
19999 4
20006 15
20008 18
20009 5
20016 11
20022 5
20028 6
20035 18
20036 12
20042 11
20048 11
20055 13
20060 11
20067 18
20068 15
20070 7
20072 19
20074 12
20081 17
20083 12
20090 21
20094 17
20096 10
20097 17
20099 4
20105 19
20107 5
20114 10
20117 5
20123 15
20125 5
20131 10
20133 8
20136 11
20142 12
20149 19
20151 11
20157 15
20159 11
20165 11
20172 14
20179 19
20181 12
20188 20
20190 17
20192 19
20194 14
20199 5
20205 11
20212 18
20213 3
20219 6
20226 13
20231 19
20233 16
20235 12
20242 4
20249 16
20251 4
20258 6
20266 1
20275 4
20282 12
20289 11
20296 21
20300 9
20302 5
20309 20
20311 18
20312 3
20318 21
20322 2
20332 15
20334 12
20340 18
20341 11
20348 11
20355 12
20361 12
20369 8
20372 20
20374 16
20376 4
20382 15
20384 21
20388 7
20391 12
20398 16
20400 3
20407 2
20417 13
20423 1
20433 8
20435 9
20436 11
20443 12
20451 9
20453 11
20460 17
20462 1
20471 16
20473 4
20479 18
20480 9
20481 13
20487 20
20489 6
20497 10
20499 2
20510 18
20511 8
20514 13
20520 18
20521 12
20528 11
20535 15
20537 15
20539 9
20541 1
20551 11
20558 17
20560 21
20564 17
20566 20
20568 5
20575 6
20582 13
20588 12
20595 1
20604 13
20610 11
20616 11
20623 2
20632 12
20639 18
20640 14
20645 13
20651 4
20658 9
20660 11
20666 19
20668 18
20669 9
20670 12
20678 12
20686 2
20696 18
20697 16
20699 14
20705 11
20712 11
20719 12
20727 17
20729 21
20733 16
20735 5
20741 18
20742 7
20745 11
20751 16
20753 20
20755 21
20759 15
20761 19
20763 5
20769 11
20776 3
20783 7
20785 11
20791 10
20792 7
20795 17
20797 18
20798 8
20802 5
20808 1
20817 9
20819 1
20828 12
20835 18
20836 20
20838 21
20842 7
20845 6
20853 21
20857 6
20864 1
20874 18
20875 15
20877 11
20883 12
20889 12
20895 21
20899 12
20906 21
20910 15
20912 12
20918 13
20924 11
20931 13
20936 3
20943 11
20949 12
20956 9
20958 5
20965 16
20967 13
20973 11
20979 17
20981 18
20982 18
20983 16
20985 17
20987 7
20989 8
20991 9
20992 12
20999 12
21006 6
21013 10
21015 11
21021 8
21024 1
21034 10
21035 19
21037 12
21045 18
21046 11
21053 9
21055 3
21061 12
21069 20
21071 17
21073 11
21079 11
21086 4
21092 15
21094 2
21104 11
21111 4
21118 6
21125 9
21127 18
21128 16
21130 13
21136 21
21140 11
21146 12
21153 9
21154 17
21156 11
21163 10
21166 5
21173 7
21176 21
21180 18
21181 2
21192 2
21202 1
21211 18
21212 11
21218 11
21224 5
21230 11
21237 14
21244 11
21251 11
21257 6
21264 18
21265 11
21272 4
21279 2
21288 12
21294 1
21303 11
21310 12
21317 11
21323 13
21329 12
21337 15
21339 7
21341 18
21342 20
21344 5
21350 21
21354 12
21361 14
21367 15
21369 21
21373 18
21374 10
21375 14
21380 1
21389 20
21391 3
21397 18
21398 7
21401 13
21407 6
21414 10
21415 3
21421 13
21426 5
21433 11
21440 19
21442 11
21449 12
21456 20
21458 10
21459 16
21461 20
21463 10
21466 6
21473 14
21479 13
21484 11
21491 12
21499 21
21503 5
21509 2
21518 9
21519 6
21526 12
21532 12
21540 14
21545 12
21552 3
21559 12
21566 18
21567 8
21569 7
21572 2
21581 16
21583 2
21592 19
21594 12
21601 15
21603 4
21610 16
21612 18
21613 20
21615 9
21616 18
21617 5
21623 9
21624 9
21626 3
21632 11
21639 19
21641 11
21648 11
21655 18
21656 12
21662 18
21663 18
21664 6
21670 9
21672 12
21679 3
21685 4
21692 11
21698 7
21700 18
21701 20
21703 19
21705 13
21711 6
21718 9
21719 1
21728 3
21735 3
21741 4
21747 15
21749 13
21754 20
21756 5
21763 14
21769 5
21776 1
21785 11
21791 9
21792 15
21794 5
21800 15
21802 6
21809 20
21811 8
21814 16
21816 6
21824 4
21832 20
21834 11
21841 12
21848 16
21850 5
21857 2
21867 14
21873 8
21875 4
21882 5
21889 1
21899 4
21906 2
21915 17
21917 9
21918 11
21925 3
21931 15
21933 8
21937 5
21944 14
21951 6
21958 14
21964 4
21971 12
21979 8
21982 10
21984 16
21986 19
21988 18
21989 18
21990 11
21996 2
22005 16
22007 17
22009 4
22016 17
22018 19
22020 2
22029 11
22036 21
22040 21
22044 12
22052 10
22055 18
22056 16
22058 10
22059 11
22066 10
22068 11
22075 6
22083 3
22090 18
22091 7
22094 12
22102 1
22112 12
22120 11
22127 19
22129 10
22131 10
22133 7
22136 5
22142 20
22144 8
22147 14
22152 5
22158 21
22162 19
22164 18
22165 19
22167 17
22169 1
22178 11
22184 6
22191 14
22197 20
22199 3
22205 18
22206 12
22214 12
22220 12
22227 9
22228 16
22230 14
22235 15
22237 12
22245 1
22254 1
22263 4
22270 21
22274 10
22276 11
22282 11
22289 12
22296 11
22302 1
22312 2
22321 7
22323 12
22331 19
22333 13
22339 16
22341 11
22348 20
22350 10
22353 5
22359 14
22366 17
22368 7
22371 20
22373 12
22380 8
22383 16
22385 15
22387 2
22396 12
22403 5
22409 15
22411 11
22418 17
22420 18
22421 8
22423 11
22430 5
22437 12
22444 2
22455 17
22457 7
22460 15
22462 18
22463 4
22470 4
22478 13
22484 12
22491 2
22501 9
22502 2
22511 4
22518 18
22519 7
22521 12
22528 21
22532 4
22538 17
22540 5
22547 16
22549 10
22550 19
22552 15
22554 11
22560 1
22570 9
22571 18
22572 9
22573 2
22583 21
22587 17
22589 17
22591 11
22598 16
22600 12
22607 8
22611 11
22617 4
22625 17
22627 18
22628 8
22630 11
22637 12
22644 4
22650 3
22656 2
22666 5
22672 9
22673 1
22683 12
22689 11
22695 10
22696 18
22697 5
22703 18
22704 13
22709 3
22715 11
22721 5
22727 7
22730 11
22737 17
22739 2
22749 18
22750 18
22751 5
22758 16
22760 15
22762 19
22764 16
22766 12
22772 1
22781 14
22786 2
22796 8
22798 8
22802 7
22804 14
22809 5
22815 10
22818 18
22819 18
22820 18
22821 17
22823 12
22830 16
22832 11
22838 5
22844 13
22849 19
22851 16
22853 6
22861 12
22868 19
22870 2
22880 17
22882 3
22889 10
22891 2
22901 11
22908 13
22913 18
22914 21
22918 12
22926 11
22932 1
22942 11
22949 16
22951 6
22958 16
22960 2
22969 13
22975 8
22979 17
22981 11
22988 18
22989 18
22990 20
22992 9
22993 9
22995 20
22997 18
22998 6
23004 20
23006 14
23011 2
23022 6
23029 5
23035 12
23043 19
23045 15
23047 8
23049 3
23055 12
23062 5
23068 18
23069 12
23076 17
23078 6
23084 17
23086 11
23092 18
23093 11
23100 11
23107 10
23109 19
23111 6
23118 18
23119 2
23129 12
23136 11
23142 6
23149 9
23151 1
23160 21
23164 9
23166 11
23172 5
23179 21
23183 8
23186 15
23188 9
23190 9
23192 13
23197 18
23198 3
23204 21
23208 8
23211 12
23219 15
23221 1
23231 17
23233 19
23235 2
23245 1
23255 12
23261 5
23268 9
23270 15
23272 3
23278 18
23279 7
23281 11
23288 6
23296 8
23300 21
23304 17
23306 12
23314 4
23321 7
23323 15
23325 7
23328 13
23333 2
23343 10
23346 14
23352 14
23358 9
23359 10
23360 5
23366 16
23368 1
23377 18
23378 9
23379 16
23381 1
23391 12
23398 11
23405 12
23412 8
23416 18
23417 16
23419 18
23420 3
23427 7
23429 9
23431 2
23440 13
23445 16
23447 19
23449 15
23451 8
23454 10
23455 11
23462 12
23469 18
23470 5
23477 5
23483 12
23491 11
23498 14
23504 7
23506 11
23512 13
23518 11
23524 7
23527 5
23534 2
23544 11
23550 8
23552 14
23558 16
23560 18
23561 11
23567 6
23574 21
23578 4
23585 16
23587 17
23589 20
23591 12
23599 12
23606 14
23611 13
23616 21
23620 11
23626 2
23635 3
23641 2
23650 12
23657 11
23664 1
23673 10
23674 17
23676 5
23683 19
23685 5
23691 20
23693 5
23699 4
23706 18
23707 3
23714 7
23716 19
23718 5
23725 11
23732 20
23734 11
23740 18
23741 1
23750 12
23757 2
23767 19
23769 14
23774 10
23775 16
23777 9
23778 17
23780 16
23782 19
23784 19
23786 17
23788 21
23792 11
23799 18
23800 18
23801 17
23803 17
23805 14
23812 2
23822 6
23828 11
23834 15
23836 11
23842 7
23845 4
23851 14
23856 11
23862 4
23870 12
23877 18
23878 5
23885 13
23890 3
23897 12
23905 12
23913 17
23915 21
23919 6
23926 8
23929 12
23936 11
23942 5
23948 11
23955 2
23965 13
23971 3
23977 18
23978 2
23987 15
23989 5
23996 13
24001 1
24010 6
24016 17
24018 21
24022 2
24032 12
24040 11
24046 6
24053 11
24060 10
24062 12
24069 4
24077 15
24079 4
24085 11
24092 1
24102 11
24108 11
24114 11
24121 16
24123 1
24132 7
24135 11
24141 8
24143 6
24150 15
24152 12
24159 13
24165 9
24167 21
24171 12
24178 15
24180 15
24182 12
24190 11
24197 20
24199 21
24203 11
24209 18
24210 2
24220 21
24224 13
24229 2
24238 21
24242 4
24248 11
24255 9
24257 17
24259 18
24260 10
24263 14
24269 18
24270 12
24276 19
24278 19
24280 18
24281 12
24288 17
24290 10
24292 6
24299 7
24302 12
24309 1
24318 20
24320 21
24324 4
24332 9
24334 4
24341 18
24342 8
24345 12
24351 11
24358 1
24367 2
24378 9
24380 11
24386 2
24396 11
24402 14
24409 13
24415 17
24417 11
24423 12
24431 11
24437 12
24444 12
24452 9
24454 12
24460 13
24466 17
24468 5
24475 3
24482 14
24488 1
24498 12
24506 14
24512 3
24518 12
24525 21
24529 12
24536 14
24541 20
24543 14
24549 7
24552 1
24561 11
24568 12
24576 3
24583 6
24590 16
24592 13
24598 7
24600 5
24607 8
24611 4
24618 11
24625 15
24627 9
24629 15
24631 18
24632 5
24638 19
24640 11
24647 21
24651 10
24654 18
24655 1
24664 2
24674 15
24676 3
24683 4
24689 18
24690 20
24692 14
24698 17
24700 15
24702 5
24709 8
24712 7
24714 11
24720 9
24722 21
24726 11
24733 16
24735 13
24741 10
24743 7
24745 10
24746 21
24750 8
24753 8
24755 13
24761 20
24763 16
24765 12
24772 3
24778 6
24785 1
24795 7
24798 11
24804 15
24806 9
24808 15
24810 6
24818 12
24826 5
24833 3
24839 5
24846 1
24855 3
24861 21
24865 9
24866 20
24868 11
24874 5
24881 21
24885 12
24892 15
24894 12
24901 11
24907 10
24909 11
24916 11
24923 11
24929 2
24938 3
24944 8
24947 18
24948 7
24950 11
24956 5
24963 12
24970 7
24972 14
24977 21
24981 16
24983 10
24985 11
24992 11
24999 8
25002 2
25013 10
25015 17
25017 13
25022 14
25028 11
25034 12
25040 18
25041 16
25043 15
25045 8
25048 5
25055 6
25063 11
25070 12
25077 20
25079 2
25090 19
25092 12
25099 9
25101 17
25103 12
25110 17
25112 2
25122 11
25129 8
25131 19
25133 11
25139 21
25143 3
25150 1
25159 5
25165 20
25167 15
25169 12
25176 8
25179 21
25183 8
25185 16
25187 8
25191 17
25193 12
25201 9
25202 4
25210 20
25212 1
25222 20
25224 9
25225 11
25232 16
25234 11
25240 18
25241 20
25243 8
25246 2
25256 21
25260 12
25266 11
25272 13
25277 14
25282 1
25292 11
25299 8
25302 6
25308 18
25309 9
25311 14
25318 13
25324 9
25326 13
25332 1
25341 18
25342 18
25343 12
25350 13
25355 21
25359 5
25365 7
25368 17
25370 7
25373 15
25375 10
25377 20
25379 4
25385 16
25387 21
25391 2
25401 10
25403 11
25410 12
25416 15
25418 10
25419 19
25421 3
25427 11
25433 7
25435 11
25442 13
25448 5
25454 19
25456 6
25462 11
25469 12
25476 1
25486 18
25487 5
25494 1
25504 15
25506 14
25511 4
25519 2
25529 13
25535 11
25542 12
25549 14
25555 3
25561 4
25568 11
25574 3
25581 15
25583 11
25589 2
25600 18
25601 8
25605 1
25614 18
25615 3
25622 6
25628 18
25629 6
25637 6
25643 10
25644 21
25648 11
25654 4
25661 3
25668 5
25674 9
25676 18
25677 2
25687 13
25692 14
25699 3
25705 2
25714 17
25716 11
25722 12
25730 21
25734 2
25745 1
25755 12
25763 11
25769 2
25779 17
25781 13
25786 1
25795 10
25797 17
25799 16
25801 12
25809 11
25815 9
25816 4
25823 3
25830 11
25836 11
25843 2
25853 18
25854 18
25855 16
25857 2
25868 15
25870 9
25871 8
25873 4
25881 11
25887 2
25897 15
25899 17
25901 18
25902 5
25909 18
25910 12
25917 18
25918 11
25925 1
25934 2
25943 18
25944 4
25951 4
25959 5
25965 12
25973 18
25974 2
25984 11
25990 19
25992 16
25994 10
25995 13
26000 8
26003 6
26011 12
26019 12
26025 2
26035 15
26037 9
26039 7
26042 11
26049 18
26050 14
26056 10
26059 20
26061 3
26067 3
26073 2
26083 17
26085 12
26091 1
26100 7
26103 13
26108 14
26114 18
26115 14
26121 5
26128 5
26134 11
26140 11
26147 11
26154 17
26156 1
26166 6
26173 21
26177 12
26184 17
26186 11
26192 4
26199 12
26205 12
26211 1
26221 1
26230 18
26231 3
26237 4
26243 12
26251 4
26258 12
26265 11
26272 16
26274 4
26280 18
26281 6
26289 12
26297 7
26299 13
26305 3
26312 10
26314 8
26318 20
26320 18
26321 21
26325 20
26327 11
26333 17
26335 8
26339 17
26341 9
26342 1
26352 21
26356 5
26362 14
26369 12
26376 11
26382 5
26388 1
26398 16
26400 5
26407 9
26409 9
26411 13
26416 7
26419 4
26426 16
26428 6
26435 2
26445 3
26452 11
26458 19
26460 11
26466 12
26473 9
26474 15
26476 15
26478 10
26481 15
26483 17
26485 19
26487 12
26494 21
26498 16
26500 8
26502 1
26511 3
26518 12
26526 12
26534 18
26535 11
26542 6
26550 17
26552 5
26558 15
26560 21
26564 2
26573 13
26579 18
26580 4
26587 11
26594 12
26601 12
26607 16
26609 20
26611 21
26615 12
26623 11
26630 16
26632 5
26639 3
26645 6
26653 19
26655 8
26658 15
26660 11
26667 6
26675 8
26678 5
26685 12
26693 19
26695 15
26697 20
26699 18
26700 15
26702 11
26709 11
26715 8
26718 7
26721 5
26728 21
26732 12
26739 9
26741 13
26746 16
26748 20
26750 1
26760 13
26766 14
26771 10
26772 2
26782 17
26784 3
26791 14
26796 19
26798 4
26805 8
26807 3
26814 5
26820 7
26822 21
26826 4
26832 16
26834 1
26844 19
26846 14
26853 15
26855 9
26857 12
26864 14
26869 11
26876 8
26879 1
26888 12
26895 12
26901 15
26903 8
26906 17
26908 9
26909 2
26919 9
26921 18
26922 6
26929 19
26931 3
26938 12
26945 9
26947 12
26954 19
26956 18
26957 21
26961 15
26963 9
26964 8
26967 1
26977 11
26984 17
26986 12
26994 13
27000 9
27002 11
27008 4
27016 2
27026 1
27035 11
27042 12
27049 1
27058 20
27060 10
27061 11
27068 19
27070 18
27071 2
27081 18
27082 11
27089 11
27096 12
27103 11
27109 18
27110 7
27112 13
27117 10
27120 7
27123 9
27125 18
27126 12
27132 11
27138 14
27145 11
27152 11
27159 9
27160 4
27167 13
27173 20
27175 17
27177 19
27179 14
27185 10
27187 11
27193 18
27194 3
27201 17
27203 5
27210 17
27212 18
27213 21
27217 2
27227 4
27235 14
27240 13
27245 8
27248 7
27251 20
27253 12
27261 11
27268 18
27269 5
27276 11
27283 18
27284 12
27290 11
27296 17
27298 10
27299 10
27300 18
27301 6
27307 3
27313 7
27315 19
27317 1
27327 15
27329 5
27336 13
27342 8
27346 12
27354 2
27364 6
27372 12
27380 10
27381 17
27383 11
27390 1
27399 15
27401 21
27405 21
27409 12
27416 19
27418 11
27424 17
27426 3
27433 17
27435 12
27443 9
27444 11
27450 11
27456 15
27458 14
27464 14
27471 14
27478 17
27480 12
27486 4
27494 11
27501 21
27505 5
27512 12
27519 15
27521 8
27525 16
27527 14
27533 1
27543 2
27552 12
27560 10
27562 19
27564 13
27569 2
27578 17
27580 12
27587 12
27595 11
27602 18
27603 10
27605 21
27609 10
27611 11
27618 11
27625 21
27629 12
27636 9
27637 8
27641 11
27648 16
27650 6
27658 13
27663 5
27670 15
27672 20
27674 7
27677 11
27684 7
27686 12
27693 11
27699 11
27705 3
27712 12
27718 12
27725 13
27730 11
27736 11
27742 3
27749 15
27751 10
27752 19
27754 1
27763 11
27770 10
27772 10
27774 12
27780 11
27786 6
27793 18
27794 18
27795 12
27802 19
27804 6
27810 9
27811 12
27817 20
27819 10
27820 14
27826 2
27835 21
27839 11
27845 13
27851 19
27853 12
27861 19
27863 9
27865 3
27871 9
27872 11
27878 20
27880 6
27887 12
27894 2
27904 12
27912 17
27914 11
27921 11
27928 12
27935 18
27936 18
27937 15
27939 14
27946 16
27948 9
27949 9
27950 15
27952 10
27955 18
27956 11
27963 15
27965 14
27971 11
27978 19
27980 9
27982 14
27988 12
27995 5
28002 11
28008 19
28010 12
28016 9
28018 15
28020 6
28026 11
28033 18
28034 7
28036 1
28045 13
28050 11
28056 16
28058 11
28065 16
28067 20
28069 15
28071 13
28076 12
28083 7
28085 12
28093 9
28095 17
28097 20
28099 7
28102 11
28108 3
28115 12
28122 10
28125 11
28132 1
28142 2
28151 4
28158 12
28164 9
28166 18
28167 5
28174 7
28177 21
28181 19
28183 12
28190 16
28192 12
28199 15
28201 9
28202 20
28204 18
28205 19
28207 10
28208 17
28210 11
28216 5
28222 11
28229 4
28236 11
28243 18
28244 1
28253 12
28260 18
28261 7
28263 11
28270 7
28273 6
28280 12
28288 11
28295 16
28297 13
28302 4
28310 12
28318 11
28324 7
28327 7
28329 10
28330 12
28336 14
28342 6
28350 17
28352 6
28359 10
28362 20
28364 11
28371 15
28373 16
28375 2
28385 19
28387 17
28389 9
28390 11
28397 11
28404 1
28414 13
28419 14
28425 20
28427 11
28434 19
28436 11
28442 12
28449 15
28451 15
28453 11
28460 12
28468 12
28476 4
28484 5
28490 15
28492 8
28496 18
28497 13
28503 14
28510 1
28520 3
28527 19
28529 7
28532 6
28539 2
28550 11
28557 11
28564 12
28572 15
28574 10
28576 3
28583 3
28590 4
28596 5
28602 15
28604 11
28611 12
28618 15
28620 1
28629 4
28636 4
28644 9
28646 17
28648 3
28655 8
28657 13
28662 19
28664 12
28670 11
28677 6
28683 2
28694 20
28696 21
28700 2
28711 20
28713 2
28724 1
28734 11
28740 2
28751 2
28762 9
28764 15
28766 11
28773 21
28777 15
28779 8
28781 9
28783 2
28793 16
28795 11
28801 3
28808 17
28810 12
28817 4
28823 1
28833 6
28840 17
28842 13
28847 15
28849 4
28856 7
28859 12
28866 7
28868 6
28874 17
28876 15
28878 17
28880 9
28881 9
28882 11
28888 3
28895 13
28901 6
28908 11
28915 18
28916 11
28923 11
28929 9
28931 11
28938 18
28939 20
28941 21
28945 18
28946 11
28953 9
28955 18
28956 13
28961 12
28969 11
28976 18
28977 12
28983 12
28990 17
28992 17
28994 20
28996 5
29002 10
29004 15
29006 11
29012 7
29014 1
29024 17
29026 9
29027 12
29035 7
29038 11
29045 14
29052 8
29056 13
29062 19
29064 20
29066 16
29068 16
29070 13
29076 4
29082 1
29092 1
29102 20
29104 21
29108 17
29110 15
29112 20
29114 21
29118 20
29120 11
29127 19
29129 7
29131 4
29138 7
29140 16
29142 11
29148 11
29154 20
29156 4
29163 3
29170 10
29173 11
29180 21
29184 16
29186 12
29194 3
29200 21
29204 18
29205 18
29206 3
29212 16
29214 16
29216 12
29223 14
29229 10
29230 5
29237 1
29247 18
29248 8
29252 11
29259 16
29261 8
29264 14
29271 12
29278 14
29285 1
29295 10
29298 11
29304 11
29310 12
29317 1
29327 12
29334 4
29341 1
29351 15
29353 5
29360 1
29369 16
29371 4
29379 2
29389 7
29392 14
29398 18
29399 7
29401 20
29403 12
29410 19
29412 11
29418 10
29420 11
29426 11
29433 1
29442 10
29445 1
29454 15
29456 10
29458 15
29460 11
29467 3
29474 12
29481 11
29487 19
29489 12
29496 20
29498 5
29505 9
29506 13
29511 21
29515 12
29522 12
29530 10
29532 2
29543 2
29552 15
29554 9
29556 10
29557 13
29563 12
29571 18
29572 15
29574 16
29576 3
29582 3
29589 20
29591 2
29601 21
29605 15
29607 10
29609 16
29611 17
29613 5
29619 19
29621 18
29622 17
29624 21
29628 16
29630 17
29632 11
29639 3
29645 19
29647 9
29649 2
29659 17
29661 15
29663 1
29673 9
29674 3
29681 5
29688 9
29690 13
29695 12
29702 4
29709 13
29714 11
29721 18
29722 18
29723 13
29728 2
29738 19
29740 4
29748 4
29756 19
29758 13
29764 4
29770 15
29772 21
29776 1
29786 20
29788 12
29794 4
29802 14
29808 18
29809 16
29811 11
29817 2
29827 4
29834 11
29841 7
29843 14
29849 7
29851 3
29858 16
29860 11
29867 11
29874 3
29881 12
29888 11
29895 19
29897 1
29907 14
29913 4
29920 12
29926 13
29931 21
29935 6
29943 11
29950 10
29953 20
29955 2
29965 3
29971 8
29973 10
29975 15
29977 15
29979 15
29981 10
29982 10
29985 12
29992 19
29994 11
30000 16
30002 16
30004 6
30011 7
30013 5
30020 11
30026 11
30033 21
30037 11
30044 10
30047 6
30055 7
30057 9
30058 4
30066 6
30074 13
30079 16
30081 12
30088 10
30090 11
30097 6
30103 4
30111 1
30120 3
30126 12
30133 7
30136 1
30145 8
30149 16
30151 9
30152 12
30159 5
30166 14
30173 6
30180 11
30186 11
30193 20
30195 12
30202 3
30208 19
30210 13
30215 4
30223 19
30225 12
30233 18
30234 11
30241 16
30243 2
30253 20
30255 12
30262 19
30264 11
30271 13
30277 18
30278 4
30284 11
30290 5
30296 10
30298 17
30300 9
30301 16
30303 3
30310 3
30317 10
30318 15
30320 12
30328 10
30330 15
30332 18
30333 17
30335 10
30336 17
30338 13
30344 7
30346 11
30352 1
30362 8
30365 20
30367 18
30368 21
30372 13
30377 15
30379 4
30385 2
30394 7
30397 12
30405 10
30407 18
30408 3
30414 12
30420 6
30428 7
30430 12
30438 21
30442 17
30444 12
30451 8
30454 12
30461 21
30465 10
30467 18
30468 21
30472 19
30474 16
30476 21
30480 6
30487 21
30491 6
30497 6
30503 12
30509 5
30515 18
30516 9
30518 11
30524 11
30531 21
30535 17
30537 2
30546 11
30553 5
30560 10
30563 13
30569 14
30574 1
30583 20
30585 16
30587 18
30588 17
30590 4
30597 13
30603 11
30609 12
30616 21
30620 18
30621 21
30625 4
30633 11
30640 12
30647 11
30653 14
30659 18
30660 11
30666 18
30667 17
30669 14
30676 11
30683 11
30689 12
30696 18
30697 12
30705 11
30711 12
30717 7
30720 7
30723 2
30733 15
30735 12
30743 7
30745 11
30751 20
30753 11
30759 16
30761 12
30768 1
30777 1
30787 15
30789 12
30796 17
30798 5
30805 15
30807 10
30809 15
30811 5
30817 12
30824 1
30834 20
30836 20
30838 4
30845 7
30847 20
30849 17
30851 20
30853 11
30860 19
30862 13
30868 21
30872 14
30879 11
30886 17
30888 1
30898 14
30904 18
30905 12
30913 3
30920 11
30926 3
30933 14
30939 6
30947 20
30949 21
30953 2
30962 15
30964 10
30966 16
30968 11
30974 18
30975 5
30982 16
30984 4
30990 12
30996 3
31002 9
31004 2
31015 10
31017 17
31019 18
31020 20
31022 14
31027 8
31030 16
31032 16
31034 12
31042 21
31046 16
31048 18
31049 20
31051 3
31057 13
31063 9
31064 13
31069 8
31072 18
31073 3
31079 7
31081 11
31088 3
31095 20
31097 11
31104 11
31111 14
31118 15
31120 12
31128 10
31130 20
31132 2
31142 5
31149 5
31155 5
31161 1
31171 13
31177 2
31188 5
31195 13
31201 21
31205 12
31212 2
31222 6
31229 11
31235 12
31242 17
31244 14
31249 21
31253 20
31255 10
31258 9
31260 11
31267 10
31269 7
31272 9
31273 11
31279 18
31280 15
31282 8
31285 11
31292 12
31300 18
31301 14
31308 17
31310 12
31317 11
31324 16
31326 16
31328 12
31335 4
31342 18
31343 17
31345 1
31355 12
31363 1
31372 3
31378 3
31384 13
31390 18
31391 6
31398 4
31404 3
31410 12
31416 17
31418 12
31425 7
31428 12
31434 16
31436 11
31443 4
31450 3
31456 9
31457 12
31465 14
31470 10
31472 11
31478 12
31485 4
31491 17
31493 15
31495 11
31502 11
31508 12
31516 17
31518 12
31524 3
31530 6
31536 11
31543 11
31549 8
31552 8
31555 18
31556 11
31563 11
31570 20
31572 21
31576 12
31582 11
31588 21
31592 17
31594 21
31598 12
31604 10
31606 13
31611 9
31613 15
31615 11
31622 21
31626 15
31628 12
31635 12
31642 6
31649 12
31657 8
31659 5
31666 1
31675 9
31676 21
31680 8
31684 17
31686 9
31688 6
31695 3
31701 16
31703 12
31710 21
31714 9
31716 7
31719 8
31721 2
31731 4
31738 5
31745 7
31747 4
31754 13
31759 2
31769 18
31770 20
31772 18
31773 11
31779 2
31789 3
31796 11
31802 20
31804 18
31805 21
31809 9
31810 8
31813 21
31817 3
31824 5
31831 10
31833 5
31839 20
31841 6
31848 10
31851 10
31854 2
31865 3
31871 12
31878 1
31887 11
31893 14
31899 10
31900 2
31911 11
31918 19
31920 20
31922 7
31924 8
31926 13
31932 13
31938 19
31940 12
31947 12
31953 11
31960 7
31962 12
31969 8
31971 13
31977 16
31979 11
31985 12
31991 10
31992 2
32002 14
32008 12
32015 8
32017 11
32023 12
32030 14
32037 15
32039 8
32043 7
32046 11
32052 4
32059 11
32066 16
32068 18
32069 17
32071 17
32073 2
32083 10
32086 7
32089 5
32095 7
32097 8
32100 21
32104 9
32105 12
32112 8
32115 6
32121 11
32127 18
32128 6
32134 9
32135 17
32137 9
32138 10
32140 1
32149 6
32155 12
32162 10
32163 14
32168 11
32175 12
32182 20
32184 9
32185 9
32187 7
32190 18
32191 8
32194 17
32196 18
32197 12
32205 17
32207 20
32209 18
32210 13
32216 12
32223 6
32229 9
32231 17
32233 17
32235 7
32238 12
32246 9
32248 17
32250 19
32252 18
32253 21
32257 12
32265 10
32267 19
32269 20
32271 9
32272 4
32278 15
32280 17
32282 15
32284 18
32285 12
32292 20
32294 5
32301 7
32304 5
32310 12
32318 5
32324 18
32325 12
32332 5
32339 7
32342 10
32343 2
32353 1
32362 2
32372 7
32374 18
32375 18
32376 2
32386 13
32392 21
32396 19
32398 15
32400 12
32408 11
32415 21
32419 10
32420 11
32427 18
32428 19
32430 19
32432 7
32435 11
32442 14
32447 11
32453 3
32460 12
32467 5
32474 16
32476 17
32478 21
32482 3
32489 5
32495 11
32502 8
32505 4
32511 4
32517 10
32519 21
32523 11
32529 10
32531 13
32537 6
32544 6
32551 4
32558 4
32564 19
32566 4
32572 5
32579 4
32585 11
32592 21
32596 6
32604 8
32607 19
32609 3
32615 21
32619 21
32623 12
32631 11
32638 13
32644 19
32646 7
32648 18
32649 18
32650 12
32658 15
32660 18
32661 7
32663 18
32664 5
32671 21
32675 5
32681 12
32688 1
32698 20
32700 18
32701 15
32703 8
32706 20
32708 21
32712 11
32719 9
32721 12
32728 11
32734 21
32738 17
32740 9
32742 3
32749 4
32756 18
32757 19
32759 6
32766 6
32773 1
32783 12
32789 16
32791 9
32792 1
32801 11
32808 20
32810 12
32816 16
32818 3
32824 1
32833 13
32839 9
32840 19
32842 4
32849 7
32851 17
32853 11
32860 18
32861 3
32868 14
32874 14
32879 1
32889 9
32890 7
32893 12
32901 10
32903 13
32908 21
32912 10
32914 21
32918 11
32925 2
32934 2
32944 20
32946 2
32955 15
32957 3
32963 11
32970 8
32973 3
32979 16
32981 20
32983 16
32985 19
32987 11
32993 19
32995 5
33001 5
33008 8
33012 9
33013 21
33017 3
33024 21
33028 10
33030 18
33031 5
33037 10
33039 18
33040 7
33043 10
33046 3
33053 15
33055 17
33057 7
33060 8
33062 11
33068 6
33075 13
33081 21
33085 1
33094 11
33100 12
33107 5
33114 1
33124 17
33126 3
33132 17
33134 11
33140 17
33142 19
33144 9
33146 13
33151 2
33161 10
33162 11
33168 2
33178 8
33180 1
33190 12
33196 7
33199 17
33201 11
33208 12
33214 20
33216 11
33222 19
33224 3
33231 10
33233 5
33240 20
33242 2
33251 12
33258 2
33269 4
33277 12
33284 20
33286 16
33288 20
33290 5
33297 16
33299 6
33307 15
33309 14
33315 17
33317 12
33324 20
33326 11
33332 7
33335 21
33339 12
33346 5
33352 7
33354 4
33361 9
33362 20
33364 20
33366 20
33368 9
33370 12
33377 8
33380 20
33382 17
33384 10
33386 6
33394 12
33402 21
33406 11
33413 14
33418 3
33425 18
33426 17
33428 4
33434 7
33437 2
33448 2
33458 2
33468 17
33470 16
33472 21
33476 5
33482 18
33483 1
33493 18
33494 11
33501 12
33508 17
33510 19
33512 2
33523 16
33525 6
33533 21
33537 12
33545 2
33555 3
33561 6
33568 6
33575 13
33581 11
33587 15
33589 13
33595 18
33596 1
33606 18
33607 16
33609 13
33615 17
33617 9
33618 5
33625 7
33628 5
33634 10
33636 12
33643 12
33650 12
33657 13
33662 8
33666 11
33673 11
33679 20
33681 9
33683 8
33686 13
33691 11
33698 21
33702 20
33704 18
33705 18
33706 20
33708 14
33713 11
33719 15
33721 4
33727 17
33729 6
33736 9
33737 12
33744 8
33747 15
33749 20
33751 3
33758 17
33760 19
33762 13
33768 12
33775 18
33776 5
33783 21
33787 17
33789 11
33795 10
33797 14
33802 3
33808 3
33815 11
33821 18
33822 11
33829 18
33830 16
33832 16
33834 17
33836 4
33842 14
33847 11
33853 4
33860 8
33863 20
33865 12
33872 12
33879 16
33881 17
33883 8
33885 18
33886 20
33888 7
33890 20
33892 8
33895 19
33897 2
33907 7
33910 3
33916 7
33919 9
33921 18
33922 12
33930 12
33936 11
33942 1
33952 15
33954 16
33956 1
33965 9
33966 9
33968 7
33970 15
33972 11
33978 8
33980 11
33986 11
33993 21
33997 18
33998 7
34000 9
34001 12
34007 14
34012 9
34013 18
34014 6
34022 9
34024 21
34028 7
34031 17
34033 15
34035 11
34042 12
34049 3
34056 4
34062 12
34070 14
34076 15
34078 2
34088 18
34089 18
34090 6
34096 7
34098 13
34104 12
34110 18
34111 11
34118 7
34121 5
34127 19
34129 18
34130 12
34137 2
34147 11
34153 12
34160 6
34167 11
34173 4
34180 9
34181 9
34182 12
34189 5
34195 4
34202 7
34204 2
34214 12
34220 12
34227 18
34228 9
34229 2
34240 11
34246 11
34252 5
34258 9
34259 9
34261 15
34263 6
34270 13
34275 5
34282 5
34289 20
34291 21
34295 17
34297 18
34298 20
34300 5
34307 11
34313 21
34317 11
34323 9
34325 21
34329 11
34336 19
34338 3
34344 1
34354 1
34363 11
34369 5
34375 11
34381 3
34388 17
34390 12
34397 12
34404 6
34410 20
34412 16
34414 16
34416 15
34418 1
34428 9
34430 15
34432 6
34440 12
34447 10
34449 1
34459 14
34465 11
34472 8
34475 14
34482 15
34484 13
34490 21
34494 13
34500 17
34502 6
34508 13
34514 14
34519 18
34520 11
34527 19
34529 7
34532 13
34538 10
34541 3
34548 18
34549 17
34551 4
34557 21
34561 7
34563 19
34565 1
34574 2
34583 8
34585 1
34595 11
34602 10
34604 6
34611 20
34613 16
34615 11
34622 16
34624 4
34631 15
34633 18
34634 11
34640 7
34643 18
34644 4
34651 18
34652 9
34653 15
34655 12
34662 3
34669 15
34671 13
34677 5
34684 14
34691 17
34693 12
34700 7
34703 14
34708 13
34713 5
34720 8
34724 11
34730 13
34735 3
34742 19
34744 7
34746 12
34754 17
34756 6
34764 5
34770 8
34774 12
34780 20
34782 18
34783 11
34790 12
34796 18
34797 16
34799 12
34806 19
34808 14
34815 19
34817 11
34824 12
34831 12
34837 2
34847 3
34854 2
34863 12
34870 20
34872 11
34879 12
34885 7
34888 18
34889 18
34890 9
34892 5
34899 9
34900 9
34902 7
34904 19
34906 14
34911 20
34913 6
34921 14
34928 7
34931 11
34938 19
34940 12
34946 17
34948 11
34955 12
34963 21
34967 11
34973 6
34981 18
34982 1
34991 11
34997 10
34999 4
35006 5
35013 18
35014 21
35018 20
35020 18
35021 7
35023 2
35033 11
35040 7
35042 21
35046 12
35054 11
35060 11
35067 19
35069 1
35079 10
35081 11
35087 7
35089 16
35091 16
35093 12
35099 1
35108 9
35110 1
35120 18
35121 9
35122 18
35123 11
35129 19
35131 12
35139 15
35141 1
35151 18
35152 10
35154 11
35161 7
35164 5
35170 17
35172 17
35174 20
35176 13
35181 15
35183 18
35184 10
35186 15
35188 12
35194 15
35196 18
35197 4
35205 15
35207 19
35209 10
35210 3
35217 17
35219 15
35221 14
35226 21
35230 3
35236 18
35237 6
35245 11
35251 18
35252 16
35254 2
35263 1
35273 6
35279 3
35286 19
35288 15
35290 11
35296 11
35302 20
35304 12
35311 5
35318 2
35329 18
35330 15
35332 6
35340 12
35348 15
35350 4
35356 15
35358 21
35362 4
35369 8
35371 18
35372 21
35376 12
35383 21
35387 14
35393 10
35394 5
35400 14
35405 12
35412 4
35419 20
35421 10
35423 11
35429 10
35430 13
35436 12
35442 1
35452 2
35461 4
35469 16
35471 21
35475 21
35479 11
35486 18
35487 11
35494 2
35504 2
35513 12
35520 11
35526 14
35531 19
35533 15
35535 2
35545 6
35551 7
35553 18
35554 21
35558 18
35559 6
35566 14
35571 12
35579 7
35581 8
35584 8
35587 11
35593 17
35595 17
35597 18
35598 1
35607 17
35609 6
35617 11
35623 7
35626 4
35633 18
35634 11
35641 12
35647 21
35651 9
35653 5
35660 17
35662 11
35669 12
35677 3
35684 3
35690 18
35691 14
35698 18
35699 6
35707 2
35717 15
35719 11
35725 9
35727 15
35729 18
35730 17
35732 9
35734 19
35736 14
35743 8
35747 16
35749 1
35759 11
35765 9
35766 15
35768 12
35776 12
35783 19
35785 11
35792 15
35794 3
35801 11
35808 20
35810 20
35812 16
35814 18
35815 12
35822 9
35824 18
35825 10
35826 11
35833 5
35839 13
35845 21
35849 18
35850 10
35851 12
35858 1
35867 19
35869 4
35876 11
35882 11
35889 21
35893 6
35899 8
35902 9
35904 19
35906 10
35908 18
35909 13
35914 16
35916 14
35922 2
35932 1
35941 10
35943 17
35945 17
35947 1
35956 1
35965 12
35972 11
35979 15
35981 11
35988 6
35995 8
35999 7
36001 12
36007 18
36008 12
36014 7
36017 11
36023 8
36027 20
36029 19
36031 17
36033 18
36034 3
36041 4
36048 13
36054 18
36055 16
36057 10
36060 5
36067 4
36073 13
36078 19
36080 13
36085 11
36092 7
36095 3
36101 18
36102 9
36103 4
36111 9
36112 12
36119 13
36125 17
36127 17
36129 5
36136 8
36138 11
36144 5
36150 10
36152 20
36154 18
36155 3
36161 3
36167 13
36172 11
36178 20
36180 5
36187 12
36195 16
36197 11
36203 12
36209 16
36211 2
36222 13
36227 18
36228 8
36230 11
36237 3
36243 7
36246 3
36253 7
36256 1
36266 2
36275 2
36285 18
36286 12
36293 15
36295 4
36301 16
36303 6
36311 3
36317 2
36327 7
36329 15
36331 11
36338 11
36344 20
36346 17
36348 11
36355 11
36362 12
36369 18
36370 11
36376 14
36382 18
36383 14
36389 11
36396 19
36398 16
36400 7
36402 18
36403 18
36404 3
36410 2
36419 4
36426 17
36428 11
36434 10
36437 10
36439 14
36444 18
36445 20
36447 8
36450 10
36452 18
36453 18
36454 12
36462 15
36464 18
36465 21
36469 12
36475 11
36481 18
36482 9
36484 2
36494 20
36496 15
36498 12
36505 12
36511 11
36518 2
36528 6
36535 13
36541 19
36543 16
36545 7
36548 9
36550 7
36552 11
36559 7
36561 20
36563 7
36566 1
36576 7
36578 6
36585 21
36589 18
36590 10
36591 11
36597 2
36607 14
36612 14
36617 6
36624 11
36630 3
36636 12
36643 4
36650 11
36656 11
36663 10
36665 5
36671 7
36674 18
36675 1
36684 18
36685 9
36687 7
36689 21
36693 20
36695 21
36699 11
36705 17
36707 18
36708 13
36713 14
36719 4
36726 10
36729 8
36733 18
36734 4
36740 5
36746 8
36749 1
36759 12
36765 13
36771 11
36778 5
36784 4
36792 20
36794 11
36801 16
36803 3
36810 4
36818 16
36820 18
36821 14
36828 14
36833 18
36834 20
36836 18
36837 5
36843 16
36845 14
36852 18
36853 8
36857 21
36861 19
36863 3
36870 19
36872 7
36875 19
36877 11
36884 12
36890 1
36900 18
36901 17
36903 4
36910 12
36917 1
36927 9
36928 8
36931 7
36934 6
36942 11
36949 19
36951 11
36957 12
36964 3
36970 9
36972 10
36975 12
36983 9
36985 18
36986 20
36988 5
36994 11
37001 4
37008 6
37014 5
37021 11
37027 16
37029 9
37031 10
37033 11
37039 8
37043 21
37047 4
37053 18
37054 6
37062 8
37064 21
37068 11
37075 21
37079 4
37086 10
37089 16
37091 9
37092 16
37094 14
37100 20
37102 12
37109 11
37116 1
37125 2
37135 20
37137 8
37140 8
37143 18
37144 2
37155 13
37161 6
37167 2
37177 19
37179 11
37186 1
37195 6
37202 11
37208 18
37209 19
37211 12
37219 6
37225 18
37226 17
37228 2
37238 10
37240 4
37248 4
37254 1
37264 12
37271 14
37277 15
37279 13
37284 17
37286 13
37292 11
37299 12
37305 18
37306 12
37312 3
37318 19
37320 18
37321 8
37324 12
37332 17
37334 12
37340 10
37343 17
37345 2
37354 1
37363 16
37365 4
37373 9
37375 16
37377 1
37386 11
37393 6
37401 16
37403 1
37412 9
37414 14
37419 13
37424 6
37432 11
37439 19
37441 18
37442 13
37447 8
37450 18
37451 2
37460 9
37462 12
37468 13
37474 18
37475 18
37476 11
37483 16
37485 18
37486 10
37487 21
37491 6
37497 12
37504 11
37510 19
37512 11
37519 16
37521 13
37527 15
37529 11
37535 11
37541 20
37543 17
37545 12
37552 11
37559 4
37566 6
37573 11
37580 7
37582 14
37588 5
37595 11
37602 20
37604 5
37611 16
37613 20
37615 7
37618 17
37620 18
37621 12
37627 17
37629 12
37636 18
37637 13
37643 11
37650 11
37657 3
37664 20
37666 11
37673 11
37680 12
37687 19
37689 15
37691 12
37697 4
37704 5
37711 21
37715 14
37720 5
37726 12
37734 16
37736 8
37739 15
37741 6
37748 12
37755 20
37757 12
37763 2
37774 6
37781 11
37788 5
37794 21
37798 3
37804 13
37809 18
37810 13
37816 15
37818 3
37825 7
37828 16
37830 12
37837 10
37839 1
37848 12
37854 19
37856 12
37863 11
37869 7
37872 14
37877 4
37885 10
37886 6
37894 7
37897 8
37900 21
37904 17
37906 19
37908 9
37910 11
37916 20
37918 1
37928 7
37931 1
37941 1
37950 18
37951 16
37953 13
37958 11
37964 11
37970 14
37976 11
37982 15
37984 16
37986 10
37987 15
37989 12
37995 9
37997 7
37999 11
38006 16
38008 19
38010 6
38016 12
38024 10
38026 3
38033 17
38035 11
38042 16
38044 18
38045 11
38052 16
38054 14
38059 21
38063 21
38067 6
38075 18
38076 20
38078 2
38087 21
38091 4
38097 19
38099 20
38101 10
38103 11
38110 18
38111 15
38113 16
38115 9
38117 5
38124 4
38131 11
38137 3
38143 4
38150 20
38152 8
38154 11
38160 4
38167 1
38176 13
38181 6
38188 4
38194 21
38198 16
38200 17
38202 12
38209 19
38211 3
38217 12
38225 6
38231 6
38237 15
38239 20
38241 20
38243 5
38249 19
38251 21
38255 11
38262 9
38263 13
38268 12
38275 6
38281 11
38288 18
38289 13
38295 5
38302 16
38304 10
38305 3
38312 21
38316 1
38325 8
38328 18
38329 18
38330 5
38337 21
38341 11
38348 3
38354 2
38364 4
38372 6
38378 16
38380 4
38387 6
38395 15
38397 7
38399 9
38400 14
38406 9
38407 9
38408 12
38415 6
38421 10
38423 11
38430 15
38432 4
38440 17
38442 6
38450 4
38456 15
38458 7
38461 20
38463 8
38467 18
38468 11
38474 11
38480 8
38483 11
38489 14
38494 19
38496 8
38500 2
38510 3
38516 7
38518 3
38525 18
38526 5
38532 20
38534 5
38541 10
38544 10
38546 18
38547 18
38548 19
38550 6
38558 11
38564 6
38570 8
38573 15
38575 12
38582 2
38593 15
38595 10
38597 18
38598 13
38603 3
38609 11
38616 19
38618 11
38625 6
38631 6
38639 11
38646 1
38656 5
38662 6
38669 12
38676 12
38684 12
38690 18
38691 9
38693 16
38695 6
38702 12
38710 11
38717 18
38718 17
38720 11
38726 9
38728 6
38736 11
38743 16
38745 4
38751 11
38758 12
38766 12
38774 15
38776 12
38783 4
38790 15
38792 5
38798 11
38805 13
38810 4
38817 11
38824 16
38826 12
38833 5
38839 16
38841 18
38842 18
38843 21
38847 14
38854 21
38858 10
38861 14
38867 18
38868 15
38870 7
38872 11
38879 11
38886 13
38891 10
38894 1
38903 21
38907 20
38909 12
38916 16
38918 21
38922 17
38924 17
38926 2
38935 10
38937 21
38941 21
38945 12
38951 15
38953 17
38955 15
38957 18
38958 8
38962 12
38968 19
38970 13
38975 20
38977 12
38984 15
38986 17
38988 2
38997 15
38999 18
39000 4
39007 9
39009 1
39018 18
39019 8
39022 12
39028 21
39032 15
39034 19
39036 5
39042 13
39048 19
39050 10
39051 2
39062 16
39064 12
39070 1
39080 12
39087 19
39089 18
39090 1
39099 1
39108 17
39110 6
39118 18
39119 5
39125 12
39131 18
39132 9
39134 11
39141 18
39142 3
39149 18
39150 8
39152 17
39154 16
39156 11
39162 13
39167 11
39174 9
39175 19
39177 2
39187 14
39194 8
39197 20
39199 2
39208 12
39215 14
39221 19
39223 19
39225 20
39227 14
39233 12
39240 18
39241 14
39248 2
39259 8
39262 6
39268 7
39270 7
39273 14
39280 1
39290 15
39292 11
39298 19
39300 11
39307 11
39314 11
39321 10
39322 16
39324 7
39326 7
39328 16
39330 7
39333 12
39340 14
39346 17
39348 15
39350 20
39352 21
39356 2
39366 11
39373 20
39375 4
39382 10
39384 11
39391 21
39395 15
39397 9
39399 11
39405 12
39413 21
39417 8
39419 21
39423 16
39425 21
39429 11
39436 2
39447 9
39448 12
39455 3
39461 5
39467 17
39469 10
39472 18
39473 10
39474 4
39482 11
39489 4
39497 21
39501 12
39507 9
39509 12
39515 5
39521 5
39527 2
39536 7
39538 3
39544 15
39546 20
39548 13
39554 11
39561 17
39563 13
39569 17
39571 3
39577 7
39580 19
39582 12
39590 7
39593 2
39602 13
39607 4
39615 17
39617 4
39624 12
39632 8
39634 5
39640 9
39641 11
39648 4
39655 21
39659 6
39666 16
39668 14
39675 11
39681 18
39682 21
39686 18
39687 7
39690 3
39697 11
39703 6
39711 6
39718 15
39720 17
39722 12
39728 6
39735 13
39741 16
39743 16
39745 11
39751 12
39758 14
39764 15
39766 7
39769 3
39776 14
39781 6
39787 10
39789 2
39799 16
39801 20
39803 18
39804 12
39812 10
39814 17
39816 5
39822 16
39824 10
39827 20
39829 12
39835 21
39839 10
39841 19
39843 21
39847 4
39854 3
39861 19
39863 3
39869 3
39876 11
39882 4
39888 11
39895 5
39901 13
39906 3
39913 8
39916 6
39924 7
39926 19
39928 5
39935 11
39942 5
39949 11
39955 18
39956 11
39962 3
39968 11
39974 1
39984 11
39990 11
39996 7
39998 12
40005 7
40007 11
40013 16
40015 12
40022 14
40028 15
40030 21
40034 18
40035 7
40037 7
40040 9
40041 4
40048 12
40055 8
40057 18
40058 6
40065 12
40072 7
40075 19
40077 13
40083 14
40090 12
40096 8
40099 20
40101 12
40109 11
40116 10
40117 16
40119 12
40126 4
40134 5
40140 13
40145 11
40151 1
40161 18
40162 2
40172 18
40173 6
40180 18
40181 4
40187 7
40190 21
40194 11
40201 7
40203 18
40204 11
40211 10
40213 12
40220 12
40227 19
40229 21
40233 12
40240 14
40246 17
40248 1
40258 12
40266 12
40273 11
40280 11
40286 18
40287 11
40294 14
40300 3
40306 4
40312 12
40320 11
40327 21
40331 12
40339 5
40346 21
40350 17
40352 2
40361 14
40367 3
40374 8
40376 4
40383 2
40393 13
40398 4
40406 4
40414 12
40421 11
40427 12
40434 18
40435 11
40441 10
40442 12
40449 5
40455 1
40464 11
40471 18
40472 11
40478 6
40484 4
40490 10
40492 11
40499 4
40507 15
40509 7
40511 20
40513 9
40515 11
40521 2
40532 19
40534 12
40540 6
40547 19
40549 11
40555 8
40558 20
40560 11
40567 12
40575 17
40577 9
40578 16
40580 1
40590 15
40592 11
40598 6
40604 15
40606 19
40608 9
40609 10
40611 1
40620 9
40622 4
40628 5
40634 4
40642 12
40649 7
40652 1
40662 13
40668 7
40671 5
40678 3
40684 8
40687 4
40693 11
40700 10
40702 5
40709 10
40710 8
40713 17
40715 11
40722 18
40723 6
40730 8
40732 11
40738 2
40749 17
40751 4
40758 14
40764 3
40771 5
40778 17
40780 14
40785 9
40786 15
40788 6
40796 8
40799 19
40801 11
40807 5
40813 14
40820 11
40827 7
40829 4
40836 6
40844 5
40851 15
40853 3
40859 18
40860 13
40866 15
40868 11
40874 11
40880 18
40881 21
40885 10
40886 12
40892 20
40894 21
40898 17
40900 18
40901 4
40908 8
40911 7
40913 16
40915 12
40922 6
40928 18
40929 4
40935 17
40937 12
40943 16
40945 11
40951 6
40958 7
40961 11
40967 11
40974 11
40981 11
40987 8
40990 12
40997 17
40999 20
41001 17
41003 6
41009 9
41010 21
41014 3
41020 12
41027 1
41037 11
41043 20
41045 18
41046 18
41047 12
41054 10
41056 14
41063 2
41073 3
41079 17
41081 13
41086 15
41088 1
41097 7
41099 15
41101 18
41102 12
41108 12
41115 15
41117 21
41121 1
41130 19
41132 2
41142 20
41144 10
41145 3
41151 21
41155 16
41157 12
41165 12
41172 1
41182 9
41184 10
41185 11
41191 4
41199 14
41205 11
41212 4
41220 19
41222 18
41223 6
41230 2
41240 12
41247 4
41254 18
41255 12
41262 16
41264 8
41267 11
41273 11
41280 6
41287 18
41288 6
41294 16
41296 11
41302 18
41303 8
41307 18
41308 3
41314 12
41322 8
41325 15
41327 1
41337 2
41348 20
41350 2
41361 4
41368 5
41374 8
41377 11
41383 16
41385 2
41395 4
41402 10
41404 14
41410 6
41417 12
41425 15
41427 3
41434 12
41440 21
41444 17
41446 12
41453 15
41455 8
41459 9
41461 12
41467 3
41473 1
41482 9
41483 1
41493 6
41500 5
41506 17
41508 11
41515 16
41517 11
41524 2
41533 8
41537 19
41539 3
41546 15
41548 7
41550 11
41557 3
41563 11
41569 2
41580 17
41582 11
41588 1
41597 11
41604 19
41606 13
41611 17
41613 20
41615 3
41621 11
41627 15
41629 12
41635 9
41637 9
41638 12
41644 17
41646 6
41654 20
41656 1
41665 2
41676 4
41684 12
41691 19
41693 1
41702 1
41711 14
41716 14
41721 17
41723 20
41725 17
41727 15
41729 11
41735 21
41739 12
41747 7
41750 16
41752 8
41755 11
41762 3
41769 18
41770 16
41772 5
41778 16
41780 2
41791 9
41793 13
41798 17
41800 11
41806 3
41813 9
41815 21
41819 19
41821 15
41823 4
41829 7
41831 16
41833 1
41842 8
41846 7
41849 16
41851 5
41858 11
41865 9
41867 12
41874 16
41876 20
41878 16
41880 3
41886 20
41888 2
41898 13
41903 9
41905 17
41907 4
41914 21
41918 11
41925 11
41931 4
41937 5
41943 20
41945 16
41947 2
41958 2
41968 1
41977 11
41984 13
41990 1
42000 19
42002 12
42009 5
42015 20
42017 10
42019 12
42027 3
42033 8
42036 17
42038 12
42044 20
42046 10
42048 21
42052 16
42054 7
42057 7
42060 11
42067 18
42068 8
42072 18
42073 4
42080 1
42089 7
42091 21
42095 11
42101 19
42103 7
42105 3
42111 20
42113 11
42120 12
42126 6
42133 11
42140 8
42144 18
42145 20
42147 4
42154 11
42160 9
42162 11
42169 5
42176 8
42178 19
42180 6
42186 8
42188 12
42195 12
42202 12
42209 8
42212 21
42216 18
42217 10
42220 11
42226 14
42233 1
42243 15
42245 12
42253 18
42254 19
42256 20
42258 12
42265 13
42271 11
42277 20
42279 21
42283 18
42284 15
42286 11
42292 9
42294 18
42295 9
42296 18
42297 2
42307 7
42309 16
42311 18
42312 21
42316 15
42318 9
42319 7
42322 3
42328 3
42335 3
42342 3
42349 16
42351 19
42353 8
42356 12
42363 6
42370 7
42372 21
42376 1
42386 21
42390 18
42391 8
42394 9
42396 12
42404 12
42411 18
42412 16
42414 11
42420 5
42427 11
42434 13
42440 10
42443 11
42449 9
42450 11
42456 5
42462 8
42465 1
42474 3
42480 1
42489 3
42495 3
42502 21
42506 13
42512 16
42514 2
42524 7
42526 18
42527 11
42534 15
42536 14
42541 20
42543 18
42544 20
42546 4
42553 18
42554 14
42560 4
42568 5
42574 9
42575 14
42581 18
42582 11
42589 6
42595 8
42599 11
42605 18
42606 5
42612 11
42619 13
42624 2
42634 4
42641 15
42643 3
42649 12
42656 1
42666 12
42673 4
42679 11
42686 16
42688 16
42690 14
42697 19
42699 11
42706 3
42713 13
42718 15
42720 3
42726 11
42733 11
42740 4
42746 15
42748 7
42750 19
42752 18
42753 16
42755 2
42764 14
42771 2
42781 2
42791 20
42793 5
42800 17
42802 7
42805 11
42812 4
42819 11
42825 17
42827 7
42830 19
42832 1
42842 13
42848 16
42850 13
42856 15
42858 18
42859 21
42863 5
42869 15
42871 3
42877 2
42887 9
42888 17
42890 20
42892 9
42894 3
42901 20
42903 20
42905 15
42907 11
42913 11
42919 19
42921 9
42922 18
42923 11
42929 6
42936 9
42938 12
42946 6
42954 21
42958 15
42960 13
42965 13
42970 11
42976 15
42978 12
42984 20
42986 12
42992 16
42994 16
42996 11
43002 11
43009 5
43016 2
43025 7
43027 17
43029 11
43035 20
43037 5
43043 19
43045 15
43047 16
43049 15
43051 4
43059 13
43065 12
43073 19
43075 3
43081 18
43082 11
43089 11
43096 17
43098 7
43100 8
43102 6
43109 18
43110 14
43116 18
43117 8
43121 15
43123 10
43124 9
43126 11
43132 9
43134 4
43141 11
43148 2
43157 12
43164 21
43168 5
43175 2
43186 11
43193 18
43194 6
43202 1
43212 15
43214 19
43216 20
43218 19
43220 14
43225 5
43231 18
43232 20
43234 15
43236 6
43243 14
43249 10
43251 15
43253 11
43260 18
43261 15
43263 9
43265 13
43270 15
43272 21
43276 16
43278 11
43284 4
43291 12
43299 11
43305 10
43306 3
43313 13
43318 17
43320 10
43322 11
43328 18
43329 5
43336 12
43343 12
43351 9
43352 18
43353 3
43359 14
43366 7
43368 2
43378 19
43380 3
43386 11
43393 6
43401 11
43407 11
43413 7
43415 4
43423 11
43429 1
43439 18
43440 17
43442 20
43444 18
43445 1
43455 14
43461 13
43466 15
43468 20
43470 18
43471 2
43480 18
43481 11
43487 13
43492 12
43498 20
43500 8
43504 8
43507 1
43517 6
43523 20
43525 16
43527 3
43534 13
43540 6
43547 21
43551 6
43557 4
43565 18
43566 5
43573 15
43575 10
43577 21
43581 3
43588 5
43594 14
43601 11
43608 11
43615 12
43622 21
43626 16
43628 11
43635 5
43642 11
43649 2
43659 10
43662 15
43664 18
43665 17
43667 11
43673 14
43678 12
43684 13
43690 11
43696 19
43698 11
43705 17
43707 11
43713 13
43718 3
43725 12
43732 11
43738 12
43744 9
43746 6
43754 5
43761 7
43764 15
43766 11
43772 2
43782 11
43789 18
43790 16
43792 13
43798 2
43808 6
43816 12
43822 17
43824 9
43826 17
43828 7
43830 11
43837 10
43839 11
43846 10
43848 18
43849 11
43855 12
43863 17
43865 12
43872 10
43873 2
43883 12
43890 18
43891 9
43892 20
43894 8
43897 15
43899 12
43907 20
43909 6
43916 10
43919 20
43921 13
43927 15
43929 14
43935 16
43937 7
43940 5
43946 8
43948 5
43954 18
43955 2
43966 8
43969 14
43974 4
43980 16
43982 11
43989 16
43991 3
43997 9
43999 9
44001 18
44002 4
44009 17
44011 1
44021 10
44023 1
44033 15
44035 13
44040 19
44042 8
44045 12
44052 4
44059 6
44067 18
44068 7
44071 12
44078 5
44084 11
44091 4
44099 15
44101 9
44102 11
44108 2
44118 18
44119 11
44126 18
44127 16
44129 17
44131 4
44138 2
44149 17
44151 4
44157 11
44163 16
44165 19
44167 8
44170 11
44177 16
44179 18
44180 12
44187 9
44188 5
44194 15
44196 21
44200 17
44202 10
44203 12
44209 11
44215 6
44222 3
44229 11
44235 8
44239 12
44247 19
44249 18
44250 5
44257 21
44261 5
44267 11
44274 17
44276 5
44282 10
44285 6
44292 20
44294 18
44295 16
44297 21
44301 12
44308 7
44310 6
44318 12
44325 16
44327 17
44329 12
44335 12
44341 12
44347 11
44354 12
44362 2
44372 14
44378 13
44383 6
44390 10
44392 14
44398 18
44399 12
44406 14
44413 11
44419 12
44426 18
44427 6
44435 15
44437 10
44438 10
44440 12
44448 6
44455 12
44463 11
44469 19
44471 8
44474 11
44481 12
44488 11
44494 17
44496 21
44500 12
44507 15
44509 20
44511 11
44518 15
44520 5
44526 11
44533 12
44541 11
44547 10
44549 2
44559 21
44563 19
44565 16
44567 1
44577 19
44579 11
44585 11
44591 6
44599 16
44601 19
44603 7
44606 3
44613 11
44620 10
44623 7
44625 11
44631 13
44636 2
44645 11
44651 13
44656 18
44657 9
44658 12
44666 12
44674 11
44680 10
44682 11
44688 5
44695 3
44702 16
44704 5
44710 2
44719 4
44726 21
44730 3
44736 16
44738 5
44744 4
44751 18
44752 11
44759 20
44761 4
44769 1
44779 11
44785 21
44789 4
44797 9
44798 2
44808 16
44810 5
44817 15
44819 10
44821 16
44823 11
44829 11
44836 15
44838 1
44847 11
44853 2
44862 17
44864 18
44865 2
44876 5
44883 11
44889 11
44895 14
44900 3
44907 10
44908 6
44915 9
44917 21
44921 6
44929 15
44931 9
44933 8
44936 11
44943 6
44950 2
44960 19
44962 10
44963 16
44965 21
44969 7
44972 12
44978 7
44980 8
44983 12
44989 5
44996 6
45003 11
45009 11
45016 10
45018 3
45024 7
45027 13
45033 9
45035 3
45041 9
45042 2
45052 4
45059 6
45067 8
45071 6
45078 21
45082 12
45090 6
45096 5
45102 4
45110 8
45114 16
45116 5
45123 3
45130 10
45131 12
45139 10
45141 15
45143 13
45149 4
45156 8
45160 4
45166 3
45173 4
45181 11
45188 12
45194 11
45201 17
45203 10
45204 4
45211 20
45213 8
45217 11
45223 5
45229 15
45231 12
45238 19
45240 12
45246 21
45250 12
45256 4
45264 4
45270 11
45277 9
45279 18
45280 9
45281 7
45283 13
45288 12
45295 5
45302 14
45309 2
45319 11
45326 6
45333 18
45334 11
45341 18
45342 9
45343 3
45350 18
45351 12
45357 21
45361 10
45363 17
45365 21
45369 19
45371 11
45377 9
45379 12
45385 6
45392 9
45393 20
45395 15
45397 21
45401 15
45403 11
45409 18
45410 5
45417 17
45419 16
45421 13
45426 21
45430 11
45437 13
45442 20
45444 20
45446 19
45448 11
45454 19
45456 14
45462 18
45463 12
45469 21
45473 14
45479 18
45480 13
45485 7
45488 7
45490 11
45497 21
45501 9
45503 18
45504 3
45511 8
45515 11
45522 11
45528 14
45534 2
45543 19
45545 11
45551 6
45559 1
45569 14
45576 12
45582 12
45589 20
45591 14
45597 15
45599 21
45603 20
45605 19
45607 5
45614 10
45616 15
45618 15
45620 8
45623 18
45624 16
45626 6
45633 13
45639 18
45640 6
45648 7
45651 3
45658 11
45664 8
45668 21
45672 4
45680 11
45687 4
45693 11
45699 11
45705 7
45707 15
45709 21
45713 8
45717 11
45724 14
45731 17
45733 9
45734 5
45740 10
45743 21
45747 11
45753 18
45754 11
45761 3
45767 15
45769 11
45776 12
45782 17
45784 12
45790 9
45792 18
45793 8
45797 2
45806 3
45812 16
45814 3
45821 17
45823 5
45830 14
45835 2
45845 20
45847 5
45854 1
45863 13
45868 11
45874 1
45883 10
45886 9
45887 15
45889 19
45891 1
45900 13
45905 17
45907 18
45908 11
45915 9
45917 18
45918 11
45924 11
45930 17
45932 18
45933 10
45934 14
45940 18
45941 14
45948 13
45953 18
45954 21
45958 11
45964 17
45966 11
45972 20
45974 15
45976 9
45977 15
45979 20
45981 17
45983 20
45985 14
45991 14
45998 6
46004 18
46005 1
46014 4
46021 11
46028 11
46035 14
46040 12
46046 3
46053 19
46055 15
46057 13
46063 20
46065 1
46075 19
46077 4
46084 7
46087 15
46089 15
46091 13
46096 5
46103 17
46105 11
46112 11
46118 2
46129 18
46130 10
46131 3
46137 14
46143 20
46145 11
46151 20
46153 19
46155 15
46157 11
46164 3
46171 20
46173 12
46179 7
46181 8
46183 1
46193 7
46195 4
46201 18
46202 1
46212 15
46214 10
46215 11
46221 3
46227 11
46233 5
46240 18
46241 11
46248 1
46258 18
46259 14
46266 6
46274 15
46276 18
46277 21
46281 17
46283 20
46285 19
46287 12
46294 21
46298 16
46300 11
46307 15
46309 1
46318 5
46325 4
46333 9
46334 21
46338 16
46340 12
46347 11
46353 4
46359 20
46361 16
46363 12
46369 18
46370 12
46377 15
46379 9
46380 4
46386 12
46392 5
46398 7
46400 16
46402 1
46411 15
46413 10
46415 14
46421 15
46423 10
46424 13
46430 2
46440 2
46450 12
46457 1
46467 2
46476 10
46478 10
46480 20
46482 12
46489 16
46491 6
46498 8
46501 7
46504 16
46506 4
46514 8
46516 13
46521 14
46527 20
46529 18
46530 21
46534 9
46536 10
46538 11
46545 19
46547 8
46550 3
46556 21
46560 12
46566 4
46572 16
46574 1
46583 4
46591 1
46600 3
46607 8
46609 3
46615 19
46617 11
46623 3
46629 3
46635 2
46645 10
46648 20
46650 21
46654 13
46660 5
46667 21
46671 11
46678 9
46679 9
46681 6
46689 15
46691 18
46692 15
46694 19
46696 11
46702 9
46703 17
46705 16
46707 15
46709 12
46715 1
46724 15
46726 17
46728 5
46734 11
46741 18
46742 11
46748 2
46759 17
46761 5
46767 7
46770 6
46777 10
46780 12
46787 4
46794 2
46804 3
46810 18
46811 8
46814 18
46815 15
46817 6
46823 17
46825 11
46832 2
46842 16
46844 11
46850 12
46856 21
