10000
1 15
3 13
9 11
16 15
18 11
24 6
28 13
33 12
37 11
44 12
50 6
56 11
60 5
66 19
67 6
73 14
78 18
79 16
81 13
87 5
94 14
99 15
101 16
103 15
105 19
106 3
113 1
123 10
126 13
132 12
138 18
139 9
141 1
148 7
151 17
153 12
159 20
161 16
163 9
165 2
174 4
182 19
183 10
186 16
188 5
195 18
196 16
198 19
200 6
206 12
212 17
214 11
219 14
223 4
229 4
235 19
236 17
238 8
240 11
247 12
251 15
253 3
257 16
259 13
263 18
264 20
265 18
266 18
267 12
273 18
274 1
282 18
283 11
289 13
295 2
304 9
306 4
312 18
313 9
315 14
320 20
321 19
322 8
326 2
333 2
340 18
341 5
348 15
350 19
352 20
353 5
358 12
366 19
368 2
375 12
381 14
385 17
387 20
389 17
391 7
393 11
399 17
401 10
402 8
404 12
412 15
414 18
415 14
421 12
425 9
427 12
433 15
435 10
436 19
438 21
442 12
446 13
452 2
461 16
463 5
469 11
473 1
480 4
488 11
494 19
496 6
500 7
503 5
507 10
510 8
514 13
518 18
519 12
525 7
527 21
531 14
536 10
537 20
538 4
544 11
550 14
556 16
558 7
560 12
568 9
570 8
574 9
576 11
581 5
588 2
595 2
606 11
612 11
616 3
623 11
628 9
630 5
636 6
642 19
643 17
645 19
646 12
654 6
658 21
662 13
667 16
669 3
673 10
674 19
675 9
676 8
680 7
682 15
684 11
691 8
695 11
699 1
706 17
708 1
718 11
722 17
724 18
725 3
730 11
737 20
739 3
745 7
747 11
752 14
758 12
764 13
768 9
770 18
771 11
776 11
780 11
784 20
785 18
786 18
787 18
788 19
790 12
796 4
802 21
806 17
808 11
812 9
814 11
821 12
827 18
828 17
830 18
831 12
837 13
842 19
843 5
849 19
851 14
856 13
861 6
867 11
872 17
874 3
881 9
883 18
884 21
888 7
890 18
891 17
893 12
899 17
901 11
908 9
909 11
913 6
917 17
919 4
925 18
926 20
927 12
933 10
936 2
945 15
947 19
949 9
951 19
953 13
958 20
960 12
964 1
972 5
978 12
982 13
986 11
990 5
994 12
1000 15
1002 19
1004 18
1005 11
1010 19
1011 18
1012 19
1014 21
1018 5
1025 6
1033 18
1034 11
1041 18
1042 12
1050 12
1054 20
1055 10
1058 3
1064 9
1066 7
1069 3
1073 11
1077 21
1081 11
1085 15
1087 14
1091 6
1097 15
1099 9
1100 11
1106 1
1113 6
1117 11
1124 21
1128 18
1129 21
1133 21
1137 18
1138 4
1144 8
1146 18
1147 6
1151 11
1158 21
1162 11
1169 19
1170 11
1176 18
1177 1
1186 12
1190 2
1201 18
1202 12
1210 11
1214 19
1216 7
1219 19
1220 17
1222 13
1227 19
1228 4
1234 9
1235 8
1239 18
1240 7
1243 17
1245 10
1248 20
1250 14
1254 8
1256 1
1264 18
1265 8
1267 2
1276 19
1277 18
1278 3
1285 10
1286 3
1290 16
1292 6
1298 7
1301 2
1312 19
1313 11
1320 20
1322 16
1324 5
1331 12
1339 3
1344 11
1351 10
1352 10
1353 11
1360 4
1368 20
1369 21
1373 20
1375 12
1379 16
1381 5
1388 18
1389 15
1391 15
1393 11
1398 15
1400 21
1404 13
1408 12
1414 9
1415 2
1424 16
1426 4
1432 11
1438 6
1442 18
1443 12
1449 6
1455 2
1464 12
1468 9
1469 4
1477 16
1479 20
1480 16
1482 19
1484 6
1488 11
1492 4
1496 11
1500 9
1502 21
1506 14
1512 17
1514 19
1515 16
1517 4
1523 17
1525 6
1533 5
1540 11
1545 16
1547 11
1554 12
1558 4
1562 12
1570 12
1578 3
1584 15
1586 16
1588 20
1590 4
1594 5
1599 4
1603 8
1605 13
1609 16
1611 6
1615 7
1618 1
1627 1
1637 12
1643 17
1645 18
1646 10
1647 15
1649 14
1654 17
1656 7
1658 12
1664 14
1670 11
1676 11
1682 14
1686 12
1694 5
1701 11
1708 9
1709 17
1711 19
1712 11
1719 16
1721 7
1723 1
1731 7
1733 8
1737 7
1740 11
1744 12
1752 15
1754 18
1755 10
1758 12
1764 13
1769 20
1770 15
1772 11
1778 7
1780 21
1784 12
1792 7
1794 15
1796 12
1802 14
1806 11
1811 12
1817 9
1819 11
1824 14
1828 5
1833 18
1834 7
1836 12
1844 5
1851 2
1858 7
1860 18
1861 9
1863 1
1872 13
1877 4
1883 12
1887 9
1888 3
1893 19
1894 16
1896 16
1898 18
1899 1
1906 1
1916 15
1918 1
1926 11
1931 7
1933 12
1941 9
1942 12
1948 14
1955 3
1962 20
1963 1
1971 20
1973 6
1979 9
1980 14
1985 1
1994 2
2003 11
2008 19
2010 6
2018 10
2019 11
2024 6
2032 15
2034 11
2038 16
2040 5
2047 14
2054 20
2056 18
2057 3
2062 15
2064 8
2066 1
2076 3
2081 16
2083 12
2087 18
2088 11
2094 8
2096 17
2098 9
2099 11
2106 16
2108 4
2114 15
2116 7
2119 16
2121 7
2124 12
2130 1
2140 7
2142 19
2144 2
2153 21
2157 20
2158 13
2163 12
2169 12
2173 18
2174 9
2176 3
2183 15
2185 16
2187 21
2191 15
2193 19
2194 3
2198 12
2204 8
2208 7
2211 12
2219 5
2226 18
2227 1
2236 16
2238 1
2248 14
2255 5
2261 1
2270 15
2272 15
2274 10
2275 11
2280 9
2282 14
2288 16
2290 20
2291 5
2295 17
2297 1
2305 18
2306 18
2307 18
2308 12
2314 11
2320 18
2321 12
2327 2
2336 12
2344 5
2349 11
2353 14
2360 8
2362 7
2365 16
2367 2
2376 3
2383 11
2389 18
2390 12
2396 18
2397 7
2399 8
2403 10
2406 9
2408 16
2410 11
2416 20
2417 3
2421 2
2430 6
2434 11
2440 18
2441 10
2442 18
2443 17
2445 17
2447 10
2450 2
2459 8
2463 11
2470 10
2473 3
2479 12
2485 11
2490 6
2496 19
2498 12
2506 20
2508 4
2516 10
2519 8
2523 10
2526 2
2533 11
2540 5
2545 2
2554 10
2557 10
2558 8
2560 16
2562 6
2568 19
2570 20
2572 11
2577 18
2578 11
2582 4
2586 8
2588 14
2594 14
2600 11
2605 21
2609 20
2611 20
2612 12
2618 5
2623 11
2629 18
2630 12
2636 5
2642 6
2646 12
2652 10
2655 11
2659 11
2665 10
2666 18
2667 11
2673 1
2680 17
2682 18
2683 11
2687 5
2691 3
2697 18
2698 12
2704 2
2713 4
2717 16
2719 9
2720 1
2727 13
2732 15
2734 15
2736 17
2738 19
2740 9
2741 4
2747 21
2751 14
2757 4
2761 11
2768 19
2769 9
2770 10
2771 17
2773 12
2781 11
2785 5
2792 13
2797 3
2804 2
2811 1
2821 9
2823 21
2827 11
2834 7
2836 12
2844 11
2849 3
2854 9
2855 21
2859 21
2863 8
2867 12
2873 18
2874 3
2880 4
2886 14
2890 14
2896 12
2902 6
2906 2
2915 17
2917 5
2921 6
2929 1
2937 12
2945 18
2946 18
2947 20
2949 18
2950 12
2954 8
2958 5
2965 3
2971 13
2975 17
2977 10
2980 20
2982 20
2983 5
2989 8
2993 18
2994 18
2995 9
2997 19
2999 20
3001 20
3002 11
3007 10
3008 18
3009 11
3014 10
3017 5
3022 18
3023 5
3029 11
3036 1
3044 14
3049 21
3053 16
3055 12
3061 21
3065 15
3067 20
3069 3
3074 13
3079 4
3085 9
3087 18
3088 2
3095 17
3097 3
3103 18
3104 11
3109 11
3114 15
3116 17
3118 4
3124 19
3126 1
3136 13
3141 10
3144 11
3149 12
3157 14
3164 20
3166 10
3167 11
3173 12
3179 7
3182 9
3184 12
3190 11
3195 1
3202 8
3206 8
3208 2
3217 5
3223 3
3230 8
3234 9
3236 5
3243 18
3244 18
3245 14
3252 16
3254 9
3256 5
3263 9
3264 12
3270 19
3271 5
3278 18
3279 7
3282 19
3283 7
3286 9
3288 4
3294 11
3299 19
3301 8
3305 5
3309 16
3311 4
3317 12
3325 8
3329 18
3330 9
3331 15
3333 1
3340 8
3342 18
3343 12
3351 16
3353 3
3358 4
3362 5
3368 1
3375 14
3379 14
3384 15
3386 5
3393 20
3395 5
3399 8
3403 11
3410 11
3417 15
3419 9
3421 21
3425 15
3427 12
3435 9
3436 15
3438 13
3443 20
3445 12
3453 13
3458 7
3460 10
3461 12
3465 9
3467 8
3469 18
3470 17
3472 3
3478 11
3485 12
3491 15
3493 11
3500 18
3501 11
3505 19
3507 11
3511 12
3517 18
3518 18
3519 16
3521 7
3523 12
3529 7
3531 4
3535 18
3536 3
3542 11
3548 1
3558 6
3564 11
3569 18
3570 11
3574 13
3579 9
3580 12
3586 15
3588 11
3592 11
3598 1
3608 20
3609 12
3617 3
3621 16
3623 17
3625 6
3631 3
3635 5
3641 11
3646 13
3650 11
3657 18
3658 9
3660 18
3661 1
3671 7
3673 15
3675 16
3677 19
3678 21
3682 10
3683 12
3689 12
3695 5
3699 21
3703 11
3709 21
3713 9
3714 11
3718 11
3722 11
3729 10
3732 9
3733 6
3739 11
3745 2
3754 8
3758 9
3759 11
3764 12
3770 11
3774 13
3779 12
3785 3
3791 2
3802 6
3808 12
3814 11
3818 14
3825 17
3827 17
3829 18
3830 10
3831 18
3832 15
3834 3
3839 21
3843 11
3849 3
3853 6
3859 18
3860 3
3866 12
3872 11
3877 3
3881 6
3889 20
3891 13
3897 12
3901 3
3908 13
3913 12
3921 4
3929 15
3931 15
3933 13
3939 2
3950 11
3957 7
3960 18
3961 19
3962 9
3963 1
3970 11
3976 20
3977 11
3983 12
3987 19
3989 5
3995 20
3997 10
4000 21
4004 1
4012 7
4014 19
4015 20
4016 8
4018 3
4024 5
4030 3
4034 21
4038 4
4044 8
4046 16
4048 20
4050 12
4054 17
4056 3
4061 17
4063 8
4067 7
4070 11
4074 10
4075 14
4082 4
4088 11
4095 11
4102 14
4107 8
4109 4
4115 7
4118 11
4124 20
4126 11
4133 16
4135 16
4137 12
4145 19
4147 20
4148 11
4153 12
4157 16
4159 13
4164 2
4171 12
4179 10
4182 21
4186 11
4190 11
4197 21
4201 15
4203 18
4204 11
4209 11
4215 15
4217 19
4219 19
4220 4
4226 4
4232 15
4234 7
4236 9
4238 11
4242 8
4244 21
4248 3
4252 9
4254 21
4258 16
4260 18
4261 12
4269 12
4277 11
4281 15
4283 19
4285 9
4287 20
4289 11
4296 11
4300 9
4302 7
4304 11
4311 10
4312 1
4322 11
4327 3
4331 15
4333 11
4339 1
4348 11
4354 20
4356 1
4363 10
4366 15
4368 4
4372 12
4376 12
4384 20
4385 5
4389 13
4393 17
4395 3
4401 12
4409 21
4413 12
4419 13
4424 4
4432 14
4437 6
4443 1
4451 18
4452 10
4453 15
4455 11
4461 2
4472 9
4473 4
4479 17
4481 11
4486 11
4490 1
4498 7
4501 21
4505 10
4508 11
4512 12
4516 3
4520 12
4526 2
4533 21
4537 15
4539 12
4545 11
4551 12
4557 16
4559 21
4563 12
4569 5
4574 8
4576 12
4582 15
4584 12
4592 9
4594 9
4595 11
4602 20
4603 4
4611 3
4618 2
4629 16
4631 7
4634 11
4639 16
4641 8
4643 2
4652 20
4654 16
4656 16
4658 10
4661 10
4662 21
4666 16
4668 19
4670 14
4676 21
4680 3
4686 12
4690 12
4694 8
4698 17
4700 4
4706 6
4710 21
4714 19
4715 18
4716 3
4723 2
4730 16
4732 12
4740 11
4747 8
4749 5
4754 14
4761 15
4763 18
4764 1
4773 16
4775 14
4782 6
4790 13
4794 12
4798 2
4809 11
4816 3
4820 21
4824 12
4828 11
4834 4
4842 13
4847 12
4853 12
4857 6
4863 12
4871 12
4877 12
4883 21
4887 16
4889 6
4893 3
4900 7
4903 18
4904 1
4911 12
4919 5
4925 19
4926 1
4936 15
4938 5
4945 20
4946 10
4947 6
4951 19
4952 1
4961 1
4970 20
4972 11
4979 4
4985 20
4987 18
4988 9
4989 18
4990 17
4992 15
4994 11
5000 8
5002 6
5010 14
5015 20
5016 1
5024 2
5031 2
5038 4
5042 19
5043 6
5047 13
5053 8
5055 11
5061 18
5062 11
5069 20
5071 21
5075 11
5080 12
5086 10
5089 20
5090 19
5091 5
5096 10
5099 9
5100 11
5104 20
5106 14
5110 3
5115 18
5116 2
5125 17
5127 14
5132 4
5136 14
5143 12
5149 9
5150 12
5154 4
5160 11
5166 16
5168 15
5170 11
5174 11
5178 20
5180 15
5182 11
5187 8
5189 15
5191 20
5193 11
5198 5
5205 17
5207 14
5212 1
5221 16
5223 16
5225 17
5227 20
5229 20
5231 12
5239 21
5243 5
5250 8
5254 11
5260 11
5266 19
5268 3
5275 12
5283 21
5287 20
5288 9
5289 21
5293 17
5295 5
5302 12
5308 2
5315 6
5321 11
5328 15
5330 12
5336 17
5338 2
5347 11
5353 5
5359 11
5365 11
5372 17
5374 11
5380 12
5384 16
5386 20
5388 17
5390 20
5392 12
5400 11
5407 6
5415 21
5419 15
5421 11
5427 16
5429 18
5430 18
5431 20
5433 8
5437 14
5442 11
5446 18
5447 15
5449 17
5451 3
5457 16
5459 9
5461 1
5468 9
5470 2
5481 13
5486 11
5492 7
5495 18
5496 20
5498 7
5500 15
5502 6
5510 11
5516 15
5518 11
5524 12
5530 21
5534 16
5536 13
5541 21
5545 18
5546 7
5548 12
5552 8
5556 11
5560 2
5569 8
5573 19
5575 6
5581 2
5592 19
5594 12
5600 12
5608 11
5613 10
5616 4
5622 8
5626 2
5635 11
5641 8
5643 9
5645 11
5649 11
5655 7
5658 17
5660 12
5666 13
5671 14
5677 10
5680 16
5682 11
5687 12
5691 3
5698 4
5702 15
5704 15
5706 15
5708 12
5714 11
5719 10
5720 12
5726 12
5734 2
5745 21
5749 17
5751 4
5757 14
5763 19
5764 20
5765 11
5772 15
5774 6
5780 11
5784 19
5785 12
5791 21
5795 17
5797 14
5802 3
5806 21
5810 18
5811 2
5822 19
5823 3
5829 15
5831 11
5838 17
5840 13
5845 9
5847 1
5856 11
5861 12
5867 7
5870 2
5881 16
5883 12
5889 18
5890 10
5893 1
5902 11
5907 11
5912 17
5914 12
5918 11
5925 12
5931 8
5933 5
5938 14
5942 1
5950 12
5956 15
5958 18
5959 5
5965 5
5971 11
5976 13
5981 1
5989 12
5995 18
5996 21
6000 7
6003 9
6004 7
6007 9
6009 12
6015 16
6017 12
6025 14
6032 5
6036 5
6042 19
6044 19
6046 2
6055 12
6061 11
6068 7
6071 11
6078 12
6084 11
6089 7
6092 1
6099 20
6100 11
6106 12
6110 12
6116 13
6120 12
6124 15
6126 9
6128 7
6130 11
6134 8
6136 10
6137 16
6139 9
6140 18
6141 12
6145 14
6149 4
6155 8
6157 3
6162 3
6167 18
6168 2
6177 12
6185 14
6189 16
6191 18
6192 13
6197 16
6199 3
6203 18
6204 11
6210 17
6212 21
6216 13
6220 19
6221 21
6225 5
6230 15
6232 11
6236 3
6240 18
6241 8
6243 15
6245 11
6251 12
6257 14
6262 5
6267 9
6268 11
6275 20
6277 14
6282 12
6290 5
6294 2
6303 15
6305 11
6310 9
6312 13
6316 15
6318 18
6319 11
6325 2
6334 12
6342 5
6349 12
6353 15
6355 15
6357 1
6367 12
6375 21
6379 15
6381 4
6389 19
6391 11
6398 9
6399 21
6403 6
6411 8
6415 12
6421 1
6431 14
6437 10
6438 10
6439 11
6445 9
6447 20
6448 21
6452 10
6453 11
6457 1
6467 2
6476 11
6483 15
6485 9
6487 8
6491 14
6497 7
6500 6
6506 11
6513 2
6524 7
6527 5
6533 4
6541 9
6543 20
6545 11
6552 16
6554 16
6556 15
6558 18
6559 20
6561 15
6563 11
6569 3
6576 20
6578 21
6582 4
6590 16
6592 12
6598 12
6602 17
6604 4
6610 12
6614 19
6616 15
6618 8
6622 12
6628 8
6630 18
6631 12
6637 1
6645 11
6651 12
6657 11
6662 12
6670 2
6679 11
6686 12
6692 1
6701 20
6703 1
6712 5
6719 4
6725 14
6729 6
6735 18
6736 18
6737 8
6741 8
6743 12
6749 5
6755 19
6756 2
6767 20
6769 12
6775 18
6776 18
6777 20
6778 13
6782 18
6783 12
6789 11
6793 11
6799 16
6801 19
6802 17
6804 18
6805 12
6811 12
6817 21
6821 10
6822 1
6829 12
6833 3
6840 12
6844 4
6850 12
6856 16
6858 2
6867 16
6869 12
6877 18
6878 12
6884 5
6890 5
6895 6
6901 11
6906 7
6909 6
6915 11
6920 17
6922 11
6927 9
6928 11
6932 12
6936 6
6940 10
6943 7
6946 6
6952 12
6956 18
6957 3
6961 6
6967 12
6973 11
6978 2
6989 14
6993 7
6995 3
7001 18
7002 13
7007 15
7009 5
7014 9
7015 1
7023 16
7025 11
7030 20
7032 3
7039 15
7041 12
7047 11
7051 6
7055 11
7061 2
7070 9
7071 12
7077 12
7081 11
7085 16
7087 11
7093 7
7096 19
7097 5
7103 18
7104 7
7107 11
7114 5
7118 12
7124 6
7130 10
7131 5
7135 18
7136 21
7140 3
7145 9
7146 9
7148 12
7154 2
7163 19
7165 11
7170 18
7171 12
7177 3
7183 20
7185 11
7190 20
7192 1
7199 17
7201 7
7203 18
7204 9
7205 18
7206 19
7207 12
7215 6
7221 18
7222 14
7228 2
7235 16
7237 11
7243 20
7245 11
7251 18
7252 11
7256 11
7262 13
7266 11
7271 6
7277 12
7281 11
7285 6
7291 18
7292 18
7293 9
7294 18
7295 17
7297 5
7303 13
7308 16
7310 12
7318 9
7320 18
7321 6
7327 1
7334 15
7336 6
7344 17
7346 6
7352 13
7356 17
7358 12
7362 12
7368 12
7376 10
7377 19
7379 9
7380 1
7388 1
7396 11
7403 5
7410 5
7415 4
7419 14
7424 17
7426 8
7430 13
7436 11
7442 5
7447 12
7453 19
7454 6
7462 19
7464 10
7467 12
7471 8
7473 8
7475 20
7477 1
7485 11
7489 8
7493 17
7495 9
7497 2
7506 11
7510 19
7511 15
7513 3
7519 11
7524 9
7526 20
7527 11
7531 9
7532 18
7533 5
7537 3
7541 7
7544 11
7551 11
7556 5
7563 6
7569 18
7570 12
7574 11
7579 18
7580 21
7584 1
7591 4
7597 12
7601 11
7608 15
7610 7
7612 18
7613 12
7619 6
7623 15
7625 6
7631 16
7633 12
7637 11
7641 4
7649 11
7656 12
7660 12
7666 12
7670 18
7671 11
7676 12
7682 14
7688 13
7694 2
7703 14
7708 4
7716 15
7718 11
7723 13
7728 10
7729 17
7731 12
7737 2
7744 19
7745 11
7751 10
7754 16
7756 21
7760 11
7767 18
7768 11
7774 16
7776 18
7777 10
7780 3
7786 5
7791 1
7799 19
7801 11
7807 1
7816 7
7818 16
7820 7
7823 4
7829 11
7834 11
7840 8
7844 15
7846 2
7853 20
7854 11
7859 3
7864 8
7868 21
7872 12
7880 4
7884 19
7885 17
7887 20
7888 8
7892 13
7897 20
7898 12
7906 13
7910 11
7917 7
7920 8
7922 11
7926 21
7930 16
7932 18
7933 2
7940 20
7941 6
7945 16
7947 21
7951 15
7953 12
7959 21
7963 1
7973 4
7979 13
7984 12
7992 8
7994 10
7997 20
7998 10
8001 11
8008 6
8014 9
8015 3
8022 9
8023 19
8024 7
8026 8
8030 6
8036 9
8037 20
8038 1
8045 11
8050 1
8058 11
8065 15
8067 20
8069 16
8071 10
8072 18
8073 12
8077 7
8080 20
8082 12
8086 11
8090 1
8100 10
8101 19
8102 9
8103 14
8110 11
8116 21
8120 9
8121 16
8123 5
8127 10
8130 7
8133 16
8135 18
8136 12
8142 4
8148 11
8153 19
8154 11
8158 11
8164 14
8171 6
8177 4
8183 17
8185 13
8191 16
8193 11
8197 20
8198 16
8200 11
8207 18
8208 17
8210 13
8215 9
8217 19
8218 7
8221 11
8226 21
8230 6
8234 11
8238 19
8240 12
8246 15
8248 9
8249 17
8251 3
8256 12
8262 7
8264 8
8268 2
8279 20
8280 15
8282 15
8284 19
8285 18
8286 11
8290 11
8294 14
8298 15
8300 11
8307 2
8318 18
8319 20
8321 11
8327 11
8331 11
8338 19
8340 15
8342 19
8344 7
8346 19
8348 7
8351 9
8353 7
8356 12
8362 11
8367 13
8371 9
8372 4
8378 14
8385 7
8387 18
8388 15
8390 5
8397 11
8401 7
8403 1
8412 19
8413 19
8415 8
8419 2
8428 4
8432 14
8438 11
8445 16
8447 15
8449 14
8456 19
8457 14
8462 15
8464 3
8468 2
8477 20
8478 14
8482 2
8493 8
8497 19
8499 15
8501 15
8503 16
8505 9
8506 9
8507 15
8509 19
8511 4
8519 13
8523 3
8529 15
8531 21
8535 9
8537 12
8543 5
8547 1
8556 15
8558 8
8562 1
8569 19
8571 19
8572 9
8573 17
8575 18
8576 2
8583 8
8585 19
8587 11
8594 14
8601 7
8604 8
8608 8
8612 3
8617 5
8623 9
8624 1
8634 11
8638 21
8642 11
8649 13
8655 12
8663 20
8665 11
8670 12
8676 21
8680 3
8686 1
8695 6
8699 7
8701 3
8708 16
8710 11
8716 18
8717 12
8723 9
8724 20
8725 11
8731 17
8733 18
8734 11
8738 19
8739 20
8740 13
8744 5
8751 4
8757 5
8763 10
8764 13
8769 8
8771 7
8774 14
8778 4
8784 19
8786 13
8791 6
8797 2
8808 4
8814 17
8816 11
8823 3
8830 13
8836 11
8840 15
8842 11
8846 3
8851 3
8858 3
8862 8
8864 1
8872 11
8879 15
8881 11
8887 9
8889 12
8895 11
8900 12
8906 5
8913 12
8919 12
8923 18
8924 2
8931 15
8933 5
8937 7
8939 19
8940 12
8946 11
8953 7
8955 11
8962 17
8964 16
8966 19
8968 9
8970 18
8971 1
8980 17
8982 12
8986 8
8988 4
8994 12
9000 1
9010 12
9018 19
9020 14
9026 9
9027 4
9033 2
9040 3
9047 12
9053 13
9058 12
9064 18
9065 4
9071 7
9073 1
9082 14
9086 3
9092 2
9101 12
9109 14
9115 15
9117 1
9125 12
9133 15
9135 11
9139 20
9140 14
9144 9
9145 15
9147 21
9151 18
9152 12
9160 3
9164 8
9168 13
9172 10
9175 16
9177 6
9185 12
9191 9
9193 18
9194 2
9205 16
9207 16
9209 12
9213 19
9215 16
9217 10
9220 15
9222 18
9223 6
9229 18
9230 11
9237 12
9241 13
9246 13
9252 18
9253 10
9254 7
9256 12
9260 20
9261 5
9268 17
9270 15
9272 3
9277 7
9279 8
9281 12
9289 3
9295 10
9298 16
9300 11
9305 17
9307 11
9314 19
9315 11
9322 13
9326 12
9330 12
9338 6
9344 10
9347 3
9354 18
9355 16
9357 17
9359 11
9365 9
9367 13
9373 17
9375 18
9376 4
9384 21
9388 17
9390 11
9394 18
9395 15
9397 10
9400 16
9402 17
9404 15
9406 19
9408 11
9412 11
9419 3
9426 10
9429 11
9435 13
9441 10
9444 18
9445 16
9447 3
9453 9
9455 3
9459 16
9461 11
9468 5
9473 2
9482 14
9489 21
9493 12
9499 11
9503 1
9510 12
9516 11
9522 11
9526 12
9532 11
9538 19
9540 4
9546 9
9547 8
9549 16
9551 6
9555 3
9561 3
9567 12
9573 6
9579 4
9585 11
9589 2
9598 16
9600 1
9607 14
9613 13
9618 12
9626 11
9631 20
9633 17
9635 11
9639 2
9648 13
9653 17
9655 19
9657 8
9661 2
9670 17
9672 11
9677 18
9678 16
9680 14
9686 3
9691 16
9693 16
9695 18
9696 21
9700 3
9706 21
9710 2
9721 11
9727 7
9730 3
9737 19
9739 1
9749 11
9756 21
9760 16
9762 9
9763 12
9769 18
9770 19
9771 20
9772 3
9778 18
9779 12
9787 8
9789 13
9793 7
9796 5
9803 15
9805 3
9811 12
9817 11
9823 12
9829 5
9836 19
9837 9
9838 7
9841 11
9848 1
9856 11
9861 5
9866 9
9867 12
9875 16
9877 13
9881 11
9886 19
9888 17
9890 2
9899 9
9901 4
9905 17
9907 10
9910 16
9912 1
9922 14
9927 10
9928 3
9934 18
9935 9
9936 15
9938 8
9942 17
9944 18
9945 1
9952 18
9953 5
9958 9
9959 16
9961 18
9962 12
9968 11
9974 17
9976 3
9981 18
9982 18
9983 19
9984 16
9986 5
9991 1
10000 12
10008 11
10012 17
10014 7
10016 20
10017 5
10021 11
10028 12
10036 5
10043 2
10050 16
10052 15
10054 12
10060 7
10063 20
10064 14
10068 17
10070 19
10072 20
10074 6
10082 17
10084 7
10087 11
10094 15
10096 3
10100 11
10106 6
10112 15
10114 6
10120 11
10127 10
10128 2
10135 6
10139 15
10141 18
10142 11
10148 19
10149 11
10154 20
10156 13
10161 21
10165 3
10169 12
10177 1
10185 20
10186 16
10188 4
10196 18
10197 6
10203 7
10206 5
10212 14
10217 4
10223 11
10227 6
10235 3
10240 15
10242 14
10249 19
10251 14
10258 12
10264 3
10271 17
10273 15
10275 10
10278 4
10284 13
10288 11
10294 14
10301 3
10307 3
10311 20
10313 6
10321 1
10331 5
10335 1
10344 8
10346 17
10348 21
10352 15
10354 1
10362 3
10368 5
10374 9
10376 21
10380 13
10385 11
10392 19
10393 11
10399 7
10402 6
10406 2
10417 12
10421 13
10425 12
10429 18
10430 9
10431 19
10432 1
10442 11
10446 15
10448 10
10449 3
10454 15
10456 10
10459 2
10468 8
10470 12
10476 5
10480 1
10490 12
10496 1
10506 15
10508 10
10511 11
10517 3
10522 18
10523 6
10529 15
10531 12
10537 13
10542 15
10544 4
10552 16
10554 18
10555 12
10563 21
10567 12
10573 20
10575 11
10582 16
10584 11
10588 12
10592 8
10594 20
10596 17
10598 12
10602 14
10609 1
10617 14
10624 13
10629 12
10633 4
10639 18
10640 17
10642 7
10644 19
10646 14
10653 14
10659 20
10661 16
10663 9
10664 6
10672 12
10676 1
10685 11
10692 2
10699 14
10705 11
10709 13
10715 18
10716 7
10719 8
10723 10
10724 10
10725 1
10732 11
10739 18
10740 19
10741 12
10749 5
10756 5
10762 5
10768 11
10772 8
10776 15
10778 15
10780 11
10787 18
10788 18
10789 16
10791 5
10796 20
10798 12
10804 4
10808 21
10812 1
10820 17
10822 2
10829 18
10830 11
10835 5
10839 10
10842 3
10848 7
10850 8
10854 11
10860 10
10861 19
10863 15
10865 11
10869 15
10871 1
10878 11
10884 3
10891 17
10893 11
10897 7
10899 18
10900 17
10902 15
10904 11
10908 11
10915 18
10916 9
10917 5
10923 3
10930 9
10931 10
10934 13
10938 20
10939 14
10944 11
10951 18
10952 8
10954 4
10958 11
10964 6
10970 11
10975 12
10981 12
10987 11
10992 16
10994 11
10999 7
11001 17
11003 3
11010 2
11019 14
11023 12
11029 11
11035 17
11037 18
11038 12
11042 16
11044 16
11046 12
11052 20
11054 19
11056 8
11058 11
11063 16
11065 21
11069 12
11075 1
11083 14
11090 5
11094 12
11100 18
11101 10
11102 15
11104 4
11108 12
11112 8
11116 13
11121 6
11127 11
11133 11
11139 13
11144 7
11146 8
11150 12
11158 19
11160 12
11166 17
11168 3
11173 18
11174 19
11176 12
11182 19
11184 13
11189 12
11195 2
11204 11
11211 1
11221 16
11223 6
11229 16
11231 13
11237 10
11240 12
11248 14
11252 20
11254 11
11261 11
11265 17
11267 7
11269 4
11277 13
11282 7
11284 1
11294 15
11296 5
11303 20
11304 12
11310 3
11315 21
11319 14
11323 4
11329 17
11331 8
11335 15
11337 11
11341 5
11348 16
11350 8
11354 13
11359 21
11363 4
11369 1
11379 16
11381 13
11387 13
11393 11
11397 1
11407 3
11414 18
11415 3
11422 12
11430 8
11432 21
11436 4
11442 4
11448 7
11450 12
11458 2
11469 21
11473 4
11481 19
11482 11
11486 15
11488 1
11497 1
11506 13
11512 12
11518 15
11520 1
11527 21
11531 7
11533 16
11535 19
11537 2
11546 5
11551 15
11553 15
11555 2
11564 17
11566 3
11573 5
11578 1
11586 7
11589 11
11594 8
11596 17
11598 17
11600 18
11601 11
11606 15
11608 21
11612 11
11619 17
11621 3
11628 3
11633 13
11639 11
11643 20
11645 11
11649 18
11650 2
11659 11
11664 3
11670 10
11671 5
11676 6
11680 11
11684 17
11686 7
11689 11
11693 5
11700 21
11704 11
11710 14
11717 8
11719 11
11724 7
11726 7
11728 8
11730 2
11739 10
11740 18
11741 19
11742 13
11748 1
11757 11
11764 8
11766 21
11770 17
11772 11
11776 20
11778 3
11782 21
11786 18
11787 2
11794 9
11796 10
11797 2
11806 6
11814 12
11820 13
11825 5
11832 16
11834 20
11835 18
11836 11
11841 14
11847 6
11853 8
11857 2
11866 9
11868 11
11873 14
11879 15
11881 1
11890 4
11896 11
11900 1
11908 6
11916 2
11923 12
11929 8
11931 12
11939 10
11940 18
11941 1
11951 15
11953 6
11957 3
11961 14
11965 8
11969 14
11976 7
11979 2
11990 1
11999 18
12000 1
12007 8
12009 18
12010 13
12015 4
12021 2
12030 11
12034 21
12038 13
12043 11
12047 19
12049 1
12056 2
12065 20
12067 20
12069 17
12071 5
12075 4
12081 13
12085 21
12089 3
12094 6
12098 12
12102 18
12103 10
12104 3
12108 8
12110 18
12111 11
12117 4
12125 15
12127 6
12131 17
12133 15
12135 3
12141 15
12143 2
12152 18
12153 1
12160 9
12161 8
12163 9
12164 12
12168 11
12174 3
12179 18
12180 11
12184 5
12188 12
12194 19
12196 7
12198 10
12199 11
12205 6
12211 16
12213 7
12216 6
12222 15
12224 14
12229 18
12230 3
12236 17
12238 20
12239 9
12240 18
12241 15
12243 10
12244 20
12246 17
12248 9
12250 9
12252 11
12257 10
12260 5
12267 11
12274 4
12280 18
12281 15
12283 8
12287 12
12295 2
12306 6
12310 4
12316 12
12324 11
12328 20
12329 18
12330 18
12331 20
12332 3
12336 13
12342 20
12344 18
12345 3
12349 11
12354 19
12356 21
12360 11
12366 4
12370 3
12374 4
12380 20
12382 18
12383 8
12387 8
12389 8
12391 9
12393 8
12397 8
12399 21
12403 11
12407 11
12412 17
12414 11
12421 10
12422 12
12430 18
12431 11
12437 12
12441 21
12445 8
12449 20
12450 11
12456 15
12458 7
12460 17
12462 4
12468 18
12469 3
12474 21
12478 8
12480 1
12488 15
12490 18
12491 11
12498 18
12499 7
12502 9
12503 11
12507 9
12509 4
12517 4
12525 2
12534 12
12540 10
12543 18
12544 16
12546 2
12555 5
12560 4
12566 8
12568 20
12570 2
12581 6
12589 1
12597 2
12604 4
12612 11
12619 13
12624 13
12629 16
12631 11
12636 21
12640 4
12644 9
12645 5
12652 16
12654 12
12660 13
12664 1
12672 12
12676 18
12677 1
12684 10
12687 10
12688 18
12689 21
12693 7
12696 11
12703 15
12705 11
12712 14
12718 17
12720 7
12723 18
12724 3
12728 8
12732 4
12738 13
12743 21
12747 19
12749 11
12753 9
12755 12
12763 9
12765 14
12770 8
12774 6
12782 15
12784 12
12790 21
12794 3
12800 11
12806 21
12810 17
12812 12
12820 10
12823 12
12829 15
12831 20
12833 4
12839 5
12846 16
12848 20
12850 8
12854 7
12856 4
12862 19
12864 6
12872 7
12874 11
12879 9
12881 9
12883 13
12888 12
12892 13
12897 18
12898 9
12899 14
12904 9
12905 12
12911 6
12917 12
12921 16
12923 11
12927 10
12930 19
12932 12
12936 6
12942 1
12949 12
12955 20
12956 19
12957 15
12959 18
12960 7
12963 3
12969 7
12972 3
12976 11
12981 18
12982 18
12983 5
12987 7
12990 11
12995 21
12999 10
13000 15
13002 13
13006 12
13012 19
13013 13
13019 13
13025 21
13029 10
13030 9
13031 21
13035 8
13039 11
13045 1
13055 5
13062 5
13067 19
13069 11
13075 11
13080 14
13087 15
13089 9
13091 6
13095 14
13099 12
13105 18
13106 11
13113 4
13119 11
13126 12
13130 6
13134 6
13140 11
13145 18
13146 18
13147 15
13149 11
13154 15
13156 21
13160 5
13167 12
13173 9
13175 12
13179 19
13181 11
13185 11
13190 3
13195 18
13196 12
13202 5
13206 5
13210 1
13218 15
13220 11
13224 15
13226 3
13230 15
13232 3
13236 4
13242 15
13244 21
13248 11
13252 3
13259 5
13263 11
13269 3
13274 10
13275 5
13280 3
13284 9
13286 9
13288 12
13296 11
13300 8
13304 8
13308 21
13312 14
13319 3
13326 8
13328 12
13334 10
13335 14
13341 19
13342 14
13349 2
13360 20
13361 21
13365 10
13366 12
13372 5
13376 13
13381 21
13385 13
13391 12
13395 16
13397 2
13404 11
13410 14
13417 15
13419 14
13424 1
13434 9
13436 9
13437 13
13442 4
13446 2
13455 15
13457 6
13465 18
13466 19
13468 3
13474 16
13476 12
13480 8
13484 7
13487 18
13488 19
13490 20
13492 15
13494 1
13501 20
13502 12
13506 12
13512 8
13516 18
13517 12
13521 13
13527 12
13535 18
13536 2
13543 9
13544 8
13548 9
13549 6
13555 11
13560 11
13566 4
13574 11
13581 20
13582 12
13588 2
13599 17
13601 4
13607 15
13609 2
13618 1
13625 11
13629 4
13635 9
13636 4
13642 3
13649 1
13658 14
13665 16
13667 7
13670 16
13672 11
13677 16
13679 11
13684 3
13691 11
13696 5
13700 11
13704 16
13706 5
13713 12
13719 9
13721 20
13722 12
13726 15
13728 14
13734 3
13739 20
13741 14
13748 7
13750 15
13752 6
13758 18
13759 11
13765 13
13770 1
13777 11
13782 3
13786 6
13792 15
13794 1
13803 20
13805 11
13809 3
13815 3
13822 16
13824 9
13826 17
13828 7
13831 11
13838 11
13845 3
13852 9
13854 21
13858 12
13864 13
13869 2
13880 18
13881 14
13885 9
13886 15
13888 12
13896 1
13906 18
13907 12
13915 8
13919 2
13928 1
13937 3
13942 5
13947 3
13951 18
13952 19
13954 17
13956 12
13960 15
13962 9
13963 17
13965 12
13973 19
13974 1
13981 16
13983 11
13989 12
13993 4
13999 1
14006 12
14014 16
14016 16
14018 15
14020 7
14022 12
14026 2
14033 5
14038 6
14044 15
14046 18
14047 17
14049 1
14057 16
14059 1
14067 8
14071 3
14076 17
14078 9
14080 14
14087 21
14091 15
14093 3
14098 10
14101 20
14103 14
14108 4
14116 19
14117 5
14121 13
14125 12
14133 11
14138 10
14139 10
14140 13
14144 9
14146 21
14150 18
14151 17
14153 8
14157 9
14158 1
14167 14
14173 5
14178 7
14180 10
14183 11
14190 10
14193 3
14200 12
14206 18
14207 14
14214 19
14216 5
14223 8
14227 1
14236 4
14242 10
14243 15
14245 19
14247 11
14252 7
14255 15
14257 9
14258 18
14259 2
14266 3
14270 16
14272 9
14273 7
14275 18
14276 2
14283 6
14287 21
14291 20
14292 2
14301 14
14306 18
14307 16
14309 11
14315 20
14317 8
14319 14
14323 19
14324 16
14326 21
14330 2
14339 9
14341 21
14345 20
14346 5
14350 3
14354 17
14356 8
14360 18
14361 17
14363 18
14364 7
14367 11
14371 5
14378 7
14381 18
14382 13
14387 11
14394 3
14401 4
14405 4
14409 10
14412 19
14413 9
14414 9
14416 21
14420 13
14425 11
14431 21
14435 5
14441 12
14449 3
14453 7
14455 13
14460 3
14465 12
14469 11
14476 17
14478 21
14482 11
14486 11
14490 12
14494 12
14498 19
14500 16
14502 11
14509 12
14513 19
14515 5
14521 3
14525 16
14527 15
14529 12
14533 2
14542 19
14543 19
14545 7
14547 12
14555 12
14563 3
14569 10
14572 17
14574 19
14576 19
14578 21
14582 15
14584 17
14586 18
14587 12
14595 4
14599 3
14606 6
14614 1
14624 18
14625 2
14634 11
14639 19
14640 9
14641 15
14643 7
14646 1
14653 18
14654 19
14656 7
14659 11
14665 6
14669 18
14670 21
14674 11
14680 18
14681 12
14687 2
14694 1
14702 6
14706 9
14708 14
14712 14
14716 7
14719 20
14721 5
14726 12
14730 18
14731 20
14732 11
14737 3
14744 17
14746 20
14748 3
14755 13
14760 20
14762 12
14766 11
14770 6
14774 21
14778 1
14788 13
14793 19
14794 15
14796 7
14799 15
14801 11
14808 7
14810 17
14812 18
14813 11
14818 12
14826 14
14830 10
14833 20
14834 11
14838 3
14842 11
14847 3
14852 5
14859 16
14861 2
14872 11
14877 3
14881 1
14888 17
14890 20
14892 11
14898 3
14905 4
14913 12
14917 20
14918 18
14919 12
14927 7
14930 15
14932 7
14934 12
14942 5
14947 9
14948 15
14950 17
14952 14
14957 18
14958 9
14959 11
14964 9
14966 18
14967 21
14971 15
14973 11
14979 14
14984 11
14990 7
14992 11
14997 5
15001 18
15002 12
15008 1
15018 9
15020 7
15022 9
15023 2
15034 18
15035 18
15036 1
15045 6
15053 14
15059 1
15067 11
15072 9
15074 15
15076 11
15080 12
15086 18
15087 9
15089 4
15093 9
15094 10
15097 13
15101 19
15103 11
15108 2
15117 20
15118 11
15124 7
15126 19
15127 17
15129 5
15136 4
15142 11
15146 18
15147 12
15151 11
15156 17
15158 12
15164 3
15171 6
15177 14
15182 9
15183 12
15187 16
15189 12
15195 18
15196 18
15197 12
15203 7
15206 2
15215 18
15216 15
15218 15
15220 16
15222 13
15226 1
15235 15
15237 12
15243 9
15245 8
15247 7
15249 17
15251 5
15257 6
15263 18
15264 20
15266 1
15274 8
15278 6
15284 3
15291 11
15297 16
15299 9
15300 12
15308 11
15313 5
15317 6
15321 10
15324 11
15331 18
15332 1
15341 12
15347 2
15358 11
15364 17
15366 8
15368 6
15374 12
15382 8
15384 9
15385 1
15393 18
15394 8
15396 5
15403 20
15404 3
15410 19
15412 14
15417 18
15418 20
15420 18
15421 12
15427 19
15429 3
15436 11
15443 6
15447 9
15449 16
15451 18
15452 11
15459 13
15464 5
15470 15
15472 18
15473 4
15477 1
15487 12
15495 16
15497 19
15499 12
15503 17
15505 19
15507 18
15508 18
15509 11
15515 8
15519 18
15520 2
15529 20
15530 17
15532 11
15538 8
15542 5
15549 18
15550 15
15552 11
15557 16
15559 12
15565 19
15566 8
15570 11
15577 5
15582 7
15585 15
15587 19
15589 13
15594 18
15595 18
15596 9
15598 11
15603 11
15608 21
15612 2
15623 11
15628 15
15630 20
15632 15
15634 19
15636 14
15642 12
15646 16
15648 12
15652 11
15658 18
15659 9
15661 16
15663 15
15665 2
15676 3
15682 13
15687 16
15689 15
15691 4
15697 18
15698 4
15704 3
15708 7
15711 6
15719 19
15720 11
15727 12
15733 1
15742 12
15746 12
15754 7
15756 6
15762 21
15766 17
15768 11
15775 11
15782 1
15789 3
15793 12
15801 11
15805 18
15806 2
15815 5
15822 20
15823 2
15834 12
15840 5
15844 21
15848 12
15854 21
15858 14
15865 20
15866 4
15874 7
15877 12
15883 8
15887 5
15892 11
15897 15
15899 17
15901 6
15905 21
15909 13
15913 19
15915 21
15919 2
15930 14
15937 11
15944 17
15946 18
15947 18
15948 11
15955 8
15957 21
15961 19
15963 20
15965 9
15967 11
15974 19
15975 17
15977 18
15978 11
15983 15
15985 16
15987 10
15988 17
15990 7
15993 11
16000 9
16001 13
16007 14
16012 11
16017 17
16019 18
16020 14
16025 11
16032 17
16034 10
16035 12
16043 13
16049 11
16053 15
16055 1
16062 21
16066 12
16074 21
16078 15
16080 20
16082 3
16089 8
16091 4
16099 6
16105 13
16109 10
16110 15
16112 15
16114 18
16115 14
16120 21
16124 11
16129 2
16138 21
16142 5
16149 1
16157 18
16158 18
16159 4
16165 6
16171 3
16178 7
16180 5
16186 11
16191 2
16200 14
16205 20
16207 16
16209 18
16210 21
16214 12
16222 20
16223 1
16230 6
16234 7
16236 7
16238 15
16240 19
16241 15
16243 2
16252 19
16253 8
16257 19
16258 21
16262 9
16264 19
16265 9
16266 12
16274 12
16280 18
16281 11
16287 13
16292 9
16293 2
16304 12
16312 20
16314 3
16320 2
16327 17
16329 3
16336 4
16342 11
16347 18
16348 17
16350 11
16354 2
16363 11
16368 4
16374 18
16375 18
16376 12
16382 11
16387 13
16392 17
16394 11
16401 11
16408 4
16412 17
16414 17
16416 17
16418 2
16429 5
16434 1
16444 16
16446 12
16452 13
16457 4
16461 12
16467 20
16469 11
16473 5
16480 17
16482 3
16486 5
16493 15
16495 6
16499 21
16503 19
16505 11
16510 12
16516 18
16517 20
16518 11
16522 18
16523 9
16524 11
16528 11
16532 1
16541 18
16542 5
16549 20
16551 2
16562 21
16566 16
16568 17
16570 3
16575 11
16579 10
16582 20
16583 17
16585 13
16590 13
16594 20
16595 12
16603 19
16605 21
16609 7
16612 11
16619 11
16626 4
16632 9
16633 13
16637 11
16644 2
16651 12
16657 1
16664 17
16666 18
16667 1
16676 5
16682 3
16688 20
16689 5
16693 16
16695 8
16697 21
16701 15
16703 19
16704 1
16711 2
16720 3
16726 3
16732 18
16733 12
16739 2
16748 13
16752 19
16753 11
16757 10
16758 11
16765 13
16770 2
16779 5
16783 2
16790 9
16791 11
16796 18
16797 9
16799 11
16803 11
16807 12
16811 7
16814 11
16820 4
16824 6
16832 9
16834 17
16836 19
16837 17
16839 11
16845 17
16847 14
16851 10
16852 13
16858 13
16862 5
16866 16
16868 8
16870 2
16879 2
16890 7
16893 12
16901 11
16906 19
16907 16
16909 1
16917 21
16921 12
16927 1
16934 17
16936 14
16940 2
16947 9
16949 11
16954 5
16959 4
16963 2
16972 12
16978 11
16985 14
16990 5
16997 14
17001 8
17003 17
17005 9
17006 18
17007 11
17014 15
17016 5
17021 1
17031 11
17037 10
17038 2
17049 5
17053 11
17059 2
17068 8
17072 12
17076 10
17079 12
17083 11
17090 12
17096 1
17103 13
17107 6
17113 11
17118 1
17127 14
17134 6
17138 11
17142 8
17144 16
17146 12
17152 18
17153 8
17157 6
17163 5
17169 15
17171 2
17180 10
17183 1
17192 19
17194 15
17196 16
17198 3
17202 20
17203 2
17214 18
17215 11
17221 12
17227 15
17229 16
17231 21
17235 6
17243 19
17245 6
17253 20
17254 1
17262 12
17268 5
17274 3
17281 6
17285 11
17289 12
17293 1
17301 20
17302 11
17307 13
17311 17
17313 15
17315 21
17319 13
17323 21
17327 11
17333 19
17334 7
17336 5
17343 10
17346 5
17352 6
17358 10
17359 17
17361 14
17368 12
17372 19
17373 11
17380 19
17381 20
17383 13
17387 11
17393 5
17398 2
17405 19
17407 6
17413 11
17419 15
17421 13
17425 13
17430 10
17433 4
17441 11
17447 10
17450 21
17454 8
17456 6
17460 16
17462 11
17469 13
17474 4
17480 11
17487 4
17491 20
17493 19
17494 11
17499 1
17506 20
17507 7
17509 12
17515 21
17519 6
17525 16
17527 18
17528 3
17534 18
17535 12
17541 7
17543 10
17544 12
17550 11
17557 6
17561 2
17570 14
17577 17
17579 14
17584 9
17586 16
17588 3
17593 10
17596 15
17598 7
17600 5
17605 11
17609 10
17610 7
17613 5
17620 4
17626 17
17628 18
17629 13
17634 11
17639 11
17646 21
17650 12
17656 11
17663 11
17668 1
17675 14
17679 13
17684 18
17685 16
17687 20
17689 7
17692 18
17693 11
17699 5
17703 20
17705 12
17711 7
17713 5
17719 17
17721 8
17725 11
17731 20
17733 20
17734 19
17735 17
17737 12
17743 19
17744 1
17753 1
17760 7
17763 4
17769 13
17774 14
17778 4
17784 6
17790 19
17791 18
17792 5
17798 13
17803 6
17809 21
17813 11
17820 9
17822 6
17830 16
17832 11
17838 19
17839 5
17844 13
17848 18
17849 8
17853 11
17857 19
17858 10
17859 11
17865 18
17866 15
17868 21
17872 9
17874 11
17878 6
17884 11
17890 3
17894 20
17896 4
17902 20
17903 12
17909 21
17913 17
17915 9
17917 15
17919 9
17920 21
17924 4
17932 15
17934 11
17940 1
17949 18
17950 15
17952 18
17953 6
17957 9
17959 17
17961 15
17963 8
17967 20
17968 8
17972 11
17977 12
17983 11
17988 19
17989 1
17998 19
18000 13
18005 3
18011 12
18017 19
18019 12
18027 18
18028 10
18031 16
18033 16
18035 15
18037 17
18039 1
18047 6
18053 8
18055 6
18063 11
18069 7
18072 16
18074 11
18080 12
18084 19
18086 21
18090 15
18092 17
18094 5
18101 15
18103 13
18108 3
18113 21
18117 11
18124 12
18128 18
18129 11
18135 4
18141 17
18143 11
18148 15
18150 9
18151 11
18156 2
18165 11
18169 16
18171 14
18178 21
18182 17
18184 21
18188 18
18189 18
18190 2
18199 8
18203 14
18210 11
18217 8
18221 2
18230 5
18236 2
18245 16
18247 18
18248 2
18257 15
18259 1
18268 12
18272 18
18273 9
18275 12
18281 3
18285 20
18286 14
18293 18
18294 16
18296 6
18302 7
18304 1
18313 2
18320 18
18321 13
18325 20
18326 4
18330 21
18334 21
18338 6
18344 5
18349 13
18354 15
18356 12
18362 10
18363 20
18365 15
18367 7
18369 2
18376 8
18380 2
18389 11
18393 18
18394 18
18395 18
18396 20
18397 18
18398 18
18399 3
18405 20
18407 13
18412 4
18416 19
18418 8
18422 2
18429 2
18436 15
18438 21
18442 9
18443 18
18444 5
18448 11
18453 13
18458 9
18460 20
18461 12
18467 15
18469 12
18475 18
18476 11
18480 11
18486 12
18492 18
18493 8
18495 9
18497 18
18498 11
18504 11
18510 14
18514 12
18518 18
18519 14
18523 13
18528 7
18530 11
18536 10
18537 12
18545 16
18547 18
18548 8
18550 18
18551 4
18557 14
18561 1
18571 6
18575 17
18577 6
18585 1
18594 20
18595 9
18596 11
18603 12
18609 18
18610 12
18614 9
18615 21
18619 4
18623 5
18630 14
18636 4
18644 10
18645 11
18649 12
18653 11
18657 8
18661 6
18667 3
18671 12
18675 1
18683 18
18684 11
18689 12
18697 15
18699 5
18705 16
18707 5
18714 7
18716 1
18723 6
18731 15
18733 10
18734 13
18739 21
18743 12
18749 16
18751 19
18752 4
18758 7
18760 2
18767 14
18772 9
18774 12
18782 4
18790 21
18794 18
18795 7
18798 14
18805 2
18814 2
18821 1
18828 17
18830 1
18839 12
18845 6
18851 3
18856 19
18857 21
18861 12
18865 8
18867 18
18868 6
18874 1
18884 8
18886 3
18893 1
18901 13
18905 14
18911 13
18915 18
18916 4
18924 11
18928 8
18932 15
18934 5
18938 18
18939 12
18945 8
18947 12
18951 9
18953 11
18958 13
18962 11
18966 17
18968 10
18969 8
18973 13
18977 16
18979 4
18985 16
18987 16
18989 17
18991 8
18995 12
19003 3
19008 15
19010 5
19017 14
19021 11
19026 12
19030 11
19037 4
19043 13
19049 14
19054 16
19056 9
19058 20
19060 7
19062 16
19064 12
19068 5
19075 1
19084 6
19090 11
19097 3
19101 3
19105 14
19111 11
19116 11
19120 19
19122 16
19124 16
19126 11
19133 17
19135 18
19136 18
19137 4
19141 18
19142 10
19143 21
19147 7
19150 3
19155 16
19157 15
19159 12
19163 18
19164 3
19169 6
19175 18
19176 15
19178 11
19183 18
19184 12
19190 20
19191 16
19193 9
19195 18
19196 11
19200 1
19208 14
19214 18
19215 12
19223 20
19225 8
19229 13
19234 20
19236 17
19238 5
19243 13
19248 9
19250 11
19256 14
19261 4
19269 11
19275 3
19279 3
19286 18
19287 14
19291 3
19297 16
19299 11
19304 3
19311 7
19313 17
19315 15
19317 20
19319 16
19321 10
19324 18
19325 9
19327 20
19328 17
19330 1
19340 18
19341 20
19343 8
19345 12
19351 4
19359 19
19361 20
19363 1
19373 15
19375 20
19377 12
19383 5
19388 3
19393 16
19395 15
19397 11
19404 11
19408 18
19409 5
19414 5
19418 10
19421 14
19427 14
19432 3
19436 9
19437 18
19438 3
19442 12
19450 4
19456 11
19463 15
19465 3
19472 6
19478 5
19484 15
19486 3
19491 20
19492 18
19493 12
19499 18
19500 4
19504 16
19506 13
19511 19
19512 7
19514 4
19518 7
19521 7
19524 16
19526 12
19532 16
19534 12
19540 17
19542 20
19543 17
19545 17
19547 3
19553 20
19554 12
19560 8
19564 7
19567 7
19570 21
19574 10
19575 8
19577 3
19584 11
19588 17
19590 20
19591 3
19595 8
19599 12
19607 13
19612 8
19614 3
19620 16
19622 11
19627 19
19629 15
19631 9
19633 7
19636 3
19643 12
19651 14
19655 12
19663 13
19668 18
19669 16
19671 21
19675 7
19678 14
19683 7
19685 7
19687 17
19689 7
19691 11
19695 16
19697 21
19701 12
19709 2
19716 16
19718 11
19725 10
19726 12
19730 10
19733 7
19735 11
19741 21
19745 11
19749 8
19753 13
19758 5
19764 5
19769 9
19770 10
19773 15
19775 8
19779 14
19784 21
19788 19
19790 11
19794 21
19798 1
19806 11
19811 15
19813 11
19818 13
19822 9
19824 5
19831 11
19837 1
19845 17
19847 17
19849 11
19854 11
19861 4
19869 15
19871 14
19876 3
19880 11
19884 3
19888 8
19892 11
19897 1
19907 20
19909 5
19916 7
19919 18
19920 18
19921 2
19930 20
19931 12
19939 11
19946 3
19952 13
19957 13
19962 5
19968 12
19972 16
19974 13
19979 2
19986 19
19987 9
19989 12
19995 11
20002 11
20008 9
20009 13
20014 10
20015 1
20025 18
20026 18
20027 20
20028 13
20032 18
20033 3
20038 20
20040 10
20043 18
20044 12
20052 17
20054 6
20060 11
20067 3
20071 18
20072 9
20074 14
20080 6
20086 11
20092 10
20093 19
20095 20
20097 11
20103 4
20111 11
20116 12
20124 11
20128 5
20135 18
20136 18
20137 11
20141 4
20147 15
20149 1
20158 4
20166 9
20167 3
20172 13
20177 8
20179 17
20181 11
20187 12
20195 13
20199 2
20208 11
20212 4
20216 1
20224 12
20230 1
20239 8
20243 13
20249 4
20253 4
20261 19
20262 19
20264 11
20271 10
20274 1
20282 18
20283 3
20290 2
20301 11
20305 19
20307 14
20313 18
20314 5
20321 9
20323 11
20327 21
20331 16
20333 4
20339 2
20348 17
20350 12
20356 18
20357 16
20359 7
20362 16
20364 10
20367 9
20368 10
20369 18
20370 4
20376 15
20378 12
20386 11
20391 5
20398 10
20401 13
20407 4
20413 7
20415 13
20420 13
20426 15
20428 12
20434 13
20440 18
20441 6
20447 12
20455 14
20461 9
20462 18
20463 13
20468 15
20470 6
20474 19
20475 21
20479 5
20485 3
20491 11
20497 18
20498 4
20504 16
20506 11
20512 16
20514 2
20523 11
20530 4
20536 18
20537 16
20539 19
20540 19
20541 20
20542 12
20548 11
20553 6
20559 12
20563 17
20565 18
20566 12
20572 11
20576 19
20578 19
20579 16
20581 11
20588 9
20589 12
20595 5
20601 11
20606 4
20610 14
20616 11
20620 10
20623 11
20627 18
20628 2
20635 12
20641 11
20648 18
20649 18
20650 18
20651 11
20657 10
20658 13
20662 15
20664 7
20666 8
20670 9
20672 14
20678 9
20680 3
20685 2
20694 2
20701 11
20706 12
20714 16
20716 12
20722 3
20729 11
20733 1
20741 1
20749 11
20756 12
20760 6
20766 9
20768 7
20770 14
20776 11
20781 14
20786 16
20788 19
20790 10
20791 15
20793 12
20801 12
20809 19
20810 10
20813 13
20817 12
20821 21
20825 3
20829 8
20833 12
20841 14
20848 16
20850 18
20851 20
20853 1
20863 10
20864 15
20866 7
20868 3
20873 6
20879 6
20885 18
20886 17
20888 4
20894 7
20896 2
20907 1
20916 11
20923 2
20932 4
20940 12
20944 18
20945 10
20948 3
20954 6
20960 20
20962 15
20964 1
20973 6
20977 6
20983 15
20985 1
20992 9
20994 18
20995 16
20997 20
20999 15
21001 11
21007 12
21011 7
21013 13
21018 12
21026 12
21032 6
21038 3
21042 2
21053 20
21055 12
21061 19
21062 4
21070 11
21075 2
21082 13
21086 12
21090 18
21091 13
21096 15
21098 11
21102 8
21104 1
21113 18
21114 6
21120 11
21127 13
21131 12
21135 18
21136 12
21142 18
21143 3
21148 20
21150 1
21160 19
21162 11
21168 20
21169 13
21175 4
21181 12
21185 11
21190 16
21192 7
21194 17
21196 15
21198 10
21201 21
21205 5
21211 6
21217 4
21225 18
21226 13
21230 5
21235 10
21238 17
21240 6
21246 4
21252 9
21253 10
21256 4
21262 11
21267 4
21273 12
21279 11
21283 11
21288 6
21292 12
21300 7
21302 12
21308 11
21315 9
21317 9
21318 7
21321 19
21322 5
21327 12
21331 11
21337 19
21339 16
21341 1
21348 18
21349 10
21350 9
21351 18
21352 9
21353 2
21362 2
21371 10
21372 12
21380 12
21386 13
21391 11
21396 15
21398 18
21399 15
21401 3
21407 11
21411 3
21418 4
21424 11
21430 8
21432 15
21434 11
21438 17
21440 11
21445 19
21446 4
21454 20
21456 21
21460 5
21465 18
21466 9
21467 20
21469 17
21471 15
21473 4
21477 17
21479 10
21480 13
21485 6
21491 19
21492 9
21493 8
21497 3
21502 10
21503 9
21504 12
21512 6
21518 6
21524 21
21528 7
21530 11
21534 13
21538 18
21539 9
21541 1
21551 18
21552 14
21557 12
21563 12
21571 15
21573 8
21577 9
21579 13
21584 2
21595 12
21601 3
21607 16
21609 1
21616 11
21621 17
21623 21
21627 12
21633 7
21635 11
21640 10
21643 5
21650 11
21656 4
21660 7
21663 12
21671 4
21677 13
21681 12
21689 18
21690 18
21691 18
21692 18
21693 13
21698 1
21706 2
21715 5
21721 6
21729 19
21731 4
21737 16
21739 11
21743 12
21751 13
21756 18
21757 20
21758 14
21764 1
21773 20
21775 12
21781 5
21786 20
21787 2
21798 12
21804 12
21808 19
21810 19
21811 10
21812 15
21814 18
21815 9
21816 15
21818 5
21825 3
21832 11
21836 13
21841 16
21843 6
21849 6
21855 15
21857 20
21858 11
21862 3
21866 2
21875 15
21877 16
21879 5
21886 14
21892 11
21899 1
21906 8
21908 4
21914 1
21922 11
21929 7
21931 5
21936 4
21942 15
21944 2
21955 11
21959 8
21961 6
21967 18
21968 18
21969 9
21970 11
21974 11
21978 11
21983 6
21989 13
21993 12
21997 18
21998 12
22002 13
22008 18
22009 2
22016 12
22022 1
22029 15
22031 1
22039 2
22046 4
22050 15
22052 6
22060 10
22061 4
22067 8
22069 17
22071 11
22076 2
22083 16
22085 15
22087 15
22089 11
22093 12
22099 5
22106 12
22112 1
22119 11
22125 18
22126 4
22134 3
22139 11
22143 21
22147 12
22155 19
22157 16
22159 11
22163 1
22171 12
22175 6
22181 13
22186 12
22192 3
22199 18
22200 11
22207 11
22212 1
22222 13
22227 16
22229 16
22231 11
22238 18
22239 16
22241 17
22243 9
22244 10
22245 14
22252 14
22259 15
22261 3
22265 12
22273 9
22275 16
22277 10
22280 11
22285 11
22289 10
22292 18
22293 13
22299 11
22305 17
22307 4
22313 15
22315 13
22321 12
22327 12
22331 19
22333 8
22335 5
22340 8
22344 11
22350 13
22355 8
22357 10
22358 12
22364 5
22369 18
22370 1
22377 2
22384 16
22386 20
22388 21
22392 6
22400 6
22406 12
22412 3
22416 17
22418 19
22419 14
22426 20
22427 21
22431 4
22437 5
22442 8
22446 11
22452 7
22455 11
22462 4
22468 12
22476 2
22485 13
22489 6
22495 11
22499 18
22500 7
22503 16
22505 10
22508 11
22515 6
22521 8
22523 13
22528 12
22534 5
22538 12
22544 14
22548 10
22549 17
22551 7
22553 14
22557 11
22561 16
22563 6
22571 18
22572 12
22578 11
22582 11
22588 17
22590 11
22594 6
22600 3
22605 2
22614 18
22615 19
22616 7
22619 16
22621 18
22622 5
22629 11
22633 15
22635 7
22637 21
22641 7
22644 19
22645 11
22650 18
22651 9
22652 12
22660 2
22671 10
22674 14
22679 4
22685 12
22691 8
22695 8
22697 14
22702 4
22706 5
22713 10
22714 10
22717 15
22719 6
22725 12
22733 2
22742 11
22748 14
22755 5
22759 12
22763 14
22767 8
22771 9
22772 11
22777 19
22779 7
22782 11
22788 6
22792 11
22797 6
22803 5
22807 18
22808 19
22809 12
22817 19
22819 14
22824 1
22831 11
22837 18
22838 19
22839 16
22841 5
22847 12
22855 19
22857 3
22864 12
22870 11
22877 16
22879 12
22883 8
22887 13
22893 5
22898 18
22899 18
22900 4
22908 11
22915 6
22923 11
22929 4
22935 1
22942 12
22948 19
22950 12
22956 5
22960 20
22962 1
22971 12
22977 11
22982 10
22985 7
22987 11
22994 8
22998 11
23004 18
23005 6
23011 20
23012 19
23014 21
23018 2
23027 7
23029 6
23037 12
23043 14
23047 7
23049 6
23055 13
23061 11
23065 10
23066 8
23070 10
23073 3
23079 17
23081 19
23083 11
23090 18
23091 9
23093 13
23098 16
23100 21
23104 18
23105 18
23106 18
23107 11
23113 2
23124 18
23125 17
23127 12
23135 16
23137 13
23141 12
23147 11
23152 11
23157 11
23164 4
23172 20
23173 1
23183 21
23187 11
23193 13
23199 4
23205 15
23207 3
23213 11
23220 20
23221 6
23225 4
23229 7
23232 18
23233 16
23235 16
23237 9
23239 10
23242 21
23246 17
23248 5
23255 1
23262 7
23264 12
23268 11
23272 11
23278 9
23280 12
23286 14
23292 11
23297 3
23301 21
23305 1
23315 7
23318 13
23323 18
23324 2
23333 15
23335 14
23339 20
23341 12
23347 11
23353 3
23360 12
23366 17
23368 15
23370 17
23372 4
23376 11
23381 10
23384 5
23391 8
23393 1
23403 20
23405 15
23407 19
23409 9
23410 2
23419 11
23424 18
23425 2
23434 11
23441 11
23448 14
23454 21
23458 2
23467 21
23471 3
23475 18
23476 21
23480 4
23486 10
23489 18
23490 18
23491 5
23497 15
23499 6
23505 11
23509 21
23513 15
23515 11
23519 18
23520 15
23522 2
23531 12
23539 11
23546 11
23552 9
23553 14
23560 17
23562 11
23566 12
23574 4
23582 14
23588 16
23590 4
23596 11
23603 3
23607 12
23615 5
23620 18
23621 15
23623 11
23630 5
23636 14
23640 11
23644 16
23646 12
23654 11
23661 9
23662 15
23664 10
23667 15
23669 21
23673 14
23677 8
23679 3
23684 4
23688 14
23694 9
23696 18
23697 6
23703 1
23712 18
23713 7
23716 2
23725 11
23729 12
23735 2
23744 11
23748 3
23753 12
23759 8
23761 7
23764 7
23767 21
23771 11
23778 8
23780 9
23781 15
23783 12
23789 13
23794 21
23798 12
23802 14
23808 7
23811 8
23813 16
23815 11
23822 17
23824 18
23825 1
23835 13
23840 18
23841 12
23849 12
23855 3
23861 12
23869 15
23871 2
23880 2
23887 12
23895 17
23897 7
23900 12
23906 9
23908 18
23909 11
23916 13
23921 19
23923 21
23927 15
23929 16
23931 2
23942 15
23944 11
23948 14
23955 11
23959 12
23965 19
23966 7
23968 7
23971 15
23973 6
23979 11
23983 12
23989 17
23991 5
23995 15
23997 2
24006 7
24008 1
24016 5
24022 2
24033 7
24035 12
24041 12
24045 15
24047 11
24052 20
24053 13
24059 1
24068 6
24076 16
24078 11
24082 15
24084 13
24089 4
24095 12
24099 18
24100 8
24102 13
24107 16
24109 10
24112 3
24116 8
24118 16
24120 21
24124 7
24127 11
24133 11
24138 13
24143 11
24149 13
24153 6
24161 13
24167 17
24169 12
24177 20
24179 15
24181 4
24185 21
24189 12
24197 7
24199 15
24201 18
24202 14
24208 12
24216 16
24218 11
24225 18
24226 10
24229 19
24230 5
24236 2
24243 6
24249 12
24253 17
24255 7
24258 15
24260 12
24264 11
24271 8
24273 20
24275 13
24279 4
24285 8
24289 9
24290 13
24294 19
24295 12
24303 2
24312 11
24317 12
24325 11
24331 18
24332 7
24334 17
24336 12
24342 9
24344 16
24346 17
24348 7
24350 5
24357 8
24359 3
24366 18
24367 11
24373 2
24380 12
24388 10
24389 20
24391 9
24392 20
24394 21
24398 12
24404 11
24409 13
24413 18
24414 19
24416 20
24418 19
24420 11
24425 11
24429 3
24436 12
24444 19
24445 11
24450 12
24456 16
24458 11
24463 5
24469 9
24471 16
24473 16
24475 5
24482 14
24487 13
24492 12
24500 2
24507 12
24513 15
24515 19
24516 13
24520 18
24521 1
24529 12
24535 12
24541 11
24545 5
24552 11
24557 11
24564 11
24568 18
24569 12
24575 1
24582 18
24583 4
24589 8
24593 15
24595 15
24597 18
24598 15
24600 4
24606 9
24607 9
24609 9
24610 10
24611 5
24617 4
24623 5
24627 3
24633 11
24637 16
24639 4
24645 9
24647 2
24656 3
24660 12
24668 11
24675 14
24682 1
24691 7
24694 19
24695 3
24702 10
24705 6
24711 11
24716 19
24718 3
24725 11
24729 2
24738 12
24742 12
24746 2
24753 16
24755 11
24762 17
24764 8
24768 14
24773 7
24776 19
24777 15
24779 17
24781 17
24783 11
24789 19
24790 14
24794 3
24801 12
24807 11
24813 5
24818 11
24824 5
24828 11
24835 14
24841 17
24843 6
24849 16
24851 18
24852 3
24857 11
24861 19
24862 13
24867 12
24873 11
24877 16
24879 16
24881 19
24883 10
24886 12
24894 13
24898 15
24900 4
24908 17
24910 20
24912 4
24918 11
24924 12
24932 8
24936 1
24945 6
24951 8
24955 19
24957 8
24959 21
24963 18
24964 10
24965 15
24967 11
24971 9
24972 15
24974 7
24976 11
24981 17
24983 17
24985 18
24986 9
24988 13
24994 20
24996 15
24998 11
25003 20
25004 12
25010 11
25015 5
25020 18
25021 14
25025 1
25033 14
25039 13
25043 6
25051 15
25053 2
25064 12
25072 6
25078 19
25080 12
25084 18
25085 7
25088 19
25090 19
25092 19
25093 8
25095 1
25104 8
25108 20
25110 1
25118 15
25120 5
25124 1
25134 1
25141 17
25143 11
25148 14
25152 7
25154 17
25156 11
25160 2
25167 11
25174 17
25176 11
25182 15
25184 11
25189 12
25195 8
25197 14
25203 15
25205 11
25210 21
25214 12
25222 12
25226 14
25231 2
25242 10
25245 18
25246 11
25252 11
25257 12
25265 19
25266 11
25272 2
25281 17
25283 21
25287 9
25288 21
25292 14
25299 18
25300 16
25302 11
25307 1
25314 6
25320 5
25324 6
25332 16
25334 19
25335 3
25342 18
25343 12
25349 15
25351 7
25354 11
25361 21
25365 20
25366 1
25373 6
25381 17
25383 9
25385 10
25388 20
25389 10
25392 16
25394 1
25401 2
25408 10
25409 8
25413 6
25419 11
25426 13
25431 10
25434 17
25436 9
25437 2
25446 12
25452 14
25458 13
25463 1
25471 20
25472 17
25474 18
25475 7
25477 11
25484 20
25486 18
25487 1
25495 4
25499 20
25501 21
25505 16
25507 15
25509 11
25514 16
25516 12
25522 14
25529 11
25535 12
25543 14
25550 8
25552 20
25554 2
25563 4
25569 21
25573 19
25575 5
25582 20
25583 12
25589 18
25590 4
25598 18
25599 8
25601 7
25603 4
25609 11
25616 15
25618 18
25619 14
25624 13
25630 11
25634 21
25638 12
25644 15
25646 3
25652 9
25653 11
25657 13
25662 11
25668 2
25675 5
25681 18
25682 1
25691 3
25695 17
25697 20
25698 8
25700 19
25702 2
25711 3
25715 20
25717 21
25721 3
25728 18
25729 3
25733 10
25736 12
25742 6
25748 3
25754 9
25756 7
25758 18
25759 10
25762 20
25763 20
25764 5
25771 12
25777 18
25778 12
25784 6
25790 15
25792 8
25796 7
25799 11
25806 12
25814 2
25823 2
25830 2
25839 21
25843 12
25851 12
25859 12
25865 19
25866 7
25868 4
25872 17
25874 14
25881 18
25882 11
25887 8
25891 18
25892 12
25900 5
25907 4
25911 18
25912 7
25915 11
25920 5
25925 18
25926 11
25931 8
25935 11
25941 18
25942 8
25944 9
25946 6
25952 6
25958 21
25962 3
25968 3
25975 7
25977 17
25979 12
25983 11
25988 11
25994 9
25996 20
25997 6
26003 11
26010 15
26012 16
26014 7
26016 17
26018 1
26026 8
26030 20
26031 12
26035 11
26041 10
26042 5
26046 4
26052 15
26054 11
26060 16
26062 11
26067 19
26068 8
26070 18
26071 7
26073 14
26078 15
26080 14
26085 9
26086 7
26089 7
26092 4
26098 6
26106 5
26113 2
26122 18
26123 12
26127 18
26128 6
26136 10
26137 17
26139 17
26141 18
26142 1
26151 12
26157 10
26160 11
26167 11
26173 13
26178 17
26180 13
26185 5
26189 2
26198 6
26206 12
26214 12
26220 17
26222 21
26226 5
26233 17
26235 2
26244 15
26246 21
26250 13
26255 13
26260 12
26266 16
26268 11
26275 3
26279 20
26280 1
26287 20
26288 12
26296 15
26298 10
26301 15
26303 15
26305 1
26313 2
26324 13
26328 12
26334 2
26345 4
26349 12
26355 4
26361 6
26369 19
26371 1
26380 11
26386 17
26388 5
26395 9
26397 8
26401 11
26406 7
26409 12
26415 7
26417 12
26423 4
26429 14
26434 21
26438 11
26442 12
26450 11
26455 13
26460 2
26471 3
26477 21
26481 11
26488 7
26491 7
26494 3
26501 18
26502 2
26511 8
26513 5
26519 11
26524 12
26530 7
26533 8
26535 8
26539 12
26545 4
26551 3
26558 11
26565 19
26567 8
26571 17
26573 4
26579 19
26580 16
26582 12
26588 12
26592 4
26598 9
26599 6
26605 15
26607 5
26612 18
26613 19
26614 13
26619 12
26625 11
26632 17
26634 10
26637 21
26641 21
26645 11
26652 3
26658 2
26667 16
26669 19
26670 2
26681 8
26683 9
26684 11
26690 11
26696 12
26704 5
26708 13
26713 11
26719 11
26726 7
26728 4
26734 15
26736 12
26744 11
26751 16
26753 5
26760 2
26769 12
26775 19
26776 21
26780 11
26784 7
26787 6
26793 18
26794 12
26798 16
26800 11
26806 2
26813 3
26819 20
26821 5
26825 16
26827 1
26837 2
26846 11
26853 12
26859 6
26865 11
26871 9
26873 10
26876 11
26881 14
26888 13
26894 9
26896 8
26898 10
26899 18
26900 14
26904 2
26913 1
26920 18
26921 8
26925 6
26931 11
26936 2
26947 5
26953 4
26959 4
26967 20
26969 17
26971 6
26979 17
26981 15
26983 11
26989 15
26991 20
26992 12
26998 8
27002 20
27004 20
27006 7
27008 18
27009 21
27013 15
27015 15
27017 8
27019 4
27027 2
27034 8
27036 14
27042 12
27046 12
27054 4
27062 16
27064 10
27067 12
27071 16
27073 7
27076 13
27080 11
27085 8
27087 13
27091 6
27097 1
27105 12
27111 12
27119 5
27124 18
27125 3
27131 16
27133 18
27134 6
27138 16
27140 18
27141 6
27145 16
27147 12
27155 2
27162 18
27163 5
27170 12
27176 12
27182 20
27183 20
27185 16
27187 14
27192 12
27198 12
27206 18
27207 11
27214 9
27215 12
27219 21
27223 5
27230 13
27234 11
27239 13
27244 2
27253 13
27257 20
27258 5
27263 6
27269 16
27271 1
27279 7
27281 13
27285 15
27287 2
27296 10
27299 14
27306 8
27310 7
27313 4
27319 13
27325 11
27330 6
27336 19
27338 19
27339 20
27341 21
27345 10
27348 2
27357 11
27363 18
27364 15
27366 13
27371 1
27379 9
27381 16
27383 15
27385 19
27386 11
27390 16
27392 18
27393 6
27399 18
27400 17
27402 2
27411 19
27413 17
27415 3
27422 14
27429 15
27431 11
27438 5
27445 9
27447 12
27451 12
27459 20
27460 4
27466 8
27468 20
27470 7
27473 11
27480 18
27481 9
27482 13
27487 1
27497 11
27501 15
27503 13
27509 2
27518 17
27520 17
27522 3
27527 2
27534 1
27541 4
27545 12
27551 15
27553 5
27558 8
27562 4
27566 2
27575 12
27581 18
27582 16
27584 11
27590 7
27592 20
27593 15
27595 12
27599 11
27604 12
27610 18
27611 18
27612 5
27619 4
27625 7
27627 16
27629 2
27638 3
27644 10
27647 18
27648 18
27649 4
27655 15
27657 9
27658 4
27664 2
27673 6
27679 10
27682 15
27684 4
27688 14
27692 8
27694 15
27696 16
27698 18
27699 19
27701 19
27703 14
27709 5
27715 1
27722 18
27723 16
27725 12
27729 12
27735 20
27736 4
27742 11
27746 16
27748 15
27750 14
27756 7
27758 11
27762 10
27763 6
27771 7
27773 20
27774 19
27776 19
27778 7
27780 14
27787 11
27792 19
27793 12
27799 9
27800 17
27802 4
27810 12
27818 16
27820 9
27821 17
27823 1
27832 14
27836 7
27838 6
27844 1
27851 3
27855 13
27861 15
27863 5
27869 13
27875 13
27879 12
27887 18
27888 18
27889 14
27894 12
27900 11
27905 18
27906 7
27908 20
27910 18
27911 12
27919 14
27924 16
27926 2
27937 18
27938 6
27942 1
27949 5
27955 10
27958 1
27965 20
27966 18
27967 19
27968 4
27974 12
27978 21
27982 7
27985 9
27986 11
27992 18
27993 6
27999 16
28001 19
28002 7
28005 6
28011 12
28017 15
28019 11
28025 10
28028 19
28030 5
28036 11
28042 10
28043 4
28049 12
28055 2
28066 5
28070 6
28078 1
28086 14
28091 2
28100 5
28106 2
28115 20
28117 3
28123 18
28124 5
28129 12
28133 12
28139 15
28141 21
28145 17
28147 2
28158 19
28159 3
28166 10
28167 10
28168 2
28177 20
28179 18
28180 12
28184 12
28188 12
28194 19
28195 1
28202 4
28206 19
28207 14
28211 11
28216 3
28220 12
28226 14
28232 11
28236 5
28241 21
28245 8
28247 18
28248 3
28252 5
28258 16
28260 4
28266 8
28268 11
28275 20
28276 16
28278 11
28285 1
28295 16
28297 12
28303 21
28307 10
28308 17
28310 3
28316 3
28323 12
28331 11
28336 13
28342 10
28343 6
28349 7
28352 2
28361 20
28362 16
28364 12
28370 1
28377 14
28382 7
28385 11
28390 12
28396 12
28402 11
28406 9
28407 2
28416 14
28421 17
28423 11
28427 20
28428 1
28435 18
28436 1
28444 1
28453 19
28454 11
28458 2
28469 11
28476 13
28481 12
28487 18
28488 12
28496 21
28500 12
28508 1
28517 6
28521 18
28522 14
28528 4
28534 12
28540 1
28550 5
28554 14
28558 4
28566 11
28570 11
28577 7
28579 12
28585 16
28587 4
28593 1
28603 11
28609 21
28613 12
28617 11
28624 15
28626 11
28632 5
28639 8
28643 9
28645 15
28647 9
28649 10
28652 16
28654 12
28660 14
28665 10
28668 20
28669 10
28672 11
28679 12
28683 11
28689 21
28693 1
28700 15
28702 8
28706 6
28712 3
28718 15
28720 21
28724 7
28727 12
28735 11
28740 2
28749 12
28757 13
28763 20
28765 6
28771 12
28777 4
28785 12
28791 9
28792 14
28797 7
28800 15
28802 20
28803 5
28809 18
28810 19
28811 2
28820 7
28822 11
28828 15
28830 11
28836 19
28838 1
28845 4
28853 1
28861 5
28868 3
28873 1
28882 12
28888 12
28892 20
28894 7
28896 14
28903 18
28904 18
28905 3
28912 2
28921 12
28925 18
28926 6
28934 9
28935 15
28937 11
28942 16
28944 9
28945 1
28953 12
28957 18
28958 12
28964 17
28966 11
28972 5
28979 7
28982 15
28984 17
28986 16
28988 12
28994 11
29001 10
29004 17
29006 1
29014 20
29016 16
29018 12
29022 12
29026 4
29032 13
29038 18
29039 15
29041 14
29047 14
29051 14
29058 20
29060 17
29062 16
29064 13
29069 19
29070 9
29071 12
29079 6
29085 11
29090 12
29096 2
29107 9
29109 15
29111 3
29117 15
29119 6
29127 11
29134 18
29135 8
29139 11
29143 18
29144 18
29145 11
29151 9
29152 16
29154 7
29157 18
29158 1
29166 4
29170 8
29174 11
29179 12
29185 15
29187 14
29192 16
29194 6
29200 11
29207 8
29209 16
29211 20
29212 12
29218 12
29226 21
29230 9
29232 2
29243 11
29250 11
29257 3
29261 15
29263 18
29264 7
29267 11
29271 2
29280 13
29284 12
29290 16
29292 7
29294 11
29300 16
29302 19
29303 11
29307 11
29311 6
29315 20
29317 12
29325 7
29327 18
29328 7
29331 2
29338 14
29343 11
29349 7
29352 12
29356 16
29358 9
29359 20
29360 19
29362 5
29369 12
29377 10
29380 12
29386 8
29388 9
29390 19
29391 5
29397 15
29399 17
29401 13
29407 12
29411 12
29415 20
29416 16
29418 2
29425 9
29426 1
29435 8
29439 3
29445 19
29447 7
29450 3
29454 6
29458 2
29467 18
29468 3
29472 4
29478 16
29480 1
29487 14
29493 12
29499 11
29505 11
29511 13
29515 4
29521 1
29530 6
29536 15
29538 13
29543 2
29552 15
29554 14
29558 17
29560 2
29569 20
29570 12
29574 9
29575 12
29583 10
29586 6
29592 6
29596 13
29602 4
29608 7
29611 1
29618 20
29619 3
29625 18
29626 8
29628 2
29637 5
29642 3
29648 17
29650 8
29652 13
29657 11
29661 16
29663 12
29669 3
29675 11
29679 12
29683 5
29690 7
29693 3
29699 13
29703 17
29705 12
29709 1
29716 14
29723 12
29727 20
29728 11
29732 11
29739 2
29746 15
29748 11
29755 17
29757 18
29758 12
29766 14
29771 6
29777 4
29783 8
29787 4
29793 21
29797 8
29801 12
29807 18
29808 6
29814 9
29816 12
29822 2
29831 18
29832 9
29833 12
29839 18
29840 14
29846 21
29850 11
29855 4
29859 5
29865 13
29871 18
29872 11
29878 11
29882 1
29891 12
29897 18
29898 5
29905 15
29907 15
29909 2
29918 16
29920 12
29924 11
29929 19
29930 9
29932 12
29938 2
29949 14
29955 12
29959 21
29963 8
29965 11
29972 1
29981 12
29989 11
29996 12
30004 11
30011 21
30015 12
30019 2
30026 6
30030 13
30036 10
30037 17
30039 11
30043 5
30050 17
30052 2
30063 12
30071 11
30078 11
30082 6
30086 16
30088 7
30090 9
30092 8
30094 14
30101 11
30105 12
30113 6
30119 3
30126 12
30130 21
30134 7
30137 18
30138 7
30140 14
30147 8
30149 1
30159 21
30163 21
30167 13
30172 21
30176 12
30182 4
30188 8
30190 5
30196 14
30203 18
30204 18
30205 5
30209 16
30211 7
30213 3
30218 6
30224 12
30232 5
30236 6
30242 6
30248 12
30252 21
30256 18
30257 12
30263 3
30268 18
30269 17
30271 12
30277 12
30285 2
30294 18
30295 19
30296 11
30303 11
30308 5
30314 3
30321 18
30322 2
30331 16
30333 17
30335 9
30337 15
30339 3
30344 11
30350 8
30354 9
30356 2
30363 15
30365 19
30367 4
30373 21
30377 7
30380 11
30384 19
30385 4
30391 12
30397 5
30403 16
30405 18
30406 11
30412 8
30416 16
30418 11
30423 18
30424 17
30426 12
30430 18
30431 16
30433 21
30437 19
30438 14
30444 12
30448 13
30452 8
30456 2
30465 11
30470 8
30474 18
30475 4
30481 11
30485 20
30487 3
30492 21
30496 16
30498 19
30500 12
30506 8
30508 12
30514 11
30519 3
30524 10
30525 15
30527 11
30534 17
30536 7
30538 1
30545 17
30547 18
30548 7
30550 2
30561 18
30562 10
30563 19
30565 11
30572 11
30576 14
30582 11
30587 11
30591 11
30595 10
30596 8
30600 5
30604 15
30606 2
30617 18
30618 9
30620 16
30622 20
30623 18
30624 14
30628 5
30634 4
30640 4
30646 16
30648 5
30654 8
30658 8
30662 12
30670 10
30671 12
30677 12
30683 21
30687 15
30689 18
30690 10
30693 12
30699 12
30707 6
30715 20
30717 21
30721 13
30727 11
30733 16
30735 14
30740 16
30742 11
30747 2
30754 7
30757 18
30758 17
30760 12
30766 9
30767 12
30773 12
30777 12
30781 5
30787 12
30793 17
30795 3
30802 20
30804 2
30813 11
30817 11
30824 10
30827 18
30828 11
30833 16
30835 5
30839 6
30843 4
30849 18
30850 2
30859 14
30866 5
30870 16
30872 10
30873 10
30876 3
30880 16
30882 1
30889 11
30896 8
30900 12
30904 9
30906 17
30908 15
30910 10
30913 5
30919 7
30921 9
30923 2
30930 17
30932 13
30937 18
30938 11
30944 2
30955 20
30957 8
30961 18
30962 12
30968 11
30975 12
30981 13
30985 18
30986 8
30990 14
30997 7
31000 2
31009 18
31010 20
31011 11
31016 3
31022 4
31028 21
31032 21
31036 15
31038 20
31040 8
31042 11
31046 12
31052 4
31056 12
31064 19
31065 17
31067 9
31069 9
31070 18
31071 11
31077 3
31084 14
31088 17
31090 15
31092 9
31094 16
31096 6
31102 17
31104 10
31105 10
31106 9
31107 8
31111 6
31117 12
31123 15
31125 13
31130 17
31132 17
31134 6
31142 18
31143 19
31145 8
31147 19
31149 21
31153 2
31162 17
31164 8
31166 19
31168 11
31172 18
31173 6
31179 3
31183 2
31192 8
31194 10
31195 20
31196 15
31198 7
31200 13
31204 18
31205 12
31209 10
31212 11
31217 6
31225 8
31227 11
31231 12
31237 11
31243 18
31244 16
31246 8
31248 10
31249 21
31253 10
31254 14
31260 7
31263 11
31269 15
31271 6
31279 10
31280 18
31281 9
31282 7
31284 16
31286 12
31292 17
31294 11
31301 15
31303 12
31307 18
31308 11
31313 1
31323 16
31325 5
31331 6
31335 1
31342 3
31348 13
31352 11
31357 9
31359 10
31362 7
31365 11
31370 4
31374 5
31380 14
31386 12
31392 19
31394 12
31400 3
31404 11
31409 15
31411 16
31413 7
31416 4
31424 20
31425 18
31426 5
31433 5
31437 11
31441 11
31445 12
31451 11
31455 15
31457 3
31461 18
31462 18
31463 4
31469 8
31471 17
31473 21
31477 1
31487 21
31491 8
31495 8
31497 12
31505 18
31506 15
31508 2
31517 21
31521 9
31523 20
31525 21
31529 11
31535 6
31541 11
31547 16
31549 7
31552 12
31558 12
31566 12
31572 12
31578 18
31579 5
31584 7
31587 20
31589 7
31591 18
31592 4
31600 8
31604 11
31610 20
31612 5
31619 15
31621 10
31624 16
31626 12
31634 9
31635 11
31640 7
31642 6
31646 11
31652 21
31656 15
31658 20
31659 17
31661 10
31664 3
31671 10
31674 9
31675 6
31683 6
31691 10
31692 18
31693 12
31699 10
31700 11
31707 21
31711 16
31713 19
31715 15
31717 19
31718 14
31725 20
31726 6
31732 13
31736 11
31740 12
31746 7
31748 7
31751 7
31754 11
31758 14
31765 4
31769 4
31775 11
31780 11
31784 12
31790 7
31792 2
31801 13
31806 21
31810 11
31815 8
31819 12
31827 17
31829 21
31833 9
31835 19
31836 11
31843 13
31848 12
31856 9
31858 12
31864 9
31866 6
31870 4
31876 11
31881 13
31886 13
31891 11
31896 1
31904 7
31907 2
31916 21
31920 10
31923 11
31928 12
31932 21
31936 18
31937 8
31941 2
31952 12
31956 7
31959 4
31963 8
31967 18
31968 5
31975 12
31983 9
31984 11
31991 7
31993 3
32000 11
32006 6
32014 16
32016 2
32025 17
32027 1
32035 14
32040 2
32049 5
32054 20
32056 17
32058 3
32063 4
32069 16
32071 11
32075 6
32081 8
32083 16
32085 4
32091 12
32097 8
32099 18
32100 9
32102 12
32110 20
32112 20
32113 6
32119 12
32127 12
32131 15
32133 6
32141 7
32144 17
32146 18
32147 1
32157 15
32159 18
32160 16
32162 9
32163 18
32164 12
32170 18
32171 18
32172 2
32179 12
32183 18
32184 18
32185 13
32191 5
32195 15
32197 14
32204 9
32206 18
32207 15
32209 12
32213 20
32214 1
32221 7
32223 17
32225 2
32234 2
32243 13
32249 12
32255 10
32258 20
32260 18
32261 11
32267 13
32272 13
32277 3
32281 7
32283 10
32286 1
32294 7
32296 10
32299 8
32301 17
32303 2
32314 1
32323 11
32330 13
32335 3
32342 13
32347 19
32349 21
32353 12
32361 21
32365 13
32369 10
32370 5
32376 12
32384 20
32385 18
32386 19
32388 14
32394 16
32396 7
32398 16
32400 18
32401 12
32407 21
32411 11
32416 3
32421 8
32425 15
32427 19
32429 17
32431 3
32436 12
32444 11
32450 15
32452 7
32454 21
32458 10
32461 20
32463 3
32467 21
32471 18
32472 13
32476 15
32478 12
32486 8
32488 12
32494 16
32496 9
32498 10
32499 21
32503 11
32507 11
32511 11
32516 12
32524 11
32529 16
32531 12
32537 11
32544 6
32550 11
32554 11
32559 13
32564 2
32575 15
32577 21
32581 19
32583 14
32587 5
32593 4
32601 12
32605 11
32610 9
32611 6
32619 9
32620 21
32624 10
32627 11
32633 5
32638 11
32642 14
32648 12
32652 12
32658 11
32665 11
32671 13
32676 11
32680 14
32684 11
32688 9
32690 9
32691 9
32693 1
32700 18
32701 21
32705 2
32712 19
32713 13
32718 20
32719 19
32721 17
32723 1
32732 17
32734 12
32738 13
32744 19
32746 11
32752 12
32760 6
32766 11
32773 13
32777 14
32784 19
32785 3
32792 12
32796 12
32802 1
32811 17
32813 3
32819 1
32827 5
32834 11
32840 2
32849 11
32853 12
32859 20
32861 4
32867 20
32869 7
32872 2
32883 4
32889 13
32894 4
32900 18
32901 2
32910 7
32913 7
32916 4
32924 12
32930 12
32936 15
32938 20
32940 7
32942 16
32944 12
32952 4
32958 13
32963 3
32967 10
32970 3
32975 5
32981 11
32986 4
32994 16
32996 11
33002 16
33004 12
33010 10
33013 17
33015 12
33023 3
33030 12
33036 19
33037 7
33039 16
33041 15
33043 15
33045 18
33046 8
33050 11
33055 2
33064 11
33068 3
33075 8
33077 12
33081 1
33089 14
33094 6
33098 1
33107 13
33112 13
33118 16
33120 18
33121 17
33123 14
33128 20
33129 10
33132 11
33139 11
33145 20
33147 7
33150 2
33159 15
33161 12
33169 4
33173 12
33179 13
33183 11
33189 1
33197 15
33199 7
33202 18
33203 14
33208 9
33210 13
33216 12
33222 19
33223 12
33229 2
33238 7
33241 14
33247 12
33253 19
33255 20
33256 13
33261 15
33263 1
33271 16
33273 17
33275 5
33280 18
33281 17
33283 20
33285 14
33289 20
33291 20
33292 2
33299 9
33301 10
33304 4
33310 19
33311 6
33317 3
33321 5
33328 12
33336 11
33341 11
33347 15
33349 15
33351 7
33353 12
33357 12
33365 11
33369 14
33375 11
33381 16
33383 16
33385 10
33386 7
33388 10
33391 13
33395 7
33397 19
33398 15
33400 20
33401 10
33404 11
33411 17
33413 18
33414 12
33418 13
33422 8
33424 1
33434 8
33438 12
33442 16
33444 5
33450 19
33451 12
33457 13
33462 11
33467 9
33468 9
33470 18
33471 11
33477 14
33483 7
33486 9
33487 10
33490 13
33496 8
33500 11
33507 15
33509 21
33513 12
33521 11
33527 16
33529 19
33530 16
33532 21
33536 4
33542 10
33543 9
33545 13
33551 7
33553 21
33557 10
33560 11
33565 12
33569 18
33570 13
33575 11
33582 12
33590 8
33592 12
33600 6
33604 12
33608 15
33610 11
33617 14
33624 13
33628 19
33630 10
33631 2
33640 9
33642 21
33646 19
33647 11
33652 14
33658 13
33664 4
33670 1
33679 7
33682 14
33686 15
33688 11
33692 12
33698 11
33703 20
33704 12
33710 8
33712 13
33717 10
33720 3
33725 18
33726 18
33727 13
33732 5
33739 18
33740 7
33742 9
33744 7
33747 10
33748 9
33749 12
33753 11
33760 17
33762 8
33764 11
33771 16
33773 12
33781 10
33782 6
33788 18
33789 14
33796 12
33800 16
33802 9
33803 2
33814 12
33822 14
33829 16
33831 11
33836 18
33837 2
33846 4
33850 7
33853 4
33857 15
33859 17
33861 2
33868 11
33872 11
33878 11
33884 4
33890 1
33897 11
33903 5
33908 11
33915 4
33923 19
33925 3
33931 8
33935 11
33941 20
33943 15
33945 20
33947 13
33953 14
33958 3
33964 15
33966 11
33970 20
33971 15
33973 16
33975 18
33976 8
33978 2
33987 12
33993 11
34000 10
34001 19
34003 15
34005 8
34009 11
34015 7
34018 9
34020 15
34022 4
34026 2
34035 12
34041 13
34045 1
34053 17
34055 21
34059 2
34068 12
34074 11
34078 11
34082 21
34086 10
34089 12
34095 18
34096 16
34098 12
34106 11
34113 2
34124 5
34131 20
34133 6
34139 12
34143 11
34150 12
34156 2
34167 14
34172 12
34178 12
34184 11
34189 18
34190 14
34197 21
34201 2
34208 16
34210 13
34215 4
34219 8
34221 15
34223 15
34225 16
34227 12
34233 12
34239 8
34243 11
34248 4
34254 18
34255 12
34263 21
34267 9
34268 5
34273 9
34275 18
34276 4
34284 16
34286 14
34291 6
34299 18
34300 10
34301 18
34302 11
34309 2
34320 12
34328 18
34329 8
34331 4
34335 18
34336 19
34338 12
34346 12
34354 21
34358 5
34362 18
34363 17
34365 11
34369 8
34371 15
34373 3
34377 1
34385 12
34389 5
34393 8
34395 3
34402 3
34406 3
34411 8
34415 5
34422 10
34423 20
34425 4
34431 7
34433 11
34440 17
34442 11
34447 7
34449 1
34459 2
34466 7
34469 17
34471 13
34475 11
34482 12
34490 15
34492 12
34498 11
34504 6
34508 17
34510 14
34515 19
34517 17
34519 20
34521 3
34528 3
34535 6
34541 12
34549 3
34554 11
34558 3
34565 2
34576 12
34582 11
34589 11
34596 11
34602 12
34608 18
34609 4
34615 5
34621 13
34627 17
34629 12
34635 19
34636 5
34640 15
34642 11
34648 12
34652 18
34653 14
34660 12
34668 1
34675 12
34681 9
34682 8
34686 1
34696 12
34702 6
34708 7
34710 13
34715 3
34721 12
34729 18
34730 6
34734 12
34740 15
34742 10
34743 15
34745 16
34747 5
34753 7
34756 21
34760 13
34765 11
34771 1
34781 4
34785 6
34791 14
34795 6
34803 12
34809 14
34814 4
34818 16
34820 11
34827 11
34834 13
34840 20
34841 9
34842 11
34849 1
34857 15
34859 18
34860 10
34861 12
34865 7
34867 16
34869 15
34871 11
34876 9
34878 6
34884 8
34886 18
34887 12
34891 20
34892 12
34898 6
34904 6
34912 7
34914 9
34916 16
34918 3
34922 20
34924 11
34930 12
34936 8
34940 17
34942 7
34945 18
34946 10
34947 21
34951 11
34958 11
34964 13
34968 21
34972 19
34973 8
34975 10
34978 11
34982 12
34986 18
34987 1
34996 19
34997 1
35007 17
35009 12
35017 7
35019 11
35024 8
35026 19
35027 11
35033 3
35040 18
35041 9
35042 5
35048 18
35049 10
35052 8
35054 3
35058 15
35060 3
35064 11
35068 15
35070 15
35072 5
35076 19
35078 12
35084 1
35092 14
35096 10
35097 12
35103 11
35110 12
35114 21
35118 11
35125 18
35126 20
35127 17
35129 20
35130 19
35131 17
35133 8
35137 18
35138 16
35140 14
35147 14
35153 14
35160 13
35165 4
35173 12
35179 15
35181 10
35182 9
35183 15
35185 3
35189 8
35193 4
35197 15
35199 18
35200 18
35201 12
35207 17
35209 2
35218 12
35224 21
35228 5
35234 16
35236 21
35240 3
35244 12
35248 12
35256 10
35259 16
35261 18
35262 3
35269 15
35271 6
35279 5
35286 2
35295 18
35296 16
35298 14
35303 11
35307 11
35311 2
35320 12
35328 11
35333 8
35337 15
35339 4
35345 6
35349 11
35354 14
35359 12
35365 11
35370 20
35372 11
35378 12
35382 13
35386 18
35387 16
35389 6
35393 2
35402 12
35408 1
35418 5
35423 13
35428 12
35434 13
35439 16
35441 11
35445 18
35446 12
35452 11
35459 11
35466 12
35472 18
35473 11
35477 15
35479 9
35480 15
35482 14
35487 11
35492 3
35499 9
35500 15
35502 12
35510 7
35513 2
35520 19
35522 14
35526 3
35533 11
35537 15
35539 12
35545 8
35547 11
35553 13
35559 11
35563 20
35564 12
35568 18
35569 7
35571 18
35572 4
35576 17
35578 20
35579 12
35585 6
35591 18
35592 18
35593 11
35598 21
35602 19
35603 16
35605 14
35609 6
35613 8
35617 7
35619 9
35620 14
35626 16
35628 11
35632 11
35637 12
35641 12
35647 10
35650 11
35656 7
35658 6
35664 8
35668 2
35677 12
35681 19
35682 3
35689 11
35696 18
35697 18
35698 11
35703 11
35710 4
35716 11
35723 1
35732 13
35738 10
35739 11
35745 3
35749 6
35755 7
35758 10
35761 12
35765 20
35767 6
35771 11
35776 7
35778 3
35785 11
35791 1
35801 12
35805 17
35807 21
35811 20
35813 13
35818 17
35820 17
35822 12
35828 20
35830 2
35841 11
35845 8
35849 12
35853 8
35855 20
35856 12
35864 8
35866 11
35873 3
35879 4
35885 8
35889 12
35893 9
35895 18
35896 1
35903 17
35905 9
35906 18
35907 14
35913 11
35919 11
35925 8
35927 11
35931 7
35933 18
35934 4
35940 11
35944 12
35952 21
35956 12
35960 17
35962 18
35963 6
35969 8
35971 18
35972 12
35976 10
35977 21
35981 20
35982 1
35991 1
35998 1
36006 18
36007 18
36008 6
36014 2
36025 12
36033 18
36034 11
36039 7
36042 20
36044 12
36050 11
36055 12
36063 12
36069 18
36070 21
36074 12
36082 12
36086 20
36088 11
36093 7
36095 9
36097 12
36105 5
36112 17
36114 13
36119 20
36120 4
36126 11
36130 11
36134 15
36136 13
36140 12
36146 18
36147 4
36153 11
36160 20
36161 12
36167 10
36168 6
36172 11
36178 16
36180 11
36185 17
36187 11
36194 14
36201 8
36205 12
36213 16
36215 7
36217 11
36222 16
36224 6
36230 7
36233 20
36234 3
36238 10
36241 8
36243 11
36248 13
36252 8
36256 14
36260 13
36264 12
36270 21
36274 6
36280 11
36284 6
36290 20
36292 18
36293 19
36295 11
36302 8
36304 7
36306 9
36307 1
36315 15
36317 5
36324 9
36326 14
36330 12
36336 1
36344 10
36347 11
36353 7
36355 19
36356 8
36360 20
36361 21
36365 14
36369 10
36372 12
36376 4
36380 11
36386 5
36393 3
36397 15
36399 13
36403 13
36408 21
36412 11
36419 5
36424 21
36428 20
36429 13
36434 11
36438 15
36440 14
36447 4
36455 12
36463 16
36465 6
36471 10
36472 1
36480 12
36486 12
36490 11
36495 6
36503 16
36505 4
36511 16
36513 15
36515 9
36516 7
36519 19
36521 21
36525 11
36531 17
36533 18
36534 18
36535 14
36540 9
36541 12
36547 12
36553 12
36557 11
36561 17
36563 16
36565 20
36566 6
36574 1
36582 21
36586 20
36588 9
36589 11
36593 4
36599 19
36601 14
36607 11
36613 12
36621 20
36623 10
36626 17
36628 2
36635 7
36638 9
36639 11
36646 10
36649 8
36653 18
36654 5
36658 3
36664 11
36670 8
36674 15
36676 11
36680 11
36685 6
36691 2
36698 12
36702 10
36705 14
36710 3
36717 12
36725 14
36729 1
36738 12
36746 21
36750 16
36752 1
36762 7
36764 17
36766 11
36770 18
36771 15
36773 19
36775 5
36782 6
36790 20
36792 10
36795 6
36801 6
36807 3
36812 11
36816 21
36820 6
36824 8
36828 21
36832 6
36836 10
36837 10
36838 11
36845 21
36849 10
36852 16
36854 18
36855 10
36856 11
36861 15
36863 9
36865 13
36871 14
36878 3
36882 20
36884 8
36888 20
36889 15
36891 12
36897 15
36899 2
36908 14
36915 19
36916 13
36921 10
36924 14
36929 15
36931 6
36937 9
36939 11
36946 7
36948 3
36953 1
36963 12
36967 12
36973 21
36977 15
36979 20
36980 3
36986 5
36990 9
36992 11
36997 5
37001 11
37006 10
37007 6
37013 14
37019 12
37025 15
37027 20
37028 5
37032 15
37034 9
37036 7
37038 2
37047 16
37049 5
37055 11
37059 11
37065 18
37066 9
37068 4
37072 10
37073 17
37075 6
37081 7
37084 1
37093 3
37100 10
37103 19
37105 21
37109 9
37111 2
37118 6
37124 1
37132 17
37134 20
37136 8
37138 6
37144 4
37148 7
37151 5
37158 18
37159 11
37164 18
37165 19
37166 20
37168 4
37176 20
37178 11
37185 12
37191 9
37192 7
37194 11
37201 9
37202 11
37207 13
37212 4
37220 9
37221 11
37228 4
37234 12
37240 14
37246 11
37253 18
37254 2
37263 2
37272 14
37276 6
37282 11
37287 19
37288 9
37289 14
37294 9
37296 18
37297 13
37301 21
37305 12
37311 13
37316 8
37320 20
37322 5
37326 15
37328 20
37329 16
37331 10
37334 8
37338 20
37339 11
37345 16
37347 18
37348 6
37354 11
37358 20
37360 8
37364 16
37366 14
37372 3
37376 6
37384 2
37391 1
37399 12
37403 4
37411 5
37416 15
37418 4
37426 15
37428 21
37432 13
37436 20
37438 7
37440 11
37446 11
37453 5
37457 6
37465 19
37467 3
37472 18
37473 11
37480 6
37484 18
37485 15
37487 15
37489 16
37491 8
37495 12
37499 14
37505 18
37506 21
37510 12
37518 16
37520 18
37521 16
37523 1
37531 10
37534 20
37535 15
37537 14
37541 19
37542 18
37543 9
37544 14
37549 21
37553 3
37559 5
37565 12
37571 15
37573 1
37582 21
37586 8
37590 21
37594 4
37600 12
37608 11
37615 18
37616 7
37619 14
37624 6
37630 12
37638 11
37642 16
37644 8
37648 11
37653 11
37659 11
37666 12
37674 11
37679 8
37681 11
37686 16
37688 2
37695 12
37701 8
37705 14
37712 11
37716 12
37722 13
37727 15
37729 18
37730 11
37737 19
37739 10
37740 6
37746 11
37751 10
37754 12
37758 21
37762 11
37769 1
37779 20
37781 3
37788 18
37789 9
37791 11
37796 8
37800 9
37801 18
37802 6
37810 4
37816 4
37822 18
37823 11
37829 8
37831 11
37837 21
37841 10
37844 14
37849 9
37850 2
37857 16
37859 1
37869 13
37875 4
37883 8
37885 13
37890 11
37897 10
37898 12
37906 14
37913 11
37920 15
37922 5
37929 10
37932 2
37939 19
37941 19
37943 11
37950 9
37952 2
37961 8
37965 4
37973 9
37974 20
37975 12
37981 10
37984 14
37990 8
37994 7
37997 12
38003 17
38005 12
38011 18
38012 8
38016 3
38023 16
38025 16
38027 4
38035 6
38041 10
38042 16
38044 13
38050 15
38052 11
38059 4
38065 11
38069 14
38076 17
38078 20
38080 11
38085 10
38088 6
38096 10
38099 13
38104 12
38108 7
38111 11
38116 14
38121 10
38122 13
38127 19
38128 5
38132 15
38134 11
38141 15
38143 4
38149 18
38150 12
38154 19
38155 19
38156 8
38160 15
38162 19
38163 20
38165 3
38169 12
38173 7
38175 15
38177 12
38183 4
38189 15
38191 16
38193 3
38200 16
38202 3
38207 4
38213 20
38214 2
38223 17
38225 1
38234 9
38236 20
38238 4
38244 20
38245 14
38250 10
38253 8
38255 14
38262 2
38269 17
38271 11
38277 15
38279 11
38286 2
38297 11
38303 11
38308 11
38312 20
38314 16
38316 12
38320 1
38329 18
38330 13
38335 13
38340 10
38341 9
38342 4
38350 6
38356 15
38358 2
38365 14
38371 12
38377 21
38381 14
38388 11
38393 18
38394 4
38402 7
38405 18
38406 19
38408 11
38413 13
38417 20
38418 5
38422 5
38428 12
38436 13
38441 18
38442 3
38449 11
38454 8
38458 11
38464 5
38469 14
38473 7
38475 10
38476 11
38480 4
38486 13
38491 17
38493 18
38494 20
38495 13
38501 20
38503 12
38511 1
38518 12
38522 21
38526 14
38530 9
38532 2
38543 13
38549 3
38555 11
38560 16
38562 10
38565 11
38570 19
38571 12
38577 11
38582 11
38587 7
38589 12
38597 12
38605 15
38607 17
38609 3
38615 18
38616 20
38617 7
38619 11
38624 11
38629 12
38635 11
38639 3
38643 9
38645 14
38649 19
38650 12
38656 6
38662 21
38666 7
38668 21
38672 7
38675 17
38677 5
38682 21
38686 18
38687 11
38694 2
38705 3
38711 4
38715 2
38722 12
38730 2
38737 3
38741 6
38747 17
38749 18
38750 15
38752 12
38758 18
38759 8
38763 16
38765 4
38769 20
38771 20
38773 21
38777 15
38779 13
38784 11
38791 5
38798 15
38800 7
38803 12
38807 3
38814 11
38820 11
38825 8
38827 18
38828 19
38830 15
38832 6
38840 7
38843 19
38845 7
38848 7
38850 15
38852 16
38854 9
38856 19
38857 19
38858 3
38865 12
38873 18
38874 12
38880 12
38886 9
38888 2
38899 1
38907 1
38916 11
38923 21
38927 16
38929 19
38931 12
38937 6
38945 18
38946 5
38951 20
38953 9
38954 14
38960 11
38964 7
38966 18
38967 7
38970 15
38972 12
38980 16
38982 2
38989 3
38996 14
39003 8
39007 18
39008 13
39013 6
39021 12
39027 12
39031 11
39036 6
39040 18
39041 17
39043 17
39045 9
39047 12
39055 6
39063 19
39065 8
39069 16
39071 6
39079 5
39085 6
39091 7
39094 19
39095 17
39097 6
39105 18
39106 19
39108 17
39110 2
39121 5
39125 10
39128 16
39130 11
39136 11
39142 11
39148 14
39152 8
39154 16
39156 19
39158 15
39160 21
39164 1
39173 7
39176 12
39182 16
39184 15
39186 16
39188 4
39194 9
39195 14
39201 20
39202 11
39206 1
39216 18
39217 3
39222 18
39223 18
39224 9
39225 5
39231 11
39237 14
39241 10
39244 6
39250 12
39254 11
39260 18
39261 11
39267 3
39271 9
39273 9
39274 12
39278 9
39280 8
39282 12
39286 7
39288 13
39293 5
39300 13
39305 1
39313 7
39315 10
39318 3
39322 14
39329 12
39337 8
39341 18
39342 11
39346 3
39352 6
39358 14
39363 20
39364 2
39371 15
39373 1
39381 1
39388 10
39389 12
39395 1
39403 5
39409 3
39413 12
39421 13
39427 4
39431 20
39433 11
39437 7
39439 11
39445 21
39449 11
39454 12
39460 11
39464 15
39466 3
39470 4
39478 13
39483 21
39487 4
39491 5
39496 12
39500 5
39504 6
39508 12
39512 13
39516 13
39522 16
39524 18
39525 3
39530 12
39538 7
39540 11
39545 10
39548 11
39555 20
39556 19
39557 16
39559 6
39563 7
39566 3
39570 10
39571 17
39573 16
39575 12
39581 8
39583 11
39590 11
39596 9
39597 12
39601 21
39605 19
39606 11
39612 1
39619 11
39623 6
39629 11
39633 12
39641 4
39649 5
39654 14
39659 11
39663 15
39665 21
39669 7
39672 3
39676 18
39677 18
39678 12
39684 10
39687 16
39689 13
39694 14
39698 3
39702 21
39706 16
39708 9
39709 3
39713 2
39722 4
39730 17
39732 12
39738 21
39742 21
39746 16
39748 10
39751 19
39753 20
39755 12
39763 12
39769 20
39771 18
39772 5
39779 19
39781 16
39783 20
39785 3
39791 4
39799 10
39800 4
39806 12
39812 2
39821 15
39823 8
39827 10
39830 8
39834 1
39844 16
39846 6
39854 19
39856 18
39857 3
39861 12
39869 11
39873 15
39875 19
39877 20
39879 13
39884 17
39886 1
39896 19
39897 3
39904 18
39905 1
39914 18
39915 13
39921 19
39923 1
39933 11
39937 13
39943 11
39949 11
39956 10
39959 16
39961 3
39967 18
39968 15
39970 9
39972 2
39981 11
39987 15
39989 11
39995 11
40000 20
40002 2
40009 1
40016 21
40020 10
40021 4
40027 10
40030 11
40035 2
40042 11
40049 2
40058 13
40064 9
40065 17
40067 20
40068 20
40070 18
40071 21
40075 3
40082 7
40085 1
40094 9
40096 2
40107 12
40113 5
40119 12
40127 4
40133 4
40139 15
40141 9
40143 12
40147 20
40149 21
40153 15
40155 12
40163 6
40169 5
40175 14
40180 1
40190 19
40191 9
40193 14
40198 11
40203 11
40207 7
40209 21
40213 17
40215 7
40217 13
40223 15
40225 1
40232 6
40240 7
40242 11
40248 9
40249 13
40253 13
40258 20
40260 7
40263 16
40265 19
40267 11
40271 5
40275 19
40276 14
40283 7
40286 20
40288 15
40290 5
40295 3
40301 2
40312 10
40315 3
40319 6
40323 11
40330 21
40334 4
40340 11
40345 9
40346 12
40354 12
40360 18
40361 11
40368 11
40374 2
40381 7
40384 12
40390 18
40391 8
40395 11
40399 13
40405 10
40408 19
40409 21
40413 13
40418 12
40426 4
40430 12
40438 17
40440 14
40447 5
40451 5
40456 11
40460 12
40468 12
40474 18
40475 18
40476 2
40485 2
40494 18
40495 15
40497 12
40501 18
40502 13
40507 1
40515 11
40520 18
40521 18
40522 1
40530 2
40541 4
40545 1
40553 11
40560 16
40562 19
40564 2
40573 8
40575 10
40576 17
40578 2
40587 12
40593 15
40595 5
40602 3
40608 7
40611 18
40612 10
40615 17
40617 19
40619 9
40621 18
40622 13
40627 8
40629 20
40630 11
40636 12
40644 13
40649 10
40650 21
40654 15
40656 1
40665 19
40666 12
40674 1
40681 12
40687 2
40696 2
40703 11
40710 10
40711 9
40712 15
40714 11
40718 11
40724 12
40732 4
40740 15
40742 18
40743 18
40744 10
40745 18
40746 20
40748 18
40749 20
40750 6
40758 6
40766 5
40772 11
40778 11
40785 1
40792 1
40800 6
40806 3
40813 11
40817 15
40819 9
40820 9
40821 10
40822 15
40824 12
40830 20
40832 14
40838 1
40847 9
40849 15
40851 11
40858 16
40860 21
40864 19
40865 11
40869 5
40874 1
40882 3
40888 10
40889 7
40891 16
40893 9
40895 8
40899 18
40900 2
40911 18
40912 16
40914 6
40920 11
40926 16
40928 12
40934 6
40942 17
40944 5
40950 20
40951 18
40952 19
40954 6
40960 8
40964 9
40966 12
40972 2
40981 10
40982 4
40986 1
40994 18
40995 19
40997 11
41004 5
41009 7
41012 12
41016 20
41017 12
41025 2
41036 11
41040 11
41046 3
41053 10
41054 16
41056 11
41062 10
41063 12
41071 20
41073 12
41081 17
41083 18
41084 16
41086 11
41092 13
41097 4
41105 18
41106 18
41107 7
41109 18
41110 18
41111 18
41112 12
41116 5
41121 11
41127 3
41133 3
41137 14
41144 4
41150 20
41152 17
41154 21
41158 15
41160 19
41161 3
41168 1
41175 12
41179 8
41181 3
41185 18
41186 20
41188 18
41189 18
41190 12
41196 4
41202 15
41204 1
41211 8
41213 6
41219 10
41220 20
41221 18
41222 14
41229 2
41238 6
41244 11
41248 10
41251 18
41252 18
41253 15
41255 13
41259 4
41265 20
41266 15
41268 19
41269 21
41273 12
41279 1
41286 12
41294 4
41300 18
41301 9
41303 1
41313 14
41317 13
41322 21
41326 11
41331 2
41338 2
41345 17
41347 12
41353 14
41358 3
41363 12
41367 12
41373 9
41374 15
41376 7
41378 15
41380 12
41386 17
41388 1
41398 2
41405 20
41406 18
41407 10
41410 13
41415 11
41420 19
41421 12
41429 12
41435 1
41442 4
41450 11
41455 13
41460 19
41461 11
41468 18
41469 4
41473 12
41481 11
41488 16
41490 1
41497 6
41501 15
41503 2
41512 11
41518 18
41519 11
41525 19
41526 12
41532 14
41538 1
41546 18
41547 6
41555 16
41557 8
41561 4
41567 21
41571 18
41572 10
41573 12
41579 10
41580 15
41582 7
41585 18
41586 12
41592 9
41593 4
41599 13
41605 21
41609 17
41611 18
41612 12
41618 20
41619 11
41624 18
41625 4
41633 18
41634 18
41635 5
41640 17
41642 12
41650 18
41651 19
41652 15
41654 15
41656 18
41657 3
41663 18
41664 19
41665 7
41667 11
41673 4
41677 11
41682 20
41684 21
41688 14
41692 19
41694 17
41696 6
41702 13
41706 8
41710 4
41716 11
41722 11
41728 19
41730 11
41736 11
41740 16
41742 5
41748 4
41754 12
41760 12
41766 10
41769 13
41774 18
41775 21
41779 9
41781 14
41788 12
41792 8
41794 16
41796 16
41798 13
41803 11
41808 1
41818 11
41823 2
41832 10
41833 9
41835 16
41837 11
41841 1
41849 18
41850 14
41857 11
