10000
1 19
3 11
9 18
10 4
17 2
26 10
29 3
36 8
39 18
40 12
48 18
49 12
56 19
58 17
60 19
62 18
63 11
69 17
71 15
73 12
79 13
84 11
90 10
93 2
103 11
110 12
118 13
123 12
131 12
139 4
146 13
151 5
157 21
161 2
172 2
182 5
189 8
192 12
198 18
199 17
201 8
204 11
210 10
213 15
215 1
225 20
227 13
232 9
233 18
234 15
236 3
243 3
249 5
256 7
259 9
261 20
263 3
270 11
276 18
277 21
281 15
283 15
285 6
292 2
302 18
303 7
306 14
313 5
319 12
327 2
338 10
340 2
350 9
351 9
353 13
358 1
367 15
369 1
378 12
385 12
391 5
398 15
400 2
411 4
418 2
429 7
431 6
438 12
446 10
447 9
448 5
454 13
459 12
467 1
476 18
477 20
479 1
489 19
491 9
492 20
494 18
495 20
497 9
498 7
500 19
502 12
508 11
514 11
520 7
522 16
524 4
531 11
537 12
543 11
549 7
551 12
559 16
561 1
570 4
576 3
583 1
593 18
594 11
600 9
602 14
609 17
611 5
617 19
619 13
624 13
629 2
640 4
648 11
654 2
664 12
671 12
677 1
686 2
695 21
699 14
704 12
711 12
717 13
722 5
729 12
737 11
743 11
750 19
752 6
760 7
763 1
772 8
776 18
777 20
779 11
786 11
792 20
794 11
800 2
809 17
811 16
813 15
815 11
821 20
823 9
825 16
827 18
828 12
834 15
836 15
838 15
840 9
842 13
848 21
852 12
860 9
862 21
866 4
872 18
873 17
875 18
876 4
882 18
883 16
885 20
887 13
892 4
900 4
908 18
909 19
911 5
918 17
920 11
926 10
929 11
936 3
942 18
943 16
945 17
947 12
953 19
955 14
961 12
968 6
976 12
982 1
992 11
999 16
1001 19
1003 12
1009 17
1011 12
1018 10
1020 2
1030 10
1032 9
1033 9
1034 17
1036 12
1044 7
1046 7
1049 1
1058 10
1060 21
1064 7
1067 11
1073 12
1079 17
1081 6
1088 17
1090 18
1091 16
1093 20
1095 17
1097 11
1104 5
1111 12
1117 12
1124 11
1131 19
1133 18
1134 7
1137 17
1139 19
1141 11
1147 15
1149 11
1156 20
1158 11
1164 20
1166 1
1175 11
1181 10
1184 12
1191 8
1195 6
1202 15
1204 16
1206 3
1213 17
1215 1
1225 19
1227 16
1229 12
1237 14
1243 19
1245 19
1247 21
1251 5
1257 5
1264 11
1270 7
1273 21
1277 9
1278 20
1280 4
1286 19
1288 18
1289 14
1295 6
1303 8
1307 10
1309 9
1310 11
1317 8
1320 2
1331 11
1338 6
1346 1
1355 16
1357 21
1361 2
1371 1
1380 1
1389 18
1390 12
1396 19
1398 7
1400 10
1402 19
1404 18
1405 19
1407 12
1414 16
1416 20
1418 18
1419 10
1422 11
1429 7
1432 14
1437 11
1443 11
1450 11
1457 15
1459 2
1468 8
1472 18
1473 16
1475 4
1481 11
1488 16
1490 8
1493 19
1495 21
1499 11
1506 20
1508 11
1515 3
1522 10
1524 19
1526 9
1527 13
1532 12
1539 17
1541 18
1542 7
1545 11
1551 12
1558 6
1565 13
1570 3
1576 18
1577 11
1584 19
1586 2
1596 17
1598 20
1600 6
1608 2
1618 12
1626 3
1632 11
1639 16
1641 21
1645 4
1652 11
1659 8
1661 12
1667 7
1669 12
1675 16
1677 21
1681 11
1687 10
1689 12
1695 8
1698 13
1704 12
1712 3
1719 3
1725 3
1731 12
1739 20
1741 12
1749 7
1752 14
1758 5
1765 16
1767 19
1769 21
1773 19
1775 12
1781 10
1784 3
1791 6
1798 16
1800 10
1802 10
1805 21
1809 13
1814 21
1818 2
1829 19
1831 12
1839 2
1849 18
1850 17
1852 21
1856 11
1862 17
1864 2
1874 9
1875 4
1881 11
1887 6
1895 4
1901 16
1903 12
1910 16
1912 2
1922 11
1928 6
1935 12
1942 8
1946 20
1948 2
1959 11
1965 7
1968 1
1977 20
1979 12
1987 9
1988 6
1994 6
2002 21
2006 12
2013 6
2021 18
2022 20
2024 17
2026 20
2028 8
2030 7
2033 16
2035 12
2042 11
2049 12
2057 11
2063 12
2069 10
2072 19
2074 2
2084 18
2085 12
2092 11
2099 10
2101 6
2108 13
2113 18
2114 17
2116 15
2118 12
2126 12
2133 16
2135 10
2137 12
2143 11
2149 3
2155 17
2157 19
2159 21
2163 11
2169 10
2172 12
2180 2
2191 18
2192 10
2193 20
2195 3
2202 19
2204 11
2211 17
2213 11
2220 11
2227 5
2234 6
2241 10
2242 13
2248 12
2255 6
2263 11
2269 18
2270 13
2276 9
2277 11
2284 17
2286 12
2292 7
2295 7
2297 12
2303 12
2311 16
2313 16
2315 12
2322 9
2324 8
2327 18
2328 3
2334 5
2340 11
2347 17
2349 12
2356 9
2358 15
2360 7
2362 15
2364 9
2365 20
2367 21
2371 8
2374 11
2381 17
2383 16
2385 14
2390 14
2396 5
2403 19
2405 11
2412 21
2416 12
2424 16
2426 21
2430 1
2440 15
2442 16
2444 11
2450 11
2456 21
2460 5
2466 11
2472 11
2479 7
2482 18
2483 7
2486 20
2488 20
2490 12
2498 17
2500 11
2506 10
2508 12
2514 20
2516 11
2522 11
2528 10
2530 7
2533 3
2540 16
2542 18
2543 21
2547 13
2553 18
2554 21
2558 20
2560 18
2561 11
2568 2
2577 16
2579 10
2582 18
2583 11
2590 6
2597 7
2600 10
2603 13
2609 10
2610 15
2612 10
2615 5
2621 1
2630 9
2631 20
2633 20
2635 11
2642 1
2652 11
2659 7
2661 9
2663 8
2665 12
2672 19
2674 12
2682 15
2684 3
2691 1
2700 4
2708 12
2715 9
2717 3
2724 11
2731 11
2737 17
2739 21
2743 16
2745 6
2752 16
2754 1
2763 19
2765 18
2766 11
2772 18
2773 12
2779 1
2789 3
2795 11
2802 9
2803 8
2805 7
2808 11
2815 18
2816 1
2826 20
2828 12
2836 16
2838 20
2840 6
2847 18
2848 10
2849 16
2851 4
2857 11
2863 11
2870 3
2876 16
2878 15
2880 11
2886 11
2893 18
2894 9
2896 15
2898 17
2900 21
2904 16
2906 4
2914 8
2917 12
2923 9
2924 5
2931 10
2933 12
2940 18
2941 21
2945 16
2947 1
2957 21
2961 12
2968 18
2969 16
2971 12
2977 18
2978 12
2985 18
2986 18
2987 16
2989 6
2995 17
2997 10
2999 1
3009 10
3012 4
3020 17
3022 11
3028 17
3030 18
3031 14
3037 11
3044 6
3050 18
3051 12
3059 5
3065 9
3067 17
3069 16
3071 11
3078 4
3086 15
3088 21
3092 13
3098 8
3101 19
3103 10
3105 13
3111 17
3113 12
3119 18
3120 14
3126 19
3128 12
3136 4
3144 12
3151 1
3161 18
3162 8
3164 11
3171 11
3178 1
3188 13
3193 2
3203 5
3209 18
3210 16
3212 17
3214 12
3221 11
3228 11
3234 7
3236 2
3246 18
3247 16
3249 19
3251 3
3258 12
3266 13
3271 19
3273 13
3279 13
3284 3
3290 11
3297 3
3303 2
3314 11
3321 17
3323 11
3329 12
3335 10
3337 9
3338 10
3339 3
3346 7
3348 16
3350 6
3358 10
3361 18
3362 13
3367 10
3368 4
3376 15
3378 8
3382 8
3384 20
3386 10
3388 3
3394 21
3398 11
3405 14
3410 18
3411 11
3418 11
3425 21
3429 11
3436 7
3439 5
3445 12
3453 7
3455 6
3462 17
3464 15
3466 4
3473 16
3475 11
3481 11
3487 15
3489 8
3491 1
3501 18
3502 3
3509 15
3511 11
3517 11
3523 12
3530 21
3534 16
3536 11
3543 16
3545 4
3552 18
3553 18
3554 14
3561 11
3567 12
3574 13
3580 20
3582 18
3583 16
3585 12
3592 16
3594 3
3600 2
3610 5
3617 7
3619 9
3620 8
3623 16
3625 11
3631 1
3641 10
3644 15
3646 11
3653 13
3658 20
3660 11
3666 9
3667 4
3674 7
3676 17
3678 7
3681 21
3685 21
3689 3
3695 7
3698 6
3706 14
3711 11
3718 9
3720 18
3721 18
3722 2
3733 17
3735 12
3741 6
3749 5
3756 14
3762 9
3764 17
3766 15
3768 7
3771 6
3778 11
3785 9
3786 11
3792 5
3798 16
3800 11
3807 4
3815 20
3817 11
3824 18
3825 6
3833 11
3840 18
3841 12
3848 18
3849 5
3856 12
3863 13
3868 6
3874 20
3876 4
3883 15
3885 12
3892 13
3897 7
3900 12
3907 10
3908 11
3915 20
3917 11
3923 2
3933 18
3934 11
3941 2
3952 16
3954 20
3956 19
3958 18
3959 19
3961 11
3968 11
3974 11
3980 18
3981 14
3986 15
3988 4
3994 13
3999 7
4001 4
4007 21
4011 12
4018 9
4019 12
4027 1
4037 6
4043 16
4045 2
4054 21
4058 3
4064 21
4068 11
4075 18
4076 14
4083 2
4092 4
4098 14
4104 11
4111 1
4121 11
4127 14
4132 9
4134 12
4140 21
4144 21
4148 8
4151 18
4152 14
4159 15
4161 11
4167 4
4173 20
4175 21
4179 12
4185 2
4196 21
4200 11
4207 16
4209 15
4211 11
4218 20
4220 16
4222 13
4227 11
4234 3
4241 21
4245 13
4250 13
4255 18
4256 16
4258 4
4264 11
4271 3
4278 13
4284 18
4285 17
4287 2
4296 15
4298 20
4300 11
4306 17
4308 20
4310 17
4312 17
4314 12
4320 12
4326 18
4327 6
4334 5
4341 18
4342 20
4344 4
4351 21
4355 2
4364 14
4370 5
4377 6
4384 1
4393 21
4397 7
4399 3
4406 1
4416 11
4422 6
4429 3
4436 5
4443 3
4449 18
4450 11
4456 12
4464 17
4466 15
4468 20
4470 17
4472 2
4483 4
4490 14
4496 6
4502 12
4510 21
4514 16
4516 15
4518 12
4525 10
4527 18
4528 16
4530 8
4533 20
4535 13
4541 16
4543 9
4544 7
4546 2
4556 17
4558 12
4565 8
4569 2
4578 20
4580 11
4586 3
4592 18
4593 7
4595 21
4599 17
4601 11
4608 20
4610 15
4612 13
4617 17
4619 3
4625 20
4627 12
4635 21
4639 21
4643 21
4647 10
4649 19
4651 17
4653 15
4655 15
4657 13
4662 17
4664 5
4670 14
4676 12
4682 11
4688 3
4695 7
4698 5
4705 21
4709 15
4711 17
4713 18
4714 5
4721 2
4731 6
4739 15
4741 18
4742 12
4749 3
4755 12
4763 3
4770 2
4780 11
4786 20
4788 14
4794 10
4795 3
4801 16
4803 18
4804 3
4811 11
4817 11
4824 15
4826 10
4827 15
4829 10
4831 11
4838 14
4843 11
4849 12
4856 18
4857 5
4863 10
4865 9
4866 11
4873 9
4875 8
4877 5
4884 11
4890 12
4897 18
4898 18
4899 8
4903 18
4904 10
4907 1
4916 20
4918 5
4925 11
4931 6
4938 14
4945 13
4950 5
4957 17
4959 18
4960 9
4962 11
4968 1
4977 7
4980 12
4988 18
4989 10
4992 4
5000 18
5001 21
5005 10
5006 6
5013 17
5015 11
5022 4
5029 3
5035 8
5038 17
5040 18
5041 15
5043 5
5049 1
5059 3
5065 11
5071 10
5073 18
5074 15
5076 9
5078 19
5080 14
5087 7
5089 9
5090 11
5096 18
5097 2
5107 11
5114 8
5116 10
5118 21
5122 20
5124 19
5126 21
5130 14
5137 6
5145 16
5147 1
5157 12
5163 1
5172 9
5173 11
5180 20
5182 5
5189 6
5196 11
5203 3
5209 12
5216 19
5218 14
5224 9
5226 13
5232 20
5234 6
5240 8
5242 19
5244 5
5251 16
5253 9
5255 1
5265 17
5267 18
5268 12
5276 18
5277 11
5283 1
5292 17
5294 21
5298 11
5304 18
5305 5
5311 4
5318 9
5320 19
5322 7
5324 14
5330 4
5338 12
5344 12
5351 5
5357 16
5359 7
5362 16
5364 20
5366 15
5368 21
5372 5
5379 6
5386 15
5388 17
5390 16
5392 20
5394 7
5396 12
5403 9
5405 14
5410 12
5416 9
5418 14
5424 1
5433 14
5438 18
5439 12
5445 15
5447 9
5448 6
5456 1
5465 17
5467 21
5471 18
5472 1
5481 19
5483 16
5485 15
5487 21
5491 2
5500 11
5506 9
5508 5
5515 2
5524 12
5531 18
5532 16
5534 15
5536 11
5542 15
5544 18
5545 2
5555 12
5562 21
5566 12
5573 18
5574 19
5576 13
5582 12
5589 20
5591 12
5599 9
5601 11
5607 14
5612 11
5619 3
5625 19
5627 12
5634 17
5636 18
5637 15
5639 1
5649 1
5658 1
5667 12
5675 12
5683 11
5689 11
5696 21
5700 3
5706 2
5716 6
5723 18
5724 4
5731 7
5734 13
5739 14
5745 20
5747 18
5748 21
5752 19
5754 12
5762 12
5768 17
5770 21
5774 1
5784 13
5790 6
5797 8
5799 11
5806 2
5815 19
5817 12
5824 12
5831 10
5833 11
5840 1
5849 12
5856 16
5858 4
5864 9
5865 5
5871 11
5878 11
5885 12
5892 21
5896 20
5898 12
5905 15
5907 10
5909 7
5911 11
5917 14
5922 13
5928 4
5934 18
5935 7
5938 14
5944 21
5948 11
5955 11
5962 18
5963 6
5970 12
5978 18
5979 9
5981 20
5983 12
5990 12
5997 16
5999 21
6003 3
6009 12
6016 11
6022 11
6028 13
6034 11
6040 18
6041 11
6048 4
6055 14
6060 3
6067 20
6069 15
6071 21
6075 11
6082 15
6084 2
6094 11
6101 10
6103 7
6105 18
6106 11
6113 12
6119 16
6121 18
6122 1
6132 18
6133 11
6139 15
6141 7
6143 5
6149 16
6151 5
6158 2
6168 1
6177 20
6179 15
6181 4
6188 12
6195 12
6202 15
6204 7
6206 16
6208 21
6212 12
6219 6
6226 3
6232 4
6239 15
6241 11
6247 6
6253 18
6254 19
6256 21
6260 7
6263 5
6269 18
6270 5
6276 18
6277 21
6281 15
6283 15
6285 20
6287 16
6289 21
6293 12
6300 20
6302 10
6304 14
6309 17
6311 1
6321 16
6323 12
6329 5
6335 10
6336 11
6342 13
6347 11
6353 12
6360 4
6367 17
6369 12
6376 6
6384 15
6386 12
6392 10
6394 11
6401 12
6409 8
6411 19
6413 6
6420 11
6426 16
6428 18
6429 14
6435 5
6441 17
6443 11
6449 12
6456 15
6458 12
6464 9
6465 10
6467 18
6468 18
6469 9
6471 12
6478 14
6484 13
6489 8
6491 8
6495 9
6497 8
6500 15
6502 21
6506 19
6508 18
6509 11
6515 11
6522 21
6526 2
6536 9
6538 1
6547 15
6549 14
6555 12
6562 18
6563 15
6565 18
6566 10
6568 12
6575 14
6581 16
6583 10
6585 12
6591 18
6592 19
6594 19
6596 2
6607 18
6608 9
6610 8
6613 20
6615 12
6621 14
6628 16
6630 17
6632 21
6636 16
6638 18
6639 1
6648 13
6654 11
6661 5
6667 13
6673 11
6680 14
6685 1
6695 12
6702 18
6703 11
6709 9
6711 20
6713 11
6720 21
6724 1
6734 3
6741 8
6745 19
6747 6
6754 10
6756 2
6766 12
6774 12
6780 16
6782 13
6788 7
6791 19
6793 7
6795 12
6801 18
6802 1
6811 17
6813 18
6814 6
6821 21
6825 9
6827 11
6834 11
6840 11
6847 11
6854 11
6860 16
6862 20
6864 9
6866 8
6869 12
6876 4
6884 4
6890 11
6896 8
6898 18
6899 1
6908 13
6914 1
6923 12
6930 5
6936 14
6943 18
6944 11
6950 10
6953 11
6959 13
6964 17
6966 11
6973 10
6974 10
6976 9
6977 12
6983 16
6985 11
6992 12
6999 17
7001 11
7008 18
7009 17
7011 20
7013 14
7018 3
7025 5
7031 11
7038 6
7045 1
7055 18
7056 8
7058 2
7068 8
7070 19
7072 4
7078 6
7085 7
7087 18
7088 2
7097 12
7104 4
7110 16
7112 20
7114 18
7115 8
7119 8
7122 18
7123 10
7125 11
7131 10
7133 5
7140 13
7145 5
7151 13
7157 16
7159 9
7161 14
7166 18
7167 16
7169 11
7175 10
7177 20
7179 11
7185 19
7187 14
7194 7
7197 1
7206 10
7208 10
7211 3
7218 9
7220 19
7222 18
7223 13
7228 12
7234 9
7235 10
7238 21
7242 18
7243 15
7245 12
7252 20
7254 8
7258 16
7260 3
7266 15
7268 17
7270 11
7277 13
7283 4
7291 1
7300 9
7302 18
7303 2
7312 18
7313 18
7314 15
7316 12
7323 18
7324 18
7325 10
7327 4
7334 11
7340 13
7345 20
7347 12
7354 9
7356 1
7366 21
7370 7
7372 6
7378 3
7384 18
7385 12
7392 19
7394 13
7399 20
7401 17
7403 12
7409 21
7413 15
7415 19
7417 20
7419 6
7425 1
7435 12
7442 17
7444 8
7446 1
7456 10
7458 4
7464 11
7470 3
7477 17
7479 3
7485 11
7492 5
7498 7
7501 8
7505 15
7507 17
7509 1
7518 11
7524 7
7526 14
7532 15
7534 7
7536 18
7537 13
7543 6
7550 20
7552 6
7558 12
7564 12
7571 12
7578 9
7579 4
7586 12
7593 13
7599 5
7605 7
7608 8
7611 12
7618 12
7626 12
7632 9
7633 18
7634 12
7641 12
7647 7
7649 1
7658 16
7660 16
7662 5
7669 11
7676 8
7678 12
7685 18
7686 8
7690 14
7697 1
7707 19
7709 18
7710 4
7718 12
7725 11
7731 7
7734 18
7735 21
7739 11
7746 11
7753 8
7756 10
7758 12
7764 17
7766 11
7773 1
7783 10
7785 12
7791 18
7792 15
7794 18
7795 11
7801 10
7802 19
7804 14
7810 4
7816 18
7817 1
7827 9
7829 20
7831 9
7833 11
7840 8
7844 11
7851 1
7861 14
7868 14
7873 13
7878 8
7882 7
7885 3
7892 21
7896 21
7900 6
7908 5
7915 13
7921 7
7923 12
7930 18
7931 10
7932 12
7939 15
7941 20
7943 8
7947 4
7954 11
7960 4
7968 12
7975 12
7981 19
7983 17
7985 2
7995 6
8003 13
8009 11
8015 18
8016 11
8022 21
8026 7
8029 11
8036 18
8037 19
8039 8
8042 17
8044 7
8046 11
8053 12
8060 9
8062 18
8063 10
8065 11
8071 18
8072 11
8078 7
8081 11
8088 10
8089 17
8091 6
8098 21
8102 18
8103 2
8113 17
8115 3
8121 3
8128 13
8133 7
8136 7
8139 21
8143 11
8149 10
8150 12
8157 11
8163 18
8164 10
8167 5
8174 11
8180 10
8182 5
8189 14
8196 1
8205 13
8210 19
8212 2
8223 12
8231 11
8237 10
8238 1
8247 8
8251 11
8257 14
8262 19
8264 14
8270 12
8276 21
8280 13
8285 11
8292 12
8300 5
8306 20
8308 18
8309 14
8315 10
8316 15
8318 3
8324 9
8326 2
8336 9
8338 9
8339 5
8345 12
8353 12
8360 12
8368 12
8376 12
8384 2
8394 7
8396 16
8398 19
8400 7
8403 18
8404 20
8406 8
8409 2
8419 11
8426 4
8434 1
8443 18
8444 12
8451 12
8458 14
8465 15
8467 7
8470 19
8472 12
8479 12
8486 1
8495 11
8502 4
8510 8
8512 20
8514 3
8521 18
8522 2
8531 10
8533 9
8535 1
8545 12
8552 12
8559 11
8566 17
8568 11
8574 12
8580 3
8587 5
8594 16
8596 1
8606 12
8613 6
8620 18
8621 9
8622 20
8624 21
8628 2
8639 16
8641 11
8648 21
8652 3
8658 17
8660 17
8662 5
8668 13
8673 12
8679 1
8688 11
8695 17
8697 19
8699 8
8701 11
8708 12
8714 4
8721 15
8723 8
8726 18
8727 10
8729 2
8739 11
8746 7
8749 9
8751 12
8758 16
8760 18
8761 5
8767 5
8774 9
8775 18
8776 11
8782 3
8789 6
8795 11
8802 13
8807 6
8814 11
8820 20
8822 10
8825 17
8827 1
8836 10
8838 19
8840 15
8842 3
8849 2
8860 19
8862 11
8869 3
8875 11
8882 7
8885 6
8893 3
8899 7
8901 9
8902 1
8912 8
8915 18
8916 12
8923 21
8927 19
8929 4
8936 4
8943 12
8950 10
8952 10
8955 18
8956 12
8964 11
8971 1
8980 10
8982 20
8984 11
8991 4
8998 5
9005 7
9008 6
9015 6
9022 14
9029 14
9036 18
9037 19
9039 21
9043 11
9049 9
9050 1
9060 10
9062 9
9063 4
9071 6
9077 21
9081 3
9088 14
9094 18
9095 12
9102 12
9109 1
9118 1
9128 20
9130 11
9137 18
9138 16
9140 18
9141 2
9151 13
9156 8
9158 5
9165 18
9166 4
9172 6
9179 10
9180 9
9181 15
9183 11
9189 19
9191 19
9193 18
9194 10
9196 5
9202 1
9211 20
9213 9
9214 5
9221 12
9228 11
9235 20
9237 18
9238 11
9244 11
9251 11
9258 3
9264 5
9270 5
9276 18
9277 12
9284 3
9291 21
9295 12
9302 16
9304 21
9308 20
9310 15
9312 4
9318 20
9320 12
9327 20
9329 10
9330 12
9338 12
9344 21
9348 17
9350 6
9358 17
9360 3
9367 10
9368 2
9378 5
9384 15
9386 1
9396 19
9398 21
9402 13
9407 12
9414 18
9415 1
9425 13
9431 10
9432 17
9434 18
9435 11
9442 21
9446 14
9451 16
9453 10
9455 10
9457 15
9459 21
9463 4
9470 4
9477 15
9479 11
9486 20
9488 12
9494 20
9496 13
9501 2
9512 12
9520 12
9528 15
9530 5
9536 9
9537 12
9544 12
9552 16
9554 17
9556 19
9558 11
9565 20
9567 19
9569 2
9579 5
9585 11
9591 12
9598 9
9600 10
9601 12
9609 18
9610 11
9617 1
9626 14
9633 11
9640 11
9647 12
9654 5
9660 4
9668 12
9676 20
9678 19
9680 3
9686 17
9688 18
9689 16
9691 10
9692 12
9698 13
9704 6
9711 12
9718 16
9720 17
9722 5
9728 11
9735 12
9741 7
9743 16
9745 3
9751 3
9757 14
9764 19
9766 1
9776 17
9778 3
9784 13
9789 1
9798 16
9800 14
9806 10
9808 18
9809 19
9811 8
9815 7
9817 9
9818 3
9825 11
9832 1
9842 12
9850 20
9852 4
9858 6
9865 6
9871 12
9877 3
9884 11
9890 14
9897 3
9904 3
9911 11
9918 11
9925 6
9931 1
9940 8
9943 16
9945 10
9946 11
9953 14
9959 11
9965 1
9974 15
9976 10
9979 12
9986 16
9988 10
9990 5
9996 7
9999 5
10006 5
10012 4
10018 12
10025 7
10028 10
10030 6
10037 16
10039 1
10049 13
10054 9
10056 15
10058 16
10060 20
10062 11
10069 7
10072 9
10074 1
10084 21
10088 18
10089 7
10091 18
10092 3
10098 2
10107 12
10114 20
10116 16
10118 11
10125 18
10126 3
10132 3
10138 1
10147 3
10154 6
10162 5
10168 5
10175 17
10177 10
10179 12
10186 21
10190 3
10196 14
10201 11
10208 1
10217 10
10218 12
10225 12
10233 18
10234 8
10236 10
10237 17
10239 17
10241 9
10242 11
10249 6
10256 8
10258 21
10262 21
10266 5
10273 18
10274 19
10276 12
10284 18
10285 12
10291 1
10300 4
10308 16
10310 5
10316 7
10318 11
10324 18
10325 14
10331 13
10336 7
10338 16
10340 12
10347 7
10349 7
10351 12
10358 9
10360 6
10367 18
10368 11
10375 2
10385 8
10388 15
10390 18
10391 9
10392 12
10400 1
10410 17
10412 16
10414 17
10416 11
10423 14
10428 18
10429 12
10435 12
10442 3
10449 15
10451 10
10452 12
10458 12
10465 1
10475 20
10477 9
10478 17
10480 20
10482 11
10488 10
10489 13
10495 18
10496 9
10497 15
10499 16
10501 20
10503 6
10509 12
10517 18
10518 20
10520 8
10524 18
10525 20
10527 3
10533 9
10535 7
10538 11
10545 17
10547 7
10550 19
10552 6
10558 20
10560 18
10561 15
10563 11
10569 7
10572 13
10578 12
10585 21
10589 14
10596 17
10598 18
10599 17
10601 12
10607 9
10609 4
10616 15
10618 15
10620 2
10630 11
10637 7
10640 17
10642 21
10646 7
10649 14
10655 19
10657 3
10664 3
10670 3
10677 12
10684 12
10691 11
10698 19
10700 11
10706 3
10712 10
10714 11
10721 18
10722 13
10728 19
10730 2
10739 10
10741 16
10743 19
10745 19
10747 12
10755 16
10757 7
10759 21
10763 11
10770 6
10778 11
10784 16
10786 11
10793 3
10800 11
10806 16
10808 10
10810 18
10811 11
10818 3
10824 17
10826 13
10831 8
10834 19
10836 15
10838 11
10844 20
10846 11
10853 6
10861 15
10863 12
10870 12
10877 12
10884 12
10892 18
10893 14
10899 20
10901 12
10907 8
10910 19
10912 18
10913 10
10915 12
10922 17
10924 3
10930 3
10936 18
10937 12
10943 3
10950 18
10951 12
10959 16
10961 14
10966 12
10974 16
10976 2
10987 18
10988 20
10990 21
10994 1
11004 9
11006 10
11008 15
11010 20
11012 2
11021 7
11023 12
11029 11
11035 7
11038 3
11045 18
11046 17
11048 2
11058 7
11061 18
11062 12
11069 2
11080 16
11082 10
11083 10
11085 3
11092 12
11098 21
11102 6
11109 15
11111 2
11122 13
11128 6
11135 7
11137 19
11139 12
11146 4
11154 4
11162 15
11164 9
11165 11
11172 16
11174 4
11181 13
11186 15
11188 20
11190 17
11192 1
11202 1
11212 19
11214 1
11224 11
11230 1
11239 5
11245 11
11251 5
11257 1
11266 19
11268 3
11274 21
11278 7
11281 8
11284 8
11287 17
11289 18
11290 4
11296 19
11298 3
11305 1
11314 15
11316 15
11318 21
11322 12
11328 8
11331 20
11333 7
11335 11
11342 7
11345 8
11348 12
11355 1
11364 2
11373 16
11375 16
11377 8
11379 14
11385 20
11387 5
11393 19
11395 14
11401 7
11404 4
11412 2
11421 6
11427 21
11431 8
11434 12
11441 20
11443 10
11445 16
11447 11
11454 3
11461 16
11463 8
11465 16
11467 16
11469 18
11470 12
11478 19
11480 19
11482 11
11488 7
11490 18
11491 3
11498 13
11504 20
11506 18
11507 8
11510 17
11512 17
11514 12
11521 1
11530 5
11537 14
11544 7
11546 10
11548 18
11549 7
11551 19
11553 15
11555 10
11557 18
11558 12
11564 20
11566 11
11572 12
11579 19
11581 6
11587 19
11589 8
11591 18
11592 6
11600 10
11601 16
11603 2
11612 9
11614 18
11615 19
11617 7
11620 16
11622 16
11624 14
11630 21
11634 12
11640 15
11642 11
11649 11
11655 12
11663 16
11665 14
11671 19
11673 6
11679 4
11687 11
11693 2
11702 18
11703 9
11705 10
11707 21
11711 6
11718 17
11720 1
11729 8
11733 9
11734 10
11735 5
11741 20
11743 2
11753 11
11760 13
11765 10
11767 13
11773 2
11783 12
11790 21
11794 18
11795 12
11802 12
11809 21
11813 13
11819 21
11823 12
11830 21
11834 4
11841 21
11845 17
11847 11
11854 6
11860 18
11861 2
11871 4
11878 12
11885 11
11891 1
11901 14
11908 1
11918 13
11924 11
11930 3
11936 10
11939 11
11946 19
11948 9
11950 15
11952 20
11954 9
11955 2
11965 3
11971 13
11976 16
11978 2
11988 9
11990 8
11992 13
11997 20
11999 18
12000 3
12007 9
12008 15
12010 17
12012 3
12018 10
12020 18
12021 9
12023 13
12028 11
12035 6
12041 16
12043 12
12050 13
12056 10
12058 16
12060 8
12064 18
12065 21
12069 19
12071 9
12072 9
12073 15
12075 16
12077 10
12078 1
12088 3
12094 8
12096 16
12098 15
12100 12
12108 6
12115 11
12121 4
12127 12
12133 18
12134 16
12136 7
12138 5
12145 17
12147 5
12153 4
12160 18
12161 20
12163 20
12165 18
12166 2
12176 18
12177 12
12185 5
12192 2
12202 4
12210 18
12211 18
12212 19
12214 7
12217 19
12219 9
12220 17
12222 12
12229 9
12230 6
12238 21
12242 1
12252 19
12254 11
12260 3
12267 11
12274 10
12277 1
12287 15
12289 16
12291 17
12293 8
12297 16
12299 11
12305 11
12312 7
12315 10
12317 20
12319 11
12326 19
12328 19
12330 4
12337 18
12338 15
12340 12
12347 19
12349 15
12351 11
12357 1
12366 2
12376 2
12387 21
12391 13
12397 1
12406 21
12410 6
12417 16
12419 15
12421 16
12423 20
12425 10
12427 21
12431 15
12433 8
12436 8
12439 8
12443 12
12450 6
12458 16
12460 19
12462 11
12469 13
12474 17
12476 7
12478 9
12479 13
12484 18
12485 16
12487 18
12488 11
12495 8
12497 11
12504 9
12506 15
12508 1
12517 16
12519 1
12529 12
12536 18
12537 21
12541 2
12550 5
12556 14
12562 12
12569 21
12573 18
12574 15
12576 12
12583 16
12585 4
12592 12
12600 8
12604 5
12611 17
12613 7
12616 11
12622 18
12623 3
12629 16
12631 19
12633 5
12640 7
12642 9
12643 4
12651 1
12660 9
12661 18
12662 15
12664 19
12666 2
12676 11
12683 4
12690 20
12692 11
12698 18
12699 12
12705 7
12707 11
12714 18
12715 3
12721 14
12727 11
12734 15
12736 11
12742 12
12749 12
12756 8
12759 15
12761 7
12764 17
12766 20
12768 17
12770 8
12773 3
12779 21
12783 17
12785 14
12791 11
12798 12
12804 8
12807 5
12813 3
12819 7
12821 11
12827 9
12828 18
12829 12
12837 15
12839 8
12842 12
12848 9
12849 13
12855 11
12862 18
12863 16
12865 20
12867 11
12874 12
12881 18
12882 1
12892 18
12893 2
12904 12
12911 21
12915 11
12922 11
12929 7
12932 17
12934 10
12937 11
12943 18
12944 2
12953 6
12961 11
12968 14
12975 17
12977 3
12983 19
12985 14
12991 12
12998 21
13002 2
13011 12
13018 6
13024 18
13025 2
13036 2
13045 12
13053 12
13061 1
13071 18
13072 11
13078 15
13080 8
13082 9
13084 13
13090 8
13092 17
13094 15
13096 11
13102 1
13111 9
13112 9
13114 10
13117 9
13118 11
13125 11
13131 4
13137 8
13139 16
13141 13
13147 11
13154 17
13156 2
13167 8
13170 1
13180 12
13186 9
13188 12
13196 11
13202 13
13208 11
13215 2
13225 1
13235 11
13241 12
13249 14
13256 12
13263 7
13265 5
13272 2
13282 12
13290 16
13292 18
13293 7
13295 21
13299 3
13305 9
13307 11
13313 21
13317 19
13319 16
13321 12
13328 20
13330 14
13336 11
13343 21
13347 20
13349 11
13356 14
13363 10
13366 10
13369 10
13372 12
13379 12
13385 11
13391 15
13393 8
13395 17
13397 3
13404 20
13406 13
13411 11
13417 9
13418 3
13424 12
13430 19
13432 13
13438 21
13442 17
13444 10
13445 14
13452 9
13453 15
13455 1
13464 1
13473 15
13475 3
13482 10
13484 15
13486 5
13493 6
13500 5
13507 11
13514 15
13516 15
13518 9
13519 16
13521 2
13530 11
13537 20
13539 6
13545 9
13547 21
13551 13
13557 17
13559 11
13566 11
13572 5
13579 3
13585 3
13592 13
13598 9
13599 8
13602 3
13609 15
13611 1
13621 8
13625 16
13627 21
13631 11
13637 4
13644 12
13651 14
13658 14
13663 11
13669 3
13676 9
13677 7
13680 11
13686 17
13688 20
13690 4
13696 17
13698 12
13705 19
13707 12
13713 18
13714 21
13718 14
13725 14
13732 8
13736 12
13743 9
13745 4
13751 4
13757 3
13764 16
13766 18
13767 8
13769 5
13776 11
13783 15
13785 3
13792 12
13800 8
13803 8
13806 21
13810 7
13812 11
13819 13
13825 21
13829 17
13831 4
13838 16
13840 11
13846 8
13849 16
13851 7
13854 2
13865 9
13866 20
13868 2
13877 18
13878 11
13884 18
13885 11
13892 15
13894 9
13895 18
13896 8
13899 18
13900 11
13906 8
13909 10
13911 21
13915 4
13922 14
13928 3
13935 9
13936 17
13938 18
13939 12
13946 7
13948 2
13958 11
13965 10
13967 5
13974 20
13976 11
13983 14
13988 8
13991 18
13992 17
13994 12
14001 19
14003 12
14011 11
14018 9
14020 11
14027 5
14033 4
14040 2
14049 18
14050 14
14056 16
14058 13
14063 12
14071 11
14078 5
14085 11
14091 15
14093 18
14094 5
14100 11
14107 12
14114 11
14120 21
14124 8
14127 1
14136 10
14139 2
14149 8
14152 9
14153 17
14155 10
14158 12
14166 5
14172 17
14174 11
14180 6
14187 12
14193 4
14199 18
14200 1
14209 12
14217 19
14219 2
14230 11
14237 5
14243 13
14249 18
14250 5
14256 5
14263 19
14265 4
14272 18
14273 16
14275 5
14282 17
14284 12
14292 3
14299 9
14301 15
14303 1
14313 4
14321 11
14327 20
14329 5
14335 9
14336 15
14338 5
14344 15
14346 10
14349 17
14351 18
14352 14
14358 11
14364 20
14366 11
14372 9
14373 11
14380 16
14382 4
14389 18
14390 3
14396 12
14403 11
14409 10
14410 10
14412 12
14418 3
14424 1
14433 12
14441 9
14443 1
14453 12
14459 1
14468 5
14475 9
14477 15
14479 18
14480 11
14486 14
14491 19
14493 18
14494 14
14500 10
14502 16
14504 12
14512 11
14518 20
14520 10
14521 10
14523 14
14529 10
14531 12
14538 20
14540 3
14547 8
14549 13
14554 17
14556 5
14563 11
14569 18
14570 12
14578 8
14581 18
14582 12
14589 11
14596 8
14599 9
14601 4
14609 18
14610 20
14612 11
14618 9
14620 11
14626 12
14633 6
14641 8
14644 10
14646 3
14653 7
14656 11
14662 13
14668 12
14675 15
14677 15
14679 4
14685 14
14691 20
14693 18
14694 12
14701 14
14708 16
14710 15
14712 21
14716 12
14724 6
14732 5
14739 18
14740 11
14746 11
14752 4
14759 19
14761 15
14763 12
14769 12
14776 21
14780 21
14784 13
14790 4
14798 18
14799 1
14808 10
14810 11
14817 5
14824 16
14826 11
14832 20
14834 11
14840 5
14846 1
14855 7
14858 8
14861 10
14864 12
14872 15
14874 12
14882 11
14888 10
14890 7
14892 11
14898 16
14900 8
14902 18
14903 16
14905 21
14909 13
14914 11
14921 19
14923 20
14925 8
14928 18
14929 20
14931 17
14933 11
14940 18
14941 16
14943 6
14951 15
14953 11
14960 15
14962 6
14970 8
14973 18
14974 14
14979 8
14982 2
14992 10
14994 16
14996 19
14998 1
15007 3
15014 17
15016 14
15023 11
15029 11
15036 2
15046 12
15053 9
15055 12
15062 17
15064 12
15072 12
15078 20
15080 1
15089 17
15091 16
15093 15
15095 21
15099 8
15101 16
15103 5
15110 17
15112 12
15119 13
15124 13
15129 11
15135 11
15141 12
15148 17
15150 9
15151 2
15161 8
15164 1
15174 16
15176 13
15182 2
15191 21
15195 8
15198 2
15207 19
15209 21
15213 11
15220 6
15228 12
15235 10
15238 11
15244 17
15246 12
15252 2
15261 12
15269 2
15280 18
15281 21
15285 3
15291 19
15293 6
15300 2
15310 18
15311 13
15317 7
15319 14
15324 9
15326 14
15332 10
15333 4
15341 12
15347 6
15354 10
15357 16
15359 11
15366 11
15372 10
15374 18
15375 21
15379 2
15389 15
15391 8
15394 8
15397 21
15401 21
15405 13
15411 12
15418 9
15419 18
15420 11
15427 1
15437 2
15447 6
15454 18
15455 7
15457 10
15460 5
15466 11
15473 11
15480 15
15482 9
15484 11
15490 13
15495 16
15497 2
15507 17
15509 18
15510 12
15518 12
15525 11
15531 20
15533 10
15534 20
15536 7
15539 9
15541 16
15543 13
15548 11
15554 7
15557 12
15564 5
15570 18
15571 21
15575 13
15580 20
15582 20
15584 11
15591 11
15597 1
15607 18
15608 10
15610 11
15617 11
15624 4
15630 16
15632 6
15639 1
15649 14
15655 6
15661 9
15662 21
15666 20
15668 4
15674 21
15678 12
15684 11
15690 14
15696 11
15703 6
15710 4
15718 18
15719 11
15725 1
15735 12
15742 3
15748 6
15755 13
15761 3
15768 13
15773 16
15775 15
15777 3
15784 18
15785 3
15791 16
15793 13
15798 9
15800 12
15808 9
15809 8
15811 11
15818 14
15824 4
15830 15
15832 12
15840 3
15846 12
15853 18
15854 3
15860 6
15868 20
15870 12
15878 1
15887 12
15893 21
15897 11
15904 15
15906 15
15908 12
15914 13
15920 19
15922 2
15932 8
15936 2
15945 7
15947 18
15948 13
15953 17
15955 6
15963 20
15965 7
15967 6
15974 6
15981 10
15984 6
15991 12
15997 15
15999 11
16005 2
16015 16
16017 21
16021 1
16030 18
16031 15
16033 11
16039 10
16040 18
16041 11
16048 19
16050 15
16052 18
16053 20
16055 19
16057 17
16059 8
16062 21
16066 16
16068 4
16075 5
16082 11
16089 17
16091 2
16100 10
16101 9
16103 11
16109 20
16111 2
16120 11
16127 13
16132 18
16133 7
16136 12
16143 18
16144 9
16146 14
16151 11
16157 9
16158 13
16163 14
16168 3
16175 12
16182 10
16185 3
16191 19
16193 4
16201 11
16208 2
16219 11
16225 11
16232 16
16234 1
16244 2
16254 11
16261 11
16268 17
16270 13
16275 15
16277 18
16278 18
16279 2
16289 20
16291 9
16292 18
16293 1
16303 11
16309 15
16311 6
16317 6
16324 9
16326 11
16332 9
16333 18
16334 10
16336 16
16338 12
16344 7
16346 15
16348 12
16355 12
16363 8
16365 11
16372 17
16374 11
16381 12
16389 15
16391 11
16398 11
16404 9
16406 11
16412 3
16418 17
16420 9
16422 14
16429 11
16435 2
16445 9
16446 3
16453 18
16454 11
16460 21
16464 18
16465 6
16471 9
16473 21
16477 5
16484 11
16490 12
16498 6
16505 14
16512 12
16518 19
16520 6
16526 20
16528 5
16535 13
16541 12
16549 7
16552 18
16553 9
16555 7
16558 11
16565 11
16572 1
16582 12
16589 7
16591 18
16592 1
16601 13
16606 11
16612 13
16618 4
16625 15
16627 21
16631 12
16638 13
16643 18
16644 10
16645 14
16652 19
16654 13
16659 13
16665 9
16666 8
16669 10
16672 17
16674 13
16679 9
16680 13
16686 12
16694 7
16697 15
16699 11
16705 21
16709 5
16715 12
16722 5
16729 8
16733 19
16735 4
16741 2
16750 4
16757 12
16765 5
16772 20
16774 15
16776 13
16782 7
16784 13
16789 19
16791 6
16797 18
16798 4
16805 12
16811 21
16815 18
16816 12
16822 18
16823 3
16830 11
16836 15
16838 10
16841 13
16846 11
16852 11
16859 16
16861 7
16864 7
16867 3
16873 16
16875 2
16885 4
16893 2
16904 8
16906 9
16908 12
16916 13
16921 10
16923 1
16933 14
16940 14
16947 4
16955 2
16965 5
16972 21
16976 7
16979 19
16981 16
16983 7
16986 10
16988 16
16990 12
16997 18
16998 1
17008 15
17010 5
17016 17
17018 14
17023 17
17025 12
17032 11
17038 6
17045 12
17052 11
17059 17
17061 4
17069 12
17075 17
17077 18
17078 21
17082 5
17088 5
17095 21
17099 12
17107 11
17113 12
17120 4
17127 5
17134 17
17136 4
17143 11
17149 3
17156 2
17165 13
17170 12
17176 18
17177 15
17179 5
17185 17
17187 13
17192 14
17199 11
17205 12
17212 20
17214 11
17220 2
17231 6
17238 1
17248 10
17251 9
17253 17
17255 15
17257 7
17259 4
17266 14
17271 3
17278 7
17281 11
17287 15
17289 12
17297 10
17299 5
17306 18
17307 4
17315 21
17319 17
17321 16
17323 13
17328 8
17332 5
17339 21
17343 21
17347 5
17354 2
17364 2
17374 12
17382 15
17384 6
17390 2
17399 6
17405 2
17415 12
17422 18
17423 19
17425 19
17427 14
17433 12
17441 15
17443 13
17449 14
17456 13
17462 12
17469 8
17472 17
17474 12
17482 12
17488 16
17490 12
17498 16
17500 12
17507 5
17513 15
17515 5
17522 16
17524 17
17526 18
17527 6
17533 8
17537 5
17543 12
17549 18
17550 9
17552 14
17557 11
17563 13
17568 10
17569 8
17573 15
17575 5
17582 11
17589 21
17593 18
17594 16
17596 4
17602 13
17607 17
17609 3
17615 6
17622 12
17629 18
17630 6
17637 9
17639 12
17645 4
17653 12
17660 19
17662 4
17669 2
17679 18
17680 6
17687 9
17689 4
17696 16
17698 12
17706 10
17709 18
17710 8
17713 3
17720 15
17722 19
17724 13
17729 17
17731 6
17737 12
17744 1
17754 12
17761 12
17767 17
17769 14
17776 17
17778 9
17779 13
17784 21
17788 7
17791 18
17792 16
17794 8
17796 11
17803 11
17809 9
17810 2
17820 12
17828 3
17835 2
17844 11
17851 1
17860 15
17862 13
17867 11
17873 4
17880 9
17882 12
17889 7
17892 20
17894 18
17895 17
17897 8
17900 18
17901 6
17907 13
17913 20
17915 11
17922 18
17923 16
17925 13
17931 18
17932 18
17933 2
17942 18
17943 7
17946 6
17954 4
17961 11
17968 7
17970 18
17971 15
17973 15
17975 3
17982 8
17984 19
17986 13
17992 9
17993 9
17994 1
18003 15
18005 19
18007 6
18015 2
18026 5
18033 12
18040 16
18042 18
18043 8
18047 18
18048 11
18054 15
18056 2
18067 12
18074 8
18077 16
18079 3
18086 9
18088 7
18091 18
18092 11
18099 11
18106 15
18108 4
18114 18
18115 21
18119 9
18121 10
18123 1
18133 15
18135 9
18136 17
18138 14
18144 17
18146 5
18153 21
18157 7
18160 5
18167 12
18175 8
18178 15
18180 4
18188 13
18193 5
18199 18
18200 7
18202 15
18204 8
18207 7
18210 12
18218 13
18224 2
18233 12
18241 11
18247 12
18255 11
18261 17
18263 20
18265 18
18266 12
18272 12
18279 11
18286 12
18293 2
18304 15
18306 12
18313 4
18320 16
18322 6
18329 21
18333 4
18341 12
18347 4
18355 8
18359 2
18368 12
18375 11
18382 8
18384 20
18386 15
18388 1
18397 15
18399 4
18405 17
18407 7
18410 8
18412 17
18414 17
18416 12
18424 11
18430 14
18435 11
18441 3
18447 12
18455 6
18461 6
18468 15
18470 10
18472 14
18477 3
18484 11
18490 21
18494 3
18500 13
18505 4
18511 20
18513 9
18514 12
18521 5
18528 7
18531 8
18535 10
18538 12
18544 2
18553 11
18560 18
18561 19
18563 21
18567 12
18574 15
18576 3
18582 1
18592 3
18599 18
18600 6
18607 9
18608 6
18615 5
18622 18
18623 1
18633 21
18637 21
18641 21
18645 18
18646 12
18654 13
18659 12
18667 17
18669 6
18676 1
18685 13
18690 12
18696 3
18703 1
18712 2
18722 11
18729 12
18736 21
18740 15
18742 11
18749 8
18751 2
18761 12
18768 11
18774 14
18779 3
18785 2
18794 21
18798 13
18803 21
18807 16
18809 6
18815 9
18816 15
18818 16
18820 15
18822 19
18824 5
18830 12
18838 20
18840 19
18842 5
18849 15
18851 17
18853 12
18860 8
18863 13
18869 11
18876 14
18882 5
18888 9
18889 15
18891 18
18892 4
18899 14
18905 11
18912 11
18918 15
18920 17
18922 1
18932 12
18940 12
18947 3
18954 4
18962 3
18968 11
18974 15
18976 18
18977 18
18978 12
18986 2
18997 19
18999 11
19006 17
19008 6
19015 20
19017 13
19022 9
19024 21
19028 12
19036 2
19046 18
19047 14
19052 17
19054 14
19061 10
19063 20
19065 17
19067 20
19069 16
19071 15
19073 18
19074 11
19080 14
19086 15
19088 4
19096 11
19102 5
19109 4
19115 10
19117 14
19123 7
19126 1
19135 12
19142 12
19150 8
19153 21
19157 20
19159 15
19161 3
19168 11
19174 12
19180 12
19188 11
19194 4
19200 12
19207 17
19209 5
19216 18
19217 16
19219 11
19225 9
19226 15
19228 9
19229 11
19236 1
19246 17
19248 13
19253 9
19254 15
19256 5
19262 12
19268 5
19275 5
19281 18
19282 12
19289 10
19290 19
19292 3
19298 20
19300 19
19302 18
19303 16
19305 14
19311 1
19321 18
19322 6
19329 11
19335 5
19342 12
19350 11
19357 18
19358 3
19364 20
19366 12
19374 18
19375 13
19381 14
19387 12
19393 10
19395 11
19402 9
19403 3
19410 8
19413 11
19420 3
19426 19
19428 21
19432 16
19434 12
19441 3
19447 15
19449 19
19451 11
19457 11
19464 12
19470 10
19473 12
19479 6
19487 4
19493 11
19500 18
19501 10
19502 15
19504 14
19510 2
19519 12
19526 12
19532 12
19540 2
19550 12
19558 6
19564 11
19570 8
19572 5
19579 18
19580 17
19582 21
19586 10
19587 11
19594 21
19598 9
19599 1
19608 2
19618 18
19619 3
19626 16
19628 11
19635 12
19642 2
19651 12
19658 18
19659 13
19664 5
19670 18
19671 5
19677 11
19684 18
19685 13
19690 12
19698 6
19704 4
19712 14
19718 14
19725 1
19735 1
19745 2
19755 19
19757 21
19761 16
19763 15
19765 10
19767 18
19768 11
19774 16
19776 13
19782 20
19784 10
19786 16
19788 19
19790 15
19792 11
19798 8
19800 14
19805 12
19813 3
19819 12
19825 21
19829 20
19831 17
19833 12
19840 17
19842 20
19844 11
19850 10
19853 11
19860 11
19866 20
19868 16
19870 11
19876 11
19882 21
19886 17
19888 5
19895 12
19902 17
19904 19
19906 2
19916 10
19919 7
19922 7
19925 1
19935 5
19941 11
19948 3
19954 7
19956 6
19964 18
19965 15
19967 1
19976 11
19983 11
19989 2
19999 21
20003 3
20009 16
20011 12
20017 2
20027 14
20032 11
20038 17
20040 5
20046 12
20054 1
20063 15
20065 20
20067 11
20073 10
20076 3
20083 11
20089 5
20095 3
20102 21
20106 7
20108 4
20114 2
20124 16
20126 15
20128 1
20137 10
20140 11
20146 11
20153 11
20159 7
20161 10
20164 5
20170 21
20174 18
20175 3
20182 5
20189 7
20191 12
20197 12
20204 2
20214 7
20217 12
20224 14
20230 9
20232 17
20234 4
20241 9
20242 12
20248 1
20257 18
20258 18
20259 16
20261 18
20262 18
20263 16
20265 11
20272 18
20273 4
20280 16
20282 2
20293 20
20295 18
20296 6
20302 6
20309 15
20311 18
20312 18
20313 6
20320 10
20322 11
20329 21
20333 11
20339 13
20345 3
20352 3
20359 12
20365 11
20372 15
20374 9
20376 6
20382 10
20383 11
20390 18
20391 13
20396 19
20398 10
20399 9
20400 7
20403 1
20412 8
20416 11
20422 14
20428 21
20432 12
20438 7
20441 13
20447 20
20449 12
20457 2
20467 10
20470 8
20474 6
20481 9
20482 21
20486 20
20488 3
20495 20
20497 1
20507 5
20513 5
20519 16
20521 9
20522 11
20529 14
20535 14
20541 1
20550 13
20555 11
20561 4
20567 1
20576 4
20583 4
20590 15
20592 12
20600 12
20606 6
20613 9
20615 11
20621 20
20623 4
20630 12
20638 11
20644 1
20653 9
20655 3
20661 11
20667 10
20669 11
20676 9
20677 16
20679 11
20686 6
20693 5
20700 19
20702 15
20704 3
20710 4
20718 10
20720 7
20723 11
20729 11
20735 20
20737 9
20739 3
20746 17
20748 11
20754 15
20756 6
20763 5
20769 5
20775 12
20782 13
20787 10
20790 7
20793 7
20796 9
20797 1
20807 14
20814 13
20819 14
20825 17
20827 3
20834 19
20836 8
20838 10
20841 9
20843 12
20850 18
20851 18
20852 11
20859 15
20861 18
20862 12
20870 8
20872 17
20874 21
20878 8
20880 9
20881 11
20887 20
20889 6
20896 12
20903 14
20909 11
20916 5
20922 6
20928 4
20935 12
20943 10
20945 11
20951 7
20954 12
20961 14
20968 14
20973 6
20980 7
20983 9
20984 20
20986 11
20993 10
20996 15
20998 10
21000 13
21005 4
21012 11
21018 7
21021 2
21032 3
21039 18
21040 10
21042 14
21049 15
21051 7
21054 18
21055 11
21062 17
21064 10
21067 4
21074 4
21080 18
21081 7
21083 17
21085 13
21091 7
21093 17
21095 11
21102 9
21104 19
21106 19
21108 1
21118 11
21124 8
21128 11
21134 6
21142 20
21144 4
21152 12
21158 12
21164 9
21166 18
21167 6
21173 9
21174 6
21180 21
21184 14
21191 4
21198 20
21200 13
21205 19
21207 6
21215 8
21219 7
21222 16
21224 10
21226 3
21232 7
21234 4
21240 6
21246 12
21254 5
21261 9
21263 20
21265 6
21271 12
21278 12
21284 18
21285 11
21292 19
21294 9
21295 16
21297 7
21300 11
21306 15
21308 16
21310 6
21318 14
21325 20
21327 4
21334 10
21336 11
21343 9
21344 6
21351 9
21353 11
21359 7
21361 6
21368 12
21375 5
21382 11
21389 14
21394 7
21397 13
21402 5
21409 2
21420 15
21422 7
21424 5
21431 8
21434 15
21436 13
21442 12
21449 21
21453 15
21455 18
21456 17
21458 18
21459 8
21462 3
21468 1
21477 4
21485 14
21492 9
21493 18
21494 11
21501 11
21508 2
21517 2
21527 15
21529 18
21530 13
21536 21
21540 18
21541 14
21546 15
21548 15
21550 6
21558 9
21560 6
21567 11
21574 11
21580 19
21582 21
21586 7
21589 17
21591 16
21593 13
21599 6
21606 10
21608 7
21610 11
21617 5
21624 4
21631 7
21634 18
21635 17
21637 21
21641 11
21647 1
21656 8
21660 13
21666 6
21673 13
21678 9
21680 21
21684 13
21690 18
21691 18
21692 14
21699 2
21708 7
21711 21
21715 18
21716 9
21718 17
21720 18
21721 4
21728 20
21730 16
21732 7
21734 16
21736 1
21745 16
21747 17
21749 7
21751 9
21752 11
21758 7
21760 8
21763 14
21769 2
21779 15
21781 18
21782 11
21789 11
21796 14
21801 3
21807 12
21814 21
21818 3
21824 20
21826 3
21832 12
21839 21
21843 13
21849 16
21851 21
21855 12
21861 20
21863 18
21864 19
21866 1
21876 12
21884 18
21885 19
21887 15
21889 11
21896 18
21897 15
21899 20
21901 11
21908 11
21915 18
21916 2
21926 3
21933 7
21935 14
21941 14
21947 10
21949 11
21956 15
21958 10
21960 5
21967 7
21970 16
21972 4
21978 11
21984 11
21991 17
21993 8
21996 11
22002 10
22005 3
22011 11
22017 13
22023 3
22030 16
22032 12
22040 12
22047 11
22054 11
22061 7
22063 20
22065 20
22067 11
22073 9
22075 14
22081 20
22083 9
22085 1
22094 18
22095 2
22105 4
22112 15
22114 19
22116 18
22117 2
22127 20
22129 12
22136 5
22143 9
22144 11
22150 18
22151 1
22160 3
22167 16
22169 7
22172 8
22175 12
22182 4
22188 20
22190 2
22199 1
22209 12
22217 1
22226 11
22232 12
22239 19
22241 21
22245 4
22252 7
22254 12
22260 6
22266 11
22272 4
22280 19
22282 12
22289 12
22296 13
22301 9
22302 8
22305 12
22312 11
22319 12
22326 12
22333 7
22335 15
22337 14
22344 3
22350 4
22357 18
22358 2
22369 2
22379 21
22383 11
22390 11
22396 10
22399 20
22401 5
22408 16
22410 1
22420 15
22422 17
22424 9
22425 16
22427 19
22429 1
22439 20
22441 7
22443 18
22444 18
22445 3
22452 13
22458 18
22459 17
22461 5
22468 4
22475 6
22482 5
22488 3
22494 12
22501 3
22508 4
22515 18
22516 18
22517 10
22518 16
22520 15
22522 14
22527 6
22534 18
22535 6
22542 12
22549 11
22555 11
22561 10
22564 16
22566 6
22572 13
22577 18
22578 18
22579 9
22581 9
22583 12
22591 3
22597 2
22606 15
22608 11
22615 18
22616 21
22620 6
22627 7
22629 12
22637 17
22639 15
22641 7
22644 16
22646 12
22652 5
22659 11
22666 18
22667 13
22672 18
22673 4
22681 7
22684 11
22691 11
22698 17
22700 20
22702 2
22712 15
22714 19
22716 13
22721 18
22722 18
22723 13
22729 6
22736 8
22740 21
22744 7
22747 4
22754 14
22760 14
22765 11
22772 12
22778 4
22785 16
22787 9
22788 3
22794 12
22802 9
22803 5
22810 15
22812 18
22813 12
22821 19
22823 11
22829 9
22830 10
22832 9
22833 11
22839 18
22840 11
22846 12
22853 18
22854 4
22861 9
22863 16
22865 4
22873 12
22881 18
22882 11
22889 5
22896 19
22898 6
22904 11
22910 1
22919 15
22921 11
22927 18
22928 19
22930 11
22936 20
22938 19
22940 12
22947 17
22949 11
22955 7
22957 9
22958 21
22962 18
22963 15
22965 18
22966 11
22973 12
22979 3
22985 9
22986 3
22992 12
23000 6
23007 18
23008 12
23015 10
23017 21
23021 7
23024 11
23030 4
23036 12
23043 12
23051 17
23053 12
23060 18
23061 20
23063 3
23070 4
23077 16
23079 2
23088 2
23098 14
23103 3
23109 18
23110 15
23112 18
23113 15
23115 2
23125 13
23131 11
23138 15
23140 13
23145 8
23149 12
23156 19
23158 3
23165 10
23168 17
23170 11
23176 15
23178 17
23180 13
23186 16
23188 14
23194 9
23195 13
23201 9
23202 12
23210 8
23213 11
23219 6
23227 18
23228 12
23236 11
23242 12
23249 10
23250 21
23254 18
23255 12
23263 12
23271 21
23275 6
23281 2
23291 13
23296 5
23302 11
23309 6
23316 21
23320 19
23322 12
23328 12
23336 10
23338 12
23345 2
23355 12
23362 21
23366 15
23368 18
23369 21
23373 13
23379 12
23385 9
23387 4
23393 11
23399 12
23405 21
23409 12
23415 18
23416 11
23422 3
23428 3
23435 14
23441 2
23450 18
23451 9
23453 18
23454 12
23462 8
23465 15
23467 10
23469 1
23478 7
23480 12
23488 4
23495 5
23501 14
23508 16
23510 8
23513 4
23519 18
23520 2
23530 2
23539 19
23541 17
23543 4
23550 11
23556 9
23557 8
23560 6
23567 8
23570 6
23576 1
23585 17
23587 15
23589 21
23593 18
23594 17
23596 16
23598 4
23605 10
23607 17
23609 6
23616 18
23617 11
23624 11
23630 10
23632 21
23636 12
23644 12
23652 13
23657 9
23659 11
23665 9
23666 20
23668 9
23669 18
23670 12
23676 17
23678 8
23681 1
23690 8
23693 6
23699 3
23705 12
23711 4
23718 2
23728 12
23736 7
23739 18
23740 9
23741 13
23746 9
23747 1
23756 3
23762 3
23768 21
23772 12
23780 16
23782 12
23789 1
23798 5
23804 11
23811 12
23819 8
23821 12
23828 18
23829 11
23836 20
23838 2
23849 19
23851 20
23853 10
23856 15
23858 1
23868 1
23878 17
23880 6
23886 4
23894 6
23900 20
23902 19
23904 18
23905 16
23907 3
23913 15
23915 15
23917 9
23919 10
23921 3
23928 1
23938 4
23946 5
23953 10
23955 21
23959 17
23961 18
23962 14
23969 1
23979 21
23983 7
23986 17
23988 21
23992 18
23993 21
23997 16
23999 6
24006 14
24013 10
24015 5
24021 4
24028 18
24029 2
24040 5
24047 12
24053 2
24063 13
24068 13
24074 16
24076 14
24082 4
24089 18
24090 15
24092 15
24094 8
24096 12
24103 4
24110 12
24117 3
24123 17
24125 11
24131 1
24140 6
24148 9
24150 11
24157 12
24165 15
24167 18
24168 12
24176 21
24180 20
24182 8
24185 21
24189 11
24195 4
24202 11
24209 7
24211 11
24217 4
24225 9
24227 13
24233 9
24235 16
24237 18
24238 11
24244 11
24251 7
24253 1
24263 1
24273 12
24280 13
24286 11
24293 4
24300 20
24302 14
24308 14
24314 11
24321 3
24327 15
24329 7
24331 6
24338 13
24344 8
24347 11
24353 5
24360 2
24371 20
24373 1
24383 19
24385 19
24387 12
24395 16
24397 6
24405 12
24411 8
24414 20
24416 12
24423 15
24425 10
24427 17
24429 14
24435 15
24437 12
24444 13
24449 11
24456 12
24463 3
24469 1
24479 1
24488 4
24495 2
24505 16
24507 9
24508 12
24514 18
24515 1
24525 16
24527 12
24535 15
24537 17
24539 12
24546 7
24548 9
24549 18
24550 14
24556 18
24557 18
24558 18
24559 4
24567 15
24569 16
24571 16
24573 15
24575 19
24577 12
24585 16
24587 11
24594 21
24598 18
24599 11
24605 20
24607 15
24609 1
24619 8
24621 19
24623 12
24630 11
24636 7
24639 7
24641 6
24648 6
24656 20
24658 1
24668 11
24675 4
24682 8
24684 13
24690 10
24693 16
24695 11
24702 21
24706 12
24713 10
24715 1
24725 18
24726 4
24733 5
24739 11
24746 3
24752 11
24758 12
24766 21
24770 20
24772 18
24773 11
24780 5
24787 10
24789 18
24790 9
24791 8
24794 11
24800 14
24805 11
24812 18
24813 9
24815 20
24817 10
24819 5
24825 8
24828 11
24834 17
24836 18
24837 19
24839 11
24845 15
24847 16
24849 8
24853 1
24862 12
24868 5
24875 11
24882 19
24884 12
24891 20
24893 8
24895 9
24896 17
24898 15
24900 7
24902 18
24903 20
24905 11
24912 19
24914 18
24915 12
24922 7
24925 19
24927 21
24931 18
24932 1
24941 21
24945 8
24948 6
24954 2
24964 21
24968 6
24974 8
24978 2
24989 5
24995 17
24997 2
25008 7
25011 20
25013 12
25020 21
25024 17
25026 12
25033 17
25035 16
25037 12
25044 17
25046 3
25052 19
25054 11
25061 20
25063 9
25065 12
25071 12
25077 7
25080 11
25087 12
25093 12
25101 12
25107 18
25108 11
25115 4
25122 15
25124 4
25131 12
25138 5
25145 11
25151 12
25159 18
25160 9
25162 6
25168 12
25175 5
25181 6
25189 18
25190 11
25197 2
25207 18
25208 21
25212 4
25218 3
25224 11
25230 3
25237 11
25243 5
25249 18
25250 10
25251 12
25259 14
25266 8
25269 12
25277 21
25281 11
25287 4
25295 18
25296 16
25298 16
25300 6
25306 18
25307 11
25313 4
25319 2
25330 11
25336 6
25343 16
25345 19
25347 1
25356 21
25360 3
25366 16
25368 7
25370 11
25377 18
25378 11
25384 4
25390 17
25392 5
25398 19
25400 14
25406 6
25412 11
25418 6
25425 7
25428 8
25431 18
25432 4
25439 8
25442 12
25449 1
25459 8
25462 9
25463 9
25465 19
25467 12
25474 8
25478 1
25487 12
25493 9
25494 8
25498 19
25500 3
25506 8
25510 17
25512 7
25515 12
25522 18
25523 6
25531 1
25540 3
25546 21
25550 10
25553 19
25555 19
25557 12
25565 14
25572 11
25579 10
25580 11
25586 14
25592 21
25596 9
25598 12
25605 18
25606 15
25608 19
25610 16
25612 7
25615 21
25619 5
25625 4
25632 11
25639 19
25641 3
25647 15
25649 2
25658 14
25664 3
25671 4
25677 7
25680 3
25687 11
25694 15
25696 4
25704 18
25705 6
25712 9
25713 12
25721 11
25727 5
25733 1
25743 11
25749 16
25751 5
25757 12
25764 21
25768 2
25778 12
25785 21
25789 10
25791 7
25794 12
25801 11
25808 18
25809 11
25816 12
25823 2
25834 12
25841 19
25843 15
25845 15
25847 18
25848 3
25854 9
25855 1
25864 14
25871 13
25877 9
25878 12
25885 12
25892 6
25898 4
25905 1
25915 19
25917 1
25927 7
25930 6
25937 1
25947 15
25949 21
25953 7
25955 11
25962 7
25965 15
25967 17
25969 17
25971 6
25978 15
25980 15
25982 12
25988 11
25994 11
26000 20
26002 12
26010 15
26012 2
26023 16
26025 18
26026 13
26032 1
26041 21
26045 11
26052 9
26054 18
26055 21
26059 12
26066 3
26073 13
26079 15
26081 7
26084 2
26094 20
26096 18
26097 9
26099 5
26105 12
26111 4
26117 4
26123 21
26127 7
26130 5
26137 14
26143 13
26148 21
26152 4
26160 5
26166 19
26168 2
26178 16
26180 16
26182 20
26184 11
26191 11
26198 18
26199 11
26205 3
26211 11
26218 5
26224 12
26231 12
26239 8
26242 6
26250 8
26253 11
26259 18
26260 14
26266 13
26271 14
26276 12
26283 14
26289 1
26299 13
26305 6
26311 18
26312 12
26319 11
26325 2
26335 20
26337 10
26339 11
26345 4
26353 7
26355 11
26361 14
26367 15
26369 16
26371 11
26377 1
26386 1
26395 17
26397 7
26400 13
26406 11
26413 15
26415 19
26417 11
26424 11
26431 19
26433 2
26443 13
26448 18
26449 7
26451 12
26457 19
26459 11
26466 15
26468 9
26469 14
26475 16
26477 9
26479 10
26480 2
26490 9
26492 11
26499 16
26501 11
26507 10
26509 2
26518 21
26522 14
26528 21
26532 3
26538 4
26544 19
26546 18
26547 18
26548 21
26552 3
26559 5
26566 20
26568 11
26575 14
26580 1
26589 11
26596 11
26603 1
26613 17
26615 13
26621 4
26627 7
26629 1
26639 17
26641 16
26643 8
26646 18
26647 16
26649 8
26653 12
26659 11
26665 14
26670 14
26675 8
26678 16
26680 19
26682 14
26689 1
26699 10
26701 12
26709 8
26712 2
26721 3
26728 10
26730 15
26732 12
26739 14
26744 11
26751 19
26753 20
26755 12
26763 8
26766 1
26775 11
26781 21
26785 4
26793 20
26795 6
26802 8
26804 20
26806 18
26807 12
26813 12
26820 14
26826 3
26832 11
26838 17
26840 11
26847 9
26848 19
26850 12
26857 6
26864 12
26871 18
26872 11
26879 12
26887 3
26894 10
26896 6
26902 20
26904 11
26910 1
26919 10
26921 8
26924 5
26931 12
26938 16
26940 13
26946 11
26952 5
26958 7
26960 19
26962 18
26963 2
26972 5
26979 15
26981 14
26987 2
26996 6
27004 18
27005 5
27011 16
27013 3
27020 18
27021 19
27023 12
27031 21
27035 12
27042 11
27049 10
27052 9
27054 13
27060 21
27064 16
27066 2
27076 16
27078 6
27086 3
27093 15
27095 9
27096 9
27097 6
27105 17
27107 13
27113 12
27120 16
27122 6
27129 19
27131 16
27133 9
27134 17
27136 11
27143 2
27154 4
27160 21
27164 10
27166 19
27168 4
27175 19
27177 14
27182 12
27189 11
27195 6
27202 17
27204 5
27210 3
27216 20
27218 12
27225 18
27226 10
27229 11
27235 12
27242 11
27249 17
27251 7
27253 11
27259 6
27265 18
27266 4
27273 19
27275 10
27278 16
27280 12
27286 6
27293 12
27300 19
27302 7
27304 3
27310 18
27311 4
27317 9
27318 1
27328 6
27335 17
27337 6
27345 2
27356 18
27357 16
27359 12
27366 9
27368 2
27377 20
27379 12
27386 19
27388 1
27398 21
27402 7
27404 9
27405 17
27407 15
27409 4
27417 21
27421 18
27422 16
27424 14
27430 6
27438 5
27444 6
27451 12
27459 19
27461 5
27468 16
27470 3
27477 12
27484 4
27492 17
27494 6
27501 11
27508 11
27514 1
27524 3
27530 5
27537 10
27540 11
27547 21
27551 21
27555 21
27559 11
27566 14
27573 18
27574 11
27581 11
27588 4
27595 12
27602 12
27609 19
27611 2
27621 20
27623 18
27624 19
27626 12
27633 9
27635 5
27641 19
27643 18
27644 11
27651 16
27653 16
27655 4
27662 2
27672 1
27681 9
27682 16
27684 11
27690 19
27692 4
27699 15
27701 5
27708 11
27714 7
27716 17
27718 20
27720 3
27726 20
27728 21
27732 11
27739 12
27746 19
27748 11
27755 13
27761 11
27767 16
27769 1
27778 10
27780 21
27784 11
27790 7
27792 11
27799 15
27801 14
27807 11
27813 11
27820 2
27831 2
27842 3
27849 12
27856 18
27857 7
27859 16
27861 12
27868 15
27870 12
27876 11
27883 9
27885 11
27892 14
27898 2
27909 2
27919 19
27921 21
27925 21
27929 1
27938 3
27944 8
27946 7
27948 11
27954 17
27956 18
27957 12
27963 9
27965 13
27970 20
27972 21
27976 8
27979 17
27981 11
27987 17
27989 7
27992 7
27994 7
27996 6
28003 12
28010 16
28012 21
28016 16
28018 2
28027 11
28034 7
28037 20
28039 1
28048 9
28050 20
28052 16
28054 5
28061 13
28067 10
28070 11
28076 16
28078 19
28080 1
28089 17
28091 13
28097 5
28104 12
28111 13
28116 21
28120 6
28126 15
28128 14
28133 12
28139 2
28149 3
28156 1
28165 12
28172 17
28174 12
28180 11
28187 10
28190 6
28196 2
28206 21
28210 21
28214 13
28219 14
28225 14
28231 19
28233 3
28239 1
28248 21
28252 7
28255 2
28264 14
28269 10
28272 10
28274 21
28278 18
28279 10
28281 5
28287 16
28289 11
28296 13
28302 17
28304 7
28307 11
28314 11
28321 7
28324 14
28330 21
28334 10
28336 12
28343 8
28346 11
28353 15
28355 4
28362 7
28365 21
28369 20
28371 21
28375 21
28379 7
28382 12
28390 11
28396 12
28403 1
28413 10
28416 17
28418 2
28428 15
28430 13
28435 10
28437 11
28443 11
28450 5
28456 14
28463 17
28465 8
28468 11
28474 12
28481 1
28491 4
28497 11
28503 18
28504 9
28505 12
28513 11
28520 16
28522 21
28526 11
28532 13
28538 12
28545 20
28547 4
28553 8
28557 9
28559 3
28565 6
28573 3
28580 16
28582 16
28584 12
28590 12
28596 4
28602 12
28609 14
28615 4
28622 9
28623 21
28627 20
28629 11
28635 19
28637 9
28639 2
28649 16
28651 6
28658 11
28664 12
28672 14
28677 12
28683 2
28692 11
28699 13
28704 5
28711 21
28715 19
28717 11
28724 18
28725 17
28727 11
28734 15
28736 12
28744 11
28750 12
28757 2
28767 20
28769 12
28777 9
28779 12
28786 1
28796 9
28798 8
28800 13
28806 7
28808 4
28814 21
28818 5
28824 15
28826 8
28829 10
28831 12
28838 17
28840 4
28846 10
28848 13
28853 12
28859 9
28861 18
28862 6
28869 1
28878 9
28880 1
28890 19
28892 17
28894 18
28895 16
28897 12
28903 11
28910 17
28912 18
28913 5
28919 8
28922 13
28927 19
28929 19
28931 19
28933 11
28940 11
28946 14
28952 14
28957 6
28963 12
28970 19
28972 12
28979 19
28981 10
28983 19
28985 18
28986 13
28992 12
28998 5
29005 15
29007 6
29014 17
29016 21
29020 19
29022 19
29024 15
29026 18
29027 18
29028 10
29030 6
29038 11
29045 18
29046 11
29053 12
29061 16
29063 8
29066 21
29070 18
29071 5
29077 20
29079 1
29089 8
29091 11
29098 13
29103 8
29105 12
29112 4
29118 6
29125 10
29127 6
29133 4
29139 5
29146 14
29153 10
29154 21
29158 2
29168 1
29178 18
29179 20
29181 11
29187 16
29189 5
29195 3
29201 18
29202 19
29204 8
29207 12
29215 1
29225 7
29227 10
29229 15
29231 4
29239 1
29249 18
29250 3
29256 7
29258 4
29264 18
29265 6
29273 6
29279 18
29280 1
29290 21
29294 9
29295 18
29296 14
29302 18
29303 20
29305 21
29309 20
29311 9
29312 12
29320 9
29321 6
29327 1
29337 16
29339 14
29344 6
29351 4
29358 13
29363 12
29370 11
29376 12
29383 3
29390 6
29397 3
29403 17
29405 17
29407 11
29413 21
29417 6
29425 14
29431 3
29437 9
29439 11
29446 4
29453 1
29462 18
29463 20
29465 2
29474 20
29476 5
29483 14
29489 13
29495 16
29497 19
29499 17
29501 16
29503 18
29504 20
29506 11
29512 18
29513 21
29517 8
29521 2
29532 2
29541 16
29543 9
29545 2
29554 16
29556 14
29563 12
29570 19
29572 11
29578 13
29583 13
29589 2
29599 18
29600 6
29608 4
29614 11
29620 12
29626 4
29633 16
29635 17
29637 12
29644 9
29646 17
29648 18
29649 17
29651 4
29659 16
29661 8
29664 19
29666 11
29672 15
29674 21
29678 18
29679 12
29687 11
29694 21
29698 13
29704 11
29711 15
29713 2
29724 13
29730 20
29732 11
29739 11
29746 12
29752 12
29759 11
29765 1
29774 3
29780 11
29786 7
29788 1
29797 16
29799 14
29806 11
29813 11
29820 2
29830 21
29834 15
29836 14
29842 17
29844 1
29853 21
29857 19
29859 15
29861 8
29863 10
29864 6
29870 20
29872 5
29879 7
29881 9
29882 4
29890 1
29899 14
29905 21
29909 9
29910 13
29915 6
29922 17
29924 21
29928 8
29930 3
29936 12
29943 10
29945 19
29947 8
29951 18
29952 11
29958 11
29964 5
29971 21
29975 5
29981 7
29983 7
29986 18
29987 20
29989 3
29996 12
30003 2
30013 8
30016 11
30022 9
30023 19
30025 11
30032 7
30035 13
30040 2
30049 7
30052 2
30061 13
30066 15
30068 20
30070 17
30072 15
30074 15
30076 1
30086 8
30089 14
30095 13
30101 11
30107 7
30109 6
30117 7
30120 15
30122 9
30124 10
30126 21
30130 3
30137 7
30139 7
30141 12
30149 11
30155 16
30157 12
30163 10
30164 20
30166 16
30168 5
30174 19
30176 5
30182 9
30184 20
30186 4
30194 12
30201 11
30207 5
30214 16
30216 15
30218 1
30227 11
30233 17
30235 12
30241 4
30248 11
30255 12
30262 3
30268 12
30274 5
30280 15
30282 3
30289 2
30299 11
30306 15
30308 4
30316 10
30318 10
30319 13
30324 19
30326 7
30328 19
30330 17
30332 19
30334 8
30336 13
30342 19
30344 20
30346 5
30353 14
30359 12
30365 19
30367 12
30375 7
30377 18
30378 18
30379 13
30385 9
30386 16
30388 15
30390 18
30391 12
30399 4
30407 7
30410 12
30417 8
30421 8
30424 21
30428 9
30429 6
30437 12
30444 18
30445 7
30448 18
30449 13
30454 15
30456 8
30460 20
30462 18
30463 3
30470 5
30477 6
30484 3
30491 4
30497 7
30499 11
30505 12
30512 8
30515 15
30517 7
30519 6
30526 11
30533 10
30535 5
30541 1
30551 9
30552 19
30554 4
30560 9
30561 11
30568 3
30574 19
30576 21
30580 15
30582 13
30588 19
30590 3
30597 6
30605 11
30611 14
30616 3
30622 11
30629 6
30635 18
30636 1
30645 20
30647 4
30654 8
30656 11
30663 20
30665 13
30671 11
30677 11
30684 16
30686 18
30687 17
30689 18
30690 17
30692 12
30699 18
30700 3
30707 12
30714 16
30716 11
30722 13
30728 11
30734 15
30736 1
30746 20
30748 21
30752 20
30754 8
30757 17
30759 16
30761 19
30763 3
30770 11
30776 15
30778 12
30786 15
30788 19
30790 9
30792 18
30793 10
30795 1
30804 18
30805 11
30811 18
30812 16
30814 9
30816 11
30822 11
30829 15
30831 19
30833 18
30834 11
30841 4
30847 19
30849 12
30856 18
30857 7
30860 17
30862 9
30863 10
30865 11
30872 21
30876 13
30881 11
30888 20
30890 5
30896 4
30903 16
30905 18
30906 18
30907 14
30912 12
30919 19
30921 8
30925 18
30926 18
30927 15
30929 11
30935 15
30937 9
30939 5
30946 2
30956 14
30961 15
30963 9
30964 14
30970 6
30976 8
30979 14
30985 1
30995 4
31001 3
31008 4
31016 13
31022 12
31030 20
31032 1
31042 2
31053 11
31059 2
31070 20
31072 14
31078 20
31080 11
31086 20
31088 15
31090 6
31098 14
31103 9
31104 12
31112 14
31118 8
31121 4
31128 9
31129 4
31137 11
31143 2
31154 3
31161 14
31168 3
31175 18
31176 20
31178 7
31181 2
31191 8
31194 9
31195 1
31204 19
31206 7
31208 13
31213 15
31215 12
31222 9
31223 15
31225 8
31228 1
31238 18
31239 3
31245 14
31250 15
31252 11
31259 5
31266 21
31270 18
31271 12
31278 7
31281 11
31288 21
31292 9
31294 18
31295 12
31302 5
31309 2
31320 21
31324 4
31331 16
31333 18
31334 2
31344 16
31346 12
31352 19
31354 8
31357 12
31363 5
31369 21
31373 9
31374 6
31382 18
31383 5
31390 3
31396 21
31400 16
31402 12
31409 11
31415 7
31417 9
31418 5
31425 4
31431 12
31438 11
31444 1
31453 18
31454 10
31457 11
31464 6
31472 5
31479 11
31486 18
31487 19
31489 19
31491 6
31498 10
31499 1
31509 15
31511 11
31518 2
31528 12
31534 16
31536 10
31538 18
31539 20
31541 3
31548 1
31557 9
31558 1
31567 18
31568 18
31569 11
31576 19
31578 15
31580 12
31586 16
31588 2
31597 21
31601 1
31610 12
31617 13
31622 18
31623 16
31625 14
31630 18
31631 12
31637 7
31639 13
31644 12
31652 20
31654 18
31655 11
31662 18
31663 18
31664 3
31671 18
31672 16
31674 15
31676 7
31679 6
31685 20
31687 18
31688 20
31690 20
31692 17
31694 18
31695 21
31699 16
31701 4
31707 19
31709 20
31711 14
31718 15
31720 20
31722 18
31723 1
31732 16
31734 14
31739 12
31746 11
31752 11
31759 18
31760 20
31762 16
31764 12
31770 15
31772 10
31774 11
31780 1
31790 15
31792 4
31800 18
31801 20
31803 17
31805 10
31808 7
31811 19
31813 14
31820 12
31826 15
31828 7
31830 17
31832 8
31836 13
31842 4
31849 15
31851 12
31857 4
31864 1
31873 4
31879 19
31881 21
31885 6
31892 14
31898 2
31909 7
31912 4
31918 7
31921 21
31925 11
31931 13
31936 15
31938 15
31940 12
31948 2
31958 12
31965 13
31971 3
31978 8
31980 15
31982 13
31988 14
31995 12
32001 15
32003 17
32005 13
32010 12
32017 2
32027 19
32029 14
32035 5
32041 1
32050 11
32056 18
32057 20
32059 2
32069 14
32075 4
32081 6
32087 3
32094 10
32097 21
32101 1
32111 20
32113 18
32114 9
32116 21
32120 14
32127 11
32134 12
32140 7
32142 1
32152 11
32158 16
32160 11
32166 17
32168 14
32174 12
32180 2
32190 4
32198 5
32205 8
32207 20
32209 1
32218 12
32225 9
32226 11
32233 21
32237 9
32238 5
32244 1
32254 5
32261 1
32271 11
32277 12
32283 18
32284 12
32290 12
32297 19
32299 10
32301 20
32303 7
32306 21
32310 5
32316 18
32317 11
32324 5
32330 3
32336 5
32343 10
32344 11
32351 15
32353 12
32361 3
32368 2
32378 12
32384 3
32391 6
32397 9
32398 20
32400 21
32404 3
32411 14
32416 12
32422 17
32424 20
32426 12
32434 14
32439 12
32447 15
32449 8
32451 14
32456 13
32461 9
32462 3
32469 16
32471 13
32477 4
32483 11
32490 8
32493 17
32495 3
32501 15
32503 2
32513 2
32522 21
32526 21
32530 12
32538 6
32544 11
32551 11
32557 12
32564 2
32574 4
32582 2
32591 2
32600 5
32606 11
32613 16
32615 2
32626 12
32633 4
32640 5
32647 10
32650 12
32657 21
32661 7
32664 14
32670 11
32677 19
32679 21
32683 13
32688 18
32689 9
32690 7
32693 9
32695 11
32701 3
32708 17
32710 11
32717 1
32726 15
32728 13
32733 18
32734 13
32740 20
32742 19
32744 4
32751 12
32757 18
32758 19
32760 6
32767 12
32774 21
32778 10
32779 12
32787 15
32789 3
32796 6
32802 4
32809 15
32811 18
32812 9
32813 14
32819 11
32825 3
32831 19
32833 10
32834 14
32839 20
32841 3
32848 11
32854 11
32860 12
32866 6
32872 7
32874 15
32876 11
32883 18
32884 11
32890 13
32895 8
32899 15
32901 4
32908 4
32915 4
32922 1
32932 20
32934 6
32940 18
32941 2
32950 14
32955 17
32957 9
32959 18
32960 11
32966 18
32967 10
32970 21
32974 10
32976 11
32982 12
32989 16
32991 12
32998 12
33004 19
33006 5
33012 1
33022 17
33024 2
33034 7
33037 7
33040 13
33045 13
33050 12
33057 6
33063 12
33070 11
33076 21
33080 3
33086 15
33088 17
33090 11
33096 2
33107 9
33108 8
33111 3
33117 12
33124 15
33126 4
33133 15
33135 6
33142 12
33149 5
33156 18
33157 18
33158 9
33160 10
33161 21
33165 20
33167 19
33169 11
33176 11
33183 18
33184 10
33186 1
33195 4
33202 11
33208 17
33210 21
33214 11
33221 6
33228 11
33235 14
33241 7
33244 10
33245 16
33247 3
33253 1
33263 12
33269 17
33271 18
33272 2
33283 2
33292 18
33293 6
33300 12
33306 6
33313 21
33317 18
33318 2
33329 11
33336 2
33345 17
33347 18
33348 20
33350 14
33356 17
33358 14
33364 9
33365 11
33371 13
33376 18
33377 1
33387 17
33389 5
33396 7
33398 8
33400 7
33403 11
33409 16
33411 17
33413 11
33419 20
33421 20
33423 6
33430 19
33432 15
33434 21
33438 12
33445 14
33451 9
33452 12
33458 3
33464 9
33466 7
33468 6
33474 15
33476 10
33479 21
33483 11
33489 11
33495 7
33498 21
33502 11
33508 16
33510 18
33511 3
33517 15
33519 13
33524 2
33534 17
33536 3
33543 9
33545 11
33552 9
33554 10
33556 18
33557 5
33563 4
33569 11
33575 17
33577 12
33584 11
33590 20
33592 18
33593 4
33599 4
33607 14
33613 6
33621 4
33628 11
33634 8
33637 7
33640 21
33644 14
33651 19
33653 9
33655 11
33662 11
33669 12
33675 2
33684 11
33691 4
33697 4
33705 8
33707 14
33713 17
33715 7
33718 21
33722 11
33729 15
33731 11
33738 2
33749 11
33755 11
33762 10
33763 13
33768 15
33770 12
33777 15
33779 8
33783 16
33785 18
33786 3
33793 16
33795 2
33804 6
33812 12
33819 7
33821 12
33828 4
33835 21
33839 11
33846 10
33848 3
33854 9
33855 11
33861 14
33866 1
33876 9
33877 7
33879 8
33883 4
33889 3
33895 15
33897 18
33898 6
33904 9
33905 14
33911 16
33913 4
33921 19
33923 5
33930 2
33940 10
33942 12
33948 12
33954 18
33955 12
33962 11
33968 16
33970 11
33976 20
33978 13
33984 11
33990 12
33996 1
34006 21
34010 20
34012 11
34018 19
34020 6
34026 9
34027 1
34037 5
34043 6
34050 21
34054 18
34055 16
34057 12
34063 11
34070 13
34075 21
34079 15
34081 17
34083 18
34084 1
34093 5
34100 12
34107 1
34116 17
34118 9
34120 9
34121 10
34124 6
34131 12
34137 8
34141 9
34142 18
34143 21
34147 15
34149 12
34157 11
34163 14
34169 6
34175 10
34177 12
34184 10
34185 21
34189 12
34195 15
34197 11
34203 12
34210 9
34211 5
34217 5
34224 11
34231 13
34237 11
34244 20
34246 2
34257 4
34264 11
34271 20
34273 19
34275 1
34284 17
34286 12
34293 4
34300 12
34307 1
34316 1
34325 12
34333 16
34335 3
34341 11
34347 8
34350 21
34354 17
34356 11
34363 12
34369 18
34370 10
34372 1
34381 21
34385 14
34391 11
34397 17
34399 17
34401 11
34408 9
34410 11
34417 8
34419 11
34426 18
34427 15
34429 11
34436 20
34438 5
34445 8
34448 17
34450 19
34452 12
34460 21
34464 12
34471 7
34474 1
34484 20
34486 17
34488 11
34495 2
34505 3
34512 18
34513 6
34520 15
34522 9
34524 19
34526 11
34533 7
34535 18
34536 18
34537 1
34547 16
34549 15
34551 17
34553 21
34557 17
34559 19
34561 8
34564 6
34572 1
34581 8
34583 5
34589 7
34591 11
34598 21
34602 16
34604 20
34606 1
34616 6
34623 2
34634 8
34636 12
34644 18
34645 10
34646 8
34648 8
34650 19
34652 9
34654 13
34660 5
34666 17
34668 16
34670 4
34677 1
34686 11
34693 18
34694 11
34701 18
34702 12
34709 14
34714 4
34722 1
34732 14
34737 11
34744 7
34746 10
34749 11
34756 10
34758 11
34765 11
34772 2
34782 6
34790 8
34793 11
34800 9
34802 6
34809 4
34816 11
34823 5
34830 3
34837 19
34839 16
34841 18
34842 13
34848 20
34850 21
34854 14
34860 21
34864 15
34866 18
34867 6
34875 9
34877 15
34879 8
34882 20
34884 15
34886 5
34892 15
34894 17
34896 6
34902 18
34903 21
34907 6
34913 8
34916 7
34919 12
34926 4
34934 20
34936 19
34938 20
34940 6
34947 10
34948 6
34955 13
34960 6
34967 12
34973 8
34976 9
34978 15
34980 12
34987 10
34988 4
34994 19
34996 3
35003 2
35013 7
35015 18
35016 19
35018 20
35020 18
35021 2
35030 12
35037 11
35043 15
35045 17
35047 18
35048 7
35050 5
35056 8
35059 9
35060 12
35066 15
35068 12
35075 14
35081 16
35083 12
35090 18
35091 13
35096 4
35104 4
35111 14
35118 2
35129 15
35131 11
35138 19
35140 12
35148 19
35150 17
35152 12
35159 6
35166 9
35167 12
35173 7
35175 18
35176 18
35177 19
35179 20
35181 11
35188 9
35190 2
35200 5
35206 18
35207 16
35209 11
35215 9
35216 11
35223 2
35234 11
35240 5
35246 21
35250 21
35254 3
35261 21
35265 15
35267 11
35274 18
35275 19
35277 5
35284 15
35286 4
35294 1
35303 6
35309 21
35313 4
35320 15
35322 19
35324 7
35326 5
35332 14
35339 12
35346 11
35352 19
35354 20
35356 7
35359 17
35361 20
35363 11
35370 6
35377 20
35379 18
35380 16
35382 19
35384 19
35386 11
35392 20
35394 20
35396 13
35402 2
35413 18
35414 5
35420 21
35424 10
35426 3
35432 18
35433 6
35441 11
35447 4
35454 12
35461 18
35462 12
35469 3
35475 13
35480 11
35487 2
35497 1
35506 18
35507 10
35509 1
35519 17
35521 11
35528 11
35534 11
35540 2
35551 6
35559 14
35566 11
35572 5
35578 12
35585 20
35587 20
35589 3
35596 12
35603 10
35605 12
35613 11
35620 16
35622 21
35626 18
35627 20
35629 3
35636 7
35639 20
35641 6
35648 3
35654 14
35661 11
35668 14
35673 11
35680 11
35686 18
35687 14
35693 19
35695 2
35705 10
35707 14
35713 12
35720 7
35723 16
35725 16
35727 11
35733 19
35735 10
35738 15
35740 8
35742 4
35750 13
35756 11
35763 12
35769 4
35777 18
35778 13
35783 6
35789 20
35791 17
35793 14
35800 1
35810 12
35818 3
35825 21
35829 16
35831 15
35833 3
35840 14
35846 1
35856 21
35860 6
35867 13
35872 12
35879 2
35890 11
35896 11
35902 7
35905 8
35908 11
35915 12
35922 6
35929 7
35931 11
35938 2
35947 20
35949 12
35957 10
35959 1
35969 4
35976 11
35983 17
35985 16
35987 13
35992 2
36003 11
36010 13
36016 18
36017 8
36021 14
36027 21
36031 6
36038 15
36040 17
36042 17
36044 19
36046 6
36053 19
36055 12
36062 9
36064 19
36066 12
36072 20
36074 5
36080 5
36087 11
36093 7
36096 6
36103 17
36105 6
36112 1
36122 1
36131 12
36138 10
36140 5
36147 3
36154 14
36160 12
36166 11
36173 20
36175 5
36182 21
36186 7
36189 11
36195 13
36200 11
36207 2
36218 12
36225 18
36226 9
36228 21
36232 10
36233 5
36240 12
36247 4
36254 11
36260 9
36262 14
36268 10
36271 18
36272 13
36277 4
36284 11
36290 9
36291 11
36297 19
36299 11
36305 6
36312 13
36318 1
36327 3
36334 9
36335 11
36342 18
36343 11
36350 10
36353 9
36355 19
36357 16
36359 20
36361 6
36368 18
36369 14
36375 12
36382 4
36390 12
36397 20
36399 1
36409 16
36411 2
36420 16
36422 15
36424 18
36425 11
36432 18
36433 18
36434 11
36441 2
36452 20
36454 5
36461 16
36463 4
36471 8
36474 4
36481 4
36488 7
36491 15
36493 8
36496 12
36502 11
36508 14
36514 11
36520 15
36522 4
36528 9
36529 6
36536 18
36537 3
36543 8
36546 11
36553 8
36557 3
36563 10
36564 7
36567 10
36568 18
36569 10
36571 11
36578 4
36584 3
36590 19
36592 11
36598 15
36600 17
36602 8
36604 9
36605 18
36606 13
36612 18
36613 11
36619 10
36620 12
36628 15
36630 10
36631 14
36637 16
36639 18
36640 20
36642 12
36648 5
36654 11
36661 17
36663 10
36665 18
36666 16
36668 10
36670 9
36672 2
36682 17
36684 14
36689 7
36691 12
36699 11
36705 12
36712 18
36713 5
36720 4
36728 17
36730 7
36732 14
36738 16
36740 3
36747 5
36754 4
36761 18
36762 18
36763 11
36770 11
36776 4
36783 6
36789 9
36791 11
36797 1
36807 3
36814 11
36820 19
36822 19
36824 3
36831 5
36838 8
36842 20
36844 10
36846 2
36857 11
36863 12
36870 4
36878 12
36885 4
36891 15
36893 16
36895 2
36904 21
36908 21
36912 21
36916 7
36918 11
36925 14
36931 21
36935 21
36939 1
36949 14
36956 20
36958 11
36965 5
36971 13
36977 21
36981 12
36989 20
36991 18
36992 12
36998 11
37004 21
37008 16
37010 9
37012 7
37015 7
37017 18
37018 17
37020 9
37021 4
37028 6
37036 11
37043 9
37045 11
37051 11
37058 18
37059 21
37063 1
37072 11
37079 18
37080 3
37086 15
37088 18
37089 2
37099 7
37102 16
37104 12
37112 1
37122 2
37131 18
37132 4
37139 1
37148 15
37150 17
37152 4
37159 17
37161 18
37162 19
37164 19
37166 15
37168 7
37170 8
37173 9
37175 18
37176 15
37178 14
37183 11
37189 11
37195 12
37202 11
37208 12
37214 7
37217 18
37218 11
37225 12
37231 5
37238 20
37240 10
37242 19
37244 15
37246 4
37253 15
37255 9
37256 11
37262 3
37268 3
37274 16
37276 6
37282 15
37284 9
37286 13
37292 13
37297 14
37304 20
37306 15
37308 11
37314 12
37321 3
37328 18
37329 18
37330 16
37332 20
37334 18
37335 1
37345 21
37349 9
37351 18
37352 11
37359 8
37362 18
37363 16
37365 5
37371 11
37378 10
37381 12
37388 12
37395 8
37397 4
37404 19
37406 16
37408 11
37414 16
37416 11
37423 21
37427 19
37429 11
37435 10
37438 3
37444 18
37445 19
37447 12
37454 20
37456 20
37458 17
37460 11
37466 4
37474 11
37481 3
37488 4
37495 16
37497 5
37503 18
37504 21
37508 8
37511 21
37515 21
37519 2
37529 5
37535 8
37538 13
37544 2
37554 15
37556 7
37559 11
37565 5
37572 4
37580 11
37587 8
37589 21
37593 7
37596 5
37603 19
37605 11
37611 7
37613 2
37623 12
37631 12
37638 6
37645 12
37651 5
37658 7
37660 21
37664 18
37665 7
37668 11
37674 10
37676 21
37680 6
37687 11
37694 5
37700 9
37702 9
37704 4
37710 8
37712 11
37718 15
37720 21
37724 9
37725 9
37726 12
37733 13
37738 15
37740 17
37742 19
37744 20
37746 1
37756 20
37758 13
37763 1
37773 18
37774 18
37775 18
37776 18
37777 20
37779 3
37786 5
37793 6
37801 19
37803 12
37811 13
37816 18
37817 6
37824 18
37825 7
37828 11
37834 12
37841 11
37847 7
37850 18
37851 11
37857 20
37859 12
37867 18
37868 12
37876 7
37878 21
37882 20
37884 20
37886 18
37887 12
37894 12
37900 12
37907 9
37909 18
37910 11
37917 8
37920 18
37921 5
37927 21
37931 19
37933 18
37934 11
37940 3
37947 11
37953 7
37956 5
37963 3
37970 9
37971 6
37978 13
37984 4
37991 11
37997 10
38000 5
38007 13
38013 20
38015 8
38018 11
38025 9
38026 16
38028 11
38034 1
38044 12
38051 2
38060 19
38062 18
38063 17
38065 18
38066 11
38072 2
38082 12
38090 12
38097 19
38099 11
38106 11
38113 15
38115 9
38116 12
38123 11
38130 12
38138 17
38140 16
38142 1
38152 18
38153 19
38155 10
38156 18
38157 15
38159 11
38166 9
38168 11
38174 9
38175 9
38176 18
38177 2
38188 11
38195 12
38203 21
38207 17
38209 16
38211 11
38218 5
38224 7
38226 15
38228 1
38237 17
38239 6
38246 18
38247 9
38248 18
38249 21
38253 10
38255 12
38261 8
38264 21
38268 11
38274 13
38280 12
38286 20
38288 21
38292 19
38294 9
38296 18
38297 6
38303 9
38304 7
38306 13
38311 11
38317 18
38318 11
38325 3
38331 14
38337 12
38343 11
38350 14
38356 7
38358 1
38368 18
38369 11
38376 13
38382 14
38388 16
38390 6
38396 18
38397 7
38399 12
38406 12
38413 18
38414 2
38424 2
38435 11
38441 12
38447 19
38449 21
38453 1
38463 11
38469 21
38473 13
38478 4
38486 17
38488 14
38494 19
38496 2
38505 4
38513 11
38520 2
38529 11
38535 12
38542 20
38544 5
38550 20
38552 11
38559 7
38561 18
38562 9
38564 17
38566 11
38572 6
38579 21
38583 5
38590 4
38597 7
38600 4
38607 2
38616 4
38624 18
38625 18
38626 18
38627 9
38628 20
38630 20
38632 6
38639 4
38646 12
38653 20
38655 11
38662 4
38670 18
38671 18
38672 11
38678 11
38684 12
38690 7
38693 10
38694 9
38696 6
38703 16
38705 3
38711 17
38713 11
38719 11
38726 8
38729 15
38731 12
38738 19
38740 14
38746 17
38748 9
38749 9
38750 21
38754 21
38758 15
38760 13
38766 12
38773 12
38780 3
38786 18
38787 12
38793 15
38795 3
38802 21
38806 6
38813 21
38817 13
38822 16
38824 1
38833 7
38835 12
38841 12
38847 11
38853 16
38855 6
38862 8
38864 14
38871 12
38877 21
38881 16
38883 18
38884 11
38891 14
38896 14
38902 19
38904 2
38913 9
38915 2
38925 12
38931 2
38942 8
38944 2
38953 11
38959 12
38965 5
38971 19
38973 11
38979 7
38981 10
38983 18
38984 12
38992 20
38994 14
39001 11
39007 4
39014 11
39020 15
39022 2
39033 12
39040 15
39042 6
39050 7
39053 16
39055 12
39063 16
39065 15
39067 16
39069 12
39075 9
39076 12
39083 5
39089 11
39095 7
39097 15
39099 11
39106 14
39112 3
39118 18
39119 19
39121 11
39127 21
39131 16
39133 15
39135 11
39141 13
39147 2
39156 5
39162 20
39164 8
39168 4
39175 14
39181 12
39188 10
39190 13
39195 13
39201 9
39203 14
39209 11
39215 3
39222 18
39223 1
39233 4
39240 11
39247 11
39254 15
39256 18
39257 18
39258 20
39260 11
39266 14
39272 11
39278 18
39279 21
39283 11
39289 2
39299 4
39305 6
39313 10
39316 12
39323 9
39325 7
39328 1
39337 5
39343 12
39351 6
39358 15
39360 5
39366 12
39374 11
39381 7
39383 14
39389 11
39395 10
39397 18
39398 11
39405 3
39412 5
39418 18
39419 15
39421 18
39422 7
39425 18
39426 18
39427 12
39434 9
39435 12
39441 11
39448 1
39457 12
39463 16
39465 1
39474 13
39479 20
39481 12
39489 12
39495 11
39502 12
39509 18
39510 20
39512 8
39514 3
39521 14
39526 15
39528 11
39535 11
39542 15
39544 4
39551 8
39555 10
39556 14
39562 16
39564 11
39570 8
39572 2
39581 6
39587 5
39593 8
39597 8
39600 12
39607 11
39614 12
39620 7
39622 12
39628 21
39632 4
39639 6
39645 15
39647 7
39649 9
39651 2
39662 8
39665 12
39672 7
39674 8
39676 13
39682 12
39688 11
39694 9
39696 6
39703 2
39713 13
39719 11
39726 19
39728 19
39730 14
39735 15
39737 11
39743 17
39745 1
39755 11
39761 8
39764 13
39769 16
39771 17
39773 14
39778 20
39780 21
39784 7
39787 12
39794 11
39801 3
39808 4
39816 14
39821 2
39831 11
39837 10
39840 4
39846 14
39851 12
39857 11
39863 16
39865 16
39867 9
39868 11
39874 10
39876 15
39878 2
39889 4
39896 12
39903 16
39905 9
39906 17
39908 1
39917 19
39919 21
39923 2
39933 13
39938 4
39945 20
39947 8
39951 8
39954 5
39960 6
39966 15
39968 12
39975 21
39979 18
39980 20
39982 12
39990 5
39997 3
40004 21
40008 3
40014 7
40017 12
40023 2
40034 12
40041 18
40042 12
40049 4
40057 12
40064 10
40067 15
40069 7
40072 7
40074 12
40080 7
40082 2
40092 19
40094 10
40097 16
40099 21
40103 14
40109 1
40118 5
40125 18
40126 18
40127 16
40129 20
40131 6
40137 18
40138 11
40145 11
40152 15
40154 11
40161 5
40168 12
40176 7
40178 9
40180 10
40181 18
40182 11
40189 18
40190 16
40192 9
40194 3
40201 11
40207 18
40208 21
40212 5
40219 5
40225 13
40230 11
40237 11
40243 11
40249 4
40256 11
40262 3
40268 12
40275 21
40279 11
40285 16
40287 7
40289 17
40291 2
40300 11
40307 3
40313 7
40316 13
40322 1
40332 13
40337 1
40347 18
40348 8
40351 21
40355 11
40361 11
40367 2
40377 11
40384 21
40388 4
40394 18
40395 11
40401 11
40408 19
40410 6
40417 21
40421 11
40428 19
40430 15
40432 7
40434 18
40435 20
40437 18
40438 20
40440 21
40444 16
40446 1
40455 20
40457 1
40467 17
40469 8
40472 2
40482 3
40488 20
40490 14
40496 9
40497 8
40500 11
40506 4
40514 18
40515 12
40522 10
40524 6
40530 4
40536 6
40543 17
40545 12
40553 7
40556 11
40563 21
40567 3
40573 9
40575 9
40577 15
40579 6
40585 12
40592 9
40593 4
40601 19
40603 9
40604 5
40610 13
40615 11
40621 15
40623 6
40630 2
40640 9
40641 1
40651 18
40652 12
40658 9
40660 3
40667 18
40668 12
40676 7
40679 4
40686 11
40693 19
40695 6
40702 7
40705 2
40715 21
40719 20
40721 12
40729 16
40731 11
40738 18
40739 14
40746 11
40753 21
40757 8
40760 12
40766 9
40767 12
40773 1
40782 9
40784 12
40790 13
40795 10
40797 2
40807 11
40814 3
40821 14
40826 19
40828 18
40829 11
40836 13
40841 18
40842 2
40852 19
40854 2
40863 7
40865 12
40872 15
40874 11
40880 19
40882 11
40889 1
40899 7
40902 15
40904 16
40906 20
40908 21
40912 10
40915 12
40922 11
40928 9
40930 11
40936 11
40942 11
40949 8
40951 10
40953 18
40954 20
40956 9
40958 18
40959 3
40965 3
40972 11
40979 9
40981 19
40983 16
40985 21
40989 2
40999 21
41003 14
41010 2
41020 11
41026 3
41033 13
41039 21
41043 18
41044 11
41050 15
41052 19
41054 4
41062 19
41064 9
41066 6
41072 2
41082 12
41089 16
41091 11
41097 21
41101 2
41111 15
41113 11
41119 16
41121 13
41127 11
41133 3
41140 16
41142 15
41144 9
41146 16
41148 13
41154 12
41162 4
41169 18
41170 11
41176 17
41178 10
41180 18
41181 13
41186 5
41192 12
41199 14
41205 11
41211 9
41213 12
41220 11
41227 18
41228 6
41236 9
41237 12
41244 3
41250 10
41251 17
41253 15
41255 9
41256 6
41264 11
41271 17
41273 7
41276 17
41278 19
41280 19
41282 19
41284 16
41286 11
41293 3
41299 18
41300 12
41307 12
41313 21
41317 12
41324 19
41326 11
41332 14
41337 12
41345 4
41352 10
41354 1
41363 19
41365 12
41373 12
41380 11
41386 14
41393 12
41400 11
41407 20
41409 11
41415 10
41416 11
41423 11
41430 3
41436 17
41438 4
41446 5
41452 12
41458 4
41466 2
41477 12
41483 8
41485 18
41486 21
41490 4
41497 12
41504 11
41511 20
41513 11
41519 5
41526 5
41532 4
41538 5
41545 8
41548 16
41550 14
41556 7
41558 17
41560 8
41563 12
41571 6
41578 1
41587 19
41589 11
41596 13
41602 16
41604 9
41606 4
41612 10
41614 20
41616 16
41618 18
41619 13
41625 12
41632 12
41638 11
41645 15
41647 7
41650 12
41658 2
41667 11
41673 10
41676 11
41682 17
41684 4
41691 19
41693 13
41699 11
41706 5
41713 11
41720 6
41727 4
41733 11
41739 3
41746 15
41748 18
41749 21
41753 9
41754 21
41758 16
41760 18
41761 6
41769 1
41779 12
41785 11
41791 12
41797 12
41804 14
41811 1
41820 9
41822 9
41824 9
41826 11
41833 2
41843 12
41850 1
41859 21
41863 21
41867 11
41874 3
41880 8
41883 12
41890 15
41892 11
41898 12
41906 21
41910 19
41912 1
41921 5
41927 12
41935 17
41937 12
41943 11
41950 3
41957 11
41963 11
41969 12
41976 12
41984 10
41985 18
41986 18
41987 10
41988 17
41990 8
41993 20
41995 12
42001 17
42003 16
42005 21
42009 13
42015 11
42022 12
42029 18
42030 5
42037 12
42043 14
42049 16
42051 10
42052 1
42061 14
42067 1
42076 14
42082 11
42089 3
42095 2
42104 9
42105 11
42111 12
42117 3
42124 8
42127 20
42129 9
42130 3
42136 14
42141 11
42148 12
42156 12
42164 12
42172 18
42173 13
42179 18
42180 21
42184 6
42190 12
42198 21
42202 13
42207 21
42211 20
42213 7
42216 11
42222 14
42229 11
42236 11
42243 2
42253 11
42259 11
42266 4
42274 9
42275 4
42282 12
42289 16
42291 20
42293 7
42295 2
42305 8
42307 1
42317 11
42324 11
42330 1
42340 15
42342 11
42348 13
42354 17
42356 18
42357 11
42364 8
42368 17
42370 18
42371 4
42379 16
42381 2
42391 20
42393 19
42395 15
42397 16
42399 21
42403 17
42405 13
42410 11
42417 1
42426 14
42433 20
42435 11
42442 3
42448 6
42455 1
42465 12
42472 17
42474 11
42480 8
42482 7
42485 4
42492 4
42500 18
42501 8
42504 17
42506 20
42508 6
42514 14
42519 16
42521 18
42522 4
42528 3
42535 12
42542 11
42549 8
42553 12
42559 11
42565 8
42568 18
42569 19
42571 19
42573 11
42580 5
42586 2
42595 19
42597 17
42599 21
42603 9
42605 8
42609 3
42615 12
42621 8
42623 4
42629 17
42631 3
42638 14
42645 12
42652 9
42654 9
42656 21
42660 18
42661 12
42668 1
42678 18
42679 9
42680 18
42681 11
42687 12
42694 16
42696 11
42702 9
42703 19
42705 19
42707 11
42714 1
42724 11
42731 18
42732 8
42736 5
42743 10
42745 2
42756 12
42764 12
42772 2
42783 11
42789 11
42795 10
42796 11
42802 11
42808 1
42818 5
42824 11
42830 3
42836 9
42837 15
42839 4
42845 12
42851 14
42857 13
42863 4
42870 14
42877 3
42884 15
42886 16
42888 6
42895 13
42900 8
42904 16
42906 12
42913 21
42917 12
42925 2
42936 7
42939 20
42941 13
42946 12
42954 16
42956 13
42962 1
42972 5
42979 10
42982 17
42984 21
42988 12
42994 3
43000 5
43007 18
43008 17
43010 7
43012 4
43019 12
43027 18
43028 4
43036 12
43042 1
43052 9
43053 11
43060 12
43067 12
43075 11
43081 1
43090 18
43091 16
43093 4
43101 6
43109 11
43115 19
43117 18
43118 11
43124 19
43126 12
43133 20
43135 14
43141 12
43149 5
43156 18
43157 21
43161 10
43164 18
43165 12
43172 18
43173 16
43175 13
43181 12
43187 10
43190 4
43198 14
43205 20
43207 17
43209 21
43213 1
43223 3
43229 18
43230 19
43232 12
43239 12
43247 11
43254 12
43261 12
43269 21
43273 7
43276 17
43278 11
43285 20
43287 20
43289 14
43295 11
43301 12
43309 3
43316 15
43318 12
43326 19
43328 13
43334 19
43336 4
43344 10
43346 18
43347 19
43349 11
43355 16
43357 12
43364 10
43366 1
43376 13
43382 8
43386 16
43388 12
43394 3
43401 16
43403 21
43407 14
43414 15
43416 19
43418 17
43420 14
43425 16
43427 18
43428 6
43434 21
43438 10
43440 19
43442 11
43449 17
43451 10
43452 12
43459 20
43461 12
43468 4
43475 21
43479 5
43485 10
43488 9
43489 7
43491 13
43496 11
43503 8
43506 11
43513 21
43517 15
43519 3
43525 2
43535 3
43541 20
43543 21
43547 11
43553 5
43560 3
43566 19
43568 12
43575 12
43583 3
43589 12
43596 19
43598 5
43605 10
43607 19
43609 18
43610 11
43616 21
43620 2
43630 3
43637 16
43639 5
43646 1
43656 1
43665 10
43666 12
43672 20
43674 6
43682 21
43686 7
43688 7
43691 21
43695 19
43697 12
43704 17
43706 11
43712 16
43714 21
43718 2
43729 18
43730 1
43740 21
43744 14
43751 20
43753 16
43755 11
43762 11
43768 11
43775 21
43779 2
43789 11
43796 7
43798 15
43800 2
43810 3
43816 15
43818 10
43820 19
43822 11
43828 12
43835 11
43842 11
43849 9
43851 11
43858 11
43864 12
43871 11
43877 11
43884 3
43890 3
43896 18
43897 11
43903 19
43905 16
43907 11
43914 14
43920 12
43928 4
43935 6
43942 8
43945 21
43949 21
43953 11
43960 18
43961 16
43963 12
43969 14
43975 9
43977 18
43978 13
43984 11
43991 12
43998 10
44000 12
44007 13
44012 16
44014 10
44016 1
44025 18
44026 11
44032 19
44034 16
44036 20
44038 19
44040 18
44041 21
44045 11
44052 11
44059 16
44061 18
44062 4
44069 19
44071 17
44073 17
44075 1
44084 6
44090 18
44091 11
44097 19
44099 8
44101 8
44105 19
44107 16
44109 10
44111 16
44113 13
44118 10
44120 9
44121 20
44123 6
44129 12
44136 11
44142 15
44144 6
44150 3
44157 12
44164 1
44173 11
44180 4
44188 9
44190 3
44196 1
44206 18
44207 13
44213 12
44219 15
44221 9
44222 20
44224 11
44230 6
44237 12
44243 11
44250 12
44257 6
44264 16
44266 8
44268 4
44276 16
44278 6
44285 11
44291 12
44299 20
44301 2
44311 11
44318 2
44327 18
44328 2
44338 15
44340 5
44346 18
44347 8
44351 11
44358 21
44362 14
44368 18
44369 2
44379 21
44383 21
44387 9
44388 15
44390 5
44397 12
44403 17
44405 7
44407 16
44409 18
44410 12
44418 10
44420 12
44427 18
44428 18
44429 21
44433 1
44442 20
44444 5
44450 20
44452 19
44454 12
44462 20
44464 11
44471 5
44478 3
44485 18
44486 11
44492 12
44499 6
44505 11
44512 12
44519 17
44521 12
44527 11
44534 8
44536 11
44542 4
44549 7
44551 10
44552 19
44554 11
44561 19
44563 11
44570 7
44572 14
44577 9
44579 2
44588 12
44596 9
44597 14
44603 6
44610 11
44617 17
44619 18
44620 5
44626 4
44633 17
44635 11
44641 10
44642 15
44644 12
44651 19
44653 9
44655 2
44665 11
44671 11
44678 16
44680 19
44682 10
44684 16
44686 15
44688 19
44690 4
44697 16
44699 4
44707 4
44715 19
44717 4
44723 5
44730 11
44736 14
44741 11
44748 7
44751 18
44752 1
44762 11
44768 5
44775 11
44782 5
44789 12
44795 5
44801 21
44805 8
44808 11
44814 4
44822 1
44831 15
44833 13
44838 11
44845 17
44847 11
44853 12
44860 9
44861 7
44864 17
44866 5
44872 2
44882 9
44884 11
44891 11
44898 7
44901 11
44907 1
44917 16
44919 9
44920 21
44924 1
44934 3
44940 20
44942 18
44943 10
44945 18
44946 19
44948 2
44957 10
44958 2
44969 11
44976 5
44982 16
44984 3
44991 21
44995 15
44997 11
45003 13
45008 15
45010 18
45011 11
45018 6
45024 2
45035 11
45041 15
45043 12
45050 7
45053 9
45055 15
45057 20
45059 3
45066 16
45068 11
45075 15
45077 18
45078 12
45085 18
45086 5
45092 13
45098 11
45104 21
45108 19
45110 15
45112 17
45114 7
45116 3
45122 20
45124 6
45132 19
45134 11
45140 7
45143 13
45148 9
45149 19
45151 10
45152 6
45159 5
45165 9
45166 21
45170 11
45176 11
45183 11
45189 14
45195 3
45201 12
45209 2
45219 13
45224 15
45226 21
45230 18
45231 2
45241 14
45247 11
45253 17
45255 1
45264 13
45269 5
45275 15
45277 4
45284 2
45294 9
45296 13
45301 8
45305 16
45307 10
45308 17
45310 14
45315 19
45317 21
45321 18
45322 4
45330 2
45339 14
45346 6
45353 17
45355 9
45357 18
45358 3
45364 4
45371 4
45378 12
45385 11
45391 2
45402 21
45406 18
45407 11
45413 18
45414 5
45421 11
45427 2
45436 1
45445 13
45450 16
45452 2
45462 11
45468 1
45478 8
45482 5
45488 11
45494 17
45496 10
45499 9
45500 10
45503 13
45509 3
45515 4
45522 15
45524 11
45531 10
45533 18
45534 2
45543 4
45549 2
45560 18
45561 4
45568 8
45571 11
45577 8
45581 10
45584 11
45590 15
45592 12
45599 11
45606 6
45614 20
45616 16
45618 7
45620 6
45626 11
45633 21
45637 11
45644 4
45650 19
45652 18
45653 16
45655 19
45657 12
45664 6
45671 10
45673 7
45676 19
45678 15
45680 18
45681 18
45682 5
45688 1
45697 16
45699 12
45706 8
45709 18
45710 13
45716 5
45722 18
45723 12
45729 14
45736 16
45738 11
45745 16
45747 1
45756 7
45758 17
45760 11
45766 13
45771 1
45780 13
45786 16
45788 12
45795 18
45796 16
45798 14
45804 18
45805 15
45807 15
45809 11
45816 15
45818 18
45819 3
45826 11
45833 11
45839 12
45846 12
45853 17
45855 13
45860 17
45862 18
45863 10
45865 17
45867 12
45875 19
45877 2
45887 18
45888 9
45890 6
45897 1
45907 1
45917 8
45921 1
45931 5
45938 16
45940 5
45946 12
45952 11
45959 20
45961 5
45968 18
45969 4
45976 5
45983 18
45984 15
45986 8
45988 11
45994 14
46000 11
46006 12
46013 13
46018 20
46020 7
46022 21
46026 13
46032 8
46035 13
46040 11
46047 9
46048 2
46058 19
46060 10
46061 11
46068 13
46074 13
46079 14
46085 15
46087 3
46094 4
46100 1
46109 18
46110 12
46117 5
46124 18
46125 18
46126 14
46132 13
46137 8
46140 13
46146 9
46148 5
46155 8
46159 18
46160 18
46161 11
46168 20
46170 12
46177 16
46179 18
46180 20
46182 18
46183 9
46184 15
46186 11
46192 8
46195 7
46198 9
46200 16
46202 15
46204 2
46215 14
46221 13
46226 17
46228 18
46229 5
46236 12
46243 14
46250 12
46257 19
46259 15
46261 5
46268 11
46275 11
46282 12
46289 11
46296 2
46305 18
46306 15
46308 4
46315 6
46321 17
46323 11
46330 16
46332 15
46334 11
46341 9
46342 4
46350 5
46357 12
46364 7
46367 12
46374 8
46377 15
46379 11
46385 15
46387 17
46389 16
46391 19
46393 3
46400 12
46407 3
46414 8
46416 11
46422 9
46423 18
46424 12
46431 6
46438 11
46444 2
46454 4
46462 20
46464 5
46471 21
46475 18
46476 10
46478 18
46479 20
46481 17
46483 5
46489 11
46495 13
46501 18
46502 19
46504 5
46511 20
