10000
1 8
3 10
4 14
8 20
9 17
11 1
19 10
20 8
22 18
23 14
28 4
32 10
35 11
42 11
46 17
48 14
55 6
59 16
61 9
63 4
67 12
75 10
76 1
86 8
88 13
92 5
97 4
103 5
109 18
110 12
114 16
116 3
123 5
130 11
135 9
136 16
138 11
142 12
148 9
149 11
153 7
155 9
157 19
159 11
164 2
173 8
175 1
182 6
188 6
194 8
196 14
202 20
203 11
210 1
220 19
221 4
227 15
229 5
235 1
242 5
248 18
249 2
256 11
260 17
262 1
269 15
271 19
272 11
278 16
280 14
287 14
291 11
298 5
302 11
306 21
310 20
312 6
316 21
320 17
322 20
324 11
328 19
329 7
331 18
332 9
333 20
334 12
340 11
347 5
354 16
356 7
359 18
360 3
364 11
369 14
374 12
380 15
382 18
383 20
385 15
387 1
397 10
398 17
400 19
402 21
406 15
408 11
413 4
419 12
427 19
428 13
434 12
438 1
447 21
451 21
455 18
456 16
458 5
465 6
471 14
475 2
486 9
488 11
493 11
499 13
504 21
508 18
509 18
510 11
517 12
523 11
529 20
531 18
532 12
538 11
543 7
546 5
550 9
552 5
557 8
561 3
568 11
574 15
576 4
580 16
582 7
584 10
585 12
593 12
601 5
608 19
609 10
612 21
616 14
621 1
630 12
634 12
640 19
642 2
649 15
651 21
655 5
661 11
668 4
674 10
677 6
683 12
689 16
691 4
699 4
703 10
706 11
713 15
715 6
721 14
725 20
727 4
733 10
734 11
741 2
748 14
755 18
756 21
760 19
762 15
764 6
770 12
776 18
777 16
779 20
781 14
785 4
793 20
794 12
800 14
807 11
812 1
822 12
826 6
832 10
835 11
839 18
840 2
847 20
848 10
849 11
855 16
857 9
858 11
864 19
866 19
867 1
876 11
881 11
886 2
897 12
905 20
907 6
915 12
923 20
924 21
928 11
932 11
937 17
939 20
941 4
947 19
948 21
952 17
954 4
962 13
968 13
974 17
976 17
978 11
984 6
990 19
992 16
994 18
995 2
1004 11
1011 16
1013 8
1017 13
1021 16
1023 1
1032 10
1033 9
1034 7
1037 13
1043 20
1044 1
1053 19
1054 14
1058 11
1063 19
1064 3
1068 11
1075 20
1076 17
1078 11
1083 3
1090 11
1097 11
1102 7
1105 12
1113 3
1117 21
1121 17
1123 15
1125 18
1126 17
1128 11
1133 16
1135 11
1141 10
1142 10
1145 12
1151 11
1155 2
1166 18
1167 12
1173 14
1177 16
1179 20
1180 2
1189 21
1193 9
1194 14
1198 4
1204 14
1210 11
1215 3
1220 14
1226 9
1228 17
1230 16
1232 21
1236 11
1243 4
1249 12
1253 11
1257 16
1259 13
1264 20
1265 15
1267 17
1269 15
1271 10
1274 7
1277 11
1284 9
1285 13
1291 6
1295 11
1301 7
1304 18
1305 12
1309 20
1311 12
1317 11
1323 10
1324 11
1330 12
1334 12
1338 4
1346 17
1348 12
1352 3
1357 11
1361 11
1366 14
1372 11
1378 16
1380 21
1384 10
1387 18
1388 17
1390 16
1392 3
1399 18
1400 12
1408 18
1409 9
1411 11
1417 11
1421 10
1424 3
1431 11
1436 13
1442 3
1449 16
1451 18
1452 10
1453 12
1459 2
1468 15
1470 15
1472 9
1473 7
1476 6
1480 16
1482 11
1489 13
1494 12
1500 5
1504 12
1510 20
1511 5
1517 8
1521 11
1525 8
1529 9
1530 20
1532 3
1537 3
1544 3
1548 8
1552 21
1556 19
1557 12
1563 8
1567 2
1576 5
1580 11
1587 18
1588 6
1594 11
1600 8
1602 11
1607 20
1609 19
1611 4
1619 2
1628 2
1635 9
1636 5
1640 12
1646 12
1654 4
1662 18
1663 3
1670 18
1671 12
1675 16
1677 19
1679 6
1687 20
1688 11
1695 10
1698 7
1701 2
1710 9
1712 9
1713 13
1718 10
1719 6
1723 6
1727 11
1734 1
1744 19
1745 2
1752 14
1758 11
1765 11
1771 8
1773 2
1782 14
1789 14
1794 13
1799 20
1801 1
1810 16
1812 8
1814 1
1821 12
1827 15
1829 18
1830 1
1839 11
1844 5
1851 15
1853 17
1855 14
1861 16
1863 18
1864 1
1874 2
1881 19
1883 11
1890 11
1896 12
1900 4
1904 14
1908 16
1910 19
1912 13
1918 2
1925 18
1926 6
1934 18
1935 3
1940 12
1944 13
1948 2
1957 10
1960 11
1966 18
1967 5
1973 6
1979 7
1982 12
1988 7
1990 5
1996 10
1997 1
2006 12
2012 11
2017 17
2019 12
2027 17
2029 14
2035 2
2044 6
2048 13
2053 5
2059 15
2061 12
2065 12
2073 20
2075 6
2081 2
2092 15
2094 14
2098 18
2099 8
2101 3
2105 17
2107 2
2116 7
2119 4
2123 4
2127 12
2131 11
2135 10
2136 11
2140 18
2141 12
2145 12
2153 7
2155 11
2161 9
2162 11
2169 1
2177 15
2179 20
2180 11
2185 1
2192 2
2203 6
2209 10
2210 8
2212 11
2219 14
2225 3
2229 9
2230 7
2232 11
2239 12
2245 3
2252 12
2258 15
2260 11
2264 2
2273 2
2282 4
2290 14
2295 18
2296 15
2298 15
2300 12
2308 10
2311 11
2316 16
2318 12
2322 5
2329 18
2330 12
2336 11
2342 1
2352 2
2361 12
2365 12
2369 4
2375 21
2379 13
2384 12
2390 12
2396 2
2403 6
2407 12
2411 19
2412 16
2414 11
2419 12
2425 12
2431 3
2435 15
2437 11
2441 18
2442 13
2448 1
2457 21
2461 17
2463 10
2466 13
2472 9
2474 12
2480 9
2481 11
2485 11
2489 3
2493 10
2496 16
2498 13
2502 16
2504 11
2509 18
2510 11
2516 2
2525 13
2530 21
2534 8
2538 11
2542 12
2550 3
2557 4
2563 7
2565 18
2566 2
2575 11
2582 16
2584 7
2587 10
2590 5
2597 10
2600 15
2602 19
2604 11
2608 12
2614 11
2620 8
2622 11
2626 13
2631 7
2634 20
2635 13
2641 11
2646 21
2650 12
2658 12
2662 17
2664 11
2671 5
2676 12
2680 12
2684 6
2692 21
2696 2
2703 4
2707 15
2709 16
2711 5
2717 10
2718 12
2722 4
2726 10
2727 14
2731 16
2733 4
2737 10
2738 18
2739 16
2741 18
2742 17
2744 20
2746 6
2754 2
2761 4
2767 18
2768 19
2769 18
2770 12
2774 12
2780 14
2786 11
2792 21
2796 21
2800 3
2806 12
2814 2
2825 12
2829 2
2836 18
2837 19
2839 1
2848 12
2852 2
2859 19
2860 11
2866 12
2870 12
2878 2
2887 6
2895 11
2901 12
2909 11
2916 12
2920 15
2922 11
2929 6
2933 12
2937 20
2939 5
2945 8
2947 18
2948 19
2950 16
2952 16
2954 18
2955 12
2961 19
2962 4
2968 16
2970 10
2973 9
2974 10
2977 21
2981 2
2990 12
2994 12
2998 11
3002 12
3008 18
3009 5
3013 15
3015 6
3019 3
3025 8
3029 7
3031 11
3036 7
3039 12
3043 12
3049 14
3054 19
3055 5
3062 12
3068 20
3069 19
3071 11
3075 4
3081 7
3083 15
3085 18
3086 2
3097 2
3106 21
3110 13
3114 12
3120 19
3122 18
3123 6
3129 5
3133 21
3137 15
3139 21
3143 21
3147 9
3149 3
3153 15
3155 10
3156 11
3160 4
3166 1
3173 1
3182 7
3185 7
3188 2
3199 11
3204 21
3208 3
3213 7
3215 12
3219 10
3220 6
3224 16
3226 15
3228 8
3232 20
3234 11
3240 5
3244 19
3246 13
3251 12
3255 3
3259 18
3260 11
3266 16
3268 11
3275 13
3281 8
3285 2
3296 4
3304 7
3307 14
3314 11
3318 7
3321 7
3324 16
3326 11
3330 2
3339 13
3345 12
3349 2
3358 16
3360 6
3366 11
3371 3
3376 7
3378 16
3380 21
3384 12
3392 11
3396 11
3401 2
3410 10
3411 5
3416 1
3425 11
3432 1
3442 16
3444 11
3448 4
3456 12
3462 1
3471 6
3479 20
3480 18
3481 8
3483 17
3485 18
3486 9
3487 18
3488 11
3492 10
3493 21
3497 9
3498 11
3505 12
3511 12
3519 4
3525 18
3526 18
3527 11
3532 4
3538 4
3544 11
3551 11
3558 19
3559 18
3560 3
3565 8
3567 17
3569 20
3570 10
3573 4
3581 20
3582 16
3584 5
3588 1
3597 7
3599 6
3607 13
3612 18
3613 12
3621 18
3622 13
3627 16
3629 6
3633 21
3637 15
3639 21
3643 5
3649 17
3651 3
3658 8
3662 11
3669 6
3677 4
3683 11
3690 8
3692 12
3700 18
3701 10
3704 10
3705 7
3707 15
3709 14
3715 13
3721 15
3723 9
3725 5
3732 16
3734 21
3738 1
3746 10
3749 13
3753 19
3755 18
3756 12
3762 11
3769 15
3771 3
3775 8
3779 16
3781 18
3782 4
3786 11
3791 6
3799 4
3805 12
3809 12
3813 20
3814 9
3816 15
3818 11
3823 21
3827 12
3831 11
3836 13
3840 21
3844 15
3846 12
3852 20
3854 12
3860 1
3869 19
3871 13
3876 19
3877 1
3884 18
3885 7
3888 20
3889 19
3890 11
3897 14
3901 18
3902 17
3904 12
3908 18
3909 8
3913 18
3914 21
3918 17
3920 11
3925 5
3929 15
3931 14
3937 5
3943 9
3945 10
3948 16
3950 3
3955 9
3956 4
3962 20
3963 7
3965 4
3973 11
3980 7
3982 19
3984 16
3986 12
3990 1
3998 21
4002 4
4010 5
4015 16
4017 8
4021 3
4026 10
4029 2
4036 9
4038 12
4042 10
4043 16
4045 11
4052 3
4058 3
4064 14
4069 21
4073 7
4075 12
4081 15
4083 21
4087 1
4095 18
4096 21
4100 15
4102 12
4108 6
4114 6
4120 17
4122 18
4123 7
4126 21
4130 8
4134 17
4136 11
4143 11
4147 14
4153 6
4159 10
4160 14
4165 6
4169 11
4174 15
4176 1
4183 11
4188 21
4192 18
4193 3
4198 15
4200 19
4201 18
4202 20
4203 11
4207 11
4212 3
4216 19
4218 2
4227 14
4231 9
4233 17
4235 18
4236 21
4240 2
4251 21
4255 20
4257 7
4259 17
4261 18
4262 18
4263 12
4269 18
4270 4
4274 17
4276 18
4277 2
4284 15
4286 11
4291 11
4297 17
4299 8
4301 12
4307 18
4308 1
4317 20
4319 15
4321 21
4325 17
4327 18
4328 9
4329 12
4333 5
4337 7
4340 21
4344 21
4348 9
4349 12
4357 15
4359 2
4368 12
4376 11
4383 2
4392 11
4396 16
4398 12
4404 18
4405 11
4412 4
4418 11
4422 1
4429 1
4437 11
4444 6
4448 21
4452 1
4461 11
4465 21
4469 21
4473 11
4477 19
4478 21
4482 6
4486 11
4492 9
4493 3
4499 2
4510 4
4516 11
4522 19
4523 5
4529 5
4534 14
4540 11
4546 11
4551 13
4556 9
4558 20
4560 2
4567 7
4569 11
4574 4
4582 14
4588 13
4592 15
4594 14
4600 12
4604 20
4606 11
4613 21
4617 12
4625 11
4632 18
4633 19
4635 3
4640 18
4641 1
4650 8
4654 11
4659 12
4663 5
4669 16
4671 20
4672 2
4683 12
4687 8
4689 18
4690 7
4693 8
4695 1
4703 11
4708 20
4710 1
4718 13
4722 15
4724 12
4730 7
4732 9
4733 18
4734 11
4741 21
4745 11
4751 8
4753 6
4759 10
4762 9
4764 6
4770 18
4771 14
4778 4
4784 2
4795 20
4796 11
4800 20
4802 16
4804 20
4805 5
4810 12
4816 2
4825 1
4832 3
4836 6
4844 19
4845 10
4848 11
4854 16
4856 9
4858 11
4863 11
4867 11
4873 2
4882 8
4886 18
4887 19
4888 18
4889 3
4893 15
4895 3
4901 3
4905 16
4907 5
4911 5
4915 7
4917 4
4921 6
4927 18
4928 13
4933 7
4935 11
4940 10
4943 17
4945 1
4955 12
4959 10
4960 7
4962 3
4968 4
4974 19
4975 12
4981 5
4986 20
4987 9
4989 17
4991 1
5001 19
5003 16
5005 9
5007 4
5013 11
5020 16
5022 12
5028 3
5033 7
5036 9
5037 1
5047 17
5049 12
5055 13
5060 1
5068 16
5070 11
5076 2
5083 12
5089 12
5093 2
5100 5
5106 2
5117 12
5121 20
5123 18
5124 19
5126 19
5128 1
5137 13
5142 7
5145 11
5150 11
5157 3
5162 11
5167 18
5168 13
5172 15
5174 12
5182 10
5185 11
5192 8
5196 12
5200 14
5207 11
5213 20
5214 19
5216 3
5223 16
5225 15
5227 7
5230 8
5234 18
5235 1
5245 12
5251 12
5255 13
5261 1
5271 15
5273 12
5281 11
5287 11
5291 16
5293 13
5299 1
5308 21
5312 1
5321 12
5325 2
5336 3
5342 2
5351 14
5358 12
5362 12
5368 18
5369 19
5371 18
5372 12
5380 16
5382 15
5384 21
5388 7
5391 19
5392 18
5393 9
5394 3
5401 2
5410 9
5411 18
5412 1
5420 18
5421 17
5423 2
5430 12
5438 17
5440 7
5442 11
5447 12
5453 11
5460 9
5462 17
5464 5
5471 4
5479 20
5480 6
5486 11
5492 11
5499 11
5504 10
5505 1
5515 6
5519 6
5525 8
5527 4
5533 21
5537 21
5541 3
5545 3
5551 15
5553 16
5555 9
5556 15
5558 8
5562 18
5563 13
5568 9
5569 12
5575 12
5581 8
5585 1
5595 20
5596 6
5602 8
5606 12
5612 14
5617 5
5623 21
5627 18
5628 14
5633 12
5639 20
5640 12
5646 16
5648 11
5653 10
5654 12
5660 20
5661 21
5665 3
5669 12
5675 15
5677 5
5683 15
5685 3
5691 12
5697 20
5698 19
5700 14
5705 5
5710 5
5715 16
5717 16
5719 15
5721 1
5729 13
5734 13
5738 2
5749 12
5755 16
5757 21
5761 18
5762 8
5764 18
5765 18
5766 19
5768 3
5772 21
5776 14
5783 12
5789 12
5795 11
5800 18
5801 20
5803 17
5805 5
5812 11
5818 6
5826 15
5828 11
5833 5
5837 10
5838 18
5839 16
5841 6
5849 7
5852 15
5854 13
5858 14
5865 15
5867 17
5869 4
5875 9
5877 19
5879 11
5885 11
5889 12
5893 8
5895 16
5897 13
5901 11
5907 3
5914 15
5916 8
5920 12
5926 18
5927 1
5937 12
5941 21
5945 15
5947 12
5953 10
5954 15
5956 11
5962 15
5964 6
5968 11
5972 10
5973 11
5980 11
5985 9
5986 11
5993 2
6000 5
6006 9
6008 15
6010 7
6012 5
6019 12
6027 12
6033 12
6039 12
6043 1
6050 15
6052 2
6061 7
6064 19
6066 6
6072 9
6073 15
6075 7
6077 11
6081 7
6084 16
6086 17
6088 11
6095 2
6104 4
6112 20
6113 14
6120 11
6126 19
6127 18
6128 6
6136 11
6142 5
6149 18
6150 10
6151 14
6155 16
6157 9
6158 3
6164 15
6166 8
6170 9
6172 15
6174 1
6183 12
6189 21
6193 5
6198 12
6202 11
6209 5
6214 15
6216 5
6222 18
6223 15
6225 18
6226 5
6231 18
6232 20
6234 13
6239 7
6242 18
6243 12
6251 12
6259 3
6263 11
6269 21
6273 2
6280 12
6286 15
6288 11
6294 12
6300 16
6302 8
6304 11
6310 10
6311 10
6312 11
6316 17
6318 3
6323 18
6324 2
6333 20
6335 12
6339 7
6342 18
6343 18
6344 15
6346 7
6349 14
6353 8
6355 12
6361 20
6363 19
6364 3
6368 9
6369 14
6373 9
6375 11
6382 16
6384 8
6386 18
6387 19
6388 1
6396 14
6400 4
6406 17
6408 14
6412 17
6414 21
6418 4
6422 15
6424 3
6429 14
6435 5
6440 11
6445 11
6451 11
6457 19
6458 21
6462 6
6468 18
6469 15
6471 16
6473 7
6476 20
6478 1
6486 2
6493 15
6495 12
6503 9
6504 11
6508 17
6510 5
6516 17
6518 15
6520 13
6525 2
6534 12
6538 20
6540 18
6541 9
6542 20
6544 12
6552 13
6557 9
6559 11
6565 5
6571 16
6573 9
6574 11
6581 10
6582 18
6583 6
6589 14
6593 15
6595 8
6597 11
6604 20
6605 7
6607 19
6609 21
6613 11
6618 7
6620 2
6631 1
6640 11
6647 8
6649 17
6651 14
6656 13
6661 17
6663 4
6671 6
6675 9
6677 20
6679 11
6685 11
6692 3
6697 15
6699 11
6704 12
6712 4
6718 13
6722 2
6731 9
6733 17
6735 6
6741 8
6743 5
6747 13
6751 10
6752 13
6758 12
6764 17
6766 1
6773 12
6781 18
6782 5
6786 7
6789 11
6793 4
6799 7
6802 11
6806 6
6810 14
6815 5
6819 1
6827 17
6829 6
6833 21
6837 11
6842 12
6846 20
6848 9
6849 3
6855 9
6857 21
6861 15
6863 4
6869 15
6871 17
6873 18
6874 13
6880 6
6884 10
6885 11
6891 15
6893 17
6895 1
6905 6
6911 16
6913 4
6919 16
6921 2
6932 16
6934 11
6938 2
6947 1
6955 10
6958 13
6963 3
6967 6
6973 12
6979 11
6986 7
6988 8
6992 11
6997 12
7005 4
7013 2
7020 14
7026 12
7030 9
7031 12
7035 4
7043 14
7050 11
7055 11
7059 17
7061 9
7062 17
7064 19
7065 4
7073 15
7075 18
7076 8
7078 11
7084 10
7085 5
7091 3
7096 5
7100 10
7101 14
7105 10
7106 5
7111 12
7119 6
7123 7
7126 19
7128 4
7136 15
7138 9
7140 5
7144 19
7145 3
7149 21
7153 15
7155 1
7162 18
7163 8
7167 20
7168 11
7174 3
7178 20
7180 11
7187 5
7192 10
7195 21
7199 7
7202 11
7209 7
7212 10
7213 6
7217 18
7218 12
7224 1
7233 16
7235 19
7236 10
7239 18
7240 11
7244 18
7245 11
7249 13
7254 21
7258 11
7262 11
7266 3
7270 5
7277 5
7281 15
7283 13
7289 2
7298 15
7300 4
7306 18
7307 17
7309 11
7316 5
7322 21
7326 12
7330 1
7339 4
7343 7
7345 12
7351 3
7356 13
7360 16
7362 10
7365 9
7367 19
7368 16
7370 4
7376 5
7383 12
7391 16
7393 6
7399 1
7407 1
7414 18
7415 1
7424 21
7428 3
7434 8
7438 16
7440 21
7444 21
7448 18
7449 8
7453 1
7461 3
7466 12
7470 11
7474 12
7478 5
7484 10
7487 11
7494 12
7500 20
7502 10
7503 18
7504 2
7513 11
7519 18
7520 4
7528 12
7534 21
7538 6
7544 9
7545 15
7547 12
7553 10
7554 18
7555 18
7556 3
7563 16
7565 10
7568 3
7573 20
7575 9
7576 20
7577 7
7579 6
7585 11
7589 16
7591 3
7596 12
7600 15
7602 6
7608 11
7612 14
7619 5
7623 7
7625 1
7632 3
7637 9
7638 16
7640 7
7643 4
7649 14
7655 7
7657 11
7662 7
7664 17
7666 14
7670 15
7672 20
7673 12
7679 18
7680 4
7688 16
7690 19
7691 16
7693 11
7697 5
7704 15
7706 11
7710 12
7718 21
7722 12
7728 9
7730 21
7734 11
7738 2
7747 17
7749 2
7758 4
7764 14
7771 2
7778 12
7782 11
7788 13
7794 11
7800 2
7807 18
7808 10
7811 6
7817 2
7826 20
7827 14
7832 16
7834 11
7841 2
7848 18
7849 19
7851 18
7852 4
7858 8
7860 10
7863 19
7864 15
7866 5
7871 3
7878 11
7883 19
7884 16
7886 9
7888 18
7889 11
7896 12
7900 12
7906 2
7915 13
7919 10
7922 11
7926 3
7931 14
7936 11
7943 1
7951 11
7958 12
7966 1
7976 11
7982 21
7986 19
7988 17
7990 17
7992 15
7994 20
7995 8
7997 6
8001 11
8007 12
8011 11
8018 21
8022 17
8024 20
8025 16
8027 13
8032 18
8033 7
8035 14
8040 12
8044 21
8048 19
8049 10
8052 5
8056 17
8058 12
8064 18
8065 1
8072 1
8080 20
8082 8
8084 12
8088 18
8089 3
8093 12
8099 20
8100 4
8106 11
8112 11
8119 4
8125 18
8126 16
8128 9
8130 11
8134 11
8139 17
8141 18
8142 14
8148 3
8154 20
8155 8
8159 3
8166 18
8167 11
8171 12
8179 12
8185 1
8193 9
8195 6
8203 12
8209 4
8215 21
8219 12
8223 21
8227 13
8232 11
8237 8
8239 19
8241 13
8246 16
8248 12
8254 8
8258 6
8264 19
8265 2
8274 11
8280 8
8282 1
8292 5
8299 20
8301 17
8303 11
8310 21
8314 2
8323 3
8327 21
8331 20
8333 11
8340 17
8342 18
8343 11
8349 1
8358 9
8360 1
8369 19
8370 14
8374 1
8382 12
8388 7
8390 10
8393 4
8399 1
8408 7
8410 11
8416 16
8418 17
8420 11
8425 13
8430 11
8436 18
8437 10
8440 18
8441 21
8445 16
8447 11
8454 8
8458 17
8460 18
8461 20
8463 7
8466 16
8468 12
8476 20
8477 15
8479 11
8485 17
8487 10
8490 13
8496 19
8497 11
8504 3
8510 11
8515 16
8517 12
8521 18
8522 17
8524 12
8528 9
8530 12
8534 18
8535 21
8539 7
8542 13
8547 12
8553 3
8559 6
8563 18
8564 6
8570 20
8572 2
8581 9
8583 14
8589 16
8591 12
8595 5
8602 11
8608 16
8610 1
8620 8
8622 8
8626 5
8633 8
8637 3
8643 7
8646 4
8652 2
8659 11
8666 18
8667 9
8669 14
8673 21
8677 11
8681 8
8685 14
8692 18
8693 11
8699 18
8700 1
8707 21
8711 20
8712 16
8714 12
8718 12
8724 7
8726 7
8729 12
8735 11
8739 2
8746 14
8753 16
8755 18
8756 17
8758 4
8764 2
8771 12
8779 18
8780 15
8782 6
8790 11
8795 19
8796 9
8798 13
8804 8
8808 3
8812 20
8814 12
8820 11
8825 1
8835 11
8841 17
8843 2
8850 5
8855 18
8856 3
8860 11
8864 19
8866 16
8868 14
8873 12
8877 8
8879 1
8887 16
8889 2
8900 10
8901 3
8906 11
8911 9
8913 10
8916 7
8919 2
8928 5
8932 5
8938 20
8939 17
8941 20
8943 11
8948 16
8950 21
8954 9
8955 9
8956 13
8961 17
8963 12
8967 2
8974 5
8979 8
8983 17
8985 7
8987 16
8989 2
8996 18
8997 18
8998 5
9005 11
9012 16
9014 7
9016 14
9020 1
9028 6
9034 12
9040 20
9041 20
9043 4
9047 8
9049 13
9053 1
9063 14
9070 1
9077 12
9085 8
9089 6
9097 12
9103 11
9109 14
9113 16
9115 3
9121 18
9122 8
9126 19
9128 2
9135 16
9137 21
9141 16
9143 12
9151 15
9153 3
9157 11
9164 19
9166 16
9168 19
9169 11
9173 4
9177 1
9185 11
9191 21
9195 9
9197 18
9198 1
9207 16
9209 1
9217 12
9223 17
9225 18
9226 5
9232 8
9236 12
9240 9
9241 3
9248 12
9254 12
9260 4
9264 10
9267 10
9268 16
9270 11
9276 11
9283 10
9286 9
9288 15
9290 12
9298 12
9304 13
9308 17
9310 12
9316 11
9320 6
9324 21
9328 17
9330 8
9334 14
9340 5
9347 13
9353 6
9357 18
9358 17
9360 11
9364 7
9366 2
9375 1
9384 21
9388 11
9392 16
9394 1
9401 12
9407 15
9409 21
9413 19
9414 18
9415 17
9417 20
9418 11
9423 5
9430 4
9438 20
9440 10
9441 12
9449 11
9453 21
9457 11
9463 11
9468 17
9470 9
9471 11
9477 18
9478 17
9480 18
9481 3
9488 13
9493 10
9496 12
9502 18
9503 6
9509 3
9513 7
9516 7
9519 18
9520 12
9528 7
9530 17
9532 19
9533 18
9534 7
9536 11
9541 21
9545 3
9552 15
9554 4
9558 21
9562 10
9565 12
9573 13
9578 11
9583 9
9584 13
9589 11
9593 8
9595 11
9599 13
9603 15
9605 9
9606 17
9608 16
9610 15
9612 7
9614 20
9615 16
9617 5
9621 16
9623 3
9628 3
9632 3
9636 2
9647 19
9648 1
9656 5
9663 2
9674 14
9678 12
9682 15
9684 2
9695 3
9699 11
9705 12
9713 6
9721 19
9723 11
9727 10
9728 1
9735 12
9741 7
9743 18
9744 12
9748 7
9750 17
9752 21
9756 18
9757 15
9759 18
9760 2
9767 3
9773 19
9774 6
9782 20
9783 11
9788 15
9790 20
9792 11
9799 4
9807 17
9809 11
9816 5
9823 21
9827 5
9834 17
9836 10
9839 13
9844 11
9851 12
9855 20
9856 16
9858 12
9866 4
9874 10
9877 11
9883 12
9889 21
9893 16
9895 11
9902 2
9911 15
9913 11
9918 11
9925 5
9929 7
9931 16
9933 11
9938 1
9947 4
9955 17
9957 1
9967 11
9971 7
9974 11
9979 15
9981 7
9983 6
9989 12
9993 17
9995 16
9997 15
9999 16
10001 12
10007 12
10013 5
10019 13
10024 15
10026 16
10028 10
10029 3
10034 15
10036 2
10047 6
10053 3
10057 11
10063 21
10067 8
10071 1
10079 9
10081 20
10083 5
10087 18
10088 10
10091 11
10095 1
10105 6
10111 7
10114 14
10119 12
10125 12
10131 18
10132 14
10138 10
10141 13
10146 3
10153 11
10158 19
10160 9
10161 3
10166 2
10175 16
10177 15
10179 18
10180 16
10182 9
10183 7
10185 17
10187 1
10197 17
10199 20
10201 18
10202 2
10213 11
10220 13
10225 14
10230 11
10234 8
10236 19
10237 10
10238 16
10240 12
10246 16
10248 9
10250 3
10255 5
10260 5
10266 8
10270 20
10272 6
10276 12
10284 18
10285 16
10287 17
10289 4
10295 15
10297 17
10299 13
10305 11
10312 10
10313 13
10317 18
10318 4
10326 8
10330 16
10332 17
10334 12
10340 5
10347 18
10348 19
10349 1
10359 5
10364 18
10365 7
10367 20
10368 5
10373 12
10379 11
10383 8
10385 11
10390 11
10395 12
10403 9
10404 17
10406 21
10410 19
10412 14
10419 12
10425 10
10426 18
10427 6
10435 12
10441 8
10445 2
10456 14
10462 11
10469 12
10473 13
10479 13
10483 5
10489 11
10494 13
10499 12
10503 10
10504 4
10512 18
10513 15
10515 19
10517 5
10523 20
10525 11
10532 12
10540 16
10542 16
10544 4
10550 16
10552 21
10556 6
10564 20
10566 20
10568 21
10572 6
10580 11
10584 7
10586 13
10592 18
10593 19
10594 3
10598 3
10604 2
10613 11
10618 18
10619 3
10626 18
10627 18
10628 6
10636 4
10642 11
10646 12
10650 2
10657 2
10664 9
10665 16
10667 2
10676 12
10680 18
10681 3
10686 18
10687 7
10690 12
10696 6
10700 3
10706 5
10713 18
10714 18
10715 20
10716 18
10717 8
10719 8
10723 17
10725 9
10727 21
10731 8
10733 19
10735 14
10741 12
10749 11
10756 17
10758 4
10764 20
10765 11
10771 8
10773 18
10774 8
10776 12
10782 12
10790 9
10791 7
10794 18
10795 1
10802 18
10803 3
10809 12
10815 18
10816 11
10820 3
10824 8
10826 8
10830 18
10831 15
10833 1
10842 11
10847 7
10849 21
10853 17
10855 21
10859 11
10864 20
10866 9
10867 11
10874 11
10881 9
10882 16
10884 7
10886 15
10888 11
10893 9
10894 18
10895 8
10897 11
10902 3
10907 2
10916 15
10918 17
10920 7
10922 11
10928 13
10932 11
10938 3
10943 5
10949 19
10950 11
10955 8
10957 15
10959 11
10963 12
10967 13
10972 9
10973 12
10979 8
10981 14
10987 9
10988 3
10994 16
10996 18
10997 10
10998 10
11001 12
11005 18
11006 11
11011 7
11014 11
11021 9
11022 4
11026 6
11032 12
11038 1
11047 11
11051 19
11053 1
11061 18
11062 6
11066 1
11074 11
11078 12
11086 12
11094 1
11103 15
11105 6
11111 14
11118 11
11122 9
11124 7
11126 5
11133 1
11141 8
11143 2
11150 11
11155 5
11159 11
11163 11
11169 18
11170 11
11176 19
11178 8
11182 18
11183 11
11189 11
11196 17
11198 2
11207 6
11213 9
11214 14
11220 19
11221 7
11223 20
11225 17
11227 15
11229 10
11230 15
11232 11
11239 10
11242 17
11244 12
11250 2
11259 11
11265 12
11271 7
11274 1
11283 19
11284 12
11288 18
11289 18
11290 5
11295 18
11296 18
11297 13
11301 7
11303 16
11305 20
11306 18
11307 5
11311 5
11318 7
11320 1
11330 16
11332 10
11335 20
11337 2
11346 4
11350 12
11358 18
11359 21
11363 20
11364 18
11365 18
11366 16
11368 3
11375 2
11382 12
11386 11
11393 21
11397 6
11401 16
11403 6
11407 18
11408 20
11409 14
11415 16
11417 9
11418 7
11421 18
11422 11
11426 8
11428 4
11432 12
11438 11
11443 4
11449 11
11455 6
11463 9
11465 16
11467 10
11468 10
11471 18
11472 11
11476 9
11478 12
11484 6
11488 7
11491 13
11496 9
11498 12
11504 11
11510 18
11511 9
11512 20
11513 13
11518 18
11519 2
11528 21
11532 3
11536 3
11541 11
11545 10
11548 20
11549 15
11551 21
11555 12
11563 16
11565 18
11566 16
11568 6
11574 11
11581 8
11585 9
11586 3
11590 7
11593 12
11599 11
11604 10
11605 15
11607 4
11611 15
11613 2
11624 4
11630 2
11639 12
11645 16
11647 14
11651 16
11653 18
11654 18
11655 12
11663 21
11667 16
11669 9
11671 8
11675 11
11682 1
11691 17
11693 1
11703 15
11705 17
11707 8
11709 11
11714 20
11715 1
11723 5
11729 19
11731 18
11732 9
11734 18
11735 12
11741 15
11743 5
11750 12
11756 8
11760 18
11761 12
11769 19
11771 16
11773 3
11780 15
11782 16
11784 12
11790 12
11796 5
11800 13
11806 6
11810 9
11812 10
11815 18
11816 15
11818 19
11820 8
11824 9
11825 15
11827 19
11829 16
11831 16
11833 17
11835 9
11837 11
11842 7
11844 6
11852 19
11853 4
11857 20
11859 12
11863 17
11865 12
11871 18
11872 20
11874 7
11877 7
11880 3
11885 4
11893 14
11899 15
11901 3
11905 21
11909 13
11913 21
11917 18
11918 14
11924 7
11926 12
11934 9
11936 10
11939 7
11942 17
11944 16
11946 14
11951 17
11953 3
11959 13
11964 7
11967 12
11973 4
11979 1
11988 1
11997 4
12003 8
12005 10
12008 15
12010 1
12017 10
12018 6
12024 11
12029 13
12035 5
12041 17
12043 11
12050 11
12056 18
12057 12
12063 13
12068 2
12077 3
12084 4
12090 12
12096 14
12101 1
12108 15
12110 16
12112 17
12114 3
12121 11
12125 21
12129 20
12130 15
12132 14
12139 15
12141 5
12146 11
12151 11
12156 17
12158 2
12167 11
12173 2
12182 15
12184 19
12186 6
12194 5
12199 13
12204 15
12206 17
12208 9
12210 2
12219 7
12221 13
12226 15
12228 3
12234 11
12240 20
12242 19
12244 17
12246 12
12254 4
12260 14
12267 16
12269 16
12271 12
12277 8
12281 18
12282 10
12285 8
12289 2
12296 16
12298 12
12302 20
12304 16
12306 16
12308 7
12310 10
12311 11
12316 15
12318 6
12326 6
12330 8
12332 9
12333 13
12338 15
12340 11
12344 11
12351 1
12359 11
12366 18
12367 16
12369 12
12373 9
12375 17
12377 18
12378 16
12380 17
12382 15
12384 16
12386 7
12388 17
12390 16
12392 16
12394 18
12395 12
12401 6
12409 10
12410 4
12416 5
12423 17
12425 19
12426 12
12432 15
12434 18
12435 20
12436 19
12438 5
12444 3
12451 14
12457 19
12458 16
12460 2
12469 11
12474 20
12475 15
12477 4
12485 3
12489 5
12495 12
12499 16
12501 1
12510 13
12515 9
12517 11
12523 19
12525 9
12527 20
12529 11
12534 4
12540 6
12546 19
12548 11
12555 11
12562 7
12564 14
12569 16
12571 10
12574 12
12582 3
12588 12
12592 5
12598 21
12602 3
12607 11
12614 6
12618 7
12620 19
12621 6
12627 1
12635 1
12644 3
12649 16
12651 4
12657 11
12662 10
12665 12
12669 10
12670 21
12674 14
12678 12
12682 12
12686 9
12688 3
12694 12
12700 12
12706 15
12708 14
12712 16
12714 11
12718 20
12720 14
12725 21
12729 19
12730 18
12731 20
12733 10
12736 10
12739 11
12743 16
12745 10
12746 17
12748 3
12754 11
12759 18
12760 8
12762 11
12767 7
12770 6
12774 9
12776 12
12784 6
12790 5
12796 3
12800 14
12806 7
12808 14
12815 2
12826 11
12830 6
12838 19
12840 1
12847 16
12849 10
12852 10
12855 11
12862 11
12868 3
12874 6
12882 12
12886 7
12888 21
12892 12
12898 12
12902 17
12904 15
12906 9
12908 9
12909 2
12916 16
12918 3
12923 3
12929 4
12935 13
12940 11
12944 20
12946 5
12951 10
12952 15
12954 13
12959 6
12963 8
12965 20
12967 20
12969 6
12977 11
12983 21
12987 18
12988 10
12989 6
12995 8
12997 5
13001 4
13007 12
13011 13
13017 7
13019 11
13024 10
13027 7
13030 11
13035 4
13041 19
13042 7
13045 8
13049 7
13051 6
13055 19
13057 2
13066 8
13068 8
13070 7
13073 12
13079 6
13085 12
13091 9
13092 16
13094 1
13104 20
13105 19
13106 6
13114 13
13118 11
13125 11
13130 3
13135 21
13139 14
13143 1
13153 19
13155 11
13162 14
13167 8
13171 1
13178 18
13179 17
13181 21
13185 16
13187 12
13191 4
13199 11
13204 21
13208 9
13210 18
13211 18
13212 6
13218 4
13226 16
13228 18
13229 2
13236 19
13238 3
13243 12
13247 15
13249 2
13258 4
13264 12
13268 16
13270 12
13274 18
13275 16
13277 7
13279 12
13283 20
13285 11
13292 13
13297 5
13303 14
13308 18
13309 4
13317 6
13325 19
13327 14
13332 13
13337 17
13339 11
13343 14
13350 18
13351 11
13356 6
13364 4
13368 21
13372 19
13373 15
13375 4
13383 12
13387 17
13389 12
13393 16
13395 6
13399 20
13400 14
13405 18
13406 1
13415 2
13422 21
13426 5
13431 7
13434 3
13441 13
13447 11
13453 18
13454 21
13458 18
13459 11
13466 14
13473 13
13478 14
13485 2
13494 9
13496 16
13498 16
13500 9
13502 8
13506 10
13507 15
13509 9
13511 2
13518 18
13519 3
13526 11
13530 11
13537 15
13539 5
13543 6
13549 12
13555 2
13564 11
13569 18
13570 19
13572 15
13574 11
13580 21
13584 7
13586 12
13592 12
13600 5
13606 16
13608 12
13614 11
13619 18
13620 18
13621 2
13632 18
13633 11
13638 18
13639 19
13641 19
13642 12
13646 11
13651 5
13658 9
13660 4
13664 11
13670 21
13674 18
13675 9
13677 11
13681 19
13682 12
13690 10
13691 10
13692 11
13697 1
13706 11
13711 11
13717 21
13721 19
13722 3
13729 1
13737 2
13746 12
13752 11
13756 20
13758 14
13763 16
13765 9
13766 10
13767 20
13768 13
13773 7
13775 19
13776 4
13782 4
13788 11
13793 8
13795 11
13802 6
13810 9
13811 11
13818 12
13824 19
13826 17
13828 12
13832 21
13836 7
13839 17
13841 11
13845 11
13850 18
13851 7
13854 18
13855 9
13856 8
13860 10
13863 8
13865 12
13871 1
13879 12
13885 4
13891 9
13892 14
13898 11
13904 11
13911 2
13920 7
13922 20
13923 6
13929 9
13931 16
13933 17
13935 14
13941 16
13943 11
13947 16
13949 3
13953 21
13957 19
13958 17
13960 11
13965 12
13971 5
13976 8
13980 4
13984 21
13988 10
13991 7
13994 12
13998 9
14000 13
14005 13
14010 12
14016 11
14022 12
14028 3
14033 10
14036 4
14042 18
14043 7
14045 20
14047 9
14048 5
14054 8
14058 16
14060 18
14061 12
14067 6
14071 15
14073 5
14078 12
14084 17
14086 7
14088 10
14091 9
14093 9
14094 19
14096 18
14097 12
14103 19
14105 12
14111 7
14113 11
14120 14
14124 7
14126 6
14132 2
14141 13
14147 19
14148 19
14149 9
14150 16
14152 18
14153 15
14155 12
14163 11
14169 11
14174 19
14175 12
14181 9
14182 2
14191 12
14197 10
14200 11
14205 20
14207 10
14210 7
14213 15
14215 3
14221 15
14223 12
14231 4
14235 21
14239 7
14242 13
14248 11
14254 11
14258 9
14260 7
14263 11
14269 19
14271 6
14277 2
14286 8
14290 20
14292 15
14294 6
14298 14
14302 21
14306 11
14312 11
14317 11
14324 9
14326 21
14330 21
14334 19
14336 5
14340 20
14342 6
14348 4
14354 6
14360 18
14361 8
14365 19
14367 21
14371 11
14378 12
14386 4
14394 8
14398 15
14400 14
14404 2
14413 11
14420 4
14428 19
14429 4
14435 1
14444 19
14445 6
14453 9
14455 10
14458 18
14459 12
14465 6
14469 12
14477 6
14483 18
14484 11
14488 18
14489 9
14491 16
14493 17
14495 5
14501 12
14507 10
14508 18
14509 11
14516 16
14518 10
14521 13
14526 12
14534 13
14538 12
14544 10
14545 6
14549 18
14550 10
14551 12
14555 1
14564 11
14570 17
14572 1
14579 6
14585 15
14587 2
14596 18
14597 18
14598 1
14607 15
14609 4
14613 1
14620 13
14625 21
14629 15
14631 17
14633 15
14635 18
14636 14
14643 12
14649 11
14656 19
14657 6
14665 20
14667 21
14671 5
14678 11
14682 6
14688 7
14691 1
14698 18
14699 10
14700 21
14704 20
14706 15
14708 13
14713 3
14717 5
14723 3
14730 12
14738 6
14744 11
14749 20
14751 12
14759 16
14761 2
14772 19
14774 15
14776 10
14779 3
14784 2
14795 11
14802 11
14806 11
14813 18
14814 16
14816 15
14818 3
14824 11
14829 3
14834 10
14837 12
14843 4
14849 11
14853 11
14860 21
14864 5
14868 11
14874 15
14876 15
14878 18
14879 11
14886 18
14887 20
14889 21
14893 17
14895 13
14900 11
14904 11
14910 16
14912 14
14918 11
14924 12
14928 12
14932 12
14936 11
14941 8
14943 12
14951 18
14952 11
14959 14
14966 13
14971 18
14972 21
14976 19
14977 14
14983 9
14985 16
14987 12
14993 17
14995 21
14999 12
15005 12
15009 3
15015 6
15021 6
15027 18
15028 19
15030 11
15036 7
15038 18
15039 16
15041 3
15047 11
15053 17
15055 12
15063 11
15067 3
15074 8
15076 12
15084 11
15089 1
15098 5
15105 12
15109 11
15116 15
15118 14
15122 16
15124 18
15125 17
15127 20
15128 7
15130 7
15133 4
15139 20
15140 14
15147 10
15150 7
15152 8
15154 12
15158 8
15160 12
15166 12
15174 9
15176 12
15184 16
15186 19
15187 12
15193 20
15195 5
15199 12
15207 13
15213 4
15219 17
15221 13
15226 4
15232 4
15236 17
15238 3
15242 5
15247 12
15253 13
15259 18
15260 21
15264 2
15271 12
15279 1
15288 18
15289 5
15293 1
15300 18
15301 13
15307 15
15309 1
15318 11
15323 5
15328 4
15336 12
15342 9
15344 12
15348 1
15356 10
15357 9
15359 3
15366 20
15367 19
15368 21
15372 13
15376 14
15382 12
15388 4
15396 11
15400 3
15404 11
15411 18
15412 15
15414 5
15419 14
15425 3
15430 1
15437 18
15438 12
15444 17
15446 2
15453 3
15458 12
15464 11
15469 11
15476 12
15484 12
15490 18
15491 5
15497 12
15503 7
15505 14
15510 11
15514 3
15520 21
15524 18
15525 17
15527 19
15528 21
15532 6
15540 11
15547 4
15555 8
15559 13
15564 11
15570 12
15576 16
15578 5
15584 18
15585 8
15589 12
15597 18
15598 9
15599 14
15603 12
15609 5
15615 2
15626 15
15628 6
15634 20
15636 11
15640 13
15646 2
15653 12
15657 11
15664 2
15673 12
15679 19
15681 13
15686 5
15693 20
15695 11
15699 10
15702 6
15708 17
15710 15
15712 11
15718 4
15726 9
15728 1
15738 11
15745 15
15747 14
15753 17
15755 16
15757 11
15762 5
15766 18
15767 2
15776 6
15782 11
15788 19
15789 6
15793 5
15800 10
15801 3
15808 5
15812 15
15814 7
15816 18
15817 3
15821 11
15828 2
15839 18
15840 5
15845 11
15852 18
15853 10
15856 6
15862 10
15863 11
15868 12
15874 11
15880 14
15886 13
15891 4
15897 1
15907 1
15914 17
15916 12
15920 4
15924 11
15930 12
15938 8
15942 16
15944 1
15951 4
15955 9
15956 18
15957 6
15965 12
15971 5
15977 6
15983 13
15988 20
15990 1
16000 14
16005 18
16006 1
16014 13
16020 12
16028 6
16034 11
16038 3
16043 11
16048 7
16051 3
16058 4
16064 9
16065 7
16068 12
16072 1
16081 18
16082 17
16084 7
16086 18
16087 16
16089 14
16093 1
16103 11
16110 9
16112 6
16118 2
16127 11
16132 14
16136 14
16140 4
16146 18
16147 16
16149 16
16151 10
16154 11
16161 2
16170 8
16174 18
16175 12
16181 8
16185 14
16190 12
16196 10
16199 5
16203 12
16207 1
16215 13
16220 6
16226 5
16231 16
16233 6
16239 12
16245 11
16252 7
16254 1
16263 12
16267 11
16274 13
16280 10
16281 11
16287 14
16293 4
16299 8
16303 16
16305 12
16313 20
16315 11
16321 2
16330 11
16334 17
16336 5
16341 5
16346 21
16350 9
16351 2
16362 8
16364 7
16367 15
16369 12
16377 18
16378 2
16387 4
16391 12
16395 13
16401 21
16405 13
16410 9
16411 12
16417 7
16420 18
16421 2
16432 15
16434 3
16441 18
16442 11
16447 7
16450 4
16458 18
16459 3
16465 14
16470 7
16472 8
16474 1
16484 17
16486 18
16487 15
16489 21
16493 11
16499 13
16505 11
16510 10
16511 14
16518 9
16519 14
16524 9
16526 19
16528 21
16532 11
16536 6
16542 1
16550 21
16554 18
16555 9
16556 8
16560 4
16566 20
16567 11
16574 7
16577 4
16585 11
16590 11
16596 5
16602 6
16608 7
16610 19
16611 6
16617 16
16619 18
16620 14
16625 18
16626 17
16628 18
16629 4
16637 1
16646 4
16654 8
16658 18
16659 8
16661 7
16664 13
16669 18
16670 11
16674 14
16679 12
16685 2
16696 16
16698 21
16702 12
16706 18
16707 1
16714 17
16716 20
16718 17
16720 14
16725 10
16728 11
16735 11
16739 4
16745 4
16749 11
16753 15
16755 18
16756 14
16761 7
16764 5
16768 6
16774 3
16778 12
16784 12
16790 11
16795 5
16802 6
16810 15
16812 12
16820 17
16822 15
16824 7
16827 5
16834 21
16838 11
16843 9
16844 13
16848 2
16859 4
16865 13
16870 9
16871 15
16873 11
16880 9
16882 9
16883 17
16885 10
16888 6
16894 2
16903 11
16910 6
16916 15
16918 12
16926 1
16934 18
16935 21
16939 13
16945 14
16951 12
16957 21
16961 8
16963 17
16965 20
16967 11
16971 12
16977 4
16981 21
16985 10
16988 12
16994 5
16999 17
17001 7
17004 21
17008 4
17014 1
17022 12
17028 12
17036 14
17043 15
17045 20
17047 4
17055 12
17061 15
17063 2
17070 20
17072 15
17074 15
17076 11
17081 17
17083 18
17084 16
17086 21
17090 21
17094 12
17100 12
17106 14
17112 6
17118 21
17122 3
17126 2
17137 11
17141 10
17142 16
17144 8
17146 18
17147 12
17153 11
17158 10
17161 15
17163 11
17169 15
17171 6
17175 16
17177 18
17178 1
17187 12
17191 13
17197 16
17199 18
17200 21
17204 15
17206 19
17207 1
17215 18
17216 8
17220 11
17225 2
17234 11
17239 18
17240 18
17241 18
17242 14
17248 2
17259 13
17265 18
17266 19
17267 12
17275 17
17277 18
17278 14
17285 8
17287 16
17289 11
17295 4
17301 15
17303 14
17307 14
17311 3
17318 4
17324 11
17331 8
17335 3
17341 17
17343 17
17345 3
17352 9
17354 15
17356 21
17360 13
17364 18
17365 21
17369 18
17370 12
17378 15
17380 19
17382 11
17388 15
17390 13
17396 8
17400 21
17404 12
17410 18
17411 1
17421 14
17426 20
17427 20
17429 11
17434 20
17436 11
17440 12
17448 11
17454 3
17459 6
17463 3
17469 21
17473 3
17479 11
17486 8
17488 17
17490 17
17492 13
17496 11
17500 16
17502 13
17507 8
17511 18
17512 17
17514 4
17520 6
17524 8
17526 11
17533 11
17538 14
17543 16
17545 11
17551 1
17559 10
17562 19
17563 4
17567 21
17571 1
17581 10
17582 1
17591 9
17592 5
17598 1
17606 16
17608 18
17609 15
17611 14
17616 7
17618 11
17622 4
17630 6
17638 21
17642 5
17649 20
17651 11
17657 1
17667 10
17668 6
17674 11
17679 21
17683 14
17687 16
17689 12
17693 20
17694 20
17696 11
17701 11
17707 3
17713 12
17721 11
17727 5
17731 9
17732 20
17733 18
17734 15
17736 12
17742 14
17749 19
17750 20
17751 8
17753 11
17759 12
17765 4
17773 15
17775 17
17777 20
17778 20
17779 4
17783 14
17787 12
17791 21
17795 3
17800 19
17802 12
17810 10
17813 11
17820 9
17822 1
17832 1
17840 20
17841 15
17843 5
17850 12
17854 7
17856 14
17860 18
17861 8
17865 19
17867 4
17875 11
17880 19
17882 2
17893 10
17896 18
17897 18
17898 12
17906 13
17911 6
17919 3
17923 7
17925 11
17931 14
17937 6
17943 16
17945 10
17948 4
17954 20
17956 7
17958 1
17968 10
17971 11
17977 15
17979 10
17982 17
17984 12
17992 6
17996 20
17997 9
17998 7
18001 20
18002 5
18006 7
18008 20
18010 8
18014 13
18020 5
18024 14
18028 9
18029 21
18033 7
18036 9
18037 5
18043 18
18044 17
18046 5
18052 1
18062 19
18064 15
18066 11
18070 18
18071 4
18079 11
18084 11
18088 3
18094 3
18098 11
18105 10
18108 16
18110 13
18115 5
18122 6
18126 15
18128 12
18132 20
18134 9
18135 6
18143 18
18144 6
18150 11
18157 5
18164 12
18168 5
18172 14
18177 20
18178 16
18180 18
18181 9
18182 18
18183 16
18185 7
18187 3
18192 12
18198 12
18204 20
18206 6
18212 21
18216 14
18223 4
18227 2
18236 6
18242 13
18246 1
18256 2
18267 17
18269 15
18271 11
18276 12
18282 14
18289 7
18292 18
18293 11
18299 18
18300 19
18302 15
18304 7
18307 11
18312 15
18314 17
18316 13
18322 6
18326 21
18330 3
18335 18
18336 12
18340 12
18344 20
18345 6
18351 3
18357 16
18359 15
18361 9
18362 15
18364 5
18370 11
18374 3
18381 1
18388 11
18394 10
18397 19
18399 15
18401 14
18405 20
18406 12
18412 16
18414 6
18418 6
18426 15
18428 12
18432 18
18433 16
18435 15
18437 15
18439 12
18443 18
18444 17
18446 16
18448 14
18454 19
18456 17
18458 18
18459 4
18465 20
18467 7
18469 18
18470 5
18474 18
18475 5
18480 11
18486 11
18492 16
18494 9
18495 21
18499 5
18504 4
18510 4
18516 19
18518 17
18520 8
18524 5
18529 18
18530 9
18532 4
18540 12
18546 15
18548 13
18553 6
18557 10
18558 11
18565 10
18566 19
18567 2
18578 11
18583 19
18585 18
18586 6
18594 9
18595 13
18600 11
18606 8
18608 11
18614 11
18620 17
18622 18
18623 7
18626 2
18637 14
18643 20
18645 3
18650 18
18651 11
18655 16
18657 6
18663 11
18670 2
18679 18
18680 11
18685 12
18693 8
18695 4
18701 7
18704 12
18708 6
18714 12
18720 9
18722 18
18723 8
18725 8
18727 19
18728 5
18733 12
18739 11
18745 2
18756 16
18758 14
18765 11
18770 4
18776 5
18781 14
18788 2
18797 19
18798 9
18800 8
18804 2
18815 4
18821 18
18822 12
18830 15
18832 12
18838 1
18846 20
18848 14
18852 11
18859 18
18860 14
18867 6
18875 2
18882 2
18893 13
18897 3
18903 1
18912 16
18914 11
18920 15
18922 12
18928 6
18934 11
18939 9
18940 10
18943 13
18948 3
18952 11
18957 15
18959 18
18960 4
18968 11
18975 20
18977 10
18980 12
18984 11
18988 17
18990 15
18992 12
19000 16
19002 11
19006 14
19010 5
19015 18
19016 6
19022 14
19029 15
19031 12
19035 11
19041 6
19049 21
19053 3
19057 20
19059 11
19063 5
19067 9
19069 20
19070 12
19074 10
19075 6
19081 12
19089 5
19094 11
19100 6
19106 11
19111 11
19117 1
19127 8
19129 9
19131 20
19133 17
19135 3
19142 9
19144 16
19146 11
19153 16
19155 18
19156 11
19162 18
19163 4
19169 11
19176 16
19178 11
19184 19
19186 12
19194 9
19195 13
19200 12
19206 15
19208 11
19213 18
19214 10
19217 18
19218 19
19220 1
19227 1
19237 11
19242 13
19246 11
19253 7
19255 14
19260 18
19261 12
19269 9
19270 3
19276 8
19280 5
19285 13
19290 4
19296 20
19297 10
19300 11
19304 19
19305 10
19306 1
19313 12
19319 5
19326 8
19328 15
19330 14
19335 18
19336 19
19338 2
19347 7
19350 18
19351 11
19357 5
19364 18
19365 19
19367 2
19376 6
19382 3
19387 19
19389 15
19391 8
19393 17
19395 2
19402 9
19404 2
19413 15
19415 11
19421 16
19423 16
19425 17
19427 11
19434 21
19438 18
19439 15
19441 18
19442 19
19443 15
19445 3
19449 12
19453 12
19459 12
19465 15
19467 18
19468 12
19474 10
19477 4
19481 11
19487 17
19489 12
19497 2
19504 16
19506 1
19514 12
19518 14
19522 18
19523 12
19527 19
19529 13
19534 3
19541 20
19543 3
19548 18
19549 9
19551 9
19553 18
19554 16
19556 18
19557 7
19560 16
19562 13
19567 18
19568 4
19576 2
19585 10
19588 3
19595 14
19602 6
19608 6
19614 10
19617 13
19622 10
19625 12
19633 3
19639 2
19650 19
19651 18
19652 14
19656 9
19657 21
19661 12
19667 5
19674 11
19678 5
19682 15
19684 13
19688 1
19697 1
19707 11
19713 13
19717 14
19724 12
19730 20
19732 4
19740 2
19751 7
19754 18
19755 11
19761 13
19766 1
19775 5
19780 1
19787 11
19791 9
19792 10
19793 10
19796 12
19800 14
19805 12
19811 1
19821 9
19822 18
19823 2
19832 4
19840 1
19850 15
19852 5
19857 11
19862 7
19865 11
19870 5
19876 8
19880 4
19888 13
19893 2
19900 19
19902 17
19904 11
19909 16
19911 18
19912 13
19916 18
19917 8
19919 15
19921 15
19923 7
19925 13
19931 5
19935 7
19938 9
19940 8
19942 17
19944 11
19948 18
19949 11
19955 18
19956 12
19964 14
19971 18
19972 7
19975 11
19982 8
19984 12
19990 3
19995 7
19998 10
19999 12
20003 12
20009 13
20015 14
20020 2
20027 6
20031 3
20038 19
20040 6
20046 13
20051 17
20053 11
20059 13
20065 6
20071 12
20077 5
20082 12
20088 13
20092 7
20094 19
20096 12
20104 6
20110 16
20112 15
20114 15
20116 16
20118 14
20122 6
20128 4
20136 9
20137 12
20141 15
20143 7
20146 13
20150 11
20156 18
20157 20
20159 11
20166 5
20171 9
20173 20
20174 7
20176 3
20181 14
20186 6
20192 5
20198 6
20206 6
20212 11
20216 10
20219 4
20225 11
20229 15
20231 21
20235 5
20240 14
20246 18
20247 17
20249 19
20251 7
20253 21
20257 17
20259 4
20267 12
20271 15
20273 13
20278 9
20280 1
20289 12
20295 11
20300 4
20308 11
20313 19
20315 18
20316 16
20318 21
20322 10
20323 20
20324 16
20326 18
20327 6
20333 11
20340 1
20347 3
20353 11
20358 15
20360 6
20366 12
20372 2
20383 15
20385 11
20392 13
20397 9
20399 12
20405 2
20412 18
20413 15
20415 21
20419 11
20423 13
20428 19
20430 5
20435 8
20439 12
20445 6
20449 12
20457 10
20458 8
20460 12
20466 12
20472 11
20476 11
20481 19
20483 3
20489 20
20491 21
20495 17
20497 5
20502 16
20504 15
20506 11
20512 17
20514 17
20516 4
20522 19
20524 7
20526 14
20532 4
20538 20
20539 12
20545 18
20546 11
20552 21
20556 18
20557 4
20565 19
20566 15
20568 11
20574 21
20578 9
20579 16
20581 19
20582 18
20583 11
20587 2
20594 8
20598 16
20600 4
20606 21
20610 14
20614 13
20619 18
20620 11
20627 13
20632 11
20637 18
20638 1
20645 7
20648 17
20650 18
20651 16
20653 3
20657 13
20662 6
20670 13
20674 18
20675 12
20681 18
20682 21
20686 12
20692 6
20698 5
20705 16
20707 15
20709 12
20717 9
20719 17
20721 3
20728 17
20730 7
20733 12
20741 12
20745 12
20753 1
20762 15
20764 7
20766 11
20772 12
20778 11
20782 7
20784 6
20788 14
20795 19
20796 9
20797 17
20799 10
20800 18
20801 10
20802 18
20803 13
20807 2
20814 17
20816 13
20821 14
20828 12
20834 6
20842 12
20848 18
20849 19
20851 12
20855 8
20857 10
20858 4
20862 12
20868 18
20869 13
20873 6
20879 20
20881 14
20886 12
20894 16
20896 12
20904 15
20906 1
20913 15
20915 1
20924 19
20925 1
20932 9
20934 11
20940 6
20946 18
20947 17
20949 10
20950 12
20958 14
20964 20
20966 15
20968 13
20973 4
20979 5
20985 6
20991 10
20994 17
20996 3
21002 20
21004 6
21008 2
21019 11
21024 11
21030 1
21039 8
21041 7
21043 18
21044 5
21048 11
21052 9
21053 16
21055 1
21064 13
21068 12
21074 6
21082 12
21088 19
21090 11
21094 11
21101 18
21102 1
21111 17
21113 13
21117 4
21125 6
21131 18
21132 5
21137 19
21139 16
21141 15
21143 6
21149 11
21156 10
21157 10
21158 9
21159 11
21163 20
21164 5
21170 10
21173 11
21179 19
21180 19
21182 13
21187 18
21188 15
21190 15
21192 18
21193 17
21195 13
21200 10
21203 9
21205 17
21207 11
21214 17
21216 11
21222 12
21228 3
21234 1
21241 3
21245 12
21251 16
21253 17
21255 2
21264 15
21266 21
21270 11
21275 3
21280 21
21284 11
21288 6
21296 4
21302 7
21304 19
21306 15
21308 18
21309 11
21316 11
21322 18
21323 15
21325 8
21327 11
21333 21
21337 15
21339 21
21343 2
21352 19
21354 20
21355 1
21363 19
21365 21
21369 1
21376 11
21381 15
21383 12
21389 9
21390 12
21396 12
21400 16
21402 11
21407 15
21409 3
21415 20
21417 15
21419 12
21423 2
21432 8
21436 18
21437 5
21442 15
21444 12
21450 7
21452 14
21458 14
21463 16
21465 21
21469 1
21479 2
21488 5
21493 7
21495 7
21498 11
21505 9
21507 6
21511 13
21516 12
21522 11
21527 12
21531 7
21533 7
21536 5
21541 12
21545 1
21553 10
21554 5
21559 4
21563 2
21572 11
21579 18
21580 19
21581 12
21587 15
21589 3
21596 15
21598 2
21609 12
21613 19
21614 4
21620 20
21622 15
21624 15
21626 12
21630 7
21633 19
21634 13
21638 7
21641 11
21645 18
21646 3
21650 18
21651 10
21652 15
21654 20
21656 5
21660 11
21664 9
21666 9
21668 2
21677 18
21678 16
21680 16
21682 9
21683 15
21685 4
21691 13
21695 14
21699 19
21700 2
21707 2
21716 12
21724 21
21728 13
21732 9
21734 3
21738 17
21740 11
21747 13
21752 11
21759 9
21760 20
21761 12
21767 11
21772 12
21778 12
21782 12
21788 3
21794 1
21801 9
21802 15
21804 8
21808 15
21810 6
21816 12
21822 12
21828 20
21830 18
21831 13
21837 7
21839 11
21845 6
21851 13
21856 17
21858 20
21859 1
21866 5
21870 20
21872 18
21873 17
21875 2
21882 12
21888 17
21890 11
21894 19
21896 9
21897 17
21899 9
21901 1
21908 12
21914 20
21916 15
21918 11
21925 16
21927 16
21929 3
21934 21
21938 11
21942 6
21948 17
21950 12
21956 8
21960 18
21961 15
21963 18
21964 16
21966 1
21974 20
21975 3
21979 4
21983 7
21986 20
21987 18
21988 3
21994 18
21995 20
21996 11
22000 10
22001 4
22009 4
22015 12
22023 13
22028 3
22035 15
22037 9
22039 3
22045 20
22047 14
22052 7
22054 11
22058 13
22062 17
22064 9
22065 17
22067 19
22068 12
22074 7
22076 7
22078 19
22080 3
22086 19
22087 6
22093 10
22094 16
22096 15
22098 11
22103 7
22105 17
22107 9
22108 15
22110 21
22114 6
22120 13
22124 18
22125 2
22134 12
22140 18
22141 21
22145 11
22150 9
22151 17
22153 20
22154 7
22157 18
22158 14
22165 11
22172 5
22177 14
22181 13
22185 18
22186 2
22195 5
22202 11
22208 20
22209 10
22210 12
22214 11
22221 3
22228 8
22232 11
22236 18
22237 11
22242 6
22246 11
22251 14
22256 11
22263 20
22264 21
22268 18
22269 15
22271 4
22279 7
22282 16
22284 6
22290 11
22296 2
22305 21
22309 12
22313 20
22314 1
22324 13
22329 11
22333 17
22335 6
22339 9
22340 8
22342 11
22346 18
22347 14
22352 18
22353 12
22357 20
22358 17
22360 16
22362 10
22365 19
22367 14
22374 20
22375 20
22377 6
22383 8
22385 16
22387 3
22394 11
22398 3
22405 19
22406 18
22407 20
22409 6
22413 10
22416 15
22418 16
22420 2
22431 2
22442 3
22446 18
22447 15
22449 12
22457 4
22463 12
22471 15
22473 12
22481 4
22487 18
22488 11
22493 3
22500 2
22509 14
22513 9
22514 11
22518 1
22526 16
22528 17
22530 4
22534 3
22539 12
22547 10
22550 21
22554 15
22556 14
22561 9
22562 6
22568 5
22573 11
22580 20
22581 11
22585 11
22591 13
22596 5
22602 10
22603 17
22605 13
22609 14
22613 6
22619 8
22623 11
22630 12
22638 8
22642 12
22646 13
22652 12
22656 12
22662 21
22666 13
22671 18
22672 1
22679 18
22680 21
22684 2
22693 2
22704 8
22708 20
22709 17
22711 5
22715 8
22719 14
22726 13
22732 17
22734 1
22743 13
22748 10
22751 16
22753 20
22754 11
22761 4
22769 21
22773 8
22775 15
22777 12
22783 16
22785 20
22787 9
22789 11
22794 12
22800 9
22802 6
22810 12
22814 11
22820 6
22826 4
22832 18
22833 17
22835 3
22842 6
22846 11
22852 10
22855 5
22860 6
22866 19
22867 16
22869 17
22871 11
22875 6
22879 21
22883 12
22889 11
22894 11
22900 12
22908 18
22909 12
22917 2
22926 17
22928 11
22932 4
22940 4
22946 19
22947 5
22953 18
22954 2
22965 19
22967 3
22974 17
22976 11
22982 4
22986 8
22988 6
22996 1
23005 17
23007 12
23013 18
23014 8
23018 17
23020 2
23029 6
23033 1
23041 20
23043 12
23047 3
23054 12
23058 14
23063 18
23064 11
23068 15
23070 11
23076 12
23082 11
23089 15
23091 12
23095 15
23097 4
23103 7
23106 21
23110 19
23112 11
23116 18
23117 12
23123 10
23126 18
23127 10
23130 17
23132 19
23133 17
23135 16
23137 6
23145 14
23149 2
23156 6
23162 14
23167 20
23169 11
23175 19
23177 19
23178 19
23179 2
23190 16
23192 12
23198 18
23199 13
23203 12
23211 15
23213 14
23220 12
23228 5
23232 20
23234 16
23236 10
23239 8
23241 12
23247 12
23251 16
23253 21
23257 6
23263 15
23265 18
23266 18
23267 11
23274 12
23280 18
23281 11
23285 5
23289 11
23295 15
23297 12
23301 4
23307 20
23309 19
23310 6
23316 11
23320 10
23321 8
23325 16
23327 15
23329 17
23331 13
23335 9
23336 14
23341 2
23350 10
23351 19
23352 15
23354 21
23358 18
23359 12
23365 11
23370 7
23373 15
23375 3
23379 17
23381 4
23385 20
23387 12
23393 11
23398 14
23403 6
23409 4
23415 19
23417 16
23419 13
23423 11
23427 21
23431 6
23437 17
23439 19
23441 11
23447 19
23449 19
23450 15
23452 15
23454 11
23458 8
23462 10
23465 21
23469 6
23477 11
23484 11
23488 13
23493 21
23497 9
23498 10
23499 16
23501 17
23503 16
23505 11
23509 5
23516 4
23520 9
23521 9
23522 13
23528 19
23529 18
23530 16
23532 17
23534 11
23539 15
23541 9
23542 3
23549 8
23551 20
23553 4
23559 3
23563 15
23565 5
23569 19
23570 2
23581 20
23582 18
23583 7
23586 12
23592 6
23598 10
23601 20
23602 12
23608 1
23615 1
23622 12
23630 11
23635 15
23637 16
23639 6
23647 13
23652 2
23659 11
23664 19
23665 12
23673 7
23675 3
23679 12
23685 1
23694 13
23700 16
23702 13
23707 11
23711 21
23715 1
23723 12
23729 9
23731 12
23737 6
23741 16
23743 15
23745 11
23749 1
23756 3
23760 12
23764 9
23766 21
23770 14
23776 5
23782 7
23784 3
23788 13
23793 7
23795 3
23801 12
23807 1
23814 9
23816 11
23823 11
23830 13
23834 16
23836 19
23838 6
23846 6
23852 11
23856 11
23862 12
23868 21
23872 11
23876 19
23877 16
23879 6
23887 12
23893 17
23895 5
23901 14
23908 4
23914 11
23920 18
23921 11
23927 6
23933 18
23934 17
23936 4
23942 2
23953 19
23955 18
23956 10
23957 10
23960 21
23964 8
23968 18
23969 1
23976 16
23978 13
23983 16
23985 5
23992 14
23999 21
24003 5
24008 15
24010 6
24016 17
24018 19
24019 6
24025 8
24029 11
24034 17
24036 18
24037 15
24039 20
24041 7
24044 16
24046 17
24048 20
24049 8
24053 20
24055 9
24057 17
24059 21
24063 11
24067 17
24069 21
24073 8
24077 7
24079 21
24083 3
24087 18
24088 2
24097 11
24101 14
24108 16
24110 12
24116 10
24119 6
24125 7
24128 11
24132 8
24134 14
24139 11
24143 11
24147 4
24153 11
24158 8
24162 10
24165 4
24169 16
24171 2
24180 3
24186 6
24192 7
24194 5
24198 12
24206 1
24216 9
24218 16
24220 9
24221 6
24227 5
24233 17
24235 14
24240 5
24247 16
24249 11
24256 18
24257 14
24263 5
24270 9
24272 12
24280 3
24285 12
24291 7
24294 12
24300 13
24304 12
24312 15
24314 20
24316 18
24317 9
24319 4
24327 17
24329 2
24338 21
24342 7
24344 19
24346 21
24350 14
24356 11
24360 12
24366 11
24373 12
24381 8
24385 8
24387 11
24393 4
24401 12
24405 6
24409 19
24411 20
24413 12
24419 12
24427 16
24429 10
24430 20
24431 7
24434 1
24442 13
24446 17
24448 9
24449 3
24453 13
24458 11
24465 5
24472 4
24476 18
24477 11
24484 1
24492 15
24494 11
24498 6
24504 4
24508 20
24509 14
24514 7
24516 6
24522 16
24524 1
24534 17
24536 19
24538 2
24547 2
24556 21
24560 19
24562 21
24566 12
24572 11
24579 17
24581 8
24583 20
24584 13
24589 13
24595 5
24602 15
24604 18
24605 5
24609 18
24610 7
24612 11
24617 17
24619 11
24625 12
24633 2
24640 11
24644 13
24649 20
24651 12
24657 3
24661 6
24667 8
24671 1
24678 6
24682 20
24684 12
24688 14
24694 15
24696 17
24698 12
24702 9
24703 3
24707 18
24708 21
24712 18
24713 15
24715 18
24716 5
24720 12
24728 1
24736 5
24741 6
24747 2
24756 20
24757 6
24763 18
24764 4
24770 16
24772 11
24778 16
24780 21
24784 18
24785 15
24787 4
24793 10
24794 6
24800 14
24806 18
24807 11
24812 12
24818 6
24824 1
24834 1
24841 16
24843 2
24854 12
24860 14
24865 6
24871 13
24877 12
24885 6
24891 4
24895 21
24899 11
24904 3
24911 12
24915 10
24916 1
24924 1
24933 11
24938 16
24940 19
24942 16
24944 16
24946 7
24948 7
24951 21
24955 12
24961 9
24962 11
24969 3
24975 5
24981 11
24985 17
24987 7
24990 11
24997 16
24999 13
25004 10
25005 19
25007 11
25012 4
25018 18
25019 11
25023 19
25024 11
25029 18
25030 18
25031 20
25033 12
25039 10
25042 4
25048 9
25049 14
25056 10
25057 7
25059 16
25061 19
25062 18
25063 8
25067 18
25068 18
25069 12
25077 11
25083 6
25087 14
25093 9
25095 9
25097 5
25104 12
25112 2
25121 18
25122 11
25128 13
25133 1
25140 10
25143 15
25145 11
25149 12
25157 19
25158 12
25166 11
25173 12
25177 16
25179 21
25183 12
25187 5
25194 4
25200 11
25204 13
25210 4
25216 15
25218 20
25220 13
25224 8
25226 12
25232 10
25233 16
25235 5
25240 5
25246 13
25251 19
25252 13
25256 14
25261 4
25269 12
25275 5
25281 5
25285 12
25291 16
25293 19
25295 20
25296 1
25304 21
25308 12
25314 11
25320 18
25321 13
25326 12
25332 5
25338 4
25342 12
25350 9
25351 8
25355 17
25357 12
25361 19
25362 2
25371 2
25382 19
25383 15
25385 11
25391 16
25393 1
25402 18
25403 14
25407 14
25413 12
25419 12
25423 18
25424 1
25434 8
25438 3
25444 20
25445 10
25448 8
25452 14
25459 12
25465 11
25469 1
25478 8
25482 11
25486 12
25492 9
25493 4
25499 17
25501 18
25502 3
25507 10
25508 20
25509 8
25513 12
25519 6
25523 16
25525 8
25527 11
25533 16
25535 13
25540 21
25544 4
25550 18
25551 12
25557 4
25563 12
25569 9
25570 1
25580 2
25587 16
25589 10
25590 10
25593 12
25599 14
25605 18
25606 21
25610 1
25620 9
25622 11
25626 14
25632 18
25633 12
25641 12
25647 20
25649 12
25657 8
25661 12
25667 16
25669 13
25674 11
25678 12
25682 9
25683 21
25687 20
25688 6
25692 12
25698 17
25700 15
25702 14
25707 11
25712 2
25723 1
25731 5
25736 10
25737 20
25738 12
25746 18
25747 12
25751 14
25756 1
25763 16
25765 18
25766 10
25769 12
25775 7
25778 12
25784 12
25792 12
25800 12
25806 7
25809 17
25811 12
25819 17
25821 5
25827 11
25833 17
25835 3
25842 18
25843 12
25847 12
25853 4
25857 11
25862 18
25863 3
25869 17
25871 3
25877 12
25881 11
25885 1
25892 21
25896 16
25898 6
25904 13
25909 11
25916 11
25922 16
25924 18
25925 5
25930 8
25934 12
25940 2
25951 9
25953 7
25956 14
25960 5
25964 14
25971 11
25977 18
25978 14
25982 7
25985 12
25991 18
25992 4
25996 6
26004 6
26010 6
26016 8
26018 5
26022 8
26026 10
26027 11
26034 11
26038 12
26044 5
26051 12
26055 11
26060 7
26063 18
26064 20
26065 4
26073 12
26079 3
26086 9
26088 2
26095 15
26097 4
26103 13
26108 16
26110 21
26114 16
26116 9
26117 11
26124 18
26125 17
26127 17
26129 11
26134 10
26135 17
26137 6
26143 9
26144 11
26150 8
26152 13
26157 3
26161 19
26163 10
26166 1
26174 12
26180 11
26184 18
26185 14
26189 11
26194 3
26201 18
26202 9
26203 8
26205 12
26213 2
26220 13
26225 19
26227 14
26234 6
26242 11
26248 16
26250 3
26255 21
26259 4
26263 8
26265 10
26266 11
26271 15
26273 1
26283 2
26292 15
26294 2
26301 13
26306 13
26311 5
26317 4
26321 16
26323 12
26329 4
26335 16
26337 12
26343 4
26349 11
26353 16
26355 19
26357 2
26366 12
26374 13
26379 9
26380 6
26386 20
26388 2
26397 4
26403 3
26410 16
26412 11
26419 15
26421 18
26422 20
26423 1
26430 9
26432 18
26433 11
26438 12
26446 12
26454 10
26455 18
26456 20
26458 18
26459 10
26462 7
26465 11
26470 16
26472 9
26473 16
26475 1
26485 19
26487 15
26489 15
26491 7
26493 16
26495 18
26496 21
26500 11
26504 17
26506 16
26508 11
26513 11
26517 13
26523 18
26524 21
26528 12
26534 12
26540 21
26544 6
26548 5
26552 9
26553 10
26556 6
26560 7
26563 4
26567 18
26568 5
26575 10
26578 11
26582 1
26590 12
26596 15
26598 17
26600 20
26602 12
26606 9
26608 15
26610 12
26616 14
26620 7
26622 17
26624 3
26629 1
26638 13
26642 6
26646 5
26653 6
26657 18
26658 21
26662 12
26670 3
26676 14
26681 7
26684 11
26688 8
26692 16
26694 8
26698 11
26704 10
26705 20
26706 18
26707 9
26709 18
26710 4
26716 12
26722 7
26725 16
26727 5
26733 11
26737 11
26744 18
26745 11
26749 11
26756 19
26758 4
26764 14
26771 12
26777 7
26780 14
26784 18
26785 6
26791 2
26800 18
26801 16
26803 14
26807 3
26811 12
26817 5
26821 14
26828 12
26836 14
26841 1
26851 8
26855 7
26857 18
26858 3
26862 15
26864 16
26866 20
26867 21
26871 4
26879 14
26886 4
26892 3
26898 12
26904 3
26910 18
26911 16
26913 12
26919 15
26921 12
26927 17
26929 6
26935 20
26937 19
26939 10
26940 18
26941 16
26943 11
26949 18
26950 12
26956 19
26957 12
26963 20
26964 2
26975 13
26981 11
26987 9
26988 6
26994 4
27002 17
27004 16
27006 20
27007 8
27011 18
27012 18
27013 21
27017 11
27023 19
27025 7
27028 11
27035 10
27038 9
27040 6
27046 18
27047 10
27050 3
27057 13
27062 18
27063 21
27067 6
27075 11
27082 16
27084 9
27086 8
27088 5
27093 11
27100 11
27107 14
27112 11
27116 11
27120 19
27121 14
27128 10
27129 20
27131 2
27138 1
27147 11
27152 14
27158 10
27159 17
27161 11
27168 11
27173 12
27179 11
27185 11
27191 7
27194 1
27201 12
27207 20
27209 8
27211 1
27220 12
27226 15
27228 9
27229 5
27235 10
27238 2
27249 8
27253 2
27262 11
27268 21
27272 13
27276 11
27281 9
27282 13
27286 17
27288 17
27290 12
27296 9
27297 9
27299 18
27300 12
27306 11
27312 6
27320 14
27327 21
27331 9
27332 20
27333 9
27335 1
27345 12
27349 14
27354 20
27356 21
27360 17
27362 3
27367 4
27375 18
27376 21
27380 7
27382 12
27388 11
27392 18
27393 9
27394 7
27397 10
27398 9
27400 11
27404 11
27409 11
27416 11
27422 13
27426 3
27430 12
27436 12
27442 12
27448 19
27449 14
27453 11
27459 13
27464 3
27471 8
27475 12
27481 16
27483 12
27487 4
27495 12
27499 11
27504 12
27510 14
27515 8
27517 2
27528 1
27536 12
27542 1
27549 20
27550 21
27554 18
27555 11
27562 10
27563 6
27571 9
27573 15
27575 2
27584 18
27585 5
27590 5
27597 17
27599 10
27602 19
27604 13
27609 7
27612 7
27614 12
27622 12
27628 12
27634 2
27643 9
27645 2
27656 21
27660 12
27664 11
27668 13
27672 5
27676 12
27680 13
27684 6
27690 6
27696 12
27702 14
27709 11
27716 14
27720 12
27728 12
27734 9
27735 7
27737 18
27738 18
27739 19
27741 16
27743 12
27751 6
27757 6
27765 3
27772 2
27781 10
27782 12
27790 14
27794 3
27800 11
27807 12
27815 8
27819 14
27823 7
27826 9
27827 1
27836 11
27843 5
27849 17
27851 21
27855 21
27859 20
27861 11
27865 12
27873 14
27879 21
27883 18
27884 14
27891 19
27892 10
27895 16
27897 11
27904 12
27908 16
27910 15
27912 12
27918 12
27924 3
27928 11
27935 14
27939 12
27945 18
27946 17
27948 12
27954 10
27955 8
27959 9
27961 11
27966 12
27972 16
27974 3
27981 11
27986 10
27989 5
27993 12
28001 17
28003 12
28009 3
28013 17
28015 9
28016 11
28021 9
28022 19
28024 15
28026 11
28030 19
28031 12
28037 3
28044 13
28050 11
28055 4
28061 19
28063 2
28072 17
28074 6
28082 11
28086 12
28092 2
28101 8
28105 13
28110 15
28112 15
28114 16
28116 2
28127 4
28133 10
28136 2
28145 8
28147 18
28148 13
28152 21
28156 18
28157 5
28164 20
28165 14
28169 3
28173 12
28179 2
28186 7
28189 16
28191 12
28197 18
28198 11
28203 19
28205 2
28216 18
28217 6
28221 15
28223 20
28225 13
28231 9
28232 4
28240 12
28244 11
28249 12
28253 20
28254 9
28256 9
28258 3
28262 11
28269 6
28275 15
28277 8
28279 12
28285 18
28286 9
28287 15
28289 20
28290 15
28292 10
28293 18
28294 20
28296 10
28299 12
28307 18
28308 9
28309 10
28312 1
28319 12
28327 15
28329 10
28330 3
28336 11
28343 3
28350 12
28356 8
28358 7
28361 8
28363 17
28365 16
28367 13
28372 12
28378 21
28382 8
28384 13
28389 10
28392 11
28396 9
28397 15
28399 1
28407 10
28408 3
28413 12
28417 8
28419 3
28423 11
28429 10
28430 13
28434 19
28436 14
28442 15
28444 15
28446 17
28448 18
28449 3
28453 16
28455 5
28459 12
28465 16
28467 4
28471 12
28477 14
28482 18
28483 16
28485 10
28486 9
28487 8
28489 12
28495 5
28500 13
28505 20
28507 20
28509 11
28514 11
28519 4
28527 11
28534 7
28536 12
28544 1
28551 19
28553 12
28561 4
28565 1
28572 4
28578 3
28583 21
28587 11
28592 15
28594 2
28603 12
28609 9
28610 18
28611 1
28618 15
28620 11
28625 4
28631 1
28641 19
28642 13
28646 17
28648 15
28650 8
28654 11
28660 11
28665 20
28667 7
28670 9
28672 11
28677 6
28683 12
28689 9
28690 12
28698 6
28704 5
28711 13
28716 11
28723 6
28729 14
28735 18
28736 12
28744 12
28750 13
28755 7
28757 18
28758 13
28762 7
28765 3
28772 4
28780 11
28785 11
28792 19
28794 8
28796 20
28798 21
28802 17
28804 12
28812 6
28816 3
28823 13
28828 17
28830 13
28836 2
28845 10
28846 17
28848 21
28852 21
28856 17
28858 14
28862 12
28868 7
28871 12
28877 18
28878 5
28882 19
28884 12
28888 15
28890 10
28891 13
28897 15
28899 9
28900 4
28906 15
28908 8
28912 19
28914 12
28918 21
28922 14
28929 5
28936 9
28938 11
28942 13
28946 5
28952 6
28956 2
28965 5
28969 20
28971 5
28977 17
28979 13
28984 21
28988 2
28999 19
29000 8
29002 12
29008 18
29009 1
29017 18
29018 2
29027 11
29034 7
29036 19
29037 5
29044 16
29046 10
29049 5
29054 20
29055 6
29063 2
29072 4
29076 21
29080 11
29086 5
29093 9
29094 16
29096 7
29098 6
29104 18
29105 20
29106 13
29112 18
29113 11
29120 6
29124 21
29128 1
29136 21
29140 14
29146 18
29147 10
29148 20
29149 13
29154 17
29156 21
29160 1
29168 15
29170 10
29171 7
29173 1
29181 14
29188 20
29189 12
29193 16
29195 12
29203 18
29204 11
29209 11
29213 11
29220 9
29221 5
29225 7
29227 19
29228 21
29232 18
29233 20
29235 18
29236 17
29238 16
29240 5
29247 13
29253 20
29254 12
29260 11
29264 11
29269 8
29271 3
29276 16
29278 2
29289 11
29295 12
29303 12
29311 8
29313 11
29319 6
29325 21
29329 15
29331 2
29340 4
29344 18
29345 19
29347 11
29352 13
29357 1
29367 20
29369 17
29371 18
29372 19
29373 14
29380 20
29381 13
29386 4
29390 13
29396 9
29397 4
29403 7
29405 15
29407 2
29416 16
29418 5
29422 14
29426 4
29434 20
29435 10
29436 20
29437 7
29439 18
29440 10
29441 16
29443 3
29450 11
29457 16
29459 12
29463 5
29467 15
29469 21
29473 14
29477 7
29479 5
29483 11
29490 20
29492 15
29494 11
29498 16
29500 19
29501 18
29502 7
29505 18
29506 7
29509 11
29514 9
29516 5
29521 19
29522 9
29523 16
29525 19
29527 12
29533 19
29535 4
29541 11
29548 6
29554 18
29555 18
29556 13
29562 12
29566 12
29570 12
29576 12
29584 12
29588 12
29594 2
29603 10
29606 2
29615 6
29621 11
29626 11
29631 21
29635 1
29645 17
29647 15
29649 13
29654 11
29659 20
29660 7
29663 21
29667 18
29668 11
29674 2
29685 3
29692 12
29698 17
29700 11
29706 5
29712 12
29720 17
29722 11
29729 20
29731 17
29733 7
29736 4
29742 11
29746 5
29750 9
29752 2
29761 8
29763 11
29767 11
29772 17
29774 12
29780 11
29785 20
29786 16
29788 15
29790 12
29798 17
29800 13
29806 2
29813 11
29817 21
29821 18
29822 11
29828 20
29830 19
29832 7
29834 12
29838 6
29842 18
29843 19
29845 4
29851 18
29852 1
29860 14
29864 6
29870 5
29877 2
29884 20
29885 6
29889 19
29891 7
29894 3
29899 12
29905 9
29906 10
29907 7
29909 11
29915 11
29921 11
29925 11
29932 15
29934 8
29936 4
29944 5
29951 11
29957 10
29960 17
29962 9
29963 19
29965 8
29969 20
29970 12
29974 11
29979 6
29987 12
29993 10
29994 14
29999 5
30004 5
30010 12
30014 10
30015 21
30019 8
30021 11
30026 6
30034 5
30039 4
30043 7
30045 12
30049 18
30050 12
30054 1
30064 11
30070 11
30075 14
30081 17
30083 13
30089 6
30093 4
30097 12
30105 1
30113 4
30119 17
30121 18
30122 11
30128 16
30130 6
30134 13
30139 7
30141 7
30144 8
30148 7
30151 11
30156 14
30163 20
30165 7
30167 17
30169 10
30172 18
30173 13
30178 18
30179 5
30185 5
30190 14
30197 3
30202 9
30204 20
30206 13
30211 14
30215 18
30216 7
30218 20
30219 5
30224 18
30225 11
30231 12
30237 16
30239 12
30245 19
30247 15
30249 17
30251 1
30260 11
30266 15
30268 13
30273 11
30278 11
30285 12
30291 11
30295 7
30298 18
30299 16
30301 15
30303 4
30307 12
30313 15
30315 21
30319 11
30325 11
30329 5
30335 6
30341 12
30347 11
30353 14
30358 6
30364 11
30368 14
30373 8
30375 16
30377 11
30382 8
30384 18
30385 15
30387 11
30392 17
30394 19
30395 8
30399 11
30403 11
30410 17
30412 17
30414 21
30418 11
30422 19
30423 11
30430 5
30437 6
30441 18
30442 1
30449 9
30451 12
30457 11
30464 11
30471 12
30475 18
30476 15
30478 15
30480 10
30483 12
30491 19
30492 18
30493 17
30495 8
30499 11
30506 6
30512 5
30519 11
30525 2
30534 19
30536 9
30537 16
30539 19
30541 9
30543 21
30547 1
30557 12
30561 17
30563 17
30565 14
30569 15
30571 4
30577 1
30586 11
30590 15
30592 12
30596 2
30607 11
30611 6
30615 13
30619 13
30624 11
30628 15
30630 16
30632 19
30634 17
30636 11
30641 18
30642 16
30644 21
30648 16
30650 15
30652 2
30661 11
30666 19
30668 9
30670 21
30674 10
30677 17
30679 2
30686 10
30687 19
30688 4
30696 3
30702 8
30706 12
30712 4
30718 12
30726 9
30728 16
30730 11
30737 10
30740 12
30746 8
30750 17
30752 10
30755 11
30759 16
30761 5
30765 4
30771 15
30773 1
30782 2
30791 12
30799 12
30807 3
30813 14
30817 12
30821 11
30826 6
30832 15
30834 16
30836 12
30842 20
30843 14
30848 18
30849 11
30854 1
30862 21
30866 15
30868 3
30872 5
30879 8
30881 9
30883 12
30889 13
30894 13
30899 14
30905 9
30906 6
30912 8
30916 12
30920 11
30927 8
30929 12
30935 21
30939 4
30943 10
30946 8
30948 20
30950 14
30954 1
30963 14
30969 9
30971 20
30973 15
30975 17
30977 7
30980 17
30982 12
30988 17
30990 11
30995 2
31006 11
31010 11
31016 8
31018 6
31024 12
31032 3
31036 21
31040 18
31041 13
31046 11
31050 6
31054 14
31059 1
31067 12
31073 11
31079 2
31088 7
31090 19
31091 9
31093 1
31101 13
31106 18
31107 7
31109 18
31110 2
31119 14
31125 11
31129 18
31130 4
31138 19
31140 12
31148 13
31153 10
31156 13
31161 17
31163 15
31165 18
31166 3
31171 15
31173 3
31179 5
31184 19
31186 10
31189 18
31190 20
31191 9
31193 14
31197 11
31201 1
31211 18
31212 20
31213 18
31214 5
31218 10
31219 14
31223 11
31227 20
31228 6
31234 15
31236 11
31243 21
31247 13
31253 15
31255 5
31259 18
31260 18
31261 15
31263 8
31267 3
31271 10
31272 11
31279 21
31283 6
31287 18
31288 10
31291 9
31293 13
31298 20
31299 11
31305 4
31313 9
31314 8
31316 18
31317 12
31321 7
31324 15
31326 1
31334 12
31340 16
31342 6
31348 9
31349 12
31355 18
31356 1
31365 5
31369 12
31375 8
31379 12
31385 5
31391 8
31395 18
31396 18
31397 1
31404 4
31410 8
31412 3
31418 7
31421 11
31426 12
31432 18
31433 12
31437 11
31444 9
31446 18
31447 2
31456 10
31457 2
31464 18
31465 20
31466 21
31470 14
31474 11
31478 4
31484 10
31487 11
31492 10
31493 14
31500 15
31502 4
31508 12
31514 5
31519 4
31525 11
31531 14
31536 18
31537 12
31545 11
31549 12
31555 13
31560 5
31564 3
31568 16
31570 18
31571 5
31578 5
31583 14
31587 11
31593 14
31598 13
31603 12
31607 18
31608 11
31615 11
31620 18
31621 19
31623 7
31625 20
31627 11
31632 9
31634 9
31635 4
31641 8
31643 17
31645 18
31646 9
31647 11
31653 16
31655 11
31660 4
31664 1
31674 5
31681 18
31682 11
31689 18
31690 18
31691 20
31692 14
31697 17
31699 17
31701 3
31708 9
31709 13
31714 12
31718 2
31725 9
31726 11
31733 19
31734 11
31741 16
31743 17
31745 19
31747 11
31753 10
31756 7
31758 6
31764 1
31771 20
31772 20
31774 18
31775 9
31777 6
31785 10
31788 15
31790 6
31794 1
31803 13
31809 12
31817 12
31823 1
31831 6
31839 17
31841 21
31845 4
31849 3
31854 4
31862 13
31868 5
31872 6
31878 17
31880 21
31884 7
31886 11
31891 9
31893 18
31894 16
31896 14
31901 3
31905 11
31909 17
31911 18
31912 7
31915 20
31916 8
31920 4
31926 11
31932 21
31936 10
31937 19
31938 12
31946 15
31948 2
31959 11
31963 10
31964 21
31968 6
31974 14
31980 14
31987 11
31993 3
31997 16
31999 18
32000 20
32002 18
32003 12
32007 8
32009 14
32013 14
32018 12
32024 4
32030 21
32034 18
32035 14
32041 12
32049 14
32054 19
32056 12
32060 18
32061 13
32065 13
32070 11
32075 6
32083 11
32087 12
32093 8
32095 12
32101 12
32105 6
32111 4
32117 12
32123 8
32127 7
32130 6
32138 21
32142 11
32146 14
32152 2
32161 6
32169 3
32173 11
32178 18
32179 19
32180 20
32181 16
32183 11
32188 5
32192 20
32193 7
32195 12
32203 2
32214 1
32224 18
32225 9
32226 11
32232 11
32238 3
32245 13
32249 12
32253 21
32257 10
32260 12
32268 8
32270 7
32272 12
32278 12
32282 11
32288 9
32290 8
32294 4
32300 12
32304 19
32306 21
32310 3
32316 20
32318 11
32324 9
32326 12
32332 8
32334 18
32335 13
32340 5
32347 18
32348 15
32350 16
32352 14
32356 12
32364 20
32366 12
32374 3
32378 6
32382 20
32383 14
32388 19
32389 11
32393 15
32395 18
32396 16
32398 4
32404 15
32406 19
32408 15
32410 10
32411 11
32416 12
32424 12
32430 16
32432 13
32438 14
32443 7
32446 11
32453 8
32455 10
32458 13
32463 21
32467 11
32474 4
32478 11
32483 12
32491 10
32492 12
32498 20
32499 11
32503 16
32505 19
32506 8
32508 6
32514 10
32515 5
32520 8
32522 10
32525 10
32526 15
32528 1
32537 9
32539 10
32540 19
32542 4
32550 21
32554 16
32556 3
32560 16
32562 11
32568 2
32575 12
32581 9
32582 15
32584 12
32592 8
32594 4
32600 16
32602 1
32610 4
32614 7
32616 13
32622 19
32623 12
32629 13
32634 7
32637 12
32645 4
32653 16
32655 2
32666 1
32676 9
32677 2
32686 1
32693 6
32701 20
32703 3
32708 12
32712 4
32718 18
32719 2
32728 12
32734 17
32736 13
32741 11
32746 3
32750 20
32752 12
32760 15
32762 14
32767 21
32771 10
32774 18
32775 2
32782 11
32789 13
32794 1
32801 21
32805 21
32809 10
32812 13
32817 12
32821 16
32823 2
32834 6
32838 13
32844 7
32846 11
32852 16
32854 12
32858 16
32860 14
32864 5
32870 14
32876 15
32878 1
32886 12
32894 10
32897 12
32905 8
32909 11
32916 3
32921 12
32925 13
32929 21
32933 3
32937 17
32939 11
32946 14
32952 18
32953 11
32957 11
32964 18
32965 9
32967 11
32973 3
32980 3
32985 1
32992 19
32994 13
33000 14
33006 20
33008 20
33010 11
33014 4
33018 16
33020 18
33021 12
33025 10
33026 14
33032 12
33038 4
33046 18
33047 12
33055 12
33063 12
33069 4
33075 20
33077 1
33084 14
33091 8
33095 7
33098 2
33107 3
33113 17
33115 9
33116 9
33117 16
33119 19
33120 12
33128 11
33132 3
33138 5
33145 15
33147 4
33151 11
33155 9
33156 18
33157 19
33158 11
33162 14
33168 21
33172 18
33173 6
33177 9
33178 9
33179 11
33185 15
33187 5
33191 11
33197 11
33202 13
33208 11
33214 4
33218 6
33224 11
33231 12
33237 3
33241 19
33242 13
33247 3
33254 11
33260 11
33266 6
33270 18
33271 11
33275 12
33283 12
33289 11
33293 16
33295 3
33299 5
33305 5
33311 18
33312 12
33318 7
33321 14
33326 1
33335 5
33341 12
33347 20
33348 17
33350 19
33352 5
33357 14
33364 15
33366 4
33372 12
33376 15
33378 12
33386 4
33394 16
33396 12
33402 11
33406 3
33412 5
33418 11
33425 15
33427 16
33429 7
33431 12
33437 19
33439 12
33443 7
33446 16
33448 11
33452 18
33453 19
33454 20
33456 10
33457 12
33465 17
33467 10
33470 6
33478 20
33480 18
33481 11
33486 10
33489 16
33491 21
33495 9
33497 18
33498 11
33504 13
33510 3
33516 9
33517 11
33523 12
33529 3
33533 12
33541 9
33542 2
33551 3
33556 9
33557 14
33564 18
33565 11
33571 12
33575 9
33576 14
33582 11
33589 13
33594 19
33596 12
33600 11
33604 9
33605 19
33606 16
33608 8
33610 15
33612 12
33618 12
33624 13
33630 4
33634 12
33640 18
33641 12
33647 18
33648 10
33651 14
33656 2
33665 3
33669 17
33671 20
33672 12
33678 10
33679 14
33684 7
33686 12
33690 8
33692 20
33694 2
33701 11
33707 13
33711 18
33712 15
33714 12
33720 17
33722 12
33728 11
33735 1
33744 4
33752 1
33761 11
33765 21
33769 8
33773 2
33780 1
33788 18
33789 12
33795 11
33800 6
33806 16
33808 7
33810 6
33816 19
33818 3
33823 20
33824 21
33828 15
33830 17
33832 12
33840 18
33841 15
33843 10
33844 2
33851 15
33853 2
33864 1
33873 11
33880 8
33884 17
33886 16
33888 12
33896 11
33900 4
33908 7
33910 14
33916 15
33918 11
33923 4
33929 2
33938 18
33939 9
33941 12
33945 1
33953 9
33955 6
33961 15
33963 19
33964 15
33966 9
33967 17
33969 15
33971 6
33977 20
33978 5
33984 20
33985 17
33987 12
33993 10
33994 16
33996 2
34007 20
34008 12
34014 8
34016 15
34018 6
34022 4
34028 13
34033 8
34037 7
34040 21
34044 20
34046 12
34054 16
34056 15
34058 6
34062 18
34063 4
34069 14
34075 3
34081 12
34085 12
34091 5
34096 11
34101 11
34107 4
34111 3
34115 12
34119 17
34121 12
34125 19
34126 9
34127 12
34131 5
34136 17
34138 13
34143 12
34147 12
34153 6
34157 16
34159 18
34160 11
34165 12
34171 14
34176 7
34179 5
34185 16
34187 6
34193 11
34197 1
34205 18
34206 5
34211 11
34217 12
34221 7
34223 11
34230 17
34232 17
34234 3
34241 11
34246 11
34250 8
34254 3
34261 17
34263 11
34267 16
34269 8
34271 2
34282 3
34288 19
34289 16
34291 6
34295 7
34298 15
34300 16
34302 10
34305 9
34307 12
34311 11
34315 1
34324 1
34333 10
34334 21
34338 14
34342 4
34346 18
34347 11
34353 9
34354 15
34356 12
34362 21
34366 10
34369 7
34372 18
34373 12
34377 8
34381 15
34383 4
34389 5
34394 5
34399 2
34406 3
34411 16
34413 19
34414 4
34420 11
34426 6
34432 8
34434 15
34436 11
34443 12
34449 11
34456 18
34457 13
34463 11
34470 7
34473 12
34477 15
34479 15
34481 6
34489 21
34493 19
34494 12
34498 15
34500 15
34502 20
34504 21
34508 5
34515 11
34519 11
34525 11
34529 18
34530 13
34534 15
34536 16
34538 11
34544 20
34545 6
34553 8
34557 6
34563 4
34569 17
34571 4
34579 1
34588 11
34593 6
34599 18
34600 9
34602 2
34609 6
34615 11
34622 11
34626 12
34632 4
34638 5
34643 15
34645 5
34652 4
34658 20
34660 7
34663 2
34672 9
34674 11
34678 10
34681 13
34686 11
34692 10
34693 20
34695 4
34701 13
34707 15
34709 16
34711 13
34716 6
34720 15
34722 12
34730 20
34732 1
34742 21
34746 5
34751 8
34753 11
34757 16
34759 4
34765 12
34771 11
34778 7
34781 13
34786 17
34788 15
34790 21
34794 11
34801 1
34810 11
34816 8
34818 17
34820 7
34822 7
34825 18
34826 14
34830 5
34837 15
34839 21
34843 16
34845 21
34849 8
34851 17
34853 6
34859 18
34860 2
34867 6
34875 1
34885 11
34890 13
34894 17
34896 21
34900 3
34906 19
34907 15
34909 3
34915 11
34919 13
34924 16
34926 21
34930 12
34934 2
34941 10
34944 4
34952 15
34954 2
34963 1
34971 4
34975 10
34978 15
34980 13
34984 12
34990 3
34994 9
34996 8
35000 17
35002 18
35003 19
35005 10
35008 18
35009 2
35018 2
35027 18
35028 15
35030 17
35032 5
35038 5
35045 20
35047 16
35049 19
35050 10
35053 1
35063 1
35071 18
35072 8
35074 14
35080 7
35083 18
35084 14
35090 8
35094 4
35100 12
35106 11
35112 4
35118 10
35119 3
35124 4
35132 12
35138 2
35149 20
35150 5
35157 11
35164 9
35166 2
35173 4
35181 20
35182 12
35186 18
35187 21
35191 12
35197 19
35198 12
35206 11
35213 3
35218 15
35220 9
35221 11
35227 16
35229 14
35233 12
35241 18
35242 18
35243 21
35247 15
35249 14
35256 16
35258 4
35262 13
35266 20
35268 3
35275 11
35282 13
35288 5
35295 12
35301 6
35305 3
35310 15
35312 5
35319 4
35327 6
35333 12
35337 10
35340 15
35342 21
35346 6
35352 12
35358 16
35360 17
35362 21
35366 6
35374 20
35376 12
35380 18
35381 12
35389 16
35391 2
35400 13
35405 8
35407 11
35412 13
35416 12
35422 11
35426 7
35429 6
35437 5
35441 15
35443 15
35445 11
35452 9
35454 19
35455 11
35461 10
35464 11
35470 13
35476 17
35478 16
35480 20
35482 8
35484 12
35490 16
35492 12
35496 11
35500 11
35506 2
35515 21
35519 2
35528 14
35535 12
35539 11
35545 6
35551 20
35552 16
35554 10
35555 20
35557 19
35558 9
35560 16
35562 18
35563 4
35567 12
35571 12
35575 16
35577 11
35584 10
35585 12
35591 18
35592 12
35600 8
35602 1
35611 18
35612 4
35618 13
35623 11
35629 7
35631 12
35637 4
35643 12
35649 15
35651 10
35652 18
35653 4
35659 1
35668 16
35670 12
35678 18
35679 15
35681 10
35682 17
35684 1
35692 18
35693 8
35697 18
35698 3
35704 2
35715 21
35719 8
35723 21
35727 4
35733 14
35739 5
35743 11
35750 11
35757 10
35758 4
35764 12
35770 9
35771 11
35775 14
35781 14
35788 3
35794 4
35800 12
35806 11
35812 5
35819 4
35823 6
35829 8
35833 19
35835 8
35837 2
35848 12
35852 14
35857 6
35863 14
35869 13
35874 11
35879 11
35885 13
35891 6
35899 6
35905 6
35909 12
35917 20
35919 9
35921 10
35924 21
35928 20
35929 12
35933 3
35938 4
35942 19
35943 3
35949 17
35951 19
35952 18
35953 15
35955 8
35959 5
35964 18
35965 11
35969 3
35973 1
35982 8
35986 5
35993 14
35997 17
35999 16
36001 18
36002 1
36009 12
36015 7
36017 10
36018 12
36024 11
36029 11
36034 3
36041 18
36042 2
36051 13
36056 17
36058 6
36066 13
36071 20
36072 4
36078 6
36086 14
36093 17
36095 12
36103 17
36105 8
36107 2
36116 20
36117 12
36123 5
36127 15
36129 5
36134 18
36135 8
36139 8
36141 12
36145 20
36146 2
36155 15
36157 11
36164 14
36169 14
36173 18
36174 18
36175 15
36177 8
36181 16
36183 9
36184 18
36185 18
36186 18
36187 16
36189 10
36192 5
36198 12
36204 11
36211 13
36216 5
36220 12
36228 12
36234 13
36239 15
36241 18
36242 4
36248 8
36250 11
36254 12
36260 5
36266 3
36272 11
36277 15
36279 8
36283 14
36290 6
36296 15
36298 4
36304 3
36311 16
36313 6
36319 10
36320 14
36324 12
36332 6
36340 21
36344 20
36346 10
36349 20
36350 9
36351 18
36352 4
36356 4
36364 1
36373 4
36381 17
36383 7
36386 21
36390 11
36396 18
36397 15
36399 13
36403 2
36414 18
36415 19
36417 8
36421 5
36426 1
36434 12
36440 18
36441 18
36442 4
36448 6
36454 20
36455 20
36456 16
36458 1
36467 18
36468 16
36470 18
36471 3
36477 9
36479 9
36480 17
36482 1
36489 11
36493 11
36500 9
36502 11
36508 20
36510 18
36511 11
36515 15
36517 6
36525 11
36530 15
36532 7
36535 15
36537 16
36539 5
36545 16
36547 12
36553 10
36556 18
36557 21
36561 16
36563 12
36569 1
36578 21
36582 13
36588 15
36590 12
36594 11
36598 3
36605 18
36606 11
36613 18
36614 2
36621 20
36623 2
36634 17
36636 18
36637 9
36638 15
36640 10
36643 12
36649 2
36660 12
36666 11
36673 12
36681 1
36688 1
36698 16
36700 11
36707 18
36708 19
36709 12
36713 19
36714 14
36721 12
36725 8
36729 3
36734 18
36735 18
36736 20
36737 1
36747 15
36749 18
36750 15
36752 9
36754 2
36763 11
36769 4
36775 18
36776 2
36783 2
36794 12
36798 15
36800 8
36802 9
36803 2
36810 14
36817 11
36824 18
36825 12
36829 1
36838 11
36844 11
36848 12
36856 5
36863 12
36869 16
36871 12
36875 14
36882 20
36883 18
36884 11
36889 16
36891 10
36892 10
36895 21
36899 11
36906 13
36912 21
36916 2
36923 9
36924 17
36926 12
36932 6
36938 11
36942 18
36943 10
36946 12
36952 12
36958 5
36964 21
36968 1
36978 18
36979 5
36986 8
36988 12
36996 11
37003 2
37014 16
37016 3
37020 20
37021 18
37022 11
37026 11
37030 6
37038 12
37046 18
37047 21
37051 18
37052 13
37057 18
37058 18
37059 10
37060 19
37062 11
37067 8
37071 6
37077 4
37083 9
37084 5
37091 19
37092 11
37099 1
37109 16
37111 11
37116 21
37120 1
37129 7
37132 9
37133 11
37140 1
37150 12
37156 11
37162 17
37164 19
37166 18
37167 6
37173 9
37175 7
37178 1
37188 10
37189 16
37191 3
37197 9
37198 18
37199 7
37202 18
37203 9
37204 19
37205 6
37211 19
37213 8
37217 11
37221 10
37222 6
37228 19
37229 19
37231 16
37233 19
37235 13
37239 1
37247 1
37256 6
37260 18
37261 13
37267 19
37268 2
37277 19
37278 8
37282 15
37284 11
37291 7
37293 21
37297 12
37305 19
37307 18
37308 15
37310 1
37320 11
37325 12
37331 9
37333 7
37336 6
37342 4
37346 15
37348 13
37353 6
37359 9
37360 18
37361 5
37368 3
37372 13
37376 17
37378 12
37384 18
37385 1
37394 15
37396 3
37402 3
37407 16
37409 21
37413 21
37417 18
37418 20
37420 13
37426 4
37432 12
37438 2
37447 7
37450 11
37457 20
37458 21
37462 20
37464 12
37472 9
37473 12
37479 9
37480 18
37481 9
37482 12
37490 8
37494 14
37500 12
37506 11
37513 9
37514 18
37515 17
37517 7
37520 3
37527 15
37529 1
37537 20
37538 14
37542 14
37547 9
37548 20
37550 20
37552 7
37554 8
37556 17
37558 11
37562 4
37568 12
37574 19
37575 9
37577 14
37583 13
37588 3
37594 14
37599 7
37601 12
37609 12
37613 3
37619 11
37624 11
37630 18
37631 13
37636 12
37640 17
37642 17
37644 14
37650 18
37651 4
37657 12
37663 2
37672 10
37675 14
37682 8
37686 15
37688 11
37694 18
37695 10
37698 10
37699 13
37704 16
37706 12
37710 16
37712 12
37718 8
37722 18
37723 11
37729 18
37730 11
37737 18
37738 16
37740 18
37741 1
37750 13
37756 6
37762 6
37770 5
37774 12
37778 12
37784 11
37790 5
37795 3
37800 1
37809 13
37814 7
37816 7
37819 6
37825 14
37832 20
37834 3
37838 12
37844 17
37846 5
37852 11
37857 18
37858 9
37860 2
37869 1
37877 2
37888 7
37890 17
37892 12
37900 6
37908 11
37913 1
37920 1
37928 19
37929 17
37931 9
37932 20
37933 3
37937 5
37943 4
37949 11
37956 7
37959 6
37963 8
37967 3
37971 18
37972 4
37980 11
37986 21
37990 13
37995 4
38003 11
38007 18
38008 21
38012 18
38013 4
38019 5
38023 11
38028 10
38029 2
38040 5
38046 9
38047 20
38048 12
38054 4
38060 8
38062 12
38066 1
38076 8
38078 5
38085 11
38091 11
38096 12
38102 12
38110 21
38114 17
38116 11
38120 15
38122 19
38123 11
38129 11
38136 14
38142 20
38144 9
38145 12
38149 1
38156 11
38160 20
38162 11
38167 18
38168 5
38172 20
38173 4
38179 9
38180 2
38187 3
38194 13
38198 1
38208 13
38214 10
38217 15
38219 11
38224 15
38226 5
38231 12
38235 12
38243 11
38249 1
38258 12
38262 15
38264 16
38266 4
38274 11
38280 11
38284 5
38288 16
38290 15
38292 15
38294 17
38296 8
38300 12
38304 13
38309 13
38314 12
38320 18
38321 10
38324 14
38329 18
38330 15
38332 19
38334 4
38338 1
38346 21
38350 19
38351 17
38353 11
38357 1
38367 5
38372 3
38376 12
38384 12
38390 6
38398 14
38402 15
38404 2
38413 14
38420 9
38422 4
38428 10
38429 8
38431 1
38438 1
38446 4
38454 12
38462 5
38466 15
38468 4
38476 3
38482 14
38486 15
38488 18
38489 14
38495 2
38506 21
38510 1
38518 12
38522 15
38524 12
38532 21
38536 12
38542 11
38548 11
38552 4
38558 4
38562 12
38568 17
38570 9
38571 18
38572 12
38576 8
38580 4
38588 15
38590 5
38594 11
38600 15
38602 10
38603 6
38609 14
38615 21
38619 10
38620 8
38624 18
38625 5
38632 10
38635 17
38637 12
38643 7
38646 18
38647 4
38653 7
38656 21
38660 14
38664 3
38669 7
38671 3
38678 18
38679 16
38681 15
38683 10
38686 13
38691 13
38696 13
38702 11
38707 13
38712 21
38716 11
38721 12
38729 12
38737 3
38742 20
38744 8
38746 8
38748 21
38752 11
38759 11
38766 12
38770 19
38771 18
38772 15
38774 12
38780 12
38786 12
38792 18
38793 12
38801 6
38805 18
38806 12
38810 7
38813 15
38815 12
38821 10
38822 18
38823 9
38824 16
38826 11
38833 1
38840 7
38842 8
38846 18
38847 12
38853 6
38859 11
38863 20
38865 10
38866 8
38870 3
38876 12
38882 12
38888 12
38894 17
38896 15
38898 1
38905 12
38913 21
38917 9
38918 4
38924 11
38928 21
38932 11
38938 12
38946 14
38953 6
38957 19
38959 11
38966 10
38967 17
38969 21
38973 11
38980 11
38987 10
38990 20
38992 17
38994 11
39001 14
39008 2
39017 13
39021 3
39025 18
39026 3
39031 10
39032 6
39040 11
39045 15
39047 5
39054 12
39058 18
39059 3
39064 21
39068 10
39069 6
39073 6
39077 13
39082 11
39087 6
39093 15
39095 11
39102 17
39104 11
39110 6
39114 8
39116 7
39118 14
39124 6
39130 21
39134 11
39139 5
39143 12
39151 11
39155 7
39158 13
39163 9
39164 11
39168 7
39171 2
39182 16
39184 21
39188 8
39192 15
39194 2
39205 12
39213 1
39220 13
39225 2
39232 17
39234 11
39240 18
39241 19
39243 1
39251 16
39253 7
39255 15
39257 3
39262 4
39268 14
39273 18
39274 15
39276 11
39280 2
39291 18
39292 14
39298 15
39300 19
39301 1
39311 2
39318 3
39325 13
39330 15
39332 6
39338 5
39345 3
39352 7
39354 5
39361 21
39365 16
39367 21
39371 16
39373 3
39380 9
39382 12
39390 13
39396 11
39401 6
39407 14
39413 4
39419 10
39420 18
39421 15
39423 16
39425 6
39431 19
39432 11
39438 7
39440 3
39446 13
39451 14
39458 4
39464 21
39468 18
39469 16
39471 5
39478 12
39486 3
39493 8
39497 14
39504 11
39511 10
39512 12
39520 21
39524 13
39529 21
39533 2
39540 12
39546 15
39548 18
39549 7
39551 11
39558 21
39562 11
39569 11
39575 12
39581 13
39586 20
39587 5
39593 11
39599 19
39600 7
39602 11
39607 12
39615 4
39621 18
39622 11
39626 6
39634 20
39635 12
39639 5
39646 18
39647 11
39651 11
39658 15
39660 15
39662 13
39666 11
39671 13
39677 8
39681 15
39683 11
39689 4
39697 14
39704 20
39706 2
39713 2
39722 8
39726 20
39727 8
39731 18
39732 14
39738 15
39740 4
39748 11
39755 21
39759 20
39760 11
39767 19
39768 6
39776 12
39784 12
39790 21
39794 4
39800 3
39807 14
39814 15
39816 9
39818 6
39824 14
39829 13
39834 18
39835 21
39839 18
39840 16
39842 2
39851 18
39852 5
39859 18
39860 3
39867 9
39869 4
39873 8
39875 5
39879 18
39880 9
39882 17
39884 16
39886 9
39888 17
39890 11
39896 2
39905 15
39907 11
39914 5
39919 3
39923 7
39926 8
39930 15
39932 12
39936 3
39943 7
39946 16
39948 11
39954 11
39959 11
39965 18
39966 11
39973 9
39975 8
39979 12
39987 16
39989 17
39991 11
39995 3
40001 11
40005 11
40012 3
40018 6
40024 5
40030 15
40032 20
40034 19
40036 11
40042 17
40044 10
40047 1
40056 6
40064 12
40072 4
40078 21
40082 12
40090 19
40092 20
40094 15
40096 6
40104 15
40106 21
40110 18
40111 2
40120 19
40122 21
40126 3
40132 19
40133 17
40135 13
40140 7
40143 21
40147 12
40153 18
40154 11
40158 20
40159 8
40163 11
40170 18
40171 4
40177 2
40186 5
40190 16
40192 11
40197 4
40205 18
40206 11
40213 20
40214 16
40216 17
40218 11
40223 3
40229 11
40234 11
40238 18
40239 12
40245 12
40251 12
40259 12
40265 12
40273 14
40279 11
40283 11
40288 11
40292 12
40300 11
40304 11
40309 7
40312 18
40313 18
40314 19
40316 9
40318 9
40319 18
40320 15
40322 6
40328 4
40336 13
40342 4
40346 2
40353 16
40355 11
40359 12
40363 12
40369 20
40371 17
40373 14
40378 12
40382 19
40383 13
40387 4
40395 9
40397 13
40402 11
40408 1
40417 19
40419 14
40425 17
40427 11
40434 10
40437 20
40438 12
40446 20
40447 10
40448 12
40454 5
40458 5
40464 21
40468 18
40469 12
40477 19
40479 4
40483 8
40485 16
40487 3
40491 20
40493 6
40501 4
40505 13
40510 7
40512 4
40516 11
40520 20
40521 11
40526 15
40528 11
40534 18
40535 12
40539 11
40544 17
40546 21
40550 8
40552 6
40558 2
40569 5
40575 12
40579 9
40581 13
40587 11
40592 21
40596 15
40598 15
40600 1
40608 12
40614 7
40617 11
40622 18
40623 21
40627 12
40633 21
40637 11
40643 10
40644 9
40646 11
40652 7
40654 9
40655 2
40664 16
40666 10
40667 11
40672 21
40676 6
40684 1
40694 18
40695 5
40701 18
40702 8
40704 8
40706 11
40710 15
40712 12
40720 11
40727 11
40731 6
40735 7
40738 3
40743 4
40749 12
40753 4
40761 13
40766 11
40773 14
40779 12
40787 2
40796 4
40800 12
40808 12
40812 4
40816 12
40822 8
40826 18
40827 7
40829 12
40835 12
40841 19
40843 14
40849 16
40851 19
40853 15
40855 1
40865 12
40871 18
40872 21
40876 10
40879 15
40881 12
40885 13
40889 18
40890 11
40897 15
40899 17
40901 11
40908 11
40915 21
40919 11
40924 21
40928 14
40933 18
40934 10
40937 2
40948 18
40949 21
40953 8
40955 6
40961 13
40966 16
40968 21
40972 16
40974 14
40979 2
40990 3
40994 13
40999 6
41007 18
41008 20
41009 16
41011 12
41019 11
41023 19
41024 6
41032 13
41036 17
41038 11
41042 1
41052 7
41055 11
41059 1
41068 3
41075 1
41084 5
41089 20
41091 18
41092 5
41097 12
41105 19
41106 16
41108 13
41113 19
41115 16
41117 7
41119 9
41120 21
41124 11
41131 10
41132 14
41136 6
41142 11
41149 13
41153 3
41158 5
41164 1
41174 13
41179 18
41180 12
41186 2
41193 18
41194 21
41198 19
41199 15
41201 18
41202 8
41206 2
41215 14
41221 14
41226 9
41227 7
41230 17
41232 15
41234 12
41240 12
41248 17
41250 3
41255 14
41262 12
41266 4
41274 11
41281 3
41287 8
41291 11
41297 5
41303 10
41304 4
41308 2
41319 16
41321 3
41325 14
41332 11
41336 11
41343 16
41345 12
41351 13
41355 14
41360 11
41365 12
41371 12
41377 18
41378 12
41382 21
41386 12
41392 5
41399 17
41401 15
41403 6
41409 15
41411 11
41418 1
41427 11
41434 5
41441 13
41446 18
41447 17
41449 2
41456 18
41457 20
41459 15
41461 15
41463 18
41464 9
41466 10
41467 5
41474 18
41475 4
41483 21
41487 11
41492 12
41498 3
41505 12
41511 12
41515 18
41516 11
41520 16
41522 2
41529 21
41533 11
41540 5
41545 4
41551 5
41557 18
41558 18
41559 12
41565 18
41566 19
41567 18
41568 8
41570 17
41572 6
41578 12
41584 11
41591 2
41598 17
41600 13
41605 12
41611 3
41616 2
41627 3
41632 12
41638 10
41641 2
41650 10
41653 11
41658 1
41665 9
41667 16
41669 18
41670 11
41674 10
41677 9
41679 14
41683 14
41690 11
