10000
1 19
3 18
4 6
10 12
18 8
22 18
23 21
27 20
29 4
35 4
43 10
44 7
47 11
54 12
62 15
64 8
66 18
67 4
75 10
78 12
86 12
92 18
93 14
98 18
99 8
103 17
105 4
111 6
117 19
119 6
125 12
131 16
133 4
141 19
143 14
150 7
152 19
154 11
160 8
162 20
164 16
166 13
171 11
177 16
179 20
181 11
187 18
188 12
194 17
196 17
198 9
200 11
206 13
212 13
218 2
227 19
229 17
231 18
232 6
238 5
244 17
246 4
254 4
260 12
268 1
278 12
284 1
294 10
295 21
299 21
303 11
309 6
315 2
326 9
328 12
336 13
342 21
346 12
354 12
360 5
366 21
370 12
378 3
385 12
391 17
393 5
399 10
402 14
409 16
411 13
417 5
424 18
425 2
436 18
437 20
439 16
441 19
443 6
451 7
453 17
455 2
464 9
465 2
476 5
482 11
489 17
491 12
499 11
505 7
508 12
516 11
523 17
525 16
527 15
529 11
536 16
538 15
540 1
550 15
552 14
557 15
559 9
560 11
566 18
567 9
569 6
577 18
578 4
586 8
590 18
591 7
593 5
600 21
604 18
605 15
607 21
611 18
612 3
619 11
626 9
627 19
629 8
633 2
644 1
653 18
654 8
658 11
665 9
666 12
672 15
674 8
678 11
684 18
685 20
687 11
693 1
702 8
704 18
705 18
706 16
708 16
710 16
712 18
713 10
714 1
723 19
725 18
726 19
728 18
729 7
732 12
740 11
747 16
749 6
755 18
756 11
762 7
764 11
771 11
777 2
786 18
787 17
789 11
795 2
806 7
809 1
818 20
820 13
826 1
835 6
843 4
851 7
854 10
855 2
864 1
874 17
876 18
877 5
883 12
891 12
899 18
900 8
902 11
909 17
911 19
913 10
916 11
922 19
924 9
926 14
933 6
939 10
942 21
946 5
952 10
953 12
959 13
965 4
971 2
982 11
989 14
994 3
1000 7
1003 20
1005 10
1008 1
1018 17
1020 15
1022 9
1024 16
1026 18
1027 2
1038 5
1044 5
1050 17
1052 12
1058 11
1065 14
1070 1
1079 12
1085 18
1086 11
1092 12
1098 11
1105 11
1111 21
1115 11
1121 12
1127 9
1128 1
1137 3
1143 17
1145 18
1146 2
1155 15
1157 2
1166 4
1174 17
1176 10
1177 18
1178 9
1179 16
1181 1
1191 8
1195 12
1203 16
1205 10
1208 13
1213 12
1221 19
1223 10
1224 17
1226 11
1232 20
1234 12
1240 11
1246 3
1253 5
1260 18
1261 15
1263 12
1269 11
1276 21
1280 10
1281 14
1288 10
1291 16
1293 10
1296 9
1298 8
1300 11
1307 7
1309 12
1315 20
1317 14
1324 18
1325 20
1327 11
1333 12
1339 18
1340 15
1342 5
1348 5
1354 20
1356 5
1362 8
1366 10
1369 5
1375 11
1382 4
1388 15
1390 16
1392 17
1394 15
1396 11
1402 1
1412 5
1419 12
1425 15
1427 1
1436 16
1438 2
1449 18
1450 10
1453 4
1461 20
1463 9
1464 16
1466 4
1474 18
1475 13
1480 1
1490 5
1496 1
1505 12
1511 7
1514 9
1516 10
1517 7
1520 12
1526 20
1528 5
1535 18
1536 10
1539 1
1549 11
1556 1
1566 15
1568 2
1579 8
1581 6
1589 11
1596 15
1598 17
1600 12
1606 18
1607 11
1614 8
1616 7
1619 5
1626 14
1631 11
1637 12
1645 6
1653 3
1660 18
1661 11
1668 21
1672 12
1678 18
1679 5
1686 11
1693 18
1694 18
1695 18
1696 3
1703 21
1707 10
1708 11
1715 9
1716 13
1721 7
1723 13
1729 20
1731 19
1733 16
1735 2
1744 9
1745 12
1751 13
1756 14
1763 2
1772 19
1774 20
1776 5
1783 12
1789 9
1791 17
1793 11
1799 1
1808 18
1809 4
1815 11
1822 10
1825 3
1831 2
1842 10
1845 6
1853 5
1859 9
1860 4
1866 10
1867 12
1873 9
1875 11
1881 18
1882 3
1889 9
1891 4
1897 11
1904 10
1905 15
1907 1
1917 6
1925 5
1931 13
1936 16
1938 2
1949 12
1957 12
1965 19
1967 10
1968 14
1973 18
1974 14
1979 16
1981 16
1983 15
1985 8
1989 11
1996 6
2002 2
2011 9
2012 18
2013 8
2015 14
2022 15
2024 18
2025 10
2026 20
2028 12
2036 5
2043 4
2051 16
2053 14
2060 12
2066 2
2075 11
2082 8
2084 17
2086 3
2092 8
2096 13
2102 13
2107 14
2112 2
2123 3
2129 14
2134 16
2136 19
2138 10
2141 7
2144 15
2146 13
2151 14
2156 2
2167 13
2172 17
2174 21
2178 2
2187 14
2194 9
2195 18
2196 7
2198 3
2205 21
2209 6
2215 4
2221 5
2227 1
2236 7
2239 7
2241 1
2250 8
2252 20
2254 4
2262 11
2269 13
2275 11
2281 11
2288 13
2293 9
2295 20
2297 14
2304 19
2306 16
2308 5
2314 11
2321 6
2327 12
2335 3
2341 12
2347 12
2353 17
2355 15
2357 12
2363 18
2364 12
2370 2
2379 11
2386 11
2392 20
2394 19
2396 4
2404 7
2407 3
2413 18
2414 17
2416 16
2418 11
2425 12
2431 9
2432 13
2437 11
2444 21
2448 9
2450 17
2452 18
2453 21
2457 2
2468 21
2472 2
2481 1
2491 15
2493 10
2496 15
2498 2
2509 1
2519 18
2520 11
2527 15
2529 11
2535 19
2537 5
2543 9
2544 8
2546 10
2549 5
2555 11
2562 20
2564 13
2569 17
2571 10
2572 8
2574 6
2580 18
2581 16
2583 1
2593 11
2599 10
2600 21
2604 8
2608 13
2613 2
2624 13
2630 6
2636 5
2642 10
2643 3
2650 16
2652 8
2656 4
2662 7
2664 2
2675 6
2681 1
2690 20
2692 1
2702 5
2708 18
2709 15
2711 7
2713 18
2714 5
2720 12
2728 18
2729 18
2730 20
2732 5
2739 7
2741 12
2749 18
2750 12
2758 18
2759 2
2768 18
2769 4
2775 12
2783 17
2785 17
2787 19
2789 12
2795 12
2803 7
2806 4
2812 18
2813 11
2820 11
2826 17
2828 11
2834 13
2839 18
2840 10
2843 21
2847 11
2854 7
2856 4
2862 13
2868 6
2876 18
2877 7
2879 7
2881 8
2885 9
2887 20
2889 20
2891 7
2893 18
2894 10
2895 20
2897 11
2903 3
2909 5
2915 11
2922 20
2924 19
2926 17
2928 4
2936 14
2941 1
2950 10
2953 19
2955 12
2961 16
2963 4
2969 3
2975 2
2986 19
2988 17
2990 1
3000 12
3008 9
3010 11
3017 4
3025 9
3026 12
3034 12
3042 12
3050 17
3052 11
3059 14
3064 16
3066 11
3072 12
3078 14
3085 13
3090 18
3091 16
3093 1
3102 18
3103 4
3109 2
3118 15
3120 13
3126 1
3136 8
3138 3
3144 13
3150 14
3157 21
3161 9
3163 4
3169 7
3171 12
3179 20
3181 19
3183 18
3184 18
3185 16
3187 8
3191 2
3200 6
3206 15
3208 11
3214 15
3216 11
3222 18
3223 12
3229 11
3235 14
3240 7
3242 19
3244 21
3248 15
3250 11
3257 8
3261 16
3263 12
3271 11
3278 12
3286 5
3293 18
3294 19
3296 2
3305 18
3306 19
3308 12
3316 12
3324 19
3326 11
3332 11
3338 21
3342 21
3346 11
3352 5
3359 19
3361 15
3363 18
3364 16
3366 5
3372 17
3374 18
3375 11
3381 13
3386 19
3388 21
3392 1
3401 11
3408 12
3414 11
3421 9
3422 11
3429 7
3431 7
3433 15
3435 11
3441 15
3443 9
3444 11
3450 16
3452 18
3453 17
3455 7
3458 11
3464 14
3471 11
3478 11
3485 4
3491 14
3496 3
3502 18
3503 11
3509 7
3511 3
3517 6
3523 4
3529 7
3531 13
3537 13
3542 15
3544 12
3552 2
3563 1
3573 11
3579 9
3581 3
3587 13
3592 12
3598 8
3602 16
3604 1
3613 10
3616 4
3622 18
3623 18
3624 5
3631 14
3636 12
3642 12
3650 14
3655 19
3657 19
3659 8
3661 18
3662 20
3664 14
3671 15
3673 6
3679 21
3683 2
3692 8
3696 19
3698 11
3704 11
3711 19
3713 15
3715 7
3718 4
3724 16
3726 3
3733 9
3735 19
3737 20
3739 18
3740 9
3741 3
3747 11
3754 14
3761 18
3762 4
3770 17
3772 15
3774 18
3775 9
3777 11
3784 1
3794 5
3800 12
3806 17
3808 14
3813 15
3815 11
3821 1
3830 9
3831 17
3833 12
3841 12
3847 5
3854 3
3861 14
3868 18
3869 5
3876 11
3883 7
3886 21
3890 11
3896 3
3902 18
3903 14
3910 15
3912 16
3914 15
3916 12
3922 6
3928 13
3933 3
3940 15
3942 9
3944 14
3949 21
3953 18
3954 4
3960 18
3961 2
3970 9
3972 17
3974 13
3980 3
3987 12
3993 6
4001 14
4006 9
4008 5
4015 10
4016 13
4021 18
4022 15
4024 8
4026 2
4037 11
4044 19
4046 12
4052 15
4054 7
4057 1
4066 1
4076 10
4077 9
4078 17
4080 12
4088 15
4090 13
4096 18
4097 12
4105 9
4107 19
4109 16
4111 21
4115 13
4121 8
4123 11
4130 19
4132 16
4134 19
4136 5
4142 17
4144 14
4151 10
4152 19
4154 13
4160 5
4167 12
4175 19
4177 10
4180 6
4186 8
4188 13
4193 8
4197 9
4199 12
4205 18
4206 18
4207 12
4213 11
4219 20
4221 15
4223 21
4227 18
4228 11
4234 12
4240 19
4242 13
4248 17
4250 8
4254 8
4258 7
4260 15
4262 12
4270 16
4272 10
4273 8
4277 11
4283 7
4286 13
4291 11
4298 7
4300 12
4308 17
4310 8
4312 1
4322 1
4331 19
4333 21
4337 8
4341 7
4343 6
4351 2
4360 17
4362 5
4368 4
4374 2
4385 21
4389 9
4391 5
4397 12
4405 10
4408 20
4410 4
4416 2
4427 13
4432 11
4439 12
4447 1
4457 1
4466 3
4472 13
4478 19
4480 13
4486 15
4488 8
4490 20
4492 16
4494 17
4496 11
4502 18
4503 3
4510 4
4516 3
4522 11
4528 19
4530 6
4536 3
4542 18
4543 21
4547 7
4550 18
4551 6
4557 8
4561 12
4567 6
4573 10
4574 12
4582 12
4590 14
4595 9
4597 14
4602 18
4603 3
4609 11
4616 18
4617 13
4622 11
4628 13
4634 1
4643 19
4645 13
4650 12
4658 20
4660 11
4667 5
4673 17
4675 15
4677 3
4684 11
4690 5
4697 15
4699 15
4701 19
4703 16
4705 13
4711 3
4718 11
4725 15
4727 1
4737 9
4739 7
4742 12
4748 14
4755 5
4762 5
4768 18
4769 19
4771 11
4778 19
4780 18
4781 2
4792 12
4800 21
4804 17
4806 15
4808 5
4814 7
4817 18
4818 2
4827 2
4838 3
4844 19
4846 19
4848 3
4855 10
4858 3
4864 10
4867 10
4868 12
4876 11
4882 4
4888 17
4890 13
4896 10
4899 12
4907 17
4909 18
4910 19
4912 1
4921 9
4922 18
4923 11
4929 20
4931 18
4932 12
4938 5
4945 12
4953 5
4960 11
4966 13
4971 18
4972 2
4983 12
4989 15
4991 17
4993 16
4995 10
4996 16
4998 2
5007 12
5013 5
5019 3
5026 6
5034 11
5041 21
5045 11
5052 6
5058 12
5064 15
5066 14
5071 11
5078 12
5086 20
5088 16
5090 10
5091 18
5092 16
5094 16
5096 20
5098 7
5100 12
5108 11
5115 12
5123 15
5125 3
5132 21
5136 11
5143 15
5145 21
5149 5
5156 5
5163 12
5169 5
5175 17
5177 14
5184 11
5191 10
5194 4
5202 13
5207 4
5213 16
5215 7
5217 2
5228 11
5234 15
5236 2
5245 1
5254 12
5260 14
5267 12
5273 12
5279 6
5287 8
5291 9
5293 10
5296 5
5302 20
5304 18
5305 11
5311 3
5318 7
5320 8
5324 4
5330 11
5336 8
5340 1
5349 21
5353 9
5354 14
5359 19
5361 12
5369 7
5372 11
5378 12
5384 7
5387 18
5388 2
5399 15
5401 11
5408 11
5414 14
5421 16
5423 16
5425 16
5427 13
5432 1
5441 18
5442 2
5453 21
5457 16
5459 7
5461 12
5467 5
5474 3
5480 11
5486 14
5491 2
5500 9
5501 14
5508 2
5519 16
5521 4
5529 18
5530 20
5532 19
5534 7
5536 17
5538 2
5547 11
5553 11
5560 18
5561 6
5567 1
5576 13
5582 12
5588 20
5590 15
5592 10
5593 11
5599 9
5600 18
5601 10
5602 17
5604 3
5611 20
5613 11
5619 6
5627 5
5634 18
5635 2
5644 8
5646 11
5653 15
5655 20
5657 6
5663 12
5669 13
5674 17
5676 16
5678 18
5679 13
5684 8
5688 18
5689 12
5697 18
5698 5
5704 2
5713 21
5717 7
5720 11
5726 5
5732 21
5736 5
5743 2
5752 2
5761 5
5767 18
5768 20
5770 12
5776 12
5784 11
5790 15
5792 12
5800 12
5808 5
5815 3
5821 18
5822 11
5828 6
5836 13
5841 18
5842 12
5848 8
5850 18
5851 3
5858 8
5860 12
5866 20
5868 20
5870 11
5877 11
5883 18
5884 12
5892 1
5901 11
5908 18
5909 16
5911 18
5912 1
5921 21
5925 9
5926 4
5934 12
5940 18
5941 13
5946 21
5950 10
5951 13
5957 12
5963 8
5967 17
5969 17
5971 9
5973 20
5975 7
5978 3
5984 16
5986 16
5988 20
5990 11
5997 11
6004 21
6008 6
6016 1
6026 13
6032 11
6039 16
6041 20
6043 18
6044 4
6050 2
6059 21
6063 19
6065 4
6071 12
6077 19
6079 9
6080 6
6086 14
6093 15
6095 10
6098 3
6105 11
6112 15
6114 12
6120 1
6129 17
6131 9
6133 16
6135 16
6137 15
6139 16
6141 11
6147 10
6150 9
6151 14
6158 8
6160 7
6162 12
6170 13
6175 12
6183 18
6184 3
6190 3
6196 12
6202 16
6204 12
6212 11
6219 18
6220 16
6222 1
6231 1
6240 9
6241 11
6248 10
6249 16
6251 12
6259 21
6263 1
6273 11
6279 9
6280 20
6282 10
6285 15
6287 11
6294 11
6301 9
6303 9
6305 19
6307 7
6309 11
6316 20
6318 6
6326 1
6336 11
6343 12
6349 10
6350 2
6359 5
6365 19
6367 18
6368 15
6370 9
6372 3
6378 18
6379 12
6385 11
6391 12
6399 7
6402 17
6404 1
6414 11
6421 21
6425 6
6431 18
6432 12
6440 19
6442 18
6443 3
6449 6
6455 9
6457 9
6459 12
6465 7
6467 19
6469 10
6470 3
6476 2
6485 9
6487 21
6491 9
6493 12
6499 8
6503 17
6505 8
6509 16
6511 3
6518 11
6525 19
6527 1
6536 7
6539 1
6548 12
6556 12
6564 8
6568 10
6569 17
6571 8
6575 7
6577 5
6584 16
6586 5
6593 13
6599 5
6606 9
6608 12
6616 5
6623 5
6630 1
6640 15
6642 2
6651 21
6655 15
6657 16
6659 14
6664 8
6668 17
6670 13
6676 16
6678 20
6680 11
6686 3
6693 10
6696 11
6703 11
6709 21
6713 2
6724 17
6726 3
6732 8
6734 10
6737 11
6744 6
6752 1
6762 11
6768 5
6774 12
6780 13
6785 21
6789 8
6791 11
6797 5
6803 15
6805 8
6809 16
6811 7
6814 4
6820 16
6822 5
6828 18
6829 3
6836 21
6840 1
6850 13
6855 13
6861 12
6867 20
6869 9
6870 8
6872 18
6873 16
6875 4
6881 15
6883 12
6891 13
6897 11
6904 11
6911 1
6921 12
6929 12
6937 19
6939 11
6945 12
6951 19
6953 14
6958 17
6960 2
6969 20
6971 2
6982 11
6989 18
6990 18
6991 11
6998 5
7005 21
7009 12
7015 11
7021 11
7027 7
7029 14
7036 7
7039 17
7041 12
7049 10
7050 9
7052 19
7054 18
7055 15
7057 4
7063 11
7070 16
7072 11
7078 20
7080 18
7081 21
7085 18
7086 20
7088 15
7090 7
7093 19
7095 12
7103 18
7104 11
7110 3
7116 12
7124 16
7126 19
7128 19
7130 20
7132 20
7134 9
7136 6
7142 15
7144 5
7150 18
7151 1
7161 17
7163 12
7169 15
7171 5
7178 13
7184 6
7192 12
7200 12
7208 11
7215 12
7223 2
7232 2
7241 8
7243 1
7252 11
7259 19
7261 18
7262 12
7268 9
7269 12
7275 1
7285 5
7291 17
7293 5
7300 8
7304 7
7306 7
7309 11
7316 1
7326 19
7328 17
7330 5
7337 16
7339 21
7343 3
7349 5
7355 3
7362 16
7364 19
7366 11
7373 9
7374 21
7378 4
7386 7
7389 12
7397 20
7399 17
7401 18
7402 12
7408 17
7410 18
7411 18
7412 18
7413 12
7419 18
7420 18
7421 16
7423 11
7429 11
7436 14
7443 11
7449 11
7456 16
7458 15
7460 6
7468 20
7470 15
7472 12
7478 20
7480 15
7482 19
7484 15
7486 2
7497 11
7504 9
7506 12
7514 15
7516 10
7519 6
7527 11
7534 6
7542 3
7549 10
7552 11
7559 18
7560 20
7562 9
7564 18
7565 9
7566 2
7577 1
7587 9
7588 18
7589 15
7591 4
7597 6
7605 17
7607 16
7609 10
7610 15
7612 11
7618 13
7623 10
7626 3
7633 13
7638 20
7640 14
7645 16
7647 4
7653 10
7654 12
7662 3
7668 5
7675 2
7686 20
7688 15
7690 18
7691 16
7693 4
7701 11
7708 2
7719 14
7726 18
7727 18
7728 5
7734 14
7739 9
7740 5
7746 13
7752 1
7762 21
7766 15
7768 9
7769 11
7776 18
7777 16
7779 9
7780 21
7784 3
7790 8
7792 12
7798 7
7800 12
7808 16
7810 16
7812 11
7819 20
7821 11
7828 18
7829 12
7835 4
7843 17
7845 3
7852 11
7858 17
7860 11
7867 3
7873 21
7877 18
7878 1
7887 11
7893 16
7895 17
7897 18
7898 2
7907 4
7913 18
7914 2
7923 11
7929 8
7933 9
7935 14
7940 18
7941 11
7948 17
7950 12
7958 3
7964 15
7966 18
7967 17
7969 14
7974 12
7980 5
7986 21
7990 4
7998 2
8009 18
8010 18
8011 18
8012 15
8014 16
8016 1
8026 9
8028 17
8030 12
8036 18
8037 6
8043 3
8049 12
8055 11
8061 21
8065 12
8073 14
8078 9
8079 12
8087 13
8093 12
8099 15
8101 11
8107 8
8111 2
8120 2
8129 12
8135 15
8137 2
8148 10
8151 19
8153 13
8158 5
8164 16
8166 12
8172 12
8180 3
8187 11
8193 18
8194 6
8202 11
8209 6
8215 16
8217 11
8223 18
8224 6
8232 19
8234 11
8241 11
8247 18
8248 13
8254 20
8256 1
8265 21
8269 3
8275 5
8282 16
8284 12
8290 6
8298 2
8309 8
8311 12
8319 12
8327 18
8328 11
8335 16
8337 15
8339 17
8341 8
8345 14
8352 14
8357 11
8363 6
8371 20
8373 3
8380 13
8385 15
8387 18
8388 20
8390 18
8391 21
8395 4
8401 10
8402 12
8410 7
8412 15
8414 11
8421 2
8430 18
8431 12
8437 7
8439 10
8442 19
8444 8
8448 11
8454 15
8456 19
8458 12
8466 6
8474 21
8478 7
8480 9
8482 11
8488 3
8494 3
8501 15
8503 10
8504 5
8511 12
8517 12
8525 3
8532 7
8534 13
8539 16
8541 8
8545 11
8552 7
8555 11
8561 16
8563 20
8565 13
8571 18
8572 3
8578 17
8580 18
8581 12
8589 20
8591 15
8593 18
8594 21
8598 12
8606 6
8612 3
8619 6
8627 9
8629 20
8631 14
8638 10
8639 3
8645 21
8649 11
8656 11
8663 14
8668 20
8670 1
8679 14
8686 18
8687 14
8694 8
8696 19
8698 16
8700 18
8701 9
8703 18
8704 11
8711 5
8718 19
8720 12
8728 12
8734 20
8736 15
8738 14
8745 2
8754 16
8756 20
8758 11
8765 16
8767 11
8774 8
8776 16
8778 14
8783 9
8784 8
8788 8
8792 20
8794 4
8800 6
8806 7
8808 4
8814 5
8820 11
8826 2
8835 14
8842 18
8843 14
8848 5
8854 12
8860 9
8861 3
8868 15
8870 6
8876 4
8882 18
8883 11
8890 20
8892 14
8899 10
8902 8
8906 3
8912 18
8913 5
8919 19
8921 2
8930 14
8937 11
8943 12
8949 7
8951 15
8953 20
8955 7
8958 4
8964 15
8966 6
8972 12
8980 17
8982 18
8983 8
8985 12
8991 1
9000 6
9006 12
9012 8
9016 15
9018 5
9025 2
9036 10
9037 18
9038 11
9045 11
9051 8
9053 15
9055 1
9064 10
9067 5
9073 20
9075 15
9077 21
9081 6
9089 12
9095 15
9097 5
9103 12
9111 18
9112 16
9114 13
9119 11
9125 9
9126 8
9128 1
9137 3
9143 12
9151 18
9152 16
9154 7
9156 5
9162 20
9164 17
9166 14
9173 12
9181 21
9185 11
9191 9
9192 17
9194 6
9202 18
9203 21
9207 13
9212 14
9217 15
9219 16
9221 7
9224 19
9226 5
9233 14
9238 4
9244 9
9245 21
9249 15
9251 9
9253 15
9255 12
9261 20
9263 5
9270 2
9279 12
9287 15
9289 5
9295 12
9303 18
9304 4
9312 14
9319 14
9326 6
9334 16
9336 13
9341 10
9344 8
9346 19
9348 3
9354 1
9364 7
9366 15
9368 1
9378 19
9380 13
9385 7
9388 19
9390 19
9392 13
9398 12
9406 16
9408 5
9414 6
9422 21
9426 12
9432 2
9443 7
9445 9
9446 21
9450 18
9451 20
9453 16
9455 15
9457 7
9459 11
9465 6
9473 12
9479 11
9486 15
9488 20
9490 1
9499 1
9509 15
9511 7
9513 7
9516 11
9522 1
9531 5
9538 20
9540 3
9547 14
9552 2
9561 21
9565 9
9566 1
9576 14
9581 2
9590 5
9596 4
9602 16
9604 11
9610 11
9616 5
9622 10
9625 11
9631 3
9637 20
9639 19
9641 18
9642 14
9647 15
9649 12
9655 15
9657 1
9667 10
9670 20
9672 16
9674 16
9676 19
9678 4
9686 17
9688 11
9695 4
9701 12
9707 5
9714 14
9719 12
9725 10
9728 12
9736 17
9738 11
9745 6
9751 18
9752 5
9759 5
9766 4
9774 12
9780 1
9790 13
9795 21
9799 8
9803 1
9812 19
9814 18
9815 17
9817 18
9818 3
9824 9
9825 11
9831 19
9833 14
9838 9
9840 14
9847 1
9857 18
9858 6
9864 11
9871 10
9872 10
9875 2
9886 12
9894 5
9900 17
9902 12
9910 5
9917 17
9919 17
9921 20
9923 11
9929 4
9935 17
9937 13
9942 6
9950 14
9955 16
9957 18
9958 17
9960 2
9971 14
9976 13
9981 4
9987 3
9993 11
10000 12
10008 8
10010 11
10017 6
10025 18
10026 4
10034 16
10036 5
10042 17
10044 10
10045 13
10050 11
10057 17
10059 18
10060 19
10062 3
10068 9
10070 12
10078 11
10084 14
10091 21
10095 17
10097 15
10099 8
10103 12
10111 11
10117 2
10128 15
10130 5
10137 14
10144 6
10152 20
10154 19
10156 21
10160 2
10171 3
10177 16
10179 11
10186 7
10189 7
10191 16
10193 18
10194 21
10198 1
10208 9
10210 19
10212 6
10218 10
10221 16
10223 16
10225 11
10231 12
10237 15
10239 7
10242 8
10244 5
10251 5
10258 19
10260 19
10262 15
10264 17
10266 11
10273 17
10275 20
10277 14
10282 7
10285 8
10287 7
10289 10
10290 18
10291 16
10293 11
10300 21
10304 15
10306 10
10309 1
10319 8
10323 1
10332 8
10336 4
10342 8
10344 9
10346 11
10353 11
10359 2
10370 21
10374 15
10376 11
10383 3
10390 11
10397 19
10399 14
10406 11
10413 18
10414 12
10420 11
10427 19
10429 11
10435 11
10441 3
10448 20
10450 4
10456 3
10463 12
10471 3
10478 21
10482 21
10486 3
10493 5
10500 9
10502 19
10504 12
10512 12
10520 18
10521 4
10529 8
10531 19
10533 1
10543 8
10547 2
10556 10
10559 10
10560 12
10566 11
10572 3
10578 9
10579 12
10585 1
10595 17
10597 11
10603 4
10611 8
10613 12
10619 15
10621 20
10623 21
10627 14
10632 15
10634 11
10640 20
10642 17
10644 20
10646 15
10648 2
10657 5
10664 19
10666 15
10668 12
10674 18
10675 20
10677 10
10680 12
10688 4
10696 12
10704 15
10706 7
10709 11
10715 12
10721 19
10723 12
10729 7
10731 6
10737 1
10746 3
10752 16
10754 16
10756 1
10766 18
10767 2
10778 12
10786 5
10792 1
10802 12
10808 14
10815 11
10821 21
10825 3
10831 18
10832 1
10841 11
10848 3
10855 6
10861 5
10868 14
10875 1
10884 12
10890 19
10892 12
10898 5
10904 19
10906 17
10908 1
10917 10
10920 20
10922 10
10925 18
10926 12
10934 15
10936 16
10938 18
10939 5
10946 18
10947 6
10955 11
10961 20
10963 12
10969 11
10975 10
10976 6
10984 8
10988 21
10992 19
10994 1
11003 18
11004 12
11010 18
11011 12
11019 8
11021 16
11023 14
11028 14
11033 11
11040 8
11042 16
11044 20
11046 17
11048 11
11054 11
11061 13
11067 15
11069 5
11076 16
11078 5
11085 14
11090 19
11092 17
11094 20
11096 12
11102 20
11104 19
11106 1
11115 12
11123 6
11131 4
11139 2
11148 11
11154 8
11158 12
11164 10
11167 11
11173 18
11174 8
11178 3
11185 11
11192 11
11199 9
11201 17
11203 1
11213 19
11215 15
11217 18
11218 17
11220 21
11224 4
11230 17
11232 15
11234 12
11242 18
11243 11
11249 12
11257 21
11261 9
11262 14
11267 9
11269 4
11277 11
11284 8
11288 6
11294 12
11300 19
11302 5
11309 14
11316 2
11325 12
11331 2
11342 15
11344 16
11346 5
11353 11
11359 15
11361 11
11367 12
11375 18
11376 12
11382 20
11384 9
11386 11
11392 13
11397 20
11399 19
11401 11
11408 10
11411 15
11413 17
11415 18
11416 12
11422 9
11424 16
11426 9
11428 2
11439 11
11446 16
11448 15
11450 8
11452 7
11455 10
11458 14
11463 8
11465 20
11467 14
11472 3
11478 2
11487 4
11493 10
11494 15
11496 12
11504 18
11505 3
11511 7
11514 12
11522 13
11527 16
11529 8
11533 3
11539 12
11545 12
11551 3
11558 18
11559 19
11561 16
11563 17
11565 10
11568 1
11577 15
11579 17
11581 11
11587 8
11589 14
11596 16
11598 8
11600 16
11602 2
11613 5
11619 2
11628 16
11630 16
11632 7
11635 11
11641 20
11643 11
11649 11
11656 19
11658 2
11667 15
11669 14
11676 12
11682 11
11689 21
11693 18
11694 18
11695 11
11701 7
11703 12
11711 17
11713 12
11719 5
11726 11
11732 14
11737 12
11743 21
11747 13
11753 20
11755 12
11763 3
11770 6
11776 16
11778 16
11780 6
11788 3
11794 17
11796 9
11797 2
11806 8
11808 4
11816 11
11822 5
11828 13
11834 21
11838 11
11844 18
11845 21
11849 1
11858 14
11865 1
11874 16
11876 11
11883 4
11891 5
11897 20
11899 17
11901 3
11907 1
11917 8
11921 4
11929 17
11931 3
11938 13
11943 11
11949 18
11950 10
11953 7
11956 7
11959 6
11965 18
11966 20
11968 3
11975 15
11977 18
11978 14
11983 21
11987 20
11989 7
11991 11
11998 12
12006 20
12008 18
12009 19
12011 11
12018 5
12024 11
12031 14
12038 5
12045 12
12053 17
12055 17
12057 11
12064 12
12072 9
12073 11
12079 9
12080 4
12088 8
12092 21
12096 2
12105 9
12106 17
12108 14
12113 4
12119 11
12125 21
12129 4
12135 7
12138 21
12142 11
12149 3
12155 19
12157 12
12163 10
12166 11
12172 2
12181 12
12187 12
12193 8
12195 12
12203 12
12209 11
12216 4
12224 4
12230 4
12236 9
12238 16
12240 5
12247 10
12248 18
12249 17
12251 6
12259 9
12261 7
12263 5
12269 8
12273 3
12280 6
12286 19
12288 11
12295 2
12304 3
12310 6
12318 6
12326 7
12328 18
12329 12
12335 16
12337 12
12343 13
12349 19
12351 17
12353 9
12354 9
12356 1
12365 12
12373 2
12384 6
12392 17
12394 13
12399 12
12405 16
12407 1
12416 18
12417 15
12419 11
12426 10
12427 20
12429 11
12435 13
12441 8
12443 11
12449 12
12455 13
12461 10
12464 8
12466 19
12468 15
12470 1
12479 15
12481 1
12490 16
12492 9
12494 5
12501 11
12508 14
12515 12
12521 11
12528 21
12532 1
12542 16
12544 18
12545 5
12552 9
12554 18
12555 10
12558 8
12560 12
12568 15
12570 3
12577 11
12584 20
12586 12
12592 6
12600 1
12609 15
12611 20
12613 16
12615 12
12623 16
12625 12
12631 11
12637 17
12639 19
12641 16
12643 10
12646 18
12647 21
12651 18
12652 15
12654 11
12660 11
12666 14
12673 18
12674 21
12678 11
12684 9
12686 15
12688 14
12693 5
12700 4
12706 20
12708 1
12718 21
12722 20
12724 21
12728 4
12736 1
12746 3
12753 5
12759 12
12765 12
12773 11
12780 8
12782 13
12788 13
12793 12
12799 12
12805 11
12811 1
12820 12
12828 3
12835 1
12844 1
12853 10
12854 11
12860 17
12862 3
12869 17
12871 8
12875 13
12881 11
12888 7
12891 13
12896 4
12902 18
12903 4
12909 11
12915 11
12922 21
12926 12
12934 4
12942 12
12950 21
12954 16
12956 18
12957 12
12963 11
12969 15
12971 18
12972 11
12979 12
12987 1
12997 9
12998 1
13008 14
13013 9
13014 7
13017 11
13024 2
13035 18
13036 11
13042 1
13052 11
13058 7
13061 8
13063 17
13065 18
13066 5
13073 20
13075 11
13081 15
13083 14
13090 11
13097 20
13099 11
13105 16
13107 19
13109 18
13110 6
13118 15
13120 21
13124 21
13128 21
13132 7
13135 6
13141 17
13143 11
13150 4
13156 3
13163 12
13171 12
13179 6
13187 19
13189 10
13192 3
13198 18
13199 18
13200 9
13202 15
13204 18
13205 21
13209 15
13211 17
13213 7
13216 7
13218 16
13220 11
13227 21
13231 19
13233 12
13239 12
13247 7
13250 10
13253 19
13255 9
13257 11
13264 6
13272 15
13274 18
13275 15
13277 13
13282 11
13288 19
13290 7
13292 6
13298 20
13300 11
13306 11
13312 21
13316 16
13318 7
13320 13
13325 21
13329 3
13336 10
13337 11
13343 6
13349 11
13356 3
13362 12
13370 5
13377 16
13379 10
13380 16
13382 17
13384 8
13386 15
13388 15
13390 1
13400 8
13402 3
13408 17
13410 3
13416 14
13423 5
13430 10
13433 6
13441 6
13449 8
13451 15
13453 8
13455 11
13462 12
13470 9
13471 2
13480 11
13486 7
13488 12
13494 2
13505 16
13507 18
13508 11
13514 8
13518 13
13523 1
13532 15
13534 12
13540 6
13548 14
13555 14
13562 10
13563 12
13569 7
13571 17
13573 11
13580 17
13582 8
13584 13
13589 18
13590 12
13598 3
13604 18
13605 13
13610 16
13612 5
13618 15
13620 19
13622 2
13631 20
13633 4
13641 1
13650 20
13652 1
13662 10
13663 21
13667 12
13675 17
13677 21
13681 19
13683 20
13685 8
13687 18
13688 13
13694 19
13696 16
13698 11
13704 8
13708 11
13715 17
13717 11
13723 4
13731 18
13732 3
13738 10
13739 10
13742 16
13744 2
13753 12
13761 18
13762 4
13770 5
13776 6
13784 15
13786 8
13788 8
13792 12
13800 16
13802 3
13809 17
13811 20
13813 2
13824 18
13825 18
13826 20
13828 11
13835 11
13841 12
13849 13
13855 12
13863 12
13869 17
13871 12
13877 17
13879 11
13885 12
13891 7
13893 11
13900 19
13902 17
13904 17
13906 16
13908 7
13911 18
13912 13
13917 15
13919 11
13926 4
13934 7
13936 1
13946 4
13952 16
13954 2
13965 13
13970 11
13976 2
13985 15
13987 12
13995 21
13999 19
14001 8
14005 17
14007 17
14009 9
14011 6
14019 14
14024 6
14030 6
14036 5
14043 19
14045 16
14047 5
14053 21
14057 11
14064 1
14073 14
14078 4
14084 11
14091 11
14097 10
14098 12
14106 11
14113 2
14122 2
14131 1
14141 7
14144 20
14146 17
14148 15
14150 4
14158 11
14165 18
14166 20
14168 12
14174 20
14176 2
14185 2
14196 19
14198 18
14199 6
14207 2
14218 3
14225 11
14232 8
14234 12
14240 18
14241 10
14244 20
14246 8
14250 9
14251 12
14257 1
14267 4
14273 1
14282 20
14284 11
14290 11
14296 18
14297 1
14307 21
14311 18
14312 1
14322 9
14324 8
14328 16
14330 17
14332 18
14333 20
14335 16
14337 5
14343 17
14345 14
14352 12
14358 7
14361 11
14367 12
14375 12
14383 11
14389 13
14394 11
14400 11
14406 20
14408 18
14409 11
14416 14
14423 21
14427 12
14435 3
14441 18
14442 20
14444 12
14452 8
14456 17
14458 17
14460 16
14462 2
14471 4
14479 3
14485 3
14492 3
14498 12
14506 5
14512 7
14514 3
14520 12
14526 15
14528 11
14534 18
14535 20
14537 20
14539 8
14543 12
14551 4
14559 18
14560 18
14561 3
14567 19
14569 12
14577 21
14581 21
14585 13
14591 21
14595 12
14601 1
14610 18
14611 20
14613 7
14615 5
14622 12
14628 16
14630 21
14634 4
14642 18
14643 12
14651 20
14653 7
14656 8
14658 7
14660 8
14662 6
14670 11
14677 17
14679 16
14681 12
14687 19
14689 13
14695 7
14697 4
14703 1
14713 20
14715 12
14721 19
14723 21
14727 16
14729 11
14736 15
14738 14
14745 5
14752 15
14754 2
14765 11
14772 14
14777 20
14779 21
14783 18
14784 17
14786 1
14796 9
14797 6
14803 13
14808 7
14811 11
14818 18
14819 14
14824 4
14830 18
14831 9
14832 14
14839 7
14841 14
14846 4
14852 20
14854 11
14860 20
14862 12
14870 18
14871 14
14876 3
14883 11
14889 8
14893 18
14894 12
14902 11
14908 9
14909 21
14913 17
14915 2
14926 2
14937 2
14948 20
14950 10
14953 21
14957 18
14958 11
14964 14
14969 6
14977 7
14980 12
14988 6
14996 15
14998 1
15008 12
15016 17
15018 3
15025 15
15027 11
15034 4
15040 21
15044 2
15053 4
15061 18
15062 13
15068 12
15076 17
15078 5
15085 18
15086 5
15093 17
15095 2
15104 10
15105 20
15107 10
15108 14
15115 20
15117 6
15123 11
15130 6
15138 12
15144 11
15151 11
15157 13
15163 3
15170 19
15172 6
15180 7
15182 7
15184 6
15192 7
15195 6
15201 13
15207 19
15209 16
15211 12
15219 12
15225 8
15229 14
15236 2
15245 15
15247 3
15254 18
15255 21
15259 12
15265 18
15266 7
15269 9
15270 18
15271 4
15277 2
15286 15
15288 11
15295 18
15296 12
15302 11
15308 11
15314 21
15318 3
15325 5
15332 19
15334 3
15341 10
15342 11
15349 7
15352 11
15359 3
15365 5
15372 12
15378 1
15387 15
15389 11
15396 10
15397 8
15399 14
15404 13
15409 9
15411 11
15417 21
15421 12
15427 19
15429 5
15435 10
15438 2
15447 12
15455 16
15457 12
15465 11
15471 6
15477 7
15479 21
15483 16
15485 12
15493 11
15499 7
15502 18
15503 12
15511 1
15520 14
15527 11
15534 18
15535 10
15538 18
15539 7
15541 12
15547 8
15549 2
15558 21
15562 12
15568 10
15571 11
15578 6
15586 16
15588 21
15592 2
15603 3
15609 14
15614 1
15624 15
15626 16
15628 16
15630 10
15631 19
15633 4
15639 18
15640 10
15643 18
15644 3
15650 4
15658 18
15659 19
15661 17
15663 21
15667 13
15673 18
15674 16
15676 4
15684 9
15686 14
15691 1
15700 14
15705 18
15706 9
15707 11
15713 16
15715 6
15723 18
15724 12
15730 10
15733 12
15741 17
15743 3
15749 10
15750 20
15752 12
15758 11
15765 11
15772 19
15774 18
15775 16
15777 11
15783 16
15785 16
15787 2
15796 5
15802 3
15809 18
15810 7
15813 17
15815 12
15821 21
15825 21
15829 21
15833 11
15839 6
15845 6
15851 17
15853 19
15855 12
15863 1
15873 12
15881 9
15882 7
15884 18
15885 11
15892 2
15903 3
15909 6
15915 12
15921 1
15931 7
15933 16
15935 20
15937 2
15948 11
15955 1
15964 20
15966 1
15976 12
15984 5
15991 19
15993 7
15996 10
15997 18
15998 18
15999 20
16001 14
16006 14
16011 12
16019 11
16026 17
16028 20
16030 11
16037 12
16045 17
16047 15
16049 18
16050 3
16056 15
16058 9
16059 10
16062 11
16069 7
16071 6
16077 1
16086 18
16087 20
16089 14
16096 12
16104 15
16106 1
16116 18
16117 11
16123 21
16127 2
16138 4
16144 8
16146 10
16149 6
16157 21
16161 12
16167 11
16174 21
16178 14
16183 15
16185 14
16190 16
16192 12
16200 14
16207 2
16216 18
16217 10
16218 1
16227 11
16233 9
16234 4
16242 1
16252 2
16263 9
16264 11
16270 20
16272 20
16274 15
16276 13
16281 21
16285 18
16286 1
16295 2
16306 17
16308 12
16314 8
16316 15
16318 9
16319 5
16326 5
16332 20
16334 18
16335 15
16337 4
16345 20
16347 15
16349 11
16355 17
16357 9
16359 11
16365 2
16374 15
16376 4
16382 19
16384 2
16395 8
16399 7
16402 5
16408 16
16410 6
16418 13
16424 16
16426 18
16427 15
16429 4
16437 11
16444 19
16446 20
16448 2
16459 20
16461 2
16472 14
16479 7
16481 11
16487 3
16494 11
16500 15
16502 11
16508 18
16509 12
16517 11
16524 19
16526 2
16535 12
16541 8
16543 10
16546 1
16555 11
16561 1
16570 18
16571 10
16574 16
16576 16
16578 1
16587 11
16593 10
16594 17
16596 10
16597 11
16603 10
16606 3
16613 5
16620 18
16621 1
16631 13
16636 18
16637 4
16643 10
16644 17
16646 18
16647 11
16654 5
16660 18
16661 18
16662 8
16666 12
16674 1
16683 4
16689 2
16700 18
16701 6
16707 11
16714 3
16721 8
16725 4
16733 2
16744 16
16746 9
16748 12
16754 15
16756 18
16757 8
16759 4
16765 11
16771 19
16773 1
16782 8
16784 19
16786 2
16797 2
16808 11
16815 11
16822 15
16824 5
16831 9
16832 20
16834 12
16840 15
16842 16
16844 11
16851 5
16857 2
16866 2
16875 6
16883 10
16886 12
16894 1
16903 11
16909 3
16915 8
16917 11
16924 4
16932 12
16940 7
16942 4
16948 5
16954 15
16956 13
16961 1
16971 13
16976 2
16987 11
16993 11
16999 6
17007 3
17014 12
17020 9
17021 3
17027 13
17033 11
17040 4
17048 11
17054 13
17060 2
17069 13
17075 18
17076 18
17077 17
17079 17
17081 12
17089 11
17096 13
17102 11
17109 12
17115 15
17117 17
17119 2
17130 8
17134 18
17135 15
17137 16
17139 12
17147 4
17155 2
17164 4
17170 7
17172 13
17177 7
17179 6
17187 18
17188 14
17195 19
17197 17
17199 13
17204 1
17213 14
17220 12
17226 6
17232 8
17236 5
17242 16
17244 4
17252 17
17254 21
17258 12
17264 11
17270 15
17272 19
17274 18
17275 8
17277 17
17279 1
17289 4
17295 10
17296 17
17298 18
17299 11
17306 1
17315 17
17317 2
17326 12
17334 15
17336 2
17345 16
17347 17
17349 15
17351 11
17357 18
17358 18
17359 6
17367 11
17373 18
17374 4
17380 12
17388 16
17390 12
17396 6
17402 6
17410 10
17413 12
17421 21
17425 10
17428 11
17434 21
17438 15
17440 20
17442 18
17443 4
17451 21
17455 1
17464 10
17467 19
17469 19
17471 18
17472 15
17474 5
17480 5
17487 20
17489 1
17498 7
17500 19
17502 13
17508 17
17510 11
17517 2
17528 5
17534 3
17541 10
17544 16
17546 7
17549 16
17551 6
17557 9
17559 11
17566 11
17573 15
17575 18
17576 3
17582 20
17584 4
17592 11
17598 20
17600 6
17606 11
17613 11
17620 19
17622 11
17628 7
17631 18
17632 19
17634 21
17638 1
17647 4
17653 3
17660 2
17671 21
17675 12
17683 11
17689 12
17695 2
17704 18
17705 5
17712 2
17721 18
17722 6
17728 14
17735 8
17737 5
17744 11
17750 7
17752 21
17756 15
17758 18
17759 21
17763 6
17771 12
17779 8
17781 9
17783 3
17790 10
17791 9
17792 5
17799 10
17800 2
17811 1
17821 19
17823 18
17824 5
17830 17
17832 12
17838 18
17839 18
17840 11
17847 1
17857 20
17859 10
17860 12
17868 14
17873 19
17875 6
17883 20
17885 17
17887 10
17890 14
17895 11
17902 19
17904 12
17910 6
17918 3
17924 1
17934 12
17942 4
17950 1
17959 7
17961 4
17969 13
17975 9
17977 12
17985 6
17993 5
18000 14
18005 16
18007 18
18008 11
18015 12
18023 2
18034 11
18041 19
18043 11
18049 18
18050 4
18058 20
18060 3
18066 8
18070 15
18072 1
18081 7
18083 6
18089 10
18090 1
18099 14
18106 2
18115 19
18117 10
18120 13
18126 11
18133 13
18138 11
18144 17
18146 18
18147 6
18153 18
18154 3
18160 9
18162 10
18165 4
18171 3
18178 13
18184 11
18190 18
18191 4
18197 1
18207 16
18209 15
18211 1
18220 3
18226 17
18228 8
18230 5
18236 11
18242 3
18249 7
18251 11
18257 18
18258 12
18266 13
18271 13
18277 21
18281 4
18289 17
18291 8
18295 18
18296 2
18305 14
18310 11
18317 17
18319 13
18324 1
18333 11
18340 1
18350 1
18360 15
18362 18
18363 13
18368 17
18370 11
18376 9
18378 16
18380 9
18382 3
18388 17
18390 4
18396 20
18398 17
18400 3
18407 9
18409 12
18415 15
18417 3
18424 8
18428 11
18435 16
18437 9
18438 11
18444 2
18455 17
18457 11
18463 9
18464 13
18469 14
18474 18
18475 15
18477 20
18479 11
18486 1
18496 12
18504 19
18506 17
18508 13
18514 4
18520 11
18527 13
18533 2
18542 3
18548 18
18549 4
18557 9
18559 20
18561 16
18563 4
18571 21
18575 9
18576 3
18583 11
18589 12
18595 13
18600 2
18609 3
18615 20
18617 14
18622 11
18629 12
18637 8
18641 20
18643 18
18644 12
18652 12
18660 11
18667 3
18674 19
18676 2
18687 20
18689 12
18695 12
18703 10
18704 12
18710 11
18717 2
18728 11
18735 2
18744 16
18746 18
18747 4
18755 11
18761 12
18769 20
18771 14
18778 12
18786 16
18788 11
18795 1
18804 13
18810 3
18816 4
18824 12
18830 3
18837 9
18839 8
18843 12
18851 7
18854 12
18862 12
18870 12
18876 15
18878 8
18880 3
18886 19
18888 21
18892 11
18898 15
18900 11
18906 11
18913 9
18915 11
18922 18
18923 4
18931 4
18939 15
18941 18
18942 13
18947 8
18951 8
18953 10
18956 17
18958 14
18965 11
18971 5
18978 4
18986 2
18997 20
18999 14
19006 4
19014 7
19016 1
19026 17
19028 21
19032 11
19039 11
19046 8
19050 9
19051 18
19052 20
19054 1
19063 12
19071 19
19073 7
19075 14
19080 8
19082 3
19088 11
19094 5
19101 14
19106 21
19110 11
19117 13
19123 14
19130 5
19137 11
19144 8
19146 13
19151 19
19153 20
19155 9
19156 15
19158 5
19164 16
19166 10
19169 11
19175 17
19177 11
19184 9
19186 11
19193 11
19200 9
19202 16
19204 19
19206 20
19208 18
19209 1
19218 1
19228 1
19238 16
19240 12
19248 6
19256 20
19258 21
19262 9
19264 2
19273 9
19275 20
19277 13
19282 11
19288 6
19296 15
19298 5
19304 13
19310 1
19319 10
19320 12
19328 12
19336 20
19338 7
19340 6
19348 11
19354 20
19356 12
19364 14
19369 10
19372 10
19375 1
19385 18
19386 6
19392 20
19394 6
19400 9
19402 12
19410 4
19416 10
19419 11
19425 11
19432 9
19433 18
19434 17
19436 2
19445 2
19456 1
19466 4
19474 13
19479 14
19484 11
19491 16
19493 17
19495 9
19496 7
19499 3
19506 15
19508 4
19514 1
19524 19
19526 8
19528 19
19530 6
19538 17
19540 2
19549 19
19551 9
19552 12
19558 18
19559 1
19568 5
19574 6
19580 18
19581 11
19587 5
19594 7
19597 10
19600 11
19606 11
19612 14
19619 12
19625 7
19628 10
19631 13
19637 20
19639 15
19641 5
19647 3
19653 15
19655 17
19657 9
19659 14
19666 10
19667 11
19674 8
19676 18
19677 13
19683 4
19691 11
19697 10
19698 8
19702 6
19710 8
19712 14
19717 2
19726 11
19732 11
19739 21
19743 13
19749 9
19751 8
19755 8
19759 12
19767 18
19768 21
19772 13
19777 21
19781 15
19783 15
19785 9
19786 19
19788 17
19790 19
19792 11
19799 11
19806 19
19808 12
19814 10
19817 15
19819 11
19826 3
19832 11
19838 13
19844 12
19852 11
19859 19
19861 17
19863 1
19873 15
19875 18
19876 19
19878 14
19883 9
19885 20
19887 16
19889 18
19890 6
19898 7
19901 19
19903 13
19909 21
19913 15
19915 11
19922 3
19928 11
19935 5
19942 12
19950 4
19958 2
19967 3
19973 13
19979 6
19987 17
19989 6
19995 6
20003 13
20009 19
20011 18
20012 15
20014 17
20016 12
20024 12
20032 12
20038 11
20045 14
20052 17
20054 21
20058 3
20065 12
20071 18
20072 14
20079 14
20084 1
20093 10
20096 7
20099 11
20105 13
20110 1
20119 7
20121 19
20123 7
20126 2
20135 12
20143 4
20151 20
20153 20
20155 17
20157 6
20165 19
20167 14
20174 5
20180 3
20186 6
20192 12
20198 18
20199 2
20210 10
20211 10
20212 21
20216 4
20222 11
20228 11
20235 5
20242 13
20248 10
20251 18
20252 10
20253 19
20255 20
20257 11
20264 19
20266 11
20273 10
20274 6
20282 6
20290 13
20296 17
20298 4
20304 12
20310 18
20311 18
20312 21
20316 6
20324 16
20326 21
20330 11
20337 8
20339 6
20345 4
20353 20
20355 5
20361 10
20364 11
20370 9
20371 18
20372 11
20378 14
20383 6
20389 19
20391 18
20392 20
20394 4
20400 16
20402 13
20407 13
20412 11
20418 7
20421 3
20427 4
20435 19
20437 20
20439 17
20441 4
20449 17
20451 1
20460 16
20462 5
20469 10
20472 11
20479 5
20486 11
20492 8
20494 11
20500 15
20502 11
20509 16
20511 8
20513 11
20519 2
20530 18
20531 4
20537 1
20546 12
20554 8
20558 4
20564 11
20570 11
20576 11
20583 11
20590 20
20592 3
20598 10
20601 11
20608 13
20613 4
20619 12
20625 7
20628 17
20630 9
20631 1
20640 13
20645 11
20651 13
20656 17
20658 1
20668 11
20674 21
20678 17
20680 18
20681 20
20683 11
20690 14
20697 14
20702 14
20707 15
20709 9
20710 3
20717 11
20723 2
20734 11
20740 21
20744 4
20752 13
20757 13
20763 1
20773 6
20781 7
20783 20
20785 18
20786 6
20792 5
20798 19
20800 19
20802 5
20808 16
20810 20
20812 18
20813 6
20819 12
20827 12
20833 15
20835 7
20837 12
20845 12
20853 3
20859 19
20861 18
20862 5
20869 17
20871 6
20877 15
20879 5
20885 6
20891 14
20898 7
20900 16
20902 9
20904 10
20907 7
20909 5
20915 3
20922 15
20924 11
20931 5
20937 19
20939 11
20945 14
20950 11
20957 4
20963 18
20964 18
20965 6
20971 11
20977 7
20980 16
20982 1
20992 11
20999 14
21004 14
21009 8
21013 1
21023 18
21024 12
21032 16
21034 13
21039 13
21045 12
21053 21
21057 21
21061 7
21064 11
21071 8
21075 4
21081 19
21083 14
21090 8
21092 11
21098 6
21104 11
21111 12
21119 1
21128 3
21135 17
21137 14
21144 11
21151 19
21153 9
21155 11
21161 3
21168 7
21171 4
21177 18
21178 10
21181 12
21189 17
21191 16
21193 19
21195 18
21196 8
21200 6
21208 10
21211 1
21221 15
21223 11
21230 5
21236 2
21245 12
21253 21
21257 19
21259 17
21261 5
21267 4
21275 9
21276 17
21278 3
21285 12
21293 3
21300 5
21306 6
21314 15
21316 4
21324 19
21326 11
21332 12
21340 18
21341 17
21343 3
21349 18
21350 6
21358 20
21360 11
21367 17
21369 16
21371 4
21379 16
21381 16
21383 17
21385 12
21393 16
21395 9
21396 19
21398 2
21407 11
21413 18
21414 18
21415 17
21417 16
21419 7
21422 10
21423 17
21425 16
21427 18
21428 17
21430 17
21432 8
21436 11
21443 2
21454 15
21456 4
21464 8
21468 13
21474 2
21485 2
21496 4
21502 12
21510 18
21511 6
21517 21
21521 19
21523 11
21530 11
21537 15
21539 19
21541 6
21549 20
21551 18
21552 19
21554 14
21561 17
21563 6
21571 11
21577 20
21579 10
21580 14
21587 11
21594 5
21601 4
21609 1
21619 21
21623 14
21630 15
21632 9
21633 18
21634 7
21637 18
21638 16
21640 17
21642 7
21645 8
21649 11
21656 12
21664 6
21670 10
21671 1
21680 10
21683 11
21690 9
21691 21
21695 2
21704 8
21708 18
21709 15
21711 13
21716 12
21724 5
21731 4
21739 13
21744 11
21751 9
21752 2
21761 19
21763 11
21770 11
21776 11
21783 14
21788 16
21790 5
21796 14
21801 11
21807 1
21817 19
21819 8
21821 16
21823 5
21830 18
21831 7
21833 19
21835 21
21839 12
21847 12
21855 12
21863 15
21865 12
21871 13
21876 15
21878 18
21879 13
21884 13
21889 12
21897 17
21899 13
21904 3
21911 8
21913 18
21914 16
21916 2
21925 16
21927 11
21933 19
21935 11
21942 9
21944 15
21946 2
21957 12
21965 9
21967 11
21974 1
21983 6
21989 9
21991 3
21998 12
22004 8
22008 1
22018 11
22025 10
22026 2
22035 10
22036 5
22042 18
22043 6
22049 18
22050 21
22054 3
22060 18
22061 12
22067 21
22071 19
22073 17
22075 17
22077 11
22084 16
22086 18
22087 14
22092 10
22095 11
22101 19
22103 18
22104 13
22110 10
22111 12
22117 11
22124 3
22130 11
22137 13
22143 6
22149 1
22159 2
22168 6
22176 16
22178 6
22184 14
22189 6
22197 19
22199 8
22203 3
22209 12
22215 8
22219 12
22225 6
22231 15
22233 21
22237 14
22244 13
22250 11
22256 5
22262 18
22263 1
22272 2
22281 15
22283 18
22284 5
22291 18
22292 20
22294 1
22303 9
22304 11
22310 1
22319 5
22326 5
22332 18
22333 16
22335 3
22342 21
22346 12
22352 15
22354 10
22357 16
22359 14
22366 7
22368 4
22376 17
22378 12
22384 14
22391 7
22393 5
22399 16
22401 17
22403 13
22408 8
22412 11
22418 19
22420 18
22421 12
22427 12
22435 10
22436 16
22438 8
22442 14
22447 15
22449 1
22459 21
22463 17
22465 4
22473 5
22480 8
22484 10
22487 11
22493 1
22502 2
22511 9
22513 10
22514 3
22521 9
22522 16
22524 11
22530 6
22538 20
22540 6
22548 1
22558 6
22564 21
22568 9
22569 12
22577 11
22583 12
22591 20
22593 17
22595 18
22596 3
22603 7
22606 19
22608 20
22610 18
22611 6
22619 7
22622 6
22628 12
22634 7
22636 11
22642 18
22643 13
22649 20
22651 12
22657 7
22659 2
22670 9
22671 12
22679 10
22680 7
22683 15
22685 13
22690 5
22697 21
22701 15
22703 6
22709 10
22710 21
22714 2
22725 20
22727 16
22729 5
22736 7
22739 5
22746 18
22747 6
22753 4
22761 18
22762 15
22764 8
22766 12
22772 16
22774 7
22777 16
22779 9
22780 13
22786 14
22791 10
22794 19
22796 2
22807 6
22813 11
22819 19
22821 12
22829 14
22836 11
22842 9
22843 17
22845 11
22852 11
22859 21
22863 10
22866 6
22872 1
22881 6
22887 16
22889 12
22897 8
22901 11
22908 20
22910 16
22912 1
22921 16
22923 1
22932 12
22938 20
22940 21
22944 19
22946 11
22952 9
22953 18
22954 19
22956 6
22962 8
22964 15
22966 11
22973 5
22979 17
22981 8
22985 11
22991 14
22998 11
23004 15
23006 12
23012 18
23013 12
23021 6
23029 16
23031 15
23033 4
23039 18
23040 11
23047 12
23053 8
23057 20
23059 9
23060 11
23066 20
23068 5
23074 5
23080 7
23082 21
23086 11
23093 3
23100 8
23104 11
23110 11
23116 2
23125 2
23134 3
23141 9
23142 17
23144 12
23152 14
23157 19
23159 21
23163 6
23169 21
23173 4
23181 17
23183 9
23185 13
23191 11
23198 21
23202 10
23205 18
23206 5
23213 12
23221 16
23223 18
23224 10
23227 2
23236 18
23237 7
23240 1
23250 15
23252 11
23259 11
23265 14
23270 12
23278 5
23285 11
23291 12
23297 19
23299 13
23305 6
23311 2
23320 18
23321 18
23322 8
23326 5
23333 5
23340 8
23344 16
23346 14
23353 4
23359 5
23366 12
23374 5
23381 15
23383 15
23385 21
23389 12
23395 15
23397 14
23402 10
23403 1
23412 16
23414 3
23421 11
23427 11
23433 16
23435 12
23441 14
23448 9
23450 1
23459 19
23461 2
23472 21
23476 18
23477 20
23479 11
23486 7
23488 17
23490 20
23492 19
23494 9
23496 12
23504 7
23506 20
23508 10
23509 11
23515 2
23526 7
23528 12
23534 10
23537 10
23540 12
23546 16
23548 4
23556 13
23562 11
23569 18
23570 20
23572 4
23580 2
23589 8
23591 8
23593 11
23600 5
23607 15
23609 14
23614 7
23617 11
23623 3
23630 5
23636 14
23641 18
23642 18
23643 20
23645 13
23651 4
23657 5
23664 19
23666 18
23667 20
23669 9
23670 19
23672 11
23678 10
23681 11
23688 11
23694 11
23701 12
23707 19
23709 2
23720 14
23727 21
23731 15
23733 4
23741 14
23748 20
23750 17
23752 17
23754 21
23758 6
23766 13
23772 11
23778 5
23784 19
23786 2
23797 14
23804 16
23806 20
23808 11
23815 18
23816 12
23824 16
23826 13
23831 20
23833 18
23834 12
23840 21
23844 19
23846 11
23852 12
23860 9
23861 11
23867 9
23869 1
23878 4
23884 3
23890 11
23897 8
23899 2
23910 2
23921 1
23931 12
23939 21
23943 4
23949 11
23955 16
23957 10
23958 8
23960 17
23962 13
23967 12
23973 6
23981 1
23990 14
23997 1
24007 11
24013 9
24015 21
24019 11
24026 6
24034 4
24040 12
24048 14
24053 14
24060 15
24062 14
24069 11
24075 4
24083 11
24090 1
24099 17
24101 21
24105 12
24111 16
24113 16
24115 7
24118 20
24120 14
24125 10
24126 15
24128 18
24129 11
24135 18
24136 20
24138 18
24139 21
24143 15
24145 9
24147 1
24157 5
24164 20
24166 15
24168 2
24179 2
24188 5
24194 12
24202 2
24213 12
24219 7
24222 11
24229 14
24234 11
24240 9
24242 5
24248 11
24255 3
24262 5
24268 10
24269 18
24270 9
24271 12
24277 18
24278 16
24280 9
24281 12
24289 18
24290 20
24292 4
24300 16
24302 20
24304 16
24306 6
24314 20
24316 9
24318 1
24328 7
24330 19
24332 1
24341 3
24347 10
24350 10
24351 15
24353 12
24359 3
24366 15
24368 3
24375 18
24376 15
24378 16
24380 11
24387 9
24389 18
24390 1
24399 13
24404 1
24413 17
24415 3
24422 15
24424 17
24426 3
24432 11
24438 13
24444 6
24450 16
24452 4
24458 10
24461 11
24468 12
24474 17
24476 10
24477 20
24479 3
24485 15
24487 14
24494 11
24500 11
24507 2
24518 4
24524 18
24525 12
24533 11
24540 2
24551 19
24553 18
24554 11
24560 4
24566 7
24568 8
24570 11
24576 11
24583 4
24589 10
24590 20
24592 14
24597 11
24603 3
24609 11
24616 17
24618 17
24620 20
24622 8
24626 6
24632 2
24643 12
24651 9
24652 19
24654 11
24661 6
24669 16
24671 11
24678 11
24685 6
24693 11
24700 10
24701 21
24705 19
24707 2
24716 15
24718 21
24722 7
24724 16
24726 4
24734 13
24739 17
24741 11
24747 21
24751 10
24754 12
24762 17
24764 7
24767 14
24774 11
24781 4
24787 9
24789 17
24791 8
24795 17
24797 20
24799 12
24805 2
24816 18
24817 6
24823 6
24831 11
24838 12
24846 8
24850 21
24854 21
24858 13
24863 11
24869 18
24870 20
24872 11
24878 12
24886 11
24892 8
24896 19
24898 9
24899 13
24904 11
24910 11
24917 14
24922 18
24923 18
24924 12
24932 17
24934 2
24945 20
24947 3
24953 16
24955 21
24959 16
24961 12
24969 1
24978 21
24982 7
24984 9
24985 6
24991 8
24993 19
24995 10
24998 2
25009 6
25015 21
25019 9
25020 11
25027 9
25029 10
25032 11
25039 17
25041 3
25047 18
25048 6
25056 18
25057 7
25059 18
25060 10
25063 4
25069 18
25070 16
25072 3
25078 9
25079 6
25087 9
25088 15
25090 1
25100 13
25105 11
25111 12
25119 3
25125 20
25127 8
25131 9
25132 15
25134 15
25136 11
25142 21
25146 13
25152 8
25154 5
25160 21
25164 1
25174 7
25176 11
25183 6
25189 8
25193 1
25203 11
25209 3
25215 20
25217 21
25221 12
25227 20
25229 12
25235 11
25241 15
25243 1
25253 18
25254 19
25256 15
25258 17
25260 3
25266 2
25275 2
25284 20
25286 16
25288 18
25289 18
25290 1
25300 14
25305 11
25312 4
25318 6
25326 9
25327 11
25333 1
25342 11
25349 15
25351 4
25359 11
25365 6
25371 12
25377 17
25379 11
25385 9
25387 1
25397 12
25403 11
25410 18
25411 11
25417 17
25419 16
25421 5
25427 17
25429 16
25431 11
25438 3
25445 9
25446 12
25454 6
25462 5
25469 12
25477 13
25483 11
25490 3
25496 4
25504 21
25508 18
25509 11
25515 7
25517 21
25521 18
25522 12
25530 1
25540 8
25542 16
25544 10
25545 18
25546 20
25548 16
25550 4
25556 10
25559 11
25565 6
25571 11
25578 11
25584 14
25589 3
25595 11
25602 12
25610 20
25612 12
25618 2
25627 6
25635 4
25641 7
25643 9
25644 14
25649 16
25651 10
25654 15
25656 11
25663 8
25665 12
25671 16
25673 13
25678 14
25685 20
25687 18
25688 9
25690 16
25692 1
25702 18
25703 7
25706 21
25710 1
25720 19
25722 16
25724 11
25731 21
25735 15
25737 11
25743 18
25744 17
25746 11
25753 12
25761 14
25766 21
25770 16
25772 11
25779 11
25785 3
25792 11
25798 15
25800 20
25802 16
25804 3
25811 17
25813 18
25814 2
25825 9
25826 2
25835 13
25841 3
25848 15
25850 12
25856 18
25857 10
25860 7
25862 12
25870 11
25876 16
25878 17
25880 11
25887 9
25888 17
25890 7
25893 9
25894 17
25896 4
25904 17
25906 10
25909 11
25915 2
25924 12
25932 21
25936 11
25942 12
25948 12
25956 10
25957 14
25964 18
25965 19
25967 3
25974 10
25977 7
25980 17
25982 16
25984 21
25988 19
25990 18
25991 18
25992 21
25996 11
26002 3
26009 2
26018 20
26020 16
26022 19
26024 8
26026 11
26033 10
26036 5
26043 3
26050 18
26051 14
26056 11
26062 1
26071 16
26073 21
26077 17
26079 10
26082 4
26090 13
26096 11
26102 18
26103 18
26104 20
26106 18
26107 12
26115 10
26116 12
26122 20
26124 15
26126 20
26128 19
26130 21
26134 15
26136 18
26137 10
26138 9
26140 7
26142 17
26144 21
26148 7
26150 11
26157 9
26158 5
26165 21
26169 11
26176 5
26182 8
26186 17
26188 16
26190 2
26199 11
26205 6
26211 12
26217 8
26221 12
26229 12
26237 11
26243 7
26245 7
26247 12
26255 15
26257 13
26263 16
26265 5
26271 11
26278 16
26280 14
26287 11
26294 11
26300 20
26302 7
26305 7
26307 4
26315 3
26322 17
26324 20
26326 14
26333 12
26339 7
26341 9
26343 2
26354 9
26355 15
26357 18
26358 16
26360 5
26366 7
26368 16
26370 18
26371 11
26377 4
26383 11
26390 12
26398 5
26404 12
26410 15
26412 17
26414 11
26420 17
26422 1
26431 17
26433 21
26437 12
26443 10
26446 5
26453 18
26454 18
26455 16
26457 11
26463 12
26471 11
26478 8
26482 13
26488 18
26489 2
26498 12
26506 16
26508 9
26510 2
26519 10
26520 2
26531 17
26533 21
26537 15
26539 17
26541 4
26549 3
26556 18
26557 14
26562 4
26570 12
26578 17
26580 16
26582 15
26584 12
26592 21
26596 16
26598 18
26599 1
26608 18
26609 15
26611 8
26613 17
26615 13
26620 9
26622 12
26628 6
26634 6
26640 16
26642 10
26645 11
26651 20
26653 6
26659 4
26665 16
26667 11
26673 14
26678 19
26680 7
26683 10
26684 2
26695 21
26699 4
26707 6
26713 18
26714 4
26720 18
26721 18
26722 3
26729 14
26736 10
26739 3
26745 18
26746 11
26753 9
26754 14
26759 7
26762 6
26770 7
26772 15
26774 15
26776 20
26778 17
26780 7
26783 12
26789 7
26792 9
26794 18
26795 18
26796 11
26802 3
26809 1
26818 12
26826 18
26827 2
26836 12
26844 9
26845 11
26852 17
26854 5
26860 17
26862 19
26864 2
26873 3
26880 12
26886 11
26893 1
26903 1
26913 12
26919 6
26925 11
26931 4
26937 12
26945 15
26947 14
26954 16
26956 9
26958 14
26965 14
26972 9
26973 14
26978 3
26984 11
26991 10
26994 3
27000 21
27004 6
27010 18
27011 18
27012 5
27018 17
27020 19
27022 15
27024 4
27032 11
27039 8
27041 17
27043 3
27050 3
27056 6
27064 17
27066 9
27067 12
27073 20
27075 1
27085 7
27088 12
27094 1
27104 18
27105 2
27114 12
27120 14
27125 20
27127 12
27133 6
27141 19
27143 11
27149 4
27155 11
27162 9
27163 16
27165 16
27167 12
27175 16
27177 13
27182 11
27189 12
27197 17
27199 1
27208 1
27217 7
27219 19
27221 12
27227 21
27231 21
27235 20
27237 11
27243 10
27244 16
27246 8
27250 2
27261 2
27270 18
27271 12
27277 4
27285 2
27296 5
27302 11
27309 12
27315 12
27321 8
27325 3
27332 20
27334 11
27340 14
27347 19
27349 9
27351 16
27353 21
27357 14
27362 10
27365 11
27372 9
27374 4
27382 19
27384 7
27387 10
27388 20
27390 11
27396 5
27403 19
27405 13
27411 11
27417 19
27419 10
27420 20
27422 15
27424 11
27431 13
27437 12
27445 17
27447 4
27455 3
27461 3
27468 11
27475 20
27477 12
27485 7
27487 12
27493 12
27499 21
27503 7
27506 1
27516 16
27518 15
27520 6
27526 8
27528 12
27536 18
27537 7
27539 13
27544 6
27552 11
27559 11
27565 12
27571 10
27572 15
27574 12
27580 1
27590 17
27592 15
27594 18
27595 9
27596 21
27600 1
27609 15
27611 11
27617 3
27624 12
27632 12
27640 8
27644 11
27651 12
27657 9
27658 18
27659 15
27661 18
27662 5
27668 5
27674 18
27675 14
27682 4
27688 6
27696 8
27698 2
27707 1
27716 3
27722 18
27723 11
27730 12
27738 6
27744 12
27752 2
27763 10
27764 21
27768 15
27770 18
27771 10
27772 14
27779 16
27781 12
27789 18
27790 6
27796 20
27798 6
27806 11
27813 6
27819 20
27821 11
27827 6
27835 9
27837 2
27846 14
27853 4
27861 3
27867 11
27874 8
27876 7
27878 12
27886 13
27891 12
27899 19
27901 11
27907 12
27915 16
27917 5
27923 18
27924 11
27931 12
27937 12
27943 6
27949 5
27956 17
27958 2
27967 18
27968 12
27974 14
27979 12
27985 12
27993 12
28001 15
28003 18
28004 12
28012 21
28016 15
28018 15
28020 18
28021 12
28029 8
28033 16
28035 9
28037 11
28043 12
28049 8
28053 12
28061 13
28066 11
28072 12
28080 11
28086 6
28094 12
28102 8
28106 16
28108 17
28110 20
28112 3
28119 2
28128 19
28130 18
28131 12
28137 1
28147 12
28155 6
28161 8
28163 12
28169 15
28171 21
28175 21
28179 2
28190 7
28192 12
28198 8
28202 6
28208 11
28215 16
28217 9
28219 4
28225 3
28231 2
28242 21
28246 13
28251 19
28253 16
28255 15
28257 7
28260 4
28268 13
28274 6
28282 11
28289 20
28291 7
28293 14
28298 6
28304 12
28310 3
28317 11
28324 9
28325 15
28327 3
28334 12
28340 14
28345 7
28347 21
28351 3
28357 18
28358 7
28360 7
28362 15
28364 11
28370 12
28376 12
28382 16
28384 10
28387 8
28391 2
28400 19
28402 13
28407 13
28413 18
28414 15
28416 20
28418 1
28427 11
28434 10
28437 12
28445 12
28453 11
28459 14
28464 11
28470 8
28472 16
28474 10
28475 19
28477 2
28486 8
28488 12
28494 10
28495 19
28497 8
28501 8
28505 6
28513 19
28515 8
28519 5
28526 7
28529 18
28530 9
28531 21
28535 12
28541 21
28545 1
28555 14
28560 13
28565 18
28566 11
28573 12
28581 8
28583 18
28584 16
28586 11
28592 14
28599 13
28605 18
28606 5
28613 2
28622 13
28628 7
28630 5
28637 9
28638 5
28645 18
28646 16
28648 2
28659 12
28667 2
28678 12
28686 20
28688 18
28689 12
28695 12
28701 11
28708 11
28715 18
28716 6
28722 9
28724 7
28726 13
28731 14
28736 21
28740 12
28746 11
28753 9
28755 12
28763 6
28771 19
28773 7
28775 18
28776 10
28777 15
28779 11
28785 18
28786 2
28797 18
28798 2
28807 2
28818 9
28820 17
28822 16
28824 13
28830 5
28836 12
28844 19
28846 11
28853 12
28861 20
28863 21
28867 18
28868 19
28870 20
28872 9
28874 18
28875 5
28881 6
28887 11
28893 12
28901 11
28907 7
28909 4
28917 19
28919 9
28921 16
28923 12
28929 11
28936 8
28940 8
28944 13
28950 15
28952 2
28961 12
28969 10
28972 7
28975 16
28977 20
28979 3
28986 10
28987 2
28998 4
29006 8
29008 19
29010 7
29012 8
29014 11
29020 15
29022 5
29028 9
29029 5
29036 2
29045 12
29051 17
29053 21
29057 9
29058 6
29066 21
29070 11
29077 19
29079 8
29081 8
29085 10
29088 6
29096 15
29098 19
29100 21
29104 19
29106 10
29107 18
29108 5
29115 1
29125 10
29128 17
29130 12
29138 14
29143 20
29145 19
29147 12
29153 15
29155 12
29163 16
29165 18
29166 1
29176 12
29182 16
29184 12
29190 11
29196 8
29198 8
29200 18
29201 12
29207 15
29209 15
29211 12
29217 1
29226 21
29230 21
29234 4
29242 10
29245 11
29252 15
29254 19
29256 19
29258 11
29264 10
29265 18
29266 5
29272 11
29278 6
29286 18
29287 18
29288 13
29293 11
29300 14
29307 3
29313 13
29319 20
29321 12
29329 18
29330 16
29332 14
29337 15
29339 7
29342 20
29344 12
29350 21
29354 16
29356 15
29358 11
29365 18
29366 19
29368 1
29378 11
29384 18
29385 3
29392 6
29400 15
29402 17
29404 11
29410 2
29421 16
29423 19
29425 21
29429 13
29435 18
29436 10
29439 1
29449 9
29451 12
29459 8
29463 10
29464 10
29467 16
29469 6
29475 3
29482 6
29490 1
29499 16
29501 8
29505 9
29507 5
29513 1
29523 20
29525 15
29527 5
29534 8
29536 7
29539 12
29547 3
29554 21
29558 2
29567 9
29568 20
29570 8
29572 2
29583 14
29590 8
29594 12
29600 15
29602 6
29610 9
29611 14
29618 12
29626 8
29628 4
29636 18
29637 18
29638 18
29639 11
29645 12
29653 14
29658 15
29660 20
29662 11
29669 19
29671 19
29673 12
29679 5
29686 20
29688 15
29690 16
29692 18
29693 13
29698 12
29704 12
29710 17
29712 3
29718 21
29722 12
29730 7
29732 15
29734 3
29741 6
29747 11
29754 10
29755 11
29761 19
29763 18
29764 18
29765 13
29770 14
29777 9
29778 11
29785 15
29787 12
29795 3
29801 13
29807 11
29813 20
29815 12
29823 19
29825 12
29833 13
29838 11
29844 21
29848 12
29854 6
29862 11
29869 19
29871 12
29879 3
29886 9
29887 12
29895 11
29902 21
29906 1
29916 9
29917 20
29919 16
29921 7
29923 11
29930 18
29931 16
29933 12
29941 17
29943 12
29949 21
29953 7
29955 12
29963 11
29969 12
29977 4
29985 15
29987 11
29994 10
29995 11
30002 8
30006 16
30008 1
30018 13
30024 10
30027 12
30035 11
30042 17
30044 15
30046 14
30051 13
30056 5
30062 7
30065 18
30066 16
30068 10
30071 17
30073 6
30079 5
30086 18
30087 4
30093 12
30101 3
30108 12
30116 17
30118 12
30126 1
30135 2
30144 4
30150 11
30157 11
30163 11
30169 12
30175 18
30176 9
30178 13
30184 4
30192 21
30196 11
30202 11
30209 16
30211 11
30218 14
30223 17
30225 20
30227 19
30229 5
30236 11
30242 14
30247 5
30254 9
30255 9
30257 16
30259 10
30262 12
30268 18
30269 11
30275 2
30286 11
30292 14
30297 11
30304 10
30305 14
30310 5
30317 18
30318 4
30326 12
30332 18
30333 2
30342 14
30349 1
30359 11
30366 12
30372 17
30374 8
30378 5
30384 7
30386 16
30388 18
30389 18
30390 20
30392 11
30398 12
30404 10
30407 14
30412 13
30418 1
30427 2
30436 18
30437 20
30439 1
30448 16
30450 16
30452 20
30454 11
30461 16
30463 18
30464 18
30465 3
30471 11
30477 14
30482 20
30484 12
30490 12
30498 5
30505 9
30506 19
30508 17
30510 4
30518 11
30524 14
30531 11
30537 19
30539 3
30545 11
30551 17
30553 20
30555 19
30557 16
30559 11
30566 6
30572 18
30573 12
30581 12
30589 18
30590 9
30591 15
30593 11
30599 3
30606 1
30615 12
30623 18
30624 3
30631 1
30641 9
30642 16
30644 8
30648 4
30656 1
30666 6
30672 11
30678 4
30684 7
30686 12
30692 14
30699 17
30701 19
30703 12
30709 5
30716 6
30724 12
30732 18
30733 6
30739 1
30749 16
30751 8
30755 18
30756 14
30763 8
30765 12
30771 4
30777 15
30779 11
30786 7
30789 6
30795 12
30801 17
30803 14
30808 18
30809 2
30818 1
30828 2
30837 14
30844 11
30851 4
30859 10
30862 11
30869 11
30876 3
30883 11
30889 10
30892 13
30898 12
30906 4
30914 17
30916 11
30923 13
30929 4
30935 15
30937 8
30941 14
30948 16
30950 12
30956 8
30960 5
30967 14
30974 18
30975 8
30977 14
30982 8
30986 12
30994 5
31001 11
31007 7
31009 7
31011 8
31013 2
31022 17
31024 13
31029 9
31031 20
31033 2
31042 3
31049 10
31052 12
31058 6
31066 6
31072 15
31074 6
31080 5
31087 9
31088 16
31090 11
31096 11
31103 20
31105 18
31106 21
31110 16
31112 19
31114 12
31120 19
31122 10
31123 5
31129 11
31135 19
31137 18
31138 9
31140 20
31142 18
31143 13
31149 1
31159 14
31164 12
31170 9
31171 21
31175 20
31177 2
31186 1
31196 6
31202 9
31204 15
31206 21
31210 19
31212 11
31218 11
31224 11
31230 2
31241 11
31247 14
31254 19
31256 18
31257 8
31261 19
31263 12
31269 15
31271 10
31274 16
31276 18
31277 18
31278 12
31284 13
31290 14
31297 2
31308 11
31314 18
31315 18
31316 3
31323 8
31327 1
31336 11
31342 4
31350 1
31360 12
31366 13
31371 6
31379 12
31385 14
31390 11
31396 20
31398 11
31405 8
31407 4
31415 19
31417 21
31421 18
31422 10
31425 19
31427 7
31429 13
31435 9
31436 6
31442 2
31453 11
31459 18
31460 7
31462 18
31463 11
31469 13
31474 15
31476 11
31482 13
31488 5
31494 13
31499 11
31505 10
31508 8
31512 21
31516 5
31523 12
31529 1
31538 2
31547 16
31549 13
31555 11
31561 15
31563 15
31565 13
31570 14
31575 4
31581 18
31582 12
31590 3
31597 5
31603 1
31613 13
31619 12
31625 13
31631 13
31636 9
31638 4
31646 20
31648 18
31649 13
31655 5
31662 20
31664 16
31666 11
31673 10
31676 14
31681 13
31686 17
31688 6
31694 16
31696 21
31700 10
31701 2
31710 5
31717 16
31719 10
31722 11
31728 8
31732 2
31743 16
31745 12
31751 11
31757 15
31759 16
31761 2
31772 11
31778 19
31780 15
31782 4
31790 11
31797 9
31798 1
31808 6
31816 5
31823 16
31825 18
31826 15
31828 16
31830 2
31839 12
31847 21
31851 12
31857 1
31866 11
31872 12
31878 18
31879 15
31881 3
31888 9
31889 6
31895 16
31897 11
31904 11
31910 2
31919 19
31921 11
31927 15
31929 17
31931 12
31939 20
31941 18
31942 3
31948 11
31955 6
31963 10
31964 15
31966 12
31972 7
31975 5
31982 10
31985 16
31987 8
31991 7
31993 4
32001 10
32004 20
32006 2
32015 18
32016 11
32023 11
32030 19
32032 17
32034 9
32036 3
32042 18
32043 16
32045 12
32053 21
32057 21
32061 8
32063 9
32065 3
32071 18
32072 5
32079 9
32081 11
32088 4
32094 21
32098 20
32100 10
32101 21
32105 13
32110 1
32119 14
32126 16
32128 17
32130 5
32137 21
32141 12
32149 12
32157 2
32166 2
32175 11
32182 11
32189 18
32190 7
32192 21
32196 10
32197 12
32205 12
32211 1
32220 11
32227 20
32229 6
32235 5
32242 17
32244 16
32246 8
32250 21
32254 12
32260 15
32262 8
32266 6
32274 3
32281 2
32290 12
32298 8
32302 18
32303 12
32309 8
32311 6
32319 15
32321 11
32327 16
32329 11
32336 21
32340 11
32346 6
32352 20
32354 8
32356 7
32358 21
32362 7
32364 17
32366 14
32371 10
32374 16
32376 8
32380 12
32388 18
32389 12
32397 6
32405 11
32412 14
32417 9
32419 9
32421 21
32425 11
32431 15
32433 21
32437 11
32444 11
32450 17
32452 12
32458 14
32463 11
32469 11
32475 12
32481 10
32482 8
32484 3
32491 18
32492 18
32493 18
32494 2
32503 13
32509 15
32511 15
32513 9
32514 10
32515 1
32525 6
32531 21
32535 16
32537 4
32545 10
32548 10
32549 11
32556 7
32559 12
32567 4
32573 4
32579 2
32588 12
32594 9
32596 3
32603 11
32609 18
32610 11
32617 20
32619 18
32620 18
32621 12
32627 19
32629 7
32632 11
32639 16
32641 11
32648 3
32655 13
32660 6
32668 16
32670 20
32672 11
32678 21
32682 17
32684 21
32688 18
32689 8
32691 12
32697 1
32706 7
32708 17
32710 13
32715 1
32724 11
32730 13
32735 3
32742 7
32745 13
32751 9
32753 2
32764 11
32770 12
32776 11
32783 13
32789 1
32798 3
32804 18
32805 17
32807 11
32813 4
32821 14
32828 15
32830 8
32832 18
32833 11
32840 8
32844 7
32847 14
32854 5
32860 2
32871 1
32880 7
32883 1
32892 14
32899 17
32901 6
32909 8
32913 3
32919 7
32921 13
32927 13
32932 20
32934 20
32936 19
32938 12
32946 13
32952 8
32954 11
32960 12
32966 14
32973 18
32974 12
32980 7
32982 1
32992 21
32996 17
32998 3
33005 12
33013 13
33018 6
33024 10
33027 12
33033 7
33035 16
33037 12
33045 1
33054 9
33056 19
33058 18
33059 8
33063 13
33069 7
33071 1
33080 16
33082 12
33090 14
33097 4
33105 20
33107 4
33115 12
33123 6
33131 14
33138 8
33142 12
33150 17
33152 12
33158 15
33160 12
33168 3
33175 12
33183 18
33184 7
33187 17
33189 8
33191 17
33193 11
33199 4
33207 12
33215 12
33221 17
33223 4
33229 7
33232 4
33238 12
33246 11
33252 2
33261 12
33269 4
33275 3
33281 9
33283 16
33285 1
33294 7
33297 10
33298 6
33304 13
33309 5
33315 12
33321 15
33323 12
33329 5
33335 21
33339 2
33348 7
33350 21
33354 17
33356 9
33358 13
33364 21
33368 12
33374 11
33381 12
33389 2
33400 1
33409 6
33417 5
33423 2
33432 1
33442 6
33448 11
33454 21
33458 16
33460 16
33462 18
33463 9
33464 5
33471 9
33473 4
33481 17
33483 12
33491 3
33498 4
33506 1
33515 19
33517 12
33523 12
33529 13
33534 6
33542 19
33544 12
33552 19
33554 9
33555 16
33557 1
33566 7
33569 2
33578 11
33585 6
33591 4
33597 8
33601 7
33603 14
33610 2
33619 12
33625 18
33626 15
33628 20
33630 18
33631 12
33637 15
33639 13
33644 8
33646 6
33652 11
33659 3
33665 12
33671 14
33678 3
33685 18
33686 10
33689 9
33691 21
33695 16
33697 20
33699 17
33701 10
33702 11
33709 18
33710 20
33712 4
33720 1
33730 13
33735 5
33742 21
33746 13
33752 8
33754 2
33763 12
33771 8
33773 14
33780 2
33789 13
33794 4
33800 7
33803 11
33810 11
33817 12
33825 21
33829 11
33836 16
33838 12
33846 11
33853 12
33859 16
33861 20
33863 16
33865 14
33872 3
33878 18
33879 11
33886 21
33890 2
33899 11
33906 19
33908 15
33910 16
33912 12
33918 18
33919 17
33921 2
33932 14
33937 9
33939 16
33941 11
33948 13
33953 5
33960 5
33967 8
33971 11
33978 11
33984 3
33991 21
33995 12
34001 9
34003 13
34009 3
34016 20
34018 2
34029 12
34035 14
34042 5
34048 14
34053 7
34055 5
34062 13
34067 8
34071 10
34072 20
34074 2
34083 1
34092 7
34095 8
34099 7
34102 18
34103 12
34109 6
34115 21
34119 13
34124 19
34126 15
34128 4
34136 15
34138 16
34140 3
34146 12
34154 17
34156 11
34162 13
34167 4
34175 9
34177 8
34181 21
34185 8
34189 13
34195 2
34206 3
34212 19
34214 2
34225 11
34232 7
34234 18
34235 13
34240 14
34245 18
34246 15
34248 16
34250 1
34260 15
34262 19
34264 8
34268 1
34278 6
34284 13
34289 9
34290 14
34295 6
34303 10
34306 7
34309 14
34314 17
34316 13
34321 18
34322 3
34328 5
34335 15
34337 15
34339 18
34340 16
34342 16
34344 20
34346 15
34348 11
34355 11
34362 17
34364 5
34370 7
34372 19
34374 18
34375 8
34379 12
34385 11
34391 2
34400 12
34408 19
34410 3
34416 3
34422 11
34429 7
34431 20
34433 11
34439 4
34445 11
34452 16
34454 14
34459 12
34467 11
34473 8
34477 8
34481 7
34483 9
34485 18
34486 12
34494 16
34496 21
34500 19
34502 7
34504 18
34505 21
34509 12
34517 20
34519 12
34527 11
34533 13
34538 21
34542 9
34543 5
34550 3
34557 15
34559 11
34566 9
34568 16
34570 12
34578 8
34582 6
34590 12
34598 3
34604 10
34607 19
34609 13
34614 16
34616 18
34617 1
34626 12
34634 11
34640 11
34646 14
34653 2
34664 16
34666 20
34668 12
34674 13
34679 10
34680 3
34686 16
34688 1
34697 6
34705 18
34706 18
34707 20
34709 9
34710 9
34712 11
34719 10
34722 15
34724 3
34731 13
34737 13
34742 10
34743 16
34745 11
34752 4
34758 4
34766 11
34772 16
34774 17
34776 13
34782 8
34784 6
34790 8
34794 1
34803 7
34805 7
34808 18
34809 16
34811 19
34813 18
34814 4
34822 21
34826 19
34828 2
34839 6
34845 13
34851 10
34852 18
34853 11
34860 18
34861 18
34862 20
34864 10
34865 6
34873 13
34879 21
34883 3
34890 1
34899 7
34902 13
34908 18
34909 11
34916 21
34920 20
34922 19
34924 12
34932 3
34938 1
34948 5
34955 21
34959 16
34961 19
34963 2
34972 18
34973 11
34979 4
34985 10
34988 12
34996 4
35004 11
35010 2
35019 8
35021 10
35024 14
35029 13
35035 21
35039 17
35041 10
35042 1
35051 4
35057 18
35058 15
35060 3
35066 12
35074 5
35081 5
35087 6
35095 8
35099 12
35105 17
35107 18
35108 12
35114 10
35117 18
35118 8
35120 12
35128 12
35134 13
35140 8
35144 12
35150 1
35160 21
35164 4
35172 7
35174 9
35175 15
35177 3
35183 14
35190 9
35192 6
35198 10
35199 3
35205 18
35206 19
35208 12
35216 11
35222 12
35230 18
35231 9
35233 9
35235 7
35237 16
35239 1
35248 2
35259 11
35265 10
35266 3
35273 11
35280 17
35282 18
35283 17
35285 3
35291 4
35299 16
35301 11
35307 9
35308 18
35309 19
35311 21
35315 3
35322 9
35323 1
35332 9
35333 13
35338 12
35344 15
35346 11
35353 17
35355 17
35357 12
35363 10
35366 13
35372 20
35374 1
35384 8
35386 10
35387 17
35389 11
35396 20
35398 4
35406 11
35413 16
35415 21
35419 12
35425 9
35426 4
35432 14
35439 21
35443 3
35449 1
35459 11
35465 12
35471 5
35477 17
35479 11
35486 5
35492 18
35493 5
35500 18
35501 3
35508 7
35511 12
35517 18
35518 14
35525 19
35527 18
35528 12
35536 11
35543 11
35549 7
35551 18
35552 10
35553 18
35554 2
35565 10
35566 21
35570 11
35576 11
35582 4
35588 12
35596 11
35603 9
35604 11
35610 2
35621 11
35627 10
35630 11
35636 17
35638 6
35646 1
35655 11
35662 20
35664 3
35671 7
35674 18
35675 5
35681 21
35685 3
35692 4
35700 18
35701 5
35708 10
35709 3
35715 14
35722 17
35724 18
35725 7
35728 6
35734 5
35741 21
35745 18
35746 6
35754 19
35756 11
35763 2
35774 6
35782 11
35789 6
35795 17
35797 7
35799 14
35806 18
35807 17
35809 12
35817 21
35821 12
35827 2
35838 1
35848 10
35851 11
35857 9
35858 7
35861 10
35864 5
35870 17
35872 10
35873 4
35879 3
35886 12
35894 11
35901 14
35908 5
35915 11
35922 21
35926 2
35937 20
35939 10
35942 12
35950 18
35951 11
35957 10
35960 20
35962 6
35970 8
35974 14
35981 1
35990 3
35997 13
36003 12
36009 10
36012 18
36013 20
36015 11
36021 7
36023 14
36030 18
36031 6
36037 12
36043 14
36048 17
36050 16
36052 7
36055 19
36057 17
36059 14
36066 8
36068 11
36075 3
36081 12
36089 2
36100 18
36101 3
36108 1
36118 4
36124 12
36130 19
36132 11
36139 15
36141 9
36143 21
36147 6
36155 11
36162 9
36164 11
36170 18
36171 16
36173 18
36174 4
36180 11
36187 14
36194 17
36196 3
36203 8
36207 12
36215 5
36221 21
36225 9
36227 6
36235 12
36241 19
36243 9
36245 12
36253 3
36260 18
36261 11
36267 12
36273 4
36281 5
36287 21
36291 15
36293 16
36295 12
36301 9
36303 12
36309 18
36310 9
36311 21
36315 2
36326 12
36332 14
36337 5
36344 8
36348 9
36349 15
36351 4
36357 19
36359 21
36363 1
36373 14
36378 3
36385 18
36386 3
36393 17
36395 5
36401 15
36403 16
36405 20
36407 7
36410 9
36412 15
36414 2
36423 11
36429 1
36439 2
36448 3
36454 8
36456 9
36458 1
36467 3
36474 7
36476 4
36482 11
36489 19
36491 3
36498 16
36500 11
36507 7
36510 12
36516 4
36524 11
36530 4
36536 10
36539 11
36545 13
36550 1
36560 13
36565 16
36567 11
36573 10
36574 15
36576 11
36583 17
36585 17
36587 8
36591 19
36593 4
36599 10
36600 21
36604 21
36608 15
36610 19
36612 3
36619 11
36626 3
36632 3
36639 3
36646 15
36648 11
36655 14
36662 13
36668 12
36674 20
36676 11
36682 17
36684 1
36693 3
36699 18
36700 9
36702 18
36703 11
36709 11
36716 12
36722 14
36727 10
36730 15
36732 19
36734 21
36738 3
36745 16
36747 20
36749 14
36756 6
36762 11
36769 14
36776 21
36780 2
36791 11
36797 11
36804 11
36811 1
36821 12
36829 16
36831 18
36832 11
36839 10
36840 20
36842 11
36849 6
36857 18
36858 7
36861 5
36868 12
36876 18
36877 19
36879 10
36882 16
36884 5
36891 5
36897 4
36903 14
36908 11
36915 16
36917 8
36919 9
36921 11
36928 18
36929 8
36931 19
36933 11
36940 19
36942 18
36943 17
36945 18
36946 19
36948 1
36957 5
36963 13
36968 18
36969 18
36970 7
36972 4
36980 9
36982 13
36987 12
36993 18
36994 2
37003 19
37005 18
37006 11
37013 18
37014 2
37025 12
37031 19
37033 18
37034 16
37036 15
37038 20
37040 11
37047 12
37053 11
37060 21
37064 12
37070 8
37072 17
37074 12
37080 17
37082 16
37084 9
37085 20
37087 11
37093 10
37094 3
37101 11
37108 3
37114 18
37115 12
37123 15
37125 16
37127 13
37132 15
37134 15
37136 9
37138 11
37144 20
37146 12
37154 21
37158 6
37166 12
37172 13
37178 12
37184 12
37192 11
37199 11
37205 21
37209 15
37211 13
37217 11
37223 12
37229 12
37237 2
37246 7
37249 9
37250 4
37258 4
37266 10
37269 18
37270 1
37280 18
37281 1
37290 18
37291 19
37293 15
37295 5
37302 16
37304 8
37306 10
37309 15
37311 12
37319 21
37323 5
37330 11
37336 19
37338 12
37344 18
37345 10
37346 2
37355 3
37361 6
37369 8
37371 8
37373 5
37380 20
37382 15
37384 11
37391 13
37396 9
37398 9
37399 1
37409 10
37410 21
37414 12
37420 19
37422 6
37430 14
37435 12
37443 4
37451 5
37458 10
37461 18
37462 15
37464 3
37471 19
37473 11
37479 9
37480 11
37486 6
37492 11
37499 21
37503 16
37505 7
37507 11
37513 1
37522 6
37530 21
37534 12
37542 11
37549 11
37556 9
37557 7
37559 18
37560 15
37562 12
37568 3
37575 16
37577 10
37578 19
37580 17
37582 17
37584 14
37591 3
37597 10
37598 7
37601 12
37607 14
37612 7
37615 11
37621 12
37627 12
37633 3
37639 18
37640 16
37642 9
37644 20
37646 11
37652 6
37658 11
37664 9
37666 2
37677 12
37685 4
37691 15
37693 11
37700 12
37708 16
37710 1
37719 12
37725 16
37727 14
37732 6
37740 12
37746 11
37752 2
37761 3
37768 2
37779 17
37781 21
37785 18
37786 14
37793 15
37795 14
37800 9
37802 19
37804 7
37806 3
37812 21
37816 20
37818 16
37820 14
37825 11
37832 13
37838 18
37839 1
37848 3
37855 11
37862 10
37865 2
37874 14
37879 12
37885 10
37886 4
37892 12
37898 11
37905 6
37913 12
37919 18
37920 9
37922 14
37927 11
37933 16
37935 12
37941 20
37943 1
37953 6
37961 12
37969 11
37975 15
37977 19
37979 18
37980 15
37982 3
37989 13
37995 2
38004 15
38006 18
38007 17
38009 6
38017 16
38019 12
38027 15
38029 11
38036 12
38042 18
38043 5
38049 17
38051 10
38054 2
38065 12
38073 21
38077 19
38079 15
38081 11
38087 16
38089 11
38096 11
38102 16
38104 12
38110 8
38114 17
38116 12
38124 8
38128 5
38134 11
38140 11
38147 9
38149 11
38155 12
38161 15
38163 13
38168 9
38169 20
38171 13
38176 1
38185 11
38192 18
38193 4
38199 7
38201 18
38202 6
38208 18
38209 14
38214 11
38220 15
38222 7
38224 20
38226 18
38227 21
38231 17
38233 12
38241 8
38245 17
38247 9
38248 12
38254 11
38260 21
38264 12
38270 16
38272 5
38278 18
38279 2
38290 17
38292 20
38294 14
38301 13
38306 8
38308 9
38310 11
38317 15
38319 8
38323 17
38325 21
38329 4
38337 11
38344 11
38350 7
38353 1
38363 12
38371 20
38373 15
38375 4
38381 17
38383 4
38391 11
38397 4
38405 21
38409 15
38411 11
38418 3
38424 12
38432 17
38434 4
38440 8
38442 5
38448 11
38455 9
38457 12
38465 11
38471 6
38477 21
38481 7
38484 13
38490 13
38495 7
38497 3
38503 1
38512 6
38520 11
38527 11
38533 15
38535 5
38542 20
38544 8
38548 17
38550 5
38556 15
38558 12
38564 19
38566 21
38570 7
38573 10
38574 15
38576 6
38582 6
38588 12
38596 19
38598 11
38604 9
38606 2
38617 21
38621 11
38628 15
38630 17
38632 11
38638 12
38646 14
38653 21
38657 16
38659 12
38667 10
38670 10
38671 20
38673 21
38677 21
38681 11
38688 11
38694 12
38702 4
38708 20
38710 11
38717 20
38719 2
38728 20
38730 13
38735 5
38742 6
38750 14
38757 16
38759 4
38767 7
38770 18
38771 12
38779 12
38785 4
38793 21
38797 13
38803 15
38805 4
38811 11
38817 13
38823 13
38829 11
38836 16
38838 10
38839 17
38841 21
38845 19
38847 8
38851 11
38857 21
38861 21
38865 8
38867 16
38869 13
38874 2
38885 8
38887 19
38889 12
38897 16
38899 1
38909 14
38916 12
38922 11
38928 16
38930 14
38935 18
38936 12
38942 9
38943 3
38949 11
38955 19
38957 19
38959 3
38966 1
38975 12
38981 5
38987 6
38995 8
38999 11
39006 1
39015 18
39016 11
39022 7
39024 14
39031 14
39038 11
39044 19
39046 8
39048 4
39054 16
39056 1
39066 6
39074 15
39076 11
39083 15
39085 2
39094 20
39096 11
39103 11
39109 12
39115 1
39125 8
39127 13
39133 13
39138 6
39144 11
39151 16
39153 20
39155 15
39157 11
39164 9
39166 20
39168 1
39178 7
39181 8
39185 13
39191 12
39197 13
39202 11
39208 15
39210 5
39217 12
39223 15
39225 5
39232 18
39233 12
39241 21
39245 4
39251 15
39253 13
39259 15
39261 1
39271 9
39272 11
39279 7
39281 11
39287 15
39289 18
39290 3
39296 11
39303 1
39312 4
39320 12
39326 12
39334 11
39341 17
39343 3
39350 11
39356 18
39357 18
39358 16
39360 18
39361 14
39366 12
39372 7
39375 8
39377 9
39378 20
39380 19
39382 5
39389 18
39390 6
39396 21
39400 19
39402 18
39403 16
39405 20
39407 12
39413 4
39421 17
39423 6
39429 16
39431 12
39439 11
39446 6
39454 15
39456 4
39464 11
39470 2
39481 12
39487 11
39493 3
39499 2
39508 11
39514 2
39523 9
39524 12
39532 8
39536 1
39545 18
39546 21
39550 9
39552 8
39554 19
39556 5
39562 11
39569 19
39571 10
39572 18
39573 5
39579 6
39585 7
39588 16
39590 19
39592 4
39600 18
39601 15
39603 10
39604 11
39610 3
39616 2
39627 6
39635 6
39641 7
39643 16
39645 16
39647 10
39650 1
39660 4
39666 4
39672 7
39674 3
39681 4
39689 11
39696 14
39703 3
39710 20
39712 13
39717 4
39725 9
39727 18
39728 11
39734 18
39735 8
39739 7
39741 3
39748 11
39755 16
39757 6
39763 12
39771 19
39773 15
39775 15
39777 11
39783 18
39784 10
39787 2
39796 18
39797 15
39799 4
39805 4
39811 12
39819 9
39821 20
39823 18
39824 10
39825 10
39828 11
39834 7
39837 4
39843 10
39846 17
39848 18
39849 7
39852 11
39858 19
39860 18
39861 12
39867 11
39874 15
39876 2
39887 12
39893 21
39897 18
39898 14
39905 7
39907 2
39916 12
39924 1
39933 18
39934 19
39936 16
39938 5
39944 8
39948 19
39950 11
39956 4
39964 10
39965 1
39975 10
39976 15
39978 11
39984 14
39989 20
39991 5
39997 17
39999 15
40001 17
40003 11
40010 17
40012 14
40019 16
40021 19
40023 13
40029 5
40036 12
40042 12
40050 18
40051 11
40058 2
40067 18
40068 19
40070 6
40076 18
40077 9
40079 11
40086 16
40088 1
40097 12
40103 7
40105 3
40112 21
40116 8
40120 20
40122 18
40123 18
40124 19
40126 18
40127 11
40133 15
40135 18
40136 3
40142 16
40144 1
40153 13
40159 15
40161 11
40167 10
40168 13
40174 11
40181 4
40189 21
40193 19
40195 11
40201 14
40206 20
40208 18
40209 12
40217 11
40223 11
40230 11
40236 6
40244 18
40245 11
40251 10
40254 5
40260 5
40266 9
40267 13
40272 11
40279 21
40283 19
40285 7
40287 6
40295 18
40296 11
40303 18
40304 14
40309 11
40315 3
40322 11
40328 20
40330 12
40336 12
40342 19
40344 19
40346 18
40347 20
40349 9
40351 19
40353 12
40359 11
40366 2
40377 11
40383 1
40392 17
40394 6
40402 11
40408 17
40410 17
40412 19
40414 12
40422 11
40428 4
40434 20
40436 9
40438 8
40442 12
40448 3
40454 9
40455 4
40463 18
40464 4
40472 15
40474 15
40476 10
40479 17
40481 3
40488 1
40498 3
40504 4
40510 9
40511 17
40513 8
40517 2
40526 9
40527 13
40533 16
40535 16
40537 8
40541 10
40544 18
40545 13
40551 12
40557 13
40562 3
40569 11
40575 7
40578 15
40580 9
40581 8
40585 12
40591 16
40593 7
40596 14
40603 13
40609 1
40619 9
40620 21
40624 6
40630 15
40632 9
40633 3
40639 2
40650 11
40657 3
40664 17
40666 4
40672 2
40683 16
40685 4
40691 9
40692 20
40694 15
40696 18
40697 16
40699 3
40705 15
40707 19
40709 12
40717 21
40721 18
40722 20
40724 6
40732 2
40743 12
40751 1
40761 11
40768 4
40774 21
40778 18
40779 2
40788 12
40796 8
40800 16
40802 18
40803 5
40810 18
40811 12
40817 10
40818 17
40820 12
40828 12
40834 13
40840 9
40841 13
40846 18
40847 15
40849 17
40851 2
40862 16
40864 20
40866 9
40868 16
40870 3
40876 18
40877 12
40885 14
40890 11
40897 15
40899 18
40900 18
40901 3
40907 14
40914 20
40916 11
40922 3
40928 19
40930 5
40936 20
40938 9
40939 7
40941 3
40948 5
40955 20
40957 1
40967 9
40968 14
40975 11
40981 15
40983 12
40989 21
40993 4
41001 21
41005 18
41006 13
41011 19
41013 21
41017 14
41022 8
41024 10
41025 18
41026 11
41032 11
41038 18
41039 2
41048 6
41054 16
41056 7
41058 11
41064 1
41073 2
41084 20
41086 17
41088 1
41098 3
41105 9
41106 13
41112 18
41113 11
41120 12
41126 21
41130 17
41132 20
41134 12
41140 11
41147 11
41154 11
41160 18
41161 13
41166 16
41168 4
41176 16
41178 11
41185 11
41192 11
41198 10
41199 12
41207 20
41209 6
41215 12
41221 12
41227 10
41230 10
41233 10
41234 18
41235 16
41237 12
41243 15
41245 12
41251 3
41257 21
41261 12
41267 11
41274 5
41280 17
41282 20
41284 10
41285 12
41291 21
41295 15
41297 19
41299 11
41306 7
41308 11
41315 12
41323 17
41325 19
41327 19
41329 17
41331 20
41333 11
41340 11
41346 11
41353 18
41354 3
41360 2
41371 17
41373 21
41377 7
41379 5
41385 20
41387 11
41393 17
41395 15
41397 15
41399 18
41400 9
41402 15
41404 10
41407 10
41410 5
41417 10
41418 11
41425 12
41431 5
41438 18
41439 16
41441 9
41443 9
41445 5
41452 6
41458 18
41459 19
41461 4
41467 17
41469 10
41472 7
41474 2
41485 20
41487 2
41496 9
41498 16
41500 11
41507 10
41510 12
41518 12
41526 9
41528 4
41536 10
41539 3
41545 18
41546 18
41547 16
41549 11
41556 11
41562 16
41564 16
41566 9
41568 16
41570 14
41575 10
41578 5
41585 3
41592 4
41598 1
41607 17
41609 12
41615 1
41624 2
41633 12
41639 4
41647 13
41652 14
41657 19
41659 11
41665 21
41669 11
41675 20
41677 18
41678 7
41681 9
41683 8
41685 18
41686 21
41690 9
41692 16
41694 21
41698 1
41707 7
41710 12
41718 5
41724 7
41726 12
41732 11
41739 10
41742 3
41749 6
41755 10
41758 9
41759 7
41761 2
41772 7
41774 11
41780 12
41788 4
41796 3
41803 15
41805 12
41811 13
41817 21
41821 8
41825 12
41833 20
41835 3
41842 11
41849 9
41851 6
41857 11
41863 20
41865 10
41868 6
41876 18
41877 4
41883 13
41888 19
41890 15
41892 8
41896 7
41899 3
41906 6
41914 9
41915 17
41917 18
41918 15
41920 10
41921 12
41929 11
41935 10
41938 18
41939 12
41945 21
41949 18
41950 14
41955 4
41961 1
41970 11
41976 15
41978 2
41987 18
41988 4
41996 5
42002 11
42008 5
42014 19
42016 12
42022 12
42028 5
42034 12
42040 7
42042 15
42044 12
42050 18
42051 21
42055 18
42056 20
42058 11
42064 20
42066 14
42073 11
42079 12
42085 18
42086 12
42094 7
42096 21
42100 12
42108 14
42115 9
42117 15
42119 9
42120 12
42128 6
42134 7
42137 16
42139 12
42147 11
42153 11
42160 12
42166 9
42168 5
42174 4
42182 15
42184 3
42191 9
42193 14
42200 12
42206 11
42213 11
42220 12
42226 4
42234 14
42239 2
42248 16
42250 11
42256 4
42264 12
42272 2
42281 11
42288 5
42295 11
42302 19
42304 18
42305 4
42313 11
42320 16
42322 12
42328 11
42334 17
42336 12
42342 14
42349 14
42354 8
42356 15
42358 4
42366 2
42375 12
42383 14
42390 11
42396 5
42403 18
42404 18
42405 16
42407 12
42415 7
42418 18
42419 8
42421 13
42426 2
42435 11
42442 12
42448 3
42454 10
42455 11
42462 2
42471 15
42473 17
42475 8
42479 11
42485 20
42487 11
42494 16
42496 2
42507 8
42511 11
42518 5
42525 7
42527 16
42529 11
42536 21
42540 18
42541 11
42547 10
42548 11
42555 1
42564 3
42570 2
42581 10
42582 7
42585 21
42589 16
42591 6
42597 11
42603 13
42609 14
42614 5
42621 15
42623 9
42624 16
42626 12
42632 5
42638 12
42646 11
42652 2
42663 7
42666 16
42668 17
42670 7
42673 18
42674 4
42682 11
42689 17
42691 8
42695 13
42701 11
42707 8
42711 12
42717 12
42725 19
42727 11
42733 4
42739 7
42742 11
42749 10
42752 19
42754 5
42761 20
42763 21
42767 12
42775 15
42777 16
42779 3
42785 2
42796 6
42802 3
42808 11
42815 2
42826 11
42832 1
42841 3
42847 16
42849 12
42857 11
42863 18
42864 2
42873 12
42879 3
42886 8
42890 5
42896 12
42904 8
42908 4
42914 17
42916 14
42923 18
42924 16
42926 12
42934 9
42936 18
42937 16
42939 18
42940 8
42942 2
42953 6
42961 10
42962 18
42963 5
42969 1
42978 11
42985 15
42987 18
42988 12
42994 12
43000 18
43001 15
43003 14
43008 7
43011 11
43017 10
43018 9
43019 16
43021 11
43028 4
43034 9
43036 12
43042 14
43047 8
43051 11
43058 20
43060 20
43062 6
43070 3
43076 5
43083 5
43090 18
43091 20
43093 19
43095 14
43100 6
43108 19
43110 12
43118 16
43120 2
43131 16
43133 1
43143 3
43149 16
43151 17
43153 11
43160 1
43169 2
43178 12
43186 17
43188 18
43189 5
43196 12
43204 18
43205 3
43212 12
43218 2
43229 18
43230 12
43236 7
43238 6
43244 19
43246 5
43253 15
43255 4
43261 11
43268 13
43273 15
43275 21
43279 10
43280 4
43286 11
43293 17
43295 13
43301 18
43302 20
43304 17
43306 4
43314 15
43316 18
43317 9
43318 3
43325 12
43333 4
43341 4
43349 18
43350 3
43356 12
43362 2
43373 2
43382 3
43389 2
43398 12
43404 4
43410 9
43411 6
43419 3
43426 5
43433 3
43440 11
43446 11
43452 21
43456 2
43465 4
43473 6
43479 4
43487 18
43488 5
43495 20
43497 14
43504 13
43509 6
43515 10
43518 12
43524 12
43532 7
43535 14
43540 5
43547 6
43555 12
43563 19
43565 12
43571 20
43573 10
43574 15
43576 18
43577 14
43582 14
43587 19
43589 11
43595 18
43596 18
43597 8
43599 1
43608 21
43612 4
43618 15
43620 12
43628 10
43629 8
43633 12
43639 14
43644 6
43650 17
43652 12
43658 13
43663 9
43664 18
43665 1
43674 12
43680 18
43681 8
43685 11
43691 1
43700 6
43708 13
43713 11
43719 12
43727 16
43729 21
43733 6
43741 18
43742 12
43750 11
43756 18
43757 18
43758 16
43760 12
43768 9
43769 5
43776 19
43778 6
43786 17
43788 17
43790 11
43796 11
43802 11
43809 12
43815 11
43821 10
43822 4
43828 8
43832 12
43840 17
43842 13
43848 1
43857 16
43859 21
43863 11
43870 20
43872 9
43873 11
43879 18
43880 19
43882 16
43884 19
43886 12
43892 2
43901 5
43907 12
43915 14
43920 14
43925 16
43927 5
43933 11
43940 1
43949 18
43950 21
43954 7
43957 18
43958 15
43960 5
43966 7
43969 3
43975 6
43983 17
43985 5
43992 19
43994 11
44001 19
44003 18
44004 18
44005 16
44007 11
44013 15
44015 9
44016 18
44017 21
44021 1
44031 17
44033 2
44044 11
44051 13
44056 16
44058 12
44066 11
44073 12
44081 9
44082 1
44092 3
44099 7
44102 13
44108 4
44114 17
44116 9
44117 19
44119 2
44128 16
44130 5
44136 13
44141 10
44144 5
44150 18
44151 10
44152 19
44154 11
44160 4
44168 15
44170 5
44177 3
44184 19
44186 11
44193 12
44199 7
44202 3
44208 18
44209 15
44211 18
44212 12
44220 18
44221 3
44228 11
44234 21
44238 10
44239 20
44241 19
44243 20
44245 9
44246 15
44248 18
44249 18
44250 10
44251 3
44257 11
44264 12
44272 20
44274 21
44278 11
44284 5
44291 9
44292 11
44298 12
44304 6
44312 7
44315 1
44324 3
44330 15
44332 6
44338 19
44340 13
44346 13
44351 3
44357 7
44360 11
44367 1
44376 17
44378 7
44381 12
44389 16
44391 12
44397 16
44399 17
44401 15
44403 13
44409 6
44415 18
44416 1
44426 11
44432 16
44434 13
44439 1
44449 5
44455 16
44457 16
44459 11
44465 14
44472 2
44483 17
44485 3
44492 6
44498 12
44504 19
44506 2
44515 20
44517 11
44524 4
44532 8
44536 3
44543 10
44546 20
44548 3
44555 18
44556 13
44561 18
44562 11
44569 14
44576 6
44582 17
44584 12
44592 14
44599 14
44606 11
44613 13
44618 11
44624 5
44631 6
44637 21
44641 2
44650 19
44652 20
44654 14
44659 18
44660 11
44667 2
44678 18
44679 9
44681 18
44682 11
44688 13
44694 9
44695 20
44697 2
44706 6
44714 19
44716 10
44719 11
44726 15
44728 10
44731 6
44737 21
44741 11
44747 17
44749 1
44759 15
44761 5
44767 17
44769 11
44776 1
44786 3
44792 18
44793 9
44795 11
44801 16
44803 2
44814 11
44820 9
44822 8
44824 4
44832 21
44836 20
44838 11
44844 11
44851 7
44853 6
44861 21
44865 11
44872 19
44874 6
44880 12
44888 5
44895 14
44900 18
44901 8
44905 17
44907 5
44914 8
44916 2
44925 15
44927 9
44929 12
44937 3
44943 4
44951 12
44959 17
44961 11
44968 13
44973 11
44979 6
44985 16
44987 18
44988 21
44992 12
45000 5
45007 20
45009 11
45015 18
45016 20
45018 5
45025 20
45027 18
45028 6
45034 3
45041 7
45043 9
45044 12
45052 11
45058 21
45062 12
45070 12
45078 6
45086 18
45087 5
45094 12
45100 11
45106 11
45113 11
45120 4
45126 18
45127 12
45133 12
45141 15
45143 6
45149 10
45150 6
45156 11
45162 21
45166 8
45170 7
45173 12
45181 9
45183 21
45187 20
45189 8
45193 1
45203 18
45204 12
45210 21
45214 9
45215 15
45217 11
45224 7
45226 9
45228 11
45235 11
45242 7
45244 17
45246 18
45247 7
45250 4
45256 18
45257 17
45259 17
45261 18
45262 12
45268 3
45274 9
45276 3
45282 9
45283 18
45284 11
45290 11
45296 5
45303 18
45304 11
45311 4
45317 11
45324 14
45329 11
45336 6
45342 3
45348 4
45354 19
45356 9
45358 7
45360 2
45371 1
45381 13
45387 18
45388 9
45390 13
45396 7
45399 7
45402 2
45413 11
45420 14
45427 13
45433 18
45434 19
45436 8
45440 14
45445 12
45453 1
45463 13
45468 15
45470 3
45476 11
45483 20
45485 7
45488 15
45490 20
45492 11
45499 18
45500 13
45506 19
45508 21
45512 8
45516 7
45518 9
45519 19
45521 15
45523 8
45525 13
45531 15
45533 10
45536 15
45538 9
45539 14
45546 18
45547 18
45548 4
45556 14
45561 6
45569 15
45571 21
45575 17
45577 12
45583 16
45585 10
45588 19
45590 11
45596 4
45604 15
45606 7
45608 16
45610 1
45619 17
45621 18
45622 6
45630 1
45639 6
45647 17
45649 2
45658 1
45668 12
45676 19
45678 2
45687 21
45691 12
45697 15
45699 1
45708 2
45719 11
45725 14
45732 4
45740 15
45742 4
45748 11
45754 17
45756 15
45758 9
45760 11
45766 18
45767 9
45768 2
45779 18
45780 15
45782 18
45783 14
45788 21
45792 17
45794 18
45795 12
45803 14
45808 11
45814 12
45822 16
45824 10
45827 18
45828 3
45834 13
45840 15
45842 9
45843 19
45845 21
45849 4
45855 5
45861 13
45867 20
45869 8
45871 13
45877 7
45880 20
45882 1
45891 12
45899 19
45901 18
45902 13
45908 14
45915 13
45921 18
45922 18
45923 11
45929 12
45937 20
45939 11
45946 10
45949 1
45958 16
45960 21
45964 3
45971 7
45974 8
45978 11
45985 4
45991 11
45997 14
46004 13
46010 19
46012 20
46014 7
46017 11
46024 20
46026 12
46032 7
46034 16
46036 5
46043 13
46048 5
46054 18
46055 6
46061 3
46068 17
46070 13
46076 1
46085 4
46093 6
46099 8
46101 11
46107 1
46116 17
46118 12
46126 21
46130 18
46131 12
46139 19
46141 18
46142 4
46148 7
46151 20
46153 7
46155 18
46156 10
46157 6
46165 20
46167 12
46175 19
46177 12
46185 18
46186 1
46196 1
46206 15
46208 12
46216 9
46217 9
46218 12
46226 5
46233 12
46239 12
46247 12
46253 4
46259 11
46266 12
46274 10
46277 12
46283 11
46289 17
46291 16
46293 1
46303 17
46305 21
46309 2
46318 18
46319 16
46321 20
46323 4
46329 18
46330 20
46332 16
46334 14
46339 1
46348 16
46350 4
46358 20
46360 15
46362 7
46364 1
46374 11
46381 11
46387 20
46389 11
46395 12
46401 20
46403 4
46411 6
46417 12
46425 18
46426 12
46434 17
46436 12
46442 12
46448 16
46450 17
46452 18
46453 11
46459 10
46460 17
46462 20
46464 11
46471 12
46479 12
46487 7
46489 21
