10000
1 18
2 3
8 17
10 4
17 8
20 13
25 9
27 11
33 1
43 17
45 5
52 17
54 19
56 10
59 12
65 10
66 13
71 8
74 4
82 4
90 3
96 10
97 11
104 18
105 6
113 11
120 18
121 18
122 4
130 18
131 10
133 7
135 2
146 12
152 18
153 11
159 17
161 12
168 20
170 12
177 21
181 11
188 14
193 14
199 11
205 2
215 5
221 18
222 21
226 3
233 13
238 14
243 20
245 2
255 6
262 18
263 17
265 13
270 8
274 13
280 18
281 12
289 2
300 17
302 15
304 18
305 19
307 14
314 14
320 13
326 7
329 2
339 1
348 5
355 18
356 8
359 12
366 13
372 11
379 20
381 16
383 16
385 17
387 8
390 12
396 16
398 18
399 6
406 21
410 9
411 18
412 1
422 11
429 11
435 8
438 11
444 11
450 4
458 9
459 15
461 17
463 1
472 10
474 13
480 6
487 6
494 21
498 15
500 2
509 12
517 10
519 16
521 11
527 9
529 6
536 10
537 1
547 2
557 3
564 13
569 15
571 3
577 18
578 13
583 21
587 9
589 13
594 20
596 18
597 12
603 13
609 14
615 15
617 10
618 2
628 7
631 12
639 5
645 3
652 11
658 1
667 10
669 11
675 11
681 14
688 10
690 13
696 17
698 12
706 15
708 17
710 10
711 10
713 10
714 2
724 4
730 5
737 19
739 13
744 18
745 7
748 1
758 18
759 21
763 17
765 21
769 10
771 1
781 11
787 11
793 17
795 11
801 10
804 8
807 4
814 10
816 10
818 12
825 14
832 18
833 15
835 15
837 21
841 13
846 16
848 21
852 18
853 12
861 8
865 18
866 7
869 18
870 10
872 3
879 12
886 8
890 17
892 7
895 11
902 18
903 11
909 11
916 6
922 1
932 16
934 14
939 6
945 18
946 14
952 1
962 1
971 11
977 6
984 14
991 14
998 2
1007 4
1013 16
1015 12
1023 10
1025 17
1027 20
1029 13
1035 9
1037 5
1043 12
1051 21
1055 12
1062 9
1064 2
1075 15
1077 18
1078 18
1079 11
1086 14
1091 16
1093 15
1095 12
1103 15
1105 1
1115 19
1117 11
1124 13
1129 19
1131 3
1137 11
1143 12
1151 12
1159 8
1162 20
1164 5
1171 18
1172 20
1174 9
1175 11
1181 1
1190 15
1192 21
1196 11
1202 6
1209 4
1217 19
1219 13
1224 18
1225 10
1227 2
1237 18
1238 9
1239 18
1240 19
1242 13
1247 13
1252 11
1258 21
1262 12
1269 11
1275 18
1276 5
1282 15
1284 2
1293 4
1299 5
1306 12
1313 6
1320 20
1322 21
1326 7
1328 6
1335 3
1342 15
1344 11
1351 12
1358 20
1360 16
1362 8
1365 18
1366 21
1370 9
1372 11
1378 19
1380 11
1387 15
1389 12
1396 9
1397 10
1398 10
1400 17
1402 14
1408 11
1414 17
1416 18
1417 5
1423 1
1433 8
1436 2
1447 21
1451 10
1454 11
1460 2
1469 5
1476 11
1483 15
1485 12
1493 10
1496 16
1498 9
1500 2
1510 5
1516 13
1521 16
1523 7
1525 8
1528 17
1530 5
1537 10
1538 16
1540 16
1542 7
1545 17
1547 14
1553 6
1560 15
1562 11
1568 18
1569 6
1575 8
1578 18
1579 20
1581 20
1583 2
1593 12
1600 11
1606 16
1608 11
1614 6
1621 12
1629 11
1636 2
1647 2
1656 11
1662 21
1666 13
1671 14
1677 19
1679 7
1682 7
1685 18
1686 11
1693 8
1696 2
1705 14
1710 11
1717 4
1724 12
1731 11
1737 21
1741 19
1743 15
1745 11
1752 8
1756 15
1758 11
1765 13
1770 11
1777 1
1786 9
1788 18
1789 19
1791 12
1799 20
1801 11
1808 12
1816 9
1818 14
1824 5
1831 5
1838 1
1847 13
1853 6
1860 19
1862 13
1867 3
1873 14
1879 10
1881 3
1888 18
1889 12
1895 10
1896 10
1897 11
1903 2
1914 6
1920 18
1921 8
1925 11
1932 11
1939 12
1947 15
1949 11
1956 14
1963 3
1969 18
1970 21
1974 21
1978 9
1979 5
1985 11
1992 21
1996 2
2007 14
2012 5
2018 9
2019 13
2025 3
2031 18
2032 17
2034 21
2038 5
2044 15
2046 8
2048 15
2050 16
2052 12
2059 3
2065 3
2072 7
2074 12
2082 4
2090 18
2091 3
2098 20
2100 16
2102 9
2104 18
2105 11
2112 1
2122 18
2123 13
2128 6
2135 8
2139 5
2146 12
2154 1
2163 10
2166 11
2173 11
2179 6
2186 11
2193 12
2200 6
2208 12
2214 19
2216 11
2223 4
2230 4
2237 15
2239 15
2241 7
2243 7
2246 2
2255 1
2265 3
2271 8
2274 11
2280 6
2288 3
2294 12
2301 13
2307 12
2313 21
2317 15
2319 18
2320 12
2327 11
2333 11
2339 1
2348 3
2354 17
2356 11
2362 3
2369 14
2376 12
2384 11
2391 18
2392 13
2398 10
2399 3
2405 5
2411 10
2412 12
2420 3
2427 7
2429 12
2437 11
2443 2
2453 20
2455 17
2457 11
2463 12
2470 14
2476 12
2482 19
2484 12
2491 21
2495 9
2497 2
2506 13
2512 11
2519 12
2527 8
2531 14
2538 2
2549 16
2551 5
2558 10
2561 21
2565 11
2572 11
2579 18
2580 18
2581 18
2582 3
2589 5
2595 12
2602 19
2604 2
2614 5
2620 8
2623 12
2630 12
2637 11
2643 13
2649 19
2651 21
2655 11
2661 1
2670 1
2680 7
2682 11
2688 15
2690 16
2692 11
2699 11
2705 3
2712 8
2715 7
2718 16
2720 6
2727 13
2732 14
2738 21
2742 17
2744 17
2746 20
2748 4
2756 6
2763 17
2765 18
2766 5
2772 11
2778 11
2784 13
2790 11
2796 2
2806 11
2813 12
2819 17
2821 4
2829 13
2835 18
2836 13
2842 21
2846 8
2849 19
2851 14
2856 4
2862 10
2864 20
2866 18
2867 12
2875 18
2876 12
2884 9
2886 20
2888 2
2898 7
2901 10
2902 14
2908 1
2917 3
2924 19
2926 17
2928 17
2930 16
2932 12
2939 2
2948 21
2952 14
2957 10
2960 18
2961 4
2968 12
2974 5
2980 21
2984 12
2991 8
2994 17
2996 13
3001 15
3003 4
3010 18
3011 4
3019 8
3023 9
3025 21
3029 14
3035 18
3036 11
3042 18
3043 16
3045 18
3046 9
3047 17
3049 6
3056 6
3062 8
3064 11
3070 18
3071 3
3078 3
3085 14
3092 1
3101 4
3109 21
3113 12
3120 17
3122 6
3130 12
3136 20
3138 7
3141 19
3143 13
3148 14
3155 3
3161 4
3167 11
3174 10
3176 7
3178 12
3185 16
3187 11
3193 19
3195 5
3202 11
3209 20
3211 11
3217 3
3224 14
3231 12
3238 15
3240 11
3247 12
3253 8
3256 2
3267 6
3274 9
3275 2
3284 10
3285 12
3293 11
3300 10
3302 19
3304 15
3306 19
3308 9
3310 10
3311 15
3313 6
3320 3
3326 20
3328 11
3334 15
3336 5
3342 1
3351 20
3353 9
3355 9
3356 11
3362 14
3368 16
3370 17
3372 10
3373 12
3381 12
3388 4
3394 8
3397 9
3399 11
3406 1
3415 1
3424 6
3432 12
3439 10
3441 17
3443 12
3450 9
3452 10
3455 18
3456 8
3459 17
3461 12
3469 18
3470 9
3471 15
3473 14
3479 3
3486 12
3494 11
3501 3
3508 18
3509 1
3519 1
3528 20
3530 18
3531 11
3537 19
3539 3
3546 11
3553 11
3560 11
3567 12
3573 4
3581 2
3590 9
3592 14
3598 11
3605 19
3607 12
3614 18
3615 11
3621 11
3627 6
3634 19
3636 18
3637 1
3646 12
3652 7
3654 18
3655 11
3661 2
3671 4
3678 3
3684 18
3685 15
3687 17
3689 1
3699 18
3700 8
3703 8
3706 11
3713 5
3720 7
3723 7
3726 11
3733 18
3734 16
3736 13
3742 11
3749 3
3755 12
3762 19
3764 11
3770 3
3776 16
3778 11
3785 12
3792 11
3798 8
3801 13
3807 18
3808 11
3814 12
3821 16
3823 3
3830 18
3831 7
3833 9
3835 12
3841 11
3848 20
3850 7
3852 7
3855 20
3857 7
3860 11
3867 6
3875 5
3882 4
3890 8
3893 12
3901 11
3907 18
3908 12
3915 6
3922 12
3929 5
3935 21
3939 3
3946 15
3948 12
3955 12
3962 12
3969 2
3979 9
3980 11
3987 3
3994 19
3996 19
3998 18
3999 1
4008 20
4010 3
4016 4
4023 4
4029 21
4033 12
4040 18
4041 12
4048 9
4050 10
4051 12
4058 7
4060 4
4066 3
4072 17
4074 2
4084 12
4091 10
4092 12
4100 3
4107 5
4114 18
4115 11
4121 3
4128 8
4131 5
4138 20
4140 18
4141 11
4147 10
4149 20
4151 11
4157 2
4167 1
4177 2
4187 17
4189 8
4191 18
4192 19
4194 7
4197 11
4204 1
4214 11
4221 17
4223 5
4229 11
4235 1
4245 20
4247 12
4255 6
4263 11
4269 13
4274 19
4276 19
4278 4
4285 2
4295 6
4302 11
4308 7
4310 10
4312 11
4318 7
4321 16
4323 16
4325 8
4328 7
4330 19
4332 18
4333 11
4339 6
4346 7
4348 17
4350 8
4353 11
4359 18
4360 20
4362 11
4368 11
4374 18
4375 9
4377 9
4378 11
4384 19
4386 6
4393 20
4395 6
4403 11
4409 4
4416 11
4423 14
4429 12
4436 19
4438 7
4440 9
4442 15
4444 1
4454 21
4458 17
4460 11
4467 12
4474 21
4478 9
4479 18
4480 15
4482 21
4486 4
4493 13
4499 7
4501 9
4503 5
4510 13
4515 3
4521 12
4528 12
4535 2
4544 17
4546 20
4548 4
4555 11
4562 17
4564 20
4566 13
4572 11
4578 12
4584 6
4591 7
4593 11
4600 15
4602 8
4605 11
4611 18
4612 19
4614 11
4620 9
4621 3
4628 18
4629 12
4636 18
4637 18
4638 1
4647 12
4653 3
4660 16
4662 1
4672 4
4679 1
4689 11
4695 18
4696 10
4698 12
4705 7
4708 1
4717 5
4723 20
4725 18
4726 19
4728 18
4729 20
4731 11
4738 3
4744 16
4746 21
4750 12
4757 10
4758 17
4760 18
4761 17
4763 7
4766 12
4772 11
4778 10
4780 12
4787 12
4794 17
4796 11
4802 18
4803 2
4814 11
4821 6
4827 18
4828 2
4838 21
4842 18
4843 14
4849 16
4851 10
4853 11
4859 12
4867 1
4876 11
4883 4
4890 11
4897 20
4899 15
4901 4
4909 19
4911 17
4913 11
4919 17
4921 16
4923 2
4933 12
4940 4
4947 12
4954 11
4961 21
4965 17
4967 12
4973 13
4979 21
4983 11
4990 5
4996 10
4999 2
5010 12
5018 17
5020 6
5028 11
5034 15
5036 11
5043 18
5044 21
5048 18
5049 11
5055 10
5057 20
5059 19
5061 14
5067 11
5074 12
5080 11
5086 12
5092 17
5094 21
5098 17
5100 3
5106 13
5112 10
5114 5
5121 9
5122 11
5128 7
5131 21
5135 15
5137 14
5143 18
5144 15
5146 16
5148 2
5157 14
5164 12
5170 11
5176 19
5178 18
5179 10
5181 11
5187 12
5195 4
5202 15
5204 18
5205 8
5207 9
5208 6
5215 2
5226 5
5232 4
5239 19
5241 16
5243 3
5250 13
5256 10
5258 5
5264 6
5271 5
5278 12
5284 14
5291 11
5297 2
5308 12
5315 9
5317 15
5319 8
5323 17
5325 6
5332 11
5339 2
5349 12
5355 20
5357 11
5364 19
5366 19
5368 10
5369 19
5371 13
5377 4
5384 6
5391 14
5396 13
5402 18
5403 8
5407 11
5414 18
5415 15
5417 6
5425 6
5431 10
5433 12
5440 1
5450 20
5452 15
5454 12
5460 3
5466 16
5468 5
5475 12
5482 12
5488 12
5494 14
5499 16
5501 11
5507 19
5509 19
5511 19
5513 18
5514 13
5520 3
5526 6
5533 20
5535 3
5541 2
5551 11
5557 18
5558 12
5565 17
5567 21
5571 4
5578 9
5579 11
5586 3
5592 11
5599 20
5601 4
5607 18
5608 19
5610 16
5612 15
5614 18
5615 1
5625 11
5632 3
5639 4
5646 10
5648 9
5649 21
5653 3
5660 15
5662 18
5663 11
5669 12
5675 16
5677 15
5679 1
5689 20
5691 13
5697 18
5698 11
5704 18
5705 19
5707 12
5715 16
5717 4
5725 1
5734 12
5741 13
5747 13
5752 2
5761 16
5763 9
5764 18
5765 18
5766 4
5774 19
5776 20
5778 12
5786 17
5788 13
5794 17
5796 1
5806 11
5812 6
5818 10
5821 6
5829 15
5831 11
5838 16
5840 10
5842 3
5849 3
5855 18
5856 18
5857 18
5858 12
5865 17
5867 14
5872 14
5878 13
5884 2
5895 4
5902 17
5904 17
5906 8
5909 14
5915 11
5921 6
5928 8
5931 19
5933 5
5940 2
5951 13
5957 3
5963 5
5970 2
5979 20
5981 6
5988 1
5997 14
6003 9
6005 12
6013 5
6020 7
6022 11
6029 6
6035 2
6046 6
6054 9
6055 11
6061 11
6067 17
6069 11
6076 11
6082 18
6083 15
6085 9
6087 5
6093 12
6100 19
6102 11
6108 1
6118 6
6125 17
6127 18
6128 16
6130 15
6132 14
6137 12
6144 11
6151 13
6157 15
6159 1
6169 12
6177 11
6184 1
6194 14
6201 10
6202 17
6204 12
6211 6
6219 9
6221 11
6227 6
6235 7
6238 12
6245 10
6247 3
6254 16
6256 7
6259 1
6268 12
6275 15
6277 17
6279 2
6289 1
6298 18
6299 16
6301 12
6307 19
6309 7
6311 3
6318 2
6329 20
6331 21
6335 21
6339 4
6345 12
6352 7
6355 8
6359 12
6366 20
6368 8
6372 7
6375 11
6381 12
6387 18
6388 5
6395 10
6396 17
6398 2
6408 8
6412 11
6419 10
6421 12
6429 3
6436 9
6438 15
6440 5
6447 11
6453 18
6454 18
6455 10
6456 9
6457 13
6463 18
6464 15
6466 15
6468 4
6476 11
6482 12
6488 6
6494 11
6500 7
6503 5
6510 12
6517 8
6519 12
6526 15
6528 11
6535 11
6541 16
6543 21
6547 6
6554 21
6558 11
6565 1
6574 15
6576 14
6582 17
6584 7
6586 17
6588 2
6598 3
6605 11
6611 3
6617 8
6619 12
6626 6
6632 20
6634 7
6636 11
6643 19
6645 8
6647 20
6649 18
6650 6
6657 3
6664 15
6666 4
6673 18
6674 5
6680 11
6687 21
6691 9
6693 8
6697 14
6702 5
6708 14
6715 1
6725 6
6732 12
6740 20
6742 11
6749 12
6756 6
6764 18
6765 13
6770 1
6779 8
6781 1
6790 16
6792 19
6794 20
6796 3
6802 17
6804 14
6811 9
6813 14
6819 1
6829 1
6838 10
6839 12
6846 12
6852 12
6859 3
6865 3
6871 11
6878 13
6884 10
6887 8
6890 5
6897 7
6900 15
6902 11
6909 15
6911 20
6913 18
6914 18
6915 2
6925 19
6927 18
6928 4
6936 2
6945 7
6948 10
6949 13
6954 16
6956 4
6963 7
6966 5
6972 15
6974 12
6981 12
6988 8
6991 11
6997 1
7007 9
7009 16
7011 20
7013 12
7021 8
7023 6
7029 10
7031 15
7033 12
7040 21
7044 12
7050 1
7060 4
7068 18
7069 21
7073 9
7075 19
7077 14
7082 11
7088 12
7095 11
7101 2
7112 18
7113 3
7120 9
7122 12
7129 12
7135 15
7137 18
7138 9
7140 13
7146 2
7155 15
7157 6
7164 18
7165 19
7167 10
7169 5
7175 19
7177 2
7187 11
7193 7
7195 12
7202 8
7206 2
7215 16
7217 18
7218 6
7225 20
7227 11
7234 20
7236 6
7243 17
7245 4
7253 1
7263 13
7269 2
7279 11
7285 20
7287 21
7291 7
7294 8
7297 1
7306 14
7311 4
7318 5
7325 14
7330 11
7337 6
7345 18
7346 21
7350 15
7352 21
7356 13
7361 11
7368 21
7372 19
7374 11
7380 3
7387 12
7394 8
7396 20
7398 12
7405 2
7415 3
7422 16
7424 5
7431 11
7438 13
7444 6
7452 8
7455 11
7462 18
7463 21
7467 11
7473 5
7479 6
7486 12
7493 2
7503 19
7505 21
7509 21
7513 9
7514 11
7520 5
7527 12
7535 12
7542 2
7553 3
7559 12
7567 2
7577 16
7579 13
7585 13
7590 12
7597 1
7607 21
7611 6
7619 12
7626 6
7633 19
7635 18
7636 11
7643 3
7649 12
7656 9
7658 7
7661 2
7671 2
7681 11
7688 16
7690 3
7697 14
7703 20
7705 9
7706 2
7715 9
7716 3
7722 20
7724 13
7730 21
7734 5
7740 8
7742 3
7748 19
7750 13
7755 1
7765 17
7767 14
7774 4
7782 18
7783 2
7792 9
7793 14
7800 17
7802 19
7804 12
7812 11
7818 19
7820 11
7827 1
7837 18
7838 6
7845 11
7852 10
7855 21
7859 3
7866 13
7872 11
7878 18
7879 9
7880 11
7886 4
7893 4
7900 10
7901 21
7905 4
7913 5
7919 16
7921 17
7923 6
7929 12
7936 9
7937 15
7939 19
7941 18
7942 9
7944 5
7951 2
7961 9
7963 3
7970 18
7971 4
7978 11
7985 7
7987 4
7995 11
8001 20
8003 11
8009 2
8019 1
8029 11
8036 19
8038 3
8044 4
8050 16
8052 9
8053 12
8059 14
8065 16
8067 18
8068 9
8069 18
8070 2
8079 19
8081 7
8083 12
8090 11
8097 14
8104 5
8111 18
8112 3
8119 18
8120 6
8128 11
8135 21
8139 16
8141 10
8144 1
8154 4
8162 1
8171 1
8181 12
8189 16
8191 9
8193 8
8197 18
8198 8
8202 7
8204 10
8205 15
8207 9
8209 9
8210 5
8217 8
8219 6
8226 13
8231 14
8237 6
8244 12
8251 12
8259 15
8261 11
8267 2
8276 14
8282 14
8288 12
8296 19
8298 12
8304 2
8313 15
8315 3
8321 15
8323 3
8329 11
8335 15
8337 13
8342 3
8349 18
8350 10
8352 9
8354 19
8356 12
8363 21
8367 11
8374 16
8376 16
8378 14
8385 11
8392 12
8399 11
8406 16
8408 11
8415 18
8416 7
8418 2
8427 18
8428 2
8438 11
8444 8
8447 12
8454 16
8456 11
8462 18
8463 15
8465 14
8470 10
8472 14
8479 5
8486 15
8488 9
8490 18
8491 12
8499 2
8508 21
8512 12
8518 15
8520 1
8530 1
8539 15
8541 12
8549 8
8552 18
8553 10
8555 4
8563 13
8569 12
8577 9
8579 19
8581 19
8583 3
8589 11
8596 18
8597 18
8598 15
8600 12
8607 14
8614 18
8615 15
8617 19
8619 12
8627 6
8633 8
8636 16
8638 9
8639 6
8646 15
8648 1
8657 19
8659 15
8661 18
8662 12
8670 7
8673 15
8675 16
8677 6
8684 19
8686 7
8689 12
8696 11
8703 8
8706 15
8708 3
8715 6
8721 5
8727 18
8728 18
8729 2
8739 18
8740 11
8746 17
8748 17
8750 16
8752 13
8758 17
8760 21
8764 17
8766 12
8774 14
8779 21
8783 9
8785 19
8787 9
8788 13
8794 10
8797 15
8799 17
8801 14
8808 13
8813 14
8820 18
8821 6
8828 11
8835 19
8837 18
8838 15
8840 6
8846 12
8854 11
8861 10
8863 3
8869 12
8877 1
8886 15
8888 21
8892 21
8896 15
8898 2
8908 10
8910 6
8917 7
8920 17
8922 8
8924 19
8926 11
8932 12
8939 15
8941 16
8943 18
8944 15
8946 11
8953 7
8955 11
8962 5
8968 15
8970 17
8972 16
8974 12
8980 18
8981 9
8983 12
8990 6
8997 2
9007 1
9016 6
9022 14
9028 3
9034 1
9043 12
9051 13
9057 6
9064 6
9071 11
9078 12
9085 8
9088 12
9096 7
9098 1
9107 13
9112 6
9120 8
9123 6
9129 10
9132 13
9137 20
9139 11
9145 16
9147 21
9151 2
9161 17
9163 20
9165 16
9167 17
9169 17
9171 18
9172 10
9175 18
9176 1
9185 6
9191 6
9197 19
9199 10
9201 2
9212 6
9218 18
9219 19
9221 12
9227 8
9229 19
9231 7
9234 12
9240 4
9246 1
9255 12
9261 19
9263 15
9265 9
9267 20
9269 12
9276 14
9283 16
9285 19
9287 4
9294 19
9296 10
9297 8
9301 19
9303 13
9308 11
9315 6
9322 18
9323 11
9330 11
9337 12
9344 9
9345 3
9352 10
9354 15
9356 11
9363 20
9365 18
9366 20
9368 11
9374 21
9378 7
9380 11
9387 12
9393 12
9399 4
9406 14
9412 17
9414 17
9416 12
9423 11
9429 18
9430 11
9437 16
9439 20
9441 12
9447 5
9453 2
9464 18
9465 10
9466 21
9470 11
9477 11
9484 7
9486 11
9493 12
9500 14
9507 13
9512 16
9514 8
9517 12
9524 11
9530 19
9532 21
9536 13
9541 4
9547 11
9554 9
9556 12
9563 11
9570 11
9577 3
9583 7
9586 5
9592 16
9594 6
9602 3
9609 2
9619 11
9626 18
9627 1
9637 8
9639 12
9645 20
9647 1
9657 18
9658 14
9664 2
9674 14
9680 18
9681 8
9684 1
9693 4
9701 11
9708 13
9713 18
9714 12
9721 6
9729 15
9731 3
9738 15
9740 2
9750 6
9757 11
9764 19
9766 2
9777 2
9787 8
9791 13
9797 18
9798 3
9805 10
9807 6
9813 11
9819 3
9826 15
9828 11
9835 5
9841 20
9843 18
9844 18
9845 9
9847 12
9855 16
9857 11
9864 1
9873 5
9879 9
9880 15
9882 12
9890 4
9897 12
9905 10
9907 15
9909 6
9917 18
9918 4
9925 15
9927 8
9930 2
9940 12
9948 10
9950 5
9956 14
9961 12
9968 13
9973 5
9980 16
9982 9
9984 5
9991 21
9995 7
9997 18
9998 18
9999 12
10005 14
10011 12
10019 15
10021 12
10027 18
10028 10
10029 18
10030 6
10038 17
10040 12
10047 11
10054 5
10060 11
10066 17
10068 7
10070 7
10072 11
10079 11
10085 20
10087 11
10093 9
10094 12
10100 12
10108 3
10114 13
10120 14
10126 19
10128 16
10130 19
10132 12
10140 15
10142 11
10149 14
10154 6
10161 6
10167 12
10175 12
10181 15
10183 8
10187 14
10193 16
10195 12
10202 4
10209 9
10210 11
10216 20
10218 3
10224 8
10228 15
10230 5
10236 10
10238 12
10246 11
10252 16
10254 4
10261 13
10267 15
10269 16
10271 11
10278 21
10282 13
10287 3
10293 16
10295 6
10302 12
10310 18
10311 14
10317 5
10324 9
10325 4
10331 8
10334 15
10336 14
10343 9
10345 15
10347 1
10357 18
10358 14
10364 2
10375 9
10376 11
10382 8
10384 1
10394 12
10400 8
10404 9
10405 18
10406 7
10409 6
10416 18
10417 13
10422 20
10424 9
10426 3
10432 8
10436 19
10438 5
10445 14
10451 15
10453 18
10454 6
10460 6
10467 11
10473 12
10479 7
10482 3
10489 12
10495 10
10498 14
10504 4
10512 18
10513 4
10519 16
10521 21
10525 17
10527 3
10533 12
10539 6
10546 11
10553 8
10557 11
10563 1
10572 15
10574 11
10581 11
10587 13
10593 7
10595 8
10598 11
10604 17
10606 12
10612 10
10615 8
10618 15
10620 8
10622 20
10624 11
10630 6
10636 16
10638 3
10644 4
10651 11
10658 11
10664 14
10669 17
10671 15
10673 12
10680 12
10686 11
10692 17
10694 11
10701 12
10709 11
10716 17
10718 11
10724 5
10731 12
10738 18
10739 10
10740 3
10747 11
10754 7
10757 7
10759 5
10766 12
10774 11
10781 14
10788 18
10789 13
10794 12
10802 2
10812 7
10814 8
10817 11
10824 12
10830 21
10834 16
10836 7
10839 12
10847 14
10852 11
10858 2
10868 11
10875 2
10885 15
10887 20
10889 1
10898 21
10902 19
10904 20
10906 11
10912 20
10914 13
10920 16
10922 1
10932 5
10939 8
10942 14
10948 8
10950 16
10952 11
10959 6
10965 12
10971 7
10973 20
10975 11
10982 12
10988 18
10989 9
10991 6
10997 21
11001 5
11007 18
11008 18
11009 4
11017 16
11019 16
11021 16
11023 10
11026 7
11028 16
11030 14
11037 15
11039 20
11041 12
11048 16
11050 13
11056 12
11062 11
11069 18
11070 16
11072 7
11075 9
11076 10
11079 13
11084 9
11086 16
11088 15
11090 5
11097 21
11101 8
11103 14
11108 12
11115 1
11125 11
11132 8
11135 15
11137 6
11143 13
11148 4
11155 12
11162 4
11168 12
11175 16
11177 12
11184 12
11191 17
11193 20
11195 12
11202 18
11203 5
11209 9
11211 5
11218 14
11225 12
11231 5
11238 15
11240 13
11245 14
11250 3
11256 14
11262 19
11264 8
11268 11
11274 2
11285 10
11287 5
11293 10
11294 21
11298 13
11303 6
11310 10
11311 5
11317 17
11319 20
11321 4
11328 2
11338 12
11345 14
11351 12
11358 20
11360 12
11368 11
11374 14
11379 2
11389 1
11398 8
11401 5
11407 18
11408 13
11413 20
11415 20
11417 15
11419 13
11425 12
11432 20
11434 8
11437 10
11439 15
11441 11
11447 18
11448 20
11450 10
11452 8
11455 7
11457 3
11464 12
11471 5
11477 9
11479 18
11480 6
11487 6
11495 12
11502 6
11509 17
11511 12
11519 21
11523 13
11529 18
11530 5
11537 20
11539 13
11545 4
11551 20
11553 12
11560 14
11567 11
11574 16
11576 18
11577 21
11581 6
11588 11
11595 1
11605 19
11607 8
11609 9
11611 6
11618 4
11625 13
11630 11
11637 2
11647 11
11653 12
11659 19
11661 3
11667 2
11677 11
11684 21
11688 16
11690 7
11693 12
11699 1
11709 13
11714 12
11722 13
11727 19
11729 15
11731 6
11738 15
11740 14
11745 9
11746 12
11753 6
11760 11
11767 1
11776 1
11786 14
11792 14
11799 4
11806 11
11812 9
11813 17
11815 12
11821 11
11827 7
11830 9
11832 10
11834 13
11839 6
11846 21
11850 7
11853 18
11854 13
11860 12
11867 6
11875 16
11877 11
11884 8
11888 4
11894 10
11896 18
11897 21
11901 12
11907 5
11913 20
11915 2
11925 12
11933 1
11942 18
11943 19
11945 16
11947 18
11948 14
11954 11
11961 13
11966 12
11973 7
11975 21
11979 9
11980 7
11982 2
11992 7
11994 11
12001 19
12003 12
12010 11
12016 19
12018 9
12020 3
12027 7
12030 3
12037 15
12039 7
12042 11
12049 11
12056 21
12060 19
12062 17
12064 12
12071 2
12081 13
12087 8
12090 16
12092 11
12098 8
12102 19
12104 18
12105 6
12112 11
12118 12
12125 16
12127 18
12128 14
12134 4
12141 11
12147 12
12154 6
12161 16
12163 2
12172 20
12174 9
12175 3
12182 8
12185 14
12192 14
12198 7
12201 4
12208 19
12210 8
12213 5
12219 11
12226 7
12228 11
12234 12
12241 19
12243 6
12250 21
12254 3
12260 4
12267 8
12270 11
12277 3
12283 4
12290 8
12293 11
12300 1
12310 3
12317 12
12324 6
12332 17
12334 19
12336 6
12342 1
12352 7
12355 9
12356 12
12363 15
12365 14
12371 21
12375 13
12380 13
12385 11
12391 4
12398 21
12402 1
12411 6
12418 13
12424 5
12431 20
12433 21
12437 5
12443 6
12450 15
12452 15
12454 11
12461 5
12467 18
12468 15
12470 4
12477 11
12483 2
12493 10
12495 13
12501 7
12503 7
12506 19
12508 15
12510 11
12516 18
12517 9
12518 12
12524 3
12531 12
12537 19
12539 4
12546 20
12548 18
12549 21
12553 19
12555 17
12557 11
12564 4
12570 11
12577 11
12583 12
12590 6
12597 15
12599 18
12600 3
12606 20
12608 1
12618 21
12622 18
12623 15
12625 19
12627 9
12629 12
12637 18
12638 4
12645 13
12650 14
12656 10
12657 21
12661 20
12663 7
12666 5
12672 1
12682 4
12688 9
12690 12
12698 10
12700 1
12709 15
12711 20
12713 9
12715 4
12723 20
12725 13
12730 10
12733 11
12740 8
12742 11
12748 15
12750 18
12751 15
12753 12
12759 3
12765 11
12771 11
12777 18
12778 18
12779 13
12784 15
12786 16
12788 1
12798 16
12800 6
12808 7
12810 6
12817 6
12823 20
12825 12
12833 14
12839 11
12845 4
12852 2
12861 17
12863 12
12870 3
12877 16
12879 9
12880 15
12882 2
12892 9
12894 7
12897 21
12901 16
12903 9
12904 11
12911 9
12912 11
12918 8
12921 18
12922 12
12929 11
12935 4
12942 18
12943 11
12950 20
12952 11
12958 11
12965 12
12972 13
12978 17
12980 17
12982 14
12988 13
12994 20
12996 8
12999 13
13004 1
13014 5
13020 19
13022 21
13026 11
13032 1
13041 1
13051 20
13053 19
13055 7
13058 3
13064 20
13066 11
13073 15
13075 12
13082 7
13084 20
13086 1
13096 19
13098 15
13100 3
13107 9
13108 18
13109 3
13115 5
13121 20
13123 11
13130 5
13137 12
13143 9
13145 20
13147 18
13148 6
13156 12
13162 10
13164 11
13171 9
13173 19
13175 7
13177 13
13183 2
13192 3
13198 11
13204 14
13210 10
13211 7
13213 3
13219 20
13221 12
13229 17
13231 18
13232 4
13239 3
13245 12
13252 3
13259 7
13262 2
13273 1
13282 12
13289 14
13295 11
13301 1
13310 8
13313 4
13319 15
13321 12
13327 2
13337 15
13339 20
13341 9
13342 3
13349 13
13355 2
13365 17
13367 2
13377 14
13383 4
13391 15
13393 11
13400 11
13406 5
13413 8
13415 7
13417 3
13424 1
13433 7
13436 11
13442 6
13449 11
13455 20
13457 13
13463 11
13469 4
13476 20
13478 4
13485 18
13486 15
13488 5
13494 17
13496 4
13503 16
13505 5
13511 9
13513 13
13518 11
13524 12
13530 12
13537 16
13539 2
13549 7
13551 10
13553 5
13559 13
13564 11
13571 13
13576 11
13582 12
13588 3
13594 14
13600 8
13603 20
13605 20
13607 6
13615 3
13621 1
13631 16
13633 14
13639 8
13642 20
13644 19
13646 10
13648 10
13650 12
13656 11
13662 11
13668 18
13669 18
13670 10
13672 15
13674 11
13681 12
13687 18
13688 9
13690 11
13696 5
13702 3
13708 21
13712 11
13718 18
13719 1
13729 3
13736 18
13737 12
13743 6
13750 10
13752 15
13754 6
13761 1
13770 13
13776 8
13779 14
13786 7
13788 12
13795 5
13801 13
13807 6
13814 8
13817 5
13823 10
13826 5
13833 11
13840 11
13846 9
13848 11
13854 20
13856 11
13863 7
13866 20
13868 16
13870 13
13875 9
13876 1
13886 8
13889 12
13895 17
13897 3
13904 18
13905 13
13910 9
13911 9
13913 13
13918 12
13925 7
13928 7
13930 20
13932 12
13939 11
13946 3
13952 15
13954 17
13956 8
13959 9
13961 1
13971 7
13973 7
13976 10
13978 14
13984 5
13990 16
13992 12
14000 11
14007 4
14013 15
14015 19
14017 13
14022 2
14032 11
14038 18
14039 1
14048 9
14049 18
14050 4
14056 12
14062 17
14064 18
14065 17
14067 11
14073 9
14074 20
14076 14
14082 15
14084 11
14091 13
14096 7
14099 13
14104 7
14107 17
14109 16
14111 6
14118 16
14120 11
14127 21
14131 4
14138 17
14140 20
14142 9
14143 20
14145 14
14151 16
14153 17
14155 20
14157 16
14159 16
14161 4
14169 20
14171 5
14178 13
14184 2
14194 19
14196 20
14198 13
14204 12
14210 2
14219 18
14220 7
14222 18
14223 1
14233 14
14238 15
14240 11
14246 18
14247 4
14254 4
14261 12
14268 20
14270 2
14281 17
14283 18
14284 11
14291 11
14297 11
14303 11
14309 19
14311 17
14313 19
14315 11
14321 11
14328 6
14334 11
14341 12
14349 18
14350 10
14352 9
14353 8
14355 12
14361 8
14363 3
14370 9
14372 6
14380 20
14382 14
14388 2
14398 16
14400 16
14402 12
14410 12
14417 11
14424 7
14427 4
14434 15
14436 20
14438 19
14440 12
14446 5
14453 8
14457 10
14460 17
14462 5
14469 6
14476 15
14478 4
14485 13
14491 21
14495 4
14501 19
14503 16
14505 15
14507 6
14515 11
14522 10
14523 9
14524 10
14527 14
14534 7
14537 18
14538 1
14548 11
14555 8
14559 13
14565 9
14567 19
14569 1
14578 1
14587 10
14589 21
14593 2
14603 11
14609 10
14610 19
14612 19
14614 12
14620 2
14629 3
14635 12
14643 15
14645 10
14647 7
14649 12
14657 12
14665 9
14666 7
14669 17
14671 16
14673 4
14680 7
14683 7
14686 5
14693 19
14695 16
14697 21
14701 12
14707 12
14714 16
14716 11
14722 16
14724 4
14731 9
14733 11
14740 2
14750 10
14752 9
14754 6
14761 12
14768 18
14769 6
14775 10
14778 1
14787 2
14797 5
14804 10
14807 7
14810 17
14812 10
14813 13
14818 20
14820 20
14822 10
14824 4
14831 18
14832 15
14834 3
14841 11
14847 4
14853 11
14860 13
14865 4
14873 7
14876 15
14878 11
14884 11
14891 11
14897 13
14902 8
14904 4
14911 4
14919 14
14925 20
14927 12
14934 11
14941 7
14943 8
14947 13
14952 6
14959 10
14961 18
14962 13
14967 1
14977 15
14979 16
14981 13
14987 19
14989 12
14996 13
15001 14
15006 1
15016 4
15022 12
15029 13
15035 11
15042 14
15047 13
15053 2
15062 5
15068 12
15075 6
15083 12
15091 11
15098 19
15100 18
15101 10
15103 13
15109 18
15110 3
15117 15
15119 8
15122 4
15129 7
15131 11
15137 5
15143 11
15149 6
15156 18
15157 7
15159 15
15161 17
15163 3
15169 14
15175 11
15181 3
15187 16
15189 21
15193 21
15197 3
15204 6
15212 5
15218 11
15225 13
15231 5
15237 11
15243 8
15246 12
15254 11
15260 4
15267 10
15270 12
15276 11
15282 19
15284 8
15286 12
15293 8
15296 17
15298 21
15302 13
15308 21
15312 19
15314 12
15321 19
15323 7
15325 18
15326 18
15327 1
15336 10
15337 9
15339 4
15346 6
15352 21
15356 7
15358 8
15361 7
15363 12
15370 11
15377 10
15378 21
15382 11
15389 20
15391 12
15398 2
15408 4
15415 18
15416 18
15417 11
15423 13
15428 18
15429 15
15431 17
15433 19
15435 9
15436 20
15438 18
15439 5
15446 12
15454 8
15457 18
15458 17
15460 15
15462 15
15464 4
15471 1
15480 12
15486 11
15492 2
15502 11
15508 9
15509 15
15511 16
15513 16
15515 15
15517 19
15519 11
15525 21
15529 1
15539 17
15541 8
15543 18
15544 7
15547 18
15548 3
15555 21
15559 3
15565 11
15571 18
15572 11
15579 1
15588 11
15595 14
15602 6
15608 18
15609 12
15617 2
15627 11
15634 19
15636 19
15638 12
15645 5
15652 5
15659 10
15661 4
15668 6
15675 18
15676 6
15682 19
15684 12
15692 15
15694 12
15702 11
15709 11
15715 13
15720 6
15728 3
15735 11
15742 4
15748 19
15750 15
15752 9
15754 21
15758 18
15759 15
15761 6
15767 9
15769 17
15771 6
15778 13
15783 12
15790 4
15798 4
15805 9
15806 12
15813 10
15815 10
15818 17
15820 11
15827 13
15833 12
15839 12
15846 4
15854 16
15856 8
15859 16
15861 18
15862 10
15863 13
15869 16
15871 15
15873 4
15880 12
15887 1
15897 19
15899 3
15906 16
15908 12
15916 6
15924 12
15932 8
15935 4
15942 20
15944 18
15945 1
15954 4
15961 3
15967 19
15969 18
15970 8
15973 11
15979 4
15986 21
15990 15
15992 16
15994 1
16004 5
16010 1
16019 8
16022 11
16028 11
16034 18
16035 12
16043 5
16049 15
16051 11
16057 5
16063 17
16065 10
16066 4
16073 20
16075 17
16077 9
16079 4
16086 7
16088 14
16094 19
16096 17
16098 13
16104 11
16110 17
16112 21
16116 11
16122 13
16127 8
16129 12
16137 5
16144 11
16151 11
16157 18
16158 16
16160 21
16164 15
16166 19
16168 1
16177 4
16184 2
16194 13
16200 12
16207 1
16217 20
16219 17
16221 15
16223 12
16230 12
16236 19
16238 4
16244 9
16246 20
16248 11
16255 7
16257 21
16261 14
16266 14
16272 18
16273 1
16282 15
16284 18
16285 10
16287 20
16289 2
16299 10
16302 18
16303 10
16305 1
16315 17
16317 15
16319 19
16321 13
16327 11
16334 20
16336 12
16344 13
16349 18
16350 11
16356 8
16359 12
16366 10
16367 21
16371 12
16378 3
16384 16
16386 19
16388 19
16390 14
16397 1
16407 12
16414 12
16421 4
16428 13
16434 12
16442 8
16445 7
16448 17
16450 2
16460 4
16467 9
16469 18
16470 18
16471 2
16481 15
16483 2
16493 12
16500 4
16507 11
16513 16
16515 12
16522 10
16525 20
16527 6
16533 8
16536 16
16538 2
16548 8
16551 19
16553 1
16562 18
16563 2
16572 20
16574 18
16575 4
16582 12
16588 16
16590 18
16591 17
16593 11
16600 16
16602 5
16608 4
16615 9
16616 15
16618 21
16622 5
16628 2
16638 11
16645 7
16647 11
16653 8
16655 1
16664 11
16671 18
16672 9
16674 16
16676 2
16685 4
16692 15
16694 11
16701 11
16708 20
16710 8
16712 21
16716 20
16718 12
16724 19
16726 18
16727 18
16728 7
16731 6
16737 13
16743 19
16745 11
16752 2
16761 8
16763 16
16765 15
16767 21
16771 16
16773 5
16780 17
16782 5
16789 20
16791 9
16793 8
16797 19
16799 11
16806 14
16813 17
16815 10
16816 12
16824 17
16826 3
16832 12
16839 1
16848 7
16850 12
16857 5
16863 20
16865 15
16867 16
16869 17
16871 12
16879 8
16882 1
16891 11
16897 1
16906 11
16913 16
16915 1
16925 3
16931 1
16940 13
16945 11
16951 12
16958 16
16960 11
16967 18
16968 4
16976 3
16982 11
16988 19
16990 21
16994 13
17000 7
17002 6
17009 7
17012 13
17018 10
17019 2
17028 4
17035 11
17042 12
17049 5
17056 12
17064 12
17070 6
17077 1
17086 11
17092 4
17099 14
17105 15
17107 12
17113 19
17115 10
17118 6
17124 8
17126 9
17127 7
17129 19
17131 1
17140 2
17151 18
17152 12
17160 18
17161 11
17168 6
17176 15
17178 6
17186 16
17188 15
17190 13
17196 16
17198 11
17204 4
17210 14
17216 16
17218 18
17219 18
17220 11
17226 15
17228 16
17230 13
17236 2
17246 20
17248 4
17255 8
17258 9
17260 18
17261 5
17267 11
17273 18
17274 2
17284 2
17294 13
17300 11
17306 15
17308 1
17318 4
17325 16
17327 4
17333 6
17339 1
17349 2
17359 10
17361 18
17362 18
17363 9
17365 10
17367 18
17368 12
17375 8
17377 12
17384 8
17388 1
17397 5
17404 9
17405 12
17412 11
17418 1
17428 6
17436 12
17444 5
17451 12
17458 3
17465 15
17467 10
17468 19
17470 13
17476 12
17484 18
17485 18
17486 5
17492 1
17501 9
17502 3
17508 6
17515 3
17522 2
17531 7
17533 13
17538 21
17542 5
17549 13
17554 19
17556 11
17562 8
17565 10
17567 9
17568 18
17569 18
17570 1
17579 12
17587 2
17598 14
17604 4
17612 13
17617 11
17624 13
17629 10
17631 10
17633 8
17636 7
17639 19
17641 18
17642 9
17644 21
17648 16
17650 7
17652 12
17660 21
17664 9
17665 10
17668 11
17675 16
17677 19
17679 15
17681 8
17684 13
17689 3
17696 6
17702 3
17708 6
17715 21
17719 13
17724 8
17727 18
17728 5
17735 18
17736 14
17742 7
17744 20
17746 3
17752 9
17753 12
17760 11
17766 18
17767 3
17774 14
17780 19
17782 8
17786 3
17793 11
17799 3
17805 20
17807 6
17814 7
17817 10
17819 14
17826 16
17828 4
17834 19
17836 6
17843 18
17844 11
17851 11
17857 18
17858 17
17860 7
17862 10
17863 9
17864 9
17865 18
17866 6
17872 4
17880 12
17887 7
17889 15
17891 6
17897 4
17905 18
17906 17
17908 12
17916 18
17917 7
17920 12
17927 6
17935 16
17937 21
17941 7
17943 18
17944 9
17945 11
17952 16
17954 12
17962 21
17966 15
17968 1
17977 17
17979 16
17981 12
17988 13
17993 11
18000 6
18008 7
18011 15
18013 15
18015 1
18025 13
18031 2
18041 13
18046 18
18047 16
18049 18
18050 16
18052 3
18058 8
18061 7
18064 7
18067 12
18074 6
18081 16
18083 11
18090 18
18091 17
18093 21
18097 12
18103 14
18109 14
18116 12
18123 14
18130 15
18132 5
18138 12
18145 11
18151 18
18152 3
18158 11
18164 12
18171 10
18173 8
18176 1
18185 3
18191 20
18193 4
18199 20
18201 10
18203 19
18205 20
18207 15
18209 2
18218 2
18228 14
18234 18
18235 5
18241 21
18245 12
18252 12
18258 8
18261 12
18267 11
18274 19
18276 4
18282 21
18286 3
18292 14
18298 11
18304 13
18310 16
18312 2
18321 1
18331 12
18338 21
18342 8
18345 1
18355 19
18357 2
18367 15
18369 21
18373 1
18383 18
18384 3
18391 4
18399 7
18402 6
18409 7
18412 10
18413 16
18415 17
18417 5
18423 5
18430 11
18436 12
18443 3
18450 15
18452 10
18454 9
18455 8
18457 18
18458 17
18460 12
18468 19
18470 8
18473 14
18479 12
18486 8
18488 5
18494 12
18500 12
18507 7
18509 20
18511 18
18512 12
18518 16
18520 16
18522 15
18524 19
18526 8
18529 16
18531 3
18537 11
18544 14
18550 11
18557 1
18567 12
18573 16
18575 21
18579 5
18586 12
18593 6
18601 18
18602 18
18603 4
18609 11
18616 13
18622 4
18629 20
18631 17
18633 11
18639 11
18645 4
18653 20
18655 9
18657 13
18663 11
18670 17
18672 18
18673 13
18678 5
18684 10
18686 10
18688 1
18698 13
18703 18
18704 9
18706 15
18708 4
18714 15
18716 3
18722 17
18724 16
18726 12
18733 12
18740 7
18742 15
18744 16
18746 11
18752 11
18759 11
18765 15
18767 20
18769 13
18774 8
18777 16
18779 8
18781 9
18783 12
18789 21
18793 11
18800 19
18802 9
18804 10
18805 7
18807 21
18811 17
18813 7
18816 21
18820 12
18826 12
18833 14
18840 12
18848 13
18854 16
18856 20
18858 15
18860 20
18862 11
18868 19
18870 7
18872 1
18881 15
18883 16
18885 10
18888 7
18891 13
18897 15
18899 19
18901 4
18909 3
18916 15
18918 17
18920 5
18926 12
18933 18
18934 10
18935 12
18941 13
18946 1
18955 16
18957 14
18963 3
18970 5
18977 8
18981 11
18987 21
18991 21
18995 11
19002 20
19004 12
19012 5
19019 17
19021 21
19025 3
19031 11
19038 17
19040 8
19043 13
19048 15
19050 3
19057 1
19067 21
19071 14
19076 6
19083 15
19085 1
19095 10
19097 20
19099 9
19100 11
19107 19
19109 2
19119 11
19126 18
19127 4
19134 4
19141 6
19147 17
19149 15
19151 4
19158 11
19164 18
19165 1
19175 11
19182 9
19184 11
19190 2
19200 8
19204 20
19206 16
19208 17
19210 11
19216 5
19222 5
19228 17
19230 1
19239 1
19248 20
19250 17
19252 13
19257 2
19268 2
19279 8
19283 3
19289 1
19299 10
19300 9
19301 1
19310 17
19312 15
19314 3
19320 3
19327 21
19331 12
19337 9
19338 6
19345 8
19348 19
19350 2
19359 12
19366 10
19368 17
19370 4
19378 15
19380 8
19383 20
19385 17
19387 8
19390 7
19393 15
19395 18
19396 14
19401 18
19402 9
19403 16
19405 16
19407 15
19409 4
19416 5
19423 3
19430 21
19434 11
19441 7
19443 2
19453 21
19457 12
19464 18
19465 7
19467 12
19475 4
19481 11
19487 12
19494 6
19501 14
19508 8
19512 16
19514 17
19516 8
19520 11
19526 12
19534 11
19540 12
19548 20
19550 11
19556 7
19558 11
19564 16
19566 15
19568 20
19570 14
19575 9
19576 18
19577 21
19581 9
19582 16
19584 10
19586 17
19588 18
19589 21
19593 20
19595 7
19598 17
19600 20
19602 11
19609 11
19615 5
19622 20
19624 15
19626 12
19632 11
19638 16
19640 18
19641 21
19645 13
19650 20
19652 11
19659 20
19661 11
19668 15
19670 15
19672 10
19674 20
19676 12
19682 8
19685 4
19692 12
19700 16
19702 6
19710 21
19714 15
19716 9
19718 4
19726 17
19728 15
19730 5
19736 2
19747 5
19753 12
19760 18
19761 18
19762 14
19769 12
19775 8
19779 19
19781 13
19787 12
19793 2
19803 1
19813 11
19820 1
19830 17
19832 21
19836 11
19842 11
19848 20
19850 3
19857 18
19858 18
19859 4
19866 11
19872 21
19876 15
19878 9
19880 9
19882 17
19884 18
19885 3
19891 11
19898 9
19899 18
19900 12
19907 21
19911 12
19917 15
19919 21
19923 18
19924 13
19930 10
19933 8
19936 20
19938 2
19948 17
19950 5
19956 3
19962 12
19969 15
19971 8
19975 2
19985 1
19995 11
20002 8
20005 17
20007 21
20011 15
20013 3
20020 6
20027 12
20034 19
20036 16
20038 12
20046 8
20049 7
20052 5
20058 2
20067 4
20073 1
20082 18
20083 19
20085 4
20091 11
20097 12
20105 20
20107 10
20108 18
20109 13
20114 18
20115 16
20117 1
20126 20
20128 15
20130 5
20137 16
20139 12
20146 21
20150 7
20153 21
20157 11
20163 18
20164 11
20170 15
20172 14
20179 16
20181 6
20189 11
20196 9
20198 21
20202 12
20210 7
20212 8
20214 5
20220 15
20222 8
20224 18
20225 13
20230 17
20232 20
20234 19
20236 9
20238 11
20244 17
20246 10
20248 8
20251 8
20255 19
20257 9
20259 13
20264 9
20265 15
20267 11
20273 2
20283 12
20291 4
20298 1
20308 9
20309 10
20311 7
20314 13
20320 4
20327 12
20335 17
20337 20
20339 10
20342 12
20349 20
20351 3
20357 15
20359 11
20366 12
20373 11
20379 3
20386 17
20388 17
20390 15
20392 19
20394 17
20396 21
20400 10
20403 14
20408 21
20412 18
20413 17
20415 7
20418 20
20420 15
20422 9
20424 13
20430 19
20432 16
20434 21
20438 20
20440 4
20446 12
20454 5
20461 9
20463 12
20469 7
20472 4
20480 3
20487 1
20497 9
20498 13
20503 13
20509 4
20516 4
20523 12
20529 7
20532 11
20539 1
20549 5
20555 15
20557 2
20566 5
20573 15
20575 2
20586 8
20589 21
20593 7
20595 21
20599 11
20606 3
20613 6
20619 4
20627 12
20634 8
20637 12
20645 21
20649 14
20655 12
20663 13
20668 11
20675 14
20681 13
20687 7
20690 7
20693 11
20700 12
20706 17
20708 12
20715 11
20722 12
20728 10
20730 11
20736 11
20743 4
20749 10
20750 18
20751 11
20757 5
20763 12
20770 13
20775 9
20777 4
20784 7
20786 13
20791 21
20795 12
20803 10
20805 1
20814 19
20816 13
20821 9
20822 19
20824 9
20826 21
20830 12
20837 12
20845 11
20851 12
20858 15
20860 12
20867 3
20873 18
20874 17
20876 5
20883 12
20890 4
20897 9
20898 1
20908 3
20914 9
20915 11
20922 3
20929 11
20936 12
20943 14
20950 15
20952 6
20960 2
20969 18
20970 18
20971 15
20973 11
20980 17
20982 7
20985 8
20989 12
20996 16
20998 12
21004 14
21010 12
21016 21
21020 21
21024 11
21031 5
21038 16
21040 3
21046 16
21048 4
21054 4
21060 21
21064 21
21068 8
21070 13
21075 12
21082 6
21089 20
21091 13
21097 4
21104 10
21106 20
21108 18
21109 18
21110 11
21116 11
21123 16
21125 11
21131 15
21133 12
21140 11
21147 19
21149 20
21151 15
21153 18
21154 20
21156 9
21158 15
21160 4
21168 15
21170 14
21175 12
21182 18
21183 3
21189 6
21197 18
21198 10
21201 11
21207 12
21215 8
21217 9
21219 11
21226 18
21227 7
21229 17
21231 12
21239 8
21241 20
21243 13
21248 6
21256 4
21263 8
21267 12
21274 14
21280 12
21288 11
21295 13
21301 10
21304 4
21310 18
21311 9
21312 12
21318 9
21319 6
21327 11
21334 3
21341 16
21343 11
21350 8
21352 9
21353 18
21354 21
21358 12
21365 21
21369 15
21371 14
21376 12
21383 11
21390 15
21392 5
21398 19
21400 10
21401 18
21402 8
21405 15
21407 10
21410 10
21412 10
21415 8
21418 14
21423 13
21429 12
21437 12
21445 1
21455 9
21456 13
21461 3
21467 19
21469 18
21470 14
21475 15
21477 18
21478 1
21488 7
21491 14
21497 13
21502 20
21504 20
21506 20
21508 19
21510 12
21517 11
21523 20
21525 5
21532 13
21538 12
21545 16
21547 21
21551 4
21559 20
21561 16
21563 5
21569 17
21571 7
21574 12
21581 21
21585 14
21590 15
21592 5
21598 11
21604 10
21606 12
21612 1
21621 16
21623 21
21627 11
21634 5
21640 18
21641 17
21643 5
21649 3
21655 15
21657 2
21667 18
21668 12
21674 11
21681 9
21682 18
21683 18
21684 11
21691 11
21697 16
21699 1
21708 11
21715 16
21717 9
21718 5
21725 1
21735 12
21742 9
21743 5
21750 10
21752 10
21755 18
21756 12
21763 11
21769 3
21776 8
21780 10
21781 12
21789 2
21798 12
21806 8
21810 6
21816 16
21818 2
21828 10
21829 16
21831 3
21838 14
21844 5
21851 18
21852 14
21858 6
21865 11
21872 3
21879 18
21880 12
21888 6
21894 11
21900 6
21908 8
21911 7
21913 18
21914 9
21916 14
21923 21
21927 11
21934 14
21940 11
21946 13
21952 9
21954 15
21956 7
21959 13
21964 18
21965 15
21967 17
21969 12
21976 13
21982 11
21988 7
21990 13
21995 11
22002 16
22004 11
22011 5
22018 12
22025 12
22031 10
22032 18
22033 15
22035 16
22037 14
22042 21
22046 17
22048 1
22057 16
22059 9
22061 14
22066 15
22068 19
22070 7
22073 19
22075 4
22082 7
22085 9
22087 15
22089 12
22095 11
22101 12
22108 12
22115 11
22122 18
22123 3
22129 3
22135 3
22141 13
22146 2
22155 12
22161 8
22163 6
22169 3
22175 7
22178 12
22186 12
22193 3
22199 13
22205 20
22207 16
22209 14
22215 4
22223 10
22225 15
22227 11
22233 11
22240 17
22242 16
22244 11
22251 17
22253 9
22254 14
22259 11
22265 11
22272 3
22279 21
22283 14
22290 1
22299 6
22306 12
22314 13
22320 21
22324 12
22331 9
22332 7
22335 18
22336 16
22338 1
22347 10
22349 17
22351 16
22353 5
22359 5
22366 8
22369 2
22378 14
22383 11
22390 13
22395 11
22401 12
22407 4
22414 18
22415 18
22416 1
22425 13
22430 11
22437 13
22443 12
22450 15
22452 12
22459 1
22468 12
22475 7
22477 12
22483 11
22490 14
22496 5
22503 13
22509 11
22515 18
22516 15
22518 9
22520 4
22527 1
22536 12
22542 9
22543 21
22547 3
22553 20
22555 11
22561 15
22563 11
22570 6
22576 8
22578 7
22580 6
22587 10
22589 4
22596 18
22597 12
22603 16
22605 17
22607 16
22609 8
22612 18
22613 19
22615 14
22620 4
22627 7
22630 8
22632 11
22639 5
22646 16
22648 18
22649 17
22651 20
22653 18
22654 11
22661 9
22663 18
22664 11
22670 18
22671 5
22677 7
22679 16
22681 10
22683 2
22693 5
22699 18
22700 19
22702 21
22706 14
22711 16
22713 2
22723 14
22730 8
22733 5
22739 3
22746 14
22752 6
22760 20
22762 11
22768 1
22777 11
22783 9
22785 1
22794 7
22796 11
22803 18
22804 13
22810 20
22812 17
22814 11
22821 21
22825 3
22832 11
22839 12
22847 20
22849 14
22855 6
22863 11
22869 6
22877 8
22880 20
22882 12
22890 19
22892 18
22893 8
22896 8
22900 20
22902 13
22907 18
22908 2
22918 11
22924 7
22926 11
22932 17
22934 19
22936 18
22937 11
22944 11
22950 9
22951 8
22954 11
22960 18
22961 18
22962 10
22964 6
22971 6
22977 19
22979 2
22988 18
22989 18
22990 1
22999 11
23006 11
23013 9
23014 15
23016 14
23023 1
23032 16
23034 7
23036 4
23044 19
23046 18
23047 18
23048 11
23055 12
23062 21
23066 11
23073 7
23076 8
23080 9
23082 11
23088 11
23095 6
23102 3
23108 2
23118 14
23124 12
23132 4
23140 1
23149 19
23151 13
23156 9
23157 14
23163 21
23167 3
23174 18
23175 11
23181 3
23188 18
23189 21
23193 2
23203 18
23204 12
23210 12
23216 4
23222 8
23224 16
23226 8
23228 2
23238 4
23246 9
23248 12
23254 15
23256 17
23258 21
23262 9
23264 11
23270 21
23274 11
23280 2
23291 4
23298 5
23304 15
23306 8
23308 12
23314 11
23320 11
23327 15
23329 17
23331 8
23334 9
23336 12
23344 13
23350 5
23357 5
23363 12
23371 9
23373 1
23383 5
23390 11
23396 12
23403 7
23406 3
23413 13
23418 3
23424 18
23425 12
23432 11
23439 2
23448 9
23450 11
23456 19
23458 21
23462 1
23472 11
23479 18
23480 12
23487 3
23493 16
23495 16
23497 19
23499 8
23502 11
23508 5
23514 12
23521 6
23528 7
23531 6
23537 11
23544 20
23546 15
23548 18
23549 19
23551 11
23558 8
23561 10
23562 2
23572 12
23579 13
23585 13
23591 6
23598 16
23600 17
23602 1
23612 18
23613 15
23615 17
23617 3
23624 8
23627 14
23633 12
23639 5
23646 9
23648 16
23650 1
23659 11
23665 11
23671 15
23673 11
23680 8
23683 3
23690 3
23697 11
23704 1
23713 14
23718 8
23721 19
23723 15
23725 11
23731 10
23734 12
23741 3
23748 4
23755 2
23766 5
23772 4
23779 10
23780 11
23786 13
23792 11
23798 4
23805 19
23807 11
23814 6
23821 18
23822 7
23824 12
23830 2
23841 3
23848 18
23849 15
23851 7
23854 18
23855 6
23863 11
23870 1
23879 9
23880 18
23881 9
23883 8
23886 21
23890 1
23900 2
23910 19
23912 21
23916 17
23918 15
23920 14
23927 8
23930 11
23936 3
23943 13
23949 5
23956 19
23958 8
23961 5
23967 18
23968 3
23975 7
23978 11
23984 21
23988 6
23995 12
24002 11
24008 20
24010 3
24016 16
24018 10
24021 15
24023 12
24030 4
24038 12
24045 16
24047 4
24054 11
24060 4
24066 18
24067 6
24074 11
24081 21
24085 15
24087 12
24093 20
24095 1
24105 7
24108 2
24118 11
24124 18
24125 8
24128 9
24130 2
24139 16
24141 2
24152 12
24159 7
24161 15
24163 3
24169 16
24171 8
24173 6
24180 18
24181 5
24188 3
24194 9
24196 16
24198 2
24208 16
24210 15
24212 10
24213 5
24219 8
24223 11
24229 11
24235 9
24236 13
24241 3
24248 5
24254 4
24262 12
24269 10
24270 1
24280 10
24282 8
24285 18
24286 18
24287 11
24294 2
24304 3
24310 16
24312 3
24318 16
24320 11
24326 2
24335 12
24342 7
24344 20
24346 9
24347 12
24354 1
24363 8
24366 21
24370 9
24371 16
24373 5
24379 20
24381 13
24387 18
24388 1
24397 11
24404 3
24410 9
24411 17
24413 3
24420 7
24422 12
24429 19
24431 13
24437 3
24444 14
24450 4
24456 2
24466 10
24468 17
24470 13
24475 14
24482 16
24484 17
24486 3
24492 15
24494 12
24502 12
24510 21
24514 4
24521 18
24522 21
24526 17
24528 19
24530 5
24536 12
24543 14
24549 19
24551 2
24561 17
24563 16
24565 7
24567 7
24570 18
24571 17
24573 2
24583 1
24593 12
24600 20
24602 11
24608 12
24616 16
24618 15
24620 11
24626 1
24636 2
24647 5
24653 13
24658 10
24660 11
24667 1
24676 11
24683 11
24690 10
24693 9
24694 11
24700 1
24710 9
24712 4
24720 12
24727 19
24729 15
24731 18
24732 7
24735 9
24737 1
24747 19
24749 5
24755 21
24759 12
24766 11
24773 4
24781 15
24783 15
24785 11
24792 14
24798 4
24804 2
24815 11
24821 19
24823 18
24824 11
24830 16
24832 5
24838 1
24848 12
24855 1
24864 11
24870 7
24873 11
24879 15
24881 19
24883 7
24886 6
24893 11
24899 21
24903 18
24904 16
24906 13
24912 8
24915 3
24922 2
24932 4
24939 11
24946 19
24948 1
24958 11
24965 12
24971 20
24973 17
24975 5
24981 10
24984 12
24990 3
24997 4
25004 1
25014 11
25020 4
25027 15
25029 2
25038 5
25045 18
25046 6
25053 7
25056 21
25060 6
25067 17
25069 5
25075 18
25076 10
25078 12
25084 21
25088 3
25094 13
25100 15
25102 13
25107 21
25111 19
25113 7
25115 13
25120 3
25126 12
25133 18
25134 7
25136 18
25137 7
25139 20
25141 7
25143 3
25149 11
25155 9
25157 15
25159 14
25166 20
25168 12
25175 2
25186 11
25192 9
25193 9
25194 12
25202 16
25204 18
25205 13
25210 11
25216 20
25218 13
25224 11
25230 14
25236 11
25243 13
25249 11
25255 12
25263 15
25265 18
25266 8
25270 11
25276 11
25283 8
25287 12
25293 10
25294 11
25301 11
25308 4
25316 19
25318 18
25319 9
25321 3
25327 2
25336 12
25343 19
25345 15
25347 7
25350 20
25352 9
25354 1
25364 9
25366 15
25368 18
25369 10
25370 20
25372 11
25378 18
25379 11
25385 17
25387 20
25389 11
25395 1
25404 3
25410 11
25417 5
25423 9
25424 12
25431 9
25433 17
25435 1
25445 3
25451 1
25460 16
25462 18
25463 12
25471 11
25477 20
25479 2
25490 20
25492 6
25498 20
25500 21
25504 3
25510 13
25515 18
25516 20
25518 20
25520 21
25524 3
25530 11
25537 16
25539 1
25549 6
25555 12
25563 16
25565 11
25571 1
25580 1
25590 12
25597 11
25603 14
25608 1
25618 12
25625 13
25631 15
25633 13
25639 3
25645 5
25652 12
25660 12
25667 19
25669 14
25674 4
25680 1
25690 15
25692 6
25698 5
25705 10
25707 18
25708 16
25710 17
25712 16
25714 12
25721 12
25727 14
25733 15
25735 15
25737 11
25744 7
25747 2
25758 17
25760 5
25767 7
25770 21
25774 18
25775 2
25786 12
25792 13
25797 21
25801 14
25806 18
25807 19
25809 7
25811 11
25817 9
25819 19
25821 21
25825 6
25833 20
25835 15
25837 19
25839 2
25849 13
25855 12
25863 4
25871 15
25873 10
25876 13
25882 11
25888 4
25895 12
25902 2
25913 15
25915 18
25916 3
25923 17
25925 14
25931 18
25932 2
25943 14
25948 13
25954 3
25961 8
25963 15
25965 8
25968 20
25970 14
25975 18
25976 15
25978 18
25979 2
25989 3
25996 2
26006 11
26013 14
26019 10
26021 1
26031 6
26038 17
26040 4
26048 11
26054 8
26057 15
26059 20
26061 11
26067 12
26073 17
26075 1
26085 2
26095 12
26102 11
26108 11
26115 12
26122 5
26129 1
26139 16
26141 12
26148 11
26154 15
26156 16
26158 7
26161 11
26168 21
26172 21
26176 18
26177 1
26187 21
26191 21
26195 11
26201 10
26202 9
26203 8
26206 16
26208 21
26212 11
26219 12
26226 21
26230 13
26236 17
26238 21
26242 11
26248 18
26249 7
26252 16
26254 21
26258 3
26264 19
26266 5
26272 15
26274 17
26276 12
26282 12
26288 3
26294 12
26301 11
26308 9
26310 19
26312 18
26313 14
26320 9
26322 10
26324 5
26331 11
26338 16
26340 11
26347 19
26349 18
26350 8
26353 18
26354 15
26356 11
26362 16
26364 11
26371 14
26378 1
26388 4
26395 11
26401 12
26408 7
26410 4
26416 4
26422 12
26429 16
26431 19
26433 1
26442 13
26447 21
26451 21
26455 1
26464 16
26466 4
26472 15
26474 5
26481 5
26487 13
26492 17
26494 1
26503 21
26507 15
26509 13
26515 6
26523 12
26529 18
26530 7
26533 12
26540 9
26541 7
26543 21
26547 4
26554 12
26561 19
26563 12
26570 15
26572 13
26577 18
26578 8
26582 11
26588 11
26595 18
26596 14
26601 8
26604 21
26608 1
26618 15
26620 10
26623 19
26625 20
26627 8
26630 1
26640 3
26646 14
26651 2
26662 21
26666 8
26670 15
26672 20
26674 10
26677 13
26682 1
26691 20
26693 5
26699 6
26706 20
26708 12
26715 11
26722 1
26732 14
26738 3
26745 2
26755 12
26761 19
26763 21
26767 12
26775 12
26781 6
26789 5
26796 9
26798 18
26799 18
26800 14
26806 13
26812 11
26818 11
26824 2
26834 11
26841 11
26848 3
26855 11
26862 6
26869 15
26871 4
26877 11
26884 20
26886 9
26887 1
26896 13
26902 11
26908 11
26915 12
26921 10
26924 20
26926 15
26928 2
26938 11
26944 1
26953 12
26960 11
26966 6
26972 10
26974 9
26976 2
26985 8
26989 18
26990 4
26997 13
27002 21
27006 3
27012 16
27014 20
27016 6
27022 1
27031 10
27033 5
27040 20
27042 19
27044 19
27046 7
27049 18
27050 12
27056 8
27059 6
27066 13
27071 16
27073 6
27080 6
27088 19
27090 11
27096 7
27099 18
27100 10
27101 12
27109 13
27114 4
27121 1
27131 10
27134 18
27135 18
27136 13
27142 12
27150 9
27152 14
27159 8
27163 5
27170 9
27172 18
27173 8
27176 4
27183 13
27189 21
27193 7
27195 11
27201 18
27202 21
27206 12
27213 7
27216 11
27223 10
27226 3
27233 8
27235 9
27237 5
27244 15
27246 18
27247 12
27254 19
27256 1
27265 12
27273 12
27279 7
27282 11
27289 19
27291 20
27293 6
27300 17
27302 15
27304 12
27312 11
27318 12
27326 4
27334 17
27336 11
27342 12
27349 11
27356 1
27366 20
27368 12
27374 8
27377 19
27379 16
27381 19
27383 15
27385 11
27391 15
27393 18
27394 15
27396 13
27402 11
27408 11
27414 1
27423 8
27426 12
27432 6
27439 21
27443 11
27449 9
27451 8
27455 15
27457 15
27459 21
27463 11
27469 20
27471 13
27476 12
27484 20
27486 13
27491 21
27495 13
27500 21
27504 18
27505 3
27512 4
27519 8
27522 14
27527 15
27529 13
27535 17
27537 17
27539 1
27548 5
27554 6
27562 2
27572 4
27580 11
27587 11
27594 17
27596 14
27603 9
27604 11
27610 1
27619 9
27621 11
27627 16
27629 1
27639 17
27641 21
27645 20
27647 14
27653 16
27655 11
27661 13
27667 12
27674 13
27679 10
27681 18
27682 4
27689 11
27696 18
27697 19
27699 10
27701 19
27703 15
27705 10
27707 2
27716 5
27723 6
27729 1
27739 9
27740 12
27748 3
27755 3
27761 13
27766 11
27773 11
27780 21
27784 5
27791 7
27793 12
27800 13
27805 11
27811 20
27813 12
27821 15
27823 16
27825 17
27827 3
27834 5
27841 12
27848 13
27854 10
27856 10
27859 15
27861 3
27867 17
27869 15
27871 12
27878 3
27884 10
27887 2
27897 19
27899 18
27900 15
27902 11
27908 15
27910 15
27912 18
27913 10
27916 8
27919 14
27926 17
27928 6
27934 13
27939 7
27942 12
27949 18
27950 13
27955 12
27963 21
27967 5
27973 7
27976 11
27982 15
27984 18
27985 15
27987 12
27994 2
28004 12
28011 18
28012 9
28013 18
28014 12
28020 19
28022 11
28029 3
28035 20
28037 9
28038 12
28046 17
28048 18
28049 2
28060 11
28067 17
28069 17
28071 11
28078 12
28085 12
28091 9
28092 18
28093 15
28095 18
28096 18
28097 21
28101 15
28103 11
28110 8
28112 6
28119 12
28126 5
28133 14
28139 20
28141 3
28147 18
28148 4
28155 18
28156 21
28160 14
28167 11
28174 19
28176 13
28181 15
28183 10
28184 17
28186 11
28192 3
28198 11
28204 11
28210 19
28212 5
28218 13
28223 4
28230 11
28237 15
28239 16
28241 12
28248 10
28250 5
28256 15
28258 11
28264 11
28270 18
28271 20
28273 17
28275 21
28279 19
28281 5
28288 11
28295 18
28296 2
28306 4
28312 4
28319 14
28324 11
28331 21
28335 7
28338 4
28345 6
28352 8
28355 12
28362 20
28364 19
28366 15
28368 3
28374 10
28376 6
28383 2
28393 12
28400 18
28401 11
28408 1
28418 13
28423 3
28430 12
28436 9
28437 4
28445 7
28447 6
28454 6
28462 11
28469 9
28471 11
28477 15
28479 5
28486 13
28491 12
28497 19
28499 19
28501 6
28508 14
28515 20
28517 2
28527 1
28537 12
28544 1
28554 14
28559 16
28561 10
28562 11
28569 14
28575 12
28581 14
28588 11
28594 14
28601 15
28603 1
28613 11
28620 16
28622 17
28624 12
28632 17
28634 20
28636 9
28638 18
28639 3
28646 17
28648 10
28650 16
28652 15
28654 20
28656 18
28657 9
28659 1
28669 11
28675 10
28678 18
28679 11
28685 6
28693 7
28695 11
28702 11
28709 11
28715 17
28717 12
28724 16
28726 1
28735 3
28742 20
28744 8
28747 20
28749 8
28751 17
28753 14
28759 21
28763 14
28770 21
28774 21
28778 14
28784 17
28786 11
28792 10
28794 2
28805 9
28807 2
28817 11
28824 20
28826 21
28830 11
28836 20
28838 16
28840 18
28841 11
28848 2
28857 13
28863 1
28873 14
28878 2
28888 20
28890 4
28896 12
28903 15
28905 7
28907 19
28909 21
28913 12
28919 1
28928 11
28934 12
28942 11
28948 18
28949 21
28953 7
28956 2
28966 15
28968 8
28972 21
28976 4
28983 16
28985 16
28987 21
28991 12
28998 2
29009 21
29013 19
29015 10
29018 13
29024 2
29034 2
29043 20
29045 21
29049 2
29059 17
29061 11
29068 12
29075 2
29085 7
29088 16
29090 12
29097 17
29099 15
29101 14
29106 16
29108 17
29110 11
29117 2
29126 11
29133 11
29140 12
29147 16
29149 13
29154 20
29156 14
29161 16
29163 17
29165 1
29175 10
29177 9
29178 13
29183 18
29184 11
29190 10
29192 11
29199 12
29206 16
29208 19
29210 19
29212 3
29218 9
29220 17
29222 21
29226 4
29233 6
29241 12
29248 18
29249 11
29255 19
29257 17
29259 14
29264 8
29266 6
29273 12
29281 8
29285 9
29287 18
29288 5
29294 20
29296 3
29302 15
29304 12
29311 2
29322 14
29328 20
29330 5
29337 15
29339 3
29346 11
29352 15
29354 6
29361 15
29363 11
29370 12
29376 19
29378 17
29380 17
29382 5
29389 18
29390 18
29391 18
29392 21
29396 11
29403 6
29409 19
29411 3
29418 6
29424 6
29430 8
29432 19
29434 9
29436 11
29442 5
29449 7
29451 9
29452 12
29458 9
29459 17
29461 18
29462 14
29469 1
29479 19
29481 12
29489 5
29495 1
29505 18
29506 19
29508 9
29509 2
29520 15
29522 16
29524 16
29526 11
29533 16
29535 11
29541 13
29546 1
29555 20
29557 11
29563 18
29564 9
29565 6
29572 19
29574 2
29584 3
29591 15
29593 13
29599 8
29602 16
29604 12
29612 19
29614 7
29616 12
29622 3
29628 7
29631 11
29638 16
29640 18
29641 16
29643 11
29650 12
29656 13
29662 11
29669 12
29676 11
29682 12
29688 17
29690 11
29697 16
29699 12
29706 4
29713 4
29720 18
29721 20
29723 5
29729 13
29734 17
29736 18
29737 15
29739 11
29746 4
29752 8
29755 11
29762 1
29772 8
29774 11
29780 16
29782 18
29783 6
29789 2
29799 8
29802 16
29804 19
29806 11
29812 9
29814 11
29821 15
29823 19
29825 6
29833 5
29840 11
29847 10
29850 14
29856 2
29865 16
29867 16
29869 16
29871 12
29878 12
29885 11
29892 14
29897 19
29899 12
29906 17
29908 16
29910 6
29917 11
29924 11
29931 3
29937 9
29939 11
29946 2
29955 19
29957 12
29964 15
29966 18
29967 12
29975 21
29979 18
29980 11
29986 4
29993 3
30000 19
30002 16
30004 12
30011 13
30017 16
30019 18
30020 7
30022 20
30024 8
30026 5
30033 13
30038 14
30045 6
30051 1
30061 5
30067 7
30070 11
30077 13
30083 7
30086 1
30096 1
30106 12
30114 21
30118 17
30120 11
30127 2
30137 21
30141 16
30143 20
30145 4
30151 6
30158 10
30160 14
30166 19
30168 4
30176 7
30179 11
30185 19
30187 13
30192 11
30198 21
30202 7
30205 11
30212 12
30219 17
30221 18
30222 6
30228 10
30230 6
30237 13
30242 7
30244 12
30250 19
30252 20
30254 15
30256 4
30262 9
30264 12
30271 15
30273 12
30280 13
30285 11
30291 4
30299 11
30306 10
30308 11
30315 17
30317 20
30319 18
30320 11
30327 5
30333 11
30340 17
30342 7
30345 1
30354 19
30356 1
30365 11
30372 2
30382 18
30383 16
30385 3
30392 16
30394 18
30395 11
30401 4
30408 17
30410 11
30417 1
30427 13
30432 16
30434 1
30443 12
30449 5
30455 15
30457 11
30463 16
30465 21
30469 5
30476 18
30477 11
30483 15
30485 16
30487 5
30493 11
30499 19
30501 12
30508 15
30510 21
30514 14
30520 20
30522 11
30528 5
30535 5
30541 4
30548 15
30550 6
30557 7
30560 8
30562 3
30568 12
30574 1
30583 11
30589 20
30591 6
30598 9
30599 18
30600 3
30607 11
30613 2
30624 10
30626 21
30630 11
30637 6
30644 4
30651 6
30658 4
30666 16
30668 11
30674 12
30681 5
30688 16
30690 11
30697 4
30705 12
30712 3
30719 16
30721 12
30727 15
30729 3
30735 16
30737 21
30741 3
30747 12
30753 12
30759 10
30761 17
30763 11
30770 11
30777 20
30779 19
30781 9
30783 11
30789 14
30796 20
30798 19
30800 9
30802 9
30803 14
30809 19
30811 1
30821 17
30823 1
30832 5
30839 13
30845 16
30847 7
30850 8
30853 7
30856 4
30864 12
30871 18
30872 12
30880 16
30882 20
30884 16
30886 11
30893 16
30895 20
30897 20
30899 11
30906 21
30910 14
30915 17
30917 3
30923 12
30930 12
30937 15
30939 10
30941 12
30948 14
30955 13
30961 17
30963 8
30965 8
30967 11
30974 13
30979 2
30990 13
30996 19
30998 11
31004 12
31010 9
31012 18
31013 12
31020 12
31027 5
31033 18
31034 20
31036 3
31043 11
31049 17
31051 16
31053 12
31061 18
31062 16
31064 18
31065 14
31072 16
31074 9
31075 5
31082 17
31084 16
31086 8
31088 8
31092 4
31099 12
31106 16
31108 1
31118 15
31120 18
31121 12
31128 20
31130 14
31136 21
31140 15
31142 11
31148 17
31150 17
31152 7
31155 3
31162 17
31164 1
31174 11
31180 7
31182 10
31184 16
31186 20
31188 19
31190 10
31191 21
31195 14
31200 1
31210 12
31217 1
31226 4
31233 1
31242 7
31245 12
31253 2
31262 18
31263 17
31265 18
31266 6
31273 18
31274 11
31280 11
31287 16
31289 5
31296 21
31300 15
31302 18
31303 11
31310 11
31317 12
31325 3
31331 15
31333 14
31338 11
31345 4
31352 15
31354 11
31360 2
31370 12
31378 9
31380 5
31387 19
31389 11
31395 20
31397 12
31405 11
31411 15
31413 11
31419 20
31421 3
31428 13
31433 15
31435 11
31441 19
31443 3
31449 20
31451 12
31459 5
31465 11
31472 12
31479 3
31486 15
31488 20
31490 20
31492 12
31498 11
31504 5
31510 1
31520 7
31522 7
31524 11
31530 15
31532 13
31538 1
31548 16
31550 7
31553 6
31560 4
31566 14
31571 9
31572 9
31574 18
31575 4
31581 11
31588 17
31590 13
31595 15
31597 16
31599 15
31601 12
31608 3
31614 9
31616 10
31618 5
31625 19
31627 20
31629 12
31635 11
31641 4
31647 13
31653 12
31660 13
31666 7
31668 6
31676 11
31683 6
31691 6
31697 6
31704 15
31706 4
31713 7
31715 20
31717 18
31718 13
31723 2
31732 12
31739 2
31750 15
31752 4
31760 12
31767 17
31769 12
31777 7
31779 11
31785 16
31787 12
31795 8
31798 19
31800 1
31809 8
31811 3
31817 1
31827 14
31833 12
31841 12
31848 3
31855 20
31857 11
31864 13
31870 18
31871 11
31877 14
31884 19
31886 12
31894 2
31904 3
31910 2
31920 3
31927 2
31937 4
31944 15
31946 16
31948 20
31950 14
31956 20
31958 9
31959 1
31969 13
31975 13
31981 19
31983 12
31989 6
31995 12
32002 14
32008 13
32014 5
32020 8
32024 18
32025 8
32028 8
32031 5
32038 11
32044 6
32051 17
32053 8
32056 11
32063 4
32070 20
32072 8
32074 21
32078 4
32085 20
32087 9
32089 20
32091 13
32096 4
32102 13
32108 19
32110 14
32116 2
32126 11
32133 16
32135 11
32142 21
32146 2
32157 11
32164 4
32171 1
32180 7
32183 18
32184 21
32188 15
32190 17
32192 11
32199 12
32206 21
32210 18
32211 10
32213 12
32219 11
32226 12
32233 11
32239 10
32242 13
32247 15
32249 11
32256 12
32264 18
32265 11
32271 14
32278 11
32285 14
32291 11
32298 16
32300 15
32302 13
32308 17
32310 19
32312 4
32320 18
32321 4
32328 14
32335 15
32337 18
32338 2
32348 21
32352 19
32354 18
32355 20
32357 2
32367 17
32369 12
32377 11
32384 20
32386 18
32387 15
32389 7
32392 14
32399 16
32401 12
32408 11
32414 19
32416 11
32423 5
32429 15
32431 15
32433 19
32435 11
32442 9
32443 12
32449 14
32455 8
32458 15
32460 5
32466 11
32472 8
32476 10
32477 16
32479 12
32487 19
32489 16
32491 1
32501 6
32508 18
32509 1
32519 13
32524 19
32526 16
32528 15
32530 11
32537 12
32544 6
32551 7
32554 9
32555 12
32563 20
32565 15
32567 3
32574 3
32581 9
32583 8
32585 11
32591 20
32593 17
32595 14
32601 11
32607 11
32613 17
32615 14
32620 3
32626 17
32628 18
32629 1
32638 6
32644 11
32650 16
32652 4
32658 12
32665 3
32672 3
32678 2
32687 1
32696 6
32703 10
32705 18
32706 3
32713 7
32716 11
32723 13
32728 9
32729 13
32734 11
32740 10
32742 12
32748 18
32749 20
32751 20
32753 16
32755 11
32762 11
32768 12
32774 11
32780 13
32785 12
32792 18
32793 1
32803 18
32804 16
32806 21
32810 1
32820 15
32822 18
32823 2
32832 13
32837 2
32847 4
32853 20
32855 5
32861 14
32867 3
32873 11
32880 3
32886 20
32888 7
32891 19
32893 12
32901 21
32905 5
32912 11
32918 11
32924 6
32931 9
32933 20
32935 7
32938 14
32944 8
32947 11
32954 9
32956 20
32958 19
32960 11
32967 12
32974 15
32976 12
32983 12
32990 18
32991 16
32993 18
32994 4
33000 6
33006 11
33013 14
33018 19
33020 21
33024 15
33026 20
33028 14
33034 11
33040 14
33047 3
33053 10
33056 14
33063 16
33065 11
33072 12
33078 21
33082 21
33086 11
33093 19
33095 12
33101 18
33102 18
33103 3
33110 20
33112 4
33119 16
33121 4
33129 16
33131 12
33137 19
33139 13
33145 8
33148 17
33150 12
33157 18
33158 11
33164 10
33166 12
33174 2
33184 14
33189 20
33191 13
33197 3
33204 1
33214 11
33220 16
33222 18
33223 13
33228 11
33235 3
33242 6
33249 2
33259 19
33261 2
33270 7
33273 15
33275 9
33277 1
33286 7
33288 12
33295 9
33296 4
33303 1
33312 19
33314 13
33319 13
33324 15
33326 18
33327 13
33332 15
33334 9
33336 14
33341 20
33343 6
33350 10
33351 11
33357 19
33359 8
33363 6
33370 8
33373 15
33375 18
33376 11
33383 21
33387 11
33394 11
33400 11
33407 1
33417 2
33426 13
33432 1
33441 4
33448 16
33450 14
33456 9
33457 11
33464 11
33470 12
33478 12
33486 6
33492 18
33493 1
33503 10
33504 3
33511 16
33513 4
33519 5
33526 1
33536 5
33542 19
33544 18
33545 11
33551 14
33557 9
33558 11
33565 1
33574 18
33575 4
33583 12
33589 1
33598 16
33600 8
33603 15
33605 13
33610 1
33619 10
33622 3
33629 18
33630 20
33632 8
33636 11
33643 13
33648 12
33655 18
33656 13
33662 12
33669 14
33676 15
33678 12
33684 18
33685 11
33692 20
33694 16
33696 8
33699 19
33701 13
33707 18
33708 8
33711 11
33717 18
33718 11
33725 6
33733 19
33735 2
33746 3
33753 16
33755 7
33758 17
33760 11
33767 13
33772 11
33778 10
33781 18
33782 11
33788 10
33790 11
33797 18
33798 17
33800 11
33806 9
33807 12
33814 16
33816 11
33823 13
33829 18
33830 6
33837 20
33839 9
33840 9
33842 4
33848 16
33850 1
33860 2
33870 19
33872 18
33873 17
33875 13
33880 13
33886 10
33889 11
33896 9
33898 10
33900 12
33907 8
33910 3
33916 6
33922 12
33930 10
33933 3
33939 9
33940 3
33947 10
33949 3
33956 19
33958 15
33960 6
33967 4
33974 3
33981 12
33988 21
33992 3
33998 11
34005 4
34011 6
34018 15
34020 11
34027 5
34033 21
34037 11
34043 2
34052 8
34055 15
34057 6
34063 2
34073 16
34075 20
34077 10
34080 18
34081 4
34088 8
34092 3
34098 11
34104 8
34108 11
34114 5
34120 16
34122 9
34124 16
34126 12
34134 12
34141 12
34148 3
34155 15
34157 12
34165 5
34172 1
34182 3
34189 11
34195 6
34203 8
34205 14
34211 15
34213 4
34220 11
34226 18
34227 11
34234 15
34236 18
34237 8
34239 8
34242 4
34248 4
34255 12
34262 6
34268 5
34274 18
34275 18
34276 8
34280 3
34287 5
34294 16
34296 19
34298 16
34300 8
34304 3
34311 15
34313 12
34319 6
34327 16
34329 5
34335 14
34341 21
34345 18
34346 19
34348 12
34356 12
34362 17
34364 5
34371 11
34377 18
34378 12
34385 17
34387 15
34389 2
34399 11
34406 19
34408 21
34412 20
34414 8
34416 11
34423 16
34425 4
34433 5
34439 11
34446 16
34448 11
34455 12
34463 17
34465 10
34467 3
34473 15
34475 9
34476 11
34482 6
34489 13
34494 12
34500 7
34503 3
34510 21
34514 8
34517 10
34520 7
34522 6
34529 5
34535 11
34542 18
34543 10
34546 18
34547 6
34555 18
34556 17
34558 3
34565 19
34567 5
34574 11
34581 15
34583 5
34590 11
34596 18
34597 6
34604 19
34606 6
34613 11
34620 18
34621 11
34627 13
34633 11
34640 14
34647 12
34654 11
34660 10
34661 7
34664 21
34668 8
34670 18
34671 3
34677 18
34678 12
34684 7
34686 18
34687 16
34689 12
34697 17
34699 16
34701 14
34706 6
34713 19
34715 20
34717 6
34724 11
34731 11
34737 9
34738 18
34739 6
34745 12
34751 14
34756 17
34758 11
34765 5
34772 4
34780 4
34787 11
34793 3
34799 17
34801 12
34808 8
34812 20
34814 17
34816 8
34819 8
34822 20
34824 19
34826 1
34835 9
34836 13
34841 10
34844 13
34850 14
34855 16
34857 19
34859 9
34861 12
34868 12
34876 18
34877 13
34882 12
34889 16
34891 17
34893 19
34895 3
34902 8
34905 8
34908 18
34909 16
34911 11
34918 10
34921 19
34923 13
34929 10
34930 21
34934 9
34936 18
34937 4
34943 4
34950 5
34956 19
34958 21
34962 11
34968 12
34976 18
34977 7
34980 17
34982 2
34992 3
34999 9
35001 9
35003 10
35005 4
35012 18
35013 20
35015 17
35017 11
35023 15
35025 2
35035 15
35037 11
35043 8
35047 11
35053 12
35059 11
35065 10
35068 12
35076 21
35080 20
35082 18
35083 4
35090 2
35100 18
35101 14
35107 1
35117 2
35128 11
35135 10
35137 17
35139 7
35142 7
35145 2
35155 3
35162 10
35164 8
35167 18
35168 18
35169 11
35175 21
35179 18
35180 12
35187 3
35194 7
35196 13
35201 14
35207 10
35208 7
35211 19
35213 15
35215 16
35217 11
35224 20
35226 1
35236 21
35240 11
35247 2
35256 1
35266 19
35268 12
35276 16
35278 5
35284 19
35286 7
35289 12
35296 4
35304 3
35310 16
35312 19
35314 1
35323 17
35325 6
35331 9
35332 9
35334 11
35341 14
35346 9
35347 14
35353 14
35359 19
35361 19
35363 16
35365 16
35367 13
35372 16
35374 20
35376 16
35378 21
35382 14
35388 8
35390 1
35399 9
35400 18
35401 19
35403 13
35408 7
35410 12
35417 20
35419 12
35426 19
35428 8
35432 11
35438 8
35441 14
35447 20
35449 6
35456 17
35458 11
35465 8
35467 6
35474 11
35480 13
35486 7
35489 11
35496 13
35501 17
35503 1
35513 20
35515 12
35521 16
35523 7
35525 19
35527 1
35536 21
35540 9
35542 10
35544 11
35550 18
35551 4
35558 2
35567 15
35569 11
35576 5
35583 18
35584 11
35591 5
35597 20
35599 11
35605 6
35611 11
35618 12
35625 20
35627 8
35630 12
35637 1
35647 17
35649 16
35651 13
35656 17
35658 11
35665 19
35667 6
35674 18
35675 15
35677 13
35682 16
35684 17
35686 16
35688 6
35695 18
35696 20
35698 2
35707 17
35709 14
35714 17
35716 8
35719 9
35720 2
35729 11
35736 13
35741 7
35744 11
35751 15
35753 4
35760 12
35768 4
35775 13
35780 15
35782 3
35788 17
35790 8
35793 10
35796 12
35802 16
35804 21
35808 14
35815 1
35824 6
35832 21
35836 21
35840 1
35849 12
35856 11
35862 14
35868 9
35870 8
35872 12
35879 2
35890 8
35893 12
35900 19
35902 4
35908 16
35910 2
35919 13
35924 8
35926 16
35928 11
35935 19
35937 3
35943 2
35954 3
35960 16
35962 6
35969 9
35971 19
35973 18
35974 16
35976 10
35978 12
35985 12
35991 21
35995 20
35997 11
36004 10
36007 13
36012 15
36014 19
36016 1
36025 19
36027 15
36029 7
36032 15
36034 11
36040 20
36042 17
36044 11
36050 13
36056 19
36058 19
36060 11
36067 12
36074 13
36079 20
36081 18
36082 1
36092 11
36099 21
36103 14
36110 7
36113 12
36120 21
36124 12
36131 6
36139 9
36140 1
36149 19
36151 12
36157 12
36165 2
36174 5
36180 11
36187 6
36193 3
36200 13
36205 9
36206 1
36216 20
36218 15
36220 11
36226 20
36228 16
36230 15
36232 12
36239 5
36245 15
36247 18
36248 12
36254 11
36260 10
36262 11
36269 11
36276 18
36277 11
36284 5
36290 11
36297 17
36299 14
36304 1
36313 18
36314 20
36316 4
36324 9
36325 19
36327 18
36328 13
36334 19
36336 14
36342 7
36344 13
36350 8
36354 15
36356 5
36362 5
36368 8
36372 18
36373 6
36379 1
36388 9
36389 2
36399 1
36409 17
36411 4
36418 21
36422 15
36424 3
36431 10
36434 2
36444 16
36446 15
36448 17
36450 21
36454 12
36461 5
36467 17
36469 14
36476 21
36480 12
36488 4
36495 2
36504 11
36511 19
36513 16
36515 14
36522 20
36524 15
36526 19
36528 10
36531 18
36532 5
36539 13
36544 3
36550 12
36556 11
36562 18
36563 15
36565 11
36572 15
36574 8
36578 3
36584 11
36590 13
36595 11
36601 14
36606 4
36613 2
36623 9
36625 1
36634 1
36644 14
36650 1
36659 3
36666 9
36668 18
36669 13
36675 18
36676 12
36683 18
36684 19
36686 10
36687 8
36691 13
36696 9
36698 9
36699 11
36705 9
36707 3
36714 5
36721 7
36724 11
36731 18
36732 19
36734 1
36744 1
36753 21
36757 20
36759 19
36761 6
36769 10
36770 9
36771 21
36775 5
36781 13
36787 16
36789 15
36791 8
36795 8
36799 14
36804 21
36808 11
36814 15
36816 19
36818 9
36820 11
36827 13
36832 10
36833 11
36840 9
36841 9
36842 15
36844 15
36846 13
36851 3
36857 18
36858 11
36865 8
36868 2
36878 21
36882 12
36890 13
36895 20
36897 9
36899 16
36901 5
36907 15
36909 10
36910 3
36916 18
36917 2
36927 10
36929 11
36935 8
36938 18
36939 9
36940 20
36942 18
36943 11
36950 10
36952 15
36954 16
36956 13
36962 12
36969 16
36971 21
36975 10
36977 1
36987 7
36990 11
36996 2
37006 9
37008 13
37014 11
37021 6
37027 1
37037 18
37038 3
37045 20
37047 18
37048 16
37050 2
37061 20
37063 3
37069 21
37073 16
37075 20
37077 10
37079 2
37088 12
37095 9
37096 5
37103 20
37105 11
37111 10
37112 15
37114 18
37115 12
37121 4
37127 8
37129 18
37130 12
37137 3
37143 20
37145 12
37152 12
37159 4
37167 9
37169 18
37170 4
37177 14
37183 9
37185 18
37186 11
37193 11
37199 3
37205 12
37213 19
37215 17
37217 13
37223 20
37225 11
37231 2
37240 10
37243 6
37250 8
37253 4
37259 18
37260 8
37262 7
37265 12
37272 13
37278 13
37284 14
37291 11
37297 3
37304 7
37307 9
37308 1
37318 12
37326 21
37330 1
37339 12
37346 17
37348 1
37357 12
37364 5
37370 13
37376 13
37382 5
37389 13
37395 5
37401 5
37408 3
37415 16
37417 5
37424 18
37425 15
37427 11
37433 18
37434 5
37440 11
37446 5
37452 2
37461 7
37464 18
37465 11
37472 18
37473 8
37476 1
37486 8
37490 1
37500 14
37506 15
37508 18
37509 4
37516 3
37522 16
37524 12
37531 15
37533 12
37540 19
37542 7
37544 3
37551 3
37558 3
37565 4
37572 18
37573 17
37575 2
37584 15
37586 18
37587 11
37593 11
37599 1
37609 8
37612 18
37613 6
37619 18
37620 21
37624 18
37625 21
37629 14
37634 18
37635 21
37639 1
37649 12
37657 19
37659 21
37663 9
37665 18
37666 7
37668 21
37672 20
37674 6
37682 18
37683 7
37686 20
37688 1
37698 12
37704 5
37711 7
37714 5
37720 15
37722 3
37729 12
37736 2
37746 21
37750 10
37752 1
37762 18
37763 12
37771 12
37778 9
37779 19
37781 9
37782 3
37789 4
37795 8
37798 12
37806 5
37812 13
37817 10
37820 18
37821 12
37827 9
37829 2
37839 19
37841 2
37851 2
37861 18
37862 11
37869 17
37871 11
37877 12
37884 11
37891 14
37898 1
37907 15
37909 5
37915 12
37921 7
37924 14
37930 18
37931 3
37937 11
37944 17
37946 16
37948 10
37950 11
37956 15
37958 12
37964 3
37970 11
37976 17
37978 11
37985 8
37988 12
37995 3
38002 11
38008 16
38010 10
38013 14
38019 4
38026 12
38033 19
38035 1
38044 18
38045 14
38051 4
38058 13
38064 2
38075 11
38081 1
38091 12
38098 15
38100 11
38107 6
38113 9
38115 7
38117 9
38119 11
38126 11
38133 7
38136 12
38143 16
38145 18
38146 13
38152 19
38154 14
38160 11
38167 11
38173 18
38174 3
38181 9
38183 13
38189 16
38191 19
38193 9
38194 13
38199 19
38201 1
38210 14
38217 20
38219 18
38220 9
38221 21
38225 17
38227 18
38228 18
38229 8
38233 15
38235 11
38241 12
38249 12
38257 11
38264 12
38272 7
38275 11
38282 16
38284 17
38286 12
38292 3
38299 12
38307 15
38309 15
38311 15
38313 12
38321 2
38330 6
38336 18
38337 14
38343 5
38349 3
38356 20
38358 9
38360 8
38363 10
38365 3
38371 21
38375 17
38377 6
38383 10
38385 11
38391 1
38400 11
38406 12
38413 4
38419 10
38420 14
38425 8
38427 20
38429 11
38435 12
38442 7
38444 18
38445 21
38449 1
38459 20
38461 16
38463 5
38469 12
38477 14
38483 7
38486 5
38492 11
38498 14
38504 11
38510 20
38512 6
38518 1
38528 8
38530 16
38532 12
38538 11
38544 13
38549 8
38552 20
38554 2
38563 10
38564 16
38566 1
38576 17
38578 4
38585 18
38586 11
38593 20
38595 3
38601 3
38607 8
38609 1
38618 8
38621 14
38627 6
38634 1
38643 14
38648 12
38656 16
38658 7
38661 19
38663 21
38667 2
38678 18
38679 16
38681 12
38687 8
38691 15
38693 13
38698 3
38705 1
38715 5
38722 1
38731 11
38737 16
38739 18
38740 12
38746 9
38747 13
38753 11
38759 19
38761 12
38768 18
38769 15
38771 16
38773 21
38777 12
38783 12
38790 11
38797 11
38803 5
38810 17
38812 4
38820 4
38826 8
38828 5
38835 7
38837 6
38844 17
38846 7
38849 16
38851 7
38854 11
38861 8
38863 11
38869 17
38871 16
38873 15
38875 12
38883 6
38889 7
38892 15
38894 4
38900 15
38902 16
38904 12
38910 12
38917 5
38923 11
38930 11
38936 3
38942 6
38948 21
38952 11
38959 18
38960 12
38966 17
38968 11
38974 8
38978 21
38982 7
38985 12
38992 12
38999 16
39001 12
39008 18
39009 18
39010 17
39012 19
39014 12
39022 20
39024 12
39031 19
39033 2
39044 8
39046 20
39048 12
39054 15
39056 3
39063 17
39065 19
39067 19
39069 20
39071 6
39079 18
39080 18
39081 7
39084 11
39091 9
39093 14
39099 9
39100 11
39107 9
39108 11
39115 4
39123 20
39125 21
39129 18
39130 19
39132 2
39141 19
39143 11
39149 11
39156 17
39158 12
39164 5
39171 16
39173 8
39177 8
39180 20
39182 11
39188 17
39190 16
39192 9
39193 7
39196 9
39197 11
39203 17
39205 1
39214 18
39215 4
39223 4
39230 14
39235 21
39239 11
39246 2
39256 20
39258 11
39265 1
39275 18
39276 8
39279 11
39285 13
39291 3
39297 2
39306 12
39314 18
39315 10
39317 7
39320 13
39325 12
39333 10
39334 9
39336 15
39338 18
39339 14
39345 7
39348 17
39350 12
39357 7
39360 14
39365 11
39371 2
39381 19
39383 11
39390 6
39396 5
39403 7
39405 8
39408 15
39410 20
39412 12
39419 20
39421 20
39423 11
39429 21
39433 20
39435 13
39440 13
39445 3
39452 11
39458 17
39460 12
39467 11
39474 3
39481 8
39485 19
39487 19
39489 11
39495 13
39501 11
39507 6
39514 9
39516 3
39523 20
39525 19
39527 21
39531 11
39537 15
39539 15
39541 17
39543 19
39545 12
39552 4
39558 15
39560 6
39566 2
39576 12
39583 18
39584 15
39586 18
39587 13
39593 1
39602 3
39609 21
39613 21
39617 4
39625 2
39636 16
39638 14
39644 3
39650 3
39656 9
39658 13
39663 18
39664 12
39671 17
39673 7
39676 9
39677 8
39680 3
39687 20
39689 12
39696 7
39699 1
39709 17
39711 3
39717 5
39723 11
39730 20
39732 4
39739 7
39742 12
39749 17
39751 16
39753 4
39761 11
39768 18
39769 7
39772 14
39778 1
39787 5
39793 1
39803 6
39809 18
39810 11
39817 5
39824 12
39832 2
39842 8
39844 17
39846 9
39847 8
39850 11
39857 11
39863 11
39870 17
39872 19
39874 8
39877 18
39878 4
39885 10
39887 11
39894 18
39895 6
39902 14
39908 11
39915 2
39925 5
39931 8
39934 7
39936 19
39938 12
39945 14
39951 15
39953 10
39954 12
39960 4
39966 12
39972 17
39974 21
39978 5
39984 1
39994 1
40003 16
40005 10
40006 12
40014 4
40021 12
40029 21
40033 21
40037 20
40039 7
40041 13
40046 5
40052 7
40054 8
40056 14
40062 4
40069 4
40075 12
40081 12
40088 21
40092 10
40095 16
40097 8
40099 20
40101 9
40103 17
40105 1
40114 16
40116 15
40118 14
40124 12
40131 11
40138 21
40142 18
40143 1
40152 14
40157 2
40167 1
40176 8
40178 18
40179 12
40187 19
40189 21
40193 6
40201 5
40207 18
40208 12
40215 10
40216 20
40218 16
40220 10
40222 19
40224 10
40225 18
40226 6
40234 14
40240 15
40242 5
40249 16
40251 12
40259 21
40263 18
40264 16
40266 14
40272 18
40273 21
40277 3
40283 9
40284 15
40286 2
40295 11
40302 11
40309 12
40317 10
40320 2
40330 4
40337 12
40344 8
40346 18
40347 13
40352 14
40358 11
40364 12
40371 11
40378 14
40383 10
40386 8
40390 7
40392 18
40393 11
40400 1
40409 11
40416 3
40422 11
40429 9
40431 2
40440 1
40449 5
40456 8
40458 11
40465 3
40472 15
40474 17
40476 5
40482 13
40488 8
40491 11
40497 21
40501 11
40508 16
40510 18
40511 21
40515 9
40517 11
40523 9
40524 18
40525 9
40526 12
40532 13
40538 6
40545 18
40546 12
40553 20
40555 12
40561 9
40562 16
40564 8
40567 1
40576 6
40584 12
40591 15
40593 17
40595 3
40601 16
40603 5
40609 18
40610 18
40611 11
40617 20
40619 3
40626 7
40629 7
40632 8
40636 9
40637 9
40638 9
40639 14
40645 6
40653 19
40655 20
40657 9
40659 6
40665 13
40670 6
40676 2
40687 11
40694 17
40696 13
40702 14
40707 3
40714 18
40715 10
40718 20
40720 11
40726 2
40737 3
40743 3
40749 18
40750 17
40752 19
40754 10
40755 18
40756 11
40763 4
40770 12
40777 17
40779 5
40785 14
40790 12
40798 18
40799 10
40802 13
40807 6
40814 8
40817 18
40818 15
40820 3
40826 11
40832 20
40834 12
40841 15
40843 5
40850 16
40852 11
40858 11
40864 18
40865 5
40871 11
40877 11
40883 13
40888 21
40892 3
40898 11
40905 20
40907 18
40908 18
40909 9
40910 11
40917 11
40923 18
40924 15
40926 21
40930 12
40936 18
40937 5
40943 12
40950 6
40956 12
40963 1
40973 18
40974 1
40983 4
40990 12
40997 9
40998 5
41004 21
41008 2
41018 7
41020 11
41027 21
41031 9
41033 11
41040 12
41048 11
41054 8
41058 13
41064 18
41065 17
41067 11
41074 6
41081 2
41090 9
41091 11
41098 11
41105 12
41113 17
41115 9
41117 8
41121 3
41127 9
41129 1
41138 12
41145 13
41150 21
41154 20
41156 2
41165 15
41167 1
41176 17
41178 5
41184 12
41191 3
41198 11
41205 11
41211 14
41217 14
41223 18
41224 10
41225 2
41235 5
41242 20
41244 18
41245 20
41247 8
41250 6
41257 18
41258 4
41264 19
41266 18
41267 10
41269 18
41270 18
41271 1
41281 11
41287 12
41294 8
41297 21
41301 19
41303 13
41309 18
41310 11
41317 11
41323 20
41325 3
41331 12
41337 13
41342 12
41350 5
41357 4
41364 10
41366 14
41372 21
41376 13
41382 18
41383 5
41390 2
41400 2
41410 7
41413 16
41415 20
41417 10
41419 12
41426 12
41434 15
41436 11
41442 8
41445 6
41453 15
41455 11
41461 12
41468 9
41470 19
41472 11
41479 12
41487 4
41494 14
41500 12
41507 21
41511 11
41518 11
41524 4
41531 21
41535 11
41541 9
41542 4
41548 12
41555 11
41562 16
41564 11
41570 10
41572 11
41578 11
41585 2
41596 21
41600 19
41602 12
41609 1
41618 14
41624 7
41626 4
41634 11
41641 4
41647 20
41649 18
41650 11
41657 16
41659 8
41662 11
41668 7
41671 18
41672 8
41675 18
41676 20
41678 15
41680 11
41686 8
41690 19
41692 3
41698 15
41700 9
41702 11
41708 17
41710 4
41717 19
41719 17
41721 19
41723 18
41724 13
41730 1
41740 18
41741 15
41743 16
41745 20
41747 9
41749 15
41751 11
41757 15
41759 8
41761 10
41764 2
41773 11
41780 10
41781 11
41788 16
41790 17
41792 12
41798 20
41800 7
41802 12
41809 9
41810 12
41817 16
41819 19
41821 5
41828 9
41830 7
41832 5
41838 7
41840 17
41842 6
41849 7
41852 1
41862 13
41867 12
41874 12
41881 19
41883 19
41885 14
41891 17
41893 18
41894 12
41901 1
41910 2
41920 11
41927 18
41928 21
41932 4
41938 11
41945 18
41946 11
41952 8
41954 11
41960 7
41962 4
41969 4
41975 15
41977 19
41979 21
41983 20
41985 10
41987 20
41989 10
41990 19
41992 7
41994 14
42001 5
42008 13
42014 11
42021 10
42023 20
42025 2
42035 11
42042 14
42048 14
42053 12
42061 18
42062 13
42067 20
42069 4
42075 12
42082 11
42089 21
42093 12
42100 14
42105 13
42110 11
42117 13
42122 7
42125 19
42127 12
42134 1
42143 19
42145 1
42154 16
42156 2
42166 12
42173 3
42179 6
42186 18
42187 18
42188 9
42189 1
42199 9
42200 3
42206 14
42212 16
42214 2
42225 21
42229 15
42231 7
42233 17
42235 20
42237 9
42239 12
42246 3
42252 11
42258 11
42264 6
42271 1
42280 15
42282 7
42285 16
42287 4
42294 13
42299 20
42301 12
42308 20
42310 17
42312 13
42317 3
42324 18
42325 13
42331 19
42333 15
42335 2
42345 15
42347 16
42349 11
42355 16
42357 20
42359 16
42361 11
42367 14
42373 11
42380 20
42382 15
42384 18
42385 19
42387 14
42392 16
42394 18
42395 12
42403 18
42404 3
42411 16
42413 12
42420 15
42422 9
42424 1
42434 15
42436 4
42442 11
42448 8
42452 5
42459 20
42461 12
42468 18
42469 9
42470 1
42479 8
42482 15
42484 2
42495 13
42500 15
42502 8
42505 1
42514 8
42517 12
42524 15
42526 8
42529 18
42530 1
42539 10
42542 18
42543 19
42545 2
42555 10
42556 11
42562 10
42564 2
42574 7
42576 12
42583 5
42590 8
42592 19
42594 5
42600 1
42609 18
42610 15
42612 13
42618 19
42620 17
42622 19
42624 7
42627 10
42630 8
42633 12
42640 20
42642 11
42649 6
42656 15
42658 3
42665 1
42674 18
42675 16
42677 3
42684 12
42692 1
42702 10
42705 11
42712 17
42714 8
42717 17
42719 13
42725 17
42727 20
42729 11
42735 18
42736 9
42738 19
42740 12
42748 15
42750 13
42756 10
42759 3
42765 17
42767 14
42773 9
42775 11
42782 1
42792 10
42793 19
42795 1
42804 11
42811 11
42818 14
42824 4
42831 11
42837 7
42839 8
42841 3
42847 18
42848 3
42855 9
42856 20
42858 3
42865 6
42871 11
42878 11
42885 12
42893 7
42896 4
42903 13
42909 11
42916 4
42923 8
42926 15
42928 12
42935 6
42943 19
42945 7
42947 20
42949 21
42953 14
42959 16
42961 10
42964 1
42974 7
42977 9
42978 18
42979 14
42985 7
42988 16
42990 4
42997 4
43003 16
43005 20
43007 12
43014 6
43022 7
43025 16
43027 2
43038 19
43040 11
43046 15
43048 11
43055 14
43062 3
43069 13
43075 15
43077 13
43082 17
43084 12
43092 14
43097 11
43103 12
43110 16
43112 19
43114 1
43124 7
43126 7
43129 2
43138 21
43142 18
43143 9
43144 12
43151 12
43158 10
43160 15
43162 17
43164 7
43167 5
43174 2
43183 19
43185 20
43187 18
43188 11
43194 11
43201 12
43209 12
43215 20
43217 12
43223 15
43225 2
43235 13
43240 17
43242 21
43246 18
43247 12
43254 14
43261 17
43263 12
43270 18
43271 18
43272 7
43275 3
43281 9
43283 11
43290 8
43293 18
43294 11
43300 1
43310 1
43319 11
43325 1
43335 12
43341 20
43343 4
43351 7
43353 17
43355 2
43365 15
43367 11
43374 14
43380 18
43381 5
43388 10
43389 16
43391 3
43397 12
43403 16
43405 11
43411 9
43412 4
43419 1
43429 2
43440 11
43447 19
43449 5
43456 8
43459 15
43461 16
43463 18
43464 10
43466 4
43474 3
43481 4
43488 11
43494 11
43501 12
43508 10
43509 1
43518 2
43528 12
43536 11
43542 21
43546 5
43552 10
43553 8
43557 9
43558 20
43560 12
43566 3
43572 10
43574 11
43580 11
43587 8
43589 19
43591 18
43592 3
43598 20
43600 11
43606 12
43613 13
43619 11
43626 11
43633 4
43639 12
43647 10
43648 12
43656 1
43665 11
43672 18
43673 12
43680 14
43687 12
43694 11
43701 1
43710 14
43717 12
43724 10
43725 20
43727 8
43730 14
43737 11
43743 12
43750 2
43760 11
43766 1
43776 12
43784 18
43785 18
43786 8
43788 10
43791 19
43793 3
43800 12
43808 12
43815 6
43821 15
43823 6
43830 8
43833 17
43835 11
43842 13
43847 18
43848 7
43851 18
43852 4
43858 11
43865 4
43872 15
43874 18
43875 17
43877 17
43879 7
43881 1
43891 18
43892 7
43895 4
43903 17
43905 11
43911 8
43915 18
43916 11
43922 4
43930 11
43937 18
43938 12
43945 7
43947 20
43949 16
43951 11
43957 2
43967 13
43973 14
43978 2
43989 19
43991 14
43997 6
44003 3
44009 1
44019 8
44023 1
44033 1
44043 18
44044 1
44054 5
44060 12
44067 21
44071 5
44078 1
44088 7
44090 20
44092 6
44099 13
44105 3
44111 9
44113 10
44114 8
44118 11
44125 6
44131 19
44133 8
44136 11
44142 13
44147 12
44154 14
44161 8
44164 19
44166 16
44168 14
44174 21
44178 6
44184 9
44186 12
44193 11
44199 6
44205 20
44207 8
44211 18
44212 20
44214 21
44218 11
44225 20
44227 5
44233 9
44235 1
44245 18
44246 2
44256 16
44258 10
44260 16
44262 2
44273 18
44274 18
44275 16
44277 12
44285 3
44291 4
44297 15
44299 1
44308 18
44309 9
44311 12
44318 4
44325 6
44333 19
44335 12
44343 11
44350 14
44356 19
44358 20
44360 2
44370 9
44371 10
44373 12
44380 16
44382 12
44388 12
44395 18
44396 17
44398 4
44406 11
44412 20
44414 15
44416 15
44418 18
44419 12
44425 17
44427 6
44434 13
44440 4
44448 16
44450 12
44457 7
44460 8
44463 17
44465 6
44472 20
44474 16
44476 20
44478 2
44487 18
44488 14
44493 12
44501 1
44510 8
44512 11
44518 15
44520 19
44522 18
44523 12
44530 4
44537 13
44543 3
44549 5
44555 7
44557 10
44559 11
44566 18
44567 15
44569 19
44571 13
44577 18
44578 3
44585 6
44593 8
44596 12
44602 21
44606 11
44612 9
44613 1
44623 18
44624 17
44626 12
44632 21
44636 7
44639 15
44641 17
44643 12
44651 17
44653 16
44655 14
44660 13
44665 3
44672 4
44679 3
44685 10
44687 13
44693 18
44694 15
44696 2
44705 15
44707 15
44709 11
44716 2
44725 21
44729 11
44736 21
44740 14
44746 13
44751 19
44753 16
44755 13
44760 21
44764 10
44767 11
44773 19
44775 17
44777 12
44785 6
44791 12
44799 1
44809 5
44816 11
44822 3
44829 12
44836 18
44837 21
44841 17
44843 11
44849 16
44851 12
44858 4
44866 17
44868 14
44873 6
44879 15
44881 17
44883 5
44889 16
44891 14
44897 6
44905 15
44907 11
44914 16
44916 20
44918 4
44924 12
44930 17
44932 12
44939 17
44941 18
44942 18
44943 12
44951 19
44953 12
44961 11
44967 11
44973 13
44979 3
44985 21
44989 20
44991 5
44998 14
45005 13
45010 9
45011 4
45017 18
45018 10
45021 18
45022 9
45023 8
45025 12
45033 12
45040 16
45042 14
45048 16
45050 3
45056 16
45058 2
45067 17
45069 12
45076 11
45083 4
45090 12
45098 3
45104 10
45105 12
45113 8
45116 13
45122 14
45128 14
45134 14
45140 11
45146 8
45148 1
45157 21
45161 6
45167 11
45174 20
45176 10
45178 11
45185 9
45187 21
45191 17
45193 1
45203 16
45205 14
45211 21
45215 10
45218 3
45225 21
45229 5
45236 5
45243 18
45244 14
45251 6
45258 7
45260 1
45269 20
45271 3
45278 5
45285 12
45293 14
45299 3
45306 15
45308 19
45310 6
45318 10
45319 2
45329 10
45331 1
45340 10
45341 10
45344 3
45350 11
45356 5
45362 12
45370 3
45377 19
45379 5
45385 21
45389 14
45394 5
45400 5
45407 18
45408 3
45414 12
45422 16
45424 12
45431 3
45438 16
45440 17
45442 11
45448 6
45455 21
45459 21
45463 7
45465 19
45467 12
45475 5
45481 12
45488 10
45490 3
45497 7
45499 11
45506 2
45517 17
45519 6
45526 17
45528 5
45535 13
45541 14
45547 18
45548 15
45550 17
45552 6
45559 17
45561 15
45563 6
45571 18
45572 10
45573 18
45574 7
45576 19
45578 12
45586 12
45592 10
45594 11
45601 12
45608 5
45615 12
45622 12
45629 15
45631 16
45633 4
45640 6
45647 14
45653 15
45655 21
45659 19
45661 12
45667 11
45674 16
45676 11
45683 15
45685 19
45687 10
45690 13
45695 6
45702 18
45703 20
45705 12
45711 21
45715 12
45723 9
45724 17
45726 21
45730 13
45735 16
45737 17
45739 3
45745 2
45754 6
45761 2
45771 18
45772 11
45778 11
45785 18
45786 6
45793 12
45801 9
45803 10
45804 6
45811 17
45813 6
45819 17
45821 12
45827 13
45832 10
45835 7
45838 21
45842 17
45844 19
45846 11
45852 11
45858 12
45866 8
45869 6
45876 10
45878 8
45881 17
45883 10
45885 10
45888 4
45894 10
45896 19
45898 21
45902 6
45909 16
45911 4
45919 16
45921 16
45923 15
45925 21
45929 12
45936 7
45939 17
45941 5
45947 18
45948 14
45953 11
45960 9
45961 3
45968 12
45976 14
45982 13
45988 11
45995 19
45997 17
45999 1
46009 20
46011 12
46018 12
46026 15
46028 2
46037 12
46044 9
46046 13
46052 18
46053 9
46055 2
46065 19
46067 18
46068 18
46069 1
46079 11
46086 3
46092 10
46093 7
46095 4
46103 7
46106 11
46113 7
46116 10
46117 6
46123 20
46125 3
46132 11
46138 4
46145 11
46152 15
46154 14
46159 17
46161 9
46163 9
46164 20
46166 8
46169 11
46175 3
46182 1
46192 5
46198 20
46200 18
46201 14
46207 14
46212 8
46216 6
46223 3
46230 18
46231 9
46232 6
46240 12
46247 16
46249 6
46255 15
46257 13
46263 16
46265 14
46272 5
46278 6
46286 9
46287 3
46293 11
46299 2
46309 12
46317 11
46323 6
46330 9
46332 2
46343 12
46350 12
46356 13
46361 19
46363 16
46365 13
46370 12
46377 12
46383 13
46388 12
46394 4
46401 2
46410 16
46412 8
46414 9
46415 10
46417 6
46424 11
46431 18
46432 4
46439 1
46448 19
46450 12
46458 4
46464 15
46466 12
46474 12
46482 16
46484 11
46491 7
46494 17
46496 17
46498 18
46499 8
46501 12
46508 7
46510 21
46514 11
46520 18
46521 6
46528 5
46535 4
46543 21
46547 12
46553 11
46559 13
46564 13
46570 14
46576 1
46585 19
46587 16
46589 19
46591 4
46598 15
46600 11
46606 10
46608 13
46613 11
46619 17
46621 15
46623 18
46624 7
46627 18
46628 7
