10000
1 5
8 21
12 18
13 3
19 20
21 12
28 21
32 21
36 11
42 7
45 20
47 11
53 15
55 6
63 12
69 1
78 1
88 1
97 17
99 12
107 20
109 15
111 9
112 3
119 15
121 11
128 15
130 5
136 12
143 9
145 14
150 15
152 1
161 16
163 16
165 4
171 16
173 10
176 14
182 16
184 20
186 5
192 15
194 10
195 12
202 15
204 12
211 10
213 11
219 14
226 3
232 11
238 2
248 1
257 11
264 12
271 13
276 5
282 13
288 5
294 1
304 8
307 1
317 21
321 13
327 20
329 6
336 12
343 3
349 11
355 1
365 14
370 11
377 6
383 16
385 9
386 11
392 7
394 8
397 3
403 20
405 10
407 9
408 2
418 7
421 1
431 12
438 7
441 13
447 20
449 17
451 11
458 2
468 11
475 5
482 10
485 12
492 13
498 9
499 18
500 4
506 12
512 10
513 14
519 9
520 11
526 8
528 7
531 15
533 12
540 11
547 8
550 5
557 18
558 21
562 15
564 19
566 20
568 16
570 9
571 10
572 11
578 12
584 14
590 18
591 21
595 18
596 14
603 12
609 1
619 21
623 19
625 16
627 1
637 19
639 8
641 2
650 4
657 7
660 11
666 11
673 15
675 19
677 19
679 17
681 17
683 7
686 11
692 12
698 12
705 16
707 15
709 5
716 11
722 16
724 16
726 12
734 11
740 1
750 21
754 10
756 8
759 14
764 5
771 8
774 12
782 16
784 20
786 12
792 4
799 17
801 11
808 19
810 18
811 8
814 3
821 9
823 19
825 11
832 3
839 4
847 15
849 21
853 12
860 20
862 20
864 15
866 12
873 2
884 14
891 11
897 11
903 11
909 16
911 16
913 11
920 8
922 11
929 9
930 3
936 20
938 7
941 12
948 18
949 16
951 11
958 5
965 1
974 15
976 5
983 5
989 11
996 10
999 4
1006 19
1008 18
1009 2
1019 1
1028 8
1032 12
1039 7
1042 11
1049 15
1051 13
1057 10
1059 10
1061 12
1068 16
1070 7
1073 11
1079 20
1081 5
1088 18
1089 11
1095 2
1106 1
1116 11
1122 6
1128 16
1130 16
1132 18
1133 16
1135 8
1138 20
1140 9
1142 13
1148 21
1152 10
1153 17
1155 2
1165 21
1169 18
1170 17
1172 2
1182 8
1185 16
1187 8
1190 11
1196 21
1200 3
1206 12
1213 17
1215 20
1217 18
1218 13
1223 12
1229 11
1235 18
1236 4
1243 21
1247 6
1253 3
1259 11
1266 12
1272 12
1280 15
1282 17
1284 11
1290 21
1294 9
1295 6
1302 15
1304 16
1306 14
1311 6
1319 15
1321 3
1328 9
1330 13
1335 18
1336 3
1343 11
1350 10
1352 20
1354 9
1355 3
1362 3
1368 3
1374 18
1375 21
1379 21
1383 10
1385 19
1387 14
1394 9
1396 18
1397 5
1404 19
1406 18
1407 6
1414 16
1416 9
1417 14
1423 15
1425 11
1432 19
1434 12
1441 5
1448 13
1453 9
1455 1
1464 10
1467 13
1473 6
1480 12
1488 6
1495 13
1500 1
1509 12
1515 12
1521 21
1525 4
1532 16
1534 6
1541 21
1545 6
1551 6
1558 21
1562 11
1568 11
1574 3
1581 7
1584 20
1586 19
1588 14
1594 18
1595 4
1603 1
1612 11
1618 13
1624 18
1625 21
1629 13
1634 2
1645 6
1652 20
1654 1
1663 14
1669 12
1677 16
1679 2
1689 16
1691 12
1697 11
1703 15
1705 9
1706 19
1708 11
1714 14
1719 17
1721 5
1727 19
1729 15
1731 12
1738 19
1740 2
1749 11
1755 10
1757 9
1758 11
1764 11
1771 18
1772 20
1774 21
1778 12
1784 18
1785 11
1791 21
1795 18
1796 10
1798 10
1799 21
1803 2
1814 1
1823 20
1825 11
1831 2
1841 3
1848 6
1856 11
1863 19
1865 10
1866 12
1873 8
1875 10
1877 18
1878 11
1885 18
1886 15
1888 19
1890 6
1896 9
1898 13
1903 8
1906 8
1909 2
1918 21
1922 11
1929 13
1934 11
1941 21
1945 14
1952 10
1954 11
1961 4
1968 13
1974 13
1980 4
1988 15
1990 9
1992 6
2000 7
2003 3
2009 18
2010 20
2012 12
2019 18
2020 9
2021 11
2028 15
2030 1
2039 21
2043 17
2045 4
2052 10
2054 16
2056 11
2063 21
2067 3
2073 17
2075 19
2077 21
2081 4
2088 8
2090 18
2091 11
2098 13
2104 14
2110 21
2114 18
2115 11
2121 1
2130 12
2136 14
2143 18
2144 18
2145 18
2146 6
2152 5
2158 13
2164 15
2166 21
2170 3
2177 20
2179 11
2185 18
2186 1
2195 5
2202 11
2208 5
2214 12
2221 6
2228 12
2236 6
2243 3
2249 16
2251 12
2258 13
2264 11
2270 6
2278 20
2280 7
2282 11
2289 15
2291 11
2298 11
2304 13
2310 11
2316 3
2323 20
2325 16
2327 19
2329 7
2332 13
2338 12
2344 12
2351 10
2352 20
2354 20
2356 11
2363 13
2369 12
2375 12
2381 1
2390 16
2392 19
2394 4
2402 5
2408 6
2416 11
2423 11
2430 3
2437 18
2438 17
2440 15
2442 15
2444 12
2451 11
2458 11
2464 14
2470 3
2476 19
2478 7
2480 3
2486 7
2489 18
2490 8
2493 6
2499 13
2505 9
2506 10
2508 3
2514 2
2524 2
2533 14
2540 19
2542 20
2544 1
2554 11
2560 18
2561 13
2567 15
2569 11
2575 19
2577 14
2583 12
2591 11
2597 19
2599 16
2601 6
2609 5
2616 18
2617 16
2619 6
2626 15
2628 12
2635 10
2638 7
2641 12
2648 3
2654 2
2665 17
2667 8
2670 11
2676 12
2683 18
2684 7
2686 8
2690 18
2691 12
2699 4
2707 13
2712 21
2716 10
2717 21
2721 12
2727 5
2733 16
2735 7
2737 19
2739 14
2746 21
2750 17
2752 2
2762 17
2764 14
2769 5
2776 11
2783 1
2792 15
2794 21
2798 10
2799 4
2806 14
2812 2
2822 12
2829 16
2831 16
2833 8
2836 19
2838 11
2845 9
2846 1
2856 5
2862 3
2868 6
2876 15
2878 12
2884 21
2888 17
2890 20
2892 11
2898 2
2909 13
2915 4
2922 5
2929 20
2931 20
2933 19
2935 20
2937 4
2944 11
2950 16
2952 13
2958 1
2968 10
2970 12
2976 12
2983 16
2985 6
2993 14
3000 14
3006 20
3008 16
3010 11
3017 4
3023 20
3025 17
3027 3
3033 16
3035 7
3038 17
3040 12
3047 12
3053 13
3059 5
3065 11
3072 12
3079 7
3082 13
3087 12
3095 6
3102 20
3104 8
3107 13
3113 14
3119 12
3127 11
3134 6
3140 19
3142 18
3143 11
3150 19
3152 1
3161 18
3162 17
3164 11
3171 14
3178 18
3179 14
3186 8
3189 16
3191 6
3198 12
3206 6
3213 4
3219 12
3226 11
3232 4
3239 3
3245 11
3252 13
3257 12
3264 13
3270 12
3278 18
3279 15
3281 18
3282 20
3284 20
3286 21
3290 17
3292 11
3298 11
3304 19
3306 16
3308 15
3310 4
3317 20
3319 5
3326 20
3328 18
3329 14
3335 4
3343 10
3346 6
3353 12
3360 4
3367 18
3368 11
3374 16
3376 21
3380 12
3387 19
3389 11
3396 11
3402 8
3405 10
3406 16
3408 15
3410 9
3411 14
3416 6
3423 18
3424 2
3433 14
3440 12
3446 5
3452 18
3453 12
3459 1
3469 11
3475 11
3481 11
3487 9
3488 8
3492 11
3498 12
3505 13
3511 15
3513 6
3520 12
3527 6
3533 17
3535 13
3540 9
3542 1
3552 12
3560 11
3566 11
3572 9
3573 12
3580 11
3586 15
3588 11
3595 3
3602 16
3604 20
3606 21
3610 11
3616 20
3618 17
3620 4
3626 18
3627 18
3628 7
3630 14
3636 12
3642 5
3648 8
3652 13
3657 15
3659 16
3661 12
3668 2
3679 2
3690 14
3695 20
3697 11
3703 12
3711 9
3713 21
3717 18
3718 11
3724 12
3731 8
3735 6
3742 10
3744 3
3751 18
3752 19
3754 16
3756 11
3763 12
3771 2
3780 4
3788 14
3795 17
3797 12
3804 8
3807 20
3809 2
3818 3
3824 2
3833 11
3840 11
3847 8
3850 1
3859 1
3869 13
3874 12
3880 19
3882 2
3893 13
3899 14
3905 10
3907 12
3915 16
3917 15
3919 18
3920 9
3922 12
3929 11
3935 7
3937 4
3945 16
3947 17
3949 18
3950 14
3955 16
3957 4
3963 12
3969 11
3975 11
3981 18
3982 8
3984 21
3988 19
3990 20
3992 11
3999 10
4001 18
4002 7
4005 11
4012 3
4019 15
4021 7
4023 16
4025 21
4029 6
4036 6
4043 12
4050 8
4053 11
4060 3
4067 11
4073 3
4080 21
4084 2
4093 17
4095 17
4097 12
4103 11
4109 5
4116 2
4125 1
4135 12
4142 7
4145 5
4152 17
4154 12
4160 14
4167 11
4174 10
4177 1
4186 15
4188 11
4195 3
4201 11
4208 11
4214 20
4216 15
4218 16
4220 9
4222 11
4229 10
4232 8
4235 17
4237 12
4245 13
4250 4
4257 17
4259 17
4261 17
4263 3
4270 9
4272 6
4279 18
4280 21
4284 12
4292 1
4301 20
4303 3
4309 21
4313 1
4323 12
4330 14
4335 21
4339 6
4346 11
4353 12
4361 17
4363 19
4365 18
4366 2
4375 3
4382 6
4388 1
4397 10
4400 14
4405 19
4407 2
4417 8
4419 12
4427 17
4429 6
4437 11
4444 5
4451 21
4455 2
4465 4
4472 12
4478 1
4487 18
4488 11
4495 19
4497 13
4502 3
4509 11
4516 12
4523 16
4525 21
4529 11
4535 8
4537 17
4539 3
4545 18
4546 11
4553 18
4554 10
4556 15
4558 15
4560 18
4561 10
4562 11
4568 12
4574 11
4580 12
4587 9
4589 1
4599 18
4600 11
4607 20
4609 7
4611 1
4621 18
4622 17
4624 18
4625 8
4628 1
4637 10
4640 1
4649 12
4657 21
4661 18
4662 14
4668 12
4675 12
4682 13
4688 3
4694 7
4697 4
4705 12
4712 16
4714 12
4721 3
4728 18
4729 11
4735 8
4738 5
4745 18
4746 11
4753 16
4755 11
4762 20
4764 13
4770 20
4772 17
4774 16
4776 20
4778 11
4784 6
4791 5
4798 12
4804 14
4810 12
4818 9
4819 5
4825 3
4831 13
4836 11
4843 9
4845 11
4851 2
4861 10
4862 14
4869 16
4871 10
4873 15
4875 11
4881 12
4888 19
4890 12
4896 11
4902 15
4904 9
4905 16
4907 11
4913 11
4920 20
4922 16
4924 16
4926 18
4927 7
4929 21
4933 18
4934 11
4940 11
4947 12
4954 10
4955 17
4957 15
4959 10
4962 9
4964 12
4972 7
4975 7
4978 21
4982 11
4988 12
4994 2
5003 3
5009 2
5020 9
5022 12
5030 15
5032 8
5036 2
5046 3
5053 16
5055 16
5057 18
5058 15
5060 4
5068 11
5075 12
5081 12
5089 3
5095 14
5101 15
5103 18
5104 9
5106 13
5112 20
5114 11
5120 7
5123 6
5129 16
5131 12
5138 11
5144 6
5151 11
5158 4
5165 7
5167 18
5168 10
5171 5
5178 1
5188 4
5195 8
5199 12
5207 16
5209 11
5216 12
5223 6
5230 8
5234 18
5235 4
5241 14
5247 10
5249 14
5255 21
5259 21
5263 7
5266 11
5273 12
5280 7
5283 2
5293 12
5300 1
5310 8
5313 3
5319 8
5322 7
5324 18
5325 4
5333 17
5335 13
5341 7
5343 13
5349 18
5350 13
5356 18
5357 10
5358 5
5365 8
5368 18
5369 9
5371 18
5372 4
5379 15
5381 15
5383 1
5393 10
5396 15
5398 19
5400 12
5407 19
5409 10
5411 11
5418 21
5422 1
5431 11
5437 11
5444 5
5450 2
5461 11
5467 6
5475 19
5477 7
5480 9
5481 21
5485 18
5486 3
5492 17
5494 19
5496 11
5503 9
5505 17
5507 11
5514 11
5520 21
5524 7
5526 18
5527 20
5529 21
5533 1
5543 18
5544 16
5546 7
5549 16
5551 10
5552 10
5554 18
5555 17
5557 11
5564 15
5566 18
5567 7
5570 12
5577 9
5579 3
5585 20
5587 12
5594 17
5596 11
5603 20
5605 17
5607 11
5613 16
5615 11
5622 11
5628 17
5630 19
5632 12
5638 12
5645 3
5652 3
5659 14
5664 4
5671 10
5672 11
5679 3
5685 4
5693 2
5704 13
5710 15
5712 12
5720 14
5726 10
5727 21
5731 2
5741 19
5743 1
5752 13
5758 2
5768 5
5774 2
5785 14
5792 5
5799 13
5804 11
5811 1
5821 4
5828 12
5835 3
5842 2
5852 9
5854 16
5856 18
5857 15
5859 12
5866 2
5876 13
5881 1
5891 1
5900 11
5906 3
5913 19
5915 2
5924 11
5931 10
5934 12
5941 11
5948 11
5954 4
5961 11
5967 11
5973 18
5974 11
5980 18
5981 4
5988 8
5990 3
5996 12
6004 6
6012 1
6022 4
6029 12
6036 20
6038 11
6044 16
6046 20
6048 15
6050 15
6052 10
6054 18
6055 11
6061 14
6067 5
6073 13
6078 7
6080 18
6081 19
6083 3
6089 14
6094 17
6096 11
6102 16
6104 19
6106 8
6109 1
6118 8
6121 18
6122 2
6131 8
6134 17
6136 12
6142 4
6150 6
6157 15
6159 4
6166 5
6173 14
6179 11
6186 11
6193 4
6200 11
6206 13
6211 8
6214 21
6218 12
6224 5
6231 6
6238 18
6239 2
6249 11
6255 19
6257 7
6259 4
6265 9
6266 18
6267 7
6269 4
6275 7
6277 18
6278 1
6287 11
6294 12
6301 8
6304 9
6306 15
6308 9
6309 20
6311 8
6314 15
6316 5
6322 20
6324 11
6331 4
6337 19
6339 19
6341 10
6343 4
6351 12
6359 2
6370 17
6372 5
6378 5
6384 5
6391 8
6395 19
6397 12
6404 4
6410 18
6411 1
6420 8
6423 17
6425 14
6430 2
6440 12
6448 19
6450 9
6452 6
6458 18
6459 10
6462 2
6471 12
6477 21
6481 15
6483 11
6490 11
6497 12
6504 12
6512 14
6517 18
6518 16
6520 15
6522 1
6532 1
6542 5
6549 11
6555 8
6557 9
6559 11
6565 10
6567 18
6568 14
6575 12
6581 17
6583 17
6585 11
6592 14
6599 18
6600 11
6607 15
6609 19
6611 16
6613 7
6616 11
6622 18
6623 17
6625 8
6628 12
6635 5
6641 1
6650 11
6656 12
6663 7
6666 11
6672 20
6674 13
6680 19
6682 12
6690 12
6697 1
6707 10
6709 11
6715 10
6717 6
6725 12
6731 4
6739 7
6742 13
6747 12
6754 9
6755 20
6757 18
6758 11
6764 12
6771 7
6774 5
6780 18
6781 12
6788 1
6798 2
6807 12
6814 1
6823 7
6825 16
6827 21
6831 12
6838 21
6842 6
6850 1
6860 13
6865 5
6872 11
6878 14
6885 7
6887 3
6894 4
6901 8
6903 19
6905 19
6907 16
6909 21
6913 4
6919 2
6930 19
6932 9
6933 7
6935 18
6936 1
6945 10
6948 20
6950 2
6960 15
6962 19
6964 13
6970 11
6976 12
6982 15
6984 11
6991 3
6998 18
6999 18
7000 17
7002 13
7008 11
7014 2
7023 11
7030 13
7035 14
7041 14
7048 11
7054 9
7056 12
7063 8
7066 14
7072 21
7076 11
7083 20
7085 4
7093 15
7095 4
7102 3
7109 12
7115 4
7123 21
7127 3
7133 20
7135 13
7140 18
7141 20
7143 19
7145 13
7150 1
7159 4
7165 1
7174 11
7180 3
7187 17
7189 2
7198 15
7200 6
7206 9
7207 12
7213 6
7219 11
7226 10
7228 10
7231 11
7237 6
7243 11
7249 4
7256 13
7261 21
7265 4
7271 9
7272 18
7273 19
7275 7
7277 12
7284 19
7286 21
7290 16
7292 11
7298 21
7302 21
7306 7
7308 8
7312 15
7314 17
7316 2
7326 17
7328 11
7334 12
7342 12
7350 3
7356 21
7360 6
7367 12
7374 12
7382 16
7384 16
7386 11
7392 2
7402 11
7408 18
7409 13
7415 8
7417 13
7423 18
7424 9
7426 17
7428 16
7430 2
7440 6
7447 6
7454 11
7460 12
7468 8
7472 2
7481 12
7487 11
7494 11
7500 11
7507 3
7514 16
7516 11
7522 5
7529 2
7538 7
7540 16
7542 11
7548 6
7555 8
7558 19
7560 20
7562 8
7566 20
7568 3
7574 17
7576 10
7577 16
7579 18
7580 1
7590 7
7592 18
7593 4
7599 10
7601 7
7603 11
7609 19
7611 11
7618 13
7624 5
7631 11
7637 12
7645 13
7651 12
7658 19
7660 16
7662 11
7668 17
7670 19
7672 14
7679 13
7684 21
7688 16
7690 11
7696 12
7703 10
7706 18
7707 17
7709 2
7719 1
7728 13
7734 11
7740 18
7741 13
7747 12
7755 6
7761 12
7769 12
7776 9
7777 19
7779 8
7782 8
7786 21
7790 12
7797 19
7799 2
7809 11
7815 9
7816 13
7822 20
7824 16
7826 19
7828 18
7829 16
7831 1
7841 11
7848 18
7849 17
7851 18
7852 21
7856 11
7863 18
7864 17
7866 3
7873 11
7879 2
7888 18
7889 9
7890 13
7896 10
7898 3
7905 8
7908 14
7915 13
7920 12
7928 20
7930 18
7931 18
7932 18
7933 9
7935 17
7937 10
7940 19
7942 20
7944 11
7950 11
7957 4
7963 21
7967 8
7969 19
7971 16
7973 7
7976 7
7979 19
7981 11
7987 13
7993 5
8000 3
8006 11
8013 9
8014 9
8016 18
8017 8
8019 12
8026 18
8027 2
8037 3
8043 18
8044 7
8046 3
8052 10
8053 17
8055 8
8057 20
8059 19
8061 2
8071 12
8078 14
8084 17
8086 11
8093 5
8100 19
8102 10
8104 14
8110 21
8114 15
8116 18
8117 12
8125 18
8126 11
8133 16
8135 14
8141 11
8148 11
8154 11
8160 3
8167 5
8173 12
8180 8
8183 1
8193 4
8199 11
8206 13
8211 18
8212 21
8216 13
8222 2
8232 12
8238 18
8239 14
8244 12
8250 14
8255 4
8261 11
8267 9
8269 3
8276 10
8277 4
8285 13
8290 13
8296 1
8306 13
8311 15
8313 1
8323 6
8330 2
8340 16
8342 11
8348 13
8353 1
8363 21
8367 12
8375 2
8384 8
8388 12
8394 4
8400 9
8401 21
8405 11
8411 18
8412 12
8419 11
8426 15
8428 11
8434 16
8436 5
8443 16
8445 6
8451 17
8453 1
8463 19
8465 1
8474 5
8481 18
8482 1
8492 11
8498 12
8504 6
8512 12
8520 15
8522 14
8529 1
8538 1
8547 4
8553 6
8560 14
8567 6
8574 1
8583 3
8589 7
8591 18
8592 19
8594 11
8600 11
8606 19
8608 13
8613 12
8621 6
8628 16
8630 11
8637 12
8643 18
8644 19
8646 12
8652 14
8658 19
8660 6
8667 11
8673 17
8675 11
8681 20
8683 3
8690 18
8691 12
8698 1
8708 1
8718 2
8728 10
8730 16
8732 6
8738 12
8745 21
8749 9
8750 4
8757 12
8763 19
8765 4
8771 3
8777 18
8778 7
8780 7
8783 10
8784 7
8787 2
8796 9
8798 14
8804 18
8805 12
8812 12
8819 1
8828 11
8835 18
8836 18
8837 9
8838 4
8845 3
8852 6
8858 8
8861 5
8868 12
8874 14
8880 20
8882 11
8889 15
8891 4
8897 11
8903 9
8905 13
8910 14
8915 1
8925 1
8935 14
8941 11
8947 12
8953 20
8955 15
8957 12
8963 4
8970 2
8980 9
8981 7
8983 20
8985 17
8987 18
8988 10
8989 4
8995 21
8999 18
9000 7
9003 12
9011 16
9013 11
9019 1
9029 19
9031 1
9041 21
9045 7
9048 17
9050 3
9057 19
9059 15
9061 11
9067 6
9073 9
9075 11
9081 1
9091 3
9097 12
9105 11
9111 3
9117 2
9127 9
9128 3
9134 12
9141 6
9147 5
9153 16
9155 18
9156 12
9163 1
9173 11
9179 12
9186 17
9188 20
9190 12
9196 5
9202 17
9204 11
9210 11
9217 3
9224 16
9226 12
9234 15
9236 11
9242 14
9248 10
9251 4
9258 1
9268 17
9270 11
9276 1
9286 18
9287 11
9293 5
9299 18
9300 11
9307 15
9309 12
9315 15
9317 16
9319 3
9326 12
9333 18
9334 12
9340 13
9345 5
9351 14
9357 11
9364 16
9366 20
9368 6
9375 12
9382 21
9386 3
9392 17
9394 9
9396 15
9398 20
9400 11
9406 17
9408 4
9414 14
9419 4
9425 1
9434 15
9436 12
9442 12
9448 12
9454 9
9455 10
9458 17
9460 14
9466 20
9468 4
9474 12
9481 10
9482 4
9489 3
9496 7
9499 3
9506 4
9514 19
9516 7
9518 2
9527 15
9529 1
9538 9
9539 18
9540 11
9546 9
9548 17
9550 20
9552 13
9558 11
9564 12
9572 18
9573 4
9580 11
9586 17
9588 11
9595 7
9598 7
9601 11
9608 11
9615 12
9622 7
9624 9
9625 17
9627 18
9628 5
9635 4
9643 7
9645 5
9652 11
9658 2
9669 1
9679 17
9681 15
9683 13
9688 9
9689 12
9695 12
9702 12
9710 18
9711 11
9717 19
9719 1
9728 10
9730 20
9732 8
9734 11
9740 8
9744 11
9750 11
9757 10
9758 5
9764 7
9767 18
9768 10
9770 1
9779 12
9786 12
9793 9
9794 11
9801 17
9803 4
9810 14
9817 18
9818 11
9824 11
9830 11
9837 11
9844 4
9851 11
9858 16
9860 11
9866 15
9868 5
9875 12
9882 20
9884 20
9886 11
9893 5
9899 21
9903 10
9905 7
9907 12
9914 15
9916 18
9917 1
9926 18
9927 20
9929 10
9931 21
9935 7
9938 2
9948 1
9957 15
9959 12
9966 5
9972 11
9978 7
9981 18
9982 8
9984 11
9990 17
9992 9
9993 14
9998 13
10003 19
10005 14
10012 11
10018 3
10024 5
10030 1
10040 5
10046 18
10047 11
10054 11
10060 12
10066 1
10076 11
10083 14
10088 12
10096 4
10103 19
10105 11
10111 11
10118 15
10120 7
10122 6
10129 2
10139 11
10146 2
10156 11
10162 19
10164 9
10166 6
10173 12
10179 12
10186 9
10187 12
10194 13
10199 11
10205 11
10211 4
10218 21
10222 9
10223 19
10225 8
10227 2
10237 10
10240 19
10242 18
10243 14
10249 18
10250 18
10251 11
10257 21
10261 12
10268 5
10275 11
10282 19
10284 18
10285 21
10289 2
10298 5
10305 11
10312 12
10319 2
10328 11
10334 10
10336 12
10343 5
10349 11
10355 16
10357 21
10361 17
10363 15
10365 17
10367 18
10368 19
10370 19
10372 1
10382 15
10384 18
10385 12
10392 19
10394 21
10398 12
10405 2
10414 14
10420 7
10422 14
10428 21
10432 11
10438 14
10444 17
10446 20
10448 1
10457 4
10463 12
10471 16
10473 21
10477 19
10479 19
10481 10
10483 6
10489 11
10495 8
10497 11
10504 18
10505 7
10508 10
10509 10
10512 6
10520 7
10523 8
10526 11
10533 18
10534 12
10540 6
10547 21
10551 21
10555 8
10558 18
10559 12
10566 15
10568 3
10575 11
10582 9
10584 5
10591 18
10592 3
10598 5
10604 21
10608 17
10610 7
10613 8
10615 13
10621 11
10628 7
10631 14
10636 21
10640 7
10643 1
10652 15
10654 6
10662 14
10669 12
10676 12
10683 9
10684 1
10694 11
10701 9
10703 8
10705 11
10712 6
10719 3
10726 14
10731 15
10733 2
10743 10
10746 3
10753 10
10756 12
10763 18
10764 15
10766 18
10767 11
10773 18
10774 16
10776 18
10777 7
10780 21
10784 20
10786 11
10792 7
10794 15
10796 11
10803 11
10809 17
10811 11
10817 13
10822 6
10828 4
10835 20
10837 20
10839 21
10843 13
10849 12
10856 1
10866 6
10873 12
10880 20
10882 18
10883 13
10888 14
10893 12
10901 5
10907 10
10910 11
10917 5
10924 5
10930 16
10932 14
10938 1
10947 12
10953 21
10957 19
10959 12
10966 5
10973 13
10978 13
10983 5
10990 12
10998 11
11005 7
11008 21
11012 10
11014 21
11018 2
11029 15
11031 17
11033 6
11039 6
11047 11
11054 1
11063 12
11070 1
11079 13
11084 8
11087 11
11093 11
11100 21
11104 10
11106 10
11108 19
11110 16
11112 16
11114 6
11121 16
11123 18
11124 12
11131 13
11136 12
11142 11
11149 17
11151 15
11153 15
11155 8
11158 19
11160 11
11166 11
11173 21
11177 2
11187 3
11193 11
11199 20
11201 12
11209 11
11216 2
11227 20
11229 3
11235 7
11238 1
11247 16
11249 2
11259 5
11265 17
11267 19
11269 4
11275 12
11281 10
11283 20
11285 6
11292 14
11298 15
11300 3
11306 12
11314 6
11322 10
11324 3
11331 11
11338 8
11342 12
11348 12
11356 15
11358 8
11361 6
11367 12
11374 14
11380 21
11384 1
11394 11
11400 5
11406 16
11408 5
11415 20
11417 16
11419 6
11427 5
11434 21
11438 4
11445 11
11451 20
11453 18
11454 16
11456 10
11457 6
11464 11
11470 3
11477 4
11483 13
11488 12
11494 9
11496 20
11498 18
11499 18
11500 5
11506 17
11508 19
11510 20
11512 14
11518 8
11521 12
11529 12
11536 11
11543 11
11549 7
11551 18
11552 1
11561 15
11563 2
11573 4
11581 7
11584 12
11591 16
11593 15
11595 20
11597 11
11604 13
11609 19
11611 6
11617 20
11619 12
11625 11
11632 7
11634 3
11640 11
11647 12
11654 10
11656 11
11663 2
11673 5
11680 11
11687 14
11693 6
11700 3
11706 15
11708 12
11715 18
11716 4
11722 17
11724 14
11730 16
11732 8
11736 13
11742 5
11748 6
11756 11
11763 11
11770 18
11771 18
11772 6
11780 11
11787 21
11791 10
11793 8
11796 10
11798 9
11799 14
11805 17
11807 21
11811 3
11817 11
11824 17
11826 18
11827 11
11834 10
11836 3
11843 18
11844 18
11845 8
11847 11
11853 8
11856 9
11857 21
11861 17
11863 18
11864 2
11874 15
11876 8
11879 6
11887 15
11889 17
11891 21
11895 11
11901 9
11902 16
11904 1
11913 21
11917 20
11919 5
11926 19
11928 4
11936 16
11938 15
11940 11
11946 2
11956 18
11957 12
11963 11
11970 13
11976 17
11978 5
11985 6
11993 8
11996 7
11998 18
11999 6
12006 12
12012 15
12014 11
12020 15
12022 3
12028 7
12031 11
12037 21
12041 12
12048 16
12050 15
12052 12
12058 15
12060 1
12070 2
12080 12
12086 11
12092 13
12098 21
12102 12
12108 6
12115 11
12122 2
12132 8
12135 20
12137 1
12147 12
12155 11
12162 17
12164 11
12170 4
12178 4
12185 17
12187 4
12194 6
12201 17
12203 14
12210 12
12217 16
12219 8
12222 21
12226 17
12228 6
12236 12
12242 14
12249 21
12253 3
12260 12
12267 4
12274 9
12276 12
12284 17
12286 18
12287 11
12293 3
12299 16
12301 12
12307 4
12313 16
12315 18
12316 14
12323 14
12328 11
12335 12
12342 9
12343 9
12345 11
12352 17
12354 17
12356 2
12366 19
12368 8
12372 4
12379 15
12381 6
12389 14
12395 6
12402 20
12404 3
12411 12
12417 17
12419 19
12421 5
12428 10
12431 19
12433 19
12435 20
12437 13
12442 9
12443 9
12445 18
12446 18
12447 1
12457 4
12463 17
12465 10
12466 4
12474 2
12483 6
12490 13
12496 14
12502 20
12504 11
12511 12
12518 7
12521 12
12528 15
12530 11
12536 16
12538 19
12540 12
12548 9
12549 1
12558 14
12565 1
12575 5
12582 10
12584 4
12591 4
12599 8
12601 12
12609 1
12619 3
12625 3
12631 21
12635 14
12641 8
12645 15
12647 11
12653 15
12655 15
12657 6
12664 8
12666 19
12668 19
12670 12
12677 11
12684 15
12686 11
12692 8
12695 16
12697 19
12699 3
12706 1
12716 7
12718 12
12725 21
12729 9
12731 7
12733 6
12741 18
12742 18
12743 18
12744 15
12746 11
12753 11
12760 14
12767 5
12774 15
12776 15
12778 14
12785 11
12791 6
12798 11
12804 11
12810 17
12812 14
12819 16
12821 1
12830 17
12832 13
12837 5
12844 15
12846 2
12855 2
12865 11
12871 14
12877 16
12879 13
12885 5
12891 16
12893 17
12895 12
12901 12
12907 5
12913 11
12919 18
12920 12
12926 16
12928 19
12930 6
12938 14
12943 10
12945 3
12951 18
12952 18
12953 15
12955 20
12957 20
12959 5
12965 15
12967 11
12973 9
12975 12
12982 19
12984 6
12991 3
12998 18
12999 14
13006 15
13008 13
13014 21
13018 2
13027 7
13029 11
13035 1
13045 11
13051 5
13057 12
13064 11
13071 17
13073 16
13075 12
13082 15
13084 18
13085 7
13088 6
13094 18
13095 15
13097 12
13103 18
13104 6
13110 9
13111 11
13118 3
13125 17
13127 20
13129 17
13131 12
13138 21
13142 12
13150 10
13152 12
13158 6
13166 11
13172 16
13174 16
13176 11
13182 2
13192 18
13193 12
13201 17
13203 15
13205 14
13212 13
13217 15
13219 11
13226 15
13228 3
13235 9
13237 11
13243 8
13246 2
13256 17
13258 2
13267 5
13273 3
13279 9
13281 12
13289 1
13298 6
13305 11
13311 11
13317 19
13319 15
13321 6
13328 15
13330 11
13337 12
13344 7
13346 15
13348 11
13355 8
13358 15
13360 12
13368 4
13376 18
13377 6
13384 6
13391 12
13397 13
13402 7
13404 20
13406 8
13408 1
13417 14
13423 19
13425 1
13435 11
13441 11
13447 7
13449 10
13452 7
13455 19
13457 21
13461 17
13463 21
13467 5
13474 11
13481 10
13483 17
13485 18
13486 12
13492 12
13499 21
13503 11
13510 18
13511 11
13517 6
13524 6
13532 7
13535 11
13541 8
13543 21
13547 13
13553 8
13555 10
13557 12
13564 17
13566 16
13568 15
13570 5
13577 6
13583 13
13588 7
13591 14
13598 14
13604 15
13606 16
13608 15
13610 8
13613 18
13614 16
13616 16
13618 7
13620 6
13628 8
13632 13
13638 6
13644 5
13650 17
13652 13
13657 15
13659 3
13666 18
13667 11
13673 12
13680 18
13681 15
13683 20
13685 18
13686 12
13692 18
13693 8
13696 6
13703 1
13712 10
13715 8
13717 12
13725 6
13733 13
13738 11
13744 3
13751 10
13752 11
13758 5
13765 15
13767 4
13773 10
13774 12
13781 15
13783 12
13790 18
13791 11
13798 8
13802 11
13808 18
13809 16
13811 3
13818 10
13819 9
13820 21
13824 5
13831 19
13833 20
13835 9
13836 11
13843 10
13845 18
13846 8
13850 19
13852 18
13853 5
13860 18
13861 3
13868 3
13875 20
13877 8
13881 12
13888 8
13891 9
13892 12
13899 8
13901 14
13908 20
13910 18
13911 1
13920 14
13927 8
13929 13
13934 12
13941 3
13947 11
13954 20
13956 10
13959 4
13965 4
13972 15
13974 11
13981 18
13982 2
13993 16
13995 9
13997 12
14004 18
14005 10
14007 11
14013 2
14022 1
14032 11
14039 11
14045 12
14052 20
14054 16
14056 7
14059 9
14060 11
14067 19
14069 11
14076 13
14081 21
14085 8
14089 3
14095 15
14097 1
14107 18
14108 13
14113 3
14119 3
14126 10
14128 11
14135 7
14138 12
14144 16
14146 9
14148 7
14150 8
14153 3
14159 18
14160 12
14166 8
14168 16
14170 9
14171 2
14180 10
14181 21
14185 18
14186 13
14191 16
14193 20
14195 6
14203 11
14209 12
14217 17
14219 21
14223 14
14229 19
14231 12
14238 14
14243 11
14250 8
14253 2
14263 16
14265 11
14272 12
14278 19
14280 20
14282 17
14284 19
14286 13
14292 2
14303 18
14304 5
14310 6
14318 8
14322 11
14329 1
14339 8
14342 7
14345 2
14356 20
14358 11
14364 7
14367 10
14368 8
14372 20
14374 9
14375 16
14377 12
14384 9
14385 9
14387 13
14392 4
14400 12
14407 21
14411 6
14418 11
14425 5
14432 21
14436 11
14442 12
14449 6
14455 3
14461 17
14463 19
14465 19
14467 21
14471 12
14478 17
14480 11
14487 20
14489 1
14498 11
14504 16
14506 11
14513 11
14520 10
14522 4
14529 6
14535 2
14544 1
14554 12
14562 5
14569 13
14575 10
14576 17
14578 18
14579 4
14587 6
14594 11
14601 6
14608 21
14612 17
14614 5
14620 14
14627 7
14630 17
14632 3
14638 12
14645 11
14652 21
14656 13
14662 5
14668 4
14675 4
14681 4
14689 12
14695 12
14702 14
14709 17
14711 17
14713 5
14720 1
14729 20
14731 17
14733 20
14735 11
14742 20
14744 4
14751 17
14753 13
14759 12
14767 10
14770 14
14776 15
14778 18
14779 21
14783 11
14789 10
14791 7
14794 15
14796 12
14802 11
14808 6
14815 18
14816 10
14818 14
14823 14
14828 20
14830 18
14831 12
14837 5
14844 12
14852 12
14859 16
14861 1
14871 15
14873 5
14879 18
14880 16
14882 11
14888 7
14890 12
14896 6
14903 18
14904 4
14910 12
14918 12
14925 2
14934 6
14940 7
14943 9
14945 3
14951 6
14959 8
14963 11
14970 12
14976 11
14982 13
14988 8
14991 8
14995 15
14997 12
15003 10
15005 1
15015 20
15017 13
15022 20
15024 19
15026 16
15028 4
15035 9
15037 6
15043 3
15050 18
15051 8
15054 13
15059 20
15061 15
15063 10
15066 2
15077 20
15079 15
15081 5
15088 14
15093 11
15099 10
15101 1
15110 8
15113 11
15119 19
15121 20
15123 19
15125 12
15133 17
15135 2
15146 12
15154 15
15156 16
15158 7
15160 18
15161 20
15163 21
15167 11
15173 18
15174 6
15182 6
15190 14
15196 9
15198 6
15205 15
15207 4
15214 10
15217 18
15218 4
15226 19
15228 18
15229 11
15236 10
15238 8
15241 21
15245 5
15252 5
15259 20
15261 6
15268 12
15275 12
15283 11
15289 11
15295 5
15301 11
15307 18
15308 4
15316 6
15323 16
15325 10
15327 10
15330 12
15336 11
15343 4
15349 5
15355 2
15366 5
15373 20
15375 1
15384 18
15385 12
15392 5
15398 11
15405 1
15415 11
15421 4
15427 16
15429 20
15431 6
15438 12
15444 18
15445 5
15452 11
15458 5
15465 15
15467 20
15469 12
15476 10
15479 11
15486 8
15490 9
15491 14
15498 9
15500 17
15502 16
15504 16
15506 19
15508 4
15515 8
15517 1
15527 18
15528 4
15536 16
15538 11
15545 11
15552 1
15561 20
15563 3
15570 8
15572 13
15578 6
15585 13
15591 12
15597 9
15599 5
15606 12
15612 6
15619 18
15620 5
15626 14
15632 15
15634 3
15641 11
15648 10
15649 21
15653 18
15654 4
15660 11
15666 21
15670 8
15672 6
15678 1
15687 13
15692 9
15694 9
15695 21
15699 13
15704 3
15711 10
15713 12
15719 15
15721 2
15732 20
15734 12
15740 3
15746 17
15748 3
15754 14
15761 14
15766 2
15777 12
15784 15
15786 1
15795 15
15797 20
15799 15
15801 7
15803 15
15805 17
15807 5
15814 8
15818 21
15822 6
15830 12
15836 12
15844 12
15851 18
15852 2
15862 15
15864 16
15866 12
15873 4
15879 12
15886 15
15888 19
15890 18
15891 2
15900 7
15902 17
15904 6
15911 1
15920 12
15926 20
15928 13
15933 18
15934 14
15940 11
15946 8
15949 14
15955 1
15964 19
15966 13
15971 14
15977 20
15979 11
15986 1
15996 20
15998 18
15999 4
16005 18
16006 9
16007 9
16008 13
16013 8
16015 11
16022 19
16024 18
16025 21
16029 6
16035 16
16037 1
16046 10
16048 12
16054 7
16057 4
16065 19
16067 18
16068 8
16071 17
16073 16
16075 18
16076 11
16082 18
16083 11
16089 8
16093 19
16095 4
16102 18
16103 15
16105 13
16111 12
16119 16
16121 4
16127 2
16138 8
16140 21
16144 8
16147 9
16148 7
16150 20
16152 1
16162 11
16169 15
16171 18
16172 18
16173 11
16179 18
16180 12
16186 19
16188 4
16194 5
16200 17
16202 16
16204 15
16206 17
16208 12
16215 18
16216 9
16218 9
16220 19
16222 11
16229 16
16231 15
16233 5
16240 8
16243 17
16245 1
16255 18
16256 11
16262 11
16268 21
16272 16
16274 19
16276 8
16280 17
16282 18
16283 18
16284 12
16290 1
16300 12
16308 2
16318 12
16325 4
16332 12
16338 8
16340 19
16342 20
16344 9
16345 16
16347 14
16352 17
16354 9
16355 14
16361 11
16368 12
16375 4
16382 19
16384 8
16387 9
16389 14
16395 9
16396 7
16398 13
16403 8
16406 19
16408 12
16416 10
16418 12
16425 18
16426 6
16433 8
16436 21
16440 1
16450 2
16460 18
16461 20
16463 5
16470 16
16472 21
16476 21
16480 12
16487 1
16497 1
16506 2
16517 9
16518 13
16524 21
16528 9
16529 18
16530 21
16534 13
16539 11
16545 21
16549 11
16555 12
16563 6
16571 18
16572 5
16578 14
16583 12
16590 17
16592 11
16599 20
16601 1
16611 11
16618 11
16625 4
16633 11
16640 17
16642 12
16649 15
16651 19
16653 13
16659 1
16669 16
16671 8
16673 3
16679 18
16680 12
16687 11
16693 16
16695 19
16697 17
16699 16
16701 11
16708 14
16715 7
16717 5
16723 1
16733 16
16735 7
16737 3
16743 15
16745 11
16751 9
16753 17
16755 15
16757 9
16758 15
16760 12
16766 5
16772 6
16778 12
16785 1
16794 15
16796 6
16803 14
16809 8
16811 14
16817 18
16818 15
16820 13
16825 2
16835 1
16844 11
16851 21
16855 4
16861 12
16867 20
16869 7
16871 8
16873 2
16884 9
16886 13
16892 10
16894 12
16901 4
16907 21
16911 20
16913 4
16920 15
16922 14
16928 21
16932 16
16934 9
16936 15
16938 18
16939 12
16946 3
16953 12
16960 20
16962 7
16965 21
16969 11
16976 6
16983 12
16989 1
16999 9
17001 20
17003 15
17005 20
17007 9
17008 14
17014 12
17021 11
17027 12
17034 6
17040 18
17041 5
17048 20
17050 21
17054 3
17060 11
17066 1
17076 14
17083 10
17084 4
17090 6
17097 9
17098 19
17100 3
17106 1
17115 4
17123 20
17125 11
17131 12
17139 19
17141 16
17143 13
17148 2
17158 7
17161 5
17168 12
17176 3
17183 12
17190 5
17197 20
17199 7
17202 2
17212 11
17219 13
17224 11
17231 2
17240 11
17247 9
17249 12
17257 1
17266 13
17272 1
17282 21
17286 11
17293 11
17299 21
17303 12
17309 2
17318 10
17319 6
17326 16
17328 3
17335 15
17337 6
17344 21
17348 14
17354 15
17356 2
17366 1
17375 4
17382 7
17384 14
17390 11
17397 20
17399 18
17400 7
17403 17
17405 11
17411 3
17417 11
17424 8
17427 11
17433 11
17440 7
17442 10
17443 11
17450 12
17457 16
17459 19
17461 9
17463 16
17465 7
17468 10
17469 18
17470 3
17477 4
17484 18
17485 18
17486 3
17493 5
17500 18
17501 16
17503 11
17510 8
17513 7
17515 18
17516 12
17524 18
17525 17
17527 18
17528 9
17530 7
17532 17
17534 12
17541 8
17544 21
17548 9
17550 11
17556 18
17557 2
17568 7
17570 6
17577 12
17583 17
17585 12
17592 13
17598 20
17600 7
17602 2
17613 11
17620 17
17622 12
17629 12
17637 18
17638 10
17640 11
17647 10
17648 12
17655 8
17659 11
17666 20
17668 11
17674 12
17680 7
17682 15
17684 9
17685 15
17687 12
17695 17
17697 2
17708 14
17714 13
17719 17
17721 17
17723 20
17725 15
17727 18
17728 5
17734 20
17736 12
17744 17
17746 4
17754 8
17756 14
17763 3
17770 12
17777 16
17779 12
17785 12
17792 17
17794 1
17803 8
17806 11
17813 9
17814 15
17816 18
17817 6
17825 6
17832 16
17834 3
17840 18
17841 20
17843 5
17850 10
17852 20
17854 2
17863 19
17865 9
17867 14
17874 12
17880 4
17886 9
17888 6
17895 10
17897 18
17898 18
17899 12
17907 3
17913 12
17919 14
17925 12
17933 21
17937 11
17943 15
17945 13
17951 12
17959 16
17961 12
17968 12
17974 5
17980 17
17982 12
17988 20
17990 3
17996 12
18003 2
18012 20
18014 5
18020 2
18029 12
18037 1
18047 7
18049 11
18056 11
18063 11
18069 11
18075 17
18077 17
18079 12
18086 20
18088 8
18091 19
18093 10
18095 14
18101 8
18103 20
18105 17
18107 16
18109 17
18111 14
18117 13
18123 11
18129 9
18130 20
18132 2
18142 14
18148 16
18150 9
18152 12
18159 5
18166 12
18173 2
18183 8
18186 1
18196 4
18203 16
18205 11
18212 15
18214 12
18220 12
18226 5
18232 16
18234 8
18238 12
18244 12
18252 12
18260 18
18261 21
18265 5
18272 18
18273 19
18275 16
18277 17
18279 11
18285 13
18290 20
18292 11
18298 9
18300 11
18307 12
18315 4
18322 2
18333 12
18341 12
18348 9
18349 4
18356 15
18358 17
18360 20
18362 19
18364 5
18370 12
18376 18
18377 12
18385 17
18387 17
18389 16
18391 1
18400 10
18403 7
18406 19
18408 12
18414 2
18425 9
18427 14
18433 6
18441 14
18448 2
18458 11
18465 12
18472 12
18479 6
18487 9
18489 6
18496 3
18502 18
18503 15
18505 12
18511 11
18518 7
18521 2
18531 11
18537 4
18543 10
18544 18
18545 11
18551 8
18554 12
18562 11
18568 2
18578 8
18581 11
18588 16
18590 2
18600 10
18601 19
18603 15
18605 15
18607 11
18614 19
18616 9
18618 13
18624 15
18626 20
18628 18
18629 8
18633 10
18635 13
18641 4
18647 12
18654 11
18661 12
18668 12
18675 21
18679 6
18685 4
18692 15
18694 12
18701 2
18711 15
18713 11
18720 11
18727 3
18734 3
18740 4
18747 1
18757 18
18758 9
18759 11
18766 2
18777 17
18779 8
18782 4
18790 11
18797 17
18799 15
18801 21
18805 18
18806 16
18808 19
18810 1
18820 10
18823 11
18830 17
18832 13
18838 11
18845 5
18851 8
18853 12
18860 19
18862 1
18871 17
18873 3
18880 18
18881 9
18883 18
18884 4
18891 20
18893 12
18900 12
18907 6
18915 3
18921 11
18927 12
18935 18
18936 15
18938 1
18948 20
18950 8
18953 15
18955 16
18957 16
18959 2
18969 14
18976 5
18983 11
18989 20
18991 10
18994 15
18996 8
18999 10
19000 11
19006 14
19012 11
19018 9
19019 11
19025 16
19027 3
19033 15
19035 11
19041 2
19051 15
19053 19
19055 9
19057 3
19064 16
19066 18
19067 12
19074 2
19083 19
19085 16
19087 11
19093 2
19103 11
19110 14
19115 20
19117 12
19123 10
19125 13
19130 11
19136 17
19138 9
19140 11
19146 10
19149 16
19151 7
19154 14
19161 16
19163 7
19165 10
19167 11
19174 9
19176 19
19178 3
19184 11
19190 13
19195 21
19199 11
19206 5
19213 8
19215 11
19222 6
19228 19
19230 2
19241 9
19243 2
19253 14
19260 8
19262 5
19269 12
19276 14
19282 19
19284 10
19285 2
19295 17
19297 11
19303 9
19305 1
19314 10
19317 13
19322 10
19324 8
19328 4
19335 13
19341 11
19347 17
19349 21
19353 11
19359 11
19365 6
19372 20
19374 17
19376 20
19378 20
19380 16
19382 7
19384 15
19386 15
19388 12
19394 10
19395 2
19404 16
19406 20
19408 12
19416 4
19422 2
19432 13
19437 16
19439 21
19443 16
19445 6
19452 13
19458 17
19460 12
19467 9
19469 11
19475 11
19482 11
19489 11
19495 9
19497 19
19499 4
19506 15
19508 21
19512 3
19518 18
19519 9
19521 4
19529 6
19536 2
19545 5
19552 15
19554 4
19561 10
19563 4
19570 18
19571 8
19573 6
19580 5
19587 12
19595 11
19602 5
19608 20
19610 18
19611 19
19613 13
19618 15
19620 11
19627 13
19633 11
19640 21
19644 21
19648 4
19655 1
19664 8
19668 5
19674 7
19677 12
19685 4
19693 12
19701 12
19709 11
19715 20
19717 20
19719 9
19721 18
19722 15
19724 2
19735 11
19741 13
19746 15
19748 18
19749 21
19753 11
19760 13
19765 1
19774 21
19778 11
19784 20
19786 3
19793 12
19800 2
19810 12
19817 5
19824 11
19830 5
19837 13
19842 1
19851 12
19857 1
19867 12
19874 3
19880 6
19888 4
19894 18
19895 5
19901 14
19906 12
19912 11
19919 3
19925 12
19933 16
19935 20
19937 4
19943 14
19949 21
19953 4
19961 5
19968 17
19970 4
19976 11
19983 2
19993 11
20000 8
20002 7
20005 3
20011 3
20017 1
20026 18
20027 17
20029 20
20031 4
20038 12
20045 10
20046 18
20047 19
20049 11
20056 16
20058 11
20065 12
20072 1
20081 13
20086 13
20091 14
20098 2
20109 8
20113 20
20115 8
20118 19
20120 17
20122 15
20124 18
20125 5
20131 8
20134 3
20141 18
20142 4
20149 6
20155 20
20157 1
20166 12
20173 17
20175 12
20183 15
20185 7
20187 6
20194 12
20202 11
20209 12
20217 6
20224 6
20231 11
20238 4
20245 11
20251 12
20259 13
20264 12
20271 11
20278 12
20285 14
20292 21
20296 18
20297 21
20301 9
20303 10
20304 8
20308 17
20310 20
20312 18
20313 17
20315 15
20317 18
20318 1
20328 18
20329 18
20330 13
20335 7
20337 21
20341 11
20348 9
20350 2
20361 4
20369 15
20371 12
20378 16
20380 20
20382 12
20389 11
20395 21
20399 17
20401 1
20411 18
20412 11
20418 7
20421 18
20422 2
20432 11
20439 12
20446 21
20450 12
20457 11
20463 12
20470 9
20471 12
20478 5
20485 21
20489 7
20492 21
20496 7
20499 11
20506 9
20508 2
20517 18
20518 18
20519 18
20520 1
20530 20
20532 21
20536 12
20542 21
20546 13
20552 2
20561 20
20563 17
20565 2
20574 11
20580 14
20585 3
20592 11
20599 8
20602 10
20603 12
20610 12
20617 8
20620 20
20622 19
20624 11
20630 4
20638 15
20640 19
20642 21
20646 2
20656 2
20667 3
20673 13
20678 12
20686 20
20688 18
20689 2
20699 6
20706 9
20707 14
20713 9
20714 11
20720 11
20727 1
20736 7
20738 14
20744 4
20752 6
20759 2
20768 13
20773 21
20777 16
20779 8
20783 18
20784 16
20786 17
20788 10
20790 18
20791 10
20793 12
20801 8
20805 13
20811 5
20818 16
20820 4
20826 7
20828 16
20830 2
20840 17
20842 11
20849 11
20856 6
20863 9
20864 7
20866 3
20872 19
20874 17
20876 3
20883 5
20889 17
20891 11
20897 12
20903 18
20904 11
20911 9
20912 21
20916 12
20923 12
20931 11
20937 12
20944 2
20954 10
20957 2
20966 18
20967 14
20972 11
20979 8
20982 21
20986 21
20990 12
20997 8
21000 6
21006 2
21015 15
21017 7
21019 5
21026 8
21030 11
21036 18
21037 13
21043 11
21050 1
21060 18
21061 21
21065 21
21069 11
21075 13
21081 5
21087 17
21089 3
21095 2
21105 20
21107 6
21114 2
21124 11
21131 15
21133 8
21136 11
21142 1
21152 19
21154 17
21156 13
21161 11
21167 17
21169 16
21171 19
21173 20
21175 18
21176 14
21183 13
21188 19
21190 19
21192 9
21193 1
21202 5
21208 4
21216 17
21218 12
21225 17
21227 17
21229 8
21231 14
21238 16
21240 20
21242 8
21245 11
21252 11
21259 14
21266 19
21268 2
21278 21
21282 19
21284 17
21286 13
21291 15
21293 11
21299 7
21301 2
21311 12
21317 20
21319 2
21330 11
21337 12
21344 6
21351 8
21354 14
21359 1
21368 20
21370 10
21372 16
21374 14
21379 2
21389 9
21390 6
21397 12
21404 8
21406 12
21412 8
21415 11
21421 18
21422 5
21429 15
21431 17
21433 6
21441 19
21443 16
21445 3
21452 14
21458 12
21466 13
21472 3
21479 15
21481 12
21488 17
21490 4
21497 10
21498 3
21505 13
21510 14
21516 12
21524 11
21531 5
21538 9
21539 9
21541 12
21548 16
21550 14
21555 12
21563 4
21570 11
21577 10
21579 11
21585 16
21587 11
21593 17
21595 6
21602 19
21604 12
21611 9
21612 7
21614 5
21620 15
21622 16
21624 3
21630 13
21635 4
21642 10
21644 15
21646 7
21649 12
21656 18
21657 14
21663 15
21665 7
21668 18
21669 8
21673 18
21674 13
21680 3
21687 17
21689 8
21692 17
21694 2
21704 17
21706 18
21707 9
21708 14
21714 11
21721 9
21723 11
21729 11
21735 15
21737 2
21748 18
21749 1
21758 11
21765 13
21770 18
21771 3
21777 6
21784 1
21794 2
21803 17
21805 9
21807 10
21809 11
21815 19
21817 18
21818 10
21821 14
21827 3
21834 18
21835 20
21837 12
21844 18
21845 10
21847 19
21849 1
21858 20
21860 15
21862 15
21864 21
21868 12
21875 17
21877 17
21879 7
21882 11
21888 12
21896 20
21898 4
21905 21
21909 11
21915 19
21917 17
21919 17
21921 15
21923 6
21929 19
21931 18
21932 16
21934 18
21935 11
21942 6
21950 13
21955 3
21962 1
21972 11
21979 20
21981 11
21987 6
21995 11
22002 2
22012 5
22019 12
22025 6
22032 18
22033 14
22039 5
22046 18
22047 18
22048 18
22049 10
22052 6
22060 14
22066 8
22069 12
22075 7
22077 15
22079 11
22086 1
22095 10
22097 12
22105 2
22114 19
22116 11
22122 5
22128 10
22130 13
22136 19
22138 21
22142 3
22149 18
22150 7
22153 16
22155 12
22162 12
22168 19
22170 7
22172 21
22176 3
22182 9
22183 6
22190 10
22192 9
22193 18
22194 12
22201 15
22203 11
22209 21
22213 5
22219 17
22221 18
22222 12
22229 1
22238 15
22240 15
22242 1
22252 12
22258 15
22260 6
22266 3
22272 16
22274 2
22284 18
22285 21
22289 11
22295 11
22302 20
22304 19
22306 5
22312 4
22320 14
22325 20
22327 3
22334 9
22335 2
22345 18
22346 5
22352 12
22359 2
22369 18
22370 19
22372 3
22379 7
22381 20
22383 18
22384 20
22386 7
22388 21
22392 18
22393 7
22395 5
22401 5
22408 11
22414 9
22415 15
22417 3
22423 14
22429 9
22431 12
22438 15
22440 11
22447 17
22449 4
22457 14
22463 8
22465 11
22471 9
22473 16
22475 15
22477 11
22484 8
22488 15
22490 13
22495 11
22502 21
22506 11
22512 15
22514 21
22518 16
22520 7
22523 19
22525 7
22528 18
22529 18
22530 18
22531 6
22539 9
22541 16
22543 19
22545 8
22547 9
22549 7
22551 6
22558 19
22560 12
22567 9
22568 18
22569 9
22570 12
22577 2
22586 14
22592 11
22598 18
22599 12
22606 17
22608 12
22615 15
22617 17
22619 18
22620 11
22627 13
22632 9
22633 16
22635 15
22637 12
22644 8
22647 8
22650 6
22657 1
22666 4
22673 11
22679 1
22689 11
22695 17
22697 12
22705 20
22707 13
22712 10
22715 3
22722 1
22732 2
22741 4
22747 18
22748 19
22750 6
22757 9
22759 12
22766 11
22773 13
22778 10
22779 4
22786 15
22788 4
22795 12
22801 11
22808 17
22810 3
22817 12
22824 18
22825 11
22832 18
22833 12
22840 15
22842 3
22849 17
22851 11
22857 10
22859 14
22866 14
22872 10
22875 7
22877 4
22884 11
22890 2
22900 17
22902 20
22904 10
22907 8
22909 6
22916 16
22918 3
22925 16
22927 7
22930 20
22932 11
22938 14
22943 14
22950 14
22956 17
22958 14
22963 9
22964 6
22971 14
22978 6
22986 19
22988 8
22990 20
22992 12
22999 17
23001 10
23003 17
23005 11
23012 8
23016 19
23018 3
23025 12
23032 4
23039 11
23046 3
23052 15
23054 11
23061 9
23063 16
23065 4
23071 1
23080 16
23082 8
23086 19
23088 3
23095 21
23099 12
23105 12
23111 11
23117 2
23127 9
23129 19
23131 3
23138 10
23139 17
23141 18
23142 7
23145 18
23146 2
23156 6
23163 8
23166 21
23170 12
23178 10
23180 20
23182 3
23189 16
23191 12
23198 12
23205 16
23207 11
23214 18
23215 17
23217 16
23219 8
23222 11
23229 10
23230 20
23232 12
23239 2
23248 11
23254 9
23256 9
23258 17
23260 15
23262 11
23269 2
23279 3
23286 17
23288 1
23297 17
23299 13
23304 18
23305 1
23315 13
23320 21
23324 7
23327 11
23334 2
23345 8
23348 15
23350 9
23352 15
23354 11
23360 5
23367 18
23368 10
23369 8
23371 11
23378 5
23384 10
23387 16
23389 17
23391 11
23398 7
23401 18
23402 9
23404 12
23411 8
23414 12
23421 20
23423 6
23431 11
23437 11
23443 7
23445 12
23453 17
23455 19
23457 18
23458 7
23460 2
23469 11
23476 11
23483 18
23484 12
23491 1
23501 3
23508 9
23509 19
23511 16
23513 12
23521 19
23523 19
23525 11
23532 2
23541 17
23543 14
23549 11
23556 14
23563 14
23568 14
23575 2
23585 12
23592 16
23594 19
23596 20
23598 7
23601 11
23607 4
23615 15
23617 18
23618 13
23624 19
23626 18
23627 3
23634 18
23635 6
23642 18
23643 3
23649 11
23655 11
23662 8
23665 9
23667 21
23671 19
23673 8
23676 9
23678 1
23687 13
23692 18
23693 19
23695 7
23698 3
23704 13
23710 14
23716 5
23722 11
23729 8
23732 11
23739 17
23741 4
23749 3
23755 5
23762 16
23764 16
23766 20
23768 10
23770 8
23773 12
23779 20
23781 4
23787 12
23794 10
23797 10
23799 5
23806 5
23813 20
23815 7
23818 10
23820 12
23828 14
23834 13
23839 11
23845 12
23853 11
23859 6
23865 6
23873 15
23875 14
23880 11
23887 12
23895 19
23897 7
23899 17
23901 4
23908 12
23915 10
23918 7
23920 2
23930 16
23932 14
23939 6
23947 10
23949 16
23951 11
23958 8
23961 8
23964 18
23965 19
23967 16
23969 21
23973 4
23979 8
23982 21
23986 12
23992 7
23995 19
23997 12
24004 10
24007 5
24014 17
24016 1
24026 13
24032 13
24038 10
24039 8
24043 7
24045 12
24052 16
24054 2
24063 18
24064 4
24071 20
24073 21
24077 12
24084 12
24091 11
24098 12
24106 14
24111 12
24117 2
24127 12
24135 5
24142 9
24143 11
24149 12
24156 3
24162 2
24172 8
24176 14
24181 11
24188 9
24190 18
24191 18
24192 12
24199 11
24206 12
24212 12
24219 6
24225 18
24226 20
24228 8
24231 13
24236 16
24238 11
24244 8
24247 8
24249 20
24251 18
24252 11
24258 15
24260 4
24268 15
24270 4
24277 18
24278 21
24282 18
24283 20
24285 20
24287 18
24288 11
24295 19
24297 18
24298 20
24300 2
24311 9
24313 21
24317 12
24325 11
24331 18
24332 4
24338 17
24340 11
24346 13
24352 15
24354 8
24357 8
24359 12
24367 18
24368 10
24369 14
24374 9
24375 19
24377 16
24379 20
24381 11
24388 21
24392 10
24393 11
24400 3
24406 15
24408 5
24415 13
24421 14
24427 2
24437 16
24439 12
24447 8
24450 15
24452 8
24455 20
24457 12
24465 1
24474 11
24481 5
24488 11
24495 11
24501 11
24508 12
24514 3
24520 17
24522 17
24524 2
24534 15
24536 11
24543 11
24549 13
24555 4
24563 12
24569 21
24573 19
24575 17
24577 12
24584 13
24590 11
24597 16
24599 17
24601 5
24608 13
24613 16
24615 19
24617 14
24623 2
24633 12
24641 3
24647 16
24649 18
24650 3
24656 12
24663 18
24664 11
24671 11
24678 19
24680 18
24681 11
24687 8
24690 15
24692 2
24703 6
24709 8
24712 18
24713 12
24720 14
24727 20
24729 18
24730 13
24735 13
24741 12
24748 7
24751 13
24757 15
24759 17
24761 5
24768 13
24773 5
24780 2
24790 20
24792 15
24794 11
24800 1
24810 9
24812 20
24814 11
24820 15
24822 14
24829 15
24831 1
24840 12
24847 11
24853 15
24855 9
24856 2
24867 6
24873 8
24875 19
24877 8
24879 20
24881 18
24882 18
24883 10
24884 8
24887 12
24895 2
24905 6
24911 11
24918 14
24924 16
24926 14
24932 10
24935 21
24939 18
24940 13
24945 5
24952 12
24960 5
24967 9
24969 20
24971 18
24972 11
24979 11
24986 10
24988 19
24990 11
24996 7
24998 5
25004 3
25011 3
25018 20
25020 3
25026 17
25028 19
25030 8
25032 21
25036 17
25038 19
25040 13
25045 19
25047 2
25058 14
25065 2
25074 1
25084 19
25086 11
25092 2
25103 12
25110 15
25112 16
25114 18
25115 8
25117 6
25123 7
25126 19
25128 18
25129 11
25135 4
25141 21
25145 18
25146 16
25148 5
25155 14
25161 17
25163 17
25165 21
25169 17
25171 11
25177 8
25180 1
25190 13
25195 13
25200 5
25206 17
25208 7
25211 5
25218 8
25222 5
25228 12
25234 6
25240 6
25248 14
25254 17
25256 8
25259 1
25269 12
25276 11
25282 11
25289 20
25291 5
25298 10
25299 3
25305 18
25306 11
25313 13
25318 11
25324 8
25328 9
25329 16
25331 12
25337 5
25344 20
25346 6
25354 11
25360 17
25362 12
25369 10
25371 14
25378 2
25388 19
25390 8
25392 7
25394 20
25396 10
25397 19
25399 11
25405 1
25415 13
25420 13
25425 11
25432 21
25436 18
25437 13
25443 20
25445 6
25452 7
25454 11
25460 1
25470 17
25472 17
25474 11
25480 16
25482 10
25483 16
25485 18
25486 11
25493 18
25494 16
25496 16
25498 9
25499 21
25503 16
25505 5
25512 3
25518 16
25520 12
25527 12
25534 12
25540 3
25546 12
25554 12
25561 16
25563 18
25564 4
25572 12
25579 8
25582 19
25584 19
25586 11
25592 2
25602 6
25608 14
25613 1
25622 11
25628 1
25637 17
25639 16
25641 18
25642 12
25650 10
25652 21
25656 16
25658 11
25664 17
25666 9
25668 8
25672 11
25678 19
25680 18
25681 11
25687 21
25691 12
25697 9
25698 18
25699 14
25705 12
25712 13
25718 12
25724 20
25726 1
25736 5
25742 17
25744 11
25751 12
25758 16
25760 17
25762 4
25770 15
25772 11
25779 20
25781 4
25789 12
25796 14
25803 12
25810 4
25818 17
25820 9
25821 21
25825 21
25829 10
25832 5
25838 14
25844 3
25851 18
25852 4
25859 13
25864 20
25866 7
25868 20
25870 20
25872 7
25875 17
25877 9
25878 16
25880 13
25886 11
25892 7
25894 12
25901 18
25902 18
25903 11
25910 9
25911 16
25913 18
25914 2
25924 19
25926 1
25935 11
25942 11
25949 4
25957 14
25964 11
25970 21
25974 15
25976 18
25977 1
25987 10
25988 6
25995 11
26001 8
26003 17
26005 9
26006 20
26008 9
26010 12
26018 8
26020 1
26029 17
26031 20
26033 11
26039 5
26046 12
26054 3
26060 18
26061 21
26065 2
26075 17
26077 12
26084 11
26090 16
26092 18
26093 15
26095 16
26097 10
26098 15
26100 6
26107 12
26115 16
26117 15
26119 21
26123 11
26129 21
26133 11
26139 9
26141 3
26147 16
26149 9
26150 10
26153 3
26160 12
26167 21
26171 18
26172 8
26176 10
26177 8
26181 18
26182 17
26184 10
26187 12
26194 13
26199 7
26201 12
26207 20
26209 15
26211 16
26213 12
26220 11
26226 12
26233 4
26239 4
26246 13
26251 10
26252 13
26258 10
26259 20
26261 17
26263 3
26269 2
26280 9
26282 9
26284 14
26290 4
26296 20
26298 10
26300 18
26301 2
26311 16
26313 4
26320 11
26326 15
26328 7
26331 3
26338 11
26345 18
26346 7
26349 10
26351 3
26357 6
26364 19
26366 10
26369 12
26377 14
26383 15
26385 12
26393 4
26400 6
26407 17
26409 18
26410 15
26412 11
26418 20
26420 13
26425 17
26427 14
26432 18
26433 16
26435 3
26441 14
26447 12
26454 20
26456 18
26457 15
26459 16
26461 5
26467 19
26469 12
26476 11
26483 6
26490 15
26492 18
26493 7
26496 1
26505 7
26507 12
26514 19
26516 12
26522 8
26525 10
26527 1
26537 7
26539 14
26545 11
26551 3
26558 6
26565 14
26570 1
26580 13
26585 12
26592 13
26597 7
26600 4
26608 10
26610 16
26612 14
26618 13
26623 15
26625 10
26627 12
26633 13
26638 21
26642 12
26648 11
26655 17
26657 19
26659 16
26661 20
26663 12
26669 8
26673 20
26675 3
26681 14
26688 9
26690 15
26692 4
26699 13
26705 12
26712 11
26719 3
26726 19
26728 6
26735 14
26741 5
26747 11
26753 11
26759 18
26760 12
26766 13
26771 11
26778 9
26779 17
26781 10
26784 7
26787 11
26793 16
26795 21
26799 17
26801 11
26808 9
26810 1
26820 10
26822 11
26828 16
26830 6
26837 13
26842 12
26849 4
26856 15
26858 9
26859 3
26865 18
26866 12
26872 6
26880 11
26887 13
26893 18
26894 18
26895 18
26896 19
26898 20
26900 4
26907 10
26910 13
26915 5
26921 17
26923 16
26925 3
26931 11
26938 18
26939 18
26940 15
26942 14
26949 10
26952 5
26959 20
26961 14
26967 17
26969 19
26971 1
26980 3
26986 12
26994 14
27001 15
27003 15
27005 9
27007 4
27013 19
27015 8
27019 14
27025 14
27032 11
27038 11
27045 13
27050 10
27052 18
27053 10
27054 19
27056 6
27064 5
27070 17
27072 13
27077 17
27079 18
27080 13
27086 4
27093 15
27095 5
27101 10
27102 1
27112 4
27118 3
27124 18
27125 1
27134 6
27140 21
27144 4
27150 7
27152 17
27154 11
27161 2
27171 9
27173 18
27174 12
27181 5
27188 1
27197 17
27199 6
27205 1
27215 7
27218 10
27219 8
27222 2
27232 11
27239 2
27248 16
27250 21
27254 16
27256 12
27262 15
27264 20
27266 8
27269 17
27271 19
27273 6
27281 8
27284 7
27286 3
27292 16
27294 16
27296 18
27297 6
27303 18
27304 20
27306 3
27312 9
27314 19
27316 10
27318 12
27326 7
27328 11
27335 5
27342 12
27349 1
27358 17
27360 15
27362 11
27369 15
27371 17
27373 4
27379 11
27386 10
27387 12
27394 8
27397 9
27399 20
27401 19
27403 5
27409 7
27412 12
27419 12
27425 13
27430 11
27437 1
27446 3
27452 1
27461 11
27468 8
27471 7
27473 9
27474 15
27476 20
27478 19
27480 9
27481 16
27483 10
27484 2
27493 8
27497 13
27502 18
27503 12
27510 19
27512 3
27518 19
27520 15
27522 8
27525 3
27531 6
27538 18
27539 3
27546 8
27550 8
27552 5
27558 10
27560 20
27562 19
27564 17
27566 9
27568 12
27576 6
27583 3
27589 12
27595 4
27601 7
27604 21
27608 3
27615 1
27625 13
27631 7
27634 8
27637 19
27639 3
27645 12
27652 11
27659 11
27666 2
27675 15
27677 20
27679 3
27685 2
27696 9
27698 10
27701 5
27708 21
27712 5
27719 1
27728 5
27735 11
27741 8
27744 19
27746 15
27748 1
27758 19
27760 20
27762 7
27765 14
27770 9
27771 16
27773 11
27780 1
27790 11
27797 1
27806 7
27808 19
27810 18
27811 12
27819 18
27820 2
27831 13
27837 6
27844 9
27845 3
27851 10
27852 12
27860 7
27862 16
27864 12
27871 1
27880 1
27890 13
27896 8
27900 5
27906 18
27907 2
27917 6
27923 11
27930 21
27934 21
27938 2
27948 15
27950 11
27957 21
27961 2
27971 5
27977 7
27980 11
27987 4
27993 18
27994 20
27996 11
28002 18
28003 12
28011 12
28019 18
28020 14
28027 19
28029 13
28035 18
28036 10
28039 11
28045 15
28047 11
28054 12
28061 7
28063 18
28064 4
28071 8
28074 4
28082 17
28084 5
28090 12
28097 6
28104 21
28108 13
28113 20
28115 7
28118 20
28120 19
28122 16
28124 8
28127 12
28133 8
28136 11
28143 11
28149 5
28155 18
28156 10
28158 4
28164 6
28170 18
28171 11
28178 6
28185 18
28186 7
28189 4
28196 6
28202 12
28209 6
28216 20
28218 4
28225 12
28231 18
28232 21
28236 16
28238 5
28244 9
28245 15
28247 6
28255 15
28257 11
28263 10
28266 12
28273 21
28277 16
28279 1
28289 8
28293 10
28295 4
28301 20
28303 12
28310 5
28317 14
28324 3
28330 10
28332 14
28337 7
28340 7
28342 18
28343 16
28345 18
28346 11
28353 14
28360 21
28364 4
28371 19
28373 19
28375 17
28377 17
28379 17
28381 10
28382 7
28385 6
28393 3
28400 11
28406 5
28413 11
28419 5
28425 19
28427 5
28433 2
28444 5
28450 2
28460 9
28461 5
28468 19
28470 18
28471 2
28481 12
28487 6
28494 12
28500 11
28506 11
28513 6
28521 18
28522 13
28527 1
28537 16
28539 8
28542 16
28544 8
28546 14
28551 14
28557 18
28558 16
28560 11
28567 16
28569 1
28578 7
28580 12
28586 13
28592 20
28594 11
28600 19
28602 12
28608 3
28615 8
28619 15
28621 12
28628 7
28631 17
28633 6
28640 2
28650 4
28657 11
28663 20
28665 7
28668 16
28670 21
28674 14
28681 6
28689 2
28699 17
28701 8
28703 1
28712 9
28713 14
28718 3
28724 9
28726 1
28736 9
28738 11
28745 15
28747 19
28749 16
28751 18
28752 11
28758 18
28759 18
28760 16
28762 11
28769 7
28771 12
28778 16
28780 10
28781 9
28783 16
28785 12
28793 17
28795 16
28797 19
28799 7
28802 11
28808 11
28814 13
28820 6
28828 8
28830 19
28832 1
28842 9
28843 8
28846 5
28853 9
28854 16
28856 16
28858 13
28863 6
28869 6
28875 21
28879 9
28880 3
28886 8
28889 11
28895 8
28898 11
28904 10
28906 11
28912 12
28919 13
28925 12
28932 16
28934 18
28935 16
28937 20
28939 7
28941 12
28948 12
28954 11
28960 6
28967 2
28977 10
28980 12
28987 17
28989 21
28993 11
28999 4
29006 1
29016 7
29019 12
29027 11
29033 10
29036 20
29038 16
29040 20
29042 1
29052 17
29054 17
29056 7
29058 19
29060 18
29061 3
29068 19
29070 12
29077 2
29088 10
29090 13
29096 8
29098 1
29108 20
29110 16
29112 6
29118 7
29120 20
29122 12
29129 11
29136 19
29138 12
29145 21
29149 5
29155 6
29162 13
29167 15
29169 6
29176 11
29182 18
29183 3
29189 21
29193 18
29194 2
29204 19
29206 19
29208 4
29216 11
29222 1
29231 10
29232 20
29234 3
29241 21
29245 11
29251 11
29258 17
29260 11
29267 11
29274 16
29276 20
29278 16
29280 16
29282 8
29286 5
29293 12
29299 18
29300 18
29301 6
29309 19
29311 12
29317 3
29324 11
29331 11
29337 3
29343 6
29350 11
29356 8
29358 11
29365 3
29371 12
29378 20
29380 13
29385 12
29391 8
29393 20
29395 18
29396 18
29397 20
29399 11
29406 17
29408 12
29415 16
29417 15
29419 17
29421 11
29428 20
29430 11
29436 5
29443 8
29446 3
29453 18
29454 11
29461 1
29471 18
29472 9
29473 18
29474 12
29481 12
29487 9
29488 5
29495 20
29497 4
29504 15
29506 18
29507 8
29509 12
29515 13
29520 18
29521 6
29527 2
29537 11
29543 8
29546 8
29548 10
29549 9
29550 15
29552 19
29554 7
29556 9
29558 16
29560 9
29562 18
29563 19
29565 7
29568 21
29572 15
29574 10
29577 11
29584 20
29586 3
29593 14
29600 20
29602 14
29609 12
29616 13
29621 11
29627 16
29629 18
29630 20
29632 17
29634 16
29636 2
29647 21
29651 15
29653 1
29663 11
29669 13
29675 17
29677 12
29684 11
29691 7
29693 10
29696 18
29697 12
29703 20
29705 18
29706 11
29713 11
29720 11
29726 12
29733 14
29738 3
29744 16
29746 19
29748 13
29753 4
29759 12
29767 5
29773 8
29777 18
29778 18
29779 9
29780 9
29782 5
29788 15
29790 11
29796 8
29798 1
29808 21
29812 14
29818 3
29824 16
29826 12
29833 1
29842 15
29844 19
29846 11
29853 17
29855 14
29861 12
29868 9
29870 20
29872 21
29876 2
29886 16
29888 4
29894 11
29901 7
29903 1
29912 11
29918 14
29923 5
29929 19
29931 19
29933 11
29940 12
29947 19
29949 12
29956 7
29958 5
29964 21
29968 10
29970 9
29972 11
29978 9
29980 17
29982 12
29989 15
29991 6
29999 5
30005 4
30013 12
30021 16
30023 12
30029 12
30037 21
30041 12
30048 2
30059 6
30067 2
30077 18
30078 19
30080 7
30082 11
30089 15
30091 18
30092 15
30094 12
30101 20
30103 8
30105 12
30112 16
30114 16
30116 17
30118 15
30120 14
30125 14
30131 17
30133 18
30134 7
30137 2
30147 2
30157 17
30159 9
30161 10
30163 19
30165 16
30167 15
30169 10
30171 5
30177 3
30183 8
30186 21
30190 11
30196 3
30202 11
30208 3
30214 1
30223 16
30225 19
30227 12
30234 11
30240 11
30247 10
30249 21
30253 7
30255 10
30256 20
30258 12
30266 5
30272 12
30280 11
30287 11
30293 21
30297 21
30301 9
30303 17
30305 12
30311 20
30313 8
30315 7
30318 2
30327 11
30333 11
30339 12
30346 16
30348 11
30355 1
30365 7
30368 6
30375 11
30381 7
30384 12
30391 1
30400 19
30402 4
30410 17
30412 7
30415 3
30421 11
30427 12
30434 7
30437 20
30439 16
30441 1
30450 15
30452 15
30454 12
30461 18
30462 12
30470 1
30480 17
30482 18
30483 5
30489 20
30491 4
30498 12
30506 7
30508 15
30510 15
30512 11
30518 15
30520 20
30522 1
30531 4
30538 11
30544 12
30551 19
30553 15
30555 4
30562 18
30563 9
30565 8
30568 12
30574 12
30581 8
30583 5
30590 14
30597 14
30604 18
30605 19
30607 17
30609 11
30616 16
30618 12
30625 15
30627 12
30635 12
30642 11
30649 15
30651 7
30653 15
30655 12
30662 21
30666 18
30667 11
30674 20
30676 8
30678 12
30684 11
30691 12
30698 17
30700 17
30702 12
30709 8
30712 8
30715 17
30717 12
30723 17
30725 15
30727 5
30733 21
30737 11
30744 20
30746 14
30752 10
30754 12
30761 12
30767 14
30773 6
30780 21
30784 12
30791 12
30797 7
30799 3
30806 11
30812 16
30814 15
30816 11
30823 15
30825 8
30828 12
30834 2
30844 17
30846 18
30847 8
30850 14
30856 12
30863 5
30869 20
30871 12
30879 1
30889 9
30890 7
30893 17
30895 15
30897 18
30898 9
30899 12
30907 2
30916 4
30922 12
30930 12
30936 2
30945 20
30947 12
30955 11
30961 5
30968 20
30970 10
30971 9
30972 15
30974 17
30976 12
30982 14
30988 16
30990 2
30999 2
31009 11
31016 5
31022 3
31029 17
31031 14
31036 11
31042 12
31050 19
31052 19
31054 7
31056 16
31058 12
31065 2
31075 5
31082 16
31084 4
31090 11
31096 18
31097 6
31103 9
31105 5
31112 12
31120 4
31127 17
31129 12
31137 10
31140 2
31150 12
31157 18
31158 9
31159 1
31168 1
31178 1
31188 13
31193 11
31199 13
31205 14
31210 15
31212 13
31218 2
31227 9
31229 16
31231 12
31238 16
31240 5
31246 11
31253 11
31260 13
31265 10
31267 1
31277 11
31283 16
31285 18
31286 8
31288 10
31291 18
31292 11
31298 1
31307 21
31311 12
31318 18
31319 14
31325 21
31329 1
31339 17
31341 9
31342 7
31345 13
31350 15
31352 3
31359 15
31361 11
31368 12
31375 5
31381 19
31383 13
31388 1
31397 11
31403 16
31405 17
31407 16
31409 12
31415 2
31426 17
31428 4
31435 18
31436 18
31437 11
31444 5
31450 17
31452 19
31454 8
31457 11
31463 18
31464 6
31471 18
31472 5
31479 15
31481 18
31482 12
31489 5
31495 21
31499 5
31505 3
31511 9
31513 9
31514 21
31518 21
31522 5
31528 12
31536 13
31542 9
31543 11
31550 10
31552 3
31559 15
31561 13
31566 12
31573 15
31575 5
31581 18
31582 12
31588 7
31590 7
31592 14
31598 3
31605 5
31611 18
31612 16
31614 20
31616 8
31619 2
31628 3
31634 11
31641 11
31648 21
31652 6
31659 10
31662 19
31664 8
31668 3
31675 17
31677 6
31684 21
31688 11
31694 21
31698 9
31699 12
31705 14
31710 21
31714 1
31724 16
31726 8
31729 5
31736 9
31737 12
31743 6
31750 16
31752 4
31759 4
31767 16
31769 6
31776 16
31778 21
31782 5
31788 11
31794 13
31799 11
31805 1
31815 11
31822 6
31830 12
31838 7
31841 8
31845 18
31846 13
31851 8
31853 14
31860 6
31867 11
31873 6
31879 11
31886 6
31894 2
31905 10
31906 3
31913 7
31915 8
31918 18
31919 18
31920 10
31923 18
31924 20
31926 12
31934 6
31942 7
31944 2
31954 19
31956 11
31963 2
31973 20
31975 18
31976 5
31982 12
31989 15
31991 6
31998 4
32005 4
32012 19
32014 18
32015 15
32017 8
32021 18
32022 15
32024 14
32030 11
32037 3
32044 16
32046 18
32047 11
32054 1
32063 13
32068 17
32070 15
32072 16
32074 15
32076 19
32078 7
32080 12
32087 1
32097 9
32098 13
32103 11
32110 6
32117 6
32123 14
32130 5
32137 6
32144 10
32146 14
32152 13
32157 8
32160 20
32162 3
32168 15
32170 12
32177 6
32185 18
32186 21
32190 13
32195 20
32197 12
32203 9
32204 11
32210 9
32212 4
32219 19
32221 4
32228 6
32236 20
32238 3
32244 12
32250 17
32252 12
32259 12
32267 8
32270 12
32278 11
32285 5
32291 20
32293 18
32294 11
32301 18
32302 16
32304 11
32310 19
32312 9
32313 11
32320 18
32321 13
32326 10
32327 11
32334 18
32335 8
32338 18
32339 15
32341 11
32347 4
32354 1
32363 7
32365 21
32369 2
32379 10
32381 21
32385 10
32387 5
32394 12
32402 11
32408 19
32410 16
32412 14
32418 4
32425 14
32431 17
32433 20
32435 2
32444 17
32446 14
32452 20
32454 5
32461 13
32467 19
32469 2
32479 6
32487 11
32494 7
32497 8
32501 19
32503 13
32509 14
32515 11
32521 1
32530 15
32532 9
32533 8
32536 17
32538 1
32547 8
32550 9
32552 10
32554 5
32561 15
32563 14
32569 11
32575 4
32583 1
32593 15
32595 12
32602 13
32608 9
32610 17
32612 21
32616 11
32622 9
32624 10
32626 1
32636 11
32642 3
32649 11
32656 12
32662 20
32664 2
32674 16
32676 15
32678 1
32688 12
32694 7
32696 8
32699 18
32700 16
32702 5
32708 14
32714 12
32720 11
32726 10
32728 12
32735 8
32737 12
32744 20
32746 11
32752 21
32756 19
32758 4
32766 16
32768 20
32770 13
32775 14
32781 12
32788 21
32792 4
32799 16
32801 11
32807 15
32809 20
32811 2
32821 16
32823 12
32831 14
32837 17
32839 10
32840 12
32847 11
32853 11
32859 4
32867 18
32868 5
32874 12
32880 9
32881 12
32889 4
32896 18
32897 12
32904 12
32911 11
32918 4
32924 11
32931 2
32941 11
32948 11
32955 2
32965 15
32967 6
32974 11
32980 10
32983 1
32993 9
32995 3
33001 11
33008 18
33009 11
33015 9
33017 4
33023 13
33028 10
33029 21
33033 14
33039 10
33041 15
33043 21
33047 12
33055 10
33058 12
33065 10
33068 6
33075 9
33077 4
33085 21
33089 11
33096 4
33103 21
33107 11
33114 11
33120 17
33122 10
33124 8
33127 3
33133 14
33139 12
33145 2
33156 4
33164 1
33174 3
33180 18
33181 4
33188 11
33194 19
33196 17
33198 2
33207 12
33214 5
33221 6
33227 7
33229 15
33231 11
33237 7
33240 16
33242 1
33252 20
33254 5
33261 15
33263 8
33265 14
33271 11
33277 6
33285 12
33292 18
33293 2
33303 17
33305 19
33307 16
33309 9
33311 10
33313 19
33315 12
33323 2
33333 15
33335 10
33337 3
33343 1
33352 9
33353 16
33355 2
33365 17
33367 18
33368 21
33372 9
33374 5
33381 13
33387 17
33389 4
33396 18
33397 12
33404 1
33413 20
33415 10
33417 12
33424 7
33426 19
33428 14
33433 2
33443 20
33445 3
33452 7
33454 2
33464 2
33475 15
33477 3
33484 8
33487 6
33495 2
33505 2
33515 10
33517 9
33518 7
33520 16
33522 6
33530 2
33540 16
33542 7
33545 12
33551 11
33557 21
33561 21
33565 7
33567 11
33573 4
33580 8
33583 19
33585 9
33586 7
33589 18
33590 7
33592 11
33598 11
33605 12
33612 18
33613 11
33620 7
33622 19
33624 8
33626 11
33632 16
33634 10
33637 12
33644 5
33651 12
33657 11
33664 18
33665 11
33672 5
33678 18
33679 20
33681 6
33688 10
33689 13
33695 2
33705 14
33712 18
33713 7
33716 5
33722 11
33728 13
33733 11
33739 4
33746 6
33754 3
33760 3
33766 11
33773 15
33775 7
33777 17
33779 19
33781 21
33785 18
33786 14
33793 7
33795 20
33797 12
33804 20
33806 15
33808 20
33810 14
33816 2
33825 4
33832 11
33839 5
33846 1
33855 5
33862 17
33864 19
33866 18
33867 12
33874 16
33876 19
33878 21
33882 11
33889 15
33891 13
33897 19
33899 1
33909 15
33911 8
33915 9
33916 18
33917 5
33924 18
33925 6
33933 13
33939 6
33946 13
33952 18
33953 19
33955 9
33956 11
33963 9
33964 16
33966 14
33973 18
33974 11
33981 21
33985 7
33988 7
33990 19
33992 14
33998 11
34005 9
34006 21
34010 5
34016 5
34022 20
34024 18
34025 12
34033 12
34041 17
34043 7
34045 18
34046 11
34053 18
34054 1
34064 18
34065 14
34070 11
34077 8
34081 16
34083 11
34090 16
34092 11
34098 13
34103 14
34108 10
34109 18
34110 11
34117 18
34118 15
34120 18
34121 16
34123 13
34129 6
34136 3
34142 19
34144 17
34146 18
34147 9
34148 17
34150 3
34156 13
34162 12
34169 5
34176 4
34182 10
34183 11
34189 9
34190 16
34192 2
34201 3
34208 11
34214 2
34225 3
34232 10
34234 10
34236 9
34238 12
34246 15
34248 4
34255 18
34256 17
34258 19
34260 4
34266 18
34267 2
34276 18
34277 11
34283 18
34284 9
34286 21
34290 8
34292 16
34294 13
34299 18
34300 6
34306 3
34313 21
34317 21
34321 10
34323 12
34330 8
34332 14
34338 7
34341 18
34342 7
34345 14
34352 11
34359 9
34361 19
34363 18
34364 18
34365 21
34369 17
34371 13
34376 17
34378 8
34381 7
34384 7
34386 7
34389 21
34393 6
34399 4
34405 19
34407 18
34408 3
34415 16
34417 7
34420 17
34422 10
34423 11
34430 8
34434 4
34441 10
34443 11
34449 19
34451 11
34457 11
34463 10
34464 9
34465 3
34472 8
34475 6
34481 8
34484 12
34490 9
34491 11
34497 11
34504 13
34510 11
34517 9
34518 21
34522 12
34529 4
34535 20
34537 11
34543 2
34553 12
34561 2
34571 9
34573 15
34575 11
34581 15
34583 1
34593 11
34599 14
34604 12
34612 17
34614 8
34617 18
34618 15
34620 11
34626 12
34633 12
34639 6
34646 2
34656 11
34662 15
34664 9
34666 6
34672 8
34674 9
34676 5
34683 15
34685 6
34691 5
34698 1
34708 20
34710 18
34711 7
34714 13
34720 11
34727 11
34734 11
34741 18
34742 10
34744 18
34745 18
34746 11
34752 20
34754 8
34756 3
34763 21
34767 18
34768 9
34769 12
34775 16
34777 18
34778 21
34782 6
34788 18
34789 12
34796 11
34802 4
34809 5
34815 5
34822 5
34828 14
34835 14
34842 16
34844 16
34846 20
34848 12
34855 2
34865 17
34867 6
34875 11
34882 18
34883 8
34886 1
34896 17
34898 12
34905 11
34912 17
34914 17
34916 3
34922 15
34924 20
34926 7
34929 9
34931 5
34938 5
34945 18
34946 12
34952 20
34954 10
34956 7
34958 11
34965 9
34967 10
34968 2
34979 1
34989 11
34996 12
35003 5
35010 20
35012 21
35016 4
35023 16
35025 3
35031 2
35042 7
35045 11
35052 11
35059 5
35066 8
35069 8
35073 15
35075 12
35082 19
35084 11
35091 11
35097 12
35104 13
35109 2
35120 1
35130 21
35134 16
35136 7
35138 1
35148 21
35152 10
35155 15
35157 3
35164 18
35165 10
35167 19
35169 14
35175 4
35181 17
35183 11
35190 11
35196 21
35200 5
35207 5
35214 6
35221 13
35227 1
35236 18
35237 12
35243 11
35250 12
35256 10
35258 11
35264 11
35270 17
35272 2
35282 20
35284 11
35291 20
35293 10
35294 11
35301 5
35308 15
35310 2
35319 11
35325 4
35331 12
35339 7
35342 11
35349 7
35352 18
35353 10
35354 18
35355 7
35358 14
35364 11
35371 21
35375 13
35381 8
35384 8
35387 8
35390 2
35400 15
35402 17
35404 7
35406 6
35414 14
35419 1
35429 12
35436 5
35443 15
35445 14
35451 10
35452 13
35457 4
35465 18
35466 10
35468 12
35475 3
35481 4
35488 15
35490 9
35491 21
35495 14
35502 9
35503 13
35508 12
35515 18
35516 12
35524 6
35530 6
35536 2
35546 15
35548 4
35555 19
35557 11
35563 15
35565 9
35566 17
35568 18
35569 12
35577 16
35579 12
35586 21
35590 21
35594 16
35596 21
35600 7
35603 13
35608 20
35610 1
35620 8
35624 15
35626 13
35631 14
35636 10
35637 21
35641 6
35649 15
35651 14
35657 12
35664 12
35672 8
35674 17
35676 7
35679 13
35685 1
35695 15
35697 10
35699 4
35705 3
35711 18
35712 15
35714 11
35720 7
35722 6
35728 11
35734 7
35737 12
35744 2
35754 11
35760 11
35766 12
35772 5
35778 16
35780 11
35787 9
35789 3
35796 7
35799 16
35801 9
35803 17
35805 12
35812 19
35814 8
35818 11
35824 2
35833 9
35834 18
35835 12
35843 17
35845 11
35852 5
35859 18
35860 18
35861 17
35863 18
35864 11
35871 17
35873 9
35874 20
35876 11
35882 12
35888 7
35891 7
35893 5
35900 17
35902 12
35908 16
35910 11
35916 15
35918 11
35924 21
35928 15
35930 18
35931 18
35932 17
35934 11
35941 21
35945 9
35947 14
35953 11
35960 12
35966 16
35968 12
35975 2
35985 13
35990 12
35998 13
36004 4
36011 4
36019 18
36020 13
36026 4
36033 17
36035 10
36037 20
36039 11
36045 11
36052 17
36054 1
36063 16
36065 21
36069 18
36070 7
36072 3
36078 10
36080 13
36086 7
36089 2
36099 11
36106 1
36115 7
36118 18
36119 11
36125 4
36131 20
36133 15
36135 13
36140 5
36147 13
36153 11
36159 12
36165 16
36167 18
36168 8
36171 9
36173 17
36175 12
36182 11
36189 10
36192 7
36195 2
36205 21
36209 21
36213 12
36220 3
36227 18
36228 19
36230 12
36238 1
36248 18
36249 11
36256 9
36258 8
36260 6
36268 12
36276 2
36286 10
36289 11
36296 6
36302 1
36312 4
36318 11
36324 12
36330 1
36340 6
36346 11
36353 9
36355 11
36361 13
36367 19
36369 6
36376 4
36383 10
36384 7
36387 12
36394 2
36404 6
36411 11
36417 11
36424 15
36426 21
36430 6
36436 20
36438 12
36446 12
36453 12
36460 3
36467 19
36469 13
36475 12
36482 14
36487 17
36489 11
36495 19
36497 10
36499 4
36507 5
36514 4
36521 12
36528 10
36530 12
36536 15
36538 14
36543 3
36550 13
36556 11
36562 10
36563 21
36567 14
36573 20
36575 20
36577 11
36583 12
36590 18
36591 15
36593 13
36599 15
36601 21
36605 8
36608 12
36614 2
36624 14
36630 3
36637 3
36643 17
36645 3
36651 9
36652 12
36658 16
36660 20
36662 16
36664 18
36665 21
36669 11
36676 9
36678 11
36685 13
36690 8
36692 1
36702 11
36708 11
36714 13
36719 5
36725 12
36732 11
36739 12
36745 18
36746 11
36752 15
36754 10
36757 3
36764 4
36770 2
36779 18
36780 13
36785 20
36787 20
36789 18
36790 12
36798 7
36800 11
36807 10
36810 20
36812 13
36818 13
36823 1
36833 19
36835 21
36839 5
36846 7
36849 18
36850 14
36856 11
36862 20
36864 14
36870 8
36873 12
36879 14
36885 13
36891 15
36893 18
36894 10
36897 20
36899 10
36900 11
36906 17
36908 1
36918 12
36925 9
36926 11
36932 5
36939 17
36941 13
36947 8
36951 4
36958 9
36960 10
36962 2
36971 1
36980 8
36982 16
36984 20
36986 18
36987 15
36989 16
36991 20
36993 13
36998 19
37000 21
37004 11
37010 12
37016 6
37023 14
37030 8
37033 3
37039 20
37041 1
37050 21
37054 13
37059 11
37065 13
37071 13
37077 10
37080 16
37082 3
37089 15
37091 2
37102 15
37104 12
37111 12
37118 18
37119 18
37120 15
37122 15
37124 11
37130 13
37136 11
37143 11
37149 11
37156 14
37162 11
37169 11
37176 14
37181 6
37187 6
37194 9
37196 17
37198 11
37204 11
37210 3
37217 11
37223 10
37226 6
37232 12
37239 11
37246 19
37248 15
37250 20
37252 16
37254 19
37256 19
37258 20
37260 21
37264 11
37271 12
37277 14
37283 11
37289 3
37296 11
37302 9
37303 11
37310 6
37318 7
37320 1
37329 6
37335 11
37341 20
37343 6
37350 6
37356 20
37358 3
37365 13
37370 16
37372 20
37374 15
37376 13
37382 1
37391 11
37397 18
37398 9
37400 18
37401 18
37402 9
37403 14
37410 18
37411 6
37419 21
37423 21
37427 11
37434 21
37438 5
37444 19
37446 17
37448 17
37450 4
37457 11
37463 9
37465 3
37472 12
37479 14
37486 14
37492 4
37500 15
37502 18
37503 3
37509 11
37516 18
37517 11
37523 11
37529 19
37531 13
37536 9
37537 7
37539 17
37541 2
37552 3
37559 5
37566 15
37568 4
37574 11
37580 13
37585 11
37591 13
37596 5
37602 11
37608 17
37610 12
37616 9
37618 7
37620 13
37626 20
37628 5
37635 6
37643 19
37645 21
37649 10
37651 21
37655 4
37662 13
37668 21
37672 18
37673 12
37680 14
37687 8
37691 4
37699 4
37705 19
37707 6
37714 4
37721 6
37728 3
37734 19
37736 17
37738 13
37744 8
37747 15
37749 13
37754 12
37761 8
37765 20
37767 20
37769 13
37774 6
37782 13
37787 18
37788 6
37794 5
37800 4
37808 18
37809 5
37816 11
37822 7
37824 8
37826 9
37828 12
37835 17
37837 10
37839 5
37846 11
37852 20
37854 12
37861 4
37868 11
37875 10
37878 8
37880 19
37882 2
37893 1
37903 8
37907 2
37918 2
37928 8
37931 19
37933 11
37940 9
37941 11
37947 12
37954 20
37956 18
37957 11
37963 15
37965 5
37971 11
37977 11
37983 1
37992 19
37994 11
38001 16
38003 20
38005 11
38012 10
38013 19
38015 12
38022 11
38028 11
38034 12
38041 18
38042 17
38044 8
38047 11
38054 11
38060 10
38062 12
38070 15
38072 11
38079 5
38085 11
38091 11
38098 15
38100 21
38104 8
38107 15
38109 11
38116 6
38122 21
38126 12
38133 1
38143 10
38144 9
38145 2
38155 4
38162 6
38169 9
38170 16
38172 15
38174 18
38175 18
38176 13
38181 10
38183 11
38189 15
38191 11
38197 3
38204 4
38212 6
38218 10
38219 19
38221 17
38223 13
38228 6
38235 7
38238 16
38240 18
38241 10
38244 4
38252 11
38259 12
38266 9
38267 12
38275 15
38277 15
38279 6
38287 21
38291 11
38297 12
38305 9
38306 12
38313 16
38315 5
38322 18
38323 20
38325 17
38327 10
38328 4
38334 21
38338 11
38344 2
38355 15
38357 14
38362 15
38364 6
38371 12
38379 21
38383 9
38384 17
38386 9
38388 7
38391 9
38392 12
38399 20
38401 11
38408 1
38418 3
38425 11
38431 20
38433 12
38441 11
38448 10
38451 16
38453 11
38460 19
38462 8
38464 4
38471 11
38477 14
38482 1
38492 21
38496 11
38503 11
38510 12
38516 18
38517 17
38519 3
38525 11
38532 9
38534 21
38538 16
38540 11
38547 13
38553 12
38561 18
38562 4
38568 13
38573 1
38583 10
38585 11
38591 21
38595 9
38596 12
38604 13
38610 5
38616 13
38621 17
38623 5
38629 5
38635 14
38641 11
38648 7
38651 12
38658 11
38665 5
38672 21
38676 4
38684 20
38686 19
38688 17
38690 18
38691 9
38692 17
38694 7
38696 5
38703 6
38710 12
38717 10
38718 11
38725 3
38732 12
38738 4
38745 12
38751 12
38757 16
38759 9
38760 8
38763 21
38767 10
38768 18
38769 7
38772 8
38774 16
38776 16
38778 11
38785 11
38792 18
38793 12
38800 11
38806 8
38808 11
38814 9
38815 16
38817 1
38827 21
38831 19
38833 17
38835 4
38843 10
38846 6
38854 12
38862 13
38867 7
38870 4
38877 16
38879 17
38881 12
38888 12
38896 11
38902 20
38904 18
38905 3
38911 11
38918 16
38920 2
38929 15
38931 18
38932 18
38933 5
38939 2
38948 9
38949 5
38955 13
38960 16
38962 6
38969 15
38971 2
38982 18
38983 4
38991 8
38993 2
39003 16
39005 18
39006 18
39007 21
39011 5
39017 16
39019 21
39023 12
39030 5
39037 7
39040 11
39046 8
39049 21
39053 18
39054 18
39055 8
39058 5
39065 13
39070 15
39072 6
39080 2
39089 2
39100 3
39106 8
39108 7
39110 2
39120 12
39128 2
39138 8
39141 21
39145 18
39146 20
39148 1
39157 15
39159 19
39161 7
39164 10
39166 12
39173 18
39174 2
39184 20
39186 3
39192 12
39200 2
39210 3
39216 14
39221 5
39227 11
39234 21
39238 11
39244 7
39247 1
39256 11
39262 13
39268 14
39275 10
39277 5
39283 18
39284 16
39286 3
39293 2
39302 3
39309 10
39311 1
39321 18
39322 12
39330 7
39332 17
39334 18
39335 11
39342 13
39348 6
39354 11
39361 11
39367 12
39373 13
39379 13
39384 12
39391 10
39393 18
39394 12
39401 12
39409 14
39416 8
39419 19
39421 16
39423 2
39433 10
39436 1
39446 2
39456 19
39458 11
39465 11
39471 5
39477 11
39484 17
39486 2
39495 21
39499 12
39506 10
39509 14
39515 12
39522 18
39523 17
39525 6
39532 14
39538 4
39546 21
39550 2
39559 12
39566 11
39572 14
39578 11
39584 13
39590 5
39597 14
39603 16
39605 11
39611 18
39612 6
39619 18
39620 4
39627 11
39634 9
39636 11
39643 20
39645 3
39651 1
39660 6
39666 11
39673 18
39674 4
39682 5
39689 18
39690 12
39697 18
39698 20
39700 18
39701 12
39708 18
39709 11
39715 18
39716 8
39719 11
39726 3
39732 9
39733 11
39740 2
39750 12
39757 11
39763 8
39765 16
39767 18
39768 3
39774 4
39781 5
39787 4
39795 14
39801 19
39803 18
39804 16
39806 8
39810 18
39811 9
39812 21
39816 11
39823 7
39825 11
39831 11
39838 9
39840 6
39846 4
39854 19
39856 11
39862 11
39869 12
39877 16
39879 21
39883 4
39889 3
39895 8
39898 15
39900 1
39910 19
39912 6
39919 15
39921 14
39928 11
39935 3
39941 18
39942 2
39951 19
39953 18
39954 2
39964 13
39969 6
39976 8
39978 2
39988 17
39990 11
39996 12
40002 6
40009 6
40016 6
40022 4
40029 10
40032 18
40033 6
40041 5
40048 15
40050 8
40053 4
40061 10
40063 5
40070 7
40073 2
40083 1
40093 17
40095 15
40097 12
40103 12
40110 21
40114 8
40117 3
40123 12
40131 20
40133 7
40135 16
40137 7
40139 8
40143 11
40150 7
40152 12
40160 9
40162 19
40164 7
40167 1
40177 4
40184 15
40186 9
40188 13
40193 11
40200 17
40202 14
40207 18
40208 7
40211 18
40212 9
40213 21
40217 2
40227 21
40231 18
40232 16
40234 12
40241 18
40242 16
40244 19
40246 1
40255 8
40257 4
40265 4
40272 2
40282 15
40284 18
40285 3
40291 21
40295 12
40301 17
40303 4
40310 15
40312 1
40322 9
40323 17
40325 18
40326 11
40333 20
40335 6
40342 10
40344 11
40350 11
40357 20
40359 6
40366 11
40373 8
40376 19
40378 12
40384 17
40386 3
40393 2
40404 18
40405 20
40407 16
40409 6
40415 20
40417 5
40424 9
40425 20
40427 1
40436 11
40442 4
40449 2
40460 3
40467 13
40472 17
40474 19
40476 18
40477 13
40483 16
40485 6
40492 7
40494 8
40498 12
40506 21
40510 6
40518 4
40525 21
40529 13
40535 12
40541 18
40542 21
40546 17
40548 14
40555 4
40563 17
40565 18
40566 6
40572 20
40574 9
40575 20
40577 2
40587 3
40594 1
40603 3
40609 10
40610 16
40612 15
40614 17
40616 13
40621 8
40623 12
40630 11
40637 15
40639 12
40645 1
40654 15
40656 10
40658 7
40660 20
40662 17
40664 5
40671 6
40678 11
40684 21
40688 4
40696 4
40703 5
40709 18
40710 9
40711 12
40718 19
40720 2
40730 7
40732 3
40738 5
40744 4
40752 6
40760 19
40762 12
40769 10
40771 8
40774 4
40781 18
40782 19
40784 7
40786 11
40793 11
40799 15
40801 15
40803 3
40809 17
40811 7
40813 12
40820 13
40825 19
40827 11
40833 4
40839 11
40845 6
40852 13
40858 16
40860 19
40862 17
40864 12
40872 2
40882 11
40889 11
40896 3
40902 11
40909 4
40915 1
40924 12
40932 10
40934 16
40936 10
40938 18
40939 5
40945 15
40947 7
40950 10
40952 18
40953 18
40954 1
40963 6
40970 8
40973 2
40983 12
40991 11
40998 11
41004 1
41013 11
41019 2
41030 1
41039 12
41046 18
41047 5
41053 13
41059 6
41067 11
41074 6
41081 2
41091 2
41100 16
41102 5
41108 7
41110 12
41117 16
41119 18
41120 17
41122 3
41128 12
41135 2
41144 12
41151 13
41156 18
41157 4
41163 11
41169 18
41170 20
41172 16
41174 11
41181 18
41182 13
41187 21
41191 12
41198 13
41204 20
41206 5
41213 18
41214 12
41221 10
41224 1
41234 9
41236 7
41239 4
41247 12
41254 9
41255 15
41257 16
41259 10
41261 14
41267 3
41274 3
41281 10
41283 21
41287 11
41293 9
41295 14
41301 9
41302 17
41304 7
41307 19
41309 6
41315 19
41317 1
41327 18
41328 8
41332 5
41339 2
41349 6
41355 6
41362 11
41369 15
41371 3
41377 11
41384 11
41391 18
41392 13
41397 8
41400 15
41402 18
41403 11
41410 18
41411 11
41417 17
41419 16
41421 8
41425 18
41426 1
41436 16
41438 20
41440 3
41446 19
41448 10
41451 3
41457 13
41462 1
41472 16
41474 18
41475 21
41479 10
41481 3
41487 3
41493 2
41503 3
41509 5
41515 3
41521 5
41527 6
41534 12
41541 21
41545 9
41547 2
41558 12
41565 7
41568 17
41570 18
41571 9
41573 9
41575 11
41581 4
41588 14
41593 10
41595 15
41597 4
41604 10
41606 12
41614 16
41616 7
41618 16
41620 5
41627 6
41634 10
41636 11
41643 13
41649 19
41651 8
41654 3
41660 1
41670 7
41673 11
41680 4
41687 10
41689 1
41699 9
41701 3
41708 4
41716 7
41719 12
41727 16
41729 11
41736 11
41742 7
41744 8
41748 7
41751 17
41753 8
41757 11
41763 8
41766 5
41772 8
41774 16
41776 13
41781 13
41787 10
41790 11
41797 16
41799 17
41801 5
41808 20
41810 9
41811 8
41813 11
41819 2
41829 7
41831 18
41832 19
41834 5
41841 10
41842 11
41849 21
41853 4
41861 11
41868 11
41875 7
41877 16
41879 16
41881 11
41887 12
41894 9
41895 19
41897 2
41908 8
41911 15
41913 19
41915 18
41916 5
41923 20
41925 2
41934 11
41941 13
41947 17
41949 9
41951 12
41958 15
41960 18
41961 18
41962 12
41970 19
41972 12
41980 6
41987 14
41992 12
41999 8
42002 10
42004 1
42014 5
42020 18
42021 6
42029 1
42038 9
42039 3
42046 12
42054 17
42056 19
42058 15
42060 2
42070 1
42079 8
42082 12
42088 12
42094 11
42101 19
42103 21
42107 16
42109 18
42110 14
42115 10
42118 21
42122 21
42126 12
42132 1
42142 9
42143 19
42145 6
42151 9
42153 11
42160 16
42162 10
42165 12
42173 18
42174 21
42178 5
42185 10
42186 11
42192 1
42202 13
42207 6
42215 11
42221 14
42227 11
42234 11
42241 16
42243 20
42245 2
42256 18
42257 2
42267 17
42269 18
42270 16
42272 12
42278 11
42285 9
42286 15
42288 17
42290 4
42297 8
42301 1
42310 3
42317 21
42321 7
42323 13
42329 18
42330 11
42337 14
42342 12
42350 12
42357 5
42364 16
42366 3
42372 17
42374 16
42376 18
42377 6
42384 4
42391 3
42398 4
42405 5
42412 12
42418 3
42425 9
42427 7
42429 12
42436 7
42438 12
42445 21
42449 1
42459 20
42461 17
42463 5
42470 18
42471 18
42472 9
42473 6
42481 11
42488 17
42490 15
42492 18
42493 3
42499 12
42505 3
42511 9
42513 8
42516 17
42518 8
42521 17
42523 15
42525 11
42532 18
42533 21
42537 20
42539 15
42541 12
42548 16
42550 17
42552 1
42562 6
42568 3
42574 19
42576 5
42582 12
42588 6
42595 4
42603 14
42608 21
42612 18
42613 16
42615 3
42621 11
42628 14
42634 12
42640 6
42647 20
42649 13
42654 16
42656 17
42658 16
42660 2
42671 16
42673 10
42676 17
42678 11
42684 11
42690 15
42692 12
42699 7
42701 18
42702 11
42709 8
42712 13
42717 13
42722 15
42724 21
42728 11
42735 3
42741 7
42744 12
42752 20
42754 16
42756 20
42758 2
42768 16
42770 7
42773 13
42778 19
42780 2
42790 18
42791 21
42795 20
42797 13
42802 8
42806 3
42813 19
42815 14
42822 17
42824 18
42825 12
42832 4
42839 11
42845 2
42855 9
42857 2
42868 2
42878 16
42880 6
42888 18
42889 13
42894 15
42896 9
42897 18
42898 1
42908 15
42910 12
42917 16
42919 11
42925 1
42935 18
42936 21
42940 8
42943 12
42950 9
42951 9
42952 8
42954 11
42961 11
42967 4
42974 5
42980 16
42982 11
42989 10
42990 18
42991 18
42992 7
42994 5
43001 6
43009 5
43015 15
43017 10
43018 1
43027 19
43029 6
43037 4
43044 20
43046 14
43052 20
43054 12
43061 1
43071 19
43073 19
43075 11
43081 18
43082 9
43084 17
43086 2
43096 13
43101 5
43108 5
43115 14
43122 14
43128 19
43130 21
43134 2
43144 18
43145 17
43147 16
43149 11
43155 11
43161 18
43162 3
43169 20
43171 12
43178 11
43184 6
43192 2
43201 18
43202 18
43203 13
43209 7
43212 1
43222 15
43224 8
43228 18
43229 11
43235 11
43241 7
43243 2
43253 1
43263 14
43269 11
43276 11
43282 8
43285 15
43287 3
43293 17
43295 6
43302 13
43307 12
43314 16
43316 5
43323 14
43328 4
43336 11
43343 8
43346 12
43352 14
43359 2
43368 18
43369 9
43370 11
43376 12
43384 9
43386 9
43387 15
43389 5
43396 18
43397 15
43399 9
43400 15
43402 12
43409 16
43411 3
43417 7
43419 21
43423 11
43429 6
43436 1
43446 12
43453 21
43457 2
43467 14
43474 11
43481 5
43487 12
43494 11
43500 12
43507 20
43509 1
43519 11
43525 12
43532 13
43538 18
43539 18
43540 20
43542 11
43549 18
43550 18
43551 20
43553 1
43563 18
43564 6
43571 15
43573 18
43574 13
43579 11
43586 4
43593 11
43600 12
43608 18
43609 11
43616 12
43622 18
43623 6
43630 20
43632 20
43634 12
43641 7
43643 9
43645 12
43652 11
43658 18
43659 1
43669 12
43676 11
43682 15
43684 16
43686 11
43693 11
43700 10
43701 12
43708 18
43709 19
43711 11
43717 4
43724 14
43729 8
43731 6
43738 14
43745 4
43752 7
43754 4
43762 18
43763 8
43766 19
43768 4
43775 6
43781 9
43782 11
43788 16
43790 7
43793 12
43799 6
43805 9
43807 6
43815 14
43820 12
43826 12
43834 12
43841 11
43847 6
43854 1
43863 3
43869 3
43875 18
43876 13
43882 12
43890 20
43892 1
43902 21
43906 8
43909 19
43911 4
43918 4
43925 18
43926 16
43928 9
43929 11
43936 15
43938 14
43944 19
43946 16
43948 11
43955 18
43956 11
43962 14
43969 15
43971 12
43979 6
43986 14
43991 18
43992 3
43998 14
44004 7
44006 4
44013 9
44015 8
44019 19
44021 8
44023 8
44025 17
44027 11
44034 8
44036 7
44038 12
44045 4
44053 4
44059 4
44065 5
44071 7
44073 19
44075 12
44083 20
44085 1
44094 7
44097 11
44103 6
44109 8
44112 5
44119 18
44120 11
44126 10
44128 11
44135 20
44137 3
44144 18
44145 4
44152 5
44158 20
44160 6
44167 9
44169 19
44171 6
44177 21
44181 9
44182 5
44188 15
44190 1
44199 21
44203 2
44213 10
44216 12
44222 20
44224 14
44231 2
44241 19
44243 11
44249 11
44255 18
44256 21
44260 13
44266 13
44272 12
44280 20
44282 1
44291 13
44297 15
44299 11
44306 10
44308 1
44318 13
44323 11
44329 10
44330 19
44332 5
44339 19
44341 15
44343 3
44350 13
44356 5
44362 10
44363 18
44364 20
44366 14
44372 1
44381 14
44386 1
44396 8
44398 2
44409 4
44416 3
44422 18
44423 4
44430 7
44432 11
44439 7
44441 18
44442 18
44443 5
44449 7
44451 14
44458 12
44464 7
44467 16
44469 12
44477 8
44479 11
44486 18
44487 3
44493 2
44503 20
44505 5
44511 3
44517 10
44518 11
44525 3
44532 14
44537 11
44543 18
44544 11
44551 17
44553 6
44561 12
44568 3
44575 17
44577 17
44579 19
44581 12
44588 7
44590 12
44596 13
44601 5
44607 6
44614 3
44620 6
44627 4
44634 2
44645 17
44647 4
44655 18
44656 2
44666 21
44670 16
44672 16
44674 12
44681 7
44683 9
44685 20
44687 13
44693 19
44695 20
44697 18
44698 16
44700 20
44702 5
44709 12
44717 2
44728 21
44732 12
44740 11
44746 12
44753 19
44755 14
44760 21
44764 4
44770 9
44772 9
44774 13
44779 16
44781 8
44784 15
44786 21
44790 18
44791 17
44793 3
44799 20
44801 2
44811 9
44812 13
44818 15
44820 16
44822 2
44831 16
44833 18
44834 3
44840 19
44842 5
44848 18
44849 13
44854 3
44860 14
44865 4
44871 13
44877 7
44880 13
44885 12
44893 12
44900 14
44907 18
44908 4
44915 17
44917 17
44919 8
44921 12
44929 7
44931 18
44932 10
44933 3
44939 12
44946 5
44952 12
44959 2
44970 11
44977 11
44984 20
44986 7
44988 4
44995 17
44997 3
45003 21
45007 20
45009 9
45011 21
45015 11
45022 4
45029 12
45036 21
45040 12
45048 1
45057 9
45059 12
45066 3
45072 11
45079 11
45085 12
45093 8
45095 10
45097 8
45101 1
45111 15
45113 12
45120 18
45121 11
45127 6
45133 7
45135 6
45142 14
45149 20
45151 14
45158 11
45164 6
45172 16
45174 10
45176 3
45182 11
45189 12
45196 14
45202 12
45209 13
45215 12
45222 11
45229 12
45236 17
45238 19
45240 19
45242 8
45244 7
45247 20
45249 16
45251 8
45254 15
45256 7
45258 12
45265 9
45267 17
45269 5
45275 16
45277 11
45283 19
45285 11
45292 14
45298 3
45304 20
45306 8
45309 12
45316 6
45324 3
45331 12
45338 13
45343 16
45345 6
45351 7
45353 5
45359 16
45361 17
45363 11
45370 11
45376 4
45384 12
45391 17
45393 20
45395 14
45402 9
45404 10
45405 20
45407 14
45412 4
45419 11
45426 13
45432 9
45434 2
45444 12
45450 2
45459 11
45465 13
45470 15
45472 18
45473 7
45476 11
45482 18
45483 6
45490 12
45497 17
45499 19
45501 7
45504 7
45507 8
45510 2
45519 6
45526 18
45527 11
45534 15
45536 12
45542 14
45547 10
45550 10
45552 12
45560 5
45566 5
45573 13
45578 18
45579 21
45583 20
45585 7
45588 4
45594 5
45600 21
45604 14
45610 5
45617 11
45623 10
45626 2
45635 16
45637 11
45643 8
45646 19
45648 9
45650 15
45652 18
45653 1
45662 5
45669 10
45671 11
45678 21
45682 5
45689 14
45695 3
45702 18
45703 14
45709 12
45716 9
45717 16
45719 9
45721 5
45728 11
45734 18
45735 3
45741 11
45747 16
45749 19
45751 11
45757 21
45761 11
45768 18
45769 16
45771 18
45772 3
45778 18
45779 17
45781 9
45783 21
45787 20
45789 4
45796 21
45800 11
45807 12
45814 20
45816 14
45821 11
45827 9
45828 20
45830 8
45834 19
45836 15
45838 12
45845 4
45852 19
45854 17
45856 8
45859 13
45864 16
45866 11
45873 12
45880 11
45887 7
45890 4
45898 14
45904 7
45907 9
45908 6
45915 11
45921 8
45923 19
45925 19
45927 4
45934 19
45936 3
45942 17
45944 1
45954 18
45955 4
45963 17
45965 6
45973 11
45979 5
45986 1
45996 9
45998 18
45999 11
46005 16
46007 6
46015 19
46017 19
46019 9
46021 12
46027 18
46028 9
46029 14
46035 13
46040 6
46047 1
46056 10
46058 10
46060 6
46068 9
46070 4
46077 11
46084 11
46091 5
46097 12
46103 11
46110 1
46120 20
46122 4
46128 12
46135 4
46141 11
46148 18
46149 14
46154 12
46160 4
46167 13
46172 5
46178 15
46180 12
46188 8
46191 11
46198 11
46205 13
46211 2
46221 8
46224 17
46226 6
46233 19
46235 19
46237 10
46239 12
46245 12
46251 13
46257 12
46263 4
46269 14
46275 17
46277 20
46279 12
46286 12
46293 12
46300 11
46306 7
46308 18
46309 6
46316 2
46327 1
46336 20
46338 11
46344 18
46345 11
46351 6
46357 1
46367 4
46373 7
46376 17
46378 2
46387 4
46395 3
46401 19
46403 18
46404 13
46409 1
46419 18
46420 12
46427 8
46430 6
46437 18
46438 11
46445 20
46447 7
46449 12
46457 3
46464 19
46466 12
46474 21
46478 10
46479 1
46488 19
46490 12
46497 12
46504 9
46506 21
46510 18
46511 10
46513 4
46520 4
