10000
1 5
8 21
12 18
13 3
19 20
21 12
27 21
31 21
35 11
41 7
44 20
46 11
52 15
54 6
62 12
68 1
77 1
87 1
96 17
98 12
106 20
108 15
110 9
111 3
118 15
120 11
127 15
129 5
135 12
143 9
145 14
150 15
152 1
161 16
163 16
165 4
171 16
173 10
176 14
181 16
183 20
185 5
191 15
193 10
194 12
200 15
202 12
210 10
211 11
217 14
224 3
230 11
236 2
245 1
254 11
261 12
269 13
274 5
280 13
286 5
292 1
302 8
306 1
316 21
320 13
326 20
328 6
334 12
340 3
346 11
352 1
362 14
367 11
374 6
380 16
382 9
383 11
389 7
391 8
393 3
399 20
401 10
404 9
405 2
414 7
417 1
427 12
433 7
436 13
442 20
444 17
446 11
453 2
462 11
469 5
476 10
479 12
487 13
493 9
494 18
495 4
501 12
507 10
508 14
513 9
514 11
520 8
522 7
525 15
527 12
535 11
542 8
544 5
551 18
552 21
556 15
558 19
560 20
562 16
564 9
565 10
566 11
572 12
578 14
583 18
584 21
588 18
589 14
596 12
602 1
612 21
616 19
618 16
620 1
630 19
632 8
634 2
643 4
649 7
652 11
658 11
665 15
667 19
669 19
671 17
673 17
675 7
678 11
684 12
690 12
698 16
700 15
702 5
709 11
715 16
717 16
719 12
727 11
733 1
743 21
747 10
748 8
752 14
757 5
764 8
768 12
776 16
778 20
780 12
786 4
794 17
796 11
803 19
805 18
806 8
810 3
817 9
819 19
821 11
828 3
835 4
843 15
845 21
849 12
855 20
857 20
859 15
861 12
867 2
878 14
885 11
891 11
897 11
903 16
905 16
907 11
914 8
916 11
923 9
924 3
930 20
932 7
935 12
941 18
942 16
944 11
951 5
958 1
967 15
969 5
976 5
982 11
989 10
992 4
1000 19
1002 18
1003 2
1014 1
1023 8
1027 12
1035 7
1038 11
1045 15
1047 13
1053 10
1056 10
1057 12
1065 16
1067 7
1070 11
1076 20
1078 5
1085 18
1086 11
1092 2
1103 1
1113 11
1119 6
1125 16
1127 16
1129 18
1130 16
1132 8
1136 20
1138 9
1140 13
1146 21
1150 10
1151 17
1153 2
1164 21
1168 18
1169 17
1171 2
1180 8
1182 16
1184 8
1186 11
1192 21
1196 3
1202 12
1208 17
1210 20
1212 18
1213 13
1218 12
1224 11
1230 18
1231 4
1239 21
1243 6
1249 3
1255 11
1262 12
1268 12
1276 15
1278 17
1280 11
1286 21
1290 9
1291 6
1297 15
1299 16
1301 14
1306 6
1314 15
1316 3
1323 9
1325 13
1330 18
1331 3
1338 11
1345 10
1348 20
1350 9
1351 3
1358 3
1364 3
1370 18
1371 21
1375 21
1379 10
1380 19
1382 14
1389 9
1391 18
1392 5
1399 19
1401 18
1402 6
1410 16
1412 9
1413 14
1418 15
1420 11
1427 19
1429 12
1437 5
1444 13
1449 9
1451 1
1460 10
1463 13
1469 6
1475 12
1483 6
1491 13
1496 1
1505 12
1511 12
1517 21
1521 4
1529 16
1531 6
1537 21
1541 6
1547 6
1553 21
1557 11
1563 11
1569 3
1576 7
1579 20
1581 19
1583 14
1590 18
1591 4
1599 1
1608 11
1614 13
1620 18
1621 21
1625 13
1630 2
1641 6
1649 20
1651 1
1660 14
1667 12
1675 16
1677 2
1686 16
1688 12
1694 11
1700 15
1702 9
1703 19
1705 11
1711 14
1716 17
1718 5
1724 19
1726 15
1728 12
1734 19
1736 2
1745 11
1751 10
1752 9
1753 11
1759 11
1766 18
1767 20
1769 21
1773 12
1779 18
1780 11
1786 21
1790 18
1791 10
1794 10
1795 21
1799 2
1810 1
1819 20
1821 11
1827 2
1838 3
1845 6
1853 11
1860 19
1862 10
1863 12
1869 8
1871 10
1872 18
1873 11
1880 18
1881 15
1883 19
1885 6
1891 9
1893 13
1898 8
1900 8
1902 2
1911 21
1915 11
1922 13
1927 11
1934 21
1938 14
1945 10
1948 11
1955 4
1961 13
1967 13
1973 4
1981 15
1983 9
1985 6
1993 7
1996 3
2002 18
2003 20
2005 12
2013 18
2014 9
2015 11
2022 15
2024 1
2033 21
2037 17
2039 4
2045 10
2046 16
2048 11
2055 21
2059 3
2065 17
2067 19
2069 21
2073 4
2079 8
2081 18
2082 11
2089 13
2095 14
2100 21
2104 18
2105 11
2111 1
2120 12
2126 14
2133 18
2134 18
2135 18
2136 6
2142 5
2148 13
2154 15
2156 21
2160 3
2167 20
2169 11
2175 18
2176 1
2185 5
2192 11
2198 5
2204 12
2210 6
2216 12
2224 6
2232 3
2238 16
2240 12
2246 13
2252 11
2258 6
2266 20
2268 7
2270 11
2277 15
2279 11
2286 11
2292 13
2298 11
2304 3
2311 20
2313 16
2315 19
2317 7
2320 13
2326 12
2332 12
2338 10
2339 20
2341 20
2343 11
2350 13
2356 12
2362 12
2368 1
2377 16
2379 19
2381 4
2389 5
2395 6
2403 11
2410 11
2417 3
2424 18
2425 17
2427 15
2429 15
2431 12
2439 11
2446 11
2452 14
2457 3
2463 19
2465 7
2467 3
2473 7
2476 18
2477 8
2479 6
2485 13
2491 9
2492 10
2493 3
2499 2
2510 2
2519 14
2526 19
2528 20
2530 1
2540 11
2546 18
2547 13
2553 15
2555 11
2561 19
2563 14
2568 12
2576 11
2582 19
2584 16
2586 6
2594 5
2601 18
2602 16
2604 6
2610 15
2612 12
2618 10
2621 7
2624 12
2632 3
2638 2
2649 17
2651 8
2655 11
2661 12
2669 18
2670 7
2672 8
2676 18
2677 12
2685 4
2693 13
2698 21
2702 10
2703 21
2707 12
2713 5
2719 16
2721 7
2723 19
2725 14
2732 21
2736 17
2738 2
2749 17
2751 14
2756 5
2763 11
2770 1
2779 15
2781 21
2785 10
2786 4
2794 14
2801 2
2812 12
2818 16
2820 16
2822 8
2824 19
2826 11
2833 9
2834 1
2844 5
2850 3
2856 6
2864 15
2866 12
2872 21
2876 17
2878 20
2880 11
2886 2
2897 13
2903 4
2911 5
2918 20
2920 20
2922 19
2924 20
2926 4
2934 11
2940 16
2942 13
2948 1
2958 10
2961 12
2967 12
2973 16
2975 6
2983 14
2990 14
2997 20
2999 16
3001 11
3008 4
3014 20
3016 17
3018 3
3024 16
3026 7
3029 17
3031 12
3037 12
3043 13
3049 5
3055 11
3062 12
3068 7
3071 13
3076 12
3084 6
3092 20
3094 8
3098 13
3104 14
3111 12
3119 11
3126 6
3132 19
3134 18
3135 11
3142 19
3144 1
3153 18
3154 17
3156 11
3163 14
3170 18
3171 14
3178 8
3180 16
3182 6
3188 12
3196 6
3204 4
3210 12
3216 11
3222 4
3228 3
3234 11
3241 13
3246 12
3254 13
3260 12
3268 18
3269 15
3271 18
3272 20
3274 20
3276 21
3280 17
3282 11
3288 11
3294 19
3296 16
3298 15
3300 4
3308 20
3310 5
3317 20
3319 18
3320 14
3327 4
3335 10
3338 6
3346 12
3354 4
3360 18
3361 11
3367 16
3369 21
3373 12
3379 19
3381 11
3388 11
3394 8
3398 10
3399 16
3401 15
3403 9
3404 14
3409 6
3417 18
3418 2
3427 14
3434 12
3440 5
3446 18
3447 12
3453 1
3463 11
3469 11
3475 11
3481 9
3482 8
3486 11
3492 12
3500 13
3506 15
3508 6
3516 12
3524 6
3530 17
3532 13
3537 9
3539 1
3549 12
3557 11
3563 11
3569 9
3570 12
3578 11
3584 15
3586 11
3593 3
3600 16
3602 20
3604 21
3608 11
3614 20
3616 17
3618 4
3624 18
3625 18
3626 7
3628 14
3633 12
3639 5
3645 8
3649 13
3654 15
3656 16
3658 12
3664 2
3675 2
3686 14
3691 20
3693 11
3699 12
3707 9
3709 21
3713 18
3714 11
3720 12
3726 8
3730 6
3738 10
3739 3
3746 18
3747 19
3749 16
3751 11
3758 12
3766 2
3775 4
3783 14
3790 17
3792 12
3798 8
3800 20
3802 2
3811 3
3817 2
3826 11
3833 11
3840 8
3844 1
3853 1
3863 13
3868 12
3874 19
3876 2
3887 13
3893 14
3898 10
3899 12
3907 16
3909 15
3911 18
3912 9
3914 12
3920 11
3926 7
3928 4
3936 16
3938 17
3940 18
3941 14
3946 16
3948 4
3954 12
3960 11
3966 11
3972 18
3973 8
3975 21
3979 19
3981 20
3983 11
3990 10
3991 18
3992 7
3995 11
4002 3
4009 15
4011 7
4013 16
4015 21
4019 6
4027 6
4033 12
4039 8
4043 11
4050 3
4057 11
4063 3
4070 21
4074 2
4083 17
4085 17
4087 12
4093 11
4099 5
4106 2
4115 1
4125 12
4133 7
4136 5
4143 17
4145 12
4151 14
4158 11
4165 10
4168 1
4177 15
4179 11
4186 3
4192 11
4199 11
4205 20
4207 15
4209 16
4211 9
4213 11
4220 10
4223 8
4225 17
4227 12
4235 13
4240 4
4248 17
4250 17
4252 17
4254 3
4261 9
4263 6
4271 18
4272 21
4276 12
4284 1
4293 20
4295 3
4301 21
4305 1
4315 12
4323 14
4328 21
4332 6
4340 11
4347 12
4355 17
4357 19
4359 18
4360 2
4369 3
4376 6
4382 1
4391 10
4394 14
4399 19
4401 2
4412 8
4414 12
4422 17
4424 6
4432 11
4439 5
4446 21
4450 2
4459 4
4465 12
4471 1
4480 18
4481 11
4488 19
4490 13
4495 3
4502 11
4509 12
4515 16
4517 21
4521 11
4527 8
4529 17
4531 3
4537 18
4538 11
4545 18
4546 10
4549 15
4551 15
4553 18
4554 10
4555 11
4561 12
4567 11
4573 12
4581 9
4583 1
4593 18
4594 11
4601 20
4603 7
4605 1
4615 18
4616 17
4618 18
4619 8
4621 1
4630 10
4633 1
4642 12
4650 21
4654 18
4655 14
4660 12
4668 12
4674 13
4680 3
4686 7
4689 4
4697 12
4703 16
4705 12
4711 3
4718 18
4719 11
4725 8
4727 5
4734 18
4735 11
4742 16
4744 11
4751 20
4753 13
4759 20
4761 17
4763 16
4765 20
4767 11
4773 6
4781 5
4788 12
4794 14
4801 12
4809 9
4810 5
4816 3
4822 13
4827 11
4834 9
4836 11
4842 2
4851 10
4852 14
4859 16
4861 10
4864 15
4866 11
4872 12
4880 19
4882 12
4888 11
4894 15
4896 9
4897 16
4899 11
4905 11
4912 20
4914 16
4916 16
4918 18
4919 7
4921 21
4925 18
4926 11
4932 11
4939 12
4945 10
4946 17
4948 15
4950 10
4953 9
4955 12
4963 7
4966 7
4969 21
4973 11
4979 12
4985 2
4994 3
5000 2
5011 9
5013 12
5021 15
5023 8
5027 2
5038 3
5045 16
5047 16
5049 18
5050 15
5052 4
5060 11
5067 12
5073 12
5081 3
5087 14
5094 15
5096 18
5097 9
5099 13
5105 20
5107 11
5113 7
5116 6
5122 16
5124 12
5132 11
5138 6
5146 11
5153 4
5159 7
5161 18
5162 10
5165 5
5172 1
5182 4
5190 8
5194 12
5202 16
5204 11
5211 12
5217 6
5223 8
5227 18
5228 4
5234 14
5239 10
5242 14
5247 21
5251 21
5255 7
5258 11
5265 12
5271 7
5274 2
5283 12
5289 1
5299 8
5301 3
5307 8
5311 7
5313 18
5314 4
5322 17
5324 13
5330 7
5332 13
5338 18
5339 13
5345 18
5346 10
5347 5
5354 8
5358 18
5359 9
5361 18
5362 4
5368 15
5370 15
5372 1
5382 10
5385 15
5387 19
5389 12
5395 19
5397 10
5400 11
5407 21
5411 1
5420 11
5426 11
5433 5
5439 2
5450 11
5456 6
5464 19
5466 7
5469 9
5470 21
5474 18
5475 3
5481 17
5483 19
5485 11
5492 9
5494 17
5496 11
5503 11
5509 21
5513 7
5515 18
5516 20
5518 21
5522 1
5532 18
5533 16
5535 7
5538 16
5540 10
5541 10
5542 18
5543 17
5545 11
5552 15
5554 18
5555 7
5558 12
5566 9
5568 3
5574 20
5576 12
5582 17
5584 11
5591 20
5593 17
5595 11
5601 16
5603 11
5610 11
5616 17
5618 19
5620 12
5626 12
5634 3
5641 3
5648 14
5653 4
5659 10
5660 11
5667 3
5673 4
5681 2
5692 13
5698 15
5700 12
5708 14
5713 10
5714 21
5718 2
5727 19
5729 1
5738 13
5744 2
5753 5
5759 2
5770 14
5777 5
5784 13
5789 11
5796 1
5806 4
5814 12
5822 3
5829 2
5838 9
5840 16
5842 18
5843 15
5845 12
5853 2
5862 13
5867 1
5877 1
5886 11
5892 3
5899 19
5901 2
5910 11
5917 10
5920 12
5928 11
5935 11
5941 4
5949 11
5955 11
5961 18
5962 11
5968 18
5969 4
5977 8
5979 3
5985 12
5993 6
6001 1
6011 4
6019 12
6027 20
6029 11
6035 16
6037 20
6039 15
6041 15
6043 10
6044 18
6045 11
6051 14
6056 5
6062 13
6067 7
6069 18
6070 19
6072 3
6078 14
6083 17
6085 11
6091 16
6093 19
6095 8
6099 1
6108 8
6112 18
6113 2
6122 8
6124 17
6126 12
6132 4
6140 6
6148 15
6150 4
6158 5
6165 14
6172 11
6179 11
6186 4
6192 11
6198 13
6203 8
6207 21
6211 12
6217 5
6224 6
6230 18
6231 2
6240 11
6246 19
6248 7
6250 4
6256 9
6257 18
6258 7
6260 4
6266 7
6268 18
6269 1
6278 11
6285 12
6291 8
6293 9
6295 15
6297 9
6298 20
6300 8
6302 15
6304 5
6310 20
6312 11
6319 4
6325 19
6327 19
6329 10
6332 4
6340 12
6348 2
6359 17
6361 5
6367 5
6373 5
6380 8
6384 19
6386 12
6392 4
6398 18
6399 1
6408 8
6410 17
6412 14
6417 2
6428 12
6436 19
6438 9
6440 6
6446 18
6447 10
6450 2
6459 12
6465 21
6469 15
6471 11
6478 11
6485 12
6491 12
6499 14
6504 18
6505 16
6507 15
6509 1
6519 1
6529 5
6536 11
6542 8
6544 9
6546 11
6552 10
6553 18
6554 14
6561 12
6567 17
6569 17
6571 11
6578 14
6585 18
6586 11
6593 15
6595 19
6597 16
6599 7
6602 11
6608 18
6609 17
6611 8
6613 12
6619 5
6625 1
6634 11
6640 12
6648 7
6651 11
6657 20
6659 13
6665 19
6667 12
6675 12
6683 1
6693 10
6696 11
6702 10
6703 6
6711 12
6717 4
6725 7
6728 13
6733 12
6741 9
6742 20
6744 18
6745 11
6751 12
6759 7
6762 5
6768 18
6769 12
6777 1
6787 2
6796 12
6804 1
6813 7
6815 16
6817 21
6821 12
6827 21
6831 6
6839 1
6849 13
6854 5
6861 11
6867 14
6874 7
6876 3
6883 4
6891 8
6893 19
6895 19
6897 16
6899 21
6903 4
6909 2
6920 19
6922 9
6923 7
6925 18
6926 1
6935 10
6938 20
6940 2
6949 15
6951 19
6953 13
6959 11
6965 12
6971 15
6973 11
6980 3
6987 18
6988 18
6989 17
6991 13
6997 11
7003 2
7012 11
7019 13
7024 14
7029 14
7036 11
7042 9
7044 12
7050 8
7052 14
7059 21
7063 11
7070 20
7072 4
7080 15
7082 4
7088 3
7095 12
7101 4
7109 21
7113 3
7119 20
7121 13
7126 18
7127 20
7129 19
7131 13
7136 1
7145 4
7151 1
7160 11
7166 3
7173 17
7175 2
7184 15
7186 6
7192 9
7193 12
7199 6
7205 11
7212 10
7215 10
7218 11
7224 6
7230 11
7236 4
7244 13
7249 21
7253 4
7259 9
7260 18
7261 19
7263 7
7265 12
7273 19
7275 21
7279 16
7281 11
7287 21
7291 21
7295 7
7297 8
7301 15
7303 17
7305 2
7314 17
7316 11
7322 12
7330 12
7338 3
7344 21
7348 6
7354 12
7360 12
7368 16
7370 16
7372 11
7378 2
7389 11
7395 18
7396 13
7402 8
7404 13
7410 18
7411 9
7413 17
7415 16
7417 2
7428 6
7434 6
7440 11
7446 12
7454 8
7458 2
7467 12
7473 11
7480 11
7486 11
7493 3
7500 16
7502 11
7508 5
7515 2
7524 7
7526 16
7528 11
7534 6
7542 8
7544 19
7546 20
7548 8
7552 20
7554 3
7560 17
7562 10
7563 16
7565 18
7566 1
7576 7
7578 18
7579 4
7585 10
7586 7
7588 11
7594 19
7596 11
7603 13
7609 5
7616 11
7622 12
7630 13
7636 12
7642 19
7644 16
7646 11
7652 17
7654 19
7656 14
7663 13
7668 21
7672 16
7674 11
7680 12
7688 10
7691 18
7692 17
7694 2
7703 1
7712 13
7718 11
7724 18
7725 13
7731 12
7739 6
7745 12
7753 12
7761 9
7762 19
7764 8
7768 8
7772 21
7776 12
7784 19
7786 2
7795 11
7801 9
7802 13
7808 20
7810 16
7812 19
7814 18
7815 16
7817 1
7827 11
7834 18
7835 17
7837 18
7838 21
7842 11
7849 18
7850 17
7852 3
7859 11
7865 2
7874 18
7875 9
7876 13
7882 10
7885 3
7892 8
7896 14
7903 13
7908 12
7916 20
7918 18
7919 18
7920 18
7921 9
7923 17
7925 10
7928 19
7930 20
7932 11
7938 11
7945 4
7951 21
7955 8
7957 19
7959 16
7961 7
7964 7
7967 19
7969 11
7975 13
7981 5
7988 3
7994 11
8001 9
8002 9
8004 18
8005 8
8007 12
8013 18
8014 2
8023 3
8029 18
8030 7
8032 3
8038 10
8039 17
8041 8
8043 20
8045 19
8047 2
8056 12
8064 14
8069 17
8071 11
8078 5
8085 19
8087 10
8090 14
8097 21
8101 15
8103 18
8104 12
8112 18
8113 11
8120 16
8122 14
8127 11
8134 11
8140 11
8146 3
8153 5
8159 12
8165 8
8169 1
8179 4
8185 11
8192 13
8197 18
8198 21
8202 13
8208 2
8217 12
8223 18
8224 14
8229 12
8235 14
8240 4
8246 11
8252 9
8254 3
8261 10
8262 4
8270 13
8275 13
8281 1
8291 13
8296 15
8298 1
8308 6
8314 2
8323 16
8325 11
8331 13
8336 1
8346 21
8350 12
8358 2
8367 8
8371 12
8377 4
8383 9
8384 21
8388 11
8394 18
8395 12
8403 11
8410 15
8412 11
8418 16
8420 5
8427 16
8429 6
8435 17
8437 1
8447 19
8449 1
8458 5
8465 18
8466 1
8476 11
8482 12
8488 6
8496 12
8504 15
8506 14
8513 1
8522 1
8531 4
8537 6
8545 14
8552 6
8558 1
8567 3
8573 7
8575 18
8576 19
8578 11
8584 11
8590 19
8592 13
8597 12
8605 6
8611 16
8613 11
8620 12
8626 18
8627 19
8629 12
8635 14
8640 19
8642 6
8650 11
8656 17
8658 11
8664 20
8666 3
8673 18
8674 12
8682 1
8692 1
8702 2
8713 10
8714 16
8716 6
8722 12
8730 21
8734 9
8735 4
8741 12
8747 19
8749 4
8755 3
8761 18
8762 7
8764 7
8767 10
8768 7
8771 2
8780 9
8782 14
8789 18
8790 12
8796 12
8804 1
8813 11
8820 18
8821 18
8822 9
8823 4
8829 3
8836 6
8842 8
8846 5
8853 12
8859 14
8864 20
8866 11
8873 15
8875 4
8881 11
8887 9
8889 13
8894 14
8899 1
8909 1
8919 14
8924 11
8930 12
8936 20
8938 15
8940 12
8946 4
8954 2
8963 9
8964 7
8966 20
8968 17
8970 18
8971 10
8972 4
8978 21
8982 18
8983 7
8986 12
8994 16
8996 11
9002 1
9012 19
9014 1
9024 21
9028 7
9031 17
9033 3
9040 19
9042 15
9044 11
9050 6
9056 9
9058 11
9064 1
9074 3
9080 12
9088 11
9094 3
9100 2
9111 9
9112 3
9118 12
9124 6
9130 5
9136 16
9138 18
9139 12
9147 1
9157 11
9163 12
9169 17
9171 20
9173 12
9179 5
9185 17
9187 11
9193 11
9200 3
9207 16
9209 12
9217 15
9219 11
9225 14
9232 10
9235 4
9243 1
9253 17
9255 11
9261 1
9271 18
9272 11
9278 5
9284 18
9285 11
9292 15
9294 12
9300 15
9302 16
9304 3
9311 12
9319 18
9320 12
9326 13
9331 5
9337 14
9342 11
9349 16
9351 20
9353 6
9361 12
9367 21
9371 3
9377 17
9379 9
9381 15
9383 20
9385 11
9391 17
9393 4
9399 14
9404 4
9410 1
9419 15
9421 12
9427 12
9433 12
9439 9
9440 10
9443 17
9445 14
9450 20
9452 4
9458 12
9466 10
9467 4
9473 3
9480 7
9483 3
9490 4
9498 19
9500 7
9502 2
9511 15
9513 1
9522 9
9523 18
9524 11
9530 9
9532 17
9534 20
9536 13
9542 11
9548 12
9556 18
9557 4
9565 11
9571 17
9573 11
9580 7
9583 7
9586 11
9593 11
9600 12
9608 7
9610 9
9611 17
9613 18
9614 5
9621 4
9629 7
9631 5
9638 11
9644 2
9655 1
9665 17
9667 15
9669 13
9674 9
9675 12
9681 12
9689 12
9697 18
9698 11
9704 19
9706 1
9715 10
9716 20
9718 8
9720 11
9726 8
9730 11
9736 11
9743 10
9744 5
9750 7
9753 18
9754 10
9757 1
9766 12
9772 12
9778 9
9779 11
9786 17
9788 4
9794 14
9801 18
9802 11
9808 11
9814 11
9821 11
9828 4
9834 11
9841 16
9843 11
9849 15
9851 5
9858 12
9864 20
9866 20
9868 11
9875 5
9881 21
9885 10
9888 7
9890 12
9898 15
9900 18
9901 1
9910 18
9911 20
9913 10
9916 21
9920 7
9923 2
9934 1
9943 15
9945 12
9951 5
9957 11
9963 7
9966 18
9967 8
9969 11
9975 17
9977 9
9978 14
9983 13
9988 19
9990 14
9997 11
10003 3
10009 5
10015 1
10025 5
10031 18
10032 11
10039 11
10045 12
10051 1
10061 11
10068 14
10073 12
10081 4
10089 19
10091 11
10097 11
10104 15
10106 7
10108 6
10116 2
10127 11
10134 2
10143 11
10149 19
10151 9
10153 6
10161 12
10167 12
10173 9
10174 12
10180 13
10185 11
10191 11
10197 4
10205 21
10209 9
10210 19
10212 8
10214 2
10225 10
10228 19
10230 18
10231 14
10236 18
10237 18
10238 11
10244 21
10248 12
10256 5
10263 11
10270 19
10272 18
10273 21
10277 2
10286 5
10293 11
10300 12
10308 2
10317 11
10323 10
10324 12
10332 5
10338 11
10344 16
10346 21
10350 17
10352 15
10354 17
10356 18
10357 19
10359 19
10361 1
10371 15
10373 18
10374 12
10382 19
10384 21
10388 12
10396 2
10405 14
10412 7
10414 14
10419 21
10423 11
10429 14
10434 17
10436 20
10438 1
10447 4
10453 12
10461 16
10463 21
10467 19
10469 19
10471 10
10472 6
10478 11
10484 8
10486 11
10493 18
10494 7
10497 10
10498 10
10501 6
10509 7
10512 8
10516 11
10523 18
10524 12
10530 6
10538 21
10542 21
10546 8
10548 18
10549 12
10555 15
10557 3
10564 11
10571 9
10573 5
10580 18
10581 3
10587 5
10593 21
10597 17
10599 7
10602 8
10604 13
10610 11
10617 7
10620 14
10625 21
10629 7
10632 1
10641 15
10643 6
10651 14
10658 12
10666 12
10674 9
10675 1
10685 11
10692 9
10694 8
10696 11
10703 6
10709 3
10716 14
10721 15
10723 2
10734 10
10737 3
10744 10
10747 12
10753 18
10754 15
10756 18
10757 11
10763 18
10764 16
10766 18
10767 7
10770 21
10774 20
10776 11
10782 7
10784 15
10786 11
10793 11
10799 17
10801 11
10807 13
10812 6
10818 4
10826 20
10828 20
10830 21
10834 13
10840 12
10848 1
10858 6
10864 12
10870 20
10872 18
10873 13
10878 14
10883 12
10891 5
10897 10
10900 11
10907 5
10914 5
10920 16
10922 14
10927 1
10936 12
10942 21
10946 19
10948 12
10954 5
10961 13
10966 13
10971 5
10978 12
10986 11
10993 7
10996 21
11000 10
11003 21
11007 2
11018 15
11020 17
11022 6
11028 6
11036 11
11043 1
11052 12
11058 1
11067 13
11072 8
11076 11
11082 11
11089 21
11093 10
11096 10
11097 19
11099 16
11101 16
11103 6
11109 16
11111 18
11112 12
11120 13
11125 12
11131 11
11138 17
11140 15
11142 15
11144 8
11148 19
11150 11
11156 11
11163 21
11167 2
11178 3
11184 11
11190 20
11192 12
11200 11
11207 2
11218 20
11220 3
11226 7
11229 1
11238 16
11240 2
11249 5
11255 17
11257 19
11259 4
11265 12
11271 10
11272 20
11274 6
11282 14
11287 15
11289 3
11295 12
11303 6
11311 10
11312 3
11319 11
11326 8
11330 12
11336 12
11344 15
11346 8
11348 6
11354 12
11360 14
11365 21
11369 1
11379 11
11385 5
11391 16
11393 5
11400 20
11402 16
11404 6
11412 5
11419 21
11423 4
11429 11
11435 20
11437 18
11438 16
11440 10
11441 6
11447 11
11453 3
11460 4
11466 13
11471 12
11477 9
11479 20
11481 18
11482 18
11483 5
11489 17
11491 19
11493 20
11495 14
11502 8
11506 12
11514 12
11520 11
11527 11
11533 7
11535 18
11536 1
11545 15
11547 2
11556 4
11564 7
11567 12
11575 16
11577 15
11579 20
11581 11
11588 13
11593 19
11595 6
11601 20
11603 12
11609 11
11616 7
11618 3
11624 11
11631 12
11639 10
11640 11
11647 2
11656 5
11663 11
11670 14
11677 6
11683 3
11689 15
11691 12
11699 18
11700 4
11706 17
11708 14
11715 16
11717 8
11721 13
11727 5
11733 6
11741 11
11748 11
11755 18
11756 18
11757 6
11765 11
11772 21
11776 10
11777 8
11779 10
11782 9
11783 14
11790 17
11792 21
11796 3
11802 11
11809 17
11811 18
11812 11
11819 10
11822 3
11829 18
11830 18
11831 8
11833 11
11839 8
11843 9
11844 21
11848 17
11850 18
11851 2
11862 15
11864 8
11868 6
11876 15
11878 17
11880 21
11884 11
11890 9
11891 16
11893 1
11902 21
11906 20
11908 5
11915 19
11917 4
11925 16
11927 15
11929 11
11935 2
11946 18
11947 12
11953 11
11960 13
11966 17
11968 5
11975 6
11983 8
11987 7
11989 18
11990 6
11996 12
12002 15
12004 11
12010 15
12012 3
12018 7
12021 11
12027 21
12031 12
12037 16
12039 15
12041 12
12047 15
12049 1
12059 2
12068 12
12074 11
12080 13
12086 21
12090 12
12096 6
12104 11
12111 2
12122 8
12124 20
12126 1
12136 12
12144 11
12151 17
12153 11
12159 4
12167 4
12175 17
12177 4
12185 6
12191 17
12193 14
12200 12
12208 16
12210 8
12214 21
12218 17
12220 6
12228 12
12234 14
12241 21
12245 3
12252 12
12260 4
12268 9
12270 12
12278 17
12280 18
12281 11
12287 3
12293 16
12295 12
12301 4
12307 16
12309 18
12310 14
12317 14
12322 11
12329 12
12335 9
12336 9
12338 11
12345 17
12347 17
12349 2
12358 19
12360 8
12364 4
12372 15
12374 6
12382 14
12389 6
12397 20
12399 3
12406 12
12412 17
12414 19
12416 5
12423 10
12426 19
12428 19
12430 20
12432 13
12437 9
12438 9
12440 18
12441 18
12442 1
12452 4
12458 17
12460 10
12461 4
12469 2
12478 6
12486 13
12492 14
12499 20
12501 11
12508 12
12516 7
12519 12
12525 15
12527 11
12533 16
12535 19
12537 12
12545 9
12546 1
12555 14
12562 1
12572 5
12579 10
12582 4
12588 4
12596 8
12598 12
12606 1
12616 3
12622 3
12628 21
12632 14
12639 8
12643 15
12645 11
12651 15
12653 15
12655 6
12661 8
12663 19
12665 19
12667 12
12675 11
12682 15
12684 11
12690 8
12694 16
12696 19
12698 3
12705 1
12715 7
12717 12
12723 21
12727 9
12729 7
12731 6
12739 18
12740 18
12741 18
12742 15
12744 11
12751 11
12758 14
12765 5
12772 15
12774 15
12776 14
12783 11
12789 6
12797 11
12803 11
12809 17
12811 14
12818 16
12820 1
12829 17
12831 13
12836 5
12843 15
12845 2
12854 2
12865 11
12871 14
12876 16
12878 13
12884 5
12890 16
12892 17
12894 12
12900 12
12906 5
12912 11
12918 18
12919 12
12925 16
12927 19
12929 6
12937 14
12942 10
12945 3
12951 18
12952 18
12953 15
12955 20
12957 20
12959 5
12965 15
12967 11
12973 9
12975 12
12981 19
12983 6
12989 3
12996 18
12997 14
13004 15
13006 13
13012 21
13016 2
13025 7
13027 11
13033 1
13043 11
13049 5
13055 12
13061 11
13068 17
13070 16
13072 12
13078 15
13080 18
13081 7
13084 6
13090 18
13091 15
13093 12
13099 18
13100 6
13106 9
13107 11
13114 3
13121 17
13123 20
13125 17
13127 12
13135 21
13139 12
13147 10
13148 12
13154 6
13162 11
13168 16
13170 16
13172 11
13178 2
13187 18
13188 12
13196 17
13198 15
13200 14
13207 13
13212 15
13214 11
13221 15
13223 3
13230 9
13232 11
13238 8
13242 2
13251 17
13253 2
13262 5
13268 3
13274 9
13276 12
13284 1
13293 6
13301 11
13307 11
13313 19
13315 15
13317 6
13323 15
13325 11
13332 12
13340 7
13342 15
13344 11
13351 8
13353 15
13355 12
13363 4
13371 18
13372 6
13380 6
13386 12
13392 13
13397 7
13399 20
13401 8
13403 1
13412 14
13417 19
13419 1
13429 11
13435 11
13441 7
13443 10
13446 7
13449 19
13451 21
13455 17
13457 21
13461 5
13468 11
13475 10
13478 17
13480 18
13481 12
13487 12
13495 21
13499 11
13506 18
13507 11
13513 6
13519 6
13527 7
13530 11
13536 8
13538 21
13542 13
13548 8
13550 10
13553 12
13561 17
13563 16
13565 15
13567 5
13574 6
13580 13
13585 7
13588 14
13595 14
13600 15
13602 16
13604 15
13606 8
13608 18
13609 16
13611 16
13613 7
13615 6
13623 8
13627 13
13633 6
13639 5
13645 17
13647 13
13652 15
13654 3
13661 18
13662 11
13668 12
13674 18
13675 15
13677 20
13679 18
13680 12
13686 18
13687 8
13691 6
13699 1
13708 10
13711 8
13713 12
13721 6
13729 13
13734 11
13740 3
13747 10
13748 11
13754 5
13761 15
13763 4
13769 10
13770 12
13778 15
13780 12
13786 18
13787 11
13794 8
13798 11
13804 18
13805 16
13807 3
13814 10
13815 9
13816 21
13820 5
13827 19
13829 20
13831 9
13832 11
13839 10
13842 18
13843 8
13847 19
13849 18
13850 5
13857 18
13858 3
13865 3
13872 20
13874 8
13878 12
13884 8
13886 9
13887 12
13895 8
13897 14
13904 20
13906 18
13907 1
13916 14
13923 8
13925 13
13930 12
13936 3
13942 11
13949 20
13951 10
13954 4
13960 4
13966 15
13968 11
13975 18
13976 2
13987 16
13989 9
13991 12
13999 18
14000 10
14003 11
14009 2
14018 1
14028 11
14035 11
14041 12
14047 20
14049 16
14051 7
14054 9
14055 11
14062 19
14064 11
14071 13
14076 21
14080 8
14084 3
14090 15
14092 1
14102 18
14103 13
14108 3
14114 3
14121 10
14122 11
14129 7
14132 12
14138 16
14140 9
14142 7
14144 8
14148 3
14154 18
14155 12
14161 8
14163 16
14165 9
14166 2
14175 10
14176 21
14180 18
14181 13
14186 16
14188 20
14190 6
14198 11
14204 12
14212 17
14214 21
14218 14
14223 19
14225 12
14233 14
14238 11
14245 8
14247 2
14258 16
14260 11
14267 12
14273 19
14275 20
14277 17
14279 19
14281 13
14287 2
14298 18
14299 5
14305 6
14313 8
14317 11
14324 1
14334 8
14338 7
14341 2
14352 20
14354 11
14360 7
14363 10
14364 8
14368 20
14370 9
14371 16
14373 12
14381 9
14382 9
14384 13
14389 4
14397 12
14403 21
14407 6
14415 11
14422 5
14429 21
14433 11
14439 12
14447 6
14453 3
14459 17
14461 19
14463 19
14465 21
14469 12
14477 17
14479 11
14486 20
14488 1
14497 11
14503 16
14505 11
14512 11
14519 10
14522 4
14530 6
14536 2
14545 1
14555 12
14563 5
14570 13
14576 10
14577 17
14579 18
14580 4
14588 6
14594 11
14601 6
14609 21
14613 17
14615 5
14621 14
14628 7
14631 17
14633 3
14639 12
14645 11
14652 21
14656 13
14662 5
14668 4
14674 4
14680 4
14688 12
14694 12
14700 14
14707 17
14709 17
14711 5
14718 1
14727 20
14729 17
14731 20
14733 11
14740 20
14742 4
14750 17
14752 13
14758 12
14766 10
14769 14
14774 15
14776 18
14777 21
14781 11
14787 10
14790 7
14793 15
14795 12
14801 11
14807 6
14815 18
14816 10
14817 14
14822 14
14827 20
14829 18
14830 12
14836 5
14843 12
14851 12
14859 16
14861 1
14871 15
14873 5
14879 18
14880 16
14882 11
14888 7
14890 12
14896 6
14902 18
14903 4
14909 12
14917 12
14923 2
14932 6
14938 7
14941 9
14943 3
14949 6
14957 8
14961 11
14968 12
14974 11
14980 13
14986 8
14988 8
14992 15
14994 12
15000 10
15001 1
15011 20
15013 13
15018 20
15020 19
15022 16
15024 4
15030 9
15032 6
15038 3
15045 18
15046 8
15048 13
15053 20
15055 15
15057 10
15060 2
15071 20
15073 15
15075 5
15082 14
15087 11
15093 10
15096 1
15105 8
15109 11
15115 19
15117 20
15119 19
15121 12
15129 17
15131 2
15142 12
15150 15
15152 16
15154 7
15156 18
15157 20
15159 21
15163 11
15169 18
15170 6
15178 6
15186 14
15193 9
15195 6
15201 15
15203 4
15209 10
15212 18
15213 4
15221 19
15223 18
15224 11
15231 10
15232 8
15234 21
15238 5
15245 5
15252 20
15254 6
15260 12
15268 12
15276 11
15282 11
15288 5
15294 11
15300 18
15301 4
15309 6
15315 16
15317 10
15318 10
15321 12
15327 11
15334 4
15340 5
15346 2
15357 5
15364 20
15366 1
15375 18
15376 12
15382 5
15388 11
15395 1
15405 11
15411 4
15417 16
15419 20
15421 6
15427 12
15433 18
15434 5
15441 11
15447 5
15454 15
15456 20
15458 12
15466 10
15469 11
15476 8
15480 9
15481 14
15488 9
15490 17
15492 16
15494 16
15496 19
15498 4
15506 8
15508 1
15518 18
15519 4
15527 16
15529 11
15536 11
15543 1
15552 20
15554 3
15561 8
15563 13
15569 6
15577 13
15583 12
15589 9
15591 5
15598 12
15604 6
15610 18
15611 5
15617 14
15622 15
15624 3
15631 11
15638 10
15639 21
15643 18
15644 4
15650 11
15656 21
15660 8
15662 6
15668 1
15677 13
15682 9
15684 9
15685 21
15689 13
15694 3
15701 10
15702 12
15708 15
15710 2
15721 20
15723 12
15729 3
15735 17
15737 3
15743 14
15750 14
15755 2
15766 12
15772 15
15774 1
15783 15
15785 20
15787 15
15789 7
15791 15
15793 17
15795 5
15802 8
15806 21
15810 6
15818 12
15824 12
15832 12
15838 18
15839 2
15848 15
15850 16
15852 12
15858 4
15864 12
15870 15
15872 19
15874 18
15875 2
15884 7
15886 17
15888 6
15894 1
15903 12
15909 20
15911 13
15916 18
15917 14
15924 11
15930 8
15934 14
15941 1
15950 19
15952 13
15957 14
15964 20
15966 11
15973 1
15983 20
15985 18
15986 4
15992 18
15993 9
15994 9
15995 13
16000 8
16002 11
16009 19
16011 18
16012 21
16016 6
16022 16
16024 1
16033 10
16036 12
16042 7
16045 4
16053 19
16055 18
16056 8
16058 17
16060 16
16062 18
16063 11
16069 18
16070 11
16076 8
16080 19
16082 4
16090 18
16091 15
16093 13
16099 12
16107 16
16109 4
16115 2
16126 8
16128 21
16132 8
16136 9
16137 7
16139 20
16141 1
16151 11
16158 15
16160 18
16161 18
16162 11
16168 18
16169 12
16175 19
16177 4
16183 5
16189 17
16191 16
16193 15
16195 17
16197 12
16205 18
16206 9
16208 9
16210 19
16212 11
16219 16
16221 15
16223 5
16230 8
16232 17
16234 1
16244 18
16245 11
16251 11
16257 21
16261 16
16263 19
16265 8
16269 17
16271 18
16272 18
16273 12
16279 1
16289 12
16297 2
16306 12
16312 4
16318 12
16324 8
16326 19
16328 20
16330 9
16331 16
16333 14
16338 17
16340 9
16341 14
16348 11
16355 12
16361 4
16369 19
16371 8
16375 9
16377 14
16382 9
16383 7
16385 13
16390 8
16392 19
16394 12
16402 10
16403 12
16411 18
16412 6
16420 8
16422 21
16426 1
16436 2
16447 18
16448 20
16450 5
16457 16
16459 21
16463 21
16467 12
16475 1
16485 1
16494 2
16505 9
16506 13
16512 21
16516 9
16517 18
16518 21
16522 13
16527 11
16533 21
16537 11
16543 12
16551 6
16559 18
16560 5
16566 14
16571 12
16579 17
16581 11
16588 20
16590 1
16600 11
16607 11
16614 4
16622 11
16629 17
16631 12
16637 15
16639 19
16641 13
16647 1
16657 16
16659 8
16661 3
16667 18
16668 12
16674 11
16680 16
16682 19
16684 17
16686 16
16688 11
16695 14
16702 7
16704 5
16710 1
16720 16
16722 7
16724 3
16730 15
16732 11
16738 9
16740 17
16742 15
16744 9
16745 15
16747 12
16753 5
16759 6
16765 12
16771 1
16780 15
16782 6
16788 14
16793 8
16795 14
16802 18
16803 15
16805 13
16810 2
16819 1
16828 11
16835 21
16839 4
16845 12
16851 20
16853 7
16855 8
16857 2
16868 9
16870 13
16876 10
16879 12
16887 4
16893 21
16897 20
16899 4
16907 15
16909 14
16914 21
16918 16
16920 9
16922 15
16924 18
16925 12
16933 3
16940 12
16948 20
16950 7
16953 21
16957 11
16964 6
16970 12
16976 1
16986 9
16988 20
16990 15
16992 20
16994 9
16995 14
17002 12
17008 11
17014 12
17022 6
17028 18
17029 5
17036 20
17038 21
17042 3
17048 11
17054 1
17064 14
17071 10
17072 4
17078 6
17086 9
17087 19
17089 3
17095 1
17104 4
17112 20
17114 11
17120 12
17128 19
17130 16
17132 13
17137 2
17146 7
17149 5
17156 12
17164 3
17171 12
17179 5
17186 20
17188 7
17191 2
17200 11
17207 13
17212 11
17219 2
17228 11
17235 9
17237 12
17245 1
17254 13
17260 1
17270 21
17274 11
17281 11
17287 21
17291 12
17297 2
17306 10
17307 6
17315 16
17317 3
17324 15
17326 6
17334 21
17338 14
17343 15
17345 2
17356 1
17365 4
17371 7
17373 14
17380 11
17387 20
17389 18
17390 7
17393 17
17395 11
17401 3
17407 11
17414 8
17416 11
17422 11
17429 7
17431 10
17432 11
17439 12
17445 16
17447 19
17449 9
17451 16
17453 7
17456 10
17457 18
17458 3
17465 4
17471 18
17472 18
17473 3
17480 5
17487 18
17488 16
17490 11
17497 8
17501 7
17503 18
17504 12
17512 18
17513 17
17515 18
17516 9
17518 7
17520 17
17522 12
17528 8
17530 21
17534 9
17536 11
17542 18
17543 2
17554 7
17556 6
17562 12
17568 17
17570 12
17578 13
17584 20
17586 7
17588 2
17599 11
17606 17
17608 12
17616 12
17624 18
17625 10
17626 11
17633 10
17634 12
17640 8
17644 11
17651 20
17653 11
17659 12
17665 7
17667 15
17669 9
17670 15
17672 12
17680 17
17682 2
17693 14
17700 13
17705 17
17707 17
17709 20
17711 15
17713 18
17714 5
17720 20
17722 12
17730 17
17732 4
17740 8
17742 14
17749 3
17756 12
17764 16
17766 12
17772 12
17780 17
17782 1
17791 8
17793 11
17800 9
17801 15
17803 18
17804 6
17812 6
17818 16
17820 3
17826 18
17827 20
17829 5
17836 10
17837 20
17839 2
17848 19
17850 9
17852 14
17859 12
17865 4
17871 9
17873 6
17879 10
17882 18
17883 18
17884 12
17892 3
17898 12
17904 14
17911 12
17919 21
17923 11
17929 15
17931 13
17937 12
17945 16
17947 12
17955 12
17961 5
17967 17
17969 12
17975 20
17977 3
17983 12
17991 2
18000 20
18002 5
18008 2
18017 12
18025 1
18035 7
18037 11
18044 11
18051 11
18057 11
18063 17
18065 17
18067 12
18075 20
18077 8
18081 19
18083 10
18086 14
18093 8
18095 20
18097 17
18099 16
18101 17
18103 14
18110 13
18116 11
18122 9
18123 20
18125 2
18134 14
18139 16
18141 9
18143 12
18149 5
18156 12
18164 2
18175 8
18179 1
18189 4
18197 16
18199 11
18206 15
18208 12
18214 12
18220 5
18226 16
18228 8
18232 12
18238 12
18246 12
18254 18
18255 21
18259 5
18266 18
18267 19
18269 16
18271 17
18273 11
18279 13
18284 20
18286 11
18292 9
18294 11
18301 12
18309 4
18317 2
18328 12
18336 12
18342 9
18343 4
18351 15
18353 17
18355 20
18357 19
18359 5
18365 12
18371 18
18372 12
18380 17
18382 17
18384 16
18386 1
18395 10
18398 7
18401 19
18403 12
18409 2
18420 9
18422 14
18427 6
18435 14
18442 2
18451 11
18458 12
18466 12
18472 6
18480 9
18482 6
18488 3
18494 18
18495 15
18497 12
18503 11
18510 7
18513 2
18524 11
18530 4
18536 10
18537 18
18538 11
18544 8
18546 12
18554 11
18560 2
18571 8
18575 11
18582 16
18584 2
18595 10
18596 19
18598 15
18600 15
18602 11
18609 19
18611 9
18613 13
18619 15
18621 20
18623 18
18624 8
18628 10
18629 13
18635 4
18641 12
18647 11
18654 12
18662 12
18670 21
18674 6
18680 4
18686 15
18688 12
18694 2
18705 15
18707 11
18714 11
18721 3
18728 3
18734 4
18740 1
18750 18
18751 9
18752 11
18759 2
18770 17
18772 8
18774 4
18782 11
18789 17
18791 15
18793 21
18797 18
18798 16
18800 19
18802 1
18812 10
18815 11
18822 17
18824 13
18830 11
18837 5
18843 8
18845 12
18851 19
18853 1
18862 17
18864 3
18871 18
18872 9
18874 18
18875 4
18883 20
18885 12
18893 12
18899 6
18907 3
18913 11
18919 12
18927 18
18928 15
18930 1
18940 20
18942 8
18946 15
18948 16
18950 16
18952 2
18961 14
18968 5
18975 11
18981 20
18983 10
18986 15
18988 8
18990 10
18991 11
18997 14
19004 11
19010 9
19011 11
19017 16
19019 3
19025 15
19027 11
19033 2
19044 15
19046 19
19048 9
19050 3
19057 16
19059 18
19060 12
19068 2
19077 19
19079 16
19081 11
19087 2
19096 11
19103 14
19108 20
19110 12
19116 10
19117 13
19122 11
19128 17
19130 9
19132 11
19138 10
19141 16
19143 7
19146 14
19153 16
19155 7
19157 10
19160 11
19167 9
19169 19
19171 3
19177 11
19183 13
19188 21
19192 11
19199 5
19206 8
19208 11
19215 6
19221 19
19223 2
19234 9
19236 2
19245 14
19252 8
19254 5
19261 12
19267 14
19274 19
19276 10
19277 2
19288 17
19290 11
19296 9
19298 1
19307 10
19310 13
19315 10
19316 8
19320 4
19326 13
19332 11
19338 17
19340 21
19344 11
19350 11
19356 6
19364 20
19366 17
19368 20
19370 20
19372 16
19374 7
19376 15
19378 15
19380 12
19386 10
19387 2
19396 16
19398 20
19400 12
19408 4
19414 2
19423 13
19428 16
19430 21
19434 16
19436 6
19444 13
19450 17
19452 12
19458 9
19460 11
19466 11
19473 11
19480 11
19486 9
19488 19
19490 4
19496 15
19498 21
19502 3
19508 18
19509 9
19511 4
19519 6
19525 2
19534 5
19541 15
19543 4
19551 10
19554 4
19562 18
19563 8
19565 6
19573 5
19580 12
19588 11
19595 5
19601 20
19603 18
19604 19
19606 13
19611 15
19613 11
19620 13
19626 11
19633 21
19637 21
19641 4
19647 1
19656 8
19660 5
19666 7
19669 12
19677 4
19685 12
19693 12
19701 11
19707 20
19709 20
19711 9
19713 18
19714 15
19716 2
19727 11
19733 13
19738 15
19740 18
19741 21
19745 11
19752 13
19757 1
19766 21
19770 11
19776 20
19778 3
19785 12
19793 2
19804 12
19810 5
19817 11
19823 5
19830 13
19835 1
19844 12
19850 1
19860 12
19868 3
19874 6
19882 4
19888 18
19889 5
19895 14
19900 12
19906 11
19913 3
19919 12
19927 16
19929 20
19931 4
19937 14
19944 21
19948 4
19956 5
19963 17
19965 4
19971 11
19978 2
19987 11
19994 8
19996 7
19999 3
20005 3
20011 1
20020 18
20021 17
20023 20
20025 4
20033 12
20041 10
20042 18
20043 19
20045 11
20052 16
20054 11
20061 12
20067 1
20076 13
20081 13
20086 14
20093 2
20104 8
20108 20
20110 8
20112 19
20114 17
20116 15
20118 18
20119 5
20125 8
20129 3
20136 18
20137 4
20145 6
20151 20
20153 1
20162 12
20170 17
20172 12
20180 15
20182 7
20184 6
20192 12
20200 11
20207 12
20215 6
20221 6
20227 11
20234 4
20242 11
20248 12
20256 13
20261 12
20267 11
20274 12
20280 14
20287 21
20291 18
20292 21
20296 9
20298 10
20299 8
20303 17
20305 20
20307 18
20308 17
20310 15
20312 18
20313 1
20323 18
20324 18
20325 13
20330 7
20332 21
20336 11
20343 9
20345 2
20356 4
20364 15
20366 12
20374 16
20376 20
20378 12
20384 11
20390 21
20394 17
20396 1
20406 18
20407 11
20413 7
20416 18
20417 2
20428 11
20435 12
20441 21
20445 12
20453 11
20459 12
20467 9
20468 12
20476 5
20483 21
20487 7
20490 21
20494 7
20497 11
20504 9
20506 2
20515 18
20516 18
20517 18
20518 1
20528 20
20530 21
20534 12
20540 21
20544 13
20550 2
20559 20
20561 17
20563 2
20572 11
20578 14
20583 3
20590 11
20597 8
20599 10
20600 12
20606 12
20612 8
20614 20
20616 19
20618 11
20624 4
20632 15
20634 19
20636 21
20640 2
20651 2
20662 3
20668 13
20673 12
20681 20
20683 18
20684 2
20695 6
20701 9
20702 14
20709 9
20710 11
20716 11
20723 1
20732 7
20734 14
20741 4
20749 6
20755 2
20764 13
20769 21
20773 16
20775 8
20779 18
20780 16
20782 17
20784 10
20785 18
20786 10
20789 12
20797 8
20801 13
20807 5
20814 16
20816 4
20822 7
20824 16
20826 2
20837 17
20839 11
20846 11
20853 6
20861 9
20862 7
20864 3
20870 19
20872 17
20874 3
20881 5
20887 17
20889 11
20895 12
20901 18
20902 11
20909 9
20910 21
20914 12
20920 12
20928 11
20934 12
20942 2
20953 10
20956 2
20965 18
20966 14
20971 11
20978 8
20982 21
20986 21
20990 12
20998 8
21002 6
21008 2
21017 15
21019 7
21021 5
21028 8
21032 11
21038 18
21039 13
21045 11
21052 1
21062 18
21063 21
21067 21
21071 11
21077 13
21083 5
21089 17
21091 3
21097 2
21108 20
21110 6
21116 2
21125 11
21132 15
21134 8
21136 11
21142 1
21152 19
21154 17
21156 13
21161 11
21167 17
21169 16
21171 19
21173 20
21175 18
21176 14
21183 13
21188 19
21190 19
21192 9
21193 1
21202 5
21208 4
21216 17
21218 12
21224 17
21226 17
21228 8
21230 14
21237 16
21239 20
21241 8
21243 11
21250 11
21257 14
21264 19
21266 2
21277 21
21281 19
21283 17
21285 13
21290 15
21292 11
21298 7
21300 2
21309 12
21315 20
21317 2
21328 11
21335 12
21341 6
21349 8
21351 14
21356 1
21365 20
21367 10
21370 16
21372 14
21377 2
21386 9
21387 6
21395 12
21403 8
21405 12
21411 8
21415 11
21421 18
21422 5
21429 15
21431 17
21433 6
21441 19
21443 16
21445 3
21452 14
21457 12
21465 13
21471 3
21478 15
21480 12
21488 17
21490 4
21498 10
21499 3
21506 13
21511 14
21516 12
21524 11
21531 5
21538 9
21539 9
21541 12
21547 16
21549 14
21554 12
21562 4
21570 11
21577 10
21578 11
21584 16
21586 11
21592 17
21594 6
21600 19
21602 12
21610 9
21611 7
21613 5
21619 15
21621 16
21623 3
21629 13
21634 4
21642 10
21643 15
21645 7
21648 12
21656 18
21657 14
21662 15
21664 7
21667 18
21668 8
21672 18
21673 13
21679 3
21686 17
21688 8
21692 17
21694 2
21703 17
21705 18
21706 9
21707 14
21714 11
21721 9
21723 11
21729 11
21735 15
21737 2
21748 18
21749 1
21758 11
21765 13
21770 18
21771 3
21777 6
21783 1
21793 2
21802 17
21804 9
21806 10
21809 11
21815 19
21817 18
21818 10
21821 14
21826 3
21833 18
21834 20
21836 12
21844 18
21845 10
21848 19
21850 1
21859 20
21861 15
21863 15
21865 21
21869 12
21877 17
21879 17
21881 7
21884 11
21890 12
21898 20
21900 4
21906 21
21910 11
21916 19
21918 17
21920 17
21922 15
21924 6
21930 19
21932 18
21933 16
21935 18
21936 11
21943 6
21951 13
21956 3
21963 1
21973 11
21980 20
21982 11
21988 6
21996 11
22003 2
22012 5
22019 12
22025 6
22031 18
22032 14
22037 5
22044 18
22045 18
22046 18
22047 10
22050 6
22058 14
22065 8
22067 12
22073 7
22075 15
22077 11
22084 1
22093 10
22096 12
22104 2
22113 19
22115 11
22121 5
22127 10
22130 13
22136 19
22138 21
22142 3
22149 18
22150 7
22153 16
22155 12
22161 12
22167 19
22169 7
22171 21
22175 3
22181 9
22182 6
22190 10
22191 9
22192 18
22193 12
22201 15
22203 11
22209 21
22213 5
22219 17
22221 18
22222 12
22230 1
22239 15
22241 15
22243 1
22253 12
22259 15
22261 6
22267 3
22273 16
22275 2
22284 18
22285 21
22289 11
22295 11
22302 20
22304 19
22306 5
22312 4
22320 14
22325 20
22327 3
22334 9
22335 2
22344 18
22345 5
22351 12
22359 2
22370 18
22371 19
22373 3
22380 7
22382 20
22384 18
22385 20
22387 7
22389 21
22393 18
22394 7
22396 5
22402 5
22409 11
22415 9
22416 15
22418 3
22424 14
22431 9
22433 12
22441 15
22443 11
22450 17
22452 4
22460 14
22465 8
22467 11
22473 9
22475 16
22477 15
22479 11
22486 8
22490 15
22492 13
22497 11
22504 21
22508 11
22514 15
22516 21
22520 16
22522 7
22525 19
22527 7
22530 18
22531 18
22532 18
22533 6
22541 9
22543 16
22545 19
22547 8
22549 9
22551 7
22553 6
22559 19
22561 12
22567 9
22568 18
22569 9
22570 12
22578 2
22587 14
22592 11
22598 18
22599 12
22607 17
22609 12
22617 15
22619 17
22621 18
22622 11
22629 13
22634 9
22635 16
22637 15
22639 12
22647 8
22649 8
22653 6
22661 1
22670 4
22676 11
22682 1
22692 11
22698 17
22700 12
22708 20
22710 13
22715 10
22718 3
22725 1
22735 2
22744 4
22750 18
22751 19
22753 6
22759 9
22761 12
22767 11
22774 13
22779 10
22780 4
22786 15
22788 4
22796 12
22802 11
22809 17
22811 3
22818 12
22824 18
22825 11
22832 18
22833 12
22841 15
22843 3
22850 17
22852 11
22858 10
22861 14
22868 14
22873 10
22876 7
22878 4
22884 11
22890 2
22899 17
22901 20
22903 10
22906 8
22908 6
22916 16
22918 3
22925 16
22927 7
22930 20
22932 11
22938 14
22943 14
22950 14
22957 17
22959 14
22964 9
22965 6
22971 14
22978 6
22986 19
22988 8
22990 20
22992 12
23000 17
23002 10
23003 17
23005 11
23012 8
23016 19
23018 3
23025 12
23033 4
23041 11
23048 3
23054 15
23056 11
23063 9
23065 16
23067 4
23073 1
23082 16
23084 8
23088 19
23090 3
23097 21
23101 12
23107 12
23113 11
23119 2
23128 9
23130 19
23132 3
23139 10
23140 17
23142 18
23143 7
23146 18
23147 2
23158 6
23164 8
23168 21
23172 12
23180 10
23181 20
23183 3
23190 16
23192 12
23198 12
23206 16
23208 11
23215 18
23216 17
23218 16
23220 8
23222 11
23229 10
23230 20
23232 12
23240 2
23249 11
23255 9
23257 9
23259 17
23261 15
23263 11
23270 2
23281 3
23288 17
23290 1
23299 17
23301 13
23306 18
23307 1
23317 13
23322 21
23326 7
23329 11
23336 2
23347 8
23349 15
23351 9
23353 15
23355 11
23361 5
23368 18
23369 10
23370 8
23372 11
23379 5
23385 10
23388 16
23390 17
23392 11
23399 7
23402 18
23403 9
23405 12
23413 8
23415 12
23421 20
23423 6
23431 11
23437 11
23443 7
23445 12
23453 17
23455 19
23457 18
23458 7
23460 2
23469 11
23476 11
23483 18
23484 12
23492 1
23502 3
23509 9
23510 19
23512 16
23514 12
23522 19
23524 19
23526 11
23533 2
23542 17
23544 14
23549 11
23556 14
23563 14
23568 14
23575 2
23586 12
23592 16
23594 19
23596 20
23598 7
23601 11
23607 4
23615 15
23617 18
23618 13
23624 19
23626 18
23627 3
23634 18
23635 6
23641 18
23642 3
23648 11
23654 11
23661 8
23665 9
23667 21
23671 19
23673 8
23675 9
23677 1
23686 13
23691 18
23692 19
23694 7
23697 3
23703 13
23709 14
23716 5
23722 11
23729 8
23733 11
23740 17
23742 4
23750 3
23756 5
23763 16
23765 16
23767 20
23769 10
23772 8
23776 12
23782 20
23784 4
23790 12
23796 10
23799 10
23800 5
23807 5
23814 20
23816 7
23819 10
23822 12
23830 14
23835 13
23840 11
23846 12
23854 11
23860 6
23866 6
23874 15
23876 14
23881 11
23888 12
23896 19
23898 7
23900 17
23902 4
23908 12
23914 10
23917 7
23919 2
23928 16
23930 14
23937 6
23945 10
23948 16
23950 11
23957 8
23961 8
23965 18
23966 19
23968 16
23970 21
23974 4
23980 8
23982 21
23986 12
23992 7
23995 19
23997 12
24003 10
24006 5
24013 17
24015 1
24025 13
24031 13
24037 10
24038 8
24042 7
24044 12
24052 16
24054 2
24063 18
24064 4
24070 20
24072 21
24076 12
24084 12
24090 11
24097 12
24105 14
24110 12
24116 2
24127 12
24135 5
24142 9
24143 11
24149 12
24157 3
24163 2
24172 8
24176 14
24181 11
24188 9
24190 18
24191 18
24192 12
24198 11
24205 12
24211 12
24217 6
24223 18
24224 20
24226 8
24230 13
24235 16
24237 11
24243 8
24245 8
24247 20
24249 18
24250 11
24256 15
24258 4
24266 15
24268 4
24276 18
24277 21
24281 18
24282 20
24284 20
24286 18
24287 11
24294 19
24296 18
24297 20
24299 2
24310 9
24312 21
24316 12
24324 11
24330 18
24331 4
24337 17
24339 11
24345 13
24351 15
24353 8
24357 8
24359 12
24367 18
24368 10
24369 14
24374 9
24375 19
24377 16
24379 20
24381 11
24388 21
24392 10
24393 11
24400 3
24406 15
24408 5
24415 13
24421 14
24428 2
24437 16
24439 12
24447 8
24449 15
24451 8
24455 20
24457 12
24465 1
24474 11
24481 5
24488 11
24495 11
24501 11
24508 12
24514 3
24520 17
24522 17
24524 2
24535 15
24537 11
24544 11
24550 13
24556 4
24564 12
24570 21
24574 19
24576 17
24578 12
24586 13
24592 11
24599 16
24601 17
24603 5
24610 13
24615 16
24617 19
24619 14
24624 2
24633 12
24641 3
24647 16
24649 18
24650 3
24656 12
24664 18
24665 11
24672 11
24679 19
24681 18
24682 11
24688 8
24692 15
24694 2
24705 6
24711 8
24713 18
24714 12
24722 14
24729 20
24731 18
24732 13
24737 13
24743 12
24751 7
24754 13
24760 15
24762 17
24764 5
24771 13
24776 5
24783 2
24792 20
24794 15
24796 11
24802 1
24812 9
24814 20
24816 11
24822 15
24824 14
24831 15
24833 1
24842 12
24850 11
24856 15
24858 9
24859 2
24870 6
24876 8
24878 19
24880 8
24882 20
24884 18
24885 18
24886 10
24887 8
24889 12
24897 2
24906 6
24912 11
24919 14
24924 16
24926 14
24933 10
24936 21
24940 18
24941 13
24946 5
24953 12
24961 5
24968 9
24970 20
24972 18
24973 11
24980 11
24987 10
24990 19
24992 11
24998 7
25000 5
25006 3
25013 3
25020 20
25022 3
25028 17
25030 19
25032 8
25034 21
25038 17
25040 19
25042 13
25047 19
25049 2
25060 14
25067 2
25076 1
25086 19
25088 11
25094 2
25105 12
25111 15
25113 16
25115 18
25116 8
25118 6
25124 7
25127 19
25129 18
25130 11
25136 4
25142 21
25146 18
25147 16
25149 5
25156 14
25163 17
25165 17
25167 21
25171 17
25173 11
25179 8
25181 1
25191 13
25196 13
25201 5
25207 17
25209 7
25212 5
25219 8
25223 5
25229 12
25235 6
25241 6
25249 14
25254 17
25256 8
25258 1
25268 12
25274 11
25280 11
25287 20
25289 5
25296 10
25297 3
25303 18
25304 11
25311 13
25316 11
25322 8
25326 9
25327 16
25329 12
25335 5
25342 20
25344 6
25352 11
25358 17
25360 12
25366 10
25369 14
25376 2
25385 19
25387 8
25389 7
25391 20
25393 10
25394 19
25396 11
25402 1
25412 13
25417 13
25422 11
25429 21
25433 18
25434 13
25440 20
25442 6
25448 7
25450 11
25456 1
25466 17
25468 17
25470 11
25476 16
25478 10
25479 16
25481 18
25482 11
25489 18
25490 16
25492 16
25494 9
25495 21
25499 16
25501 5
25508 3
25514 16
25516 12
25522 12
25528 12
25534 3
25540 12
25548 12
25554 16
25556 18
25557 4
25565 12
25571 8
25575 19
25577 19
25579 11
25585 2
25596 6
25602 14
25607 1
25616 11
25622 1
25631 17
25633 16
25635 18
25636 12
25644 10
25647 21
25651 16
25653 11
25659 17
25661 9
25663 8
25667 11
25673 19
25675 18
25676 11
25682 21
25686 12
25692 9
25693 18
25694 14
25701 12
25709 13
25715 12
25721 20
25723 1
25733 5
25739 17
25741 11
25748 12
25756 16
25758 17
25760 4
25768 15
25770 11
25777 20
25779 4
25787 12
25795 14
25802 12
25810 4
25818 17
25820 9
25821 21
25825 21
25829 10
25832 5
25838 14
25843 3
25850 18
25851 4
25859 13
25864 20
25866 7
25868 20
25870 20
25872 7
25875 17
25877 9
25878 16
25880 13
25886 11
25892 7
25894 12
25900 18
25901 18
25902 11
25909 9
25910 16
25912 18
25913 2
25922 19
25924 1
25933 11
25940 11
25947 4
25955 14
25962 11
25968 21
25972 15
25974 18
25975 1
25985 10
25986 6
25994 11
26000 8
26002 17
26004 9
26005 20
26007 9
26009 12
26017 8
26019 1
26028 17
26030 20
26032 11
26038 5
26045 12
26053 3
26059 18
26060 21
26064 2
26075 17
26077 12
26083 11
26089 16
26091 18
26092 15
26094 16
26096 10
26097 15
26099 6
26105 12
26113 16
26115 15
26117 21
26121 11
26127 21
26131 11
26137 9
26139 3
26145 16
26147 9
26148 10
26151 3
26158 12
26164 21
26168 18
26169 8
26173 10
26174 8
26178 18
26179 17
26181 10
26184 12
26190 13
26195 7
26197 12
26203 20
26205 15
26207 16
26209 12
26217 11
26223 12
26229 4
26235 4
26241 13
26246 10
26247 13
26253 10
26254 20
26256 17
26258 3
26264 2
26275 9
26277 9
26279 14
26286 4
26292 20
26294 10
26295 18
26296 2
26305 16
26307 4
26313 11
26319 15
26321 7
26324 3
26331 11
26338 18
26339 7
26342 10
26343 3
26349 6
26357 19
26359 10
26362 12
26370 14
26377 15
26379 12
26387 4
26393 6
26399 17
26401 18
26402 15
26404 11
26410 20
26412 13
26417 17
26419 14
26424 18
26425 16
26427 3
26433 14
26438 12
26446 20
26448 18
26449 15
26451 16
26453 5
26459 19
26461 12
26467 11
26474 6
26482 15
26484 18
26485 7
26488 1
26497 7
26499 12
26505 19
26507 12
26513 8
26517 10
26518 1
26528 7
26530 14
26537 11
26543 3
26550 6
26558 14
26563 1
26573 13
26578 12
26586 13
26591 7
26594 4
26602 10
26605 16
26607 14
26614 13
26619 15
26621 10
26624 12
26630 13
26635 21
26639 12
26645 11
26652 17
26654 19
26656 16
26658 20
26660 12
26666 8
26670 20
26672 3
26678 14
26685 9
26687 15
26689 4
26697 13
26703 12
26709 11
26716 3
26723 19
26725 6
26731 14
26738 5
26744 11
26750 11
26756 18
26757 12
26763 13
26768 11
26775 9
26776 17
26778 10
26781 7
26784 11
26790 16
26792 21
26796 17
26798 11
26805 9
26807 1
26817 10
26818 11
26824 16
26826 6
26832 13
26837 12
26843 4
26851 15
26853 9
26854 3
26860 18
26861 12
26867 6
26875 11
26882 13
26888 18
26889 18
26890 18
26891 19
26893 20
26895 4
26903 10
26906 13
26911 5
26917 17
26919 16
26921 3
26927 11
26934 18
26935 18
26936 15
26938 14
26945 10
26948 5
26955 20
26957 14
26964 17
26966 19
26968 1
26977 3
26983 12
26991 14
26998 15
27000 15
27002 9
27004 4
27010 19
27012 8
27016 14
27023 14
27030 11
27036 11
27043 13
27048 10
27049 18
27050 10
27051 19
27053 6
27061 5
27067 17
27069 13
27074 17
27076 18
27077 13
27083 4
27091 15
27093 5
27099 10
27100 1
27110 4
27116 3
27122 18
27123 1
27132 6
27138 21
27142 4
27148 7
27150 17
27152 11
27159 2
27170 9
27172 18
27173 12
27181 5
27188 1
27197 17
27199 6
27205 1
27215 7
27218 10
27219 8
27223 2
27234 11
27241 2
27250 16
27252 21
27256 16
27258 12
27264 15
27266 20
27268 8
27270 17
27272 19
27274 6
27282 8
27284 7
27286 3
27292 16
27294 16
27296 18
27297 6
27303 18
27304 20
27306 3
27312 9
27314 19
27316 10
27319 12
27327 7
27329 11
27336 5
27343 12
27351 1
27360 17
27362 15
27364 11
27371 15
27373 17
27375 4
27381 11
27388 10
27389 12
27395 8
27397 9
27399 20
27401 19
27403 5
27409 7
27412 12
27418 12
27424 13
27429 11
27436 1
27445 3
27451 1
27460 11
27467 8
27469 7
27471 9
27472 15
27474 20
27476 19
27478 9
27479 16
27481 10
27482 2
27491 8
27495 13
27500 18
27501 12
27507 19
27509 3
27515 19
27517 15
27519 8
27523 3
27529 6
27537 18
27538 3
27545 8
27549 8
27551 5
27557 10
27560 20
27562 19
27564 17
27566 9
27568 12
27576 6
27582 3
27588 12
27594 4
27600 7
27603 21
27607 3
27614 1
27624 13
27630 7
27633 8
27635 19
27637 3
27643 12
27649 11
27656 11
27663 2
27672 15
27674 20
27676 3
27682 2
27693 9
27695 10
27698 5
27705 21
27709 5
27716 1
27725 5
27732 11
27738 8
27740 19
27742 15
27744 1
27754 19
27756 20
27758 7
27761 14
27766 9
27767 16
27769 11
27776 1
27786 11
27793 1
27802 7
27804 19
27806 18
27807 12
27815 18
27816 2
27827 13
27833 6
27841 9
27842 3
27848 10
27849 12
27857 7
27859 16
27861 12
27869 1
27878 1
27888 13
27894 8
27898 5
27904 18
27905 2
27914 6
27920 11
27927 21
27931 21
27935 2
27944 15
27946 11
27953 21
27957 2
27966 5
27972 7
27975 11
27982 4
27988 18
27989 20
27991 11
27997 18
27998 12
28006 12
28014 18
28015 14
28022 19
28024 13
28030 18
28031 10
28034 11
28040 15
28042 11
28049 12
28055 7
28057 18
28058 4
28064 8
28066 4
28074 17
28076 5
28082 12
28088 6
28096 21
28100 13
28105 20
28107 7
28110 20
28112 19
28114 16
28116 8
28120 12
28126 8
28130 11
28137 11
28143 5
28149 18
28150 10
28153 4
28159 6
28165 18
28166 11
28173 6
28181 18
28182 7
28185 4
28193 6
28199 12
28205 6
28211 20
28213 4
28221 12
28227 18
28228 21
28232 16
28234 5
28240 9
28241 15
28243 6
28251 15
28253 11
28259 10
28262 12
28270 21
28274 16
28276 1
28286 8
28290 10
28291 4
28297 20
28299 12
28305 5
28312 14
28319 3
28325 10
28328 14
28333 7
28336 7
28338 18
28339 16
28341 18
28342 11
28349 14
28356 21
28360 4
28366 19
28368 19
28370 17
28372 17
28374 17
28376 10
28377 7
28380 6
28388 3
28395 11
28401 5
28408 11
28414 5
28420 19
28422 5
28428 2
28439 5
28445 2
28456 9
28457 5
28464 19
28466 18
28467 2
28478 12
28484 6
28490 12
28496 11
28502 11
28509 6
28517 18
28518 13
28523 1
28533 16
28535 8
28539 16
28541 8
28543 14
28548 14
28553 18
28554 16
28556 11
28563 16
28565 1
28574 7
28576 12
28582 13
28588 20
28590 11
28596 19
28598 12
28604 3
28611 8
28615 15
28617 12
28623 7
28626 17
28628 6
28636 2
28645 4
28651 11
28657 20
28659 7
28662 16
28664 21
28668 14
28675 6
28683 2
28692 17
28694 8
28696 1
28705 9
28706 14
28711 3
28717 9
28719 1
28729 9
28731 11
28738 15
28740 19
28742 16
28744 18
28745 11
28751 18
28752 18
28753 16
28755 11
28762 7
28764 12
28772 16
28774 10
28775 9
28777 16
28779 12
28787 17
28789 16
28791 19
28793 7
28796 11
28802 11
28808 13
28814 6
28822 8
28824 19
28826 1
28836 9
28837 8
28839 5
28846 9
28847 16
28849 16
28851 13
28856 6
28862 6
28868 21
28872 9
28873 3
28879 8
28881 11
28887 8
28891 11
28897 10
28898 11
28904 12
28910 13
28916 12
28922 16
28924 18
28925 16
28927 20
28929 7
28931 12
28937 12
28943 11
28949 6
28955 2
28966 10
28969 12
28977 17
28979 21
28983 11
28989 4
28997 1
29007 7
29010 12
29018 11
29024 10
29027 20
29029 16
29031 20
29033 1
29043 17
29045 17
29047 7
29049 19
29051 18
29052 3
29059 19
29061 12
29069 2
29080 10
29081 13
29087 8
29089 1
29099 20
29101 16
29103 6
29109 7
29111 20
29113 12
29119 11
29126 19
29128 12
29134 21
29138 5
29144 6
29150 13
29155 15
29157 6
29165 11
29171 18
29172 3
29178 21
29182 18
29183 2
29192 19
29194 19
29196 4
29204 11
29210 1
29219 10
29220 20
29222 3
29229 21
29233 11
29239 11
29246 17
29248 11
29255 11
29262 16
29264 20
29266 16
29268 16
29270 8
29274 5
29281 12
29287 18
29288 18
29289 6
29297 19
29299 12
29305 3
29312 11
29319 11
29325 3
29331 6
29339 11
29345 8
29347 11
29354 3
29360 12
29366 20
29368 13
29373 12
29379 8
29381 20
29383 18
29384 18
29385 20
29387 11
29394 17
29396 12
29404 16
29406 15
29408 17
29410 11
29417 20
29419 11
29425 5
29432 8
29434 3
29441 18
29442 11
29449 1
29459 18
29460 9
29461 18
29462 12
29468 12
29474 9
29475 5
29482 20
29484 4
29492 15
29494 18
29495 8
29497 12
29503 13
29508 18
29509 6
29515 2
29526 11
29532 8
29534 8
29536 10
29537 9
29538 15
29540 19
29542 7
29544 9
29546 16
29548 9
29550 18
29551 19
29553 7
29556 21
29560 15
29562 10
29565 11
29572 20
29574 3
29581 14
29588 20
29590 14
29597 12
29603 13
29608 11
29614 16
29616 18
29617 20
29619 17
29621 16
29623 2
29634 21
29638 15
29640 1
29650 11
29656 13
29662 17
29664 12
29670 11
29677 7
29679 10
29682 18
29683 12
29689 20
29691 18
29692 11
29699 11
29706 11
29712 12
29718 14
29723 3
29729 16
29731 19
29733 13
29738 4
29744 12
29752 5
29758 8
29762 18
29763 18
29764 9
29765 9
29767 5
29773 15
29775 11
29781 8
29783 1
29793 21
29797 14
29802 3
29808 16
29810 12
29818 1
29827 15
29829 19
29831 11
29838 17
29840 14
29845 12
29853 9
29855 20
29857 21
29861 2
29872 16
29874 4
29880 11
29887 7
29889 1
29898 11
29904 14
29909 5
29915 19
29917 19
29919 11
29926 12
29932 19
29934 12
29942 7
29944 5
29950 21
29954 10
29957 9
29959 11
29965 9
29967 17
29969 12
29977 15
29979 6
29987 5
29993 4
30001 12
30009 16
30011 12
30017 12
30025 21
30029 12
30037 2
30048 6
30056 2
30067 18
30068 19
30070 7
30072 11
30079 15
30081 18
30082 15
30084 12
30092 20
30094 8
30096 12
30104 16
30106 16
30108 17
30110 15
30112 14
30117 14
30122 17
30124 18
30125 7
30128 2
30137 2
30148 17
30150 9
30152 10
30155 19
30157 16
30159 15
30161 10
30162 5
30168 3
30174 8
30176 21
30180 11
30186 3
30192 11
30198 3
30204 1
30213 16
30215 19
30217 12
30225 11
30231 11
30238 10
30241 21
30245 7
30247 10
30248 20
30250 12
30258 5
30264 12
30272 11
30279 11
30285 21
30289 21
30293 9
30295 17
30297 12
30303 20
30305 8
30307 7
30310 2
30319 11
30325 11
30331 12
30339 16
30341 11
30348 1
30358 7
30361 6
30367 11
30373 7
30376 12
30384 1
30393 19
30395 4
30403 17
30405 7
30408 3
30414 11
30420 12
30428 7
30431 20
30433 16
30435 1
30444 15
30446 15
30448 12
30454 18
30455 12
30463 1
30473 17
30475 18
30476 5
30482 20
30484 4
30490 12
30498 7
30500 15
30502 15
30504 11
30510 15
30512 20
30514 1
30523 4
30531 11
30537 12
30545 19
30547 15
30549 4
30555 18
30556 9
30558 8
30562 12
30568 12
30574 8
30576 5
30583 14
30590 14
30597 18
30598 19
30600 17
30602 11
30609 16
30611 12
30619 15
30621 12
30629 12
30637 11
30644 15
30646 7
30648 15
30650 12
30658 21
30662 18
30663 11
30670 20
30672 8
30674 12
30680 11
30687 12
30695 17
30697 17
30699 12
30707 8
30709 8
30711 17
30713 12
30719 17
30721 15
30723 5
30729 21
30733 11
30740 20
30742 14
30749 10
30752 12
30758 12
30764 14
30769 6
30775 21
30779 12
30785 12
30791 7
30793 3
30800 11
30806 16
30808 15
30810 11
30817 15
30819 8
30821 12
30827 2
30838 17
30840 18
30841 8
30845 14
30850 12
30856 5
30862 20
30864 12
30872 1
30882 9
30883 7
30886 17
30888 15
30890 18
30891 9
30892 12
30900 2
30909 4
30915 12
30923 12
30929 2
30938 20
30940 12
30948 11
30954 5
30961 20
30963 10
30964 9
30965 15
30967 17
30969 12
30975 14
30982 16
30984 2
30993 2
31002 11
31009 5
31015 3
31022 17
31024 14
31029 11
31035 12
31043 19
31045 19
31047 7
31049 16
31051 12
31059 2
31070 5
31077 16
31079 4
31085 11
31091 18
31092 6
31098 9
31100 5
31107 12
31115 4
31123 17
31125 12
31133 10
31136 2
31145 12
31153 18
31154 9
31155 1
31164 1
31174 1
31184 13
31189 11
31195 13
31201 14
31206 15
31208 13
31214 2
31223 9
31225 16
31227 12
31235 16
31237 5
31243 11
31250 11
31257 13
31262 10
31265 1
31275 11
31281 16
31283 18
31284 8
31286 10
31289 18
31290 11
31296 1
31305 21
31309 12
31317 18
31318 14
31325 21
31329 1
31339 17
31341 9
31342 7
31345 13
31350 15
31352 3
31359 15
31361 11
31368 12
31376 5
31382 19
31384 13
31389 1
31398 11
31404 16
31406 17
31408 16
31410 12
31416 2
31427 17
31429 4
31435 18
31436 18
31437 11
31444 5
31450 17
31452 19
31454 8
31458 11
31464 18
31465 6
31473 18
31474 5
31481 15
31483 18
31484 12
31492 5
31498 21
31502 5
31508 3
31514 9
31516 9
31517 21
31521 21
31525 5
31531 12
31539 13
31545 9
31546 11
31553 10
31554 3
31561 15
31563 13
31568 12
31576 15
31578 5
31584 18
31585 12
31591 7
31593 7
31595 14
31600 3
31607 5
31613 18
31614 16
31616 20
31618 8
31622 2
31631 3
31637 11
31644 11
31651 21
31655 6
31661 10
31664 19
31666 8
31670 3
31677 17
31679 6
31685 21
31689 11
31695 21
31699 9
31700 12
31706 14
31711 21
31715 1
31725 16
31727 8
31729 5
31736 9
31737 12
31743 6
31751 16
31753 4
31761 4
31769 16
31771 6
31779 16
31781 21
31785 5
31791 11
31797 13
31802 11
31808 1
31818 11
31825 6
31833 12
31841 7
31844 8
31848 18
31849 13
31854 8
31856 14
31863 6
31869 11
31875 6
31881 11
31888 6
31896 2
31907 10
31908 3
31915 7
31917 8
31919 18
31920 18
31921 10
31924 18
31925 20
31927 12
31935 6
31943 7
31945 2
31956 19
31958 11
31965 2
31974 20
31976 18
31977 5
31983 12
31989 15
31991 6
31997 4
32003 4
32009 19
32011 18
32012 15
32014 8
32018 18
32019 15
32021 14
32028 11
32035 3
32042 16
32044 18
32045 11
32052 1
32061 13
32066 17
32068 15
32070 16
32072 15
32074 19
32076 7
32078 12
32084 1
32094 9
32095 13
32100 11
32107 6
32113 6
32119 14
32126 5
32133 6
32139 10
32140 14
32147 13
32152 8
32156 20
32158 3
32164 15
32166 12
32174 6
32182 18
32183 21
32187 13
32192 20
32194 12
32200 9
32201 11
32207 9
32209 4
32215 19
32217 4
32223 6
32231 20
32233 3
32239 12
32245 17
32247 12
32253 12
32261 8
32263 12
32271 11
32278 5
32284 20
32286 18
32287 11
32294 18
32295 16
32297 11
32303 19
32305 9
32306 11
32313 18
32314 13
32319 10
32320 11
32327 18
32328 8
32332 18
32333 15
32335 11
32341 4
32349 1
32358 7
32360 21
32364 2
32373 10
32376 21
32380 10
32381 5
32388 12
32396 11
32402 19
32404 16
32406 14
32411 4
32419 14
32424 17
32426 20
32428 2
32437 17
32439 14
32444 20
32446 5
32453 13
32459 19
32461 2
32472 6
32480 11
32487 7
32490 8
32494 19
32496 13
32502 14
32509 11
32515 1
32524 15
32526 9
32527 8
32531 17
32533 1
32542 8
32546 9
32548 10
32551 5
32558 15
32560 14
32567 11
32573 4
32581 1
32591 15
32593 12
32599 13
32605 9
32607 17
32609 21
32613 11
32619 9
32621 10
32624 1
32634 11
32640 3
32647 11
32654 12
32660 20
32662 2
32671 16
32673 15
32675 1
32685 12
32691 7
32693 8
32695 18
32696 16
32698 5
32704 14
32711 12
32717 11
32723 10
32724 12
32732 8
32734 12
32740 20
32742 11
32748 21
32752 19
32754 4
32762 16
32764 20
32766 13
32771 14
32776 12
32784 21
32788 4
32796 16
32798 11
32804 15
32806 20
32808 2
32819 16
32821 12
32829 14
32834 17
32836 10
32837 12
32845 11
32851 11
32857 4
32865 18
32866 5
32872 12
32878 9
32879 12
32887 4
32895 18
32896 12
32902 12
32908 11
32915 4
32921 11
32928 2
32937 11
32944 11
32951 2
32960 15
32962 6
32970 11
32976 10
32979 1
32989 9
32991 3
32997 11
33004 18
33005 11
33011 9
33013 4
33019 13
33024 10
33025 21
33029 14
33034 10
33035 15
33037 21
33041 12
33049 10
33052 12
33060 10
33063 6
33069 9
33071 4
33079 21
33083 11
33090 4
33096 21
33100 11
33107 11
33113 17
33115 10
33116 8
33118 3
33124 14
33131 12
33137 2
33148 4
33156 1
33166 3
33172 18
33173 4
33179 11
33185 19
33187 17
33189 2
33198 12
33204 5
33211 6
33217 7
33219 15
33221 11
33227 7
33230 16
33232 1
33242 20
33244 5
33251 15
33253 8
33255 14
33260 11
33266 6
33274 12
33280 18
33281 2
33290 17
33292 19
33294 16
33296 9
33298 10
33301 19
33303 12
33311 2
33320 15
33322 10
33325 3
33331 1
33340 9
33341 16
33343 2
33352 17
33354 18
33355 21
33359 9
33361 5
33368 13
33374 17
33376 4
33384 18
33385 12
33393 1
33402 20
33404 10
33405 12
33411 7
33413 19
33415 14
33420 2
33431 20
33433 3
33440 7
33442 2
33453 2
33464 15
33466 3
33473 8
33477 6
33485 2
33494 2
33503 10
33504 9
33505 7
33507 16
33509 6
33517 2
33526 16
33528 7
33531 12
33537 11
33543 21
33547 21
33551 7
33553 11
33559 4
33565 8
33569 19
33571 9
33572 7
33575 18
33576 7
33578 11
33584 11
33591 12
33599 18
33600 11
33607 7
33609 19
33611 8
33613 11
33619 16
33621 10
33624 12
33630 5
33637 12
33643 11
33650 18
33651 11
33658 5
33664 18
33665 20
33667 6
33673 10
33674 13
33680 2
33689 14
33696 18
33697 7
33700 5
33706 11
33712 13
33717 11
33723 4
33729 6
33737 3
33743 3
33749 11
33756 15
33758 7
33760 17
33762 19
33764 21
33768 18
33769 14
33776 7
33778 20
33780 12
33786 20
33788 15
33790 20
33792 14
33799 2
33808 4
33816 11
33823 5
33830 1
33839 5
33846 17
33848 19
33850 18
33851 12
33857 16
33859 19
33861 21
33865 11
33872 15
33874 13
33880 19
33882 1
33892 15
33894 8
33898 9
33899 18
33900 5
33907 18
33908 6
33916 13
33922 6
33928 13
33934 18
33935 19
33937 9
33938 11
33945 9
33946 16
33948 14
33955 18
33956 11
33963 21
33967 7
33970 7
33972 19
33974 14
33979 11
33986 9
33987 21
33991 5
33997 5
34003 20
34005 18
34006 12
34014 12
34022 17
34024 7
34026 18
34027 11
34034 18
34035 1
34045 18
34046 14
34051 11
34058 8
34062 16
34064 11
34071 16
34073 11
34079 13
34084 14
34089 10
34090 18
34091 11
34098 18
34099 15
34101 18
34102 16
34104 13
34110 6
34116 3
34122 19
34124 17
34126 18
34127 9
34128 17
34130 3
34136 13
34142 12
34148 5
34155 4
34161 10
34162 11
34168 9
34169 16
34171 2
34180 3
34187 11
34193 2
34204 3
34211 10
34212 10
34213 9
34215 12
34223 15
34225 4
34233 18
34234 17
34236 19
34238 4
34244 18
34245 2
34254 18
34255 11
34261 18
34262 9
34264 21
34268 8
34270 16
34272 13
34277 18
34278 6
34284 3
34291 21
34295 21
34299 10
34300 12
34308 8
34310 14
34317 7
34320 18
34321 7
34324 14
34331 11
34338 9
34340 19
34342 18
34343 18
34344 21
34348 17
34350 13
34355 17
34357 8
34361 7
34364 7
34366 7
34369 21
34373 6
34379 4
34385 19
34387 18
34388 3
34395 16
34397 7
34400 17
34402 10
34403 11
34410 8
34414 4
34422 10
34425 11
34431 19
34433 11
34439 11
34445 10
34446 9
34447 3
34454 8
34456 6
34462 8
34466 12
34472 9
34473 11
34479 11
34486 13
34492 11
34499 9
34500 21
34504 12
34512 4
34518 20
34520 11
34526 2
34537 12
34545 2
34554 9
34556 15
34558 11
34564 15
34566 1
34576 11
34582 14
34587 12
34595 17
34597 8
34601 18
34602 15
34604 11
34610 12
34618 12
34624 6
34632 2
34643 11
34649 15
34651 9
34653 6
34659 8
34661 9
34663 5
34670 15
34672 6
34678 5
34685 1
34695 20
34697 18
34698 7
34701 13
34707 11
34714 11
34721 11
34728 18
34729 10
34732 18
34733 18
34734 11
34740 20
34742 8
34744 3
34751 21
34755 18
34756 9
34757 12
34763 16
34765 18
34766 21
34770 6
34776 18
34777 12
34785 11
34791 4
34799 5
34805 5
34812 5
34818 14
34825 14
34832 16
34834 16
34836 20
34838 12
34846 2
34855 17
34857 6
34865 11
34872 18
34873 8
34877 1
34887 17
34889 12
34895 11
34902 17
34904 17
34906 3
34912 15
34914 20
34916 7
34919 9
34921 5
34928 5
34935 18
34936 12
34942 20
34944 10
34945 7
34947 11
34954 9
34956 10
34957 2
34968 1
34978 11
34985 12
34991 5
34998 20
35000 21
35004 4
35012 16
35014 3
35020 2
35031 7
35034 11
35041 11
35048 5
35055 8
35059 8
35063 15
35065 12
35073 19
35075 11
35082 11
35088 12
35096 13
35101 2
35112 1
35122 21
35126 16
35128 7
35130 1
35140 21
35144 10
35147 15
35149 3
35156 18
35157 10
35160 19
35162 14
35169 4
35175 17
35177 11
35184 11
35190 21
35194 5
35201 5
35208 6
35216 13
35222 1
35231 18
35232 12
35238 11
35245 12
35251 10
35252 11
35258 11
35264 17
35266 2
35277 20
35279 11
35286 20
35288 10
35289 11
35296 5
35303 15
35305 2
35314 11
35320 4
35326 12
35334 7
35337 11
35344 7
35347 18
35348 10
35349 18
35350 7
35353 14
35358 11
35365 21
35369 13
35375 8
35377 8
35381 8
35385 2
35394 15
35396 17
35398 7
35400 6
35408 14
35413 1
35423 12
35431 5
35438 15
35440 14
35447 10
35448 13
35453 4
35461 18
35462 10
35465 12
35471 3
35477 4
35485 15
35487 9
35488 21
35492 14
35499 9
35500 13
35505 12
35511 18
35512 12
35520 6
35526 6
35532 2
35541 15
35543 4
35549 19
35551 11
35557 15
35559 9
35560 17
35562 18
35563 12
35571 16
35573 12
35579 21
35583 21
35587 16
35589 21
35593 7
35596 13
35601 20
35603 1
35613 8
35617 15
35619 13
35624 14
35629 10
35630 21
35634 6
35642 15
35644 14
35651 12
35659 12
35667 8
35669 17
35671 7
35674 13
35680 1
35690 15
35692 10
35693 4
35699 3
35705 18
35706 15
35708 11
35714 7
35716 6
35722 11
35728 7
35731 12
35737 2
35746 11
35752 11
35758 12
35764 5
35770 16
35772 11
35779 9
35781 3
35788 7
35791 16
35793 9
35795 17
35797 12
35805 19
35807 8
35811 11
35817 2
35826 9
35827 18
35828 12
35836 17
35838 11
35845 5
35852 18
35853 18
35854 17
35856 18
35857 11
35864 17
35866 9
35867 20
35869 11
35875 12
35881 7
35884 7
35886 5
35893 17
35895 12
35901 16
35903 11
35909 15
35911 11
35917 21
35921 15
35923 18
35924 18
35925 17
35927 11
35934 21
35938 9
35940 14
35947 11
35954 12
35960 16
35962 12
35968 2
35979 13
35984 12
35992 13
35998 4
36006 4
36014 18
36015 13
36021 4
36027 17
36029 10
36030 20
36032 11
36038 11
36045 17
36047 1
36056 16
36058 21
36062 18
36063 7
36065 3
36071 10
36074 13
36080 7
36083 2
36092 11
36099 1
36108 7
36111 18
36112 11
36118 4
36124 20
36126 15
36128 13
36133 5
36140 13
36146 11
36152 12
36158 16
36160 18
36161 8
36165 9
36167 17
36169 12
36175 11
36182 10
36185 7
36188 2
36199 21
36203 21
36207 12
36215 3
36222 18
36223 19
36225 12
36233 1
36243 18
36244 11
36251 9
36253 8
36255 6
36263 12
36271 2
36282 10
36285 11
36292 6
36298 1
36308 4
36314 11
36320 12
36326 1
36336 6
36342 11
36349 9
36351 11
36357 13
36363 19
36365 6
36371 4
36377 10
36378 7
36381 12
36389 2
36398 6
36406 11
36412 11
36419 15
36421 21
36425 6
36431 20
36433 12
36441 12
36449 12
36455 3
36462 19
36464 13
36470 12
36476 14
36481 17
36483 11
36489 19
36491 10
36492 4
36500 5
36507 4
36515 12
36523 10
36526 12
36532 15
36534 14
36539 3
36546 13
36552 11
36558 10
36559 21
36563 14
36568 20
36570 20
36572 11
36578 12
36584 18
36585 15
36587 13
36593 15
36595 21
36599 8
36603 12
36609 2
36620 14
36627 3
36634 3
36640 17
36642 3
36648 9
36649 12
36655 16
36657 20
36659 16
36661 18
36662 21
36666 11
36673 9
36675 11
36682 13
36687 8
36689 1
36699 11
36705 11
36711 13
36716 5
36722 12
36730 11
36737 12
36743 18
36744 11
36750 15
36752 10
36755 3
36762 4
36768 2
36777 18
36778 13
36783 20
36785 20
36787 18
36788 12
36796 7
36798 11
36805 10
36808 20
36810 13
36816 13
36821 1
36831 19
36833 21
36837 5
36844 7
36847 18
36848 14
36853 11
36859 20
36861 14
36866 8
36870 12
36876 14
36883 13
36889 15
36891 18
36892 10
36895 20
36897 10
36898 11
36904 17
36906 1
36916 12
36924 9
36925 11
36931 5
36938 17
36940 13
36946 8
36950 4
36956 9
36958 10
36959 2
36968 1
36977 8
36979 16
36981 20
36983 18
36984 15
36986 16
36988 20
36990 13
36995 19
36997 21
37001 11
37007 12
37013 6
37019 14
37026 8
37028 3
37034 20
37036 1
37045 21
37049 13
37054 11
37060 13
37066 13
37072 10
37075 16
37077 3
37084 15
37086 2
37097 15
37099 12
37107 12
37113 18
37114 18
37115 15
37117 15
37119 11
37125 13
37131 11
37138 11
37144 11
37151 14
37158 11
37165 11
37172 14
37177 6
37183 6
37189 9
37191 17
37193 11
37199 11
37205 3
37212 11
37218 10
37221 6
37227 12
37233 11
37240 19
37242 15
37244 20
37246 16
37248 19
37250 19
37252 20
37254 21
37258 11
37265 12
37271 14
37276 11
37282 3
37289 11
37295 9
37296 11
37303 6
37311 7
37313 1
37322 6
37328 11
37334 20
37336 6
37342 6
37348 20
37350 3
37357 13
37362 16
37364 20
37366 15
37368 13
37374 1
37383 11
37389 18
37390 9
37392 18
37393 18
37394 9
37395 14
37402 18
37403 6
37411 21
37415 21
37419 11
37426 21
37430 5
37436 19
37438 17
37440 17
37442 4
37448 11
37454 9
37456 3
37463 12
37469 14
37476 14
37483 4
37491 15
37493 18
37494 3
37500 11
37507 18
37508 11
37514 11
37520 19
37522 13
37527 9
37528 7
37530 17
37532 2
37543 3
37550 5
37557 15
37559 4
37565 11
37571 13
37576 11
37582 13
37587 5
37593 11
37599 17
37601 12
37607 9
37609 7
37611 13
37617 20
37619 5
37626 6
37634 19
37636 21
37640 10
37643 21
37647 4
37653 13
37659 21
37663 18
37664 12
37670 14
37677 8
37681 4
37689 4
37695 19
37697 6
37705 4
37713 6
37719 3
37725 19
37727 17
37729 13
37735 8
37737 15
37739 13
37744 12
37750 8
37754 20
37756 20
37758 13
37763 6
37771 13
37776 18
37777 6
37783 5
37789 4
37797 18
37798 5
37805 11
37811 7
37813 8
37815 9
37817 12
37823 17
37825 10
37826 5
37833 11
37839 20
37841 12
37847 4
37853 11
37860 10
37863 8
37865 19
37867 2
37878 1
37888 8
37892 2
37903 2
37914 8
37918 19
37920 11
37927 9
37928 11
37934 12
37942 20
37944 18
37945 11
37951 15
37953 5
37959 11
37965 11
37971 1
37980 19
37982 11
37989 16
37991 20
37993 11
38000 10
38001 19
38003 12
38011 11
38017 11
38023 12
38029 18
38030 17
38032 8
38034 11
38041 11
38047 10
38050 12
38058 15
38060 11
38067 5
38073 11
38079 11
38086 15
38088 21
38092 8
38094 15
38096 11
38103 6
38109 21
38113 12
38121 1
38131 10
38132 9
38133 2
38144 4
38150 6
38156 9
38157 16
38159 15
38161 18
38162 18
38163 13
38168 10
38171 11
38177 15
38179 11
38185 3
38192 4
38200 6
38206 10
38207 19
38209 17
38211 13
38216 6
38222 7
38225 16
38227 18
38228 10
38231 4
38239 11
38246 12
38252 9
38253 12
38261 15
38263 15
38265 6
38273 21
38277 11
38283 12
38291 9
38292 12
38298 16
38300 5
38307 18
38308 20
38310 17
38312 10
38313 4
38319 21
38323 11
38329 2
38340 15
38342 14
38347 15
38349 6
38355 12
38363 21
38367 9
38368 17
38370 9
38372 7
38375 9
38376 12
38382 20
38384 11
38391 1
38401 3
38408 11
38414 20
38416 12
38424 11
38431 10
38434 16
38436 11
38443 19
38445 8
38447 4
38453 11
38459 14
38464 1
38474 21
38478 11
38485 11
38492 12
38498 18
38499 17
38501 3
38507 11
38514 9
38516 21
38520 16
38522 11
38529 13
38535 12
38543 18
38544 4
38550 13
38555 1
38565 10
38568 11
38574 21
38578 9
38579 12
38587 13
38593 5
38599 13
38604 17
38606 5
38612 5
38618 14
38625 11
38632 7
38635 12
38641 11
38648 5
38655 21
38659 4
38667 20
38669 19
38671 17
38673 18
38674 9
38675 17
38677 7
38679 5
38686 6
38694 12
38702 10
38703 11
38710 3
38717 12
38723 4
38729 12
38735 12
38741 16
38743 9
38744 8
38748 21
38752 10
38753 18
38754 7
38757 8
38759 16
38761 16
38763 11
38770 11
38777 18
38778 12
38786 11
38792 8
38794 11
38800 9
38801 16
38803 1
38813 21
38817 19
38819 17
38821 4
38829 10
38832 6
38840 12
38848 13
38853 7
38856 4
38864 16
38866 17
38868 12
38876 12
38884 11
38890 20
38892 18
38893 3
38899 11
38906 16
38908 2
38917 15
38919 18
38920 18
38921 5
38927 2
38936 9
38937 5
38943 13
38948 16
38950 6
38958 15
38960 2
38971 18
38972 4
38980 8
38982 2
38991 16
38993 18
38994 18
38995 21
38999 5
39005 16
39007 21
39011 12
39019 5
39026 7
39029 11
39035 8
39037 21
39041 18
39042 18
39043 8
39045 5
39052 13
39057 15
39059 6
39067 2
39076 2
39087 3
39093 8
39095 7
39097 2
39106 12
39114 2
39123 8
39127 21
39131 18
39132 20
39134 1
39143 15
39145 19
39147 7
39150 10
39153 12
39161 18
39162 2
39173 20
39175 3
39181 12
39189 2
39198 3
39204 14
39209 5
39215 11
39222 21
39226 11
39232 7
39235 1
39244 11
39250 13
39256 14
39263 10
39266 5
39272 18
39273 16
39275 3
39282 2
39291 3
39298 10
39299 1
39309 18
39310 12
39318 7
39320 17
39322 18
39323 11
39330 13
39336 6
39342 11
39349 11
39355 12
39361 13
39367 13
39372 12
39378 10
39381 18
39382 12
39388 12
39396 14
39403 8
39405 19
39407 16
39409 2
39418 10
39421 1
39431 2
39440 19
39442 11
39449 11
39455 5
39461 11
39468 17
39470 2
39479 21
39483 12
39491 10
39494 14
39499 12
39505 18
39506 17
39508 6
39514 14
39521 4
39529 21
39533 2
39542 12
39550 11
39556 14
39563 11
39569 13
39575 5
39582 14
39587 16
39589 11
39595 18
39596 6
39604 18
39605 4
39611 11
39618 9
39620 11
39627 20
39629 3
39635 1
39644 6
39650 11
39657 18
39658 4
39666 5
39673 18
39674 12
39682 18
39683 20
39685 18
39686 12
39694 18
39695 11
39701 18
39702 8
39704 11
39711 3
39717 9
39718 11
39725 2
39736 12
39742 11
39748 8
39750 16
39752 18
39753 3
39759 4
39767 5
39773 4
39781 14
39786 19
39788 18
39789 16
39791 8
39795 18
39796 9
39797 21
39801 11
39808 7
39810 11
39816 11
39823 9
39825 6
39831 4
39839 19
39841 11
39847 11
39854 12
39862 16
39864 21
39868 4
39874 3
39880 8
39884 15
39886 1
39896 19
39898 6
39904 15
39906 14
39913 11
39920 3
39926 18
39927 2
39936 19
39938 18
39939 2
39948 13
39953 6
39961 8
39963 2
39972 17
39974 11
39980 12
39986 6
39992 6
40000 6
40006 4
40012 10
40015 18
40016 6
40024 5
40031 15
40033 8
40037 4
40045 10
40046 5
40053 7
40056 2
40065 1
40075 17
40077 15
40079 12
40085 12
40091 21
40095 8
40097 3
40103 12
40111 20
40113 7
40115 16
40117 7
40119 8
40123 11
40130 7
40132 12
40140 9
40142 19
40144 7
40147 1
40157 4
40163 15
40165 9
40167 13
40172 11
40179 17
40181 14
40186 18
40187 7
40190 18
40191 9
40192 21
40196 2
40207 21
40211 18
40212 16
40214 12
40222 18
40223 16
40225 19
40227 1
40236 8
40238 4
40246 4
40252 2
40263 15
40265 18
40266 3
40272 21
40276 12
40282 17
40284 4
40290 15
40292 1
40302 9
40303 17
40305 18
40306 11
40313 20
40315 6
40321 10
40322 11
40328 11
40335 20
40337 6
40343 11
40350 8
40354 19
40356 12
40362 17
40364 3
40371 2
40382 18
40383 20
40385 16
40387 6
40393 20
40395 5
40402 9
40403 20
40405 1
40414 11
40420 4
40428 2
40439 3
40446 13
40451 17
40453 19
40455 18
40456 13
40462 16
40464 6
40472 7
40474 8
40478 12
40486 21
40490 6
40498 4
40504 21
40508 13
40514 12
40520 18
40521 21
40525 17
40527 14
40534 4
40542 17
40544 18
40545 6
40551 20
40553 9
40554 20
40556 2
40567 3
40574 1
40583 3
40589 10
40590 16
40592 15
40594 17
40596 13
40601 8
40603 12
40609 11
40616 15
40618 12
40624 1
40633 15
40635 10
40638 7
40640 20
40642 17
40644 5
40651 6
40659 11
40665 21
40669 4
40677 4
40685 5
40691 18
40692 9
40693 12
40699 19
40701 2
40710 7
40712 3
40718 5
40724 4
40732 6
40740 19
40742 12
40750 10
40753 8
40757 4
40765 18
40766 19
40768 7
40770 11
40777 11
40783 15
40785 15
40787 3
40793 17
40795 7
40797 12
40805 13
40810 19
40812 11
40818 4
40824 11
40830 6
40838 13
40844 16
40846 19
40848 17
40850 12
40858 2
40869 11
40876 11
40883 3
40889 11
40896 4
40902 1
40911 12
40919 10
40920 16
40922 10
40925 18
40926 5
40932 15
40934 7
40937 10
40938 18
40939 18
40940 1
40949 6
40955 8
40957 2
40968 12
40976 11
40983 11
40989 1
40998 11
41004 2
41015 1
41024 12
41030 18
41031 5
41037 13
41043 6
41051 11
41058 6
41064 2
41075 2
41084 16
41086 5
41092 7
41094 12
41102 16
41104 18
41105 17
41107 3
41113 12
41121 2
41130 12
41136 13
41141 18
41142 4
41148 11
41154 18
41155 20
41157 16
41159 11
41166 18
41167 13
41172 21
41176 12
41184 13
41190 20
41192 5
41199 18
41200 12
41208 10
41211 1
41221 9
41223 7
41226 4
41234 12
41240 9
41241 15
41243 16
41245 10
41248 14
41255 3
41262 3
41269 10
41270 21
41274 11
41280 9
41282 14
41287 9
41288 17
41290 7
41293 19
41295 6
41301 19
41303 1
41313 18
41314 8
41318 5
41325 2
41336 6
41342 6
41350 11
41357 15
41359 3
41365 11
41372 11
41379 18
41380 13
41385 8
41387 15
41389 18
41390 11
41397 18
41398 11
41404 17
41406 16
41408 8
41412 18
41413 1
41423 16
41425 20
41427 3
41433 19
41435 10
41438 3
41444 13
41449 1
41459 16
41461 18
41462 21
41466 10
41469 3
41475 3
41481 2
41492 3
41498 5
41504 3
41510 5
41516 6
41524 12
41530 21
41534 9
41536 2
41547 12
41553 7
41556 17
41558 18
41559 9
41561 9
41563 11
41569 4
41577 14
41582 10
41585 15
41587 4
41593 10
41596 12
41604 16
41606 7
41608 16
41610 5
41617 6
41623 10
41624 11
41631 13
41637 19
41639 8
41643 3
41649 1
41659 7
41662 11
41669 4
41675 10
41676 1
41686 9
41688 3
41695 4
41703 7
41706 12
41714 16
41716 11
41723 11
41729 7
41731 8
41735 7
41738 17
41740 8
41744 11
41750 8
41754 5
41760 8
41762 16
41764 13
41769 13
41775 10
41778 11
41785 16
41787 17
41789 5
41796 20
41798 9
41799 8
41801 11
41807 2
41818 7
41820 18
41821 19
41823 5
41830 10
41831 11
41838 21
41842 4
41850 11
41857 11
41864 7
41866 16
41868 16
41870 11
41876 12
41882 9
41883 19
41885 2
41896 8
41898 15
41900 19
41902 18
41903 5
41910 20
41912 2
41921 11
41928 13
41934 17
41936 9
41938 12
41946 15
41948 18
41949 18
41950 12
41958 19
41960 12
41968 6
41974 14
41979 12
41987 8
41989 10
41990 1
42000 5
42006 18
42007 6
42015 1
42024 9
42025 3
42032 12
42040 17
42042 19
42044 15
42046 2
42055 1
42064 8
42068 12
42074 12
42080 11
42087 19
42089 21
42093 16
42095 18
42096 14
42101 10
42104 21
42108 21
42112 12
42118 1
42128 9
42129 19
42131 6
42137 9
42139 11
42146 16
42148 10
42151 12
42159 18
42160 21
42164 5
42171 10
42172 11
42178 1
42188 13
42193 6
42201 11
42207 14
42214 11
42221 11
42228 16
42230 20
42232 2
42243 18
42244 2
42253 17
42255 18
42256 16
42258 12
42264 11
42271 9
42272 15
42274 17
42276 4
42284 8
42288 1
42297 3
42304 21
42308 7
42310 13
42316 18
42317 11
42324 14
42329 12
42337 12
42343 5
42350 16
42352 3
42358 17
42360 16
42362 18
42363 6
42371 4
42379 3
42386 4
42392 5
42399 12
42405 3
42412 9
42414 7
42416 12
42422 7
42424 12
42432 21
42436 1
42446 20
42448 17
42450 5
42457 18
42458 18
42459 9
42460 6
42468 11
42475 17
42477 15
42479 18
42480 3
42486 12
42492 3
42498 9
42500 8
42502 17
42504 8
42508 17
42510 15
42512 11
42519 18
42520 21
42524 20
42526 15
42528 12
42536 16
42538 17
42540 1
42550 6
42556 3
42562 19
42564 5
42570 12
42576 6
42582 4
42590 14
42595 21
42599 18
42600 16
42602 3
42608 11
42615 14
42622 12
42628 6
42636 20
42638 13
42643 16
42645 17
42647 16
42649 2
42660 16
42662 10
42665 17
42667 11
42673 11
42679 15
42681 12
42687 7
42689 18
42690 11
42697 8
42699 13
42704 13
42709 15
42711 21
42715 11
42722 3
42728 7
42731 12
42739 20
42741 16
42743 20
42745 2
42756 16
42758 7
42761 13
42766 19
42768 2
42777 18
42778 21
42782 20
42784 13
42789 8
42793 3
42800 19
42802 14
42809 17
42811 18
42812 12
42818 4
42826 11
42832 2
42841 9
42843 2
42854 2
42863 16
42865 6
42873 18
42874 13
42879 15
42881 9
42882 18
42883 1
42893 15
42895 12
42903 16
42905 11
42911 1
42921 18
42922 21
42926 8
42928 12
42934 9
42935 9
42936 8
42938 11
42945 11
42951 4
42957 5
42963 16
42965 11
42972 10
42973 18
42974 18
42975 7
42977 5
42984 6
42992 5
42998 15
43000 10
43001 1
43010 19
43012 6
43020 4
43028 20
43030 14
43035 20
43037 12
43045 1
43055 19
43057 19
43059 11
43065 18
43066 9
43068 17
43070 2
43079 13
43084 5
43091 5
43098 14
43105 14
43110 19
43112 21
43116 2
43125 18
43126 17
43128 16
43130 11
43136 11
43142 18
43143 3
43150 20
43152 12
43158 11
43164 6
43172 2
43181 18
43182 18
43183 13
43189 7
43192 1
43202 15
43204 8
43208 18
43209 11
43215 11
43221 7
43223 2
43234 1
43244 14
43249 11
43256 11
43262 8
43264 15
43266 3
43272 17
43274 6
43282 13
43287 12
43295 16
43297 5
43304 14
43309 4
43317 11
43324 8
43328 12
43334 14
43341 2
43350 18
43351 9
43352 11
43358 12
43366 9
43368 9
43369 15
43371 5
43378 18
43379 15
43381 9
43382 15
43384 12
43392 16
43394 3
43400 7
43402 21
43406 11
43412 6
43418 1
43428 12
43436 21
43440 2
43451 14
43458 11
43465 5
43471 12
43477 11
43483 12
43491 20
43493 1
43503 11
43509 12
43517 13
43523 18
43524 18
43525 20
43527 11
43534 18
43535 18
43536 20
43538 1
43548 18
43549 6
43557 15
43559 18
43560 13
43565 11
43572 4
43580 11
43587 12
43595 18
43596 11
43603 12
43609 18
43610 6
43616 20
43618 20
43620 12
43628 7
43630 9
43632 12
43638 11
43644 18
43645 1
43655 12
43663 11
43669 15
43671 16
43673 11
43680 11
43687 10
43688 12
43696 18
43697 19
43699 11
43705 4
43711 14
43716 8
43718 6
43724 14
43731 4
43739 7
43741 4
43749 18
43750 8
43754 19
43756 4
43762 6
43768 9
43769 11
43775 16
43777 7
43780 12
43786 6
43792 9
43794 6
43802 14
43807 12
43813 12
43821 12
43829 11
43835 6
43841 1
43850 3
43856 3
43862 18
43863 13
43869 12
43877 20
43879 1
43889 21
43893 8
43895 19
43897 4
43905 4
43913 18
43914 16
43916 9
43917 11
43924 15
43926 14
43933 19
43935 16
43937 11
43944 18
43945 11
43951 14
43958 15
43960 12
43968 6
43974 14
43979 18
43980 3
43986 14
43991 7
43993 4
44001 9
44003 8
44007 19
44009 8
44011 8
44013 17
44015 11
44022 8
44024 7
44026 12
44032 4
44040 4
44046 4
44052 5
44058 7
44060 19
44062 12
44070 20
44072 1
44081 7
44084 11
44090 6
44096 8
44100 5
44107 18
44108 11
44114 10
44117 11
44124 20
44126 3
44133 18
44134 4
44142 5
44148 20
44150 6
44158 9
44160 19
44162 6
44168 21
44172 9
44173 5
44179 15
44181 1
44190 21
44194 2
44205 10
44208 12
44214 20
44216 14
44223 2
44234 19
44236 11
44242 11
44248 18
44249 21
44253 13
44259 13
44265 12
44273 20
44275 1
44284 13
44290 15
44292 11
44299 10
44302 1
44312 13
44317 11
44323 10
44324 19
44326 5
44333 19
44335 15
44337 3
44344 13
44350 5
44356 10
44357 18
44358 20
44360 14
44365 1
44374 14
44379 1
44389 8
44391 2
44402 4
44410 3
44416 18
44417 4
44425 7
44427 11
44434 7
44436 18
44437 18
44438 5
44444 7
44446 14
44453 12
44459 7
44462 16
44464 12
44472 8
44474 11
44481 18
44482 3
44488 2
44499 20
44501 5
44507 3
44513 10
44514 11
44521 3
44528 14
44533 11
44539 18
44540 11
44547 17
44549 6
44557 12
44563 3
44570 17
44572 17
44574 19
44576 12
44584 7
44586 12
44592 13
44597 5
44603 6
44609 3
44615 6
44621 4
44629 2
44640 17
44642 4
44650 18
44651 2
44660 21
44664 16
44666 16
44668 12
44674 7
44676 9
44678 20
44680 13
44686 19
44688 20
44690 18
44691 16
44693 20
44695 5
44702 12
44710 2
44721 21
44725 12
44733 11
44739 12
44745 19
44747 14
44752 21
44756 4
44762 9
44764 9
44766 13
44771 16
44773 8
44775 15
44777 21
44781 18
44782 17
44784 3
44790 20
44792 2
44803 9
44804 13
44810 15
44812 16
44814 2
44823 16
44825 18
44826 3
44832 19
44834 5
44840 18
44841 13
44846 3
44852 14
44857 4
44863 13
44869 7
44872 13
44877 12
44885 12
44893 14
44900 18
44901 4
44909 17
44911 17
44913 8
44915 12
44923 7
44925 18
44926 10
44927 3
44933 12
44939 5
44945 12
44951 2
44962 11
44969 11
44976 20
44978 7
44980 4
44988 17
44990 3
44996 21
45000 20
45002 9
45004 21
45008 11
45015 4
45021 12
45027 21
45031 12
45039 1
45048 9
45050 12
45058 3
45064 11
45071 11
45077 12
45085 8
45087 10
45090 8
45094 1
45104 15
45106 12
45114 18
45115 11
45121 6
45127 7
45129 6
45135 14
45142 20
45144 14
45151 11
45157 6
45165 16
45167 10
45170 3
45176 11
45183 12
45191 14
45198 12
45204 13
45210 12
45218 11
45225 12
45231 17
45233 19
45235 19
45237 8
45239 7
45242 20
45244 16
45246 8
45250 15
45252 7
45254 12
45260 9
45262 17
45264 5
45270 16
45272 11
45278 19
45280 11
45287 14
45294 3
45300 20
45302 8
45304 12
45310 6
45318 3
45325 12
45331 13
45336 16
45338 6
45344 7
45346 5
45352 16
45354 17
45356 11
45363 11
45369 4
45377 12
45383 17
45385 20
45387 14
45394 9
45396 10
45397 20
45399 14
45404 4
45410 11
45417 13
45423 9
45425 2
45436 12
45442 2
45451 11
45457 13
45462 15
45464 18
45465 7
45468 11
45474 18
45475 6
45483 12
45491 17
45493 19
45495 7
45498 7
45501 8
45505 2
45514 6
45520 18
45521 11
45528 15
45530 12
45536 14
45541 10
45544 10
45545 12
45553 5
45559 5
45566 13
45571 18
45572 21
45576 20
45578 7
45581 4
45587 5
45593 21
45597 14
45602 5
45609 11
45615 10
45618 2
45627 16
45629 11
45635 8
45637 19
45639 9
45641 15
45643 18
45644 1
45653 5
45660 10
45663 11
45670 21
45674 5
45681 14
45686 3
45693 18
45694 14
45699 12
45707 9
45708 16
45710 9
45712 5
45719 11
45725 18
45726 3
45732 11
45738 16
45740 19
45742 11
45748 21
45752 11
45759 18
45760 16
45762 18
45763 3
45769 18
45770 17
45772 9
45774 21
45778 20
45780 4
45786 21
45790 11
45797 12
45805 20
45807 14
45812 11
45818 9
45819 20
45821 8
45825 19
45827 15
45829 12
45835 4
45841 19
45843 17
45845 8
45849 13
45854 16
45856 11
45863 12
45869 11
45876 7
45879 4
45887 14
45894 7
45897 9
45898 6
45904 11
45910 8
45912 19
45914 19
45916 4
45924 19
45926 3
45932 17
45934 1
45944 18
45945 4
45953 17
45955 6
45963 11
45969 5
45976 1
45986 9
45988 18
45989 11
45995 16
45997 6
46005 19
46007 19
46009 9
46011 12
46017 18
46018 9
46019 14
46024 13
46029 6
46037 1
46046 10
46049 10
46050 6
46058 9
46060 4
46066 11
46073 11
46080 5
46086 12
46092 11
46099 1
46109 20
46111 4
46117 12
46125 4
46131 11
46138 18
46139 14
46144 12
46150 4
46156 13
46161 5
46167 15
46169 12
46177 8
46179 11
46186 11
46193 13
46199 2
46208 8
46210 17
46212 6
46218 19
46220 19
46222 10
46223 12
46229 12
46235 13
46241 12
46247 4
46253 14
46260 17
46262 20
46264 12
46270 12
46276 12
46282 11
46288 7
46290 18
46291 6
46297 2
46308 1
46317 20
46319 11
46325 18
46326 11
46332 6
46338 1
46348 4
46354 7
46357 17
46359 2
46368 4
46376 3
46382 19
46384 18
46385 13
46390 1
46400 18
46401 12
46407 8
46409 6
46415 18
46416 11
46423 20
46425 7
46427 12
46435 3
46442 19
46444 12
46452 21
46456 10
46457 1
46466 19
46468 12
46474 12
46480 9
46482 21
46486 18
46487 10
46490 4
46496 4
