10000
1 19
3 1
10 12
16 11
22 13
28 12
34 3
38 4
44 12
50 11
56 6
64 5
68 5
72 5
76 12
84 12
88 8
92 14
96 11
100 7
102 15
104 20
106 4
114 12
120 14
126 4
130 1
140 17
142 21
146 5
153 18
154 18
155 18
156 11
162 8
164 4
172 14
179 11
183 10
184 12
188 12
194 15
196 18
197 2
208 16
210 18
211 12
215 4
219 20
221 14
228 16
230 12
238 8
242 5
249 7
252 14
259 18
260 7
262 18
263 11
267 12
273 5
278 4
286 11
293 11
297 8
301 17
303 4
309 7
311 10
314 4
320 2
329 17
331 15
333 16
335 19
336 12
340 3
345 6
351 12
357 16
359 11
363 17
365 1
373 17
375 2
384 15
386 14
392 2
403 18
404 17
406 10
407 2
418 7
420 11
426 5
431 1
439 9
441 2
452 20
454 10
455 9
457 7
459 13
464 14
468 18
469 1
478 4
484 6
490 12
496 9
497 15
499 20
501 17
503 9
505 21
509 12
513 20
515 9
516 10
519 9
520 16
522 10
525 20
527 17
529 8
533 13
538 10
541 8
543 14
550 15
552 21
556 13
562 11
568 11
573 13
578 3
584 18
585 2
596 11
602 11
608 18
609 14
615 7
618 16
620 10
621 6
627 9
629 9
630 12
634 14
640 1
650 9
652 1
661 10
664 12
670 15
672 10
673 4
679 12
685 4
689 7
692 20
693 11
700 11
707 4
713 12
719 6
723 9
725 6
731 4
737 8
741 16
743 7
746 5
752 10
753 16
755 11
760 12
766 12
772 18
773 6
779 20
781 18
782 15
784 11
789 9
790 15
792 19
794 19
796 2
807 16
809 17
811 18
812 19
814 17
816 11
820 16
822 7
824 7
827 11
832 12
838 7
840 16
842 9
844 16
846 21
850 3
855 11
862 19
863 11
868 15
870 12
874 1
882 17
884 21
888 5
895 12
901 2
910 20
911 10
914 11
921 7
924 12
928 11
932 21
936 4
942 6
950 3
955 15
957 12
963 8
967 15
969 3
976 10
977 11
982 14
988 16
990 18
991 18
992 12
998 7
1000 3
1005 4
1013 7
1016 14
1022 1
1030 12
1034 12
1038 8
1042 17
1044 1
1052 11
1057 12
1063 21
1067 6
1075 18
1076 20
1077 18
1078 12
1082 9
1083 14
1088 9
1090 11
1094 12
1100 19
1102 1
1111 15
1113 11
1120 19
1122 12
1130 17
1132 20
1134 4
1142 10
1143 2
1152 20
1154 1
1163 19
1165 11
1172 17
1174 8
1176 5
1180 11
1185 10
1186 4
1190 12
1196 8
1198 10
1199 16
1201 18
1202 18
1203 1
1211 2
1220 6
1224 5
1230 6
1236 14
1243 13
1248 12
1254 16
1256 10
1259 18
1260 19
1261 6
1265 9
1267 11
1273 18
1274 12
1280 11
1286 13
1290 11
1296 9
1298 2
1309 12
1315 20
1316 15
1318 11
1323 7
1325 4
1333 12
1341 17
1343 12
1347 3
1354 7
1356 5
1360 13
1365 4
1373 12
1379 3
1386 5
1392 12
1398 4
1406 12
1414 3
1420 18
1421 13
1426 15
1428 13
1434 4
1440 21
1444 18
1445 17
1447 3
1451 18
1452 13
1457 19
1459 12
1463 8
1465 11
1469 20
1471 21
1475 7
1478 11
1482 14
1487 18
1488 18
1489 1
1499 2
1506 7
1509 21
1513 7
1516 13
1520 1
1530 13
1535 14
1539 11
1544 2
1553 12
1561 10
1564 4
1570 8
1572 17
1574 15
1576 17
1578 6
1582 16
1584 12
1590 20
1591 15
1593 6
1599 15
1601 11
1608 19
1609 3
1613 19
1615 1
1622 18
1623 12
1627 11
1633 5
1638 19
1640 21
1644 16
1646 11
1650 12
1654 13
1658 21
1662 12
1670 5
1675 18
1676 2
1687 18
1688 11
1692 11
1699 8
1701 4
1705 13
1710 21
1714 12
1722 6
1728 12
1736 8
1738 5
1745 15
1747 9
1748 8
1752 6
1758 6
1764 2
1773 6
1781 6
1787 11
1792 3
1796 17
1798 2
1809 10
1812 7
1815 3
1819 17
1821 2
1830 14
1836 5
1840 19
1842 5
1846 4
1852 11
1856 21
1860 20
1862 11
1866 11
1870 12
1876 3
1881 12
1887 20
1888 11
1895 12
1903 11
1908 20
1909 18
1910 11
1917 9
1919 11
1924 11
1931 17
1933 19
1934 12
1938 20
1939 19
1941 12
1947 14
1954 7
1956 17
1958 1
1966 20
1968 1
1976 9
1978 15
1980 18
1981 3
1986 6
1994 9
1996 14
2000 11
2006 6
2012 10
2013 7
2015 11
2020 6
2024 20
2025 16
2027 12
2033 15
2035 16
2037 9
2039 21
2043 18
2044 2
2053 20
2055 1
2062 13
2067 6
2073 20
2075 12
2083 10
2086 11
2092 16
2094 2
2105 11
2111 10
2114 11
2121 20
2123 16
2125 21
2129 17
2131 12
2139 21
2143 1
2151 21
2155 12
2161 4
2167 7
2170 11
2176 17
2178 11
2183 9
2185 11
2189 9
2190 14
2196 12
2204 11
2211 16
2213 21
2217 4
2223 18
2224 11
2228 11
2235 3
2241 11
2246 16
2248 6
2254 11
2258 6
2264 20
2266 20
2267 15
2269 19
2270 11
2276 11
2283 12
2289 16
2291 20
2293 13
2297 12
2303 11
2310 18
2311 20
2312 21
2316 19
2317 12
2323 17
2325 1
2333 1
2343 9
2344 12
2352 7
2355 15
2357 6
2361 17
2363 1
2370 16
2372 11
2377 19
2378 15
2380 20
2382 11
2386 10
2389 13
2395 10
2396 7
2398 5
2405 12
2413 21
2417 7
2419 11
2423 15
2425 12
2433 12
2439 14
2445 1
2453 5
2459 11
2466 19
2468 21
2472 14
2476 5
2482 10
2483 12
2487 15
2489 11
2495 6
2501 4
2507 3
2511 2
2520 15
2522 15
2524 20
2525 19
2526 4
2532 19
2533 16
2535 17
2537 19
2538 10
2541 10
2544 11
2548 15
2550 12
2556 11
2560 4
2564 12
2570 18
2571 4
2575 19
2576 16
2578 1
2588 15
2590 1
2599 7
2602 17
2604 7
2606 11
2613 16
2615 6
2621 20
2623 12
2631 3
2637 20
2638 18
2639 16
2641 15
2643 18
2644 18
2645 6
2651 15
2653 10
2654 3
2661 11
2665 12
2671 10
2672 19
2673 9
2674 6
2682 3
2686 12
2692 12
2700 4
2708 12
2712 4
2718 9
2720 7
2723 1
2731 21
2735 1
2742 12
2746 14
2751 19
2752 18
2753 14
2760 11
2765 3
2772 12
2776 7
2778 11
2784 1
2791 17
2793 3
2798 11
2803 4
2809 3
2813 13
2818 11
2824 21
2828 12
2832 11
2837 11
2843 3
2847 6
2853 12
2861 11
2868 6
2876 11
2881 11
2885 4
2889 19
2890 7
2893 8
2897 5
2904 11
2910 2
2919 11
2923 4
2931 1
2938 19
2939 2
2948 3
2954 18
2955 12
2959 1
2966 5
2973 21
2977 10
2978 15
2980 12
2988 21
2992 9
2994 16
2996 10
2997 16
2999 21
3003 4
3009 13
3015 18
3016 12
3022 13
3027 11
3034 15
3036 6
3044 12
3048 18
3049 4
3053 17
3055 6
3061 8
3065 1
3075 13
3079 4
3087 20
3088 11
3095 15
3097 11
3104 18
3105 16
3107 15
3109 17
3111 13
3115 12
3121 12
3127 5
3134 7
3136 2
3147 16
3149 19
3150 6
3154 20
3156 16
3158 11
3163 12
3167 2
3178 8
3180 11
3187 18
3188 15
3190 11
3195 3
3200 14
3204 21
3208 6
3214 15
3216 16
3218 11
3223 15
3225 11
3229 18
3230 3
3237 20
3238 16
3240 4
3244 11
3250 18
3251 12
3255 14
3259 18
3260 19
3261 18
3262 15
3264 10
3267 9
3269 11
3273 16
3275 11
3279 13
3284 18
3285 11
3289 11
3294 11
3300 20
3302 12
3306 20
3308 6
3312 8
3316 15
3318 4
3324 18
3325 7
3327 9
3329 11
3336 4
3340 15
3342 7
3345 7
3347 12
3353 17
3355 12
3359 4
3365 5
3371 16
3373 12
3379 3
3385 8
3387 18
3388 6
3394 18
3395 10
3396 11
3401 5
3408 18
3409 12
3417 2
3424 5
3428 8
3430 20
3431 20
3433 6
3439 7
3441 1
3450 16
3452 15
3454 3
3459 19
3460 7
3462 3
3466 19
3467 11
3474 1
3481 18
3482 4
3488 11
3495 12
3499 18
3500 10
3503 7
3505 1
3512 18
3513 21
3517 3
3521 14
3528 6
3536 6
3542 21
3546 12
3552 12
3556 8
3560 5
3566 21
3570 16
3572 5
3577 12
3583 7
3585 17
3587 1
3597 21
3601 4
3609 17
3611 18
3612 20
3613 15
3615 15
3617 4
3621 8
3623 19
3625 8
3629 1
3636 16
3638 6
3644 1
3654 14
3660 2
3669 11
3673 1
3681 12
3685 9
3687 9
3688 21
3692 11
3699 14
3705 18
3706 21
3710 6
3716 12
3720 21
3724 1
3731 4
3737 2
3746 17
3748 9
3749 11
3756 13
3761 4
3767 20
3768 5
3774 13
3779 2
3788 15
3790 11
3796 12
3800 18
3801 13
3805 5
3812 17
3814 4
3820 14
3826 5
3832 2
3839 3
3845 15
3847 2
3858 11
3865 20
3866 2
3877 16
3879 5
3885 11
3890 2
3897 11
3903 5
3907 1
3915 11
3920 2
3931 11
3937 14
3942 16
3944 4
3950 4
3954 9
3956 9
3957 10
3960 4
3966 17
3968 9
3970 19
3972 15
3974 10
3977 12
3983 11
3988 10
3989 5
3996 1
4003 11
4008 11
4013 1
4023 17
4025 11
4029 6
4035 18
4036 5
4042 8
4044 19
4045 15
4047 12
4055 21
4059 10
4060 7
4063 11
4070 15
4072 1
4081 18
4082 5
4088 12
4094 11
4101 14
4107 18
4108 11
4115 17
4117 18
4118 13
4124 12
4130 4
4136 15
4138 12
4146 18
4147 15
4149 9
4151 2
4162 11
4167 15
4169 16
4171 9
4173 18
4174 21
4178 17
4180 14
4184 5
4189 2
4200 2
4211 15
4213 15
4215 12
4219 19
4221 12
4225 19
4226 13
4232 21
4236 19
4237 13
4242 14
4246 11
4252 8
4256 7
4258 13
4262 19
4263 19
4264 20
4266 19
4268 6
4274 7
4277 11
4281 11
4287 13
4292 6
4296 3
4303 4
4307 11
4312 10
4315 18
4316 21
4320 19
4322 12
4326 3
4333 18
4334 12
4338 6
4344 17
4346 8
4350 11
4354 8
4358 20
4360 20
4362 10
4363 1
4373 6
4379 1
4388 12
4394 12
4398 14
4403 17
4405 7
4407 20
4408 9
4409 5
4413 12
4419 12
4425 16
4427 21
4431 20
4433 11
4438 8
4440 1
4448 12
4454 18
4455 10
4458 20
4459 15
4461 16
4463 21
4467 18
4468 19
4470 18
4471 4
4477 14
4481 12
4487 2
4494 5
4499 18
4500 15
4502 4
4506 20
4507 3
4512 4
4518 7
4521 3
4525 11
4531 19
4533 19
4535 16
4537 7
4540 11
4546 21
4550 8
4552 12
4558 18
4559 9
4560 17
4562 3
4567 17
4569 2
4580 5
4586 1
4595 18
4596 18
4597 11
4604 6
4608 11
4612 7
4614 14
4620 7
4623 9
4624 18
4625 12
4631 20
4633 4
4639 3
4645 15
4647 15
4649 9
4650 14
4657 11
4662 12
4668 15
4670 20
4671 8
4675 1
4685 18
4686 2
4695 7
4698 8
4702 13
4707 14
4711 6
4717 9
4718 12
4724 10
4727 21
4731 3
4738 14
4745 1
4755 6
4761 12
4767 5
4771 1
4780 21
4784 18
4785 9
4786 8
4790 15
4792 12
4800 3
4804 14
4809 19
4810 18
4811 2
4820 12
4826 16
4828 16
4830 11
4835 18
4836 16
4838 12
4844 17
4846 21
4850 15
4852 14
4858 7
4860 13
4865 5
4871 12
4875 21
4879 3
4883 18
4884 10
4887 16
4889 3
4895 4
4899 12
4905 7
4907 11
4912 7
4915 12
4923 18
4924 12
4930 12
4936 12
4942 2
4951 21
4955 12
4963 1
4973 17
4975 12
4981 18
4982 19
4983 2
4992 2
5001 14
5008 9
5009 18
5010 11
5017 18
5018 5
5025 17
5027 6
5033 19
5035 1
5045 1
5053 18
5054 1
5063 16
5065 18
5066 6
5072 6
5080 17
5082 2
5091 18
5092 20
5093 3
5097 11
5104 11
5111 21
5115 18
5116 18
5117 21
5121 12
5127 11
5133 1
5142 2
5151 9
5153 6
5157 19
5159 18
5160 5
5164 5
5169 16
5171 4
5177 16
5179 20
5180 17
5182 13
5188 8
5192 11
5199 13
5205 15
5207 5
5212 20
5213 4
5219 11
5225 8
5229 11
5233 11
5239 21
5243 1
5253 11
5258 18
5259 15
5261 6
5269 7
5272 15
5274 8
5276 15
5278 11
5284 11
5289 7
5291 12
5297 15
5299 11
5306 5
5311 13
5317 12
5323 21
5327 19
5328 10
5331 2
5342 5
5348 20
5349 18
5350 20
5352 13
5357 2
5366 2
5377 9
5379 9
5381 7
5383 1
5391 8
5395 11
5402 9
5404 13
5410 5
5414 12
5418 15
5420 19
5421 12
5427 12
5433 6
5441 7
5444 8
5448 12
5452 21
5456 7
5458 6
5466 1
5474 15
5476 21
5480 20
5481 1
5490 6
5494 6
5502 20
5504 20
5506 15
5508 12
5512 14
5517 13
5521 12
5529 10
5530 11
5536 12
5540 20
5541 11
5548 5
5555 12
5559 12
5565 19
5567 12
5573 9
5574 18
5575 12
5581 11
5587 18
5588 11
5593 16
5595 8
5597 4
5603 7
5606 6
5610 12
5616 17
5618 14
5624 15
5626 4
5632 17
5634 20
5636 15
5638 14
5645 16
5647 16
5649 2
5658 20
5660 20
5661 1
5671 11
5678 18
5679 17
5681 4
5687 11
5693 15
5695 12
5701 3
5708 11
5714 3
5720 8
5722 16
5724 15
5726 17
5728 16
5730 2
5739 6
5745 8
5747 11
5752 14
5756 15
5758 19
5760 6
5768 13
5774 17
5776 16
5778 8
5782 12
5790 5
5795 21
5799 19
5800 3
5806 12
5812 7
5815 10
5816 18
5817 19
5819 3
5823 7
5825 12
5833 21
5837 14
5844 11
5851 4
5855 6
5861 5
5867 21
5871 19
5872 4
5878 19
5879 11
5884 21
5888 15
5890 2
5901 6
5909 11
5915 18
5916 9
5918 4
5922 11
5926 7
5929 4
5933 16
5935 6
5941 15
5943 12
5947 17
5949 15
5951 7
5954 12
5960 5
5967 10
5968 4
5974 7
5976 15
5978 12
5984 11
5991 12
5995 12
6001 19
6003 1
6012 4
6016 4
6022 3
6029 6
6035 14
6040 15
6042 8
6044 11
6048 4
6052 13
6057 21
6061 13
6065 1
6072 11
6076 15
6078 1
6086 1
6093 18
6094 11
6100 10
6103 12
6109 20
6111 17
6113 11
6119 1
6126 18
6127 20
6128 11
6135 12
6143 3
6150 16
6152 14
6157 12
6161 5
6167 19
6168 12
6172 4
6178 1
6188 10
6191 16
6193 12
6201 20
6203 5
6207 12
6213 6
6217 13
6221 16
6223 7
6225 14
6229 7
6232 11
6239 16
6241 9
6242 12
6250 14
6255 16
6257 16
6259 8
6263 21
6267 11
6274 5
6279 15
6281 4
6289 6
6293 19
6295 12
6299 8
6301 12
6307 20
6309 12
6317 7
6320 11
6324 18
6325 8
6327 9
6328 18
6329 9
6330 5
6334 19
6335 13
6339 7
6342 17
6344 1
6353 7
6355 9
6356 13
6361 17
6363 4
6367 18
6368 6
6376 8
6380 20
6382 18
6383 12
6389 13
6394 11
6399 14
6406 19
6407 6
6411 2
6420 11
6425 11
6429 11
6435 2
6444 5
6449 17
6451 15
6453 11
6458 5
6465 9
6467 18
6468 11
6472 15
6474 7
6476 1
6486 11
6491 17
6493 2
6502 7
6504 10
6505 17
6507 6
6513 9
6514 20
6515 10
6518 8
6520 17
6522 10
6523 5
6529 13
6535 5
6540 1
6548 21
6552 9
6554 13
6560 14
6564 21
6568 1
6578 11
6585 2
6594 6
6600 4
6608 1
6618 18
6619 16
6621 15
6623 9
6625 12
6631 21
6635 20
6636 12
6642 13
6648 8
6652 15
6654 10
6655 11
6660 3
6665 9
6666 14
6670 11
6676 11
6683 11
6690 16
6692 12
6700 18
6701 7
6704 1
6711 5
6717 11
6723 15
6725 11
6729 16
6731 16
6733 17
6735 10
6736 12
6742 12
6748 15
6750 4
6754 18
6755 19
6756 16
6758 12
6764 11
6771 12
6777 18
6778 14
6784 14
6789 16
6791 12
6797 8
6801 12
6807 6
6813 11
6817 7
6819 3
6824 21
6828 2
6837 2
6848 17
6850 16
6852 9
6853 10
6856 15
6858 8
6862 12
6868 11
6875 3
6882 3
6886 13
6891 3
6896 12
6904 5
6911 11
6916 4
6922 9
6924 11
6931 15
6933 8
6935 11
6941 6
6947 12
6953 18
6954 18
6955 1
6964 1
6973 21
6977 2
6988 9
6989 21
6993 14
6998 18
6999 11
7006 4
7010 6
7014 11
7019 15
7021 21
7025 6
7031 11
7037 10
7038 18
7039 12
7043 8
7045 13
7051 3
7055 6
7061 11
7068 20
7070 16
7072 20
7073 13
7078 11
7083 11
7088 18
7089 17
7091 3
7098 8
7102 9
7103 11
7109 18
7110 17
7112 3
7119 17
7121 16
7123 12
7129 10
7130 11
7137 19
7138 13
7144 11
7150 1
7160 18
7161 21
7165 21
7169 10
7172 14
7176 10
7177 11
7182 13
7187 11
7193 8
7197 16
7199 16
7201 9
7203 12
7209 18
7210 3
7215 6
7219 9
7221 14
7226 2
7233 20
7234 15
7236 5
7241 19
7242 18
7243 11
7247 18
7248 11
7253 7
7256 7
7259 3
7263 7
7266 7
7268 3
7274 10
7275 16
7277 16
7279 2
7288 13
7293 7
7295 5
7302 11
7307 12
7313 5
7317 11
7324 3
7331 8
7335 10
7336 5
7341 18
7342 11
7349 12
7355 13
7360 11
7366 18
7367 9
7369 12
7375 11
7380 12
7386 11
7393 21
7397 17
7399 3
7405 9
7407 6
7411 12
7415 7
7417 2
7426 12
7432 16
7434 13
7440 1
7450 10
7453 16
7455 10
7456 7
7458 11
7464 1
7474 9
7476 20
7477 5
7483 9
7485 15
7487 9
7489 11
7495 1
7505 11
7510 21
7514 11
7520 12
7526 11
7530 18
7531 12
7537 19
7539 5
7546 19
7547 20
7549 16
7551 5
7558 17
7560 15
7562 16
7564 11
7571 1
7581 5
7587 6
7591 11
7595 6
7601 4
7609 18
7610 4
7616 11
7622 1
7632 18
7633 15
7635 18
7636 19
7638 13
7644 3
7650 12
7654 1
7661 15
7663 18
7664 14
7670 17
7672 20
7674 1
7683 1
7692 14
7696 18
7697 18
7698 20
7700 5
7705 11
7712 21
7716 10
7717 8
7721 11
7728 17
7730 18
7731 5
7735 4
7741 4
7747 1
7757 11
7763 11
7770 3
7777 5
7783 12
7789 6
7795 11
7800 21
7804 3
7808 12
7812 7
7814 11
7818 8
7820 12
7826 17
7828 17
7830 14
7834 10
7837 18
7838 14
7845 11
7849 5
7853 3
7859 4
7865 4
7871 2
7878 19
7879 18
7880 19
7881 4
7887 15
7889 15
7891 18
7892 6
7898 18
7899 7
7902 13
7906 18
7907 10
7908 7
7911 3
7917 11
7922 13
7927 10
7930 11
7937 16
7939 1
7946 7
7949 5
7953 13
7959 18
7960 8
7964 19
7966 1
7974 11
7978 16
7980 12
7988 13
7993 15
7995 10
7996 1
8006 7
8008 8
8012 13
8016 11
8022 8
8024 20
8025 19
8027 5
8034 18
8035 20
8037 12
8043 7
8045 16
8047 8
8049 18
8050 8
8052 15
8054 21
8058 11
8064 4
8072 9
8073 4
8077 11
8082 18
8083 11
8089 12
8095 2
8104 12
8110 15
8112 4
8116 17
8118 8
8120 3
8124 11
8130 20
8132 11
8136 15
8138 7
8141 18
8142 16
8144 1
8152 17
8154 13
8159 16
8161 12
8167 18
8168 21
8172 9
8173 11
8178 4
8182 21
8186 19
8187 10
8188 14
8194 11
8199 5
8206 13
8210 21
8214 2
8221 12
8227 10
8228 18
8229 5
8235 14
8242 14
8247 13
8251 18
8252 12
8260 18
8261 14
8265 10
8268 3
8272 9
8274 9
8275 4
8281 12
8289 13
8295 6
8301 7
8303 12
8309 12
8315 9
8316 21
8320 5
8324 18
8325 12
8331 8
8335 1
8343 12
8349 21
8353 2
8362 4
8368 15
8370 11
8375 1
8383 16
8385 18
8386 21
8390 18
8391 12
8397 18
8398 11
8405 11
8412 16
8414 16
8416 2
8427 18
8428 21
8432 17
8434 5
8438 18
8439 11
8444 1
8451 12
8455 12
8459 11
8465 4
8471 14
8478 11
8484 12
8490 4
8498 12
8504 4
8510 12
8514 14
8519 12
8527 13
8533 8
8535 7
8538 16
8540 14
8546 14
8550 9
8551 7
8554 11
8561 14
8565 12
8573 10
8574 13
8580 1
8589 4
8595 9
8596 6
8604 2
8611 16
8613 7
8615 18
8616 18
8617 20
8619 18
8620 3
8627 17
8629 18
8630 18
8631 2
8640 19
8641 11
8646 20
8648 20
8649 19
8650 17
8652 8
8654 15
8656 7
8659 21
8663 12
8671 14
8677 2
8686 14
8691 12
8697 20
8699 7
8702 18
8703 13
8708 12
8716 21
8720 6
8726 10
8727 19
8728 18
8729 1
8736 3
8742 19
8743 11
8750 13
8755 7
8758 18
8759 7
8762 11
8766 12
8774 2
8781 2
8788 12
8796 3
8802 12
8808 17
8810 21
8814 19
8816 10
8817 20
8818 1
8827 19
8829 12
8837 18
8838 2
8845 13
8849 4
8855 11
8859 13
8865 10
8866 19
8868 14
8873 9
8874 17
8876 15
8878 13
8884 11
8891 20
8893 5
8899 4
8907 16
8909 19
8910 13
8914 11
8920 19
8922 1
8932 8
8934 15
8936 12
8944 17
8946 5
8950 10
8953 1
8963 16
8965 19
8967 11
8973 10
8976 11
8980 19
8981 18
8982 5
8989 12
8995 11
9002 4
9006 1
9014 15
9016 12
9022 17
9024 18
9025 21
9029 13
9034 12
9038 20
9040 17
9042 3
9049 13
9054 18
9055 21
9059 20
9060 3
9065 11
9071 15
9073 8
9075 12
9081 21
9085 21
9089 15
9091 4
9097 17
9099 12
9105 20
9106 17
9108 8
9110 19
9112 11
9116 17
9118 20
9120 11
9127 1
9137 8
9139 11
9143 8
9147 7
9150 16
9152 13
9156 5
9162 8
9166 11
9172 4
9178 11
9185 15
9187 1
9195 9
9197 9
9198 20
9199 9
9200 1
9210 11
9214 13
9219 2
9228 11
9234 21
9238 14
9242 18
9243 21
9247 13
9252 10
9253 12
9257 18
9258 11
9262 15
9264 5
9268 7
9271 1
9281 14
9287 13
9292 21
9296 18
9297 16
9299 18
9300 5
9307 12
9315 12
9323 11
9328 10
9329 21
9333 11
9339 16
9341 12
9347 16
9349 4
9355 17
9357 20
9359 15
9361 12
9367 8
9371 6
9377 7
9379 18
9380 12
9388 4
9392 14
9397 6
9401 11
9406 21
9410 12
9418 8
9422 18
9423 6
9429 2
9436 6
9442 10
9443 19
9444 4
9448 13
9453 18
9454 11
9461 11
9466 15
9468 12
9474 9
9476 11
9480 11
9486 11
9490 11
9497 5
9503 20
9504 6
9510 9
9511 9
9512 21
9516 12
9522 10
9525 16
9527 12
9531 6
9537 18
9538 16
9540 15
9542 21
9546 12
9550 12
9556 4
9562 2
9573 2
9580 7
9583 5
9587 5
9593 11
9597 11
9604 5
9608 2
9617 4
9623 16
9625 11
9629 9
9630 18
9631 16
9633 8
9635 13
9640 12
9646 8
9650 18
9651 7
9653 10
9656 6
9660 4
9664 4
9672 14
9676 8
9678 2
9687 12
9693 10
9694 21
9698 18
9699 8
9701 8
9705 7
9707 4
9711 21
9715 11
9722 20
9723 21
9727 7
9730 21
9734 11
9739 15
9741 18
9742 17
9744 12
9750 13
9755 16
9757 14
9761 20
9763 11
9770 11
9774 19
9776 19
9777 21
9781 12
9789 3
9794 6
9800 15
9802 15
9804 11
9811 10
9812 1
9822 18
9823 21
9827 1
9837 12
9843 12
9849 12
9853 16
9855 10
9858 20
9860 13
9865 21
9869 19
9870 9
9872 18
9873 11
9879 4
9885 2
9894 19
9895 11
9902 11
9908 11
9912 2
9921 11
9926 12
9930 12
9936 2
9945 5
9950 9
9951 6
9957 6
9961 20
9962 11
9967 11
9971 2
9980 11
9987 10
9990 11
9996 19
9997 18
9998 4
10004 15
10006 9
10007 15
10009 11
10016 13
10021 11
10027 17
10029 4
10035 10
10036 17
10038 5
10045 8
10049 14
10055 15
10057 1
10065 15
10067 7
10069 9
10071 11
10076 19
10077 18
10078 7
10080 11
10086 21
10090 12
10094 4
10098 3
10103 18
10104 21
10108 11
10112 3
10116 9
10117 5
10122 9
10124 9
10125 19
10127 16
10129 21
10133 20
10134 16
10136 12
10142 5
10146 5
10153 2
10162 7
10164 10
10165 11
10171 19
10173 11
10180 11
10185 14
10191 3
10197 11
10201 9
10203 6
10207 2
10216 6
10220 12
10226 16
10228 21
10232 9
10233 16
10235 21
10239 7
10241 9
10242 3
10249 9
10251 16
10253 14
10259 18
10260 12
10268 15
10270 21
10274 18
10275 20
10276 4
10280 21
10284 19
10286 20
10287 14
10294 2
10301 18
10302 12
10308 21
10312 16
10314 20
10316 12
10322 19
10323 5
10328 2
10339 13
10344 14
10348 13
10353 3
10360 12
10366 5
10372 1
10382 21
10386 3
10390 13
10395 14
10402 7
10405 1
10414 11
10420 5
10424 8
10428 2
10435 6
10441 5
10447 2
10458 20
10459 6
10467 2
10478 1
10488 15
10490 9
10492 9
10494 10
10495 4
10503 20
10504 7
10507 10
10510 4
10516 11
10522 4
10526 12
10532 15
10534 19
10535 14
10540 17
10542 19
10544 21
10548 15
10550 19
10551 12
10557 13
10561 18
10562 3
10567 12
10575 12
10579 9
10581 3
10586 17
10588 13
10592 1
10600 7
10602 2
10613 3
10617 11
10624 16
10626 12
10632 2
10639 15
10641 14
10645 9
10647 11
10654 21
10658 2
10669 11
10674 9
10675 4
10679 3
10684 19
10685 5
10691 11
10696 20
10697 9
10699 13
10703 8
10705 12
10711 3
10717 18
10718 7
10720 17
10722 16
10724 9
10726 2
10735 21
10739 15
10741 17
10743 20
10745 16
10747 2
10758 16
10760 21
10764 11
10770 8
10772 12
10778 13
10783 10
10784 10
10785 9
10786 8
10788 16
10790 8
10794 17
10796 1
10804 20
10806 6
10814 12
10820 9
10822 10
10825 15
10827 7
10830 1
10839 13
10844 6
10850 17
10852 6
10858 9
10859 12
10865 13
10870 10
10873 19
10874 7
10876 21
10880 1
10887 15
10889 17
10891 12
10895 8
10899 12
10903 12
10909 15
10911 10
10914 11
10920 11
10924 18
10925 18
10926 14
10931 7
10934 19
10936 18
10937 8
10939 21
10943 3
10948 10
10949 5
10956 2
10963 12
10969 16
10971 12
10977 12
10983 16
10985 11
10990 4
10994 7
10997 1
11006 9
11007 4
11011 19
11013 20
11015 8
11017 11
11023 9
11025 16
11027 12
11035 6
11041 10
11042 7
11044 21
11048 18
11049 12
11057 11
11063 19
11065 19
11066 9
11068 8
11070 16
11072 16
11074 9
11075 10
11078 1
11086 4
11092 17
11094 3
11100 13
11104 8
11108 19
11110 11
11115 13
11120 18
11121 12
11129 19
11131 18
11132 21
11136 6
11144 11
11151 3
11157 18
11158 10
11159 12
11165 16
11167 11
11174 9
11176 11
11181 20
11183 1
11190 6
11194 3
11201 11
11206 6
11214 6
11220 4
11226 2
11235 20
11236 16
11238 18
11239 7
11242 19
11243 5
11249 11
11254 16
11256 2
11267 20
11268 11
11274 8
11276 18
11277 2
11284 1
11291 18
11292 4
11296 15
11298 1
11305 7
11308 18
11309 11
11313 10
11314 18
11315 14
11320 8
11322 10
11325 11
11329 6
11335 15
11337 12
11343 11
11347 11
11354 20
11355 6
11361 11
11365 11
11369 20
11371 2
11380 3
11385 19
11387 7
11389 10
11392 5
11396 10
11397 4
11401 20
11403 15
11405 4
11409 19
11410 12
11416 3
11422 16
11424 9
11425 6
11431 15
11433 15
11435 14
11440 11
11447 11
11451 7
11454 14
11458 16
11460 12
11464 13
11470 12
11474 8
11478 13
11482 1
11492 9
11493 15
11495 14
11500 11
11506 11
11513 13
11517 10
11518 11
11523 8
11527 10
11528 11
11533 12
11539 11
11543 6
11547 8
11551 14
11555 10
11556 12
11560 12
11566 9
11567 11
11573 13
11578 8
11582 12
11588 4
11592 7
11595 15
11597 21
11601 16
11603 12
11611 20
11612 18
11613 5
11617 1
11627 14
11633 14
11639 16
11641 4
11649 10
11650 5
11654 13
11659 12
11667 16
11669 9
11670 10
11671 11
11678 14
11682 20
11683 11
11689 14
11693 3
11698 6
11706 14
11712 2
11721 2
11728 11
11735 15
11737 12
11745 16
11747 4
11755 11
11761 8
11765 1
11772 2
11783 5
11790 12
11798 14
11802 7
11805 1
11812 11
11817 11
11822 4
11830 17
11832 18
11833 16
11835 18
11836 8
11838 12
11846 2
11853 21
11857 12
11863 17
11865 2
11874 3
11880 13
11886 12
11894 17
11896 3
11903 6
11907 8
11909 5
11915 18
11916 11
11922 14
11927 13
11932 1
11939 16
11941 21
11945 4
11951 12
11957 8
11959 21
11963 12
11967 11
11973 10
11976 11
11980 18
11981 11
11988 13
11993 4
12001 18
12002 14
12008 2
12015 12
12021 20
12022 2
12029 20
12030 12
12034 8
12036 6
12044 11
12051 10
12052 5
12057 15
12059 3
12065 17
12067 16
12069 13
12074 10
12075 21
12079 18
12080 9
12081 18
12082 11
12086 7
12089 17
12091 20
12093 19
12095 8
12097 5
12104 14
12109 18
12110 7
12113 1
12122 12
12128 9
12130 11
12134 12
12138 5
12145 8
12149 12
12155 15
12157 7
12160 19
12162 11
12166 20
12168 11
12175 15
12177 1
12186 11
12191 13
12196 12
12202 9
12203 10
12204 11
12210 18
12211 4
12215 15
12217 12
12223 17
12225 11
12229 14
12235 6
12243 3
12249 10
12250 19
12252 16
12254 18
12255 4
12261 18
12262 14
12269 16
12271 5
12278 5
12282 11
12288 12
12294 16
12296 16
12298 19
12299 9
12301 8
12303 12
12307 19
12308 13
12312 1
12321 5
12327 13
12332 15
12334 18
12335 12
12343 12
12351 5
12358 18
12359 20
12361 12
12365 15
12367 21
12371 11
12376 19
12378 12
12386 5
12391 11
12396 7
12399 6
12403 6
12407 9
12409 11
12416 18
12417 9
12419 8
12421 11
12428 19
12429 19
12431 14
12438 9
12440 12
12446 11
12452 18
12453 18
12454 14
12459 13
12463 17
12465 12
12469 18
12470 18
12471 3
12475 2
12482 11
12488 14
12492 6
12500 17
12502 17
12504 10
12507 11
12511 21
12515 17
12517 11
12522 21
12526 16
12528 11
12534 14
12539 4
12545 8
12547 16
12549 13
12553 16
12555 20
12556 11
12563 7
12565 4
12571 15
12573 7
12575 9
12577 3
12584 20
12585 11
12591 11
12598 13
12603 11
12610 19
12611 17
12613 9
12614 15
12616 21
12620 15
12622 12
12630 9
12632 11
12639 4
12645 12
12653 21
12657 14
12661 19
12663 11
12670 3
12676 19
12677 12
12685 14
12692 6
12700 4
12708 11
12714 12
12722 19
12724 11
12730 15
12732 12
12740 11
12745 6
12753 18
12754 12
12762 18
12763 5
12770 16
12772 10
12773 5
12777 10
12780 11
12784 6
12788 10
12791 3
12796 11
12800 12
12806 15
12808 16
12810 8
12812 11
12819 10
12820 17
12822 11
12828 15
12830 10
12833 11
12837 11
12843 4
12849 14
12856 15
12858 18
12859 11
12865 13
12869 5
12873 12
12877 7
12879 9
12881 5
12886 11
12891 11
12895 12
12901 16
12903 12
12911 19
12913 4
12919 18
12920 8
12924 5
12928 15
12930 12
12936 7
12938 3
12943 19
12945 15
12947 11
12952 20
12953 15
12955 13
12959 19
12961 11
12966 3
12973 14
12979 12
12987 9
12989 4
12993 21
12997 12
13003 9
13004 18
13005 14
13009 6
13015 11
13021 14
13027 5
13032 3
13038 15
13040 10
13041 21
13045 7
13047 7
13050 11
13054 13
13059 20
13061 2
13068 16
13070 19
13072 4
13078 11
13085 17
13087 15
13089 11
13095 3
13100 11
13107 14
13113 9
13114 11
13119 19
13121 11
13126 20
13128 11
13135 6
13139 12
13143 11
13149 2
13158 12
13164 2
13175 7
13178 11
13183 18
13184 11
13191 6
13197 10
13200 11
13206 11
13212 13
13217 16
13219 8
13221 18
13222 21
13226 12
13232 19
13234 16
13236 11
13243 13
13248 12
13256 15
13258 14
13264 13
13269 11
13275 15
13277 11
13282 11
13286 19
13288 6
13292 12
13298 1
13306 3
13311 11
13318 6
13324 15
13326 18
13327 14
13332 12
13338 9
13339 7
13341 18
13342 21
13346 3
13352 9
13353 12
13361 18
13362 18
13363 6
13367 3
13374 13
13379 13
13385 3
13391 20
13393 13
13397 15
13399 9
13400 17
13402 16
13404 12
13408 3
13412 15
13414 8
13416 6
13424 17
13426 18
13427 8
13429 8
13433 4
13439 5
13444 12
13448 7
13450 2
13459 11
13463 1
13471 20
13473 4
13479 9
13481 2
13488 3
13492 18
13493 21
13497 11
13504 5
13509 17
13511 10
13512 6
13520 11
13525 16
13527 12
13531 12
13537 11
13541 4
13549 11
13555 5
13561 15
13563 6
13569 2
13578 12
13586 14
13593 17
13595 19
13596 19
13597 2
13604 7
13607 7
13609 11
13613 18
13614 12
13618 6
13624 17
13626 17
13628 6
13634 12
13638 2
13647 11
13653 15
13655 3
13662 4
13670 10
13671 17
13673 7
13675 18
13676 6
13680 1
13688 9
13690 12
13698 21
13702 5
13708 11
13712 12
13716 13
13722 15
13724 17
13726 9
13728 11
13734 7
13736 6
13742 1
13749 3
13756 20
13757 4
13765 8
13767 21
13771 11
13778 19
13779 19
13781 6
13789 5
13795 18
13796 12
13804 1
13811 11
13817 17
13819 8
13821 9
13823 1
13830 7
13833 11
13837 13
13843 11
13848 3
13855 14
13861 6
13867 11
13874 3
13878 18
13879 11
13886 11
13893 14
13898 21
13902 14
13907 1
13914 11
13919 12
13927 13
13932 19
13934 15
13936 3
13940 7
13943 1
13953 13
13958 12
13964 2
13973 3
13980 14
13984 19
13986 18
13987 11
13992 3
13996 6
14002 9
14004 20
14006 10
14007 11
14013 15
14015 18
14016 3
14022 11
14029 12
14035 1
14044 14
14048 3
14053 8
14055 11
14060 11
14067 16
14069 21
14073 13
14078 4
14082 18
14083 11
14088 16
14090 1
14100 8
14102 10
14105 14
14112 10
14113 18
14114 16
14116 11
14120 2
14127 12
14133 14
14139 10
14142 11
14149 12
14155 12
14161 11
14166 16
14168 3
14173 18
14174 8
14178 11
14185 8
14189 12
14193 20
14195 7
14197 15
14199 21
14203 12
14209 18
14210 2
14219 16
14221 19
14222 21
14226 18
14227 12
14231 5
14236 17
14238 14
14245 20
14246 11
14250 1
14259 1
14267 3
14274 6
14280 18
14281 7
14283 15
14285 2
14296 21
14300 3
14304 12
14308 16
14310 21
14314 18
14315 18
14316 9
14318 16
14320 21
14324 19
14326 2
14335 20
14336 11
14341 20
14343 4
14347 13
14353 1
14363 20
14365 18
14366 13
14371 12
14379 12
14383 4
14387 13
14392 1
14399 13
14404 6
14410 8
14412 10
14413 11
14417 12
14421 14
14426 7
14428 4
14436 10
14439 9
14441 5
14446 19
14447 8
14449 3
14453 6
14459 14
14464 20
14465 12
14471 10
14474 14
14480 12
14486 4
14490 6
14498 9
14500 11
14505 21
14509 1
14519 18
14520 10
14521 5
14527 14
14531 9
14532 10
14535 15
14537 10
14540 20
14542 12
14550 4
14556 12
14564 4
14572 14
14578 5
14585 21
14589 10
14590 9
14592 13
14596 9
14597 17
14599 15
14601 21
14605 13
14611 3
14617 15
14619 19
14621 18
14622 6
14628 20
14629 8
14633 1
14642 16
14644 15
14646 10
14647 20
14648 6
14656 16
14658 9
14660 1
14670 8
14674 17
14676 12
14682 6
14690 6
14698 15
14700 6
14706 8
14710 16
14712 9
14713 12
14719 18
14720 14
14725 12
14733 9
14734 6
14742 11
14746 18
14747 11
14753 18
14754 8
14756 6
14764 8
14766 6
14774 11
14781 18
14782 11
14786 6
14790 20
14791 4
14797 9
14799 19
14801 7
14803 2
14810 8
14812 7
14814 4
14822 13
14828 2
14837 10
14838 9
14839 10
14840 16
14842 18
14843 13
14849 6
14855 16
14857 3
14861 9
14862 18
14863 11
14867 11
14871 20
14872 2
14881 12
14885 15
14887 8
14889 10
14892 14
14898 7
14900 16
14902 8
14904 1
14911 4
14915 16
14917 11
14923 11
14928 11
14932 4
14940 1
14949 12
14957 12
14963 11
14969 14
14973 1
14982 7
14985 20
14987 2
14996 7
14998 2
15005 4
15011 14
15015 10
15016 15
15018 9
15020 10
15021 19
15023 17
15025 3
15029 12
15035 12
15041 13
15046 1
15055 2
15066 12
15072 7
15074 12
15080 11
15084 12
15090 19
15091 2
15098 12
15104 17
15106 10
15109 21
15113 19
15115 15
15117 21
15121 10
15122 9
15123 14
15130 2
15139 8
15143 3
15147 21
15151 12
15157 18
15158 13
15162 11
15167 15
15169 13
15175 7
15177 19
15178 4
15186 15
15188 21
15192 1
15200 20
15202 11
15206 12
15212 11
15218 21
15222 7
15225 16
15227 12
15231 12
15237 11
15241 16
15243 1
15251 11
15256 21
15260 3
15265 5
15272 21
15276 14
15280 12
15284 20
15285 11
15290 19
15292 11
15298 17
15300 5
15307 18
15308 4
15314 10
15315 12
15323 5
15327 4
15333 12
15337 6
15345 18
15346 17
15348 3
15352 13
15358 17
15360 7
15363 19
15365 5
15372 14
15378 15
15380 16
15382 13
15387 12
15395 20
15397 8
15399 19
15400 19
15401 15
15403 3
15409 4
15417 11
15421 12
15425 11
15431 13
15435 12
15441 9
15443 6
15449 10
15452 13
15456 7
15459 14
15465 12
15471 20
15472 1
15480 11
15486 13
15490 7
15493 15
15495 1
15502 4
15508 1
15515 9
15516 18
15517 6
15521 8
15523 8
15527 15
15529 1
15538 7
15541 13
15547 15
15549 12
15555 4
15561 6
15569 1
15576 12
15582 11
15589 6
15595 12
15599 13
15605 15
15607 8
15611 11
15615 11
15622 11
15629 3
15634 16
15636 21
15640 12
15646 1
15655 15
15657 18
15658 1
15666 1
15676 17
15678 4
15684 21
15688 10
15689 12
15697 9
15699 10
15700 15
15702 18
15703 10
15704 10
15705 14
15712 7
15714 19
15715 12
15721 14
15727 10
15730 8
15734 17
15736 2
15745 21
15749 11
15755 17
15757 16
15759 20
15761 2
15770 20
15771 12
15777 18
15778 16
15780 1
15788 7
15791 15
15793 2
15802 11
15808 1
15815 12
15821 3
15827 5
15833 17
15835 18
15836 11
15841 12
15849 12
15853 10
15854 6
15858 17
15860 20
15862 12
15870 14
15874 5
15881 18
15882 19
15884 3
15889 6
15893 17
15895 4
15903 11
15907 7
15909 14
15915 8
15917 17
15919 14
15926 19
15928 9
15929 12
15937 9
15938 14
15944 2
15953 19
15954 10
15955 14
15959 4
15963 4
15969 9
15971 17
15973 20
15974 17
15976 3
15982 16
15984 13
15989 12
15997 18
15998 13
16003 21
16007 5
16013 8
16015 1
16025 16
16027 11
16032 7
16035 2
16044 2
16053 10
16054 7
16056 11
16063 11
16067 11
16073 5
16080 18
16081 2
16088 3
16095 15
16097 15
16099 11
16105 18
16106 11
16112 1
16119 12
16127 2
16136 18
16137 11
16142 8
16146 14
16153 16
16155 11
16161 3
16165 16
16167 9
16169 7
16171 7
16174 1
16182 3
16189 6
16197 17
16199 15
16201 8
16203 21
16207 1
16215 21
16219 20
16220 8
16224 6
16228 13
16233 6
16239 11
16246 19
16248 13
16253 13
16258 2
16269 5
16276 10
16279 6
16285 2
16294 20
16296 12
16302 5
16308 6
16312 12
16320 11
16327 12
16333 5
16340 4
16346 21
16350 8
16354 17
16356 17
16358 8
16362 9
16363 3
16370 6
16374 13
16379 8
16383 6
16387 8
16389 1
16398 11
16402 9
16404 11
16410 16
16412 1
16419 16
16421 12
16429 11
16434 11
16441 15
16443 5
16450 3
16457 1
16465 13
16469 17
16471 6
16475 11
16479 10
16480 18
16481 11
16486 12
16490 11
16497 11
16501 19
16502 11
16507 1
16515 9
16516 16
16518 5
16525 14
16531 4
16537 9
16539 14
16544 20
16546 13
16551 19
16553 12
16561 12
16565 19
16567 5
16571 5
16577 15
16579 10
16580 5
16585 2
16594 11
16599 8
16601 18
16602 2
16609 1
16619 20
16621 18
16622 7
16624 19
16626 14
16633 11
16637 1
16647 10
16650 3
16655 21
16659 14
16666 18
16667 3
16674 12
16678 15
16680 15
16682 10
16685 7
16688 1
16697 18
16698 11
16703 8
16705 1
16714 17
16716 17
16718 7
16720 16
16722 11
16729 18
16730 11
16735 18
16736 12
16742 19
16743 3
16750 11
16756 11
16762 4
16768 20
16770 15
16772 14
16779 14
16786 19
16787 20
16788 11
16794 18
16795 19
16797 3
16801 11
16805 19
16806 2
16813 4
16819 18
16820 8
16824 12
16830 12
16838 17
16840 9
16842 10
16845 10
16846 14
16853 18
16854 12
16858 14
16862 11
16866 20
16867 21
16871 13
16875 6
16883 19
16884 21
16888 20
16890 15
16892 3
16896 21
16900 9
16901 10
16904 16
16906 12
16912 7
16915 2
16924 11
16930 12
16938 4
16944 1
16953 2
16960 8
16964 2
16971 19
16973 1
16982 13
16987 7
16989 18
16990 13
16995 13
16999 11
17003 18
17004 15
17006 18
17007 20
17009 16
17011 8
17013 11
17019 11
17024 6
17028 12
17032 16
17034 10
17035 7
17037 1
17046 4
17050 10
17051 12
17057 1
17066 12
17070 11
17076 8
17078 8
17082 11
17088 11
17095 17
17097 18
17098 11
17104 14
17109 13
17114 1
17121 18
17122 18
17123 2
17132 2
17141 2
17150 13
17155 7
17157 19
17159 15
17161 8
17163 19
17165 14
17169 7
17172 1
17181 17
17183 9
17185 5
17189 12
17193 9
17194 21
17198 18
17199 20
17200 11
17206 14
17213 12
17217 10
17220 5
17224 15
17226 6
17232 17
17234 18
17235 11
17239 20
17241 12
17245 11
17249 12
17255 17
17257 11
17264 19
17266 14
17271 16
17273 18
17274 2
17283 21
17287 11
17292 11
17296 20
17297 3
17301 13
17307 9
17308 9
17310 8
17314 18
17315 5
17319 7
17322 18
17323 7
17326 6
17332 3
17336 18
17337 18
17338 7
17341 6
17347 3
17353 6
17357 20
17359 18
17360 1
17369 18
17370 17
17372 10
17373 8
17375 1
17384 11
17390 4
17396 7
17399 12
17405 6
17411 11
17416 15
17418 18
17419 4
17425 8
17429 15
17431 12
17435 10
17438 9
17440 12
17446 3
17451 12
17457 7
17459 14
17465 17
17467 3
17472 1
17482 15
17484 3
17490 15
17492 11
17496 11
17501 11
17507 6
17511 5
17518 14
17524 8
17526 20
17528 16
17530 15
17532 19
17534 15
17536 6
17544 9
17546 7
17549 6
17553 11
17560 13
17565 19
17567 12
17571 15
17573 17
17575 18
17576 11
17580 11
17584 3
17588 16
17590 16
17592 18
17593 16
17595 11
17601 9
17602 7
17604 6
17610 16
17612 11
17618 9
17619 19
17620 19
17621 16
17623 3
17630 10
17633 13
17638 12
17644 9
17646 20
17648 9
17649 18
17650 6
17654 5
17660 11
17666 5
17673 9
17674 21
17678 14
17685 11
17691 12
17695 12
17703 1
17712 12
17716 11
17721 15
17723 12
17731 15
17733 7
17736 11
17742 11
17748 12
17754 7
17756 4
17760 13
17765 2
17772 20
17774 12
17780 9
17782 21
17786 18
17787 1
17795 12
17801 5
17806 17
17808 10
17809 5
17813 6
17821 15
17823 21
17827 14
17831 12
17835 11
17840 15
17842 12
17848 6
17854 16
17856 1
17866 5
17872 11
17876 21
17880 12
17888 2
17895 7
17898 15
17900 5
17905 20
17907 13
17913 17
17915 3
17919 9
17920 13
17925 9
17927 17
17929 12
17933 11
17939 20
17941 13
17947 11
17952 11
17958 3
17965 7
17968 18
17969 21
17973 13
17978 15
17980 20
17982 4
17988 18
17989 13
17993 10
17996 20
17998 12
18004 12
18010 21
18014 13
18018 18
18019 8
18023 12
18031 5
18037 16
18039 20
18040 12
18046 1
18054 16
18056 9
18058 12
18064 17
18066 19
18068 10
18069 2
18076 18
18077 10
18080 18
18081 17
18083 10
18086 16
18088 14
18095 9
18097 9
18098 15
18100 11
18107 12
18113 12
18119 7
18122 7
18124 15
18126 12
18130 15
18132 14
18138 13
18143 18
18144 11
18151 13
18156 20
18158 18
18159 11
18165 19
18167 18
18168 9
18170 8
18174 11
18178 8
18180 8
18184 4
18188 14
18192 12
18196 11
18202 3
18209 20
18211 2
18220 18
18221 1
18230 9
18232 12
18236 14
18242 19
18244 2
18253 4
18259 17
18261 21
18265 4
18271 2
18280 14
18285 15
18287 8
18291 11
18298 21
18302 15
18304 3
18311 14
18315 12
18321 18
18322 13
18327 3
18334 21
18338 19
18339 1
18348 2
18357 9
18358 2
18369 16
18371 18
18372 12
18380 2
18391 12
18395 20
18396 14
18401 2
18408 17
18410 3
18417 11
18424 18
18425 17
18427 4
18433 21
18437 15
18439 3
18444 8
18446 6
18454 19
18456 5
18460 12
18468 2
18479 4
18485 12
18493 7
18495 9
18497 10
18498 9
18500 7
18503 10
18504 13
18508 3
18512 5
18518 12
18524 9
18525 12
18529 4
18533 8
18535 21
18539 9
18540 1
18550 11
18557 11
18562 10
18565 12
18571 11
18577 2
18588 11
18594 16
18596 6
18602 16
18604 1
18614 19
18616 5
18621 2
18632 15
18634 17
18636 10
18639 18
18640 3
18646 12
18654 13
18660 20
18661 19
18662 21
18666 12
18674 11
18678 10
18679 9
18681 5
18687 11
18693 19
18695 11
18702 7
18705 13
18710 11
18717 11
18723 11
18730 18
18731 11
18736 5
18742 6
18748 15
18750 18
18751 19
18752 16
18754 17
18756 7
18758 7
18760 3
18765 3
18769 10
18770 11
18776 16
18778 14
18782 12
18788 5
18794 12
18798 19
18799 9
18801 10
18804 15
18806 18
18807 20
18809 7
18812 11
18816 14
18820 5
18825 3
18829 2
18838 7
18841 15
18843 1
18851 5
18857 12
18863 12
18871 12
18879 4
18885 2
18896 11
18900 1
18908 17
18910 11
18915 7
18917 1
18927 7
18930 10
18931 13
18936 11
18941 2
18950 11
18954 6
18960 18
18961 9
18962 12
18968 18
18969 11
18976 13
18981 6
18987 18
18988 11
18992 3
18998 11
19002 15
19004 11
19009 1
19016 18
19017 1
19026 20
19028 3
19033 18
19034 12
19038 18
19039 7
19041 1
19050 15
19052 5
19058 2
19069 15
19071 21
19075 16
19077 1
19086 18
19087 9
19089 10
19090 9
19091 19
19093 1
19101 11
19108 12
19114 21
19118 17
19120 11
19124 10
19125 21
19129 4
19137 6
19141 13
19147 5
19151 12
19159 11
19166 15
19168 15
19170 13
19176 12
19182 17
19184 11
19190 11
19196 6
19200 16
19202 9
19203 18
19204 6
19210 8
19212 14
19219 1
19229 6
19233 18
19234 20
19235 4
19243 6
19247 16
19249 21
19253 7
19256 9
19257 4
19263 18
19264 16
19266 4
19272 1
19279 7
19281 7
19284 4
19292 16
19294 19
19296 12
19300 4
19306 12
19314 10
19317 19
19318 18
19319 15
19321 18
19322 12
19330 11
19337 17
19339 7
19342 13
19346 4
19352 11
19358 18
19359 6
19365 2
19376 11
19383 3
19388 12
19394 11
19401 11
19405 19
19407 12
19415 2
19422 13
19427 12
19433 17
19435 11
19442 11
19447 10
19448 6
19452 7
19454 2
19461 11
19467 10
19470 12
19476 18
19477 10
19478 21
19482 18
19483 18
19484 2
19491 7
19494 11
19498 16
19500 18
19501 5
19508 19
19509 20
19511 16
19513 16
19515 15
19517 9
19518 7
19520 3
19525 2
19536 11
19540 2
19547 13
19552 18
19553 5
19557 14
19564 12
19568 1
19576 7
19579 5
19585 4
19591 12
19597 20
19599 6
19605 1
19615 11
19621 8
19625 4
19631 19
19632 21
19636 4
19642 2
19651 10
19652 19
19653 21
19657 12
19661 7
19663 18
19664 21
19668 14
19674 6
19682 18
19683 4
19691 11
19698 8
19702 6
19708 17
19710 12
19716 3
19722 20
19723 13
19728 19
19729 5
19736 1
19744 19
19745 5
19752 12
19760 8
19762 4
19766 14
19772 21
19776 13
19781 18
19782 14
19789 19
19791 5
19796 19
19798 8
19800 8
19802 16
19804 11
19809 17
19811 10
19812 18
19813 12
19821 9
19823 8
19825 8
19827 1
19837 16
19839 11
19846 12
19852 20
19853 3
19858 3
19864 21
19868 10
19869 17
19871 20
19873 20
19875 21
19879 15
19881 5
19886 11
19893 10
19894 7
19896 10
19897 8
19899 18
19900 10
19901 9
19902 15
19904 5
19908 20
19909 9
19910 16
19912 5
19918 5
19923 16
19925 17
19927 17
19929 3
19933 12
19939 6
19945 4
19953 7
19956 6
19960 7
19963 12
19969 15
19971 4
19975 18
19976 1
19984 5
19988 8
19990 20
19991 12
19997 13
20001 4
20005 18
20006 1
20013 8
20015 12
20021 2
20030 3
20034 18
20035 8
20037 2
20046 11
20052 18
20053 5
20059 5
20064 3
20071 13
20075 13
20080 11
20084 5
20090 11
20096 9
20098 6
20102 11
20108 1
20115 9
20117 7
20119 5
20125 9
20127 13
20131 11
20137 21
20141 12
20147 17
20149 18
20150 11
20157 9
20159 12
20167 11
20172 13
20178 19
20180 11
20184 4
20188 5
20193 18
20194 18
20195 16
20197 10
20200 19
20202 11
20208 15
20210 21
20214 2
20223 20
20224 15
20226 14
20230 18
20231 2
20238 12
20246 3
20250 12
20254 20
20256 19
20258 10
20261 18
20262 4
20268 21
20272 8
20276 4
20284 11
20290 7
20292 11
20296 11
20302 10
20305 4
20309 18
20310 1
20319 16
20321 7
20324 19
20325 1
20332 19
20334 12
20338 15
20340 18
20341 12
20347 4
20351 5
20355 18
20356 13
20361 10
20364 6
20372 11
20376 2
20383 12
20387 5
20392 17
20394 17
20396 12
20402 3
20407 5
20411 12
20417 19
20419 18
20420 11
20426 9
20428 11
20434 2
20443 3
20450 11
20455 11
20461 14
20468 11
20473 18
20474 11
20478 10
20481 4
20489 4
20497 18
20498 2
20509 11
20513 14
20518 6
20524 1
20534 16
20536 18
20537 11
20543 21
20547 18
20548 12
20554 9
20555 9
20556 8
20558 2
20565 14
20569 8
20571 10
20572 7
20574 11
20581 18
20582 3
20589 7
20591 13
20597 11
20601 7
20603 10
20604 16
20606 14
20610 21
20614 14
20621 3
20627 11
20631 12
20637 11
20643 8
20645 18
20646 19
20647 11
20654 14
20659 19
20661 9
20663 16
20665 5
20672 17
20674 11
20679 1
20687 12
20695 13
20699 15
20701 12
20707 11
20714 12
20720 5
20726 16
20728 3
20732 11
20737 1
20745 17
20747 12
20753 12
20759 16
20761 16
20763 11
20769 3
20776 1
20785 18
20786 5
20793 6
20797 10
20798 14
20805 21
20809 6
20817 10
20818 15
20820 1
20827 4
20833 13
20839 5
20843 15
20845 19
20847 11
20853 12
20857 1
20864 17
20866 2
20875 19
20877 15
20879 12
20885 8
20887 11
20894 11
20900 18
20901 11
20905 11
20912 2
20921 12
20925 7
20927 20
20928 2
20937 12
20943 14
20948 3
20955 12
20961 12
20967 11
20973 18
20974 12
20980 11
20987 18
20988 19
20990 19
20991 14
20995 21
20999 11
21003 17
21005 5
21012 12
21020 1
21027 16
21029 3
21034 11
21038 10
21041 9
21043 8
21047 2
21054 19
21056 18
21057 8
21061 13
21066 18
21067 7
21070 18
21071 11
21078 12
21086 4
21092 12
21098 17
21100 11
21106 11
21113 15
21115 3
21122 9
21124 18
21125 17
21127 11
21132 15
21134 21
21138 20
21140 6
21146 18
21147 1
21154 3
21158 15
21160 8
21164 17
21166 14
21172 21
21176 1
21185 11
21189 5
21195 8
21199 12
21205 21
21209 11
21214 13
21218 20
21219 11
21226 19
21228 3
21232 8
21234 7
21236 13
21240 16
21242 19
21243 12
21251 11
21256 17
21258 7
21261 3
21265 20
21267 13
21273 5
21278 9
21280 6
21284 11
21288 15
21290 12
21296 14
21301 10
21304 11
21309 17
21311 19
21313 6
21317 3
21322 16
21324 16
21326 5
21330 9
21331 19
21333 21
21337 5
21341 12
21347 18
21348 2
21355 14
21359 7
21362 12
21370 6
21378 20
21379 10
21380 2
21389 8
21393 3
21400 7
21403 11
21409 18
21410 7
21413 1
21423 17
21425 18
21426 11
21432 5
21439 5
21445 12
21451 15
21453 12
21459 1
21468 2
21479 17
21481 12
21489 11
21495 19
21497 13
21501 2
21510 21
21514 19
21515 19
21516 10
21517 15
21519 17
21521 13
21525 11
21529 2
21536 11
21543 19
21544 2
21553 11
21558 6
21564 20
21566 12
21572 11
21576 17
21578 18
21579 15
21581 11
21585 6
21591 18
21592 6
21600 11
21604 20
21606 11
21611 8
21615 18
21616 19
21618 21
21622 18
21623 20
21624 16
21626 18
21627 7
21629 11
21633 11
21640 10
21641 2
21650 11
21656 2
21667 8
21671 12
21675 4
21681 17
21683 8
21685 18
21686 11
21690 10
21691 1
21701 4
21705 14
21711 9
21713 6
21717 21
21721 14
21726 5
21730 19
21732 10
21733 1
21740 16
21742 11
21748 18
21749 11
21755 7
21757 20
21758 20
21759 21
21763 7
21766 1
21774 3
21778 5
21782 19
21784 8
21786 1
21793 16
21795 7
21797 3
21804 15
21806 3
21810 18
21811 11
21816 6
21820 15
21822 5
21829 1
21836 11
21840 12
21846 4
21852 5
21857 17
21859 7
21861 7
21864 12
21872 16
21874 2
21881 11
21888 1
21896 13
21901 21
21905 15
21907 8
21909 3
21913 11
21917 12
21923 16
21925 15
21927 1
21937 11
21942 6
21948 19
21949 10
21950 5
21956 18
21957 14
21961 17
21963 2
21972 5
21978 6
21986 1
21996 11
22001 8
22005 4
22011 2
22018 11
22022 1
22029 6
22035 3
22042 9
22044 13
22048 11
22053 15
22055 8
22057 4
22065 19
22067 4
22075 11
22081 15
22083 2
22090 2
22099 3
22106 10
22109 13
22115 18
22116 11
22123 15
22125 12
22131 18
22132 8
22134 10
22135 17
22137 16
22139 7
22141 11
22146 2
22155 3
22159 12
22165 2
22172 6
22178 13
22184 18
22185 17
22187 9
22189 14
22194 5
22198 12
22204 15
22206 9
22208 1
22215 6
22221 8
22223 12
22229 19
22231 18
22232 19
22233 2
22240 10
22243 6
22247 15
22249 11
22253 17
22255 3
22262 14
22269 15
22271 13
22277 21
22281 6
22287 6
22293 11
22297 1
22307 16
22309 6
22315 12
22321 12
22329 8
22333 14
22337 3
22342 12
22350 19
22351 19
22352 16
22354 16
22356 11
22363 12
22371 14
22376 13
22381 16
22383 12
22389 1
22398 6
22404 11
22410 2
22417 14
22424 1
22431 12
22439 12
22447 2
22458 12
22466 17
22468 12
22472 8
22476 16
22478 11
22482 21
22486 20
22488 3
22494 2
22503 4
22507 11
22512 12
22518 20
22520 12
22526 11
22533 14
22538 20
22540 7
22543 11
22547 11
22554 21
22558 14
22563 11
22570 15
22572 1
22579 20
22580 19
22582 19
22583 12
22589 1
22597 18
22598 12
22606 2
22615 9
22617 11
22623 8
22627 11
22631 18
22632 8
22636 4
22640 17
22642 11
22648 18
22649 4
22655 16
22657 11
22661 11
22666 15
22668 11
22674 19
22675 11
22682 21
22686 12
22694 11
22701 4
22709 11
22715 18
22716 9
22717 12
22725 12
22733 13
22739 9
22741 18
22742 10
22745 19
22746 15
22748 12
22754 13
22759 7
22761 1
22769 14
22775 12
22783 20
22785 15
22787 2
22796 4
22804 12
22812 1
22822 6
22830 3
22837 5
22843 9
22845 11
22852 5
22858 7
22860 11
22865 10
22868 11
22872 17
22874 11
22878 20
22879 11
22883 19
22885 3
22889 13
22895 19
22897 12
22905 18
22906 7
22908 14
22913 15
22915 21
22919 15
22921 7
22924 13
22929 2
22938 15
22940 6
22944 10
22945 2
22954 6
22960 5
22965 15
22967 9
22969 14
22976 6
22984 1
22994 15
22996 11
23001 18
23002 16
23004 15
23006 18
23007 12
23013 17
23015 7
23018 12
23022 19
23023 12
23027 16
23029 20
23030 17
23032 19
23034 3
23040 9
23042 11
23049 9
23051 15
23053 4
23057 4
23061 12
23067 21
23071 14
23076 11
23081 2
23090 13
23094 20
23095 21
23099 21
23103 17
23105 12
23111 8
23115 1
23123 4
23129 15
23131 14
23137 20
23138 17
23140 6
23146 11
23152 8
23154 12
23160 18
23161 11
23166 15
23168 12
23174 7
23177 6
23185 17
23187 21
23191 16
23193 3
23197 9
23199 12
23205 9
23207 7
23209 12
23217 18
23218 13
23223 12
23229 8
23231 3
23236 1
23243 8
23245 7
23247 4
23253 12
23257 11
23262 12
23268 11
23275 18
23276 19
23278 18
23279 8
23281 5
23287 9
23288 3
23295 6
23301 20
23303 12
23309 11
23316 11
23320 7
23323 10
23324 8
23326 11
23330 2
23339 1
23348 15
23350 17
23352 12
23358 16
23360 6
23368 4
23374 8
23378 12
23384 11
23388 13
23393 10
23394 12
23400 14
23407 11
23414 18
23415 4
23421 2
23432 15
23434 4
23440 11
23444 2
23453 19
23454 8
23456 9
23458 13
23463 12
23471 18
23472 5
23476 7
23479 21
23483 16
23485 11
23490 18
23491 8
23493 14
23498 18
23499 15
23501 8
23503 18
23504 18
23505 18
23506 5
23513 21
23517 9
23519 9
23520 16
23522 13
23527 17
23529 4
23535 15
23537 4
23543 11
23547 15
23549 4
23555 4
23561 5
23566 7
23568 7
23570 11
23577 21
23581 17
23583 11
23587 4
23593 3
23597 18
23598 16
23600 10
23601 6
23607 4
23613 20
23615 3
23621 2
23632 11
23639 13
23645 8
23647 19
23648 10
23651 11
23656 11
23660 13
23666 20
23667 14
23672 12
23676 11
23680 8
23682 4
23686 12
23694 12
23700 12
23706 17
23708 10
23709 3
23713 21
23717 12
23721 18
23722 16
23724 6
23728 10
23729 18
23730 18
23731 16
23733 7
23736 5
23743 13
23748 10
23749 13
23754 11
23759 1
23767 7
23769 15
23771 12
23775 6
23781 15
23783 18
23784 12
23790 21
23794 10
23797 18
23798 2
23809 12
23813 18
23814 8
23816 7
23818 11
23824 9
23825 1
23835 7
23837 2
23846 1
23853 9
23854 8
23856 4
23862 19
23864 11
23870 14
23874 16
23876 21
23880 1
23890 11
23897 14
23901 21
23905 11
23912 11
23916 4
23924 8
23926 8
23928 4
23934 11
23939 21
23943 19
23945 11
23950 12
23956 6
23960 14
23967 20
23968 1
23975 11
23979 11
23985 5
23991 7
23994 15
23996 6
24002 19
24004 6
24008 8
24010 8
24014 18
24015 2
24024 7
24027 8
24029 15
24031 21
24035 4
24039 20
24041 3
24048 16
24050 19
24052 6
24058 1
24068 21
24072 9
24073 13
24078 9
24080 10
24081 17
24083 10
24086 18
24087 18
24088 18
24089 12
24093 4
24099 11
24103 13
24108 21
24112 8
24116 10
24117 18
24118 2
24125 20
24127 18
24128 3
24133 1
24143 12
24149 14
24154 14
24160 15
24162 3
24166 18
24167 11
24174 15
24176 14
24182 11
24188 9
24189 18
24190 10
24193 3
24197 9
24198 1
24207 8
24211 21
24215 12
24219 17
24221 15
24223 11
24230 3
24235 2
24244 12
24252 9
24253 7
24255 3
24260 14
24266 16
24268 5
24274 13
24278 15
24280 15
24282 18
24283 13
24289 17
24291 12
24299 19
24300 20
24302 21
24306 19
24307 11
24312 17
24314 20
24315 20
24316 8
24320 16
24322 4
24330 20
24332 11
24337 11
24341 18
24342 20
24344 10
24345 15
24347 21
24351 16
24353 11
24357 7
24359 2
24370 12
24376 16
24378 12
24384 12
24388 15
24390 11
24396 15
24398 7
24400 11
24407 20
24409 7
24412 21
24416 8
24418 10
24419 10
24422 14
24426 9
24427 14
24432 20
24434 6
24440 9
24441 12
24447 10
24450 12
24456 3
24463 12
24467 15
24469 11
24476 18
24477 11
24483 19
24484 7
24486 16
24488 10
24489 21
24493 12
24499 13
24504 5
24511 10
24512 9
24514 8
24516 11
24520 11
24525 10
24526 1
24534 3
24538 12
24544 11
24549 14
24556 7
24559 3
24564 13
24570 18
24571 19
24572 12
24576 6
24580 15
24582 17
24584 11
24591 6
24597 12
24605 16
24607 19
24608 4
24616 8
24618 13
24623 11
24627 3
24634 12
24640 1
24650 15
24652 9
24653 14
24659 14
24664 13
24669 14
24676 19
24677 21
24681 17
24683 16
24685 3
24689 18
24690 14
24695 11
24699 11
24704 21
24708 20
24710 5
24715 18
24716 11
24722 6
24728 18
24729 9
24731 17
24733 12
24737 11
24744 20
24745 17
24747 1
24754 13
24760 19
24762 17
24764 15
24766 12
24772 4
24776 12
24780 1
24789 6
24795 6
24801 5
24807 14
24814 1
24821 19
24822 11
24826 12
24832 12
24840 18
24841 14
24846 8
24850 21
24854 6
24862 4
24866 21
24870 8
24872 15
24874 20
24876 4
24880 12
24886 11
24891 12
24895 5
24899 2
24910 17
24912 4
24918 6
24924 14
24928 11
24932 4
24936 12
24944 18
24945 14
24949 12
24955 3
24961 3
24967 18
24968 2
24977 11
24982 6
24988 11
24994 11
24998 3
25004 10
25005 17
25007 12
25013 2
25024 18
25025 2
25034 11
25040 7
25042 5
25049 7
25052 13
25058 2
25065 15
25067 6
25075 3
25079 17
25081 12
25085 7
25088 11
25095 12
25101 11
25105 15
25107 1
25117 8
25121 17
25123 20
25125 19
25126 3
25131 18
25132 1
25141 3
25147 12
25153 20
25155 6
25161 6
25167 16
25169 18
25170 20
25171 4
25179 4
25183 11
25190 16
25192 18
25193 8
25195 4
25203 12
25211 7
25214 12
25220 6
25226 13
25231 18
25232 10
25233 20
25235 18
25236 11
25243 6
25249 18
25250 13
25254 6
25262 2
25273 15
25275 20
25276 14
25280 1
25290 11
25295 15
25297 11
25301 21
25305 4
25311 11
25317 12
25325 11
25332 15
25334 13
25339 14
25345 15
25347 11
25352 11
25359 18
25360 16
25362 13
25367 11
25372 13
25377 4
25381 17
25383 19
25384 1
25391 5
25397 1
25406 12
25412 7
25415 14
25422 11
25428 12
25432 12
25438 4
25444 18
25445 8
25449 11
25454 7
25456 11
25460 3
25466 11
25472 13
25477 6
25483 6
25489 4
25495 6
25501 14
25507 10
25508 8
25510 1
25519 3
25523 10
25526 11
25531 14
25537 15
25539 12
25547 21
25551 16
25553 8
25555 12
25561 6
25569 7
25572 2
25581 21
25585 8
25589 16
25591 9
25593 18
25594 21
25598 7
25601 21
25605 14
25612 7
25615 4
25621 7
25624 12
25630 9
25632 21
25636 18
25637 15
25639 4
25647 12
25653 19
25655 11
25662 9
25664 2
25671 17
25673 15
25675 19
25677 8
25679 21
25683 1
25690 17
25692 18
25693 11
25700 6
25706 1
25716 17
25718 12
25724 12
25730 5
25737 12
25741 11
25745 8
25747 8
25751 15
25753 19
25754 1
25764 13
25770 12
25774 2
25785 11
25789 11
25796 8
25798 5
25803 2
25812 18
25813 16
25815 11
25820 11
25825 18
25826 17
25828 9
25830 6
25838 2
25847 19
25849 14
25856 1
25865 2
25874 8
25878 18
25879 12
25887 17
25889 20
25891 14
25895 20
25896 11
25901 14
25905 9
25906 15
25908 7
25910 7
25913 15
25915 3
25919 3
25924 1
25934 8
25936 5
25942 15
25944 13
25950 17
25952 1
25960 9
25961 7
25963 21
25967 14
25974 11
25980 12
25988 11
25993 6
25997 12
26005 14
26010 11
26016 4
26022 18
26023 19
26025 5
26032 19
26034 11
26041 17
26043 16
26045 1
26055 10
26058 7
26061 7
26064 5
26068 1
26075 18
26076 11
26083 18
26084 16
26086 7
26088 2
26097 16
26099 8
26103 8
26105 10
26106 3
26111 21
26115 9
26117 12
26123 2
26134 18
26135 11
26139 20
26140 12
26144 11
26149 19
26150 3
26154 6
26162 12
26166 17
26168 12
26172 2
26181 11
26186 11
26192 6
26198 10
26199 3
26205 18
26206 20
26208 1
26218 9
26219 13
26224 11
26228 12
26236 14
26241 12
26249 14
26254 18
26255 12
26261 6
26265 7
26267 18
26268 10
26271 2
26278 12
26286 15
26288 17
26290 11
26295 21
26299 5
26303 11
26308 11
26312 6
26320 2
26329 12
26335 16
26337 9
26339 11
26345 12
26353 12
26357 14
26361 21
26365 11
26372 17
26374 4
26382 18
26383 11
26389 2
26398 19
26399 7
26401 8
26403 20
26404 19
26406 5
26411 7
26414 4
26418 2
26425 17
26427 12
26431 18
26432 13
26436 4
26444 13
26450 12
26456 10
26459 2
26468 18
26469 20
26471 8
26475 21
26479 5
26486 21
26490 12
26494 18
26495 11
26502 11
26507 5
26513 14
26520 17
26522 21
26526 18
26527 18
26528 12
26536 4
26542 9
26544 18
26545 9
26546 9
26548 11
26552 7
26554 14
26559 18
26560 2
26569 12
26577 18
26578 18
26579 2
26588 17
26590 17
26592 17
26594 18
26595 21
26599 10
26602 12
26610 20
26612 6
26620 11
26626 21
26630 8
26632 14
26638 9
26640 7
26643 11
26649 4
26653 8
26657 21
26661 8
26663 14
26670 4
26678 15
26680 7
26682 17
26684 13
26690 5
26695 11
26699 11
26703 10
26704 11
26708 7
26710 3
26714 18
26715 6
26721 2
26730 8
26732 16
26734 10
26737 6
26741 16
26743 20
26745 6
26751 12
26757 19
26758 15
26760 6
26766 11
26771 19
26773 17
26775 13
26780 5
26785 1
26794 17
26796 10
26799 19
26801 16
26803 16
26805 7
26808 11
26814 11
26821 15
26823 19
26825 9
26826 15
26828 3
26835 3
26841 15
26843 15
26845 16
26847 3
26852 1
26862 12
26870 16
26872 4
26878 20
26879 10
26880 9
26882 8
26886 9
26888 18
26889 14
26896 9
26897 18
26898 19
26899 13
26904 9
26906 12
26914 15
26916 5
26920 19
26921 13
26926 5
26933 6
26939 16
26941 2
26948 13
26953 4
26959 12
26963 3
26970 1
26980 14
26986 10
26989 6
26995 10
26996 19
26997 5
27002 20
27003 13
27008 19
27009 12
27015 18
27016 14
27022 4
27030 6
27036 4
27044 18
27045 1
27055 19
27057 3
27061 5
27066 5
27071 11
27077 11
27084 10
27085 11
27090 1
27098 17
27100 18
27101 3
27107 18
27108 12
27116 8
27120 20
27122 6
27128 11
27135 7
27137 16
27139 7
27141 17
27143 9
27145 8
27149 7
27152 5
27158 19
27159 10
27162 10
27165 16
27167 12
27173 12
27181 12
27189 16
27191 12
27199 3
27204 11
27209 12
27217 5
27224 13
27229 4
27233 11
27238 12
27242 21
27246 21
27250 4
27256 12
27260 17
27262 17
27264 11
27270 2
27277 12
27285 9
27287 12
27295 19
27297 8
27301 3
27308 11
27313 14
27320 7
27322 19
27323 13
27328 8
27330 4
27334 15
27336 5
27340 21
27344 7
27346 13
27351 11
27358 12
27366 12
27370 2
27379 11
27385 11
27389 11
27395 11
27401 15
27403 12
27409 4
27417 8
27421 2
27430 11
27435 7
27437 7
27439 18
27440 11
27446 12
27452 8
27456 21
27460 3
27464 17
27466 2
27473 11
27479 19
27481 13
27486 17
27488 9
27489 16
27491 12
27497 4
27503 13
27507 5
27513 18
27514 17
27516 10
27517 15
27519 9
27520 12
27524 18
27525 17
27527 20
27528 17
27530 18
27531 12
27535 2
27544 8
27548 21
27552 7
27555 12
27559 13
27564 1
27572 1
27582 15
27584 3
27589 10
27590 21
27594 11
27599 15
27601 14
27608 17
27610 15
27612 19
27613 4
27621 13
27625 16
27627 16
27629 11
27634 10
27635 12
27639 19
27640 16
27642 12
27648 13
27652 12
27658 14
27664 15
27666 11
27673 9
27675 1
27685 13
27689 13
27695 12
27699 16
27701 5
27706 10
27709 10
27710 8
27714 2
27723 14
27730 16
27732 13
27736 4
27742 3
27747 18
27748 14
27752 1
27759 2
27770 2
27777 5
27782 2
27793 4
27797 3
27803 19
27805 8
27807 7
27810 12
27816 11
27823 12
27831 4
27837 19
27839 15
27841 19
27842 19
27844 12
27850 18
27851 18
27852 14
27857 19
27858 12
27864 19
27866 2
27873 1
27883 2
27890 17
27892 11
27897 19
27898 7
27900 21
27904 18
27905 10
27908 8
27910 11
27914 18
27915 2
27922 13
27927 18
27928 6
27936 6
27944 11
27951 16
27953 18
27954 19
27956 16
27958 19
27960 4
27964 2
27971 12
27977 12
27981 19
27983 9
27984 11
27988 18
27989 16
27991 4
27999 11
28005 16
28007 11
28014 4
28020 6
28026 8
28028 8
28030 15
28032 13
28036 12
28044 11
28049 11
28055 21
28059 11
28063 4
28071 12
28077 12
28083 17
28085 15
28087 18
28088 12
28092 9
28093 3
28098 20
28099 16
28101 13
28106 7
28109 14
28113 8
28117 21
28121 16
28123 5
28128 18
28129 11
28134 13
28139 14
28146 16
28148 19
28150 1
28159 11
28163 20
28165 10
28168 4
28174 12
28178 16
28180 21
28184 18
28185 19
28186 14
28191 16
28193 18
28194 9
28195 2
28206 11
28211 14
28216 6
28220 11
28227 18
28228 7
28231 9
28233 6
28239 5
28245 1
28253 11
28257 6
28263 16
28265 18
28266 21
28270 11
28277 2
28288 9
28290 15
28292 21
28296 4
28302 7
28305 18
28306 16
28308 2
28319 12
28325 7
28327 18
28328 9
28330 6
28334 12
28338 1
28348 15
28350 11
28355 12
28361 10
28364 8
28366 16
28368 19
28370 11
28376 2
28383 19
28384 7
28386 2
28395 12
28399 3
28403 18
28404 18
28405 15
28407 11
28413 9
28414 20
28416 17
28418 16
28420 8
28424 7
28426 2
28435 16
28437 20
28439 17
28441 7
28443 5
28449 18
28450 9
28452 6
28456 17
28458 10
28459 9
28461 17
28463 13
28468 18
28469 16
28471 12
28477 13
28482 2
28489 4
28493 17
28495 19
28497 11
28503 9
28505 12
28509 2
28520 12
28524 12
28530 8
28534 15
28536 14
28541 15
28543 11
28548 15
28550 16
28552 15
28554 18
28555 16
28557 18
28558 1
28566 14
28573 15
28575 15
28577 11
28581 8
28583 9
28585 11
28590 6
28598 11
28605 18
28606 11
28612 12
28616 12
28622 17
28624 19
28625 1
28634 15
28636 3
28642 14
28648 1
28658 12
28664 16
28666 9
28668 3
28675 3
28680 11
28684 7
28686 12
28694 7
28697 11
28701 11
28706 11
28710 20
28712 3
28718 18
28719 12
28725 13
28730 21
28734 11
28740 12
28748 2
28757 2
28764 9
28766 5
28771 14
28778 19
28779 2
28788 12
28792 12
28798 3
28803 17
28805 11
28810 11
28814 11
28819 5
28824 14
28830 10
28831 16
28833 12
28839 13
28844 12
28850 6
28856 7
28858 15
28860 10
28861 4
28869 7
28871 11
28876 3
28881 11
28888 21
28892 19
28894 14
28900 19
28902 2
28911 11
28916 5
28921 11
28928 11
28933 7
28935 18
28936 1
28945 11
28949 20
28950 18
28951 18
28952 18
28953 4
28957 1
28966 10
28969 14
28975 16
28977 4
28985 17
28987 7
28989 1
28996 21
29000 2
29009 4
29015 11
29022 20
29023 1
29031 21
29035 5
29040 18
29041 15
29043 3
29050 3
29056 8
29058 16
29060 21
29064 11
29068 14
29075 12
29081 17
29083 18
29084 7
29086 6
29090 17
29092 5
29096 16
29098 21
29102 1
29111 15
29113 12
29119 4
29125 11
29132 19
29133 5
29139 2
29148 2
29157 21
29161 4
29165 5
29169 12
29177 19
29179 18
29180 12
29188 11
29194 11
29198 6
29206 7
29208 2
29217 16
29219 3
29226 11
29232 5
29239 8
29243 15
29245 3
29249 13
29255 10
29256 17
29258 12
29266 4
29272 15
29274 5
29281 16
29283 18
29284 20
29285 9
29287 20
29289 15
29291 17
29293 16
29295 11
29300 9
29302 3
29306 21
29310 19
29312 8
29314 11
29321 9
29323 3
29329 12
29333 14
29338 16
29340 17
29342 21
29346 19
29347 21
29351 14
29357 11
29363 17
29365 9
29366 13
29371 14
29377 5
29384 5
29391 13
29396 7
29399 20
29401 8
29405 2
29414 12
29422 8
29424 15
29426 2
29435 15
29437 14
29444 18
29445 9
29446 15
29448 8
29452 13
29458 11
29462 3
29468 1
29477 21
29481 17
29483 1
29492 14
29496 12
29502 12
29508 16
29510 14
29517 1
29525 11
29532 4
29540 4
29544 11
29548 9
29549 19
29551 13
29555 13
29559 21
29563 12
29571 18
29572 10
29575 1
29584 21
29588 10
29591 19
29592 10
29595 9
29596 19
29597 12
29605 6
29613 10
29616 5
29620 15
29622 12
29626 12
29630 4
29636 10
29639 7
29641 16
29643 11
29649 2
29658 12
29666 8
29668 5
29673 14
29678 18
29679 15
29681 9
29682 15
29684 11
29691 11
29698 12
29704 21
29708 5
29713 5
29718 18
29719 6
29723 19
29725 3
29730 4
29736 18
29737 16
29739 15
29741 20
29742 11
29746 11
29752 13
29757 1
29767 17
29769 12
29777 11
29782 6
29786 4
29792 6
29798 13
29803 14
29810 11
29817 19
29819 9
29820 14
29824 17
29826 18
29827 11
29833 9
29835 11
29842 1
29850 1
29857 13
29861 9
29863 11
29868 1
29876 9
29877 18
29878 4
29884 7
29887 15
29889 3
29895 1
29905 13
29911 12
29917 2
29926 3
29932 19
29934 13
29938 6
29942 14
29946 12
29952 13
29956 12
29960 20
29962 12
29968 12
29974 12
29980 11
29985 11
29992 21
29996 21
30000 20
30002 12
30008 11
30014 1
30024 19
30025 14
30032 20
30033 14
30040 7
30042 21
30046 6
30052 9
30053 20
30054 6
30058 21
30062 20
30064 20
30065 13
30070 5
30076 4
30084 5
30089 5
30096 7
30098 16
30100 19
30101 1
30110 20
30112 13
30118 5
30123 12
30129 4
30135 9
30136 21
30140 7
30143 19
30145 12
30153 5
30160 11
30164 8
30168 10
30171 7
30174 4
30178 11
30182 2
30193 11
30197 2
30204 21
30208 15
30210 8
30214 5
30220 3
30226 11
30230 18
30231 13
30236 3
30241 2
30252 11
30258 19
30260 14
30265 9
30267 15
30269 10
30272 15
30274 4
30280 11
30285 15
30287 1
30295 12
30299 11
30305 17
30307 12
30315 3
30322 20
30324 9
30325 15
30327 8
30331 9
30332 6
30338 10
30339 11
30343 3
30349 8
30351 11
30357 17
30359 12
30367 7
30370 11
30377 14
30382 16
30384 16
30386 10
30387 7
30389 12
30393 17
30395 18
30396 10
30399 15
30401 2
30410 18
30411 6
30417 14
30422 6
30428 11
30433 11
30438 9
30439 4
30445 3
30450 3
30454 3
30461 11
30467 11
30471 2
30482 5
30489 2
30498 5
30502 7
30505 8
30507 16
30509 7
30512 12
30516 13
30521 12
30527 6
30535 9
30536 6
30544 12
30550 8
30554 19
30555 15
30557 6
30565 18
30566 4
30574 10
30575 19
30577 11
30582 5
30587 8
30591 9
30592 12
30598 21
30602 13
30607 8
30609 18
30610 10
30611 11
30615 12
30623 19
30624 7
30626 18
30627 10
30630 9
30632 1
30641 5
30647 18
30648 2
30657 11
30663 19
30665 17
30667 21
30671 13
30676 19
30678 16
30680 12
30686 20
30687 18
30688 21
30692 12
30698 16
30700 21
30704 16
30706 17
30708 18
30709 3
30713 12
30721 11
30725 17
30727 17
30729 13
30733 10
30734 19
30735 1
30742 1
30751 12
30757 13
30761 20
30762 10
30763 13
30769 16
30771 11
30775 12
30781 6
30785 21
30789 11
30795 9
30796 11
30803 2
30812 10
30813 3
30820 11
30824 12
30832 4
30838 16
30840 3
30845 10
30848 8
30850 16
30852 21
30856 9
30858 8
30862 12
30868 15
30870 12
30874 13
30879 11
30886 7
30889 15
30891 20
30892 10
30895 15
30897 6
30901 12
30905 15
30907 2
30916 12
30922 2
30933 13
30939 17
30941 6
30949 16
30951 17
30953 7
30955 10
30956 11
30963 18
30964 11
30968 10
30969 13
30975 9
30976 5
30980 9
30982 2
30991 17
30993 11
30999 21
31003 5
31009 11
31015 3
31022 15
31024 11
31029 6
31037 3
31041 11
31048 12
31052 7
31054 1
31061 21
31065 1
31074 15
31076 12
31080 12
31084 18
31085 7
31088 3
31092 12
31096 9
31097 1
31107 18
31108 17
31110 9
31111 19
31113 16
31115 5
31119 20
31121 11
31126 1
31135 20
31137 8
31141 12
31149 11
31153 6
31159 20
31160 5
31167 19
31169 15
31171 5
31176 2
31183 6
31187 9
31188 15
31190 14
31197 13
31201 10
31202 18
31203 14
31210 17
31212 18
31213 21
31217 9
31218 7
31220 4
31228 17
31230 18
31231 15
31233 11
31237 19
31238 18
31239 12
31245 21
31249 10
31250 6
31254 9
31255 11
31262 17
31264 11
31270 1
31278 8
31280 12
31284 9
31285 21
31289 2
31300 4
31304 4
31312 18
31313 11
31319 3
31323 15
31325 17
31327 4
31331 1
31339 6
31345 18
31346 1
31353 20
31355 21
31359 20
31361 1
31371 20
31373 4
31379 11
31383 19
31384 17
31386 11
31390 14
31396 3
31403 3
31407 21
31411 1
31421 16
31423 10
31426 13
31430 13
31435 12
31443 19
31444 12
31452 6
31456 12
31460 19
31462 7
31465 17
31467 11
31471 8
31473 13
31477 16
31479 9
31480 16
31482 11
31486 9
31488 11
31495 7
31498 3
31505 17
31507 15
31509 17
31511 8
31515 5
31520 20
31522 4
31528 14
31533 15
31535 11
31542 20
31544 15
31546 9
31547 17
31549 19
31551 9
31552 7
31555 8
31559 11
31564 6
31570 16
31572 9
31573 12
31581 16
31583 20
31584 4
31590 16
31592 2
31599 12
31607 14
31612 19
31613 2
31622 12
31628 7
31631 13
31637 10
31640 3
31647 17
31649 10
31650 8
31652 13
31657 12
31663 21
31667 12
31675 16
31677 4
31683 16
31685 4
31689 17
31691 19
31693 1
31701 13
31706 11
31711 12
31717 11
31721 3
31726 18
31727 4
31733 18
31734 18
31735 15
31737 18
31738 21
31742 16
31744 17
31746 2
31755 14
31761 11
31766 11
31772 1
31781 11
31786 16
31788 10
31791 11
31796 8
31800 2
31811 11
31815 11
31821 4
31825 12
31829 20
31830 18
31831 13
31836 8
31840 15
31842 15
31844 12
31848 16
31850 2
31861 14
31868 16
31870 11
31875 18
31876 18
31877 6
31883 5
31888 11
31894 2
31901 13
31907 18
31908 12
31912 18
31913 4
31919 6
31925 2
31932 10
31935 18
31936 15
31938 9
31939 15
31941 18
31942 18
31943 5
31947 18
31948 13
31954 12
31960 2
31971 12
31977 12
31985 11
31989 17
31991 11
31995 10
31996 6
32004 2
32013 9
32015 14
32020 18
32021 9
32023 7
32026 20
32028 11
32034 17
32036 3
32040 19
32042 8
32046 1
32056 18
32057 12
32063 15
32065 20
32066 12
32072 11
32079 7
32082 11
32088 12
32094 4
32102 19
32104 20
32106 12
32112 17
32114 15
32116 11
32122 4
32128 12
32134 2
32143 12
32149 1
32156 17
32158 2
32165 15
32167 11
32174 14
32179 4
32185 7
32188 4
32196 13
32201 5
32205 2
32214 18
32215 10
32218 9
32220 15
32222 12
32226 5
32233 1
32242 16
32244 4
32252 11
32258 11
32265 11
32269 12
32273 2
32282 16
32284 18
32285 1
32295 18
32296 9
32297 20
32299 17
32301 8
32305 9
32307 6
32311 14
32318 19
32319 1
32327 5
32332 11
32336 12
32340 2
32349 3
32353 17
32355 13
32360 5
32367 18
32368 14
32375 11
32380 11
32385 12
32391 6
32395 8
32399 18
32400 6
32404 20
32405 14
32409 13
32415 12
32421 11
32426 8
32428 6
32432 10
32433 6
32439 18
32440 11
32444 18
32445 11
32452 18
32453 21
32457 4
32465 11
32469 14
32475 15
32477 11
32482 15
32484 18
32485 9
32487 14
32494 9
32496 18
32497 6
32503 16
32505 12
32511 8
32513 16
32515 14
32521 2
32532 21
32536 15
32538 4
32542 1
32550 11
32555 8
32559 11
32565 20
32567 21
32571 21
32575 19
32577 3
32582 11
32586 12
32592 16
32594 11
32601 7
32604 18
32605 6
32611 20
32613 12
32621 4
32625 19
32627 12
32635 11
32641 13
32645 16
32647 2
32656 13
32661 11
32667 3
32674 18
32675 16
32677 2
32686 13
32690 11
32695 16
32697 10
32698 12
32704 13
32709 12
32715 17
32717 16
32719 8
32721 15
32723 14
32728 1
32735 14
32742 18
32743 11
32750 13
32755 15
32757 17
32759 7
32761 12
32765 4
32769 19
32771 3
32778 19
32780 12
32788 20
32789 9
32791 15
32793 20
32794 1
32802 11
32806 11
32811 3
32817 15
32819 20
32821 18
32822 19
32824 2
32835 11
32842 15
32844 7
32846 11
32851 11
32855 11
32859 19
32860 13
32865 14
32869 19
32870 11
32877 13
32882 9
32884 3
32890 8
32894 5
32899 11
32906 3
32913 20
32915 17
32917 12
32925 15
32927 9
32929 7
32932 8
32934 5
32940 20
32942 2
32951 21
32955 16
32957 13
32962 4
32968 11
32974 8
32976 20
32977 6
32981 6
32987 12
32995 11
33001 5
33007 3
33014 12
33018 5
33025 18
33026 16
33028 15
33030 11
33035 21
33039 17
33041 11
33045 2
33052 12
33058 19
33059 5
33066 8
33068 19
33069 10
33070 8
33072 15
33074 21
33078 12
33084 6
33090 12
33094 2
33101 18
33102 15
33104 5
33108 9
33109 13
33115 16
33117 4
33121 3
33125 18
33126 5
33133 10
33134 18
33135 13
33140 19
33142 11
33147 11
33152 18
33153 12
33161 14
33165 6
33171 12
33177 12
33185 9
33187 11
33194 1
33203 3
33207 8
33211 4
33217 12
33221 12
33227 15
33229 18
33230 14
33237 13
33242 5
33247 14
33252 14
33259 21
33263 15
33265 8
33267 2
33276 12
33282 12
33290 11
33294 15
33296 20
33297 18
33298 4
33302 13
33307 11
33314 12
33320 5
33324 11
33331 6
33335 11
33341 11
33347 2
33356 8
33360 15
33362 2
33371 11
33375 4
33381 6
33389 11
33395 5
33400 11
33404 17
33406 20
33407 11
33414 5
33419 8
33423 13
33429 15
33431 11
33437 13
33443 10
33446 15
33448 7
33451 12
33457 7
33460 14
33464 5
33470 6
33476 6
33482 18
33483 12
33491 9
33492 18
33493 3
33498 21
33502 12
33510 21
33514 21
33518 1
33525 11
33529 17
33531 10
33532 7
33535 5
33542 3
33547 9
33549 7
33551 2
33560 12
33566 7
33569 5
33574 10
33577 12
33583 14
33588 11
33595 10
33598 13
33602 2
33609 18
33610 20
33612 10
33613 5
33619 11
33625 18
33626 2
33633 12
33641 10
33644 18
33645 15
33647 1
33656 6
33662 19
33663 13
33669 7
33671 2
33678 9
33679 10
33680 2
33691 6
33697 4
33701 9
33702 12
33708 10
33709 10
33710 15
33712 9
33713 14
33717 19
33718 2
33727 13
33732 15
33734 11
33739 13
33743 12
33751 3
33756 9
33757 3
33761 12
33767 17
33769 17
33771 21
33775 1
33785 6
33789 20
33790 15
33792 1
33800 11
33806 7
33808 4
33816 15
33818 9
33820 5
33825 16
33827 16
33829 15
33831 12
33837 18
33838 2
33847 18
33848 11
33852 8
33856 7
33859 6
33865 11
33871 18
33872 7
33874 5
33879 10
33882 14
33887 18
33888 11
33893 12
33901 11
33907 18
33908 13
33914 14
33921 1
33929 11
33935 4
33943 18
33944 12
33950 11
33955 11
33962 17
33964 18
33965 19
33966 18
33967 15
33969 18
33970 2
33981 14
33987 16
33989 4
33995 11
34000 14
34005 11
34012 9
34013 9
34015 5
34020 2
34031 12
34039 10
34042 11
34047 18
34048 18
34049 21
34053 18
34054 15
34056 21
34060 18
34061 12
34069 11
34074 18
34075 17
34077 14
34084 3
34090 1
34097 11
34104 17
34106 10
34107 5
34112 1
34121 1
34130 2
34139 4
34145 11
34151 9
34152 2
34161 1
34169 11
34173 10
34174 7
34177 19
34178 1
34186 12
34192 14
34196 15
34198 16
34200 6
34206 3
34213 10
34216 4
34224 1
34233 17
34235 6
34241 21
34245 12
34249 21
34253 3
34259 2
34268 4
34274 1
34284 8
34288 1
34296 9
34297 1
34306 3
34310 14
34317 13
34321 11
34326 14
34331 13
34337 11
34342 10
34343 18
34344 6
34350 12
34356 10
34359 14
34366 11
34373 10
34374 19
34376 9
34377 7
34379 7
34381 17
34383 6
34391 1
34398 12
34402 19
34403 17
34405 17
34407 12
34411 9
34412 12
34418 6
34422 20
34423 9
34425 10
34428 20
34430 11
34437 13
34441 3
34445 2
34454 13
34459 8
34461 19
34463 15
34465 7
34468 16
34470 6
34476 1
34485 15
34487 2
34494 11
34500 5
34506 11
34512 4
34518 7
34520 12
34524 6
34528 11
34534 5
34540 20
34541 18
34542 5
34547 5
34553 18
34554 21
34558 13
34563 11
34569 18
34570 3
34577 14
34584 11
34591 21
34595 5
34599 18
34600 13
34606 14
34612 11
34616 14
34620 18
34621 11
34627 15
34629 17
34631 4
34635 7
34638 11
34645 8
34647 16
34649 14
34654 5
34660 13
34665 3
34670 4
34676 7
34678 12
34684 3
34689 12
34695 18
34696 7
34698 16
34700 11
34707 9
34709 2
34720 11
34725 19
34727 6
34735 1
34742 3
34749 19
34750 15
34752 11
34759 12
34765 12
34771 5
34777 11
34783 16
34785 21
34789 3
34793 11
34799 20
34801 2
34808 17
34810 14
34814 1
34822 13
34826 14
34832 15
34834 14
34841 11
34845 14
34851 9
34853 20
34854 3
34858 10
34861 9
34863 8
34865 5
34870 19
34871 12
34879 10
34882 6
34888 15
34890 4
34896 19
34898 17
34900 8
34902 2
34909 3
34914 15
34916 12
34922 5
34926 19
34928 11
34935 8
34939 21
34943 1
34951 11
34958 9
34960 17
34962 5
34966 19
34968 8
34970 13
34975 9
34976 9
34978 4
34984 21
34988 19
34989 14
34996 16
34998 8
35002 10
35003 21
35007 18
35008 21
35012 11
35017 11
35024 10
35025 3
35031 7
35034 10
35037 8
35039 18
35040 16
35042 11
35046 13
35051 2
35062 2
35071 19
35072 21
35076 5
35080 5
35085 1
35093 2
35102 9
35103 11
35110 11
35114 2
35123 1
35133 2
35144 8
35148 12
35156 19
35158 16
35160 18
35161 2
35168 13
35173 3
35180 17
35182 1
35189 13
35195 3
35201 8
35205 16
35207 7
35209 4
35215 4
35219 19
35220 18
35221 14
35227 20
35229 20
35231 1
35239 10
35242 7
35245 12
35251 6
35255 2
35264 9
35266 12
35272 6
35278 12
35284 17
35286 3
35293 4
35299 16
35301 11
35306 7
35309 15
35311 3
35317 19
35319 18
35320 20
35322 20
35324 11
35329 18
35330 2
35339 7
35342 1
35349 8
35353 10
35354 13
35358 7
35361 8
35365 11
35371 17
35373 16
35375 18
35376 6
35384 11
35388 12
35394 9
35396 5
35403 12
35407 3
35413 18
35414 2
35423 11
35430 20
35431 13
35436 19
35438 15
35440 17
35442 19
35443 16
35445 14
35450 11
35455 7
35457 3
35463 10
35464 5
35470 18
35471 12
35475 14
35481 6
35485 6
35489 11
35495 18
35496 12
35500 9
35502 6
35508 18
35509 16
35511 15
35513 12
35517 9
35518 8
35520 15
35522 11
35527 16
35529 4
35535 4
35539 9
35541 18
35542 21
35546 19
35548 5
35554 18
35555 11
35560 13
35566 11
35571 18
35572 21
35576 12
35582 18
35583 11
35588 3
35593 6
35601 4
35607 20
35608 10
35609 12
35617 10
35620 6
35624 14
35629 3
35633 10
35636 5
35640 1
35649 7
35652 12
35658 12
35664 8
35668 20
35669 14
35673 4
35679 11
35686 10
35689 2
35698 21
35702 7
35705 11
35712 12
35718 11
35722 11
35728 12
35734 21
35738 12
35746 5
35753 15
35755 18
35756 3
35760 10
35761 15
35763 11
35768 6
35776 16
35778 12
35784 13
35788 12
35794 12
35798 12
35806 12
35814 10
35817 19
35819 18
35820 8
35824 20
35825 3
35831 14
35838 5
35843 16
35845 15
35847 20
35849 19
35850 4
35858 18
35859 14
35863 18
35864 11
35870 5
35877 16
35879 10
35880 19
35882 15
35884 17
35886 7
35888 16
35890 9
35891 19
35892 12
35896 11
35901 11
35905 16
35907 17
35909 2
35918 12
35924 10
35925 11
35932 11
35939 10
35940 21
35944 11
35949 15
35951 16
35953 11
35958 12
35966 13
35971 3
35978 17
35980 21
35984 5
35989 8
35993 16
35995 18
35996 19
35998 18
35999 16
36001 14
36007 13
36011 10
36012 5
36016 7
36018 10
36021 11
36025 21
36029 21
36033 12
36039 11
36044 2
36053 20
36055 7
36057 11
36061 16
36063 18
36064 13
36069 9
36070 4
36076 8
36080 12
36084 16
36086 18
36087 11
36091 15
36093 7
36096 4
36102 12
36106 12
36112 7
36114 21
36118 17
36120 19
36121 10
36124 8
36128 11
36132 16
36134 13
36139 11
36143 8
36147 14
36153 3
36157 4
36165 21
36169 5
36174 16
36176 7
36178 13
36184 14
36190 15
36192 5
36198 3
36203 16
36205 4
36213 11
36219 20
36220 19
36222 20
36223 11
36230 18
36231 13
36235 16
36237 16
36239 5
36245 8
36247 7
36250 10
36251 1
36260 19
36261 19
36262 1
36271 5
36275 19
36276 8
36278 10
36279 9
36280 19
36282 11
36288 3
36293 12
36299 14
36303 1
36311 16
36313 19
36314 2
36321 1
36331 2
36340 11
36344 17
36346 4
36350 11
36357 8
36361 13
36366 18
36367 12
36375 18
36376 19
36377 3
36381 13
36386 18
36387 18
36388 11
36394 11
36401 1
36409 12
36415 7
36417 10
36420 2
36429 14
36434 12
36438 19
36440 18
36441 12
36447 20
36448 12
36452 13
36458 17
36460 4
36468 18
36469 12
36477 9
36478 6
36482 15
36484 16
36486 6
36492 12
36498 9
36500 18
36501 3
36508 1
36515 7
36518 18
36519 12
36527 18
36528 18
36529 13
36534 13
36540 9
36541 18
36542 7
36544 1
36551 16
36553 17
36555 12
36563 1
36571 20
36573 16
36575 11
36580 1
36587 21
36591 2
36600 6
36606 2
36615 11
36621 14
36628 8
36632 8
36634 5
36640 19
36642 1
36649 5
36653 1
36663 5
36667 15
36669 11
36673 8
36677 10
36678 19
36680 1
36687 16
36689 18
36690 12
36694 3
36698 18
36699 3
36705 13
36710 3
36715 11
36722 4
36726 11
36730 16
36732 12
36738 14
36745 6
36753 11
36759 12
36763 15
36765 4
36773 12
36781 14
36785 14
36791 21
36795 15
36797 8
36801 15
36803 11
36809 11
36815 7
36817 18
36818 4
36824 1
36832 17
36834 2
36841 11
36848 6
36854 17
36856 10
36857 12
36861 3
36867 18
36868 18
36869 15
36871 6
36875 1
36883 13
36887 14
36892 3
36899 11
36904 5
36911 4
36915 15
36917 12
36923 7
36926 5
36930 18
36931 18
36932 4
36938 4
36942 17
36944 4
36948 10
36949 21
36953 19
36955 7
36958 12
36966 11
36972 18
36973 17
36975 10
36976 2
36985 5
36992 11
36999 5
37006 5
37013 21
37017 18
37018 18
37019 6
37025 16
37027 5
37034 21
37038 11
37045 10
37046 20
37048 14
37054 16
37056 14
37063 12
37069 17
37071 11
37076 1
37084 3
37088 12
37096 15
37098 1
37106 3
37113 11
37119 5
37123 18
37124 8
37128 15
37130 11
37134 13
37139 11
37144 11
37149 8
37153 19
37154 11
37158 21
37162 11
37166 7
37169 18
37170 17
37172 6
37178 11
37183 15
37185 5
37189 20
37191 21
37195 3
37200 18
37201 7
37203 11
37207 6
37213 14
37217 13
37223 16
37225 18
37226 5
37232 19
37234 9
37236 19
37238 14
37245 10
37246 12
37252 14
37259 11
37266 1
37273 21
37277 1
37285 5
37292 12
37298 11
37302 10
37305 2
37314 15
37316 3
37321 2
37328 12
37334 12
37338 19
37340 18
37341 20
37342 15
37344 11
37349 19
37350 6
37356 4
37364 5
37371 12
37377 17
37379 11
37386 15
37388 17
37390 11
37397 17
37399 11
37405 17
37407 20
37409 12
37415 11
37421 5
37428 16
37430 12
37436 19
37438 11
37442 15
37444 5
37449 3
37456 11
37461 4
37465 13
37471 2
37478 1
37486 10
37489 12
37493 4
37499 3
37503 6
37507 1
37517 11
37522 19
37523 3
37529 11
37536 11
37541 15
37543 18
37544 7
37547 15
37549 18
37550 18
37551 20
37552 18
37553 11
37560 16
37562 13
37568 12
37574 16
37576 1
37584 12
37590 3
37595 1
37602 20
37604 15
37606 1
37616 12
37624 15
37626 9
37627 2
37636 11
37640 18
37641 21
37645 20
37646 12
37652 20
37653 7
37656 21
37660 1
37668 16
37670 8
37674 18
37675 11
37681 7
37684 10
37687 12
37695 1
37705 11
37711 8
37713 14
37720 18
37721 15
37723 16
37725 1
37733 2
37742 18
37743 16
37745 9
37746 3
37750 11
37756 4
37764 4
37770 12
37776 11
37781 15
37783 13
37789 13
37795 6
37801 21
37805 9
37807 3
37811 1
37821 12
37827 18
37828 11
37833 18
37834 3
37841 10
37844 9
37845 19
37846 19
37847 11
37853 10
37854 3
37858 14
37862 4
37870 11
37875 7
37878 19
37880 12
37884 21
37888 3
37893 20
37894 17
37896 6
37902 15
37904 1
37913 2
37922 6
37930 12
37936 15
37938 18
37939 9
37941 15
37943 1
37950 12
37954 16
37956 14
37962 12
37968 16
37970 13
37976 18
37977 14
37982 3
37987 17
37989 5
37993 11
37997 7
37999 6
38005 16
38007 9
38009 18
38010 7
38012 16
38014 12
38020 12
38026 18
38027 18
38028 18
38029 7
38032 13
38037 18
38038 4
38044 3
38051 5
38056 6
38062 11
38066 6
38072 5
38079 10
38082 6
38090 11
38095 21
38099 8
38101 14
38107 4
38113 16
38115 17
38117 12
38123 16
38125 13
38130 19
38131 11
38136 16
38138 1
38146 15
38148 2
38157 18
38158 18
38159 14
38166 21
38170 17
38172 20
38173 13
38178 12
38182 3
38187 9
38189 12
38195 11
38201 12
38207 1
38214 1
38222 13
38228 10
38229 18
38230 12
38236 1
38243 15
38245 14
38252 5
38258 14
38262 11
38268 13
38273 8
38275 6
38283 15
38285 17
38287 2
38296 6
38300 15
38302 19
38304 8
38306 7
38308 12
38314 8
38318 19
38320 11
38324 15
38326 11
38330 17
38332 5
38337 5
38342 7
38344 20
38346 18
38347 12
38355 14
38361 6
38365 1
38375 12
38381 5
38385 18
38386 11
38390 13
38396 14
38402 18
38403 3
38409 2
38416 12
38422 2
38433 21
38437 12
38443 7
38446 13
38451 17
38453 19
38455 5
38461 14
38467 4
38475 12
38481 21
38485 16
38487 16
38489 9
38490 4
38494 3
38501 10
38504 11
38511 1
38518 11
38523 9
38525 5
38530 11
38535 12
38541 16
38543 17
38545 21
38549 5
38554 20
38556 1
38563 21
38567 9
38568 8
38570 15
38572 19
38573 11
38577 8
38579 19
38581 2
38592 7
38595 8
38597 3
38601 12
38605 6
38613 13
38617 19
38619 18
38620 18
38621 3
38625 14
38632 19
38634 2
38645 1
38655 11
38662 18
38663 12
38671 7
38674 11
38679 6
38687 1
38694 1
38701 11
38707 4
38715 11
38722 2
38733 15
38735 2
38744 8
38748 1
38755 4
38759 12
38763 15
38765 15
38767 6
38771 8
38773 11
38777 7
38780 10
38781 11
38785 2
38794 18
38795 10
38798 13
38803 2
38812 11
38817 10
38818 7
38821 12
38829 20
38831 18
38832 21
38836 2
38845 15
38847 5
38852 2
38861 11
38868 12
38876 12
38882 7
38884 16
38886 1
38896 21
38900 11
38905 12
38909 20
38911 13
38916 19
38917 6
38925 8
38927 16
38929 9
38931 11
38935 18
38936 15
38938 5
38943 13
38947 18
38948 19
38950 14
38957 7
38960 6
38968 12
38976 15
38978 12
38986 4
38990 2
39001 2
39010 11
39015 14
39019 18
39020 1
39027 12
39033 10
39034 6
39040 8
39042 10
39045 17
39047 20
39049 11
39053 17
39055 12
39061 21
39065 9
39067 15
39069 1
39079 1
39089 11
39095 18
39096 2
39105 1
39113 20
39115 8
39119 12
39123 1
39130 8
39134 12
39142 16
39144 5
39149 11
39156 13
39161 1
39168 17
39170 15
39172 3
39178 14
39185 16
39187 15
39189 18
39190 5
39196 16
39198 19
39199 21
39203 16
39205 16
39207 21
39211 20
39212 20
39214 8
39216 9
39217 14
39222 12
39228 2
39237 11
39243 2
39254 6
39262 1
39270 15
39272 20
39274 17
39276 11
39281 2
39288 4
39296 14
39303 16
39305 15
39307 18
39308 11
39312 11
39317 15
39319 12
39323 18
39324 8
39328 1
39336 12
39342 9
39343 17
39345 19
39346 12
39352 15
39354 5
39359 12
39365 20
39367 20
39368 5
39373 11
39379 15
39381 11
39387 11
39394 12
39402 21
39406 12
39412 12
39420 15
39422 2
39429 15
39431 20
39432 11
39436 18
39437 11
39444 18
39445 16
39447 11
39451 12
39457 19
39458 20
39459 20
39460 15
39462 15
39464 18
39465 12
39469 17
39471 11
39477 16
39479 16
39481 13
39485 14
39492 7
39495 5
39501 11
39507 19
39509 1
39516 11
39523 4
39527 18
39528 16
39530 7
39532 10
39533 5
39537 19
39538 9
39540 10
39543 18
39544 5
39549 15
39551 11
39556 2
39563 18
39564 14
39568 16
39570 19
39572 21
39576 11
39581 1
39588 4
39594 11
39599 13
39604 8
39608 20
39609 18
39610 16
39612 11
39616 19
39617 1
39624 6
39630 19
39631 5
39637 10
39640 13
39646 16
39648 9
39650 11
39657 13
39663 21
39667 12
39671 15
39673 1
39681 5
39685 10
39686 11
39691 7
39693 15
39695 11
39699 15
39701 13
39706 6
39710 9
39711 18
39712 18
39713 1
39720 19
39722 15
39724 17
39726 2
39735 1
39743 11
39749 9
39751 21
39755 11
39761 8
39763 12
39769 11
39775 5
39779 5
39784 9
39786 12
39792 11
39799 21
39803 12
39807 11
39814 12
39818 11
39823 13
39829 11
39834 4
39842 12
39846 11
39853 3
39860 19
39862 20
39864 7
39867 12
39873 11
39880 7
39883 1
39891 11
39896 15
39898 1
39907 12
39913 18
39914 11
39920 10
39921 18
39922 20
39924 18
39925 18
39926 18
39927 12
39931 20
39933 15
39935 5
39942 4
39948 10
39951 10
39954 9
39956 5
39962 14
39968 12
39976 18
39977 14
39984 19
39986 19
39987 5
39993 12
39999 19
40001 19
40003 18
40004 19
40006 1
40013 3
40017 11
40022 16
40024 18
40025 17
40027 16
40029 14
40035 19
40037 7
40040 17
40042 12
40048 18
40049 21
40053 17
40055 4
40063 6
40071 12
40075 18
40076 8
40080 3
40087 13
40092 7
40094 13
40099 18
40100 6
40104 7
40107 18
40108 11
40112 1
40122 21
40126 18
40127 4
40133 20
40135 4
40143 3
40148 15
40150 15
40152 6
40160 20
40161 18
40162 5
40167 12
40171 2
40180 3
40186 13
40190 7
40193 7
40195 11
40202 21
40206 10
40207 14
40213 16
40215 12
40223 8
40225 1
40232 3
40239 2
40248 21
40252 11
40258 8
40262 21
40266 3
40270 17
40272 15
40274 1
40283 19
40285 11
40292 11
40298 2
40307 20
40309 12
40315 4
40321 7
40324 12
40332 19
40334 20
40335 8
40337 11
40344 13
40348 20
40350 17
40352 17
40354 12
40358 20
40360 10
40363 19
40364 11
40371 17
40373 11
40377 16
40379 5
40383 14
40388 17
40390 15
40392 12
40396 18
40397 17
40399 10
40402 14
40407 12
40413 18
40414 10
40417 5
40424 11
40431 12
40437 12
40443 9
40445 11
40452 9
40454 11
40461 20
40462 18
40463 4
40469 21
40473 16
40475 4
40483 19
40485 18
40486 1
40494 14
40501 14
40506 11
40513 21
40517 17
40519 2
40528 13
40533 16
40535 11
40540 10
40541 6
40547 16
40549 11
40554 12
40558 15
40560 9
40561 6
40567 13
40571 15
40573 18
40574 12
40582 5
40589 5
40596 5
40600 12
40606 17
40608 12
40612 12
40616 5
40623 19
40624 4
40630 21
40634 1
40644 17
40646 3
40651 5
40655 15
40657 17
40659 11
40666 13
40671 14
40675 18
40676 17
40678 18
40679 12
40685 21
40689 7
40692 7
40694 3
40701 11
40708 16
40710 21
40714 21
40718 5
40722 21
40726 7
40728 17
40730 10
40733 5
40740 15
40742 18
40743 13
40747 7
40750 3
40757 14
40763 9
40764 12
40768 12
40774 6
40782 5
40787 20
40789 15
40791 12
40797 7
40799 10
40802 8
40806 12
40812 17
40814 10
40815 13
40820 21
40824 3
40828 18
40829 12
40837 11
40841 21
40845 6
40851 4
40859 13
40864 5
40870 11
40876 14
40880 3
40884 2
40895 4
40901 8
40905 21
40909 12
40913 12
40919 16
40921 9
40922 11
40927 14
40934 11
40938 10
40941 7
40944 21
40948 14
40952 5
40958 12
40966 18
40967 18
40968 7
40970 7
40973 12
40979 3
40984 7
40987 10
40988 11
40993 3
41000 14
41005 8
41007 17
41009 2
41018 8
41022 18
41023 20
41024 11
41029 15
41031 18
41032 3
41037 12
41041 15
41043 7
41045 12
41049 3
41055 21
41059 7
41061 11
41068 15
41070 3
41077 9
41079 7
41082 16
41084 8
41086 18
41087 5
41091 16
41093 20
41094 15
41096 11
41101 4
41105 18
41106 11
41113 12
41119 11
41126 11
41131 11
41138 11
41143 10
41144 2
41155 11
41160 21
41164 13
41169 10
41172 10
41173 8
41175 15
41177 8
41179 8
41181 7
41183 18
41184 11
41191 7
41194 17
41196 12
41200 17
41202 18
41203 8
41207 11
41213 13
41217 13
41222 8
41226 21
41230 4
41236 1
41246 13
41250 13
41254 18
41255 18
41256 11
41263 11
41269 19
41270 20
41271 6
41277 17
41279 9
41281 10
41284 21
41288 18
41289 5
41294 12
41300 13
41306 4
41312 3
41318 4
41326 15
41328 19
41329 13
41335 16
41337 16
41339 19
41341 9
41342 19
41343 8
41347 11
41353 9
41355 11
41361 7
41364 20
41365 15
41367 5
41372 9
41374 12
41380 20
41382 6
41388 8
41390 17
41392 18
41393 14
41397 11
41401 12
41405 19
41406 12
41412 20
41414 11
41419 13
41423 11
41430 11
41434 12
41440 18
41441 2
41450 11
41454 8
41458 1
41466 11
41471 8
41475 16
41477 17
41479 7
41481 3
41486 11
41493 15
41495 17
41497 12
41501 18
41502 19
41503 17
41505 11
41511 18
41512 1
41522 11
41528 17
41530 8
41534 12
41542 12
41546 8
41550 11
41554 2
41563 14
41568 3
41573 15
41575 12
41583 11
41588 11
41593 18
41594 20
41595 15
41597 9
41598 18
41599 17
41601 6
41609 8
41613 15
41615 11
41620 18
41621 20
41622 19
41623 11
41628 19
41630 15
41632 8
41636 16
41638 3
41645 17
41647 11
41651 11
41658 17
41660 15
41662 12
41670 12
41676 11
41682 3
41686 18
41687 15
41689 20
41690 8
41694 11
