10000
1 15
3 13
8 12
15 12
22 12
29 2
39 21
43 20
45 15
47 4
54 18
55 12
61 12
67 2
76 12
83 14
89 21
93 1
103 5
109 21
113 3
119 20
121 14
126 11
133 2
143 18
144 9
145 18
146 6
153 17
155 6
162 13
167 6
173 11
180 18
181 1
190 5
196 10
199 10
201 18
202 13
208 15
210 13
216 17
218 12
226 11
233 9
235 17
237 17
239 11
246 18
247 10
249 16
251 9
253 19
255 2
266 12
273 15
275 12
283 8
285 4
293 11
300 20
302 4
308 19
310 13
315 18
316 18
317 5
324 11
330 16
332 6
339 18
340 14
347 11
353 8
356 18
357 6
365 18
366 11
372 11
379 1
388 16
390 4
396 3
403 21
407 12
414 1
423 3
429 2
439 5
445 9
446 12
452 2
463 5
469 18
470 5
476 15
478 14
484 12
492 9
494 3
500 18
501 21
505 12
512 14
519 12
527 21
531 6
539 5
545 11
552 9
554 12
561 6
568 7
570 13
576 5
583 20
585 14
592 16
594 21
598 1
607 13
613 11
620 8
624 4
630 12
636 6
644 6
650 13
656 13
662 5
668 15
670 9
672 13
678 14
685 19
687 16
689 4
697 11
703 5
709 20
711 12
718 2
727 13
733 18
734 21
738 21
742 14
748 21
752 1
762 18
763 3
770 17
772 21
776 18
777 10
780 4
788 6
795 3
802 16
804 18
805 11
811 16
813 1
823 10
825 16
827 15
829 19
831 9
833 7
836 14
842 12
848 1
857 18
858 15
860 11
867 2
877 11
883 17
885 10
888 14
895 13
900 17
902 7
905 9
907 16
909 11
915 3
921 5
927 4
935 21
939 11
946 18
947 15
949 7
952 12
959 11
965 12
972 13
978 6
986 10
988 15
990 16
992 16
994 18
995 11
1002 16
1004 9
1006 2
1016 7
1019 17
1021 11
1028 10
1030 18
1031 21
1035 5
1042 12
1049 3
1055 11
1061 20
1063 19
1065 15
1067 4
1075 18
1076 2
1087 18
1088 17
1090 20
1092 16
1094 6
1101 9
1102 18
1103 18
1104 16
1106 15
1108 2
1118 20
1120 2
1130 16
1132 10
1134 11
1141 8
1145 9
1146 14
1152 11
1159 6
1165 13
1170 4
1177 10
1180 20
1182 21
1186 18
1187 18
1188 9
1190 2
1201 18
1202 11
1208 19
1210 13
1215 4
1222 19
1224 3
1231 18
1232 19
1234 18
1235 6
1243 11
1250 4
1257 4
1264 5
1270 3
1276 17
1278 7
1280 12
1288 11
1295 9
1297 2
1307 10
1309 16
1311 1
1321 6
1328 21
1332 19
1334 8
1337 3
1344 19
1346 12
1353 11
1360 10
1363 19
1365 13
1370 20
1372 3
1378 7
1381 11
1388 18
1389 20
1391 6
1398 18
1399 14
1405 8
1409 8
1411 16
1413 11
1419 9
1421 15
1423 12
1429 13
1434 13
1439 5
1446 2
1457 1
1466 12
1472 15
1474 9
1476 18
1477 5
1484 16
1486 18
1487 8
1490 9
1491 7
1494 12
1502 18
1503 3
1509 18
1510 13
1516 12
1524 16
1526 2
1536 12
1542 20
1544 12
1551 16
1553 17
1555 9
1556 20
1558 3
1565 19
1567 10
1569 14
1575 21
1579 3
1586 11
1592 12
1600 15
1602 8
1604 16
1606 4
1612 1
1621 12
1628 14
1635 11
1642 18
1643 6
1651 11
1657 16
1659 3
1666 4
1673 13
1679 7
1682 8
1685 4
1691 13
1696 11
1703 17
1705 3
1711 19
1713 11
1720 11
1727 8
1731 13
1736 11
1742 15
1744 18
1745 11
1751 11
1758 11
1765 21
1769 19
1771 6
1778 11
1784 18
1785 11
1791 4
1799 12
1807 6
1814 21
1818 2
1829 11
1835 2
1845 8
1848 9
1849 12
1857 7
1859 21
1863 11
1870 19
1872 19
1874 19
1876 13
1881 3
1887 4
1894 15
1896 5
1903 18
1904 9
1905 21
1909 10
1911 5
1918 14
1925 21
1929 11
1935 11
1941 1
1950 15
1952 17
1954 6
1962 4
1968 13
1974 5
1980 8
1984 18
1985 11
1992 19
1994 18
1995 9
1997 14
2003 15
2005 2
2014 3
2020 5
2026 12
2033 18
2034 15
2036 13
2042 4
2048 11
2055 7
2057 10
2059 20
2061 15
2063 12
2069 13
2075 20
2077 11
2083 6
2089 5
2095 20
2097 3
2103 12
2110 16
2112 6
2119 6
2127 19
2129 11
2135 18
2136 18
2137 19
2139 18
2140 11
2146 17
2148 19
2150 18
2151 15
2153 1
2162 12
2169 19
2171 18
2172 18
2173 10
2175 12
2182 20
2184 2
2195 18
2196 18
2197 9
2198 19
2200 8
2204 6
2212 17
2214 11
2220 12
2226 17
2228 2
2237 11
2243 20
2245 14
2251 11
2257 12
2263 15
2265 5
2271 16
2273 9
2275 20
2277 14
2283 20
2285 9
2287 16
2289 2
2300 1
2310 15
2312 15
2314 4
2322 14
2329 4
2335 8
2337 17
2339 3
2346 12
2352 18
2353 12
2359 11
2366 4
2373 8
2376 14
2381 5
2388 12
2395 10
2397 18
2398 14
2403 3
2409 12
2416 18
2417 21
2421 17
2423 5
2429 15
2431 11
2437 18
2438 17
2440 20
2442 5
2448 6
2454 21
2458 12
2466 3
2472 10
2474 6
2482 4
2489 2
2500 2
2511 6
2519 13
2524 18
2525 15
2527 12
2534 12
2540 1
2550 16
2552 13
2557 15
2559 10
2562 12
2570 9
2572 5
2579 7
2581 21
2585 3
2592 11
2598 1
2608 7
2610 14
2616 12
2622 15
2624 8
2627 14
2633 20
2635 8
2638 19
2640 21
2644 11
2650 16
2652 9
2654 17
2656 17
2658 10
2660 21
2664 20
2666 2
2676 9
2677 12
2684 13
2689 13
2694 6
2702 8
2705 11
2712 19
2714 19
2716 11
2723 15
2725 19
2727 5
2733 6
2739 11
2745 18
2746 17
2748 8
2751 12
2759 21
2763 11
2770 11
2776 11
2782 4
2790 11
2796 20
2798 9
2799 6
2807 3
2813 1
2823 1
2832 7
2835 8
2838 7
2840 18
2841 16
2843 11
2849 11
2855 8
2857 8
2860 7
2862 15
2864 4
2871 19
2873 1
2882 15
2884 11
2891 12
2898 15
2900 9
2902 21
2906 10
2909 7
2912 12
2918 12
2925 1
2935 13
2940 16
2942 14
2948 11
2955 3
2962 2
2972 1
2981 1
2991 18
2992 11
2999 8
3002 11
3009 12
3017 12
3023 5
3029 10
3030 5
3037 8
3039 4
3047 18
3048 8
3051 11
3058 11
3065 8
3069 11
3076 19
3078 11
3084 7
3087 10
3088 20
3090 18
3091 4
3097 2
3107 13
3112 7
3114 15
3116 21
3120 19
3122 7
3124 11
3131 18
3132 6
3140 16
3142 20
3144 20
3146 6
3153 9
3154 6
3161 17
3163 12
3169 18
3170 11
3177 14
3183 18
3184 3
3190 16
3192 16
3194 11
3200 18
3201 8
3204 10
3206 8
3209 4
3216 3
3222 1
3231 13
3236 7
3238 20
3240 20
3242 4
3249 13
3255 12
3262 11
3268 6
3275 9
3276 7
3278 11
3285 1
3295 21
3299 11
3306 20
3308 20
3310 15
3312 11
3318 21
3322 21
3326 3
3332 8
3336 2
3346 12
3354 3
3361 2
3370 1
3380 9
3381 15
3383 17
3385 4
3392 6
3398 4
3405 14
3411 4
3419 18
3420 12
3428 12
3435 2
3444 17
3446 18
3447 11
3453 19
3455 21
3459 6
3466 12
3473 11
3479 17
3481 12
3489 12
3497 8
3499 17
3501 15
3503 15
3505 11
3511 11
3517 12
3524 12
3532 12
3540 10
3541 9
3542 10
3543 21
3547 11
3553 19
3555 14
3560 14
3565 6
3573 16
3575 4
3582 21
3586 16
3588 12
3595 18
3596 21
3600 5
3606 9
3607 1
3617 10
3620 16
3622 3
3629 8
3632 11
3639 14
3646 7
3648 6
3654 3
3660 7
3663 2
3673 17
3675 15
3677 1
3686 18
3687 15
3689 11
3695 12
3703 18
3704 21
3708 13
3714 18
3715 5
3722 18
3723 21
3727 11
3733 19
3735 1
3744 12
3751 16
3753 16
3755 17
3757 12
3765 18
3766 18
3767 15
3769 6
3776 6
3784 6
3791 18
3792 9
3794 12
3801 17
3803 14
3809 2
3818 5
3824 4
3832 11
3839 20
3841 12
3848 4
3855 11
3861 1
3871 10
3874 16
3876 13
3882 15
3884 14
3889 13
3894 1
3904 12
3910 1
3919 18
3920 11
3926 21
3930 8
3933 4
3940 7
3942 13
3947 18
3948 15
3950 13
3956 16
3958 10
3960 2
3970 20
3972 19
3974 3
3981 9
3982 6
3988 6
3995 8
3997 2
4007 20
4009 12
4015 9
4016 19
4018 10
4020 18
4021 14
4026 1
4035 11
4042 11
4048 11
4055 12
4062 14
4069 12
4076 12
4084 5
4090 18
4091 11
4098 19
4100 20
4102 15
4104 15
4106 1
4116 16
4118 1
4127 3
4133 5
4140 5
4146 18
4147 10
4150 16
4152 4
4160 13
4165 12
4173 15
4175 16
4177 11
4184 2
4193 18
4194 18
4195 18
4196 11
4203 12
4210 1
4220 10
4222 13
4228 18
4229 11
4236 14
4243 11
4250 2
4259 18
4260 16
4262 5
4268 6
4274 20
4276 15
4278 15
4280 19
4282 10
4285 15
4287 18
4288 20
4290 10
4293 3
4300 19
4302 20
4304 21
4308 21
4312 4
4319 14
4324 11
4331 7
4334 19
4336 19
4338 14
4343 20
4345 15
4347 12
4355 20
4357 12
4363 15
4365 20
4367 18
4368 14
4373 3
4379 11
4385 4
4392 12
4399 10
4401 6
4409 11
4415 1
4424 18
4425 15
4427 12
4435 11
4442 12
4449 21
4453 20
4455 11
4461 4
4468 6
4474 19
4476 17
4478 13
4483 10
4486 9
4488 5
4494 20
4496 11
4502 4
4510 16
4512 2
4522 1
4531 2
4541 18
4542 15
4544 13
4550 11
4557 9
4559 13
4565 18
4566 13
4571 2
4582 16
4584 12
4590 4
4596 17
4598 12
4605 4
4613 9
4614 14
4620 8
4623 18
4624 1
4633 11
4640 6
4647 10
4650 7
4652 1
4661 18
4662 13
4667 3
4674 14
4679 6
4686 2
4697 6
4703 9
4704 2
4714 11
4720 14
4725 2
4736 12
4743 13
4748 9
4750 7
4753 1
4763 7
4765 1
4774 11
4780 12
4788 14
4795 2
4806 7
4808 7
4811 7
4813 12
4819 17
4821 18
4822 16
4824 20
4826 13
4832 11
4838 12
4844 19
4846 7
4849 3
4856 16
4858 16
4860 1
4870 16
4872 6
4879 7
4881 18
4882 14
4889 5
4896 6
4904 5
4911 13
4916 15
4918 12
4926 12
4933 14
4939 1
4949 11
4956 10
4958 12
4966 8
4969 4
4975 20
4977 4
4983 12
4991 4
4998 21
5002 3
5008 12
5015 13
5020 12
5026 17
5028 11
5034 11
5040 13
5046 11
5052 16
5054 15
5056 21
5060 15
5062 5
5068 15
5070 11
5077 18
5078 6
5086 17
5088 9
5089 13
5095 16
5097 16
5099 17
5101 3
5107 15
5109 20
5111 2
5121 5
5128 3
5134 17
5136 7
5138 8
5141 18
5142 15
5144 13
5150 11
5157 6
5164 17
5166 1
5175 4
5182 20
5184 18
5185 11
5192 15
5194 10
5196 11
5202 12
5208 12
5216 9
5217 15
5219 20
5221 20
5223 13
5228 11
5234 1
5243 1
5252 14
5258 7
5260 17
5262 7
5264 13
5270 10
5272 7
5275 1
5285 12
5292 3
5299 11
5305 15
5307 13
5313 16
5315 6
5322 5
5329 4
5335 12
5343 1
5352 9
5354 11
5360 12
5368 4
5374 13
5379 10
5381 13
5386 12
5394 7
5397 5
5403 18
5404 12
5410 8
5412 19
5414 2
5423 5
5430 21
5434 11
5441 3
5447 16
5449 11
5456 7
5458 4
5465 5
5471 18
5472 15
5474 18
5475 11
5482 11
5488 6
5496 18
5497 1
5507 15
5509 20
5511 11
5517 11
5524 1
5533 2
5543 13
5549 12
5557 11
5564 19
5566 4
5574 16
5576 13
5582 1
5592 16
5594 7
5596 6
5604 16
5606 10
5608 16
5610 12
5617 7
5620 5
5626 21
5630 1
5640 2
5650 16
5652 12
5659 13
5665 18
5666 17
5668 11
5675 1
5684 13
5690 15
5692 7
5695 12
5701 5
5708 19
5710 10
5712 18
5713 6
5721 14
5727 11
5734 3
5741 9
5743 2
5753 11
5759 16
5761 18
5762 9
5763 5
5769 10
5770 1
5779 11
5785 18
5786 15
5788 18
5789 4
5795 2
5804 19
5806 14
5813 20
5815 17
5817 6
5824 4
5831 9
5833 15
5835 14
5841 17
5843 19
5845 11
5851 11
5858 13
5864 17
5866 12
5873 11
5880 4
5887 14
5892 12
5900 11
5906 14
5912 9
5913 20
5915 8
5918 11
5925 11
5931 13
5937 6
5944 13
5949 17
5951 4
5958 20
5960 6
5966 20
5968 17
5970 14
5976 11
5983 11
5989 13
5994 3
6000 8
6002 20
6004 19
6006 5
6013 15
6015 6
6023 3
6029 18
6030 12
6036 7
6038 8
6041 14
6047 20
6049 11
6056 12
6062 11
6068 18
6069 15
6071 15
6073 10
6076 12
6083 17
6085 7
6087 8
6090 16
6092 11
6098 21
6102 6
6109 4
6116 4
6122 13
6128 3
6134 16
6136 11
6143 18
6144 13
6150 13
6156 11
6162 14
6167 19
6169 20
6171 12
6178 4
6185 16
6187 19
6189 19
6191 13
6196 5
6202 8
6206 17
6208 10
6210 6
6217 21
6221 12
6228 18
6229 12
6236 17
6238 20
6240 15
6242 18
6243 12
6249 17
6251 11
6257 6
6263 18
6264 2
6275 15
6277 17
6279 1
6288 16
6290 1
6300 2
6310 19
6312 7
6314 12
6321 11
6327 18
6328 14
6334 20
6336 12
6343 4
6349 19
6351 6
6358 11
6364 15
6366 12
6373 3
6380 12
6386 3
6392 1
6401 11
6408 10
6410 21
6414 14
6420 13
6425 21
6429 3
6435 1
6445 20
6447 18
6448 11
6455 13
6460 16
6462 7
6465 13
6471 15
6473 11
6479 12
6486 5
6492 5
6499 21
6503 9
6505 11
6511 12
6519 6
6527 17
6529 17
6531 9
6533 11
6540 14
6545 4
6552 11
6559 6
6566 10
6569 11
6576 6
6583 8
6585 2
6595 13
6601 21
6605 11
6612 11
6619 4
6626 12
6633 14
6640 14
6647 12
6654 8
6657 3
6664 3
6671 4
6678 5
6685 3
6692 15
6694 7
6697 1
6706 18
6707 10
6710 16
6712 5
6719 3
6726 18
6727 1
6736 17
6738 16
6740 18
6741 9
6742 8
6746 7
6748 5
6755 10
6756 2
6766 18
6767 7
6770 4
6776 7
6778 3
6784 7
6787 15
6789 2
6800 4
6806 3
6812 1
6821 21
6825 11
6832 13
6837 2
6846 20
6848 11
6854 8
6857 3
6863 7
6866 12
6872 9
6873 1
6883 18
6884 10
6885 21
6889 17
6891 14
6897 15
6899 2
6909 18
6910 16
6912 3
6918 16
6920 18
6921 21
6925 21
6929 19
6931 11
6937 12
6944 11
6950 5
6956 12
6963 4
6969 11
6976 12
6982 9
6983 21
6987 11
6994 12
7001 4
7008 12
7014 14
7020 6
7027 5
7034 13
7039 18
7040 20
7042 2
7052 18
7053 9
7054 14
7061 18
7062 18
7063 19
7065 7
7067 11
7074 12
7080 3
7087 11
7094 2
7103 11
7110 1
7119 15
7121 1
7131 4
7137 19
7139 1
7148 11
7154 5
7161 12
7169 6
7176 16
7178 10
7181 20
7183 3
7190 13
7195 9
7196 17
7198 16
7200 15
7202 1
7212 11
7219 1
7229 17
7231 3
7237 16
7239 17
7241 16
7243 11
7249 4
7257 11
7263 18
7264 21
7268 9
7269 8
7272 20
7274 8
7278 21
7282 6
7290 7
7293 21
7297 17
7299 8
7302 11
7308 7
7310 17
7312 11
7318 17
7320 18
7321 2
7331 4
7339 4
7346 20
7348 8
7351 6
7358 12
7365 11
7372 11
7378 5
7384 10
7386 3
7392 9
7394 6
7400 12
7407 8
7410 2
7420 16
7422 5
7428 14
7433 12
7440 5
7447 12
7455 3
7461 2
7470 5
7476 14
7481 12
7489 10
7492 16
7494 5
7500 7
7502 20
7504 6
7511 18
7512 14
7517 1
7526 20
7528 9
7530 16
7532 1
7542 9
7544 11
7551 1
7561 21
7565 3
7571 21
7575 19
7577 5
7583 9
7585 19
7587 16
7589 18
7590 12
7597 6
7604 6
7612 7
7614 5
7621 4
7628 15
7630 2
7640 5
7647 13
7653 1
7662 7
7664 6
7672 19
7674 11
7681 18
7682 7
7685 4
7692 14
7697 15
7699 21
7703 17
7705 7
7707 15
7709 20
7711 12
7719 18
7720 18
7721 15
7723 8
7726 4
7734 7
7737 14
7743 5
7749 1
7758 20
7760 12
7768 21
7772 15
7774 11
7781 21
7785 8
7787 20
7789 8
7792 14
7799 6
7807 6
7814 16
7816 11
7823 11
7830 2
7839 1
7849 6
7856 18
7857 1
7866 11
7872 18
7873 9
7875 10
7876 5
7883 17
7885 14
7891 11
7898 8
7902 11
7908 21
7912 10
7914 11
7921 11
7928 11
7934 2
7944 13
7949 11
7955 3
7961 18
7962 4
7969 8
7972 11
7979 10
7981 16
7983 7
7986 5
7992 18
7993 15
7995 9
7996 21
8000 8
8004 3
8011 9
8013 19
8015 18
8016 20
8018 10
8020 11
8026 10
8029 11
8035 20
8037 11
8044 4
8051 11
8057 11
8064 12
8070 12
8078 14
8084 9
8086 11
8093 9
8094 11
8100 15
8102 11
8109 17
8111 19
8113 17
8115 18
8116 14
8121 11
8128 7
8131 7
8134 8
8138 3
8145 4
8151 4
8158 17
8160 3
8166 6
8172 18
8173 2
8183 5
8189 14
8194 9
8195 2
8204 11
8210 12
8218 21
8222 16
8224 15
8226 12
8232 15
8234 16
8236 8
8238 8
8240 5
8247 18
8248 18
8249 19
8251 11
8257 13
8262 9
8264 12
8271 2
8281 10
8283 4
8291 2
8300 11
8306 12
8312 11
8319 11
8326 11
8332 2
8341 3
8347 6
8354 8
8358 16
8360 13
8366 18
8367 12
8374 9
8375 12
8381 4
8388 12
8395 13
8400 18
8401 6
8408 9
8409 18
8410 11
8417 15
8419 12
8426 11
8433 21
8437 1
8447 11
8454 19
8456 18
8457 18
8458 8
8461 9
8463 3
8470 12
8478 15
8480 10
8481 18
8482 17
8484 7
8487 20
8489 10
8491 20
8493 21
8497 6
8503 11
8509 18
8510 19
8512 15
8514 21
8518 2
8528 11
8534 5
8540 14
8546 1
8555 18
8556 21
8560 13
8565 11
8572 21
8576 20
8578 13
8584 15
8586 5
8592 10
8594 20
8596 12
8603 7
8605 13
8611 10
8613 20
8615 11
8621 3
8627 6
8635 10
8637 14
8643 16
8645 8
8649 11
8655 8
8659 2
8668 18
8669 5
8676 5
8683 8
8685 14
8692 19
8694 8
8697 17
8699 12
8706 7
8708 9
8709 6
8716 15
8718 17
8720 12
8728 17
8730 12
8738 12
8744 19
8746 19
8748 19
8750 21
8754 6
8762 19
8764 15
8766 7
8768 2
8779 3
8785 12
8791 17
8793 20
8795 11
8802 16
8804 15
8806 19
8808 12
8816 11
8823 18
8824 16
8826 5
8832 13
8838 18
8839 2
8850 21
8854 3
8861 2
8871 19
8873 17
8875 3
8882 12
8889 17
8891 15
8893 5
8900 12
8906 5
8913 9
8915 18
8916 11
8922 11
8928 3
8934 5
8940 14
8947 6
8955 21
8959 17
8961 7
8963 14
8969 21
8973 18
8974 19
8976 19
8978 9
8980 8
8984 12
8990 15
8992 11
8998 1
9008 9
9010 15
9012 19
9014 10
9016 10
9018 11
9024 1
9033 17
9035 16
9037 4
9044 14
9049 11
9055 14
9061 8
9064 5
9070 11
9076 20
9078 2
9088 10
9090 17
9092 14
9099 6
9106 9
9108 12
9115 20
9117 6
9123 13
9129 1
9139 18
9140 21
9144 14
9150 16
9152 3
9158 6
9165 16
9167 9
9168 10
9169 13
9174 20
9176 15
9178 8
9181 15
9183 5
9189 21
9193 11
9200 17
9202 7
9205 8
9209 12
9217 16
9219 12
9227 16
9229 1
9239 15
9241 15
9243 10
9245 5
9252 9
9254 15
9256 11
9263 13
9268 7
9270 15
9272 10
9273 9
9274 19
9276 12
9283 12
9289 11
9296 11
9302 13
9308 7
9310 8
9313 21
9317 19
9319 15
9321 8
9325 7
9328 12
9335 13
9340 20
9342 21
9346 14
9351 17
9353 6
9361 16
9363 12
9371 20
9373 21
9377 16
9379 17
9381 18
9382 3
9388 18
9389 3
9396 13
9401 9
9402 4
9409 12
9417 9
9418 11
9425 11
9432 16
9434 14
9441 7
9443 11
9450 21
9454 10
9456 2
9465 4
9472 18
9473 21
9477 20
9479 13
9484 18
9485 3
9491 12
9498 2
9508 19
9510 21
9514 18
9515 15
9517 8
9521 12
9528 15
9530 17
9532 12
9539 13
9544 12
9551 12
9558 16
9560 18
9561 3
9567 6
9573 16
9575 12
9581 17
9583 11
9590 5
9596 10
9599 9
9600 4
9607 13
9612 11
9619 5
9626 2
9637 11
9644 5
9650 2
9660 21
9664 12
9672 10
9675 15
9677 7
9680 9
9682 15
9684 10
9686 14
9692 15
9694 8
9698 11
9704 11
9711 11
9718 11
9724 14
9730 16
9732 12
9739 8
9742 11
9748 17
9750 17
9752 11
9758 3
9764 12
9770 4
9777 13
9782 20
9784 5
9791 11
9798 16
9800 12
9808 20
9810 16
9812 11
9818 17
9820 18
9821 11
9828 3
9834 19
9836 4
9844 11
9851 5
9858 3
9865 15
9867 6
9875 3
9881 4
9888 7
9891 8
9895 12
9902 13
9908 11
9915 9
9916 11
9922 7
9924 17
9926 16
9928 13
9933 11
9940 6
9948 12
9955 9
9957 14
9963 4
9969 11
9975 1
9985 8
9988 15
9990 3
9996 12
10004 20
10006 13
10012 18
10013 1
10023 16
10025 1
10034 18
10035 2
10046 7
10049 6
10056 17
10058 19
10060 20
10062 17
10064 20
10066 4
10072 14
10079 15
10081 8
10085 12
10092 4
10099 13
10104 18
10105 1
10114 20
10116 17
10118 18
10119 11
10126 10
10127 5
10133 11
10140 7
10143 14
10149 15
10151 16
10153 5
10159 6
10167 6
10173 14
10178 17
10180 4
10187 17
10189 3
10196 4
10203 15
10205 21
10209 7
10211 12
10219 9
10221 12
10227 11
10234 21
10238 3
10245 17
10247 10
10249 11
10255 12
10263 7
10266 11
10273 11
10279 17
10281 5
10287 18
10288 13
10294 9
10296 14
10301 12
10309 18
10310 18
10311 9
10313 19
10315 10
10317 12
10324 20
10326 11
10333 12
10340 2
10350 8
10353 10
10355 11
10361 19
10363 13
10369 12
10376 21
10380 3
10387 11
10393 7
10396 11
10403 16
10405 14
10411 12
10418 7
10420 11
10426 11
10432 18
10433 19
10435 12
10442 14
10448 21
10452 4
10460 3
10467 18
10468 9
10470 1
10480 10
10482 21
10486 10
10488 2
10497 9
10499 20
10501 10
10503 6
10510 18
10511 8
10513 18
10514 3
10521 11
10528 11
10534 2
10544 8
10546 12
10554 3
10560 17
10562 18
10563 19
10565 14
10571 11
10577 10
10578 21
10582 3
10589 1
10599 14
10605 12
10611 15
10613 9
10614 13
10620 12
10628 11
10634 6
10641 6
10648 11
10654 10
10656 5
10662 12
10670 12
10676 16
10678 11
10684 11
10690 18
10691 6
10697 12
10705 5
10712 15
10714 15
10716 9
10718 15
10720 11
10726 8
10729 17
10731 21
10735 15
10737 3
10744 17
10746 11
10752 17
10754 16
10756 18
10757 21
10761 13
10766 5
10773 7
10776 13
10781 1
10790 15
10792 12
10799 6
10805 13
10810 16
10812 11
10818 4
10825 11
10832 10
10833 15
10835 18
10836 2
10847 2
10858 8
10861 12
10867 6
10875 14
10882 11
10888 12
10896 12
10904 20
10906 16
10908 4
10915 9
10917 15
10919 19
10921 1
10931 5
10937 18
10938 19
10940 9
10942 1
10951 8
10953 18
10954 5
10960 11
10966 15
10968 21
10972 6
10978 9
10980 4
10986 8
10989 8
10991 6
10997 1
11006 1
11016 19
11018 6
11025 14
11031 11
11037 2
11046 7
11048 16
11050 10
11052 11
11059 1
11069 12
11076 18
11077 12
11085 15
11087 9
11089 1
11099 17
11101 18
11102 5
11108 4
11115 5
11121 15
11123 11
11130 12
11136 8
11138 11
11145 15
11147 8
11151 11
11158 11
11165 14
11171 13
11177 6
11184 16
11186 11
11193 10
11194 18
11195 16
11197 12
11204 7
11206 21
11210 5
11217 18
11218 11
11225 5
11232 11
11238 20
11240 5
11246 12
11253 18
11254 18
11255 16
11257 3
11264 6
11272 18
11273 14
11279 18
11280 21
11284 16
11286 10
11289 13
11294 19
11296 15
11298 5
11304 7
11306 12
11313 12
11320 18
11321 3
11328 11
11334 4
11341 11
11347 19
11349 20
11351 7
11354 3
11360 19
11362 17
11364 3
11371 13
11376 18
11377 10
11379 10
11381 19
11383 12
11390 12
11398 3
11404 14
11410 18
11411 16
11413 20
11415 11
11422 21
11426 20
11428 20
11430 12
11436 12
11442 9
11444 7
11446 18
11447 12
11454 7
11456 5
11463 5
11470 20
11472 17
11474 11
11480 13
11485 7
11488 2
11498 6
11504 11
11511 11
11518 12
11526 20
11528 12
11534 6
11541 12
11548 19
11550 4
11558 5
11565 11
11572 2
11582 11
11588 11
11594 10
11596 15
11598 1
11608 19
11610 12
11617 11
11624 18
11625 17
11627 11
11633 5
11639 18
11640 11
11646 20
11648 4
11656 12
11664 10
11666 15
11668 18
11669 16
11671 12
11679 12
11687 2
11696 12
11702 5
11709 16
11711 6
11718 11
11725 2
11736 12
11742 18
11743 8
11747 12
11754 19
11756 5
11763 11
11770 14
11776 9
11777 11
11783 7
11785 18
11786 20
11788 14
11794 14
11801 12
11808 12
11815 15
11817 17
11819 9
11820 11
11826 21
11830 11
11836 9
11837 9
11839 21
11843 11
11849 11
11855 4
11861 18
11862 6
11868 6
11876 9
11877 11
11884 6
11892 15
11894 7
11897 4
11905 16
11907 20
11909 8
11912 11
11919 9
11921 16
11923 19
11925 19
11927 4
11934 4
11941 11
11948 12
11955 12
11961 3
11967 21
11971 20
11973 8
11976 9
11977 13
11983 13
11988 15
11990 12
11998 13
12004 8
12008 7
12011 20
12013 10
12015 17
12017 9
12018 8
12020 11
12026 15
12028 3
12034 7
12036 13
12042 20
12044 21
12048 18
12049 12
12056 17
12058 17
12060 15
12062 9
12063 12
12071 8
12075 12
12082 10
12084 21
12088 18
12089 8
12093 11
12099 6
12106 11
12113 6
12119 11
12125 11
12131 9
12133 12
12140 11
12147 14
12152 13
12157 11
12164 7
12167 18
12168 18
12169 9
12170 12
12176 16
12178 3
12184 12
12191 8
12193 18
12194 10
12196 4
12204 11
12211 12
12219 13
12225 11
12231 17
12233 14
12239 11
12245 21
12249 11
12255 2
12265 4
12272 18
12273 14
12279 12
12287 10
12289 17
12291 13
12297 12
12304 11
12310 3
12316 7
12318 21
12322 9
12323 12
12330 11
12337 15
12339 10
12341 15
12343 2
12353 14
12360 3
12367 20
12369 1
12379 20
12381 11
12388 7
12390 3
12397 18
12398 2
12408 8
12412 11
12419 11
12425 18
12426 16
12428 20
12430 16
12432 12
12440 12
12447 18
12448 8
12451 17
12453 11
12459 16
12461 6
12469 19
12471 16
12473 21
12477 11
12484 12
12491 8
12494 11
12500 6
12507 16
12509 11
12515 10
12518 5
12524 8
12527 7
12530 10
12532 19
12534 17
12536 15
12538 3
12544 4
12550 17
12552 4
12558 10
12560 19
12562 14
12568 9
12569 2
12580 6
12587 8
12590 5
12596 6
12603 10
12604 18
12605 6
12612 11
12619 11
12626 21
12630 1
12639 11
12646 17
12648 3
12654 7
12657 10
12660 7
12663 8
12667 5
12674 15
12676 20
12678 14
12684 1
12693 14
12698 10
12701 12
12709 12
12716 3
12723 5
12730 11
12736 6
12742 5
12748 13
12753 1
12763 20
12765 15
12767 12
12774 8
12778 9
12780 15
12782 18
12783 10
12786 16
12788 5
12795 7
12798 16
12800 4
12806 14
12812 13
12818 8
12821 11
12827 8
12830 19
12832 12
12839 11
12846 18
12847 18
12848 5
12855 1
12864 18
12865 13
12870 12
12877 9
12878 16
12880 11
12887 18
12888 12
12895 21
12899 20
12901 14
12907 11
12913 5
12919 7
12921 12
12927 15
12929 13
12934 8
12937 11
12944 5
12951 14
12956 15
12958 3
12965 6
12973 17
12975 2
12985 3
12991 2
13002 8
13004 16
13006 16
13008 1
13018 11
13025 14
13032 5
13038 11
13045 11
13051 14
13057 11
13063 11
13070 9
13071 2
13081 5
13088 13
13093 20
13095 9
13097 20
13099 2
13109 6
13117 18
13118 17
13120 19
13122 3
13129 10
13132 17
13134 8
13136 7
13138 3
13145 4
13152 5
13159 8
13163 14
13169 11
13176 13
13182 17
13184 6
13192 9
13194 20
13196 16
13198 6
13205 11
13212 14
13219 7
13221 18
13222 4
13228 15
13230 3
13237 1
13247 19
13249 18
13250 20
13252 11
13258 14
13264 20
13266 11
13272 18
13273 18
13274 2
13285 8
13287 3
13293 19
13295 12
13303 7
13305 15
13307 8
13310 14
13316 12
13323 1
13332 18
13333 3
13339 18
13340 13
13346 12
13353 8
13356 18
13357 15
13359 12
13366 5
13373 4
13380 17
13382 13
13388 18
13389 9
13391 19
13393 17
13395 14
13401 6
13407 18
13408 20
13410 16
13412 14
13418 8
13421 17
13423 11
13430 16
13432 12
13438 16
13440 11
13446 16
13448 9
13449 18
13450 11
13456 10
13458 3
13465 15
13467 11
13474 21
13478 20
13480 1
13490 11
13497 16
13499 19
13501 20
13503 9
13504 12
13511 2
13522 4
13529 17
13531 15
13533 20
13535 13
13541 3
13548 21
13552 4
13560 14
13567 12
13574 18
13575 14
13580 15
13582 20
13584 11
13591 21
13595 11
13601 6
13608 3
13615 3
13622 4
13628 18
13629 19
13631 6
13637 6
13644 7
13647 16
13649 5
13656 14
13662 18
13663 12
13671 16
13673 18
13674 20
13676 1
13686 12
13693 3
13700 7
13702 20
13704 15
13706 16
13708 14
13714 8
13718 8
13722 12
13729 21
13733 3
13740 20
13742 3
13748 11
13754 15
13756 16
13758 12
13765 18
13766 17
13768 4
13774 21
13778 11
13785 3
13792 3
13798 16
13800 11
13806 11
13812 21
13816 20
13818 20
13820 13
13825 15
13827 18
13828 2
13838 5
13844 20
13846 19
13848 19
13850 1
13859 18
13860 1
13870 12
13876 15
13878 9
13880 15
13882 11
13889 12
13895 16
13897 16
13899 17
13901 20
13903 15
13905 17
13907 6
13914 5
13921 1
13930 7
13933 8
13937 6
13944 6
13951 21
13955 21
13959 8
13961 11
13968 21
13972 3
13979 10
13981 2
13991 20
13993 10
13995 2
14004 11
14010 2
14020 21
14024 15
14026 10
14029 20
14031 19
14033 18
14034 20
14036 1
14045 11
14052 6
14059 6
14066 11
14072 6
14079 17
14081 21
14085 21
14089 6
14096 11
14102 16
14104 7
14106 18
14107 8
14111 2
14122 4
14128 3
14134 5
14141 15
14143 13
14148 14
14154 9
14156 6
14163 17
14165 10
14166 2
14177 13
14182 8
14185 20
14187 11
14193 13
14198 8
14200 19
14202 2
14212 17
14214 3
14221 21
14225 12
14231 12
14237 11
14244 15
14246 15
14248 5
14255 13
14261 11
14267 9
14269 8
14272 8
14274 5
14280 12
14287 6
14294 16
14296 20
14298 11
14305 15
14307 4
14315 16
14317 15
14319 4
14326 19
14328 13
14333 10
14335 11
14341 21
14345 18
14346 9
14348 8
14351 21
14355 10
14357 14
14362 9
14363 7
14365 12
14372 21
14376 11
14383 5
14389 7
14392 2
14401 20
14403 14
14408 12
14415 13
14421 6
14428 11
14434 6
14440 4
14447 20
14449 16
14451 9
14452 2
14462 5
14468 11
14474 2
14484 15
14486 6
14494 2
14504 7
14507 9
14509 14
14514 10
14515 16
14517 2
14526 14
14532 10
14533 12
14541 18
14542 5
14549 15
14551 7
14554 12
14561 18
14562 10
14565 7
14568 11
14575 3
14582 5
14588 1
14598 8
14600 11
14607 3
14613 15
14615 18
14616 4
14624 6
14632 19
14634 10
14637 11
14643 21
14647 9
14649 11
14655 9
14656 15
14658 12
14665 18
14666 3
14673 8
14677 3
14683 8
14686 19
14688 21
14692 11
14698 13
14703 12
14711 1
14720 9
14722 17
14724 1
14734 19
14736 17
14738 12
14746 17
14748 17
14750 20
14752 17
14754 8
14757 9
14759 8
14762 17
14764 11
14771 12
14777 6
14785 19
14787 4
14795 11
14802 1
14812 14
14818 11
14825 15
14827 12
14834 20
14836 3
14842 11
14849 15
14851 9
14852 12
14860 16
14862 10
14865 12
14872 19
14874 12
14881 15
14883 18
14884 1
14893 1
14903 6
14911 3
14917 14
14923 12
14929 12
14937 16
14939 15
14941 19
14943 20
14945 12
14953 1
14962 7
14964 4
14971 17
14973 6
14981 11
14988 14
14994 17
14996 8
15000 12
15007 13
15013 5
15019 18
15020 13
15026 10
15027 6
15034 3
15040 18
15041 10
15043 7
15045 7
15047 16
15049 15
15051 21
15055 9
15056 12
15064 12
15071 18
15072 10
15074 10
15075 19
15077 2
15086 20
15088 12
15096 17
15098 9
15100 18
15101 20
15103 4
15110 16
15112 14
15119 1
15128 19
15130 10
15133 13
15138 1
15147 18
15148 5
15154 17
15156 4
15162 11
15168 2
15177 21
15181 1
15190 3
15197 18
15198 15
15200 12
15207 16
15209 14
15215 12
15222 20
15224 11
15231 4
15238 8
15242 6
15250 21
15254 16
15256 7
15259 9
15261 14
15267 8
15270 20
15272 9
15273 11
15280 11
15287 18
15288 1
15298 2
15307 7
15310 19
15312 11
15319 4
15327 6
15333 14
15340 16
15342 12
15349 11
15356 8
15359 2
15369 8
15371 11
15378 12
15386 20
15388 9
15389 20
15391 21
15395 11
15401 19
15403 10
15406 14
15412 10
15413 21
15417 16
15419 12
15425 12
15433 11
15440 2
15449 18
15450 6
15458 16
15460 17
15462 21
15466 12
15473 13
15479 11
15485 3
15491 19
15493 6
15500 11
15507 18
15508 18
15509 10
15511 2
15522 21
15526 14
15532 17
15534 3
15541 20
15543 21
15547 11
15554 5
15560 4
15568 11
15575 15
15577 12
15585 18
15586 17
15588 9
15589 10
15591 21
15595 1
15605 8
15608 12
15615 11
15622 12
15629 8
15631 12
15637 11
15643 10
15645 21
15649 14
15654 7
15656 11
15663 11
15670 21
15674 12
15681 6
15689 21
15693 6
15699 18
15700 18
15701 19
15703 10
15704 5
15711 21
15715 2
15726 6
15733 11
15740 11
15747 2
15756 2
15766 15
15768 1
15778 12
15785 7
15788 8
15792 16
15794 5
15800 12
15808 17
15810 2
15820 21
15824 1
15834 12
15841 11
15848 12
15855 7
15857 12
15863 10
15865 19
15867 10
15869 21
15873 14
15879 19
15881 18
15882 14
15888 19
15890 11
15897 18
15898 8
15900 11
15907 14
15913 13
15918 11
15925 11
15931 20
15933 21
15937 11
15944 1
15954 8
15958 19
15960 18
15961 18
15962 5
15969 12
15976 12
15983 3
15989 10
15991 9
15992 9
15994 6
16002 11
16009 11
16016 18
16017 18
16018 13
16024 2
16033 7
16036 18
16037 21
16041 15
16043 8
16047 11
16053 7
16056 11
16063 2
16072 12
16078 3
16085 1
16095 4
16102 5
16108 6
16115 21
16119 16
16121 16
16123 5
16129 11
16136 11
16143 13
16148 5
16154 8
16157 21
16161 1
16170 5
16176 11
16182 17
16184 11
16190 6
16197 19
16199 13
16204 18
16205 18
16206 9
16208 18
16209 11
16216 18
16217 6
16224 10
16226 3
16232 14
16237 6
16243 18
16244 18
16245 2
16256 11
16263 18
16264 20
16266 8
16269 6
16276 13
16282 11
16288 11
16295 1
16305 14
16312 14
16319 6
16326 19
16328 11
16335 17
16337 7
16339 11
16345 15
16347 20
16349 11
16355 12
16362 14
16369 2
16380 17
16382 11
16389 1
16398 18
16399 12
16406 8
16409 12
16417 18
16418 7
16421 7
16423 11
16430 11
16436 5
16442 17
16444 11
16451 12
16458 8
16461 21
16465 11
16472 12
16479 4
16486 18
16487 16
16489 11
16495 15
16497 6
16504 11
16511 11
16517 20
16519 15
16521 11
16527 21
16531 20
16533 19
16535 7
16537 11
16543 16
16545 14
16550 10
16552 12
16560 7
16562 2
16573 11
16580 21
16584 2
16593 5
16599 3
16606 11
16613 12
16620 12
16628 14
16633 4
16640 10
16642 19
16644 18
16645 13
16651 13
16656 14
16663 18
16664 12
16671 21
16675 6
16682 16
16684 7
16687 2
16697 3
16703 6
16710 10
16713 21
16717 3
16723 12
16730 12
16737 19
16739 12
16746 11
16752 9
16754 15
16756 18
16757 17
16759 18
16760 4
16768 4
16774 18
16775 13
16780 11
16787 9
16789 9
16790 18
16791 13
16797 12
16805 21
16809 7
16812 6
16820 1
16830 15
16832 12
16839 20
16841 21
16845 5
16851 14
16857 21
16861 3
16868 11
16875 8
16878 9
16879 11
16885 8
16888 2
16898 11
16905 13
16911 5
16918 20
16920 6
16926 18
16927 21
16931 11
16938 18
16939 12
16945 12
16953 1
16962 11
16969 2
16980 11
16986 16
16988 17
16990 15
16992 12
16999 12
17005 1
17015 5
17022 14
17027 13
17033 18
17034 5
17041 5
17048 3
17054 12
17062 18
17063 17
17065 6
17073 4
17079 2
17089 10
17091 17
17093 12
17100 17
17102 12
17109 18
17110 18
17111 16
17113 5
17120 8
17122 16
17124 16
17126 16
17128 12
17134 4
17141 10
17143 18
17144 11
17150 18
17151 19
17153 2
17163 13
17169 12
17177 20
17179 6
17185 9
17186 2
17196 11
17202 10
17203 20
17205 1
17214 13
17219 14
17224 5
17230 10
17233 16
17235 13
17240 5
17247 18
17248 11
17254 11
17261 21
17265 12
17272 6
17280 15
17282 14
17287 10
17288 6
17295 21
17299 12
17307 5
17314 18
17315 20
17317 9
17319 8
17322 10
17324 2
17334 11
17340 20
17342 10
17345 10
17346 12
17353 16
17355 9
17357 1
17367 15
17369 12
17376 10
17379 12
17386 18
17387 2
17397 18
17398 4
17405 21
17409 2
17418 11
17424 11
17430 12
17436 8
17440 13
17446 12
17452 10
17455 16
17457 8
17460 13
17466 14
17473 16
17475 15
17477 21
17481 11
17488 21
17492 16
17494 20
17496 11
17502 20
17504 13
17509 18
17510 14
17516 7
17519 6
17526 6
17534 1
17544 8
17548 18
17549 10
17550 14
17555 11
17562 11
17569 3
17576 15
17578 17
17580 8
17583 2
17592 5
17599 21
17603 11
17610 19
17612 16
17614 19
17616 6
17623 18
17624 21
17628 8
17632 6
17639 11
17646 17
17648 3
17654 12
17661 15
17663 14
17669 11
17675 11
17682 2
17693 11
17700 6
17707 17
17709 21
17713 5
17719 15
17721 2
17731 14
17737 18
17738 7
17741 13
17747 8
17750 12
17756 14
17762 21
17766 18
17767 10
17768 21
17772 15
17774 4
17782 9
17784 21
17788 18
17789 13
17795 11
17802 13
17807 11
17813 16
17815 21
17819 8
17822 14
17829 11
17836 11
17842 16
17844 19
17846 13
17851 16
17853 10
17855 16
17857 8
17860 17
17862 5
17869 21
17873 2
17882 18
17883 18
17884 11
17891 2
17902 12
17908 12
17916 6
17924 7
17927 20
17929 13
17934 4
17942 10
17943 6
17951 3
17958 6
17966 12
17973 19
17975 11
17981 14
17988 12
17995 1
18005 15
18007 11
18013 21
18017 10
18019 13
18024 7
18026 9
18027 21
18031 1
18040 2
18051 11
18058 1
18068 13
18074 6
18081 5
18088 16
18090 20
18092 12
18099 18
18100 14
18106 11
18112 4
18119 11
18126 18
18127 14
18133 15
18135 9
18137 11
18144 12
18150 4
18157 9
18158 14
18163 18
18164 15
18166 15
18168 2
18178 12
18186 10
18189 17
18191 1
18200 10
18201 3
18207 1
18216 1
18226 18
18227 11
18234 4
18242 5
18249 11
18256 21
18260 8
18262 11
18269 1
18279 13
18285 12
18293 16
18295 2
18306 3
18313 7
18316 9
18318 17
18320 5
18327 8
18330 21
18334 18
18335 17
18337 12
18344 17
18346 13
18352 9
18353 4
18359 16
18361 1
18370 8
18374 16
18376 8
18379 7
18382 12
18388 21
18392 12
18398 20
18400 2
18410 14
18417 13
18423 11
18429 21
18433 11
18439 16
18441 20
18443 15
18445 4
18452 6
18459 11
18466 17
18468 9
18469 4
18476 3
18482 16
18484 10
18486 8
18489 18
18490 11
18497 15
18499 7
18502 17
18504 11
18510 20
18512 10
18513 2
18523 3
18530 18
18531 20
18533 11
18539 13
18545 15
18547 1
18557 3
18563 10
18565 11
18572 11
18578 17
18580 5
18587 13
18593 21
18597 18
18598 12
18605 18
18606 8
18609 12
18617 5
18623 7
18625 10
18627 12
18634 2
18645 9
18647 1
18656 12
18662 7
18665 16
18667 5
18673 11
18679 16
18681 11
18688 17
18690 12
18698 19
18700 11
18706 11
18712 12
18718 9
18720 20
18722 15
18724 21
18728 10
18731 20
18733 6
18739 12
18745 11
18751 16
18753 21
18757 16
18759 18
18760 2
18769 11
18776 18
18777 18
18778 10
18781 14
18787 12
18793 18
18794 17
18796 8
18800 11
18806 8
18810 15
18812 8
18815 18
18816 20
18818 18
18819 11
18825 7
18827 19
18829 17
18831 20
18833 11
18839 12
18847 20
18849 3
18856 21
18860 21
18864 12
18871 10
18874 15
18876 11
18882 8
18886 17
18888 5
18895 9
18897 16
18899 12
18907 14
18914 13
18920 13
18926 1
18936 11
18942 9
18943 10
18946 10
18947 12
18954 21
18958 2
18969 20
18971 10
18972 8
18974 11
18980 16
18982 20
18984 10
18987 9
18989 4
18997 11
19004 15
19006 7
19008 5
19015 19
19017 4
19025 18
19026 7
19029 6
19036 12
19043 20
19045 7
19048 14
19053 20
19055 14
19061 11
19067 11
19074 10
19075 1
19085 2
19096 7
19099 19
19101 11
19107 3
19113 17
19115 2
19125 3
19131 11
19137 18
19138 12
19145 10
19148 19
19150 17
19152 5
19159 12
19167 10
19168 12
19175 12
19182 4
19189 12
19195 11
19201 11
19208 20
19210 13
19216 16
19218 15
19220 20
19222 12
19228 10
19231 7
19233 21
19237 11
19243 8
19245 21
19249 7
19251 5
19257 3
19263 7
19266 15
19268 11
19274 3
19280 11
19287 11
19293 12
19300 16
19302 3
19308 13
19313 11
19320 19
19322 9
19324 14
19329 11
19336 18
19337 18
19338 2
19348 1
19358 11
19364 18
19365 19
19367 13
19372 5
19378 19
19380 6
19387 10
19388 4
19395 12
19403 16
19405 12
19412 14
19419 14
19424 7
19427 20
19429 16
19431 15
19433 12
19440 17
19442 7
19444 10
19447 7
19449 18
19450 15
19452 12
19460 12
19467 16
19469 5
19476 21
19480 16
19482 7
19485 9
19487 10
19489 4
19496 20
19498 21
19502 21
19506 14
19512 13
19517 6
19525 14
19531 18
19532 16
19534 12
19541 11
19547 17
19549 5
19556 4
19562 11
19568 17
19570 2
19579 11
19586 18
19587 16
19589 14
19595 2
19605 17
19607 13
19613 20
19615 12
19622 4
19629 21
19633 3
19640 11
19646 15
19648 3
19655 15
19657 14
19663 1
19673 6
19679 21
19683 4
19690 21
19694 16
19696 17
19698 16
19700 9
19701 15
19703 18
19704 11
19710 20
19712 21
19716 18
19717 15
19719 6
19727 18
19728 12
19734 18
19735 12
19741 5
19748 4
19755 19
19757 5
19763 17
19765 9
19766 10
19768 3
19775 12
19781 1
19790 10
19791 5
19798 13
19803 18
19804 9
19805 12
19813 11
19819 14
19824 11
19830 4
19837 13
19843 18
19844 1
19854 2
19865 21
19869 10
19871 2
19882 12
19889 18
19890 19
19892 15
19894 6
19902 13
19908 12
19916 11
19922 17
19924 9
19926 11
19933 12
19941 2
19950 21
19954 12
19962 4
19969 19
19971 2
19982 14
19989 2
19999 11
20005 5
20012 5
20018 12
20025 18
20026 18
20027 12
20034 10
20035 11
20041 3
20048 8
20051 12
20058 17
20060 7
20062 9
20063 5
20070 11
20076 18
20077 11
20083 18
20084 12
20091 6
20098 19
20100 12
20108 9
20110 12
20116 5
20122 10
20123 1
20132 5
20139 19
20141 19
20143 3
20150 12
20157 1
20167 12
20174 18
20175 18
20176 3
20183 21
20187 9
20188 8
20190 21
20194 5
20200 16
20202 18
20203 11
20210 4
20216 7
20218 12
20225 18
20226 5
20232 12
20239 16
20241 10
20243 17
20245 19
20247 9
20248 5
20254 12
20261 3
20267 10
20268 19
20270 15
20272 7
20275 8
20278 5
20284 11
20291 9
20293 6
20299 10
20302 4
20308 17
20310 5
20317 11
20324 14
20330 1
20339 5
20345 1
20354 6
20362 10
20365 16
20367 14
20373 17
20375 16
20377 11
20383 18
20384 7
20387 13
20392 11
20398 4
20405 11
20411 7
20413 10
20415 13
20421 2
20431 18
20432 11
20439 11
20445 12
20452 11
20459 12
20467 2
20477 10
20478 4
20485 12
20493 2
20503 1
20513 5
20520 5
20526 2
20537 7
20540 3
20546 15
20548 17
20550 1
20559 6
20565 16
20567 21
20571 20
20573 3
20579 7
20582 18
20583 11
20590 14
20596 11
20602 18
20603 2
20613 4
20620 4
20626 15
20628 9
20629 15
20631 21
20635 4
20641 5
20647 6
20653 12
20661 9
20663 19
20665 20
20667 7
20670 9
20671 14
20676 11
20682 11
20688 9
20689 13
20694 3
20700 17
20702 11
20708 15
20710 1
20719 9
20720 2
20731 6
20739 9
20740 11
20747 8
20750 11
20757 9
20759 12
20767 7
20770 11
20776 7
20778 16
20780 3
20787 7
20790 18
20791 11
20797 15
20799 12
20806 11
20813 17
20815 16
20817 16
20819 11
20826 12
20832 19
20834 13
20840 13
20845 15
20847 11
20853 16
20855 12
20862 8
20866 20
20868 18
20869 18
20870 8
20874 15
20876 17
20878 1
20887 4
20894 19
20896 10
20898 2
20909 18
20910 10
20913 11
20919 7
20921 15
20923 1
20933 11
20940 12
20946 3
20952 11
20959 8
20962 6
20970 16
20972 15
20974 1
20983 19
20985 15
20987 13
20993 12
21000 1
21010 11
21017 11
21023 12
21030 13
21035 11
21041 21
21045 14
21050 21
21054 20
21056 10
21058 12
21065 12
21072 18
21073 15
21075 9
21077 8
21081 10
21083 19
21085 7
21088 14
21094 18
21095 7
21098 9
21099 1
21109 11
21115 15
21117 18
21118 12
21126 12
21133 12
21141 6
21149 12
21155 11
21161 15
21163 19
21165 11
21172 12
21180 8
21184 19
21186 12
21194 20
21196 6
21204 11
21210 21
21214 4
21220 7
21222 20
21224 12
21232 5
21238 3
21244 16
21246 9
21248 9
21249 19
21251 11
21257 1
21266 18
21267 4
21273 14
21279 1
21289 10
21291 3
21298 6
21306 13
21312 10
21313 15
21315 20
21317 10
21320 16
21322 19
21324 3
21331 11
21337 14
21342 5
21349 5
21355 12
21361 10
21364 18
21365 8
21368 13
21374 19
21376 12
21383 6
21389 20
21391 18
21392 20
21394 5
21401 21
21405 11
21412 3
21418 11
21424 9
21426 11
21433 7
21436 18
21437 11
21444 21
21448 18
21449 9
21451 18
21452 12
21459 10
21460 11
21466 15
21468 18
21469 4
21475 12
21482 11
21489 11
21495 21
21499 7
21501 18
21502 9
21503 12
21511 1
21520 18
21521 11
21528 14
21534 11
21541 9
21542 5
21549 8
21551 8
21555 11
21562 5
21569 11
21575 21
21579 5
21586 16
21588 5
21595 12
21602 2
21611 18
21612 12
21619 19
21621 18
21622 12
21629 11
21636 7
21638 11
21644 14
21650 1
21660 11
21666 1
21676 15
21678 11
21685 8
21687 19
21689 21
21693 16
21695 16
21697 2
21708 18
21709 9
21711 18
21712 11
21718 2
21727 15
21729 14
21735 13
21740 13
21745 6
21752 18
21753 11
21760 12
21767 18
21768 21
21772 11
21779 8
21782 4
21790 11
21797 17
21799 7
21801 3
21807 12
21814 19
21816 16
21818 9
21819 1
21828 11
21835 4
21842 15
21844 11
21850 7
21852 4
21860 6
21868 18
21869 3
21876 7
21878 2
21889 16
21891 17
21893 6
21901 7
21903 18
21904 3
21910 19
21912 11
21918 4
21925 7
21928 12
21935 11
21941 1
21951 6
21958 4
21966 18
21967 16
21969 12
21977 3
21984 18
21985 1
21994 11
22000 1
22009 20
22011 11
22017 14
22023 20
22025 6
22032 9
22033 3
22040 11
22047 10
22049 11
22056 11
22063 11
22070 7
22072 12
22080 5
22086 11
22092 16
22094 14
22099 11
22106 11
22113 11
22119 8
22123 19
22125 8
22128 4
22135 11
22142 17
22144 18
22145 4
22153 9
22155 10
22157 9
22159 21
22163 5
22169 11
22175 13
22180 20
22182 12
22189 13
22195 10
22197 6
22204 1
22214 3
22221 16
22223 17
22225 6
22232 5
22239 2
22248 10
22250 11
22257 21
22261 18
22262 5
22269 12
22276 11
22282 21
22286 11
22293 9
22295 16
22297 21
22301 2
22311 6
22319 2
22330 17
22332 9
22333 16
22335 11
22341 7
22344 12
22351 10
22353 12
22359 18
22360 5
22367 18
22368 9
22370 11
22376 12
22384 10
22387 12
22394 3
22400 12
22407 7
22410 4
22417 7
22420 14
22427 15
22429 18
22430 11
22436 17
22438 12
22444 12
22450 11
22456 20
22458 16
22460 6
22467 2
22476 10
22479 16
22481 15
22483 11
22490 15
22492 3
22499 4
22505 11
22512 3
22518 21
22522 18
22523 16
22525 11
22532 13
22537 12
22544 14
22551 11
22558 3
22564 5
22571 15
22573 21
22577 8
22581 18
22582 7
22585 10
22587 9
22588 8
22591 5
22597 11
22603 16
22605 12
22612 12
22619 15
22621 8
22624 13
22629 18
22630 15
22632 8
22634 3
22640 6
22646 3
22652 13
22658 10
22661 12
22669 12
22676 18
22677 18
22678 12
22685 17
22687 14
22694 9
22696 16
22698 15
22700 6
22706 10
22708 11
22715 18
22716 14
22723 6
22730 20
22732 10
22734 13
22739 11
22746 11
22753 4
22760 14
22766 11
22773 12
22779 21
22783 12
22791 20
22793 1
22803 13
22808 1
22818 17
22820 11
22826 7
22829 20
22831 18
22832 16
22834 12
22841 5
22847 4
22854 7
22857 10
22859 11
22865 2
22874 7
22877 2
22888 20
22890 12
22897 19
22899 9
22901 8
22904 6
22912 10
22914 18
22915 14
22921 1
22931 11
22938 6
22945 6
22953 7
22956 1
22965 10
22967 10
22969 11
22975 11
22982 12
22989 14
22995 15
22997 1
23007 7
23010 14
23017 11
23023 21
23027 19
23029 7
23032 13
23038 5
23044 11
23050 14
23056 9
23058 21
23062 18
23063 9
23065 14
23070 5
23077 10
23080 18
23081 1
23090 4
23098 19
23100 13
23105 18
23106 12
23113 10
23114 11
23120 17
23122 10
23124 18
23125 20
23127 13
23132 15
23134 5
23141 12
23147 5
23153 12
23160 11
23167 5
23174 2
23185 10
23188 13
23194 14
23201 18
23202 7
23205 4
23213 11
23219 12
23226 19
23228 12
23234 15
23236 19
23238 14
23243 16
23245 20
23247 16
23249 7
23251 7
23253 19
23255 12
23263 17
23265 9
23266 11
23272 12
23280 21
23284 14
23290 12
23297 20
23299 14
23305 19
23307 7
23309 5
23315 7
23318 16
23320 11
23327 20
23329 4
23337 12
23344 10
23345 20
23347 1
23356 5
23362 15
23364 3
23370 12
23376 14
23381 20
23383 18
23384 14
23390 1
23400 6
23406 9
23407 12
23413 14
23419 21
23423 15
23425 2
23435 15
23437 11
23443 13
23448 2
23459 16
23461 18
23462 12
23469 18
23470 15
23472 12
23480 20
23482 9
23484 18
23485 1
23494 20
23496 12
23503 8
23506 21
23510 5
23516 3
23523 8
23526 17
23528 18
23529 1
23538 12
23544 18
23545 11
23551 21
23555 16
23557 5
23564 11
23571 21
23575 8
23577 4
23583 3
23589 15
23591 11
23597 4
23604 1
23613 12
23620 11
23626 9
23627 20
23629 19
23631 15
23633 5
23639 21
23643 5
23650 12
23657 17
23659 8
23663 3
23669 19
23671 8
23673 12
23680 2
23691 17
23693 1
23703 13
23709 19
23711 18
23712 5
23718 10
23721 10
23724 11
23731 20
23733 14
23738 20
23740 17
23742 11
23749 14
23756 8
23760 12
23767 1
23777 18
23778 21
23782 18
23783 4
23791 11
23798 18
23799 11
23805 18
23806 10
23808 20
23810 8
23813 11
23820 8
23822 5
23829 17
23831 18
23832 15
23834 6
23841 3
23847 12
23854 3
23861 3
23868 18
23869 6
23876 5
23883 4
23889 12
23896 18
23897 20
23899 2
23910 19
23912 18
23913 3
23919 20
23921 14
23926 19
23928 14
23934 11
23940 13
23945 18
23946 13
23951 14
23956 18
23957 11
23964 11
23970 19
23972 12
23979 12
23985 10
23987 11
23993 9
23994 3
24001 21
24005 15
24007 17
24009 21
24013 10
24014 14
24020 12
24027 21
24031 6
24038 15
24040 3
24047 11
24053 17
24055 13
24061 21
24065 18
24066 12
24073 12
24080 12
24086 10
24089 21
24093 18
24094 3
24100 16
24102 9
24104 3
24110 11
24116 12
24124 8
24127 9
24129 18
24130 13
24135 6
24141 8
24144 11
24150 18
24151 16
24153 21
24157 15
24159 17
24161 2
24170 3
24177 10
24179 11
24185 17
24187 18
24188 3
24195 21
24199 5
24205 21
24209 10
24212 15
24214 13
24220 21
24224 11
24230 12
24237 8
24239 6
24246 17
24248 4
24255 13
24261 7
24263 6
24269 8
24272 9
24273 12
24280 19
24282 13
24288 5
24295 11
24301 20
24303 11
24310 2
24321 1
24330 3
24336 12
24344 4
24350 2
24361 8
24364 6
24371 11
24377 9
24378 1
24388 5
24394 18
24395 13
24401 16
24403 21
24407 15
24409 2
24419 21
24423 19
24425 15
24427 12
24434 6
24442 11
24449 11
24455 14
24461 9
24463 15
24465 9
24467 2
24478 11
24484 9
24486 3
24493 18
24494 4
24501 13
24507 11
24513 21
24517 14
24524 11
24531 16
24533 4
24541 9
24543 18
24544 10
24547 10
24548 12
24554 2
24564 20
24566 5
24572 10
24573 16
24575 9
24576 1
24585 20
24587 9
24589 7
24592 11
24598 15
24600 9
24601 11
24607 16
24609 12
24615 12
24623 1
24632 16
24634 1
24644 9
24645 9
24647 15
24649 20
24651 7
24654 19
24656 1
24665 16
24667 3
24674 11
24680 9
24682 12
24689 11
24696 2
24705 10
24706 17
24708 7
24710 17
24712 19
24714 7
24716 18
24717 17
24719 11
24726 14
24732 12
24739 10
24742 13
24747 19
24749 14
24755 8
24759 12
24766 6
24772 18
24773 13
24779 11
24785 11
24792 11
24798 8
24802 3
24808 20
24810 7
24813 16
24815 18
24816 12
24824 19
24826 19
24828 17
24830 14
24837 17
24839 12
24846 3
24853 18
24854 14
24859 4
24866 2
24877 14
24883 20
24885 16
24887 18
24888 11
24895 18
24896 13
24902 4
24910 9
24912 18
24913 7
24915 12
24923 12
24931 15
24933 16
24935 20
24937 16
24939 11
24946 11
24952 9
24953 14
24959 21
24963 19
24965 3
24972 1
24982 8
24986 16
24988 11
24994 1
25004 1
25014 19
25016 12
25022 20
25024 3
25031 20
25033 17
25035 14
25042 13
25047 21
25051 2
25061 14
25068 10
25070 13
25075 15
25077 16
25079 20
25081 15
25083 11
25090 9
25091 14
25098 18
25099 10
25102 12
25109 4
25115 5
25121 14
25126 12
25134 17
25136 9
25138 21
25142 15
25144 2
25154 2
25163 18
25164 11
25171 5
25177 10
25179 13
25185 11
25192 11
25199 9
25200 18
25201 12
25208 11
25214 13
25219 15
25221 14
25226 11
25233 18
25234 12
25240 2
25250 8
25254 18
25255 7
25257 3
25263 12
25270 18
25271 10
25273 11
25280 3
25287 13
25293 8
25296 4
25302 13
25308 20
25310 9
25311 11
25317 13
25322 13
25327 17
25329 11
25335 6
25342 11
25348 18
25349 7
25351 2
25361 21
25365 19
25367 21
25371 17
25373 9
25375 20
25377 16
25379 4
25386 18
25387 18
25388 7
25390 12
25398 12
25405 9
25407 6
25414 1
25424 5
25431 8
25434 16
25436 15
25438 18
25439 12
25446 6
25454 18
25455 21
25459 7
25461 19
25463 8
25466 11
25472 19
25474 11
25480 17
25482 19
25484 11
25491 4
25499 13
25505 21
25509 3
25515 3
25522 1
25532 2
25541 20
25543 11
25549 16
25551 12
25558 4
25566 12
25574 7
25576 11
25583 13
25588 6
25595 15
25597 4
25604 15
25606 19
25608 18
25609 11
25615 18
25616 16
25618 18
25619 11
25625 13
25630 1
25639 9
25641 9
25642 9
25644 17
25646 4
25652 13
25657 11
25664 13
25670 9
25671 10
25674 1
25684 11
25690 14
25697 14
25703 13
25708 1
25718 10
25720 17
25722 12
25729 14
25735 18
25736 11
25742 11
25749 12
25755 10
25757 17
25759 10
25762 3
25769 6
25775 16
25777 6
25783 5
25789 19
25791 19
25793 15
25795 20
25797 12
25805 15
25807 9
25809 12
25817 7
25819 18
25820 19
25822 11
25828 14
25834 4
25842 1
25852 2
25861 15
25863 8
25865 11
25872 13
25877 15
25879 16
25881 18
25882 13
25887 18
25888 12
25894 1
25904 16
25906 4
25913 18
25914 16
25916 11
25923 14
25929 10
25931 21
25935 1
25945 6
25952 21
25956 11
25962 10
25964 12
25971 12
25978 16
25980 21
25984 7
25986 12
25993 7
25996 21
26000 3
26006 11
26013 12
26020 3
26026 3
26033 10
26036 16
26038 8
26041 12
26048 6
26056 13
26061 6
26069 6
26077 13
26083 18
26084 12
26092 11
26099 12
26107 11
26113 9
26114 3
26120 5
26126 13
26132 14
26138 18
26139 14
26145 11
26152 13
26157 2
26167 12
26175 2
26185 2
26195 13
26200 12
26207 11
26213 13
26218 10
26220 14
26226 17
26228 3
26235 12
26242 17
26244 15
26246 10
26248 12
26256 11
26262 13
26267 6
26275 21
26279 18
26280 17
26282 15
26284 13
26289 15
26291 11
26298 12
26304 19
26306 13
26311 12
26318 20
26320 7
26323 21
26327 6
26334 6
26341 18
26342 12
26349 12
26355 17
26357 3
26364 2
26374 12
26380 12
26386 3
26393 2
26404 1
26414 16
26416 11
26423 20
26425 9
26426 20
26428 18
26429 11
26435 14
26441 15
26443 2
26453 7
26455 17
26457 1
26466 11
26472 18
26473 3
26479 17
26481 9
26482 21
26486 6
26493 10
26495 5
26501 11
26508 12
26514 5
26520 10
26522 4
26528 2
26538 11
26544 11
26551 15
26553 11
26559 6
26567 1
26576 4
26583 10
26585 8
26588 2
26598 4
26605 1
26615 1
26624 21
26628 17
26630 14
26635 19
26637 1
26647 14
26653 17
26655 10
26658 16
26660 15
26662 5
26669 9
26670 2
26681 15
26683 9
26685 4
26692 11
26698 7
26701 3
26707 5
26713 13
26719 9
26720 12
26726 21
26730 12
26738 8
26740 18
26741 5
26748 19
26750 12
26757 21
26761 2
26772 17
26774 15
26776 1
26786 12
26793 19
26795 18
26796 11
26802 10
26804 19
26806 8
26808 11
26814 17
26816 19
26818 18
26819 11
26826 13
26831 15
26833 6
26839 18
26840 4
26847 1
26857 3
26864 15
26866 7
26869 14
26874 4
26881 4
26887 11
26893 13
26899 16
26901 14
26908 11
26915 19
26917 13
26923 16
26925 17
26927 10
26928 18
26929 16
26931 18
26932 2
26942 21
26946 17
26948 21
26952 10
26954 7
26956 12
26963 18
26964 12
26971 8
26973 1
26983 7
26986 2
26997 5
27003 13
27009 21
27013 7
27016 12
27023 5
27030 20
27032 2
27042 15
27044 2
27054 5
27060 12
27066 12
27072 21
27076 12
27082 16
27084 11
27090 13
27096 5
27102 15
27104 16
27106 20
27108 17
27110 9
27111 11
27118 12
27125 11
27132 16
27134 11
27141 12
27148 21
27152 20
27154 21
27158 11
27165 18
27166 7
27169 10
27172 12
27179 15
27181 13
27186 2
27196 18
27197 12
27203 12
27210 14
27217 13
27223 18
27224 15
27226 1
27236 7
27239 2
27249 6
27256 17
27258 11
27264 13
27270 1
27279 15
27281 1
27291 9
27292 12
27299 19
27301 19
27303 14
27309 12
27317 12
27323 11
27329 11
27335 12
27342 16
27344 2
27354 3
27361 8
27364 19
27366 5
27373 1
27383 18
27384 13
27390 17
27392 12
27398 13
27403 9
27405 13
27410 14
27415 18
27416 12
27423 12
27430 15
27432 16
27434 19
27436 15
27438 4
27444 21
27448 18
27449 4
27457 17
27459 6
27467 11
27474 12
27480 12
27487 11
27493 18
27494 11
27500 8
27503 16
27505 11
27511 11
27517 7
27520 10
27522 9
27523 17
27525 11
27532 18
27533 21
27537 14
27543 17
27545 16
27547 20
27549 21
27553 12
27561 11
27568 10
27570 16
27572 19
27574 3
27580 12
27587 11
27594 10
27597 18
27598 20
27600 18
27601 19
27603 11
27610 3
27616 1
27625 5
27632 7
27635 18
27636 6
27642 12
27648 4
27656 6
27663 4
27671 12
27679 18
27680 12
27686 21
27690 17
27692 19
27694 13
27700 11
27706 20
27708 6
27716 3
27722 17
27724 11
27730 9
27731 12
27739 12
27747 5
27754 4
27761 19
27763 20
27765 15
27767 17
27769 17
27771 12
27778 11
27785 7
27787 18
27788 11
27795 19
27797 5
27804 19
27806 9
27808 14
27813 12
27819 10
27820 11
27826 4
27834 11
27841 16
27843 1
27853 16
27855 9
27856 14
27863 3
27869 4
27876 12
27883 16
27885 18
27886 5
27893 11
27899 3
27906 18
27907 1
27917 4
27924 16
27926 7
27929 14
27935 12
27942 6
27948 11
27955 14
27960 11
27966 3
27973 21
27977 21
27981 10
27982 17
27984 6
27992 16
27994 7
27996 15
27998 19
28000 11
28007 11
28013 10
28016 13
28022 11
28028 20
28030 18
28031 16
28033 18
28034 4
28041 6
28048 8
28051 14
28056 4
28062 18
28063 18
28064 19
28066 11
28072 8
28075 18
28076 3
28083 12
28090 17
28092 15
28094 1
28104 13
28109 20
28111 20
28113 1
28122 12
28129 17
28131 21
28135 17
28137 12
28143 4
28151 15
28153 14
28159 12
28166 4
28172 3
28179 12
28187 1
28196 2
28205 16
28207 14
28214 17
28216 17
28218 13
28223 12
28231 8
28233 13
28238 1
28247 21
28251 14
28257 19
28259 12
28267 13
28273 17
28275 9
28276 4
28282 13
28287 20
28289 5
28295 19
28297 17
28299 12
28306 20
28308 2
28317 17
28319 6
28325 21
28329 14
28336 18
28337 18
28338 16
28340 19
28342 18
28343 7
28345 15
28347 4
28354 3
28361 18
28362 5
28368 21
28372 12
28380 4
28387 6
28393 20
28395 19
28397 14
28404 17
28406 20
28408 9
28409 15
28411 11
28417 1
28427 18
28428 17
28430 1
28440 7
28442 11
28449 11
28455 15
28457 20
28459 2
28469 12
28476 3
28483 15
28485 16
28487 15
28489 12
28496 11
28503 14
28509 21
28513 18
28514 7
28517 17
28519 10
28521 11
28527 7
28530 6
28538 13
28543 11
28550 17
28552 11
28559 15
28561 4
28568 11
28575 2
28585 18
28586 2
28597 13
28602 9
28603 10
28605 17
28607 1
28617 8
28620 11
28627 11
28633 2
28644 11
28650 17
28652 1
28662 11
28669 16
28671 3
28678 1
28687 7
28690 11
28697 15
28699 12
28706 6
28714 7
28717 9
28719 11
28725 18
28726 20
28728 19
28730 10
28732 16
28734 18
28735 1
28745 19
28747 11
28753 19
28755 11
28761 9
28762 5
28768 15
28770 19
28772 8
28774 14
28780 13
28786 1
28796 11
28802 8
28806 11
28812 19
28814 15
28816 11
28823 4
28831 11
28837 3
28844 4
28851 16
28853 17
28855 11
28862 18
28863 16
28865 3
28872 9
28873 11
28880 17
28882 11
28889 9
28891 5
28898 5
28904 13
28909 8
28911 10
28914 13
28919 7
28921 2
28931 9
28933 11
28939 21
28943 12
28949 12
28956 10
28959 2
28969 20
28971 4
28978 6
28985 16
28987 10
28989 11
28995 11
29001 10
29003 5
29009 11
29015 14
29021 12
29029 10
29031 11
29037 16
29039 15
29041 10
29043 9
29045 9
29047 6
29054 8
29057 7
29060 4
29066 12
29073 7
29076 21
29080 2
29090 11
29096 2
29106 9
29107 3
29113 11
29120 4
29127 12
29134 6
29141 3
29148 4
29155 12
29161 17
29163 10
29166 11
29172 1
29181 12
29188 20
29190 3
29197 1
29207 12
29213 19
29215 1
29225 19
29227 15
29229 1
29238 12
29246 13
29252 1
29262 15
29264 18
29265 16
29267 14
29272 6
29279 12
29287 19
29289 4
29295 10
29298 8
29302 20
29304 14
29311 12
29318 9
29319 4
29326 3
29332 20
29334 21
29338 18
29339 19
29341 5
29347 18
29348 10
29350 1
29359 2
29370 16
29372 4
29380 13
29386 5
29392 4
29399 6
29406 2
29415 21
29419 15
29421 10
29424 11
29431 9
29432 12
29440 19
29442 10
29445 2
29455 17
29457 17
29459 1
29468 18
29469 7
29472 18
29473 6
29480 11
29487 11
29494 3
29500 2
29510 3
29517 14
29523 14
29529 12
29537 15
29539 20
29541 17
29543 11
29550 18
29551 4
29559 6
29567 12
29573 18
29574 18
29575 15
29577 12
29583 18
29584 8
29587 11
29594 10
29596 11
29603 11
29610 19
29612 15
29614 15
29616 6
29623 13
29629 19
29631 15
29633 1
29642 17
29644 13
29650 5
29657 8
29660 12
29667 17
29669 6
29675 6
29681 16
29683 11
29689 11
29696 1
29706 11
29712 19
29714 18
29715 12
29722 14
29727 3
29733 6
29739 17
29741 18
29742 11
29748 3
29755 9
29756 17
29758 21
29762 1
29772 14
29778 3
29784 3
29791 11
29797 10
29799 18
29800 5
29807 1
29817 21
29821 10
29823 12
29831 19
29833 19
29835 4
29842 9
29843 11
29849 15
29851 9
29853 12
29859 14
29865 16
29867 16
29869 3
29876 11
29882 2
29892 11
29898 15
29900 2
29909 17
29911 20
29913 12
29921 12
29929 13
29934 11
29941 5
29948 13
29953 12
29960 15
29962 16
29964 11
29971 15
29973 10
29974 11
29981 19
29983 11
29990 6
29996 12
30004 18
30005 2
30014 18
30015 7
30018 7
30020 6
30027 11
30033 7
30036 10
30039 10
30041 21
30045 5
30052 2
30061 19
30063 11
30069 12
30077 16
30079 21
30083 11
30090 19
30092 8
30095 12
30101 6
30107 20
30109 20
30111 6
30119 3
30125 12
30131 13
30137 11
30144 15
30146 12
30152 1
30161 6
30168 14
30175 13
30180 10
30183 11
30190 5
30197 8
30200 6
30207 9
30208 10
30209 1
30218 9
30219 17
30221 3
30228 11
30234 7
30236 2
30247 20
30249 9
30251 16
30253 18
30254 11
30260 6
30267 17
30269 21
30273 20
30275 21
30279 12
30286 9
30288 11
30295 21
30299 18
30300 17
30302 20
30304 20
30306 16
30308 20
30310 12
30318 14
30323 18
30324 9
30325 10
30327 17
30329 13
30334 9
30335 6
30343 5
30350 18
30351 11
30358 20
30360 1
30370 7
30373 12
30379 18
30380 16
30382 7
30385 14
30390 10
30392 12
30399 16
30401 10
30403 10
30406 19
30408 21
30412 14
30417 9
30419 12
30426 9
30428 15
30430 12
30437 20
30439 4
30447 8
30451 11
30457 10
30458 7
30460 14
30466 8
30469 5
30476 5
30483 20
30485 11
30491 7
30494 11
30500 17
30502 1
30512 16
30514 3
30520 6
30526 16
30528 12
30534 7
30536 2
30545 18
30546 12
30552 14
30557 15
30559 11
30566 10
30567 20
30569 18
30570 9
30571 15
30573 14
30580 1
30590 11
30597 3
30604 10
30607 8
30609 15
30611 8
30613 2
30624 19
30626 12
30633 13
30638 9
30640 8
30643 11
30650 7
30653 14
30658 16
30660 2
30669 19
30671 8
30674 11
30681 10
30683 11
30690 11
30696 11
30702 13
30707 12
30713 14
30720 8
30724 12
30732 6
30739 11
30746 12
30754 2
30764 18
30765 12
30772 5
30778 6
30784 19
30786 18
30787 16
30789 8
30792 11
30799 7
30802 5
30808 12
30815 12
30822 9
30823 13
30828 8
30830 7
30833 20
30835 2
30845 2
30855 8
30857 2
30868 18
30869 10
30870 18
30871 7
30873 4
30880 2
30890 12
30896 12
30902 12
30909 12
30916 12
30922 13
30928 1
30938 12
30946 7
30949 16
30951 13
30956 2
30966 21
30970 8
30973 5
30979 2
30989 6
30996 5
31002 12
31010 12
31018 4
31025 21
31029 12
31036 18
31037 12
31044 8
31046 15
31048 21
31052 15
31054 13
31060 21
31064 5
31070 5
31076 18
31077 15
31079 18
31080 12
31087 5
31093 1
31102 9
31103 20
31105 4
31113 17
31115 12
31123 12
31129 17
31131 15
31133 16
31135 11
31141 1
31150 19
31152 5
31159 6
31165 6
31171 12
31177 12
31183 8
31185 6
31191 8
31194 11
31201 21
31205 12
31213 6
31220 20
31222 18
31223 18
31224 11
31230 11
31237 12
31245 21
31249 7
31251 18
31252 1
31262 1
31271 18
31272 20
31274 21
31278 10
31280 2
31290 18
31291 6
31298 13
31303 18
31304 18
31305 8
31309 4
31315 11
31322 21
31326 18
31327 11
31334 13
31340 11
31347 13
31352 15
31354 15
31356 19
31358 12
31365 17
31367 2
31377 20
31379 18
31380 17
31382 21
31386 11
31393 21
31397 14
31404 18
31405 18
31406 4
31414 18
31415 6
31422 11
31429 17
31431 9
31432 12
31438 19
31440 16
31442 11
31449 5
31456 20
31458 11
31464 3
31471 18
31472 10
31475 9
31476 6
31484 21
31488 4
31495 17
31497 12
31504 4
31511 17
31513 8
31516 6
31524 3
31530 12
31538 20
31540 11
31547 7
31549 11
31555 4
31562 18
31563 7
31566 16
31568 6
31575 17
31577 11
31583 11
31589 7
31591 15
31593 9
31595 13
31601 17
31603 18
31604 5
31611 7
31613 12
31619 18
31620 16
31622 3
31628 20
31630 13
31636 16
31638 7
31640 11
31646 18
31647 6
31654 16
31656 11
31662 6
31670 11
31677 15
31679 11
31685 11
31692 18
31693 17
31695 12
31702 11
31709 19
31711 5
31717 11
31723 5
31730 4
31737 11
31743 2
31754 11
31761 18
31762 18
31763 11
31769 14
31775 21
31779 12
31786 11
31792 12
31799 11
31806 11
31812 20
31814 12
31821 14
31827 1
31837 4
31843 14
31849 7
31851 9
31852 18
31853 20
31855 12
31862 12
31869 2
31880 4
31886 19
31888 14
31894 21
31898 16
31900 15
31902 10
31903 7
31905 9
31907 21
31911 15
31913 6
31921 5
31927 9
31929 9
31931 3
31938 3
31945 12
31953 14
31959 5
31965 6
31971 1
31980 10
31982 16
31984 14
31990 5
31997 21
32001 12
32008 11
32014 15
32016 10
32018 2
32029 17
32031 18
32032 3
32038 20
32040 21
32044 2
32054 2
32063 2
32074 17
32076 7
32079 5
32086 3
32092 17
32094 5
32101 10
32103 9
32104 16
32106 21
32110 18
32111 14
32116 11
32122 5
32129 5
32135 5
32141 1
32151 8
32154 12
32161 1
32170 21
32174 3
32181 7
32183 17
32185 18
32186 5
32192 11
32198 16
32200 12
32208 14
32214 20
32216 4
32224 5
32231 1
32240 15
32242 21
32246 16
32248 15
32250 15
32252 12
32259 2
32270 19
32272 3
32279 13
32285 13
32291 12
32298 4
32304 20
32306 11
32313 18
32314 14
32319 5
32326 15
32328 11
32335 15
32337 3
32344 3
32350 9
32351 11
32357 18
32358 11
32365 12
32372 14
32377 9
32378 6
32386 12
32393 12
32399 16
32401 4
32408 19
32410 9
32412 8
32416 12
32422 11
32429 11
32436 11
32442 19
32444 8
32447 15
32449 2
32459 11
32465 12
32473 5
32480 18
32481 7
32483 9
32485 18
32486 13
32491 12
32499 18
32500 4
32507 4
32513 4
32520 3
32527 12
32533 20
32535 11
32541 13
32547 11
32553 12
32560 10
32562 16
32564 9
32565 5
32571 11
32578 5
32584 14
32589 21
32593 12
32600 9
32602 21
32606 1
32616 6
32623 6
32630 18
32631 7
32634 11
32640 7
32643 12
32650 11
32656 20
32658 18
32659 9
32661 4
32668 16
32670 5
32676 14
32682 12
32689 20
32691 11
32697 21
32701 16
32703 1
32713 5
32719 7
32721 2
32730 19
32732 12
32738 1
32748 11
32755 9
32756 19
32758 15
32760 2
32771 5
32777 5
32783 21
32787 17
32789 15
32791 3
32797 6
32804 19
32806 4
32814 9
32815 11
32822 3
32828 11
32835 1
32845 11
32851 11
32857 3
32863 11
32869 4
32876 4
32882 3
32888 21
32892 12
32900 11
32907 5
32914 18
32915 6
32922 21
32926 16
32928 21
32932 15
32934 12
32941 6
32948 12
32955 17
32957 10
32958 8
32962 5
32968 12
32976 19
32978 1
32988 7
32990 11
32997 8
33000 10
33001 11
33008 5
33014 12
33022 10
33025 18
33026 12
33033 12
33040 21
33044 10
33046 11
33053 13
33058 5
33065 13
33070 3
33076 19
33078 17
33080 11
33087 11
33094 3
33100 13
33106 5
33113 20
33115 6
33122 13
33127 8
33130 18
33131 6
33139 4
33147 12
33154 2
33164 1
33173 15
33175 8
33177 18
33178 12
33185 20
33187 4
33195 8
33199 8
33202 11
33208 12
33215 16
33217 8
33220 12
33226 18
33227 18
33228 9
33229 11
33235 11
33242 16
33244 16
33246 10
33248 9
33250 20
33252 16
33254 4
33262 1
33272 19
33274 16
33276 17
33278 19
33280 11
33286 19
33288 10
33290 15
33292 20
33294 15
33296 12
33304 12
33310 11
33316 18
33317 9
33318 21
33322 3
33329 12
33336 17
33338 11
33344 9
33345 12
33352 19
33354 11
33361 12
33368 11
33375 8
33377 12
33385 8
33388 9
33390 14
33395 2
33405 1
33415 11
33421 1
33430 9
33431 18
33432 20
33434 8
33436 9
33438 17
33440 12
33447 4
33455 15
33457 16
33459 10
33460 3
33466 16
33468 1
33478 11
33485 1
33495 15
33497 12
33503 21
33507 11
33513 21
33517 14
33523 11
33530 16
33532 12
33539 10
33541 21
33545 12
33551 17
33553 21
33557 5
33564 13
33570 13
33576 11
33583 12
33590 12
33598 20
33600 15
33602 11
33608 12
33615 8
33618 18
33619 18
33620 4
33627 15
33629 11
33635 16
33637 19
33639 18
33640 12
33648 15
33650 2
33661 12
33668 6
33674 11
33681 17
33683 12
33689 2
33698 10
33700 8
33702 17
33704 12
33712 12
33719 18
33720 11
33727 1
33737 13
33743 7
33746 10
33747 14
33754 2
33763 11
33769 11
33775 11
33781 21
33785 20
33787 15
33789 17
33791 13
33796 10
33799 11
33806 4
33812 6
33818 4
33825 12
33832 19
33834 4
33841 11
33847 12
33855 16
33857 15
33859 12
33865 11
33871 13
33876 6
33883 1
33893 20
33895 1
33905 21
33909 13
33915 12
33923 2
33933 1
33942 8
33945 3
33951 5
33957 17
33959 18
33960 17
33962 12
33970 2
33980 7
33983 12
33990 18
33991 12
33998 3
34005 18
34006 15
34008 7
34011 4
34018 5
34024 4
34032 18
34033 3
34039 12
34047 14
34052 17
34054 20
34056 14
34062 11
34069 12
34077 8
34081 12
34088 6
34094 17
34096 21
34100 14
34105 15
34107 5
34113 17
34115 2
34125 18
34126 1
34136 21
34140 10
34143 8
34146 11
34152 8
34156 10
34159 20
34161 2
34172 20
34174 13
34180 19
34182 1
34191 10
34193 12
34200 15
34202 3
34208 21
34212 1
34221 13
34226 12
34233 20
34235 4
34241 2
34252 15
34254 3
34260 11
34266 11
34273 7
34276 11
34283 12
34290 18
34291 12
34297 21
34301 18
34302 2
34313 18
34314 18
34315 11
34322 12
34330 11
34336 15
34338 7
34340 16
34342 11
34349 3
34356 2
34365 11
34371 11
34378 12
34385 11
34391 2
34401 19
34403 8
34407 11
34414 8
34417 11
34423 19
34425 2
34435 18
34436 12
34442 21
34446 4
34453 12
34461 10
34463 5
34470 11
34477 18
34478 11
34485 12
34492 5
34499 11
34506 17
34508 16
34510 11
34517 13
34522 11
34529 16
34531 2
34540 18
34541 12
34548 19
34550 20
34552 11
34558 13
34564 8
34568 9
34570 21
34574 18
34575 11
34581 5
34587 2
34598 2
34609 12
34615 4
34621 2
34631 13
34636 6
34644 2
34654 18
34655 11
34662 12
34669 7
34672 3
34678 9
34680 11
34687 14
34692 5
34698 7
34701 16
34703 17
34705 17
34707 5
34713 17
34715 13
34720 12
34727 16
34729 2
34738 15
34740 9
34742 9
34744 16
34746 9
34747 12
34755 11
34761 11
34767 19
34769 18
34770 5
34776 16
34778 15
34780 6
34788 18
34789 18
34790 3
34797 8
34800 16
34802 8
34806 11
34813 16
34815 12
34822 14
34828 15
34830 3
34836 5
34842 5
34849 17
34851 7
34853 8
34857 20
34859 11
34865 11
34872 16
34874 7
34876 2
34887 11
34894 20
34896 4
34902 17
34904 16
34906 14
34912 21
34916 7
34919 7
34922 12
34929 2
34940 11
34947 18
34948 19
34950 6
34956 4
34963 20
34965 18
34966 14
34972 12
34980 20
34982 21
34986 19
34988 15
34990 19
34992 20
34994 17
34996 14
35002 17
35004 8
35007 3
35013 11
35019 6
35026 6
35034 1
35043 6
35051 9
35052 5
35059 10
35061 21
35065 3
35071 1
35080 11
35087 15
35089 8
35092 2
35103 15
35105 13
35111 17
35113 3
35119 4
35125 14
35131 16
35133 11
35139 12
35146 12
35152 20
35154 20
35156 7
35159 13
35165 15
35167 20
35169 12
35176 12
35182 11
35188 11
35195 8
35197 12
35204 18
35205 11
35212 12
35220 13
35225 4
35231 18
35232 6
35240 14
35246 7
35249 18
35250 12
35256 11
35262 11
35269 14
35274 21
35278 5
35284 8
35287 12
35295 11
35302 18
35303 9
35304 14
35309 9
35311 13
35317 7
35320 11
35327 6
35333 3
35339 6
35345 11
35352 21
35356 18
35357 20
35359 19
35361 11
35368 9
35369 9
35370 7
35373 15
35375 13
35380 3
35387 10
35388 11
35394 2
35405 15
35407 12
35415 16
35417 3
35423 11
35429 2
35439 10
35441 19
35443 13
35448 10
35450 14
35456 11
35462 11
35469 19
35471 20
35473 10
35474 11
35480 15
35482 1
35492 3
35499 3
35505 6
35512 1
35521 7
35524 14
35530 1
35539 6
35547 21
35551 6
35558 15
35560 12
35567 20
35569 17
35571 7
35574 11
35581 13
35587 7
35589 21
35593 9
35595 11
35602 12
35610 11
35616 9
35617 12
35623 2
35633 6
35641 21
35645 21
35649 11
35656 16
35658 9
35659 11
35665 3
35671 17
35673 12
35680 7
35682 5
35689 7
35692 9
35694 6
35700 8
35703 7
35705 11
35711 17
35713 8
35716 10
35718 13
35723 2
35734 20
35736 12
35743 20
35745 15
35747 12
35754 8
35756 1
35765 2
35775 11
35781 18
35782 15
35784 3
35790 15
35792 21
35796 11
35802 3
35808 16
35810 12
35818 13
35824 5
35830 1
35840 11
35847 13
35853 18
35854 7
35857 9
35858 21
35862 20
35864 21
35868 1
35877 18
35878 2
35888 13
35893 15
35895 11
35902 11
35909 21
35913 12
35920 15
35922 7
35925 12
35931 17
35933 4
35939 7
35941 2
35951 11
35958 12
35964 15
35966 13
35971 19
35973 1
35983 18
35984 21
35988 11
35995 12
36003 21
36007 13
36012 4
36018 12
36025 21
36029 14
36035 9
36037 18
36038 13
36044 16
36046 3
36053 7
36056 17
36058 19
36060 20
36062 2
36072 2
36082 19
36084 16
36086 12
36094 11
36100 12
36107 20
36109 5
36115 16
36117 12
36124 7
36127 12
36134 8
36138 11
36144 21
36148 15
36150 11
36157 4
36164 19
36166 16
36168 2
36177 12
36184 10
36186 18
36187 12
36193 5
36199 13
36205 1
36214 15
36216 11
36223 13
36229 4
36235 20
36237 12
36244 21
36248 19
36250 9
36252 20
36254 15
36256 17
36258 18
36259 11
36265 19
36267 14
36274 16
36276 1
36286 5
36292 19
36294 14
36300 3
36306 6
36312 5
36319 12
36326 3
36332 2
36342 9
36343 3
36349 15
36351 11
36358 8
36361 12
36369 5
36376 12
36383 19
36385 11
36391 8
36395 12
36402 12
36408 13
36414 1
36424 4
36431 4
36439 17
36441 21
36445 18
36446 10
36447 12
36454 6
36461 18
36462 18
36463 20
36465 9
36467 9
36468 18
36469 2
36479 2
36490 21
36494 20
36496 7
36499 17
36501 17
36503 12
36510 15
36512 12
36519 11
36525 1
36535 4
36542 9
36544 5
36550 21
36554 19
36556 15
36558 11
36565 18
36566 10
36568 11
36575 16
36577 14
36583 1
36593 16
36595 18
36596 1
36605 17
36607 11
36614 6
36621 7
36624 11
36630 3
36637 17
36639 14
36645 10
36647 13
36652 18
36653 11
36660 18
36661 2
36671 13
36676 5
36683 12
36691 18
36692 9
36693 15
36695 18
36696 15
36698 13
36703 3
36710 5
36716 7
36718 8
36722 18
36723 17
36725 21
36729 13
36734 13
36739 7
36742 20
36744 18
36745 11
36752 5
36759 13
36764 5
36771 18
36772 8
36774 16
36776 18
36777 3
36783 1
36793 8
36797 9
36798 2
36807 9
36809 21
36813 11
36820 12
36826 4
36832 5
36839 1
36849 11
36856 12
36862 14
36867 13
36873 11
36880 10
36882 18
36883 6
36891 16
36893 12
36901 9
36903 21
36907 5
36914 2
36924 13
36930 9
36932 11
36938 11
36945 4
36951 18
36952 12
36960 15
36962 13
36968 6
36975 12
36983 8
36987 6
36994 11
37000 8
37002 21
37006 4
37014 2
37025 19
37027 21
37031 4
37037 12
37045 9
37046 5
37053 1
37063 15
37065 11
37071 4
37079 4
37086 16
37088 8
37092 4
37099 20
37101 20
37103 7
37105 14
37111 15
37113 21
37117 19
37119 3
37125 14
37132 17
37134 20
37136 1
37145 13
37150 8
37153 15
37155 9
37156 16
37158 18
37159 20
37161 20
37163 2
37172 11
37179 6
37186 18
37187 12
37193 7
37195 16
37197 9
37198 3
37205 5
37212 8
37214 2
37225 2
37235 14
37241 18
37242 11
37249 18
37250 10
37251 16
37253 15
37255 13
37261 19
37263 7
37265 3
37272 2
37282 12
37289 14
37295 13
37300 2
37310 13
37316 10
37319 3
37326 14
37332 4
37340 13
37346 17
37348 7
37351 11
37357 16
37359 21
37363 19
37365 11
37371 8
37375 14
37380 20
37382 6
37390 14
37396 7
37398 6
37404 3
37411 2
37421 14
37428 4
37434 19
37436 12
37443 12
37450 16
37452 18
37453 15
37455 8
37457 8
37460 5
37467 16
37469 17
37471 3
37478 16
37480 21
37484 21
37488 10
37490 15
37492 11
37499 1
37508 5
37514 7
37516 18
37517 18
37518 16
37520 3
37526 13
37531 9
37532 5
37538 16
37540 21
37544 14
37550 13
37555 11
37561 6
37569 12
37576 15
37578 4
37585 7
37587 9
37588 4
37596 11
37603 16
37605 12
37611 11
37617 2
37628 12
37635 18
37636 8
37638 20
37640 4
37648 17
37650 20
37652 3
37659 17
37661 12
37668 19
37670 4
37678 2
37687 9
37688 11
37695 11
37701 7
37703 10
37705 14
37711 13
37717 7
37719 3
37725 11
37731 3
37738 15
37740 20
37742 11
37748 1
37758 4
37765 10
37768 13
37773 21
37777 10
37779 10
37781 11
37788 1
37798 21
37802 21
37806 11
37813 14
37818 11
37824 14
37830 13
37836 6
37844 12
37851 2
37862 11
37869 20
37871 11
37877 7
37879 11
37886 7
37888 6
37896 9
37897 5
37903 3
37909 21
37913 13
37919 11
37925 21
37929 12
37936 9
37937 18
37938 6
37945 9
37946 21
37950 14
37956 9
37958 5
37965 18
37966 12
37974 15
37976 1
37986 8
37990 9
37991 4
37999 11
38006 9
38008 13
38013 11
38019 4
38027 5
38033 9
38034 3
38041 12
38048 8
38051 9
38052 12
38059 17
38061 20
38063 18
38064 2
38074 9
38076 21
38080 15
38082 1
38092 11
38099 9
38100 2
38109 19
38111 11
38117 15
38119 20
38121 3
38127 4
38134 19
38136 11
38142 1
38152 18
38153 10
38154 3
38160 11
38166 16
38168 18
38169 15
38171 10
38173 7
38176 10
38179 2
38189 19
38191 7
38194 3
38200 3
38207 19
38209 2
38219 1
38228 10
38230 19
38232 9
38233 21
38237 3
38244 10
38246 18
38247 12
38255 8
38257 12
38264 12
38271 14
38278 14
38284 19
38286 16
38288 11
38294 11
38301 18
38302 20
38304 4
38312 7
38314 7
38317 12
38323 11
38330 10
38331 3
38338 8
38341 3
38347 11
38354 2
38365 21
38369 14
38375 18
38376 12
38383 4
38390 16
38392 11
38398 11
38405 14
38410 12
38417 13
38422 15
38424 16
38426 13
38432 14
38439 7
38442 16
38444 15
38446 19
38448 11
38454 11
38461 12
38469 2
38480 19
38482 17
38484 11
38490 5
38497 18
38498 9
38500 4
38506 16
38508 6
38515 12
38522 11
38529 12
38537 3
38543 14
38550 20
38552 10
38554 8
38556 11
38563 21
38567 12
38574 13
38580 20
38582 18
38583 6
38589 6
38596 5
38602 18
38603 20
38605 14
38611 18
38612 1
38622 9
38624 15
38626 5
38633 7
38636 9
38638 18
38639 14
38645 20
38647 2
38657 20
38659 4
38666 18
38667 11
38673 17
38675 6
38682 11
38688 8
38692 13
38698 12
38706 2
38715 11
38722 20
38724 17
38726 9
38728 19
38730 1
38739 10
38741 12
38749 1
38758 16
38760 5
38767 2
38778 16
38780 11
38786 21
38790 6
38798 12
38806 18
38807 17
38809 11
38816 11
38822 12
38829 1
38839 12
38846 12
38853 11
38860 16
38862 11
38869 7
38871 12
38877 18
38878 11
38884 5
38891 16
38893 17
38895 4
38903 5
38910 21
38914 19
38916 1
38926 21
38930 4
38936 17
38938 9
38939 12
38945 15
38947 19
38949 15
38951 19
38953 17
38955 12
38963 12
38970 20
38972 15
38974 12
38981 4
38988 21
38992 18
38993 2
39003 4
39009 14
39016 19
39018 11
39024 9
39025 3
39032 13
39037 6
39043 13
39049 20
39051 14
39058 15
39060 2
39070 7
39072 21
39076 9
39077 10
39079 2
39088 12
39096 10
39097 14
39103 9
39105 2
39115 8
39118 12
39124 16
39126 4
39132 12
39139 12
39146 2
39157 20
39159 19
39161 5
39168 2
39177 9
39178 14
39183 13
39188 1
39198 11
39205 12
39212 15
39214 7
39217 21
39221 10
39223 12
39230 13
39235 12
39242 11
39249 11
39256 20
39258 5
39265 11
39271 7
39273 17
39275 12
39282 11
39288 14
39294 5
39301 13
39307 17
39309 6
39315 11
39322 16
39324 19
39326 9
39327 15
39329 16
39331 17
39333 4
39339 14
39345 12
39352 18
39353 13
39359 9
39361 1
39371 13
39376 17
39378 12
39385 3
39392 7
39395 7
39398 2
39407 5
39413 7
39416 1
39426 3
39433 1
39443 3
39450 10
39452 20
39454 10
39456 13
39462 7
39464 20
39466 15
39468 7
39471 8
39474 8
39476 7
39478 20
39480 16
39482 11
39488 17
39490 20
39492 6
39499 8
39502 12
39509 1
39518 18
39519 11
39525 11
39532 11
39539 19
39541 16
39543 3
39550 3
39556 11
39563 18
39564 11
39570 3
39576 4
39582 14
39587 14
39593 15
39595 11
39601 14
39607 9
39608 5
39614 12
39621 13
39626 13
39632 11
39638 21
39642 3
39648 15
39650 17
39652 12
39659 20
39661 8
39663 11
39670 1
39679 20
39681 11
39687 21
39691 8
39694 20
39696 21
39700 16
39702 13
39707 14
39713 1
39723 18
39724 9
39725 6
39733 1
39742 13
39747 18
39748 18
39749 14
39755 19
39757 11
39764 15
39766 14
39772 16
39774 12
39781 21
39785 5
39791 7
39794 3
39801 5
39807 12
39815 16
39817 21
39821 19
39823 5
39830 4
39837 16
39839 18
39840 12
39848 5
39855 13
39860 16
39862 8
39866 16
39868 12
39876 18
39877 16
39879 10
39881 13
39886 12
39894 12
39902 11
39909 6
39916 13
39922 4
39930 18
39931 2
39941 1
39951 2
39961 11
39967 4
39974 19
39976 15
39978 15
39980 2
39990 11
39996 11
40002 14
40007 14
40013 10
40015 11
40022 18
40023 18
40024 2
40034 6
40041 12
40048 11
40054 11
40060 8
40062 6
40070 18
40071 19
40073 9
40074 11
40081 11
40087 14
40093 11
40099 18
40100 8
40103 20
40105 5
40112 7
40114 17
40116 19
40118 11
40125 13
40130 12
40137 17
40139 17
40141 12
40148 7
40151 16
40153 15
40155 6
40161 17
40163 21
40167 8
40170 16
40172 11
40178 5
40185 17
40187 13
40193 18
40194 18
40195 10
40198 13
40203 12
40211 19
40213 20
40215 6
40221 18
40222 11
40228 17
40230 11
40237 11
40244 10
40245 5
40252 1
40261 2
40272 19
40274 12
40281 12
40289 4
40296 11
40303 5
40309 12
40316 15
40318 3
40325 12
40333 9
40335 15
40337 6
40345 12
40351 15
40353 5
40360 13
40366 18
40367 5
40373 18
40374 13
40379 1
40388 9
40389 14
40394 3
40400 3
40406 9
40408 17
40410 16
40412 7
40414 11
40420 18
40421 12
40427 5
40434 6
40441 8
40444 11
40451 12
40457 4
40463 20
40465 14
40470 13
40476 11
40483 17
40485 16
40487 2
40498 18
40499 13
40505 12
40511 14
40516 18
40517 11
40524 16
40526 18
40527 11
40533 3
40539 20
40541 7
40544 15
40546 20
40548 18
40549 16
40551 12
40558 9
40560 18
40561 17
40563 16
40565 3
40571 11
40577 12
40583 13
40588 8
40591 18
40592 18
40593 3
40600 11
40607 7
40609 20
40611 14
40617 21
40621 13
40627 19
40629 19
40631 16
40633 19
40635 13
40640 18
40641 7
40644 18
40645 8
40648 16
40650 10
40652 19
40654 21
40658 17
40660 15
40662 17
40664 8
40667 11
40674 17
40676 18
40677 9
40678 9
40680 6
40686 11
40692 4
40699 2
40708 5
40714 20
40716 12
40722 13
40728 17
40730 18
40731 11
40737 11
40744 1
40753 19
40755 15
40757 14
40762 16
40764 11
40771 18
40772 12
40780 11
40787 11
40794 7
40797 13
40802 1
40812 13
40818 11
40825 11
40832 19
40834 10
40835 16
40837 11
40844 19
40846 8
40849 16
40851 21
40855 2
40865 11
40872 7
40874 1
40884 1
40894 21
40898 6
40906 4
40914 20
40916 14
40923 12
40929 12
40935 11
40941 1
40951 13
40957 7
40960 11
40966 12
40973 17
40975 10
40977 9
40979 12
40986 18
40987 13
40992 10
40994 18
40995 10
40997 1
41007 15
41009 20
41011 7
41014 8
41018 20
41020 6
41027 9
41028 20
41030 21
41034 11
41041 12
41048 2
41059 13
41065 7
41067 21
41071 11
41078 7
41081 8
41084 11
41090 8
41093 18
41094 17
41096 12
41102 14
41107 7
41110 2
41120 18
41121 2
41131 8
41134 8
41136 14
41141 19
41143 14
41149 11
41155 20
41157 12
41163 2
41173 12
41179 14
41184 12
41192 7
41194 5
41201 13
41207 11
41214 1
41224 17
41226 6
41234 11
41241 14
41246 4
41253 10
41255 4
41261 6
41269 3
41275 5
41281 8
41285 8
41289 1
41299 14
41305 8
41309 5
41316 11
41322 3
41328 13
41333 2
41343 11
41350 12
41356 5
41363 10
41364 11
41371 7
41374 18
41375 8
41378 11
41384 1
41394 9
41396 3
41402 15
41404 15
41406 18
41407 8
41411 12
41419 8
41422 12
41429 17
41431 5
41438 18
41439 3
41445 11
41451 19
41453 8
41455 18
41456 17
41458 11
41465 20
41467 4
41473 2
41484 1
41494 13
41500 11
41507 20
41509 10
41510 6
41517 9
41518 3
41524 8
41526 12
41533 11
41539 20
41541 18
41542 12
41550 20
41552 14
41557 9
41559 6
41566 7
41568 9
41569 14
41576 18
41577 9
41578 20
41580 11
41586 19
41588 19
41590 6
41598 17
41600 12
41607 4
41614 5
41620 9
41622 1
41632 15
41634 11
41640 13
41646 2
41655 11
41661 19
41663 21
41667 2
41678 18
41679 4
41686 4
41693 8
41697 4
41703 12
41709 12
41715 9
41717 5
41723 12
41731 13
41736 18
41737 12
41744 18
41745 9
41746 6
41753 9
41755 11
41761 3
41767 2
41776 11
41782 2
41792 7
41795 14
41800 19
41802 8
41804 18
41805 11
41811 20
41813 5
41819 18
41820 11
41827 6
41834 15
41836 11
41842 6
41848 16
41850 15
41852 14
41858 11
41865 4
41872 16
41874 19
41876 5
41883 12
41890 7
41892 16
41894 11
41900 19
41902 11
41909 14
41916 2
41926 3
41933 11
41939 15
41941 18
41942 6
41950 11
41957 7
41959 12
41966 2
41976 13
41982 18
41983 12
41991 7
41994 5
42001 12
42008 5
42015 12
42022 18
42023 5
42030 1
42040 9
42042 13
42047 18
42048 3
42055 6
42062 3
42068 3
42075 12
42081 4
42088 15
42090 16
42092 12
42099 6
42106 15
42108 18
42109 11
42116 11
42123 16
42125 10
42128 17
42130 11
42137 19
42139 17
42141 7
42144 3
42150 11
42157 5
42164 9
42166 15
42168 12
42175 6
42181 18
42182 17
42184 16
42186 3
42193 17
42195 8
42198 16
42200 12
42207 3
42214 14
42220 18
42221 14
42226 13
42232 3
42239 12
42246 2
42255 16
42257 12
42263 18
42264 18
42265 12
42272 9
42274 16
42276 21
42280 11
42286 18
42287 3
42293 2
42303 15
42305 2
42315 12
42322 18
42323 11
42329 20
42331 18
42332 12
42339 3
42346 10
42347 14
42354 7
42357 17
42359 12
42367 14
42374 18
42375 6
42381 11
42387 11
42393 2
42402 13
42408 18
42409 1
42419 21
42423 14
42430 3
42436 9
42438 5
42444 12
42451 14
42458 11
42464 17
42466 17
42468 11
42474 16
42476 11
42482 21
42486 18
42487 12
42494 3
42501 3
42507 14
42512 20
42514 8
42518 2
42527 8
42529 18
42530 21
42534 8
42536 19
42538 9
42539 11
42546 13
42552 5
42559 16
42561 13
42567 11
42574 3
42580 7
42582 10
42584 15
42586 12
42593 12
42601 8
42603 18
42604 7
42606 4
42613 11
42620 18
42621 9
42622 18
42623 14
42629 20
42631 15
42633 6
42640 12
42647 19
42649 20
42651 9
42653 12
42660 11
42666 15
42668 6
42675 8
42679 19
42681 16
42683 2
42693 9
42694 4
42701 17
42703 12
42709 2
42719 16
42721 9
42722 12
42728 17
42730 11
42737 17
42739 12
42746 21
42750 20
42752 3
42759 6
42766 11
42772 8
42775 2
42786 12
42794 3
42800 6
42807 18
42808 11
42815 3
42822 13
42827 6
42834 19
42836 2
42847 11
42854 17
42856 1
42865 4
42871 11
42878 2
42888 18
42889 17
42891 11
42897 19
42899 1
42909 3
42916 18
42917 14
42923 18
42924 13
42929 20
42931 14
42936 5
42943 11
42950 14
42955 11
42961 11
42967 11
42974 17
42976 18
42977 12
42983 5
42989 4
42997 19
42999 11
43006 14
43012 16
43014 16
43016 4
43023 3
43030 8
43033 17
43035 11
43041 12
43048 11
43054 13
43060 8
43063 7
43065 12
43073 5
43080 1
43090 20
43092 15
43094 2
43104 10
43106 5
43113 6
43120 14
43126 7
43129 17
43131 21
43135 15
43137 4
43144 18
43145 11
43151 6
43159 17
43161 3
43168 5
43175 12
43183 3
43190 18
43191 14
43198 11
43204 11
43211 9
43213 8
43216 11
43222 1
43232 20
43234 16
43236 9
43238 11
43244 17
43246 7
43249 7
43251 17
43253 6
43260 9
43261 10
43262 18
43263 18
43264 21
43268 11
43275 2
43285 9
43286 4
43293 2
43302 11
43309 11
43316 4
43323 12
43329 7
43331 13
43337 20
43339 12
43345 21
43349 4
43357 12
43363 12
43369 7
43371 7
43374 15
43376 6
43383 10
43385 9
43387 8
43391 12
43398 19
43400 11
43406 3
43413 15
43415 4
43422 9
43424 9
43425 2
43435 1
43444 13
43449 16
43451 6
43458 11
43464 16
43466 5
43473 1
43483 7
43485 8
43488 14
43495 4
43503 5
43509 8
43511 14
43518 19
43520 17
43522 2
43532 9
43534 21
43538 18
43539 17
43541 19
43543 2
43552 17
43554 12
43560 11
43566 3
43573 11
43579 10
43580 9
43581 11
43587 16
43589 9
43590 18
43591 20
43593 17
43595 12
43601 18
43602 2
43612 7
43615 18
43616 18
43617 17
43619 15
43621 15
43623 14
43628 12
43635 12
43642 7
43644 12
43651 10
43653 13
43658 20
43660 18
43661 5
43667 10
43670 17
43672 4
43679 12
43687 12
43694 15
43696 11
43702 18
43703 5
43710 16
43712 11
43718 12
43725 16
43727 11
43733 21
43737 12
43745 10
43747 12
43755 16
43757 7
43760 13
43766 11
43773 18
43774 17
43776 7
43778 5
43784 16
43786 3
43793 17
43795 8
43799 11
43805 14
43812 15
43814 18
43815 15
43817 12
43824 8
43827 15
43829 18
43830 16
43832 11
43839 18
43840 10
43842 16
43844 5
43851 6
43857 20
43859 9
43860 20
43862 18
43863 11
43869 18
43870 20
43872 4
43878 21
43882 14
43889 7
43891 7
43894 14
43900 3
43907 11
43914 18
43915 13
43920 12
43926 19
43928 18
43929 19
43931 12
43938 3
43945 4
43953 18
43954 4
43961 20
43963 7
43966 17
43968 20
43970 13
43976 12
43982 7
43985 7
43988 8
43991 17
43993 12
44000 4
44007 11
44014 18
44015 12
44022 16
44024 13
44030 20
44032 6
44039 6
44046 7
44049 20
44051 18
44052 9
44053 21
44057 8
44059 16
44061 18
44062 11
44068 16
44070 19
44072 11
44079 4
44087 21
44091 18
44092 11
44099 9
44101 21
44105 18
44106 12
44114 6
44121 15
44123 10
44126 6
44133 18
44134 12
44142 3
44149 21
44153 8
44156 17
44158 19
44160 15
44162 16
44164 1
44174 18
44175 1
44184 19
44186 9
44187 14
44193 12
44200 7
44202 3
44208 20
44210 19
44212 10
44214 14
44220 12
44227 3
44234 8
44236 15
44238 15
44240 5
44246 6
44253 11
44260 11
44266 16
44268 6
44276 21
44280 18
44281 7
44283 7
44285 21
44289 16
44291 18
44292 10
44295 7
44297 21
44301 19
44303 16
44305 11
44312 6
44319 7
44321 5
44327 10
44329 12
44336 12
44343 15
44345 20
44347 20
44349 10
44350 14
44355 14
44361 16
44363 14
44369 11
44375 12
44383 20
44385 13
44390 2
44399 18
44400 12
44407 11
44413 11
44419 11
44425 17
44427 11
44434 13
44440 10
44443 9
44444 21
44448 12
44455 1
44465 7
44468 7
44470 1
44479 2
44488 8
44491 12
44498 6
44505 11
44512 11
44519 13
44524 2
44533 12
44539 12
44546 16
44548 2
44558 17
44560 13
44566 21
44570 9
44571 9
44573 21
44577 12
44584 8
44587 7
44590 4
44598 11
44604 6
44612 17
44614 4
44622 6
44630 3
44637 18
44638 19
44640 12
44646 4
44653 18
44654 20
44656 17
44658 5
44664 7
44667 18
44668 16
44670 18
44671 12
44678 2
44688 14
44694 16
44696 17
44698 12
44705 8
44707 18
44708 11
44715 21
44719 11
44725 15
44727 8
44730 1
44739 2
44750 9
44751 11
44758 3
44764 20
44766 8
44769 2
44780 1
44789 8
44792 15
44794 20
44796 12
44803 18
44804 14
44810 10
44812 11
44819 18
44820 14
44826 8
44830 12
44836 6
44842 9
44843 18
44844 20
44846 10
44847 4
44854 21
44858 4
44865 4
44872 8
44874 11
44881 11
44888 15
44890 2
44901 18
44902 11
44908 8
44910 8
44912 6
44919 11
44926 5
44933 1
44943 19
44945 11
44951 3
44958 16
44960 16
44962 11
44969 11
44975 17
44977 8
44981 18
44982 21
44986 14
44991 15
44993 5
45000 14
45006 20
45008 10
45010 6
45016 9
45017 14
45024 17
45026 1
45035 12
45042 15
45044 21
45048 11
45054 11
45061 9
45063 17
45065 21
45069 1
45078 4
45084 18
45085 11
45092 10
45093 15
45095 11
45101 12
45107 15
45109 12
45117 11
45123 8
45127 3
45134 18
45135 1
45145 14
45150 17
45152 7
45154 12
45162 20
45164 16
45166 9
45168 11
45174 1
45184 3
45190 15
45192 11
45198 1
45208 6
45215 20
45217 20
45219 3
45226 12
45233 1
45242 21
45246 15
45248 21
45252 20
45254 5
45260 18
45261 8
45264 12
45271 5
45278 10
45279 1
45289 12
45297 3
45304 18
45305 11
45312 3
45319 9
45321 12
45327 13
45332 3
45338 15
45340 13
45345 12
45352 16
45354 2
45364 3
45371 11
45378 20
45380 11
45386 12
45393 17
45395 14
45400 18
45401 18
45402 13
45408 9
45410 9
45411 6
45418 11
45424 17
45426 18
45427 8
45429 16
45431 11
45437 3
45444 11
45451 12
45458 16
45460 6
45467 17
45469 9
45470 15
45472 1
45481 16
45483 8
45487 12
45494 7
45496 10
45498 11
45504 9
45505 5
45512 4
45519 12
45527 18
45528 1
45538 15
45540 11
45546 7
45548 18
45549 9
45550 13
45556 12
45562 3
45568 17
45570 17
45572 4
45580 15
45582 17
45584 13
45589 12
45597 18
45598 12
45605 11
45612 9
45613 17
45615 2
45624 18
45625 2
45636 16
45638 11
45644 19
45646 15
45648 19
45650 2
45659 18
45660 11
45667 7
45669 6
45677 18
45678 3
45685 12
45691 11
45697 4
45703 3
45709 21
45713 11
45719 14
45724 11
45731 8
45734 1
45743 6
45750 13
45755 7
45757 18
45758 12
45765 3
45771 18
45772 12
45779 11
45786 12
45793 8
45796 20
45798 11
45805 11
45811 18
45812 11
45818 9
45820 20
45822 14
45828 14
45834 19
45836 21
45840 2
45849 12
45856 10
45858 11
45865 4
45872 1
45881 20
45883 15
45885 5
45892 2
45902 14
45908 20
45910 6
45917 11
45924 11
45931 20
45933 11
45939 17
45941 2
45952 1
45962 7
45964 12
45972 12
45978 21
45982 9
45984 19
45986 4
45993 11
45999 1
46008 19
46010 1
46020 8
46023 18
46024 14
46030 16
46032 11
46038 11
46044 13
46049 13
46054 1
46064 12
46072 16
46074 10
46075 7
46077 2
46088 11
46095 1
46105 18
46106 6
46113 1
46123 8
46125 11
46131 5
46138 17
46140 13
46145 19
46147 18
46148 14
46154 12
46161 14
46167 20
46169 18
46170 17
46172 12
46179 10
46180 18
46181 1
46191 20
46193 14
46198 2
46209 11
46215 12
46222 17
46224 20
46226 11
46233 20
46235 6
46241 7
46244 12
46252 8
46254 21
46258 9
46260 14
46266 11
46272 7
46274 2
46283 18
46284 11
46291 5
46298 16
46300 14
46306 13
46312 16
46314 18
46315 20
46317 18
46318 2
46328 20
46330 9
46332 18
46333 3
46339 19
46341 11
46348 2
46357 20
46359 18
46360 6
46368 21
46372 12
46378 12
46386 14
46392 4
46399 21
46403 8
46405 1
46415 5
46422 17
46424 20
46426 14
46432 12
46439 11
46446 20
46448 11
46455 14
46461 5
46467 17
46469 11
46476 20
46478 11
46484 21
46488 12
46494 15
46496 4
46502 5
46508 18
46509 18
46510 5
46517 20
46519 1
46528 6
46535 2
46546 11
46552 18
46553 15
46555 2
46565 15
46567 16
46569 9
46571 12
46579 16
46581 8
46583 18
46584 18
46585 11
46592 11
46598 20
46600 1
46609 20
46611 15
46613 18
46614 12
46620 15
46622 20
46624 19
46626 1
46636 14
46641 5
46647 19
46649 21
46653 12
46660 17
46662 16
46664 6
46671 10
46674 3
46680 20
46682 10
46685 12
