10000
1 5
5 11
12 16
14 13
20 4
28 3
33 12
39 9
40 18
41 1
50 7
53 11
58 14
65 12
69 11
75 12
81 6
89 12
93 10
96 18
97 16
99 3
104 16
106 14
113 12
117 16
119 2
128 12
132 1
140 12
144 12
150 11
155 6
163 12
169 16
171 3
176 16
178 11
185 12
191 12
199 17
201 9
203 2
210 5
216 8
218 3
222 8
224 19
226 13
232 12
238 21
242 9
243 8
247 11
251 17
253 9
255 20
257 11
264 13
269 5
273 11
279 12
285 15
287 12
295 17
297 6
303 2
312 5
317 21
321 13
327 14
334 12
338 17
340 5
345 11
349 11
353 19
354 11
358 12
364 18
365 1
372 17
374 14
379 4
383 14
387 11
394 2
403 3
407 11
411 11
416 2
425 7
427 10
430 20
431 10
432 16
434 17
436 6
440 2
449 5
454 11
458 4
462 16
464 18
465 16
467 11
473 18
474 3
478 12
482 5
487 18
488 5
494 20
496 9
498 5
503 11
510 11
517 15
519 1
528 6
536 12
540 5
544 7
546 18
547 12
551 6
557 15
559 19
561 6
569 13
575 16
577 18
578 12
586 15
588 18
589 11
594 18
595 2
604 19
606 20
607 11
613 4
619 11
624 19
626 4
632 19
633 9
634 20
636 9
638 3
645 17
647 12
653 15
655 9
656 20
657 4
665 14
669 12
675 13
680 13
685 15
687 19
689 15
691 4
699 12
705 7
707 9
709 8
711 7
713 9
715 15
717 4
721 19
723 7
726 15
728 6
732 7
734 15
736 7
738 19
739 15
741 7
744 15
746 11
752 19
753 8
755 2
762 1
771 2
780 10
781 21
785 12
793 1
802 8
804 18
805 10
808 17
810 2
817 11
824 17
826 12
830 12
836 4
842 21
846 18
847 21
851 15
853 18
854 8
856 10
857 11
863 18
864 18
865 4
869 10
872 8
874 18
875 3
882 15
884 17
886 12
892 4
896 16
898 7
901 18
902 11
907 4
913 12
919 21
923 6
931 19
932 11
939 16
941 20
942 21
946 17
948 13
954 10
955 6
961 12
967 20
969 10
970 11
976 14
983 12
991 9
992 9
993 5
998 9
1000 15
1002 9
1003 18
1004 16
1006 14
1012 12
1020 16
1022 8
1026 6
1032 18
1033 19
1035 12
1041 12
1047 9
1048 6
1052 12
1056 14
1060 10
1061 11
1065 18
1066 2
1075 19
1076 21
1080 6
1084 20
1086 2
1095 12
1103 18
1104 14
1110 10
1111 11
1118 1
1125 11
1130 17
1132 1
1140 8
1144 21
1148 15
1150 14
1157 11
1163 1
1172 9
1173 4
1179 5
1186 12
1192 5
1197 10
1200 9
1202 11
1207 15
1209 9
1210 11
1217 13
1221 12
1225 9
1226 18
1227 21
1231 21
1235 9
1237 4
1241 5
1245 1
1253 17
1255 7
1257 7
1259 21
1263 21
1267 12
1271 12
1277 18
1278 2
1285 16
1287 16
1289 19
1290 7
1293 15
1295 9
1296 4
1302 16
1304 12
1312 12
1318 20
1320 11
1325 20
1327 18
1328 20
1329 14
1334 21
1338 21
1342 11
1346 3
1353 12
1359 9
1360 21
1364 10
1365 11
1372 11
1376 11
1381 10
1384 12
1392 12
1398 8
1402 3
1409 9
1411 4
1419 12
1425 18
1426 6
1432 15
1434 11
1438 12
1444 5
1449 13
1455 19
1456 12
1462 11
1468 2
1479 11
1486 14
1490 9
1491 21
1495 18
1496 17
1498 10
1501 13
1505 20
1507 12
1515 6
1521 2
1532 19
1533 11
1539 11
1545 17
1547 11
1553 16
1555 10
1558 10
1559 2
1566 18
1567 9
1568 21
1572 16
1574 15
1576 6
1582 11
1588 21
1592 20
1594 11
1599 20
1600 17
1602 9
1603 13
1608 3
1614 9
1616 10
1619 11
1623 15
1625 10
1628 6
1634 9
1636 4
1644 10
1647 8
1651 10
1652 16
1654 11
1660 9
1661 18
1662 2
1671 11
1677 20
1679 14
1685 9
1686 8
1690 16
1692 12
1698 12
1706 1
1714 12
1720 12
1726 12
1732 2
1741 15
1743 17
1745 18
1746 15
1748 2
1757 8
1761 20
1762 14
1766 16
1768 14
1775 11
1779 11
1786 4
1794 21
1798 4
1806 17
1808 17
1810 17
1812 14
1818 4
1824 18
1825 18
1826 19
1828 8
1830 5
1836 1
1846 14
1853 8
1857 18
1858 19
1860 7
1862 17
1864 11
1870 21
1874 12
1882 20
1884 11
1891 11
1898 18
1899 19
1900 16
1902 21
1906 12
1912 18
1913 9
1914 3
1918 4
1924 20
1925 15
1927 9
1929 8
1933 3
1937 11
1944 10
1945 14
1952 5
1958 11
1962 3
1969 3
1973 21
1977 18
1978 12
1984 11
1988 13
1992 12
1998 5
2004 13
2009 8
2011 12
2019 8
2021 13
2025 15
2027 18
2028 4
2036 5
2041 15
2043 5
2047 20
2048 11
2053 19
2055 5
2059 11
2063 3
2068 9
2069 17
2071 12
2077 2
2088 12
2096 12
2104 15
2106 20
2107 3
2112 12
2120 20
2122 15
2124 10
2127 16
2129 14
2134 15
2136 12
2140 12
2144 6
2150 8
2154 11
2161 12
2167 20
2169 16
2171 21
2175 16
2177 11
2183 14
2190 12
2196 17
2198 17
2200 11
2204 2
2213 19
2215 4
2221 8
2225 17
2227 9
2228 18
2229 8
2233 20
2234 11
2238 10
2239 14
2244 9
2245 15
2247 3
2252 7
2255 18
2256 6
2264 4
2270 18
2271 14
2277 7
2279 11
2285 17
2287 11
2294 14
2300 15
2302 14
2306 9
2307 18
2308 11
2315 18
2316 11
2320 8
2324 21
2328 12
2336 6
2344 18
2345 5
2349 11
2356 1
2365 13
2370 3
2375 14
2380 15
2382 9
2383 18
2384 15
2386 8
2388 5
2392 18
2393 15
2395 15
2397 11
2404 8
2408 13
2413 11
2418 18
2419 1
2426 21
2430 13
2435 15
2437 1
2445 1
2454 16
2456 16
2458 18
2459 4
2463 13
2468 11
2474 19
2475 7
2477 12
2483 1
2490 8
2492 18
2493 21
2497 1
2505 9
2507 3
2513 13
2518 16
2520 18
2521 11
2528 7
2530 21
2534 12
2540 20
2541 12
2549 11
2554 9
2555 11
2560 2
2571 16
2573 6
2579 11
2586 4
2590 12
2598 15
2600 2
2607 7
2610 12
2616 12
2622 9
2624 11
2628 1
2638 7
2640 21
2644 19
2645 8
2649 8
2651 1
2660 19
2661 19
2663 3
2668 20
2670 4
2676 18
2677 14
2682 12
2686 18
2687 6
2693 11
2698 19
2700 2
2707 14
2712 15
2714 17
2716 3
2722 1
2732 4
2738 16
2740 13
2745 11
2749 11
2756 11
2763 12
2769 5
2776 8
2780 7
2783 8
2787 14
2792 16
2794 11
2801 14
2807 13
2813 13
2818 11
2822 3
2827 21
2831 17
2833 12
2839 21
2843 12
2847 13
2852 20
2854 15
2856 11
2860 6
2866 20
2867 1
2875 12
2881 14
2886 11
2891 16
2893 18
2894 6
2902 18
2903 1
2910 11
2916 18
2917 5
2922 3
2927 9
2928 4
2934 19
2936 12
2944 5
2951 12
2957 11
2964 8
2966 12
2972 11
2976 4
2980 11
2987 3
2992 2
3001 11
3006 6
3010 20
3012 11
3017 7
3020 10
3023 11
3030 11
3037 9
3039 3
3043 13
3049 2
3058 13
3062 12
3068 20
3069 18
3070 3
3077 10
3078 15
3080 2
3089 11
3093 4
3099 18
3100 5
3105 11
3111 18
3112 17
3114 20
3115 20
3117 3
3124 5
3128 18
3129 18
3130 10
3133 16
3135 21
3139 21
3143 11
3147 5
3154 20
3155 20
3157 9
3159 11
3166 14
3170 14
3175 12
3179 12
3183 15
3185 11
3189 18
3190 16
3192 18
3193 6
3199 13
3203 14
3207 15
3209 11
3215 18
3216 13
3222 9
3224 3
3230 12
3236 11
3241 16
3243 20
3244 11
3251 9
3253 17
3255 18
3256 20
3257 4
3265 15
3267 10
3270 12
3276 12
3280 12
3286 1
3295 12
3303 5
3310 21
3314 1
3321 14
3326 6
3330 13
3335 11
3342 15
3344 6
3352 9
3354 10
3357 12
3365 11
3370 5
3375 20
3376 12
3382 4
3390 18
3391 18
3392 21
3396 11
3400 1
3407 14
3414 4
3420 6
3428 20
3429 8
3433 2
3442 21
3446 4
3452 12
3458 19
3460 13
3464 15
3466 13
3471 12
3477 11
3483 3
3487 6
3491 5
3496 21
3500 18
3501 12
3505 1
3515 8
3519 8
3523 1
3533 15
3535 17
3537 11
3541 16
3543 11
3548 5
3555 8
3557 6
3563 16
3565 18
3566 21
3570 2
3577 18
3578 1
3587 16
3589 8
3591 7
3593 19
3595 18
3596 10
3599 3
3605 9
3607 21
3611 14
3618 18
3619 9
3620 1
3630 16
3632 9
3634 11
3639 3
3645 11
3650 16
3652 12
3658 10
3661 6
3667 7
3669 11
3675 21
3679 11
3684 6
3688 9
3689 11
3695 12
3699 12
3703 7
3706 11
3711 11
3715 18
3716 11
3721 4
3727 12
3733 15
3735 15
3737 17
3739 11
3743 4
3749 11
3756 8
3760 11
3764 19
3765 16
3767 18
3768 21
3772 2
3783 10
3784 13
3788 19
3790 11
3797 21
3801 18
3802 5
3807 3
3814 19
3815 4
3823 16
3825 13
3830 13
3835 12
3843 6
3847 17
3849 11
3853 1
3861 5
3865 11
3871 12
3875 17
3877 1
3886 19
3887 15
3889 11
3895 16
3897 3
3904 21
3908 15
3910 20
3912 12
3918 7
3920 12
3924 17
3926 18
3927 21
3931 11
3936 12
3942 13
3947 18
3948 18
3949 16
3951 12
3957 14
3962 11
3968 7
3970 11
3975 12
3983 12
3991 3
3995 6
4001 12
4007 17
4009 13
4014 16
4016 9
4018 20
4020 15
4022 18
4023 12
4031 6
4037 12
4043 16
4045 14
4052 7
4054 12
4058 9
4059 7
4062 19
4064 17
4066 12
4072 12
4078 11
4085 16
4087 12
4091 3
4095 17
4097 12
4103 11
4108 19
4110 15
4112 3
4118 12
4124 8
4126 2
4133 12
4139 18
4140 12
4144 14
4149 8
4151 11
4157 5
4164 14
4171 18
4172 16
4174 12
4182 5
4186 2
4193 2
4202 11
4207 16
4209 1
4219 7
4222 4
4228 8
4230 19
4232 1
4242 6
4250 20
4251 5
4258 9
4259 12
4267 13
4271 12
4279 15
4281 19
4282 13
4286 1
4296 11
4303 1
4312 12
4318 10
4321 3
4328 6
4334 15
4336 18
4337 7
4340 11
4346 11
4351 18
4352 18
4353 14
4357 9
4359 12
4365 11
4372 10
4373 3
4377 20
4378 11
4382 14
4388 12
4394 17
4396 10
4399 10
4400 13
4406 10
4409 6
4415 2
4426 13
4432 8
4434 20
4435 1
4445 18
4446 5
4450 18
4451 12
4455 14
4459 14
4464 11
4470 12
4474 7
4477 10
4480 6
4488 18
4489 10
4490 11
4495 15
4497 5
4504 8
4506 21
4510 12
4518 18
4519 14
4525 15
4527 13
4533 12
4539 1
4548 14
4554 2
4563 17
4565 8
4569 3
4573 10
4574 6
4580 12
4588 18
4589 21
4593 7
4595 1
4603 5
4609 20
4610 15
4612 9
4613 16
4615 18
4616 19
4618 15
4620 11
4625 12
4631 5
4638 17
4640 19
4642 7
4644 18
4645 3
4650 14
4657 9
4659 18
4660 1
4668 18
4669 8
4673 8
4675 11
4682 12
4688 1
4696 14
4701 11
4707 6
4711 10
4714 5
4719 2
4730 14
4734 16
4736 6
4744 11
4748 18
4749 15
4751 9
4753 20
4755 1
4764 20
4766 9
4768 13
4773 1
4780 2
4789 6
4795 20
4796 12
4800 6
4806 7
4809 21
4813 4
4817 13
4822 18
4823 12
4829 18
4830 5
4835 12
4841 12
4847 6
4855 18
4856 20
4857 21
4861 7
4863 5
4870 19
4872 16
4874 19
4876 10
4879 2
4888 14
4892 18
4893 13
4899 15
4901 18
4902 6
4908 2
4915 19
4917 13
4922 12
4928 8
4930 21
4934 5
4939 12
4945 11
4950 21
4954 19
4955 6
4959 12
4965 18
4966 2
4975 13
4980 6
4986 10
4987 13
4991 8
4993 18
4994 4
5000 7
5003 3
5008 5
5014 13
5018 21
5022 18
5023 2
5034 18
5035 15
5037 12
5041 14
5046 10
5047 21
5051 1
5060 11
5064 16
5066 11
5073 12
5077 8
5081 7
5083 17
5085 20
5087 12
5093 17
5095 19
5097 19
5098 12
5104 20
5105 15
5107 17
5109 20
5111 12
5119 12
5127 11
5131 1
5139 13
5145 16
5147 18
5148 5
5153 18
5154 20
5155 5
5161 12
5169 15
5171 12
5175 7
5177 17
5179 7
5182 3
5187 9
5188 12
5194 9
5196 11
5203 16
5205 13
5209 11
5215 5
5220 10
5221 4
5229 11
5235 19
5237 6
5245 16
5247 17
5249 3
5253 12
5259 11
5264 6
5268 17
5270 11
5275 4
5281 17
5283 16
5285 7
5287 17
5289 11
5293 3
5299 8
5301 11
5308 12
5314 12
5322 11
5326 21
5330 10
5331 18
5332 5
5338 2
5349 13
5355 18
5356 11
5362 12
5368 10
5371 20
5373 12
5381 19
5383 18
5384 3
5390 15
5392 7
5395 20
5396 21
5400 18
5401 15
5403 2
5412 17
5414 18
5415 20
5417 7
5419 15
5421 17
5423 11
5430 12
5436 8
5438 6
5446 14
5453 13
5458 19
5460 7
5463 17
5465 12
5471 12
5477 2
5486 20
5488 2
5497 12
5505 20
5507 17
5509 10
5512 5
5518 9
5519 21
5523 7
5525 15
5527 13
5532 11
5539 12
5545 15
5547 19
5548 4
5552 1
5560 17
5562 13
5567 16
5569 1
5576 12
5584 19
5586 21
5590 9
5591 11
5596 1
5604 21
5608 9
5609 12
5617 10
5618 5
5622 12
5630 11
5634 20
5635 18
5636 15
5638 6
5642 17
5644 12
5650 14
5654 12
5660 3
5667 18
5668 9
5670 8
5672 21
5676 20
5678 4
5684 14
5688 21
5692 18
5693 6
5699 12
5705 8
5709 5
5713 19
5715 11
5720 12
5726 10
5729 11
5733 17
5735 2
5746 8
5750 7
5752 10
5753 11
5758 6
5764 21
5768 12
5774 11
5781 6
5787 4
5791 2
5802 21
5806 18
5807 15
5809 3
5813 10
5814 12
5822 10
5823 4
5829 12
5835 21
5839 14
5843 9
5844 10
5847 2
5856 3
5863 5
5870 11
5877 9
5879 15
5881 12
5887 19
5889 11
5893 11
5900 9
5902 9
5903 11
5908 14
5913 21
5917 19
5918 7
5920 2
5927 11
5932 20
5934 11
5940 10
5941 11
5947 14
5954 18
5955 18
5956 3
5961 14
5965 12
5971 11
5975 4
5981 12
5989 13
5995 11
6002 17
6004 20
6006 7
6009 14
6013 21
6017 7
6019 2
6026 11
6033 16
6035 14
6041 14
6045 16
6047 12
6051 16
6053 13
6058 6
6066 11
6070 12
6076 8
6078 8
6082 12
6088 4
6094 12
6102 16
6104 12
6112 16
6114 7
6116 18
6117 8
6121 14
6125 12
6131 16
6133 16
6135 5
6140 20
6141 18
6142 18
6143 9
6144 12
6152 11
6158 19
6160 20
6161 19
6163 20
6164 11
6171 14
6176 18
6177 18
6178 12
6184 21
6188 1
6196 11
6202 11
6206 20
6208 12
6214 11
6220 13
6226 3
6233 2
6244 1
6252 21
6256 5
6263 3
6270 2
6281 1
6288 13
6292 14
6296 12
6302 2
6311 8
6315 15
6317 5
6322 21
6326 6
6330 9
6331 14
6338 14
6344 16
6346 18
6347 5
6354 18
6355 15
6357 12
6363 1
6373 18
6374 16
6376 18
6377 6
6383 11
6390 3
6397 13
6402 3
6408 11
6412 7
6414 11
6418 16
6420 16
6422 11
6426 12
6432 11
6439 16
6441 19
6443 20
6445 11
6449 21
6453 19
6454 18
6455 12
6461 12
6465 6
6473 13
6478 20
6479 19
6480 21
6484 12
6490 9
6492 9
6494 8
6496 20
6497 12
6503 2
6512 7
6514 15
6516 17
6518 19
6519 6
6527 3
6533 9
6534 2
6543 4
6549 11
6556 12
6562 1
6570 21
6574 12
6578 18
6579 18
6580 1
6589 5
6596 2
6603 19
6605 17
6607 19
6608 6
6614 2
6625 3
6629 18
6630 18
6631 2
6640 17
6642 6
6650 18
6651 12
6657 12
6663 11
6668 16
6670 19
6672 17
6674 21
6678 20
6679 12
6685 16
6687 11
6691 20
6693 4
6699 19
6701 8
6705 6
6713 12
6721 11
6726 21
6730 12
6738 6
6746 18
6747 15
6749 21
6753 13
6758 1
6765 12
6771 9
6773 12
6781 19
6782 7
6785 4
6791 11
6797 17
6799 11
6805 11
6812 6
6818 18
6819 11
6826 8
6830 13
6836 12
6842 17
6844 10
6847 19
6848 13
6852 11
6859 13
6864 10
6865 12
6871 17
6873 6
6877 3
6882 9
6883 6
6889 15
6891 13
6896 1
6904 18
6905 12
6909 15
6911 13
6916 21
6920 1
6928 11
6932 7
6934 15
6936 18
6937 4
6945 17
6947 19
6948 14
6954 18
6955 16
6957 19
6959 11
6965 16
6967 18
6968 19
6970 12
6976 2
6985 9
6986 21
6990 15
6992 18
6993 1
7000 9
7002 1
7009 20
7011 16
7013 8
7015 2
7022 9
7024 7
7026 20
7027 11
7034 11
7040 8
7042 5
7048 13
7052 10
7055 11
7059 17
7061 12
7067 1
7075 14
7079 8
7081 14
7085 5
7089 14
7093 6
7101 7
7104 12
7108 11
7113 3
7117 2
7124 10
7125 14
7130 17
7132 17
7134 11
7139 2
7148 1
7155 20
7157 2
7166 16
7168 11
7174 11
7180 15
7182 6
7186 10
7189 18
7190 1
7197 11
7201 18
7202 17
7204 12
7210 21
7214 15
7216 17
7218 15
7220 5
7226 11
7231 7
7234 9
7236 12
7240 2
7247 10
7248 21
7252 16
7254 21
7258 11
7265 6
7273 5
7280 11
7285 19
7287 7
7290 4
7296 14
7301 21
7305 9
7306 3
7311 12
7319 15
7321 14
7325 6
7333 11
7338 3
7344 17
7346 5
7352 13
7357 18
7358 16
7360 12
7366 11
7373 5
7380 11
7386 11
7390 7
7392 9
7394 16
7396 18
7397 15
7399 5
7406 18
7407 9
7409 20
7410 12
7416 11
7420 10
7423 8
7425 11
7431 8
7433 15
7435 18
7436 12
7440 6
7446 10
7447 12
7455 15
7457 5
7464 20
7466 18
7467 13
7472 17
7474 10
7475 4
7481 12
7487 20
7489 13
7495 17
7497 1
7506 21
7510 4
7516 12
7522 14
7528 9
7530 16
7532 4
7538 18
7539 16
7541 8
7543 14
7550 21
7554 12
7560 17
7562 11
7567 4
7573 1
7580 6
7586 2
7593 16
7595 21
7599 17
7601 20
7602 10
7603 20
7605 18
7606 5
7610 10
7611 18
7612 6
7618 8
7622 1
7629 20
7630 17
7632 8
7636 10
7639 8
7643 12
7647 15
7649 14
7656 20
7657 3
7661 20
7663 7
7666 2
7675 18
7676 19
7678 5
7683 19
7684 14
7690 11
7696 17
7698 9
7699 15
7701 14
7706 4
7710 2
7721 11
7728 20
7729 11
7734 21
7738 10
7739 7
7741 19
7743 17
7745 12
7751 16
7753 16
7755 10
7756 11
7760 2
7767 21
7771 11
7776 11
7782 16
7784 21
7788 14
7795 4
7801 10
7802 3
7807 8
7811 13
7816 20
7818 16
7820 21
7824 11
7828 5
7832 18
7833 6
7837 19
7839 20
7841 3
7845 12
7849 7
7852 12
7858 11
7863 8
7865 9
7867 6
7873 18
7874 6
7880 13
7886 10
7887 20
7889 17
7891 9
7893 7
7895 9
7896 16
7898 9
7899 4
7905 2
7916 13
7921 8
7925 8
7927 4
7933 14
7937 14
7941 9
7942 13
7948 12
7952 7
7955 21
7959 11
7966 18
7967 15
7969 9
7971 12
7975 15
7977 16
7979 12
7983 3
7990 11
7994 20
7995 5
8001 12
8009 16
8011 12
8015 18
8016 7
8019 8
8023 2
8034 12
8042 2
8049 7
8051 1
8059 12
8067 11
8072 10
8075 17
8077 7
8079 2
8086 3
8093 17
8095 5
8102 12
8108 14
8115 4
8121 7
8124 11
8131 10
8132 11
8137 17
8139 15
8141 9
8142 19
8144 13
8148 9
8150 17
8152 19
8154 4
8160 5
8164 8
8166 15
8168 1
8176 5
8181 15
8183 10
8184 14
8188 21
8192 18
8193 7
8196 17
8198 4
8204 19
8205 18
8206 21
8210 11
8217 1
8225 3
8230 12
8238 3
8242 14
8247 9
8249 16
8251 1
8260 11
8267 7
8270 1
8280 4
8284 2
8293 9
8294 11
8300 1
8310 6
8316 9
8317 21
8321 7
8323 5
8330 5
8336 7
8338 3
8344 11
8351 8
8353 2
8364 18
8365 12
8371 1
8380 14
8386 11
8391 18
8392 18
8393 12
8399 18
8400 9
8401 18
8402 8
8404 10
8405 14
8411 16
8413 13
8418 11
8425 8
8427 19
8429 11
8435 12
8439 10
8440 10
8443 11
8449 3
8456 18
8457 18
8458 8
8460 16
8462 9
8463 16
8465 14
8470 1
8479 18
8480 14
8487 1
8495 7
8498 7
8501 11
8506 11
8513 12
8519 4
8525 12
8533 21
8537 11
8542 13
8547 10
8548 17
8550 16
8552 18
8553 6
8559 2
8566 11
8570 2
8579 11
8586 5
8592 13
8598 14
8602 12
8610 2
8619 12
8625 8
8627 19
8629 3
8634 16
8636 1
8643 6
8651 4
8657 14
8662 17
8664 17
8666 14
8673 21
8677 12
8681 12
8689 14
8693 12
8699 14
8703 7
8705 19
8707 5
8713 2
8724 9
8725 11
8732 21
8736 8
8740 2
8749 6
8757 16
8759 1
8768 16
8770 3
8776 9
8778 17
8780 2
8791 21
8795 11
8799 12
8803 3
8810 7
8812 13
8818 9
8819 5
8825 6
8831 12
8837 11
8841 21
8845 11
8849 11
8856 1
8866 4
8872 16
8874 5
8881 5
8885 9
8886 11
8893 8
8895 2
8904 4
8910 16
8912 16
8914 18
8915 17
8917 16
8919 11
8925 17
8927 11
8933 13
8937 15
8939 18
8940 5
8944 19
8945 10
8948 10
8949 2
8958 19
8960 15
8962 11
8969 8
8973 3
8978 11
8983 12
8989 6
8993 7
8996 8
8998 14
9002 10
9005 14
9009 13
9013 19
9014 11
9018 15
9020 11
9024 17
9026 12
9034 11
9040 12
9048 16
9050 3
9056 10
9059 17
9061 14
9066 15
9068 9
9069 7
9072 19
9074 12
9080 16
9082 9
9083 20
9084 20
9085 16
9087 9
9089 20
9090 5
9097 18
9098 16
9100 17
9102 8
9106 20
9107 15
9109 19
9111 1
9120 13
9126 16
9128 14
9133 18
9134 21
9138 17
9140 13
9144 16
9146 15
9148 18
9149 4
9155 14
9160 11
9167 13
9173 11
9177 1
9185 12
9191 12
9197 11
9201 4
9207 7
9209 11
9216 10
9219 4
9225 12
9229 15
9231 15
9233 21
9237 2
9244 5
9248 6
9252 16
9254 4
9260 10
9261 9
9263 9
9264 13
9269 5
9273 12
9281 4
9287 19
9289 12
9295 14
9301 21
9305 15
9307 5
9314 12
9320 3
9325 19
9327 5
9333 4
9337 7
9339 21
9343 16
9345 1
9352 2
9361 16
9363 13
9368 13
9373 8
9375 11
9382 18
9383 8
9387 14
9394 12
9398 12
9404 1
9411 10
9412 19
9413 14
9418 18
9419 16
9421 3
9427 16
9429 19
9430 9
9431 8
9433 1
9441 18
9442 18
9443 11
9447 18
9448 10
9449 16
9451 8
9455 9
9456 20
9457 20
9459 17
9461 11
9466 4
9474 18
9475 13
9481 16
9483 19
9484 7
9487 10
9490 20
9492 17
9494 13
9498 12
9502 11
9507 16
9509 21
9513 12
9521 13
9526 12
9534 18
9535 12
9539 3
9545 11
9552 3
9557 6
9563 11
9569 10
9570 14
9574 11
9581 21
9585 15
9587 13
9592 13
9597 21
9601 11
9606 12
9612 20
9613 8
9615 19
9616 12
9622 10
9623 11
9629 5
9633 13
9637 18
9638 11
9643 15
9645 11
9652 15
9654 15
9656 5
9663 11
9667 10
9670 16
9672 17
9674 11
9678 14
9685 9
9686 11
9693 18
9694 16
9696 16
9698 3
9704 7
9706 3
9711 18
9712 5
9719 14
9724 7
9727 12
9731 21
9735 18
9736 16
9738 3
9743 21
9747 5
9752 2
9759 9
9760 10
9763 1
9771 11
9778 12
9784 12
9788 21
9792 2
9803 1
9811 13
9817 11
9822 17
9824 16
9826 11
9832 13
9837 11
9843 20
9845 16
9847 11
9852 4
9858 6
9866 7
9868 12
9874 10
9875 13
9880 4
9884 15
9886 3
9892 10
9895 12
9899 11
9905 11
9909 11
9914 20
9916 11
9923 15
9925 12
9931 6
9937 12
9941 9
9942 17
9944 8
9946 18
9947 6
9953 11
9957 18
9958 18
9959 5
9964 3
9968 8
9970 13
9976 13
9981 17
9983 19
9985 12
9993 15
9995 5
9999 11
10005 7
10008 5
10012 12
10018 18
10019 11
10025 10
10026 1
10033 18
10034 9
10035 2
10046 11
10053 15
10055 6
10063 9
10065 3
10071 18
10072 20
10073 7
10076 14
10083 4
10089 7
10091 20
10093 2
10104 11
10108 2
10119 11
10125 3
10130 4
10136 20
10137 17
10139 7
10142 10
10145 21
10149 20
10150 20
10151 19
10152 19
10154 18
10155 14
10162 13
10166 19
10168 14
10175 5
10180 16
10182 11
10188 13
10193 18
10194 17
10196 4
10200 8
10204 11
10210 12
10218 2
10227 9
10228 7
10231 16
10233 20
10234 3
10241 20
10242 11
10248 21
10252 18
10253 8
10257 16
10259 18
10260 8
10264 3
10270 12
10278 14
10284 18
10285 9
10286 21
10290 5
10296 5
10303 11
10309 9
10311 18
10312 20
10313 6
10317 12
10323 9
10325 10
10326 11
10331 12
10337 8
10341 14
10346 11
10350 18
10351 2
10362 21
10366 19
10367 16
10369 17
10371 14
10376 10
10379 21
10383 1
10390 17
10392 11
10396 18
10397 15
10399 11
10403 6
10409 6
10413 1
10423 3
10429 13
10435 8
10439 16
10441 18
10442 4
10448 15
10450 1
10459 11
10463 15
10465 2
10476 3
10483 2
10490 6
10496 5
10503 3
10510 3
10514 2
10525 12
10531 9
10532 10
10533 16
10535 17
10537 18
10538 7
10540 12
10544 10
10545 7
10548 17
10550 10
10553 6
10559 5
10565 18
10566 19
10568 14
10572 15
10574 21
10578 5
10585 16
10587 18
10588 4
10594 12
10600 17
10602 20
10604 15
10606 4
10610 12
10618 18
10619 18
10620 20
10622 20
10623 12
10629 5
10634 16
10636 9
10637 11
10643 6
10651 2
10660 8
10664 14
10670 11
10677 1
10685 11
10689 6
10695 11
10700 15
10702 16
10704 21
10708 7
10711 6
10717 11
10723 16
10725 18
10726 12
10732 7
10734 12
10738 13
10743 1
10751 3
10756 9
10758 8
10762 9
10763 6
10771 2
10780 8
10782 19
10783 15
10785 10
10788 12
10794 10
10797 19
10798 2
10805 11
10812 21
10816 11
10822 2
10831 18
10832 9
10833 19
10834 20
10835 12
10841 9
10842 11
10848 20
10850 11
10854 5
10859 5
10864 14
10868 2
10875 13
10880 17
10882 18
10883 6
10891 19
10892 12
10896 9
10897 20
10899 11
10904 2
10913 10
10916 21
10920 15
10922 21
10926 11
10933 11
10940 9
10942 9
10943 13
10948 19
10949 14
10953 12
10961 8
10965 11
10971 4
10979 6
10987 12
10993 5
10999 1
11008 14
11012 18
11013 5
11017 18
11018 12
11024 6
11032 18
11033 14
11039 11
11044 16
11046 18
11047 2
11054 18
11055 6
11061 14
11066 15
11068 7
11071 5
11078 14
11082 8
11086 2
11095 1
11105 15
11107 11
11112 21
11116 14
11123 12
11129 1
11139 7
11142 4
11146 5
11153 18
11154 6
11160 3
11166 6
11172 10
11175 7
11178 12
11186 3
11190 18
11191 14
11196 5
11202 16
11204 8
11206 1
11213 17
11215 12
11223 12
11231 9
11232 11
11236 13
11242 12
11248 21
11252 19
11253 2
11260 12
11266 17
11268 13
11272 14
11277 2
11286 12
11294 13
11298 18
11299 8
11301 17
11303 1
11311 18
11312 11
11317 12
11323 11
11330 9
11331 20
11333 12
11339 11
11343 9
11344 19
11346 9
11347 9
11348 20
11350 13
11355 6
11363 16
11365 1
11373 15
11375 12
11383 12
11387 18
11388 14
11392 5
11399 11
11406 10
11409 21
11413 8
11417 20
11418 13
11422 16
11424 16
11426 15
11428 1
11438 12
11444 11
11450 5
11454 19
11456 16
11458 15
11460 15
11462 15
11464 18
11465 8
11469 2
11476 11
11480 3
11484 12
11490 18
11491 11
11496 14
11503 12
11509 20
11510 9
11511 9
11513 18
11514 13
11519 9
11521 17
11523 18
11524 16
11526 11
11530 12
11536 9
11538 18
11539 3
11545 9
11546 1
11553 13
11559 12
11567 12
11573 6
11577 6
11581 12
11587 11
11592 17
11594 10
11595 16
11597 9
11599 9
11601 5
11606 5
11612 12
11616 8
11618 1
11627 11
11634 8
11638 17
11640 9
11641 12
11647 6
11653 12
11657 12
11663 19
11664 8
11666 12
11672 19
11674 8
11676 14
11682 11
11689 11
11693 4
11699 20
11700 18
11701 18
11702 11
11708 12
11714 12
11722 5
11729 11
11733 9
11734 5
11738 18
11739 18
11740 7
11742 17
11744 2
11751 17
11753 18
11754 9
11755 16
11757 9
11759 15
11761 6
11767 13
11772 13
11777 8
11779 3
11786 14
11792 10
11795 21
11799 9
11801 14
11806 10
11809 12
11813 2
11820 6
11824 19
11826 12
11832 11
11836 19
11838 18
11839 15
11841 16
11843 14
11847 13
11852 12
11858 13
11862 11
11868 9
11870 2
11879 13
11884 16
11886 10
11889 11
11893 3
11900 20
11902 11
11906 12
11914 18
11915 2
11924 16
11926 18
11927 3
11934 15
11936 18
11937 16
11939 5
11945 18
11946 19
11947 7
11949 4
11957 20
11958 18
11959 11
11964 4
11970 12
11976 16
11978 18
11979 1
11986 5
11991 4
11999 17
12001 12
12007 3
12013 15
12015 18
12016 20
12017 18
12018 11
12022 2
12029 8
12033 14
12038 15
12040 5
12046 3
12053 11
12057 19
12058 3
12062 8
12064 3
12070 9
12072 15
12074 14
12080 15
12082 13
12086 13
12091 4
12095 4
12101 17
12103 11
12108 17
12110 11
12117 2
12124 11
12129 13
12135 7
12138 13
12144 12
12148 20
12149 13
12155 18
12156 16
12158 11
12163 9
12164 11
12168 2
12175 3
12182 19
12184 12
12188 11
12193 12
12197 11
12202 10
12205 1
12214 11
12221 8
12223 11
12228 11
12234 5
12240 21
12244 14
12249 19
12250 19
12251 7
12254 12
12262 11
12267 10
12268 11
12272 3
12276 1
12283 12
12289 12
12293 11
12300 4
12304 18
12305 2
12314 3
12321 15
12323 20
12325 6
12331 13
12336 12
12344 1
12353 11
12360 11
12364 18
12365 11
12372 8
12376 11
12383 4
12389 20
12391 19
12393 20
12395 16
12397 3
12404 2
12413 21
12417 12
12421 3
12425 16
12427 9
12429 15
12431 11
12437 11
12444 15
12446 8
12448 12
12456 18
12457 5
12463 11
12467 20
12469 10
12472 16
12474 6
12478 9
12480 18
12481 1
12488 2
12495 7
12498 3
12503 5
12509 12
12517 18
12518 7
12521 11
12528 18
12529 11
12535 11
12539 1
12548 12
12554 13
12560 5
12565 20
12567 8
12569 4
12577 3
12584 15
12586 19
12588 21
12592 16
12594 18
12595 15
12597 13
12602 16
12604 9
12606 18
12607 4
12611 12
12617 17
12619 10
12620 15
12622 1
12629 17
12631 17
12633 4
12639 15
12641 12
12645 12
12649 12
12657 12
12661 18
12662 4
12668 19
12669 18
12670 15
12672 12
12680 2
12689 3
12695 12
12701 20
12702 15
12704 5
12709 20
12711 18
12712 9
12714 11
12719 7
12721 7
12724 14
12730 12
12736 12
12744 18
12745 1
12755 9
12757 1
12766 3
12770 7
12772 9
12774 11
12779 12
12787 18
12788 2
12799 18
12800 9
12801 14
12808 17
12810 17
12812 13
12816 17
12818 14
12823 5
12828 12
12832 1
12840 3
12847 8
12851 19
12853 13
12858 15
12860 18
12861 18
12862 6
12868 3
12872 10
12875 12
12879 12
12887 21
12891 9
12893 8
12895 17
12897 18
12898 3
12903 5
12909 11
12914 18
12915 5
12922 17
12924 12
12930 4
12934 19
12936 18
12937 16
12939 16
12941 2
12952 20
12953 14
12959 16
12961 5
12967 17
12969 12
12977 2
12986 15
12988 12
12994 18
12995 17
12997 11
13001 9
13002 16
13004 3
13010 18
13011 16
13013 11
13018 4
13026 4
13034 3
13039 18
13040 11
13044 13
13048 15
13050 12
13054 7
13056 7
13058 18
13059 18
13060 2
13069 11
13073 11
13077 12
13085 13
13091 8
13095 11
13102 19
13104 17
13106 15
13108 21
13112 1
13119 18
13120 8
13122 6
13130 12
13136 6
13142 11
13148 17
13150 13
13154 8
13156 13
13160 17
13162 1
13170 11
13174 4
13178 12
13184 21
13188 12
13194 18
13195 12
13201 8
13203 12
13211 17
13213 21
13217 20
13219 21
13223 2
13232 4
13240 11
13246 12
13252 12
13256 3
13261 8
13263 16
13265 18
13266 15
13268 16
13270 13
13275 3
13280 13
13285 6
13291 21
13295 5
13300 7
13302 17
13304 6
13308 6
13312 1
13319 8
13321 1
13329 20
13330 5
13334 10
13337 7
13340 10
13341 8
13345 14
13351 17
13353 3
13358 1
13366 10
13367 3
13373 6
13379 10
13380 9
13381 9
13382 12
13388 3
13394 16
13396 18
13397 16
13399 1
13407 2
13416 15
13418 21
13422 7
13424 12
13432 20
13434 19
13436 18
13437 12
13441 21
13445 8
13449 11
13455 8
13457 13
13461 1
13468 18
13469 8
13471 5
13478 9
13479 3
13484 11
13491 11
13496 11
13500 1
13507 17
13509 8
13513 20
13515 9
13517 19
13518 7
13521 15
13523 17
13525 12
13531 17
13533 15
13535 19
13537 18
13538 19
13540 13
13544 7
13546 11
13550 11
13557 3
13561 18
13562 7
13565 11
13571 18
13572 15
13574 8
13576 15
13578 20
13580 12
13586 4
13592 11
13596 6
13602 21
13606 18
13607 19
13609 11
13614 1
13621 4
13625 1
13633 2
13644 4
13652 17
13654 9
13656 3
13661 14
13665 17
13667 12
13675 10
13676 12
13682 6
13686 7
13688 17
13690 18
13691 1
13701 5
13707 2
13718 6
13722 17
13724 1
13731 7
13733 12
13739 6
13747 9
13748 5
13752 7
13754 18
13755 9
13757 9
13759 11
13763 9
13765 5
13769 14
13773 14
13780 21
13784 10
13787 6
13791 12
13797 17
13799 4
13805 15
13807 20
13809 9
13811 14
13816 2
13827 2
13838 18
13839 12
13845 17
13847 10
13848 11
13855 17
13857 11
13862 12
13870 14
13874 21
13878 12
13886 11
13892 5
13896 12
13902 20
13904 4
13910 12
13916 11
13920 17
13922 14
13929 20
13931 20
13933 9
13935 16
13937 11
13941 12
13949 16
13951 11
13958 11
13962 17
13964 12
13970 7
13972 2
13981 21
13985 19
13987 12
13993 15
13995 6
14001 5
14007 3
14011 15
14013 14
14020 7
14023 15
14025 18
14026 14
14032 15
14034 16
14036 21
14040 7
14043 1
14051 11
14055 4
14059 16
14061 1
14068 12
14076 12
14080 11
14086 9
14087 3
14092 17
14094 18
14095 12
14103 4
14107 7
14110 9
14112 11
14119 11
14123 11
14130 18
14131 16
14133 9
14135 19
14136 12
14140 10
14141 9
14142 3
14147 13
14153 11
14158 3
14162 2
14173 15
14175 4
14183 11
14188 20
14189 3
14194 1
14204 16
14206 12
14212 12
14216 19
14218 8
14220 16
14222 3
14227 18
14228 6
14232 16
14234 11
14240 2
14251 11
14258 13
14264 19
14265 19
14267 11
14271 13
14276 15
14278 19
14279 9
14281 1
14291 18
14292 11
14296 20
14297 11
14302 16
14304 11
14310 2
14317 3
14323 11
14328 5
14332 4
14338 13
14342 20
14343 17
14345 19
14347 5
14352 16
14354 2
14363 11
14370 11
14374 17
14376 17
14378 16
14380 12
14386 6
14392 18
14393 19
14394 3
14398 16
14400 2
14411 5
14417 8
14421 3
14425 15
14427 13
14433 13
14437 19
14439 18
14440 12
14446 4
14452 21
14456 19
14458 2
14469 6
14475 14
14479 3
14483 11
14489 11
14496 13
14502 5
14507 17
14509 12
14513 12
14517 15
14519 9
14520 6
14526 18
14527 9
14528 9
14530 17
14532 3
14536 8
14540 20
14541 10
14542 6
14550 5
14555 3
14559 6
14567 8
14571 19
14573 1
14581 7
14584 5
14590 11
14595 19
14597 11
14602 5
14606 2
14613 15
14615 20
14616 21
14620 6
14628 17
14630 9
14632 11
14636 10
14639 7
14641 17
14643 11
14650 16
14652 12
14658 4
14664 5
14668 6
14672 16
14674 11
14679 5
14686 11
14692 18
14693 18
14694 14
14699 12
14705 5
14709 15
14711 19
14713 10
14714 1
14721 11
14725 7
14727 20
14728 18
14729 8
14731 18
14732 11
14738 18
14739 8
14743 3
14747 10
14750 19
14752 4
14756 6
14762 10
14765 16
14767 10
14768 2
14777 1
14786 4
14794 3
14800 21
14804 14
14809 5
14813 3
14820 21
14824 9
14825 12
14833 15
14835 7
14838 16
14840 4
14848 10
14851 18
14852 5
14858 12
14862 12
14870 15
14872 14
14877 3
14883 6
14891 21
14895 16
14897 18
14898 13
14903 4
14907 11
14912 7
14915 12
14921 17
14923 15
14925 14
14930 10
14931 13
14937 13
14942 15
14944 2
14955 2
14964 11
14970 18
14971 10
14972 1
14979 17
14981 5
14988 11
14993 19
14994 19
14995 10
14996 2
15003 16
15005 6
15009 9
15010 10
15013 20
15014 5
15021 14
15028 3
15033 7
15035 11
15041 17
15043 5
15047 12
15051 15
15053 18
15054 15
15056 14
15062 4
15068 10
15071 4
15077 8
15079 8
15081 11
15085 20
15086 9
15087 9
15088 13
15093 15
15095 18
15096 12
15102 4
15108 2
15117 17
15119 17
15121 15
15123 12
15131 6
15139 19
15141 19
15142 10
15143 5
15148 17
15150 19
15151 10
15152 9
15154 19
15156 3
15163 17
15165 11
15172 19
15173 11
15180 11
15187 2
15196 4
15200 11
15206 1
15216 12
15224 20
15225 3
15231 12
15237 11
15242 17
15244 2
15253 10
15254 2
15263 6
15269 6
15273 18
15274 2
15283 11
15287 16
15289 14
15294 1
15301 11
15307 8
15311 14
15317 11
15321 11
15325 3
15329 5
15334 2
15345 17
15347 2
15356 7
15359 7
15362 12
15368 11
15373 5
15379 21
15383 12
15391 13
15395 9
15397 15
15399 3
15406 8
15410 4
15416 18
15417 3
15422 11
15426 15
15428 12
15434 14
15439 14
15445 11
15451 9
15452 11
15457 17
15459 2
15470 1
15480 12
15488 1
15496 5
15501 12
15507 12
15511 2
15522 12
15526 19
15527 5
15534 21
15538 18
15539 19
15540 2
15549 16
15551 11
15558 11
15562 11
15566 8
15570 10
15573 18
15574 11
15580 6
15588 20
15589 14
15593 3
15597 1
15607 8
15611 8
15613 3
15619 5
15626 12
15632 3
15639 7
15642 18
15643 12
15649 20
15651 3
15655 4
15661 1
15670 4
15676 13
15682 11
15689 12
15697 13
15702 12
15708 20
15710 1
15717 16
15719 11
15726 7
15728 11
15732 18
15733 18
15734 9
15735 13
15741 11
15745 4
15751 11
15756 16
15758 6
15764 20
15766 11
15772 16
15774 3
15779 2
15790 13
15794 17
15796 11
15803 20
15805 20
15806 11
15810 18
15811 11
15816 11
15821 4
15825 10
15828 11
15833 11
15837 11
15844 8
15848 12
15854 21
15858 2
15867 12
15873 16
15875 18
15876 8
15878 20
15879 12
15887 11
15891 11
15897 1
15904 11
15908 12
15912 17
15914 8
15916 11
15922 4
15928 6
15934 11
15941 11
15946 12
15952 20
15954 9
15956 4
15962 2
15969 4
15977 21
15981 17
15983 20
15984 2
15993 14
15998 17
16000 15
16002 12
16006 2
16015 18
16016 21
16020 21
16024 15
16026 3
16033 18
16034 2
16043 21
16047 8
16049 18
16050 15
16052 6
16060 9
16062 2
16069 3
16074 20
16075 14
16081 1
16088 14
16094 8
16096 17
16098 3
16105 21
16109 8
16111 15
16113 11
16118 12
16126 5
16132 11
16139 13
16143 15
16145 9
16146 12
16154 12
16162 20
16164 12
16172 1
16181 12
16187 12
16191 6
16197 1
16207 12
16211 9
16212 12
16220 1
16228 5
16232 16
16234 17
16236 12
16244 11
16251 1
16260 4
16268 12
16274 1
16284 18
16285 5
16290 14
16295 21
16299 2
16308 17
16310 9
16311 11
16315 15
16317 19
16318 13
16322 14
16328 18
16329 9
16330 10
16333 11
16337 15
16339 4
16343 18
16344 20
16346 9
16347 1
16357 11
16361 11
16365 6
16373 2
16380 11
16386 6
16394 13
16398 16
16400 18
16401 13
16406 1
16415 9
16417 15
16419 6
16425 13
16429 19
16431 4
16437 1
16445 15
16447 21
16451 5
16457 2
16466 12
16472 6
16478 18
16479 12
16487 19
16488 9
16489 15
16491 19
16493 11
16498 14
16502 11
16507 18
16508 2
16519 20
16521 7
16524 18
16525 1
16533 7
16535 3
16541 16
16543 12
16547 15
16549 11
16555 11
16560 16
16562 7
16564 9
16565 12
16571 13
16577 16
16579 17
16581 11
16587 4
16595 3
16602 9
16604 11
16610 16
16612 18
16613 7
16616 15
16618 17
16620 12
16626 2
16633 19
16635 11
16641 11
16646 7
16649 20
16650 7
16653 3
16658 17
16660 9
16661 4
16667 12
16673 7
16676 15
16678 8
16680 16
16682 8
16684 11
16690 4
16696 5
16702 1
16712 8
16714 10
16717 9
16718 14
16724 3
16731 3
16737 5
16744 13
16748 15
16750 6
16758 9
16759 13
16763 21
16767 5
16773 10
16776 3
16782 12
16786 7
16788 14
16793 10
16796 8
16798 4
16804 14
16809 9
16810 21
16814 18
16815 3
16821 12
16829 5
16836 8
16840 10
16841 11
16846 18
16847 18
16848 1
16857 16
16859 6
16867 9
16869 7
16871 13
16876 10
16877 7
16880 10
16881 12
16885 4
16891 9
16893 10
16894 5
16900 12
16906 11
16910 8
16912 8
16916 11
16921 16
16923 1
16930 21
16934 18
16935 7
16938 17
16940 16
16942 14
16946 9
16948 10
16951 11
16955 9
16957 14
16961 12
16967 11
16974 2
16983 11
16988 10
16989 4
16997 12
17003 2
17012 9
17014 6
17020 16
17022 3
17028 4
17032 8
17034 11
17040 20
17041 12
17045 12
17051 4
17057 20
17059 15
17061 5
17066 20
17067 13
17072 17
17074 8
17078 11
17085 20
17086 12
17092 10
17093 12
17097 10
17098 19
17099 12
17103 11
17107 13
17112 14
17118 15
17120 10
17123 1
17132 6
17140 12
17146 3
17150 4
17156 13
17161 15
17163 20
17165 11
17172 9
17174 13
17179 17
17181 17
17183 11
17188 3
17192 1
17201 6
17205 12
17209 13
17214 21
17218 6
17226 11
17231 18
17232 9
17233 12
17239 1
17247 1
17255 9
17256 11
17263 6
17271 7
17273 10
17276 5
17283 11
17289 8
17293 15
17295 5
17300 20
17301 20
17302 11
17306 2
17315 7
17317 1
17325 2
17334 21
17338 11
17343 13
17348 18
17349 18
17350 16
17352 18
17353 15
17355 6
17361 12
17365 14
17369 3
17374 9
17376 15
17378 20
17379 18
17380 8
17384 18
17385 14
17390 10
17393 20
17395 12
17399 7
17402 1
17412 1
17419 20
17420 13
17426 10
17429 3
17435 12
17439 20
17441 2
17448 11
17453 12
17459 15
17461 6
17467 3
17474 11
17478 15
17480 9
17481 8
17483 12
17487 15
17489 18
17490 5
17494 9
17496 12
17500 12
17506 16
17508 12
17514 4
17522 11
17529 2
17536 4
17540 14
17547 12
17553 16
17555 21
17559 8
17561 11
17565 16
17567 9
17568 14
17573 13
17578 11
17584 4
17590 3
17597 12
17603 19
17605 19
17606 1
17614 6
17622 9
17624 13
17630 5
17636 1
17643 10
17646 8
17650 11
17654 11
17661 1
17669 16
17671 2
17680 7
17682 11
17688 20
17689 5
17693 16
17695 16
17697 11
17704 11
17711 18
17712 18
17713 2
17722 17
17724 20
17726 17
17728 11
17733 8
17737 21
17741 6
17745 11
17750 6
17758 7
17761 13
17767 13
17772 5
17778 9
17779 11
17784 19
17786 10
17789 3
17796 15
17798 9
17799 8
17803 11
17810 1
17819 19
17820 18
17821 12
17829 8
17833 20
17834 18
17835 10
17836 17
17838 6
17844 18
17845 12
17849 16
17851 5
17856 4
17860 13
17865 2
17874 4
17880 15
17882 2
17891 13
17896 13
17901 6
17909 12
17915 21
17919 12
17927 18
17928 20
17929 13
17935 6
17941 5
17948 9
17949 12
17953 6
17957 19
17958 15
17960 4
17964 2
17973 1
17981 2
17988 15
17990 21
17994 14
18001 8
18005 17
18007 17
18009 13
18015 4
18021 20
18022 8
18024 18
18025 14
18032 12
18040 2
18049 16
18051 8
18053 13
18058 2
18067 20
18068 18
18069 8
18073 15
18075 16
18077 20
18079 18
18080 17
18082 19
18084 2
18091 13
18095 3
18102 18
18103 13
18108 20
18109 5
18116 14
18120 2
18129 18
18130 6
18136 15
18138 18
18139 6
18145 11
18151 3
18155 11
18161 2
18170 11
18174 13
18180 3
18186 10
18187 9
18189 6
18195 17
18197 16
18199 19
18200 18
18201 4
18209 14
18214 11
18219 12
18225 10
18228 6
18234 11
18239 11
18246 12
18250 8
18252 20
18254 18
18255 4
18263 7
18265 10
18268 11
18273 10
18276 12
18282 6
18290 18
18291 16
18293 17
18295 15
18297 9
18298 5
18303 12
18311 6
18317 11
18321 3
18325 6
18329 12
18335 18
18336 11
18340 10
18341 3
18348 6
18356 11
18362 9
18364 20
18366 13
18372 16
18374 21
18378 20
18380 12
18386 18
18387 18
18388 7
18391 18
18392 12
18398 15
18400 6
18408 11
18412 5
18419 1
18426 21
18430 18
18431 18
18432 3
18437 7
18439 11
18445 10
18448 12
18454 13
18459 18
18460 5
18467 1
18477 12
18483 13
18488 18
18489 14
18493 12
18497 9
18498 6
18502 12
18510 2
18519 8
18521 11
18526 5
18531 11
18537 9
18538 12
18544 15
18546 20
18548 19
18549 18
18550 7
18552 11
18559 18
18560 11
18565 12
18573 7
18576 11
18583 12
18591 18
18592 2
18601 21
18605 15
18607 21
18611 11
18617 12
18625 19
18627 3
18634 2
18645 11
18652 11
18658 15
18660 2
18667 21
18671 21
18675 2
18686 12
18692 11
18696 19
18697 11
18702 17
18704 2
18711 19
18712 1
18719 12
18725 8
18729 21
18733 20
18734 21
18738 20
18740 21
18744 9
18746 11
18751 6
18757 2
18766 11
18772 11
18776 5
18780 21
18784 5
18790 8
18794 11
18801 11
18806 5
18812 9
18814 5
18820 16
18822 7
18824 12
18828 14
18832 11
18839 15
18841 15
18843 15
18845 1
18852 11
18856 18
18857 2
18868 16
18870 12
18876 2
18887 13
18892 11
18898 6
18904 20
18905 10
18908 11
18915 3
18922 16
18924 10
18925 13
18929 11
18934 11
18939 12
18945 1
18954 4
18960 20
18961 10
18964 17
18966 8
18970 4
18976 6
18982 20
18984 1
18993 18
18994 1
19003 11
19008 19
19009 2
19018 12
19022 11
19028 14
19033 5
19040 7
19043 1
19052 11
19056 2
19067 16
19069 13
19074 2
19083 4
19087 12
19091 11
19096 11
19100 16
19102 14
19109 11
19114 11
19118 1
19125 13
19130 9
19132 18
19133 18
19134 11
19140 11
19145 11
19150 19
19151 1
19161 5
19165 18
19166 6
19172 7
19175 18
19176 17
19178 11
19182 13
19187 18
19188 9
19190 18
19191 13
19196 11
19201 14
19207 7
19209 21
19213 3
19218 8
19220 15
19222 7
19224 15
19226 21
19230 12
19236 21
19240 17
19242 4
19248 18
19249 20
19251 14
19257 18
19258 5
19262 8
19264 1
19273 1
19282 21
19286 17
19288 15
19290 3
19297 1
19306 7
19308 20
19309 6
19317 1
19325 17
19327 7
19329 5
19334 11
19338 11
19344 12
19348 6
19354 9
19356 1
19366 7
19369 2
19376 14
19383 11
19387 5
19393 20
19394 6
19400 19
19401 21
19405 20
19406 19
19407 20
19408 3
19415 11
19422 5
19426 8
19428 9
19430 11
19435 11
19439 14
19444 5
19450 12
19456 11
19463 17
19465 2
19474 11
19480 12
19484 18
19485 18
19486 3
19493 17
19495 10
19496 4
19502 20
19504 3
19510 11
19515 14
19522 21
19526 3
19531 1
19539 12
19545 10
19546 11
19553 6
19557 12
19565 5
19569 2
19576 15
19578 11
19582 20
19584 17
19586 16
19588 6
19596 8
19598 12
19606 15
19608 5
19612 12
19618 8
19622 15
19624 17
19626 8
19628 21
19632 6
19636 2
19645 16
19647 2
19656 11
19660 8
19664 21
19668 10
19669 2
19678 16
19680 3
19684 3
19691 20
19693 2
19702 12
19708 1
19716 3
19721 15
19723 2
19732 18
19733 12
19739 19
19741 13
19747 12
19753 3
19760 16
19762 2
19771 21
19775 11
19779 18
19780 12
19786 15
19788 7
19791 13
19797 15
19799 12
19805 8
19809 7
19811 15
19813 10
19814 18
19815 15
19817 9
19818 7
19820 15
19822 3
19827 14
19832 17
19834 3
19840 18
19841 12
19847 12
19853 12
19859 17
19861 13
19866 12
19870 9
19872 12
19876 7
19878 12
19884 13
19888 1
19896 12
19900 3
19907 6
19915 17
19917 5
19921 19
19923 7
19926 4
19930 7
19932 11
19938 7
19940 1
19949 11
19954 13
19960 2
19971 2
19978 11
19982 16
19984 18
19985 13
19991 11
19996 12
20002 20
20003 3
20008 9
20010 12
20016 19
20017 3
20021 2
20030 5
20036 19
20038 21
20042 15
20044 19
20046 9
20048 13
20053 13
20059 8
20063 11
20068 2
20075 4
20083 3
20090 2
20097 5
20103 4
20111 1
20119 15
20121 19
20123 17
20125 16
20127 13
20132 18
20133 5
20140 4
20148 8
20150 20
20152 19
20153 12
20157 14
20162 11
20166 11
20173 11
20179 17
20181 11
20186 12
20194 4
20198 19
20199 16
20201 7
20203 11
20210 15
20212 8
20214 14
20219 16
20221 15
20223 17
20225 17
20227 3
20232 18
20233 8
20235 6
20241 17
20243 11
20248 4
20252 1
20262 18
20263 21
20267 15
20269 3
20273 17
20275 16
20277 14
20284 2
20295 12
20299 13
20304 7
20307 3
20314 11
20320 4
20324 1
20334 13
20338 13
20344 10
20347 17
20349 11
20355 14
20360 4
20368 2
20377 15
20379 14
20386 18
20387 18
20388 10
20391 16
20393 3
20399 18
20400 11
20405 16
20407 11
20411 9
20412 6
20416 11
20420 2
20431 17
20433 1
20440 11
20444 19
20445 17
20447 11
20451 8
20455 11
20461 1
20470 6
20476 14
20483 11
20487 12
20493 11
20500 6
20504 12
20508 12
20516 16
20518 6
20526 13
20531 1
20539 6
20545 18
20546 21
20550 2
20561 4
20569 21
20573 12
20581 12
20589 20
20591 11
20597 12
20603 18
20604 21
20608 18
20609 11
20616 19
20618 17
20620 15
20622 7
20624 15
20626 3
20633 6
20637 15
20639 6
20645 20
20646 6
20654 8
20656 17
20658 15
20660 13
20665 11
20669 14
20675 15
20677 12
20681 11
20687 11
20691 7
20694 3
20698 12
20704 12
20712 12
20718 4
20724 10
20725 20
20726 14
20732 5
20737 18
20738 9
20739 15
20741 1
20749 6
20755 12
20761 12
20767 5
20774 12
20780 21
20784 15
20786 11
20792 12
20796 16
20798 11
20805 18
20806 10
20809 18
20810 7
20812 16
20814 4
20822 19
20823 11
20827 5
20832 15
20834 13
20839 15
20841 4
20849 7
20851 7
20853 2
20862 18
20863 8
20865 20
20867 11
20871 4
20875 12
20881 3
20886 18
20887 17
20889 16
20891 11
20895 1
20904 7
20906 11
20912 11
20918 12
20926 5
20932 4
20936 9
20937 21
20941 9
20943 18
20944 16
20946 11
20952 4
20958 8
20962 11
20967 14
20974 20
20976 4
20982 10
20983 2
20994 14
21001 12
21005 5
21012 18
21013 19
21014 11
21021 15
21023 16
21025 3
21031 20
21032 19
21034 2
21045 4
21049 15
21051 4
21057 18
21058 13
21062 10
21065 19
21067 2
21078 15
21080 4
21086 15
21088 10
21089 5
21093 11
21097 14
21104 17
21106 4
21110 10
21113 11
21118 18
21119 13
21123 11
21127 15
21129 15
21131 13
21137 5
21141 4
21147 6
21153 12
21159 9
21160 12
21168 11
21172 14
21179 15
21181 12
21185 18
21186 11
21193 11
21198 15
21200 2
21211 7
21213 2
21222 18
21223 15
21225 18
21226 11
21232 20
21233 15
21235 9
21236 18
21237 5
21242 5
21246 19
21248 18
21249 2
21260 21
21264 17
21266 11
21270 19
21271 13
21277 17
21279 20
21280 10
21283 16
21285 7
21288 4
21292 12
21300 2
21309 5
21315 10
21318 11
21322 13
21328 9
21330 17
21332 18
21333 18
21334 11
21339 14
21344 11
21349 12
21357 9
21358 17
21360 11
21364 2
21373 8
21375 3
21380 12
21388 16
21390 6
21394 15
21396 18
21397 20
21399 3
21405 15
21407 6
21415 6
21423 6
21429 21
21433 12
21439 21
21443 15
21445 2
21454 20
21456 9
21458 13
21463 9
21465 4
21471 12
21477 2
21484 10
21487 11
21493 18
21494 12
21502 6
21508 1
21517 9
21519 12
21525 14
21530 18
21531 12
21537 6
21541 6
21547 13
21551 5
21558 16
21560 9
21561 3
21566 16
21568 6
21574 5
21579 1
21589 15
21591 11
21596 11
21601 16
21603 3
21608 12
21614 11
21618 3
21624 14
21628 4
21634 14
21638 1
21648 12
21652 11
21659 15
21661 18
21662 7
21665 10
21668 5
21672 19
21674 5
21678 6
21686 10
21687 15
21689 21
21693 1
21700 15
21702 8
21704 11
21710 21
21714 14
21721 2
21730 12
21736 18
21737 5
21742 18
21743 20
21744 12
21750 7
21753 12
21757 2
21766 1
21775 12
21781 12
21785 1
21793 18
21794 19
21796 3
21803 19
21804 6
21810 12
21816 1
21824 18
21825 13
21829 18
21830 12
21838 10
21841 2
21848 21
21852 12
21860 21
21864 18
21865 21
21869 17
21871 4
21879 12
21885 16
21887 11
21891 2
21898 5
21902 6
21910 12
21916 12
21924 11
21931 2
21940 20
21942 5
21946 18
21947 9
21949 16
21951 12
21955 11
21959 11
21964 9
21965 11
21972 16
21974 5
21980 3
21984 18
21985 12
21993 9
21994 12
22000 12
22008 9
22009 12
22013 14
22018 19
22019 12
22023 18
22024 3
22028 15
22030 5
22037 9
22039 14
22043 11
22049 4
22055 18
22056 17
22058 16
22060 12
22068 12
22074 21
22078 9
22079 6
22085 3
22092 11
22098 21
22102 10
22105 8
22107 11
22111 9
22113 11
22118 13
22123 1
22130 10
22131 14
22135 11
22140 3
22147 14
22154 1
22162 18
22163 3
22170 12
22176 18
22177 7
22179 12
22185 2
22194 14
22201 4
22205 7
22207 16
22209 7
22212 5
22218 11
22223 19
22224 18
22225 7
22228 9
22229 16
22231 12
22239 20
22241 20
22242 9
22244 21
22248 6
22252 3
22259 13
22265 12
22271 7
22274 17
22276 11
22280 13
22284 13
22289 19
22290 18
22291 13
22296 20
22297 19
22299 21
22303 2
22312 3
22316 3
22321 14
22328 5
22333 1
22341 4
22347 2
22354 18
22355 4
22361 7
22363 11
22370 11
22375 9
22377 3
22382 15
22384 6
22390 7
22393 6
22399 18
22400 11
22406 16
22408 16
22410 18
22411 7
22414 11
22420 12
22428 21
22432 1
22441 17
22443 4
22451 10
22454 13
22458 21
22462 6
22470 13
22476 17
22478 14
22485 9
22487 15
22489 15
22491 15
22493 10
22496 18
22497 11
22502 6
22506 13
22512 13
22516 6
22524 18
22525 18
22526 21
22530 11
22535 11
22540 21
22544 11
22550 13
22556 3
22562 16
22564 6
22570 4
22576 8
22578 12
22584 7
22586 12
22592 18
22593 14
22600 3
22604 11
22610 19
22612 7
22615 12
22623 4
22627 16
22629 16
22631 2
22640 11
22645 4
22649 17
22651 9
22652 21
22656 10
22659 6
22665 11
22672 13
22676 12
22680 21
22684 14
22691 1
22700 5
22707 2
22714 8
22718 20
22720 19
22721 1
22728 17
22730 14
22734 17
22736 17
22738 18
22739 2
22748 18
22749 21
22753 7
22756 4
22762 21
22766 10
22769 4
22775 19
22776 4
22782 17
22784 18
22785 15
22787 11
22791 5
22795 12
22801 8
22805 19
22807 11
22813 11
22820 4
22826 9
22827 11
22831 13
22836 12
22840 2
22847 20
22849 10
22852 12
22856 10
22859 16
22861 17
22863 3
22870 1
22880 4
22884 3
22891 11
22896 5
22902 20
22903 21
22907 12
22913 3
22920 9
22922 4
22928 3
22935 5
22942 11
22948 7
22950 12
22956 8
22960 3
22966 17
22968 5
22973 12
22981 16
22983 5
22990 18
22991 15
22993 21
22997 21
23001 8
23003 11
23008 9
23009 18
23010 14
23015 17
23017 4
23023 9
23025 13
23031 11
23035 13
23040 7
23042 20
23044 9
23045 6
23051 11
23058 9
23059 12
23067 16
23069 20
23071 18
23072 15
23074 12
23078 2
23087 16
23089 14
23094 10
23097 14
23103 11
23109 18
23110 16
23112 1
23121 5
23127 11
23134 8
23136 13
23142 11
23148 6
23154 7
23157 8
23161 5
23166 10
23167 18
23168 10
23169 13
23174 1
23184 18
23185 4
23189 13
23194 11
23199 14
23205 8
23207 1
23217 9
23219 19
23221 14
23228 15
23230 16
23232 5
23237 18
23238 15
23240 13
23245 10
23246 20
23247 18
23248 20
23250 14
23254 15
23256 14
23263 18
23264 9
23266 12
23272 14
23277 18
23278 18
23279 19
23280 20
23282 11
23287 20
23289 12
23293 16
23295 20
23297 7
23300 14
23305 19
23307 13
23312 15
23314 15
23316 15
23318 8
23322 14
23329 10
23332 15
23334 10
23337 20
23338 18
23339 9
23340 9
23341 11
23346 2
23357 18
23358 11
23362 11
23367 10
23368 5
23372 11
23377 7
23379 2
23386 21
23390 11
23397 2
23404 20
23406 18
23407 11
23412 13
23417 11
23423 10
23424 15
23426 18
23427 11
23431 20
23432 9
23433 2
23440 18
23441 6
23447 1
23457 9
23458 7
23461 11
23465 13
23471 21
23475 9
23477 20
23478 11
23484 16
23486 3
23490 3
23497 15
23499 14
23504 9
23506 18
23507 11
23512 11
23518 11
23525 9
23527 2
23538 9
23540 12
23544 21
23548 16
23550 2
23561 17
23563 21
23567 11
23573 5
23579 18
23580 5
23584 18
23585 12
23591 5
23596 11
23600 13
23605 21
23609 7
23612 16
23614 10
23615 12
23621 19
23623 11
23628 14
23633 12
23639 11
23644 18
23645 17
23647 9
23648 12
23656 11
23661 4
23665 4
23671 10
23672 11
23677 21
23681 2
23692 21
23696 17
23698 19
23700 12
23706 11
23713 16
23715 4
23723 10
23724 21
23728 18
23729 7
23731 21
23735 12
23741 17
23743 17
23745 21
23749 18
23750 5
23757 12
23765 2
23774 17
23776 7
23779 16
23781 3
23786 19
23788 21
23792 15
23794 12
23800 9
23802 17
23804 16
23806 11
23813 12
23819 15
23821 18
23822 10
23825 14
23829 16
23831 20
23832 1
23841 11
23846 2
23855 16
23857 18
23858 1
23868 8
23870 20
23872 15
23874 17
23876 12
23880 7
23882 1
23890 11
23894 11
23898 11
23904 14
23911 12
23915 12
23921 11
23926 12
23930 14
23937 3
23942 7
23945 8
23947 10
23948 2
23957 14
23963 7
23966 12
23972 12
23980 17
23982 17
23984 1
23991 3
23998 10
24001 5
24008 10
24009 16
24011 2
24018 13
24022 11
24027 12
24033 9
24034 6
24040 18
24041 5
24046 14
24052 3
24059 15
24061 11
24068 6
24076 7
24079 21
24083 9
24085 15
24087 18
24088 5
24092 4
24100 12
24106 13
24111 7
24113 12
24117 12
24123 14
24128 20
24129 1
24136 18
24137 11
24144 11
24149 12
24155 3
24159 11
24164 1
24173 21
24177 3
24181 13
24186 10
24187 8
24191 9
24192 10
24195 17
24197 2
24206 18
24207 19
24209 12
24215 6
24221 20
24223 15
24225 1
24232 20
24233 4
24239 11
24245 18
24246 5
24252 18
24253 8
24257 13
24262 11
24269 20
24271 13
24276 1
24286 11
24291 14
24296 15
24298 4
24304 10
24305 2
24314 2
24323 8
24327 2
24336 20
24337 2
24346 19
24347 12
24351 18
24352 4
24358 19
24360 4
24364 18
24365 15
24367 14
24371 11
24376 11
24382 16
24384 12
24390 18
24391 12
24397 15
24399 8
24403 11
24407 19
24408 4
24414 11
24420 12
24426 15
24428 10
24431 18
24432 11
24438 12
24442 4
24450 14
24455 10
24458 11
24465 15
24467 19
24468 11
24473 11
24477 14
24482 19
24484 3
24491 9
24493 19
24495 11
24501 20
24503 14
24507 12
24511 16
24513 18
24514 9
24516 12
24522 15
24524 6
24532 11
24536 9
24537 18
24538 13
24543 14
24549 7
24552 4
24558 10
24559 9
24560 15
24562 12
24568 12
24572 18
24573 11
24578 11
24583 18
24584 9
24586 5
24592 9
24593 2
24602 15
24604 6
24610 12
24616 18
24617 2
24626 17
24628 14
24634 5
24640 12
24644 5
24648 2
24655 18
24656 12
24664 7
24667 12
24671 5
24678 18
24679 4
24685 8
24689 4
24693 13
24697 19
24699 11
24705 4
24713 11
24717 13
24722 15
24724 11
24731 18
24732 1
24740 7
24743 3
24747 11
24752 21
24756 5
24762 14
24766 12
24772 12
24776 9
24777 11
24781 17
24783 16
24785 21
24789 17
24791 17
24793 4
24797 12
24801 11
24805 6
24809 21
24813 4
24819 11
24823 15
24825 20
24827 12
24833 8
24837 11
24844 2
24853 5
24860 18
24861 12
24867 11
24872 8
24874 8
24876 8
24878 15
24880 12
24888 11
24895 8
24897 8
24901 21
24905 11
24910 12
24918 20
24919 2
24928 15
24930 15
24932 12
24940 6
24948 6
24954 11
24960 17
24962 7
24964 21
24968 15
24970 12
24976 4
24982 19
24984 12
24992 16
24994 1
25002 7
25005 6
25009 13
25014 7
25017 18
25018 8
25022 7
25025 18
25026 12
25034 12
25038 16
25040 15
25042 3
25048 21
25052 12
25056 17
25058 14
25065 2
25074 7
25076 7
25079 9
25081 18
25082 12
25090 17
25092 18
25093 11
25100 13
25105 17
25107 16
25109 5
25114 7
25116 2
25125 16
25127 11
25131 18
25132 5
25136 18
25137 15
25139 11
25146 20
25147 6
25155 2
25164 12
25168 12
25176 6
25182 8
25186 17
25188 11
25195 4
25199 7
25201 16
25203 15
25205 13
25210 1
25217 6
25221 3
25227 19
25229 7
25232 3
25236 21
25240 7
25243 16
25245 1
25255 8
25259 12
25263 1
25270 9
25272 5
25276 21
25280 12
25286 3
25293 20
25295 12
25299 6
25305 1
25312 21
25316 11
25321 21
25325 9
25326 10
25327 10
25330 11
25337 20
25338 18
25339 18
25340 21
25344 18
25345 9
25346 19
25348 16
25350 15
25352 9
25353 4
25359 18
25360 2
25369 14
25373 8
25377 11
25384 8
25388 21
25392 16
25394 16
25396 11
25402 18
25403 3
25407 10
25408 18
25409 12
25413 3
25417 8
25421 20
25423 8
25425 6
25431 15
25433 15
25435 12
25441 10
25444 11
25450 15
25452 18
25453 11
25460 11
25466 7
25468 2
25477 1
25486 4
25492 18
25493 4
25497 9
25499 11
25506 19
25507 13
25513 16
25515 3
25520 17
25522 20
25524 21
25528 18
25529 18
25530 10
25531 7
25534 21
25538 6
25544 10
25547 9
25548 14
25554 6
25558 12
25566 7
25568 20
25569 12
25575 11
25580 16
25582 8
25584 17
25586 15
25588 3
25595 3
25602 2
25611 5
25618 3
25624 20
25626 8
25630 20
25632 15
25634 11
25638 13
25643 18
25644 15
25646 2
25657 15
25659 19
25660 2
25669 12
25677 18
25678 3
25684 12
25690 8
25694 18
25695 16
25697 6
25703 15
25705 18
25706 15
25708 4
25716 10
25717 13
25722 11
25728 19
25729 13
25733 12
25739 17
25741 15
25743 18
25744 6
25752 16
25754 18
25755 17
25757 3
25764 1
25771 19
25772 11
25776 11
25783 11
25790 4
25796 21
25800 12
25806 12
25812 17
25814 21
25818 17
25820 12
25828 16
25830 5
25834 1
25842 12
25850 12
25856 14
25862 11
25869 5
25876 20
25877 9
25878 1
25885 6
25893 1
25901 1
25911 5
25918 21
25922 12
25926 15
25928 21
25932 16
25934 19
25935 18
25936 12
25944 17
25946 11
25951 12
25959 17
25961 9
25962 13
25966 20
25967 13
25972 18
25973 18
25974 6
25980 12
25988 11
25993 7
25996 3
26001 16
26003 12
26007 11
26013 15
26015 13
26019 1
26026 9
26027 21
26031 1
26041 13
26046 9
26047 11
26051 3
26055 14
26061 9
26062 20
26064 18
26065 5
26072 2
26081 12
26087 6
26093 12
26099 1
26107 21
26111 2
26120 12
26126 3
26131 14
26138 11
26142 1
26151 18
26152 5
26157 7
26160 12
26166 8
26170 15
26172 2
26181 5
26185 12
26189 16
26191 11
26197 19
26198 13
26202 15
26204 11
26211 13
26216 2
26223 8
26225 18
26226 10
26229 15
26231 9
26233 4
26241 11
26247 19
26248 16
26250 4
26256 15
26258 1
26265 1
26272 10
26273 2
26284 17
26286 4
26294 12
26302 13
26307 14
26314 18
26315 12
26321 4
26325 17
26327 3
26334 18
26335 12
26343 17
26345 21
26349 13
26354 18
26355 15
26357 10
26358 12
26362 4
26370 4
26376 12
26382 15
26384 21
26388 12
26392 12
26396 20
26398 2
26405 2
26412 16
26414 12
26422 4
26428 15
26430 17
26432 14
26438 7
26441 18
26442 20
26443 16
26445 18
26446 17
26448 4
26456 21
26460 9
26462 18
26463 12
26469 18
26470 5
26474 10
26475 11
26480 19
26481 10
26484 1
26494 12
26500 12
26506 10
26509 4
26515 18
26516 4
26522 17
26524 12
26530 21
26534 9
26536 8
26540 18
26541 12
26547 20
26549 8
26551 7
26554 16
26556 3
26561 16
26563 20
26565 15
26567 1
26574 9
26576 13
26580 12
26584 18
26585 10
26588 12
26596 11
26600 14
26607 8
26611 16
26613 7
26615 17
26617 11
26624 8
26628 9
26629 11
26635 10
26636 18
26637 15
26639 20
26640 11
26645 19
26646 4
26654 8
26656 4
26662 19
26663 5
26667 3
26671 9
26672 19
26673 11
26678 13
26683 21
26687 11
26691 17
26693 14
26700 3
26704 10
26707 11
26711 19
26713 14
26718 10
26719 12
26727 4
26733 4
26739 18
26740 11
26744 13
26749 10
26752 21
26756 18
26757 3
26761 17
26763 18
26764 11
26770 8
26772 8
26776 14
26780 21
26784 3
26788 9
26789 19
26790 18
26791 17
26793 14
26800 11
26804 15
26806 8
26810 21
26814 1
26824 21
26828 8
26830 5
26836 11
26840 18
26841 18
26842 4
26848 16
26850 5
26854 12
26860 17
26862 11
26866 11
26872 12
26878 5
26883 7
26885 8
26887 4
26895 7
26898 2
26907 17
26909 10
26912 14
26916 7
26918 11
26923 12
26931 19
26933 18
26934 1
26941 5
26947 11
26954 13
26960 2
26967 3
26973 13
26978 10
26979 12
26985 15
26987 18
26988 1
26997 11
27001 11
27007 12
27013 16
27015 7
27018 16
27020 18
27021 4
27025 11
27031 20
27032 8
27034 3
27038 19
27040 1
27048 11
27054 9
27056 17
27058 6
27066 3
27071 10
27074 3
27081 2
27090 18
27091 13
27095 12
27101 18
27102 8
27106 10
27107 16
27109 10
27110 5
27115 18
27116 18
27117 1
27124 11
27129 17
27131 13
27135 13
27140 19
27142 15
27144 1
27151 15
27153 20
27155 11
27161 5
27167 11
27173 21
27177 20
27179 21
27183 5
27189 18
27190 20
27192 11
27197 15
27199 11
27203 2
27212 21
27216 6
27220 11
27227 12
27231 7
27234 19
27236 3
27243 12
27251 11
27258 3
27264 14
27270 13
27276 16
27278 5
27284 11
27291 12
27299 12
27305 11
27310 21
27314 17
27316 18
27317 20
27319 15
27321 11
27326 11
27331 17
27333 3
27338 9
27340 1
27349 15
27351 15
27353 1
27360 2
27369 11
27375 11
27380 13
27384 1
27393 7
27396 3
27401 11
27407 4
27413 1
27420 16
27422 7
27425 7
27428 19
27429 21
27433 2
27444 11
27448 12
27452 11
27457 15
27459 21
27463 17
27465 13
27470 11
27476 12
27480 6
27484 19
27485 8
27487 11
27491 18
27492 14
27499 19
27501 21
27505 12
27513 6
27519 8
27523 16
27525 16
27527 6
27533 2
27540 18
27541 3
27547 21
27551 19
27552 5
27556 11
27561 1
27568 9
27570 4
27576 11
27580 8
27584 2
27593 11
27597 1
27607 7
27610 19
27612 20
27613 18
27614 14
27619 1
27628 3
27635 18
27636 16
27638 11
27643 13
27648 10
27649 12
27655 4
27659 11
27663 8
27665 3
27670 11
27676 20
27678 3
27684 14
27689 14
27696 21
27700 17
27702 11
27706 11
27711 12
27719 3
27723 9
27724 11
27729 18
27730 2
27739 16
27741 17
27743 11
27749 4
27757 21
27761 21
27765 17
27767 11
27772 13
27777 7
27780 3
27784 15
27786 3
27792 8
27796 11
27803 17
27805 7
27808 10
27809 3
27813 11
27817 3
27821 13
27826 12
27832 4
27840 7
27843 11
27850 7
27853 12
27861 11
27865 11
27872 11
27878 6
27882 20
27883 10
27884 8
27886 8
27890 7
27892 11
27898 18
27899 11
27906 14
27911 11
27915 12
27919 2
27928 12
27934 3
27941 20
27942 19
27944 20
27946 2
27955 17
27957 21
27961 15
27963 3
27967 18
27968 11
27974 15
27976 3
27982 18
27983 12
27991 5
27995 19
27997 17
27999 11
28004 2
28013 12
28019 13
28025 16
28027 12
28033 5
28039 16
28041 7
28043 9
28045 15
28047 5
28052 14
28059 2
28066 19
28067 18
28068 12
28072 21
28076 10
28077 6
28083 2
28090 13
28096 2
28105 5
28111 16
28113 11
28119 6
28125 6
28131 16
28133 12
28139 7
28141 6
28147 9
28149 21
28153 1
28162 6
28168 4
28176 20
28178 12
28182 16
28184 15
28186 9
28187 12
28191 13
28197 11
28203 17
28205 19
28206 1
28214 2
28225 1
28235 3
28242 10
28245 4
28251 6
28259 5
28266 17
28268 10
28269 17
28271 10
28272 12
28278 18
28279 5
28283 19
28284 14
28289 18
28290 3
28294 12
28302 11
28308 11
28314 11
28318 10
28321 20
28323 9
28325 8
28327 11
28333 12
28339 8
28341 14
28345 11
28351 2
28360 11
28367 17
28369 6
28375 12
28381 11
28386 11
28390 21
28394 4
28402 18
28403 16
28405 21
28409 18
28410 19
28412 21
28416 3
28421 18
28422 12
28428 12
28436 6
28442 2
28449 18
28450 21
28454 5
28458 20
28460 2
28471 7
28474 3
28478 11
28485 18
28486 11
28491 2
28500 1
28507 10
28510 11
28515 21
28519 11
28525 12
28533 20
28535 12
28541 10
28542 4
28548 5
28553 17
28555 17
28557 19
28559 18
28560 1
28569 12
28575 20
28576 18
28577 18
28578 19
28580 12
28586 12
28594 11
28600 12
28606 13
28611 8
28613 10
28614 5
28620 11
28627 9
28628 12
28634 11
28640 12
28646 20
28648 17
28650 20
28651 19
28653 15
28655 2
28664 1
28673 21
28677 3
28684 4
28688 11
28694 11
28701 11
28707 6
28711 17
28713 18
28714 19
28715 2
28724 19
28725 16
28727 3
28731 7
28733 2
28742 6
28748 6
28754 6
28760 21
28764 4
28768 11
28774 11
28780 1
28787 12
28791 12
28795 7
28797 21
28801 17
28803 10
28804 21
28808 1
28818 14
28823 18
28824 12
28832 11
28838 11
28845 4
28851 21
28855 2
28864 18
28865 13
28869 12
28875 2
28886 7
28888 4
28892 21
28896 15
28898 3
28904 17
28906 20
28908 19
28910 17
28912 8
28916 11
28923 17
28925 14
28932 8
28936 3
28942 11
28949 5
28953 1
28961 1
28971 12
28979 7
28981 13
28986 14
28990 7
28993 2
29002 9
29004 11
29009 12
29013 1
29020 4
29026 11
29030 11
29035 9
29037 18
29038 7
29040 3
29044 8
29046 12
29052 4
29058 20
29059 7
29061 8
29063 17
29065 5
29069 5
29073 6
29081 19
29083 7
29085 13
29090 18
29091 14
29095 11
29100 6
29108 20
29109 4
29113 12
29119 10
29122 21
29126 12
29132 11
29136 12
29142 18
29143 15
29145 12
29149 9
29150 2
29161 14
29168 18
29169 11
29176 2
29187 20
29188 4
29194 19
29196 18
29197 12
29205 7
29207 8
29209 10
29212 20
29214 11
29221 18
29222 16
29224 16
29226 19
29227 3
29234 20
29235 16
29237 11
29242 1
29250 11
29256 14
29263 8
29265 20
29266 8
29268 12
29274 6
29280 10
29283 4
29289 12
29295 12
29301 11
29305 2
29314 2
29321 5
29328 11
29335 11
29340 18
29341 7
29343 17
29345 18
29346 19
29347 2
29358 5
29362 8
29364 8
29366 12
29370 17
29372 18
29373 11
29377 6
29383 13
29387 19
29389 18
29390 11
29394 11
29400 12
29408 12
29414 18
29415 12
29419 21
29423 19
29424 12
29432 13
29438 3
29445 18
29446 15
29448 12
29454 13
29459 1
29467 8
29469 12
29475 11
29481 12
29489 19
29491 3
29495 17
29497 21
29501 11
29507 21
29511 10
29512 14
29518 12
29524 15
29526 21
29530 12
29536 8
29538 7
29541 3
29546 1
29555 13
29561 11
29566 3
29573 3
29579 12
29585 9
29586 2
29597 12
29601 17
29603 12
29609 18
29610 16
29612 13
29618 19
29619 18
29620 11
29627 8
29629 13
29634 3
29640 19
29642 5
29646 15
29648 16
29650 11
29655 10
29658 21
29662 15
29664 18
29665 21
29669 12
29675 5
29681 4
29687 21
29691 14
29696 18
29697 15
29699 20
29700 1
29710 11
29715 18
29716 20
29718 14
29725 10
29728 19
29729 1
29739 14
29743 20
29744 19
29745 5
29749 21
29753 21
29757 8
29759 19
29761 18
29762 7
29764 6
29768 15
29770 13
29775 10
29778 21
29782 14
29786 12
29792 1
29799 21
29803 18
29804 6
29812 6
29818 13
29824 3
29831 3
29835 15
29837 21
29841 20
29842 7
29845 21
29849 7
29852 10
29853 18
29854 12
29862 16
29864 20
29865 3
29871 17
29873 12
29877 20
29878 13
29883 11
29889 11
29896 16
29898 11
29904 17
29906 20
29908 18
29909 11
29915 12
29921 2
29932 6
29938 16
29940 2
29947 1
29956 2
29963 2
29974 1
29982 15
29984 12
29990 8
29992 2
30001 1
30008 12
30014 12
30018 17
30020 10
30023 14
30028 10
30029 15
30031 1
30038 18
30039 9
30041 18
30042 11
30048 13
30053 17
30055 4
30061 14
30068 14
30074 2
30083 12
30087 3
30093 6
30101 14
30108 8
30112 12
30116 14
30121 8
30125 5
30132 12
30138 12
30144 16
30146 17
30148 1
30155 19
30156 7
30158 12
30166 14
30170 12
30174 1
30183 2
30192 3
30199 12
30205 9
30207 9
30209 5
30213 18
30214 2
30221 5
30227 10
30228 20
30230 17
30232 1
30240 19
30242 10
30245 15
30247 11
30253 16
30255 7
30257 17
30259 13
30265 18
30266 14
30273 16
30275 16
30277 15
30279 16
30281 14
30285 12
30291 20
30293 10
30296 4
30302 4
30306 4
30312 20
30314 11
30320 17
30322 20
30323 4
30331 8
30335 21
30339 16
30341 21
30345 13
30350 7
30352 9
30354 12
30362 5
30369 8
30373 21
30377 18
30378 11
30383 21
30387 21
30391 8
30393 11
30400 3
30405 21
30409 15
30411 11
30416 4
30424 15
30426 13
30431 8
30433 8
30437 6
30443 21
30447 18
30448 4
30456 11
30463 11
30468 6
30474 5
30481 18
30482 5
30487 12
30491 7
30494 2
30501 4
30507 14
30511 17
30513 10
30514 13
30519 11
30526 6
30532 11
30538 13
30543 20
30544 7
30546 7
30548 11
30554 18
30555 13
30559 12
30563 17
30565 14
30571 6
30575 3
30581 12
30589 2
30598 17
30600 2
30609 6
30617 18
30618 6
30624 2
30631 7
30633 14
30639 11
30643 3
30650 9
30651 18
30652 6
30656 2
30665 11
30672 18
30673 11
30677 6
30685 18
30686 10
30687 18
30688 9
30689 19
30691 1
30698 9
30699 2
30706 8
30708 3
30713 11
30717 12
30721 15
30723 17
30725 20
30727 9
30728 4
30734 12
30742 11
30747 9
30749 19
30751 17
30753 11
30760 18
30761 15
30763 7
30765 11
30771 11
30775 15
30777 6
30783 4
30789 9
30790 14
30797 10
30798 11
30803 15
30805 9
30806 14
30811 2
30818 7
30820 17
30822 6
30828 11
30834 21
30838 7
30841 18
30842 11
30849 11
30853 13
30857 1
30866 21
30870 14
30875 15
30877 15
30879 7
30882 3
30889 12
30895 11
30901 13
30907 13
30913 13
30917 15
30919 21
30923 15
30925 14
30932 14
30936 9
30937 11
30943 4
30949 16
30951 2
30958 8
30960 6
30968 12
30972 8
30974 13
30980 20
30981 12
30989 8
30991 5
30997 9
30999 18
31000 17
31002 6
31006 6
31014 20
31015 19
31016 21
31020 6
31024 18
31025 6
31029 17
31031 19
31033 15
31035 15
31037 17
31039 2
31048 20
31049 4
31053 9
31055 12
31061 18
31062 16
31064 9
31066 6
31072 21
31076 3
31080 4
31086 8
31088 11
31095 18
31096 10
31097 19
31099 21
31103 5
31110 5
31117 20
31118 10
31121 19
31122 6
31130 11
31136 5
31140 9
31141 18
31142 15
31144 12
31150 8
31152 2
31163 10
31166 17
31168 18
31169 16
31171 14
31177 15
31179 5
31185 19
31187 14
31192 12
31196 2
31205 18
31206 18
31207 9
31208 16
31210 5
31214 7
31217 5
31222 7
31225 1
31234 10
31235 8
31239 2
31246 5
31251 17
31253 7
31256 21
31260 15
31262 17
31264 2
31273 14
31278 16
31280 21
31284 15
31286 9
31287 2
31296 17
31298 1
31305 21
31309 19
31310 15
31312 12
31320 18
31321 13
31326 21
31330 18
31331 12
31337 8
31339 17
31341 18
31342 12
31348 1
31358 18
31359 11
31364 18
31365 11
31369 14
31373 5
31380 20
31381 14
31386 11
31393 11
31400 1
31407 19
31409 19
31410 17
31412 13
31417 5
31422 15
31424 14
31430 1
31437 12
31443 12
31451 9
31452 18
31453 18
31454 11
31461 6
31467 9
31468 16
31470 11
31476 21
31480 12
31486 12
31492 15
31494 20
31496 18
31497 3
31503 1
31513 18
31514 9
31515 18
31516 7
31518 2
31525 13
31530 11
31537 12
31545 4
31551 11
31556 15
31558 7
31561 11
31567 3
31571 8
31575 18
31576 14
31583 12
31589 4
31595 12
31601 12
31609 11
31613 6
31621 9
31622 18
31623 2
31630 8
31632 19
31634 3
31639 1
31648 14
31652 19
31653 10
31656 19
31657 18
31658 7
31660 7
31662 1
31672 17
31674 3
31679 3
31683 5
31687 18
31688 16
31690 12
31694 2
31701 3
31705 10
31708 11
31714 5
31718 11
31724 5
31730 16
31732 15
31734 21
31738 11
31745 16
31747 11
31752 19
31753 11
31760 8
31762 18
31763 11
31767 12
31775 1
31782 2
31791 13
31796 12
31800 1
31809 17
31811 5
31816 3
31823 4
31829 4
31833 19
31835 12
31839 11
31844 15
31846 18
31847 3
31851 3
31857 6
31863 12
31871 18
31872 21
31876 11
31881 18
31882 8
31884 2
31895 3
31900 5
31905 1
31913 5
31919 11
31925 13
31929 7
31932 8
31936 18
31937 17
31939 3
31946 17
31948 10
31951 18
31952 11
31957 18
31958 5
31963 11
31970 10
31971 19
31973 11
31979 11
31986 18
31987 3
31993 17
31995 12
32001 12
32005 13
32010 13
32015 11
32019 20
32020 11
32025 20
32027 13
32032 6
32036 12
32042 2
32053 4
32061 16
32063 14
32069 17
32071 11
32075 18
32076 6
32084 13
32088 21
32092 15
32094 3
32100 15
32102 12
32108 10
32109 13
32114 16
32116 11
32121 18
32122 7
32124 11
32128 7
32130 4
32136 18
32137 21
32141 11
32147 6
32155 6
32161 17
32163 15
32165 9
32167 9
32169 11
32173 10
32174 15
32176 11
32183 16
32185 11
32192 9
32193 18
32194 13
32198 8
32202 13
32208 7
32211 20
32212 7
32215 5
32219 10
32220 16
32222 11
32227 4
32231 5
32235 9
32237 11
32242 1
32250 9
32251 1
32261 9
32263 18
32264 6
32270 12
32276 2
32285 20
32287 9
32289 11
32294 8
32298 6
32304 10
32307 12
32311 18
32312 16
32314 11
32318 15
32320 15
32322 15
32324 8
32328 12
32334 1
32344 12
32348 17
32350 14
32356 14
32360 11
32366 14
32373 11
32377 19
32378 21
32382 7
32385 13
32391 11
32397 3
32401 16
32403 13
32408 18
32409 11
32414 13
32419 9
32420 11
32427 5
32432 11
32439 3
32445 13
32450 2
32459 3
32464 16
32466 3
32471 12
32477 12
32483 8
32487 4
32493 16
32495 11
32500 18
32501 11
32506 1
32515 20
32516 13
32522 12
32530 6
32536 6
32544 11
32548 12
32552 11
32559 1
32566 8
32568 7
32570 17
32572 19
32574 18
32575 18
32576 12
32582 11
32589 8
32593 16
32595 12
32599 5
32606 8
32610 10
32611 16
32613 10
32614 16
32616 12
32620 5
32627 18
32628 11
32634 18
32635 10
32638 18
32639 6
32647 11
32652 14
32658 15
32660 1
32668 17
32670 17
32672 11
32677 13
32682 12
32688 4
32696 16
32698 9
32699 14
32704 20
32705 14
32709 17
32711 13
32715 7
32718 12
32724 4
32730 2
32741 12
32747 14
32751 16
32753 4
32761 12
32765 5
32772 11
32778 15
32780 16
32782 11
32786 1
32796 3
32803 8
32805 18
32806 18
32807 11
32812 5
32818 12
32824 18
32825 18
32826 18
32827 7
32830 13
32836 17
32838 14
32843 20
32845 7
32848 12
32854 21
32858 18
32859 11
32864 18
32865 21
32869 10
32870 5
32874 5
32878 7
32881 18
32882 16
32884 11
32888 11
32895 20
32896 2
32905 17
32907 2
32918 10
32921 8
32925 15
32927 4
32935 11
32941 16
32943 10
32944 3
32949 18
32950 11
32956 16
32958 12
32966 2
32973 12
32977 13
32982 6
32986 13
32990 14
32996 7
32998 12
33002 17
33004 9
33005 13
33009 10
33012 17
33014 18
33015 11
33019 14
33025 16
33027 13
33033 1
33043 11
33047 8
33049 16
33051 7
33054 18
33055 21
33059 11
33065 11
33069 4
33075 1
33083 18
33084 7
33086 20
33087 7
33090 7
33092 9
33094 2
33103 1
33111 6
33119 12
33125 11
33129 12
33133 15
33135 14
33141 5
33147 21
33151 3
33158 12
33162 16
33164 11
33170 13
33174 11
33180 11
33185 15
33187 11
33192 12
33200 21
33204 12
33212 16
33214 5
33220 11
33225 1
33234 11
33239 18
33240 17
33242 12
33248 11
33252 18
33253 3
33257 1
33265 12
33271 11
33275 11
33279 3
33285 2
33292 8
33296 13
33301 10
33304 15
33306 20
33307 11
33312 7
33315 16
33317 21
33321 11
33327 4
33331 6
33337 1
33344 18
33345 2
33354 18
33355 17
33357 4
33363 21
33367 8
33369 8
33371 11
33377 7
33380 5
33385 14
33389 12
33395 5
33401 1
33410 14
33417 6
33423 7
33426 21
33430 12
33438 15
33440 4
33448 9
33450 5
33454 19
33455 9
33457 4
33463 12
33469 15
33471 12
33475 6
33481 11
33486 14
33490 15
33492 2
33501 16
33503 18
33504 10
33505 20
33506 5
33510 2
33521 2
33530 10
33531 19
33533 8
33535 1
33543 1
33553 11
33559 12
33565 16
33567 2
33576 16
33578 19
33579 8
33583 11
33588 15
33590 4
33598 13
33602 14
33609 12
33615 12
33623 2
33630 3
33635 19
33636 12
33642 16
33644 13
33649 21
33653 20
33655 14
33661 9
33663 2
33672 11
33676 11
33682 12
33686 18
33687 18
33688 13
33694 11
33700 7
33703 12
33707 13
33712 16
33714 11
33720 4
33726 4
33732 13
33737 2
33744 3
33749 5
33756 4
33762 1
33770 8
33772 2
33783 20
33784 3
33789 18
33790 3
33794 15
33796 4
33802 18
33803 2
33810 11
33816 7
33818 20
33820 18
33821 4
33829 1
33836 16
33838 15
33840 1
33848 15
33850 8
33854 9
33855 1
33865 20
33867 2
33878 18
33879 18
33880 16
33882 3
33887 2
33896 4
33902 6
33906 13
33910 8
33914 4
33920 12
33926 20
33927 1
33936 3
33943 12
33947 8
33949 21
33953 6
33959 13
33965 11
33969 21
33973 11
33978 9
33980 8
33984 2
33993 7
33996 3
34000 9
34002 11
34009 4
34015 14
34020 21
34024 12
34028 11
34035 11
34041 8
34043 7
34046 17
34048 2
34057 6
34063 11
34067 14
34073 11
34077 2
34088 6
34094 1
34104 2
34115 7
34117 15
34119 13
34124 15
34126 11
34133 11
34139 12
34147 2
34154 11
34159 6
34165 20
34166 18
34167 16
34169 13
34174 8
34178 11
34183 16
34185 3
34191 16
34193 20
34194 11
34199 9
34201 15
34203 18
34204 5
34208 6
34212 18
34213 11
34218 18
34219 17
34221 19
34222 13
34228 20
34230 14
34235 8
34237 16
34239 20
34241 12
34247 6
34251 12
34259 12
34263 3
34270 10
34271 3
34278 6
34282 11
34286 14
34292 20
34294 20
34296 6
34302 17
34304 19
34306 21
34310 6
34318 18
34319 19
34321 4
34329 18
34330 15
34332 2
34339 18
34340 8
34342 15
34344 13
34349 9
34351 6
34357 9
34358 8
34360 18
34361 14
34366 11
34373 7
34375 10
34378 9
34379 12
34383 7
34386 19
34388 8
34390 9
34392 2
34403 8
34405 5
34410 16
34412 11
34419 14
34426 21
34430 8
34432 18
34433 6
34437 16
34439 11
34446 4
34450 14
34457 5
34464 7
34467 9
34468 11
34475 1
34484 15
34486 11
34493 13
34497 11
34501 20
34503 3
34509 21
34513 12
34521 8
34523 5
34528 2
34535 11
34541 11
34545 14
34550 5
34557 18
34558 9
34559 4
34567 14
34571 4
34577 21
34581 7
34583 21
34587 17
34589 11
34596 8
34598 18
34599 13
34605 11
34612 3
34618 13
34623 15
34625 13
34630 2
34641 3
34645 17
34647 3
34654 12
34660 10
34663 18
34664 3
34668 11
34674 5
34678 18
34679 18
34680 1
34689 11
34696 17
34698 21
34702 18
34703 11
34709 7
34711 13
34716 5
34721 18
34722 6
34726 17
34728 4
34734 12
34738 2
34745 16
34747 9
34749 11
34755 6
34761 2
34768 12
34774 7
34777 4
34785 17
34787 10
34790 3
34794 7
34796 3
34800 11
34805 20
34807 8
34809 15
34811 15
34813 17
34815 2
34824 17
34826 20
34828 15
34830 18
34831 5
34836 12
34842 18
34843 11
34847 13
34851 5
34857 17
34859 12
34865 10
34868 12
34874 21
34878 7
34880 9
34881 16
34883 11
34888 2
34897 19
34899 11
34905 5
34912 9
34914 11
34920 12
34926 10
34929 14
34936 8
34940 15
34942 15
34944 9
34945 19
34947 12
34953 6
34959 17
34961 20
34963 6
34969 11
34976 6
34980 19
34982 13
34987 21
34991 4
34997 10
35000 19
35001 14
35005 6
35011 18
35012 12
35016 9
35018 19
35020 13
35025 11
35029 1
35038 11
35043 10
35044 12
35050 5
35054 12
35060 18
35061 10
35064 18
35065 15
35067 7
35070 5
35074 4
35080 18
35081 21
35085 21
35089 10
35090 18
35091 20
35092 3
35098 1
35106 4
35110 3
35117 4
35125 21
35129 2
35138 17
35140 21
35144 20
35146 16
35148 13
35153 21
35157 9
35159 3
35165 3
35172 19
35173 11
35180 19
35181 17
35183 12
35187 17
35189 17
35191 14
35198 13
35203 18
35204 17
35206 20
35207 15
35209 6
35217 4
35223 2
35232 9
35233 10
35236 17
35238 8
35240 21
35244 2
35255 21
35259 5
35263 11
35267 12
35273 11
35280 4
35286 1
35296 18
35297 11
35303 8
35307 9
35309 6
35315 12
35323 16
35325 10
35326 21
35330 13
35335 17
35337 10
35338 4
35344 1
35352 11
35357 4
35363 16
35365 3
35372 10
35375 6
35381 5
35386 3
35390 13
35395 11
35399 21
35403 12
35407 2
35414 15
35416 3
35421 12
35425 20
35427 16
35429 10
35430 3
35434 12
35440 7
35442 12
35448 6
35452 11
35457 12
35463 17
35465 11
35469 4
35475 7
35477 4
35483 14
35489 12
35493 12
35499 18
35500 3
35505 9
35506 16
35508 5
35512 19
35514 15
35516 3
35520 1
35528 16
35530 15
35532 17
35534 10
35535 5
35541 3
35547 18
35548 18
35549 14
35554 13
35560 9
35562 15
35564 15
35566 12
35572 7
35574 11
35578 18
35579 18
35580 1
35587 18
35588 10
35591 5
35597 17
35599 12
35605 11
35611 18
35612 16
35614 18
35615 2
35624 2
35635 13
35640 21
35644 12
35650 12
35656 7
35659 21
35663 11
35667 20
35668 5
35672 14
35679 12
35685 10
35688 13
35692 7
35695 7
35698 3
35702 2
35709 5
35713 2
35722 20
35723 9
35725 13
35730 14
35736 1
35744 19
35746 6
35752 2
35763 11
35770 6
35776 6
35784 8
35786 16
35788 5
35794 19
35796 2
35805 12
35809 3
35816 7
35818 11
35825 18
35826 5
35830 18
35831 20
35833 16
35835 3
35840 8
35842 1
35852 5
35859 21
35863 11
35867 3
35872 11
35879 11
35884 3
35889 18
35890 11
35896 11
35902 19
35903 11
35908 19
35910 16
35912 5
35918 8
35920 17
35922 19
35924 1
35934 18
35935 13
35941 2
35948 10
35949 20
35950 20
35951 17
35953 8
35957 6
35963 1
35971 9
35973 9
35975 14
35981 2
35990 13
35994 11
36001 12
36009 8
36011 3
36017 8
36019 13
36024 1
36032 14
36038 12
36042 7
36045 11
36049 11
36056 21
36060 12
36066 1
36074 12
36080 21
36084 15
36086 12
36094 6
36100 12
36104 18
36105 12
36109 11
36113 12
36119 8
36123 3
36127 12
36133 20
36135 12
36141 2
36152 11
36159 15
36161 17
36163 15
36165 13
36170 12
36178 13
36183 1
36192 10
36193 1
36200 8
36204 11
36209 14
36214 15
36216 12
36222 20
36224 18
36225 6
36229 19
36230 6
36236 5
36242 11
36247 7
36249 16
36251 14
36257 11
36264 12
36270 10
36271 12
36277 6
36281 18
36282 2
36289 19
36291 4
36297 13
36303 12
36307 16
36309 7
36312 10
36315 16
36317 15
36319 5
36323 16
36325 4
36333 19
36334 14
36338 13
36344 19
36345 13
36350 14
36354 14
36359 18
36360 8
36362 1
36370 5
36374 18
36375 10
36378 10
36381 4
36389 19
36390 12
36396 21
36400 14
36406 11
36413 3
36420 7
36422 12
36430 17
36432 10
36433 8
36435 3
36442 7
36444 12
36448 12
36454 9
36456 6
36460 4
36466 9
36468 6
36474 13
36479 4
36487 11
36492 8
36496 21
36500 7
36502 19
36503 15
36505 21
36509 11
36514 7
36517 9
36519 5
36525 6
36531 5
36538 21
36542 12
36546 17
36548 20
36550 1
36557 1
36564 18
36565 14
36570 8
36574 3
36580 20
36582 3
36589 2
36596 14
36600 9
36601 18
36602 14
36607 13
36612 18
36613 3
36617 10
36618 6
36626 19
36627 21
36631 6
36637 4
36643 2
36652 10
36655 5
36659 2
36668 12
36674 16
36676 11
36680 8
36684 6
36690 1
36697 6
36703 12
36709 11
36716 4
36722 8
36726 20
36728 14
36732 10
36735 12
36741 1
36751 20
36753 7
36755 2
36764 7
36767 21
36771 1
36778 9
36780 18
36781 15
36783 12
36787 6
36793 11
36800 6
36806 18
36807 8
36811 7
36814 18
36815 16
36817 21
36821 12
36825 6
36831 14
36836 14
36843 11
36847 21
36851 18
36852 6
36860 16
36862 9
36864 11
36870 15
36872 12
36878 18
36879 11
36883 2
36892 18
36893 3
36900 9
36901 18
36902 15
36904 3
36911 16
36913 7
36915 17
36917 14
36923 15
36925 13
36930 16
36932 3
36936 18
36937 19
36939 16
36941 1
36948 20
36950 21
36954 6
36958 3
36964 5
36970 11
36977 8
36979 11
36983 18
36984 7
36987 12
36993 3
36999 14
37004 11
37009 12
37013 18
37014 14
37020 8
37024 12
37028 5
37035 2
37044 11
37051 3
37057 17
37059 11
37066 15
37068 10
37069 4
37073 19
37074 14
37081 15
37083 11
37088 9
37090 20
37091 11
37098 2
37107 11
37112 9
37114 1
37121 17
37123 10
37126 2
37135 8
37139 2
37146 11
37152 10
37153 1
37163 11
37167 17
37169 8
37173 15
37175 2
37186 6
37194 2
37201 8
37203 20
37205 5
37212 20
37213 11
37219 3
37223 2
37234 11
37238 19
37239 9
37241 11
37246 2
37255 6
37261 9
37262 6
37268 1
37275 12
37283 17
37285 11
37292 15
37294 12
37302 15
37304 21
37308 21
37312 2
37321 5
37327 16
37329 1
37337 16
37339 9
37341 11
37346 9
37348 4
37354 12
37360 4
37366 15
37368 3
37374 11
37378 11
37382 11
37386 9
37388 4
37392 14
37396 21
37400 15
37402 11
37406 11
37410 6
37418 4
37426 12
37434 20
37435 4
37441 11
37448 12
37454 17
37456 18
37457 2
37466 12
37474 12
37480 9
37481 11
37486 7
37489 18
37490 6
37496 15
37498 12
37504 12
37510 6
37516 8
37518 7
37520 5
37524 16
37526 16
37528 6
37532 21
37536 15
37538 1
37546 18
37547 11
37553 15
37555 11
37562 18
37563 12
37569 19
37571 17
37573 11
37578 8
37582 2
37593 11
37600 17
37602 16
37604 18
37605 13
37610 9
37611 18
37612 1
37620 9
37621 5
37626 18
37627 15
37629 12
37633 11
37638 21
37642 15
37644 6
37648 12
37652 10
37653 18
37654 12
37660 21
37664 10
37665 16
37667 14
37674 21
37678 20
37680 5
37686 18
37687 18
37688 18
37689 18
37690 11
37694 1
37703 10
37706 19
37707 11
37714 16
37716 11
37720 20
37721 4
37729 12
37737 12
37745 10
37748 11
37755 19
37757 14
37762 1
37771 14
37778 6
37784 15
37786 11
37791 11
37796 18
37797 4
37805 20
37806 2
37813 3
37817 12
37823 5
37829 16
37831 8
37835 10
37836 8
37838 13
37842 13
37848 12
37854 15
37856 12
37862 14
37869 4
37877 11
37884 14
37888 18
37889 3
37893 9
37895 5
37900 16
37902 12
37906 18
37907 18
37908 21
37912 6
37918 12
37922 18
37923 11
37928 11
37932 4
37940 5
37945 12
37949 3
37954 17
37956 13
37961 3
37967 20
37969 1
37979 11
37986 13
37991 1
38001 11
38007 19
38008 2
38017 10
38020 7
38023 9
38025 6
38031 2
38042 14
38047 8
38051 10
38054 19
38055 20
38057 16
38059 13
38064 11
38068 8
38072 11
38077 11
38083 9
38084 8
38088 14
38092 4
38098 10
38099 12
38107 14
38111 4
38119 8
38123 19
38124 12
38130 18
38131 16
38133 1
38141 3
38148 18
38149 7
38151 2
38160 18
38161 9
38163 18
38164 18
38165 2
38172 12
38180 17
38182 11
38187 18
38188 21
38192 18
38193 11
38200 3
38207 12
38213 18
38214 21
38218 20
38220 11
38226 12
38230 19
38232 20
38234 12
38238 18
38239 9
38240 8
38242 3
38247 10
38248 5
38254 11
38260 7
38262 5
38269 21
38273 11
38280 17
38282 19
38283 15
38285 17
38287 21
38291 12
38297 1
38306 2
38315 4
38319 18
38320 12
38326 2
38335 1
38342 13
38348 1
38358 12
38364 19
38365 11
38371 8
38373 19
38375 12
38381 18
38382 7
38385 13
38390 8
38394 20
38396 10
38397 10
38398 18
38399 4
38407 20
38408 21
38412 18
38413 2
38424 13
38429 4
38437 13
38442 21
38446 12
38452 11
38459 13
38463 7
38466 6
38472 4
38480 13
38485 10
38486 16
38488 7
38490 18
38491 17
38493 16
38495 17
38497 11
38502 16
38504 12
38508 14
38512 9
38514 13
38519 9
38521 7
38524 19
38525 11
38531 17
38533 4
38537 8
38541 14
38547 6
38553 17
38555 12
38563 16
38565 12
38569 7
38571 11
38578 17
38580 11
38584 15
38586 1
38596 20
38598 11
38602 1
38611 7
38614 8
38616 11
38623 13
38628 17
38630 16
38632 11
38637 15
38639 3
38644 11
38651 12
38659 14
38665 8
38669 10
38670 7
38672 20
38674 14
38678 15
38680 10
38681 16
38683 18
38684 12
38692 15
38694 15
38696 6
38702 13
38707 20
38708 19
38709 11
38713 17
38715 11
38720 4
38726 1
38735 1
38742 16
38744 20
38746 6
38752 12
38758 11
38765 16
38767 14
38771 20
38773 3
38778 14
38784 13
38788 13
38792 16
38794 11
38798 10
38801 15
38803 21
38807 12
38811 1
38818 1
38826 3
38833 18
38834 12
38842 11
38847 7
38850 2
38857 9
38858 6
38864 4
38868 19
38870 2
38877 12
38883 19
38885 18
38886 6
38894 20
38896 11
38902 11
38908 12
38912 14
38919 4
38925 8
38927 11
38934 2
38945 16
38947 12
38953 18
38954 20
38956 18
38957 1
38964 1
38974 11
38981 14
38986 16
38988 11
38992 3
38998 11
39005 10
39006 11
39012 16
39014 11
39018 5
39022 8
39024 17
39026 7
39028 5
39035 17
39037 15
39039 13
39045 12
39053 11
39060 11
39065 1
39072 10
39073 16
39075 16
39077 21
39081 13
39086 11
39090 18
39091 12
39095 8
39099 11
39106 11
39113 1
39120 9
39122 1
39132 15
39134 19
39136 11
39141 6
39147 18
39148 11
39155 21
39159 2
39166 11
39170 18
39171 11
39176 15
39178 11
39182 7
39184 1
39194 11
39201 5
39207 3
39212 2
39221 11
39227 11
39232 18
39233 11
39240 11
39245 1
39253 10
39254 10
39255 11
39261 17
39263 5
39270 18
39271 10
39272 12
39276 15
39278 7
39281 12
39289 12
39293 4
39299 14
39305 19
39306 6
39314 14
39318 19
39319 3
39326 12
39330 10
39331 10
39332 10
39333 21
39337 5
39344 7
39346 17
39348 2
39357 16
39359 12
39365 1
39375 12
39381 12
39387 11
39391 7
39394 12
39402 2
39411 16
39413 14
39418 10
39419 20
39420 17
39422 5
39429 16
39431 8
39433 6
39439 19
39440 17
39442 4
39450 2
39457 18
39458 5
39464 16
39466 20
39468 21
39472 18
39473 6
39477 16
39479 6
39483 10
39486 7
39489 6
39495 15
39497 11
39502 13
39507 5
39511 8
39515 18
39516 6
39522 11
39529 19
39531 8
39535 11
39540 14
39544 1
39552 7
39555 5
39562 12
39570 11
39576 18
39577 17
39579 21
39583 18
39584 11
39589 12
39595 11
39599 10
39602 9
39604 11
39609 1
39616 21
39620 1
39627 3
39632 16
39634 18
39635 14
39639 11
39643 19
39644 12
39650 1
39659 18
39660 9
39662 11
39668 2
39677 9
39678 13
39683 11
39690 12
39696 21
39700 19
39701 3
39708 18
39709 11
39716 3
39721 12
39729 11
39736 6
39740 10
39741 15
39743 12
39749 8
39751 2
39760 6
39766 2
39777 20
39779 14
39786 14
39791 18
39792 16
39794 8
39798 3
39805 1
39812 4
39818 18
39819 11
39824 12
39830 8
39832 10
39833 21
39837 1
39846 16
39848 11
39854 16
39856 4
39864 11
39869 12
39873 5
39880 12
39886 6
39894 18
39895 4
39901 14
39906 13
39912 20
39913 16
39915 6
39923 1
39931 10
39934 15
39936 11
39943 14
39950 11
39954 12
39958 6
39966 3
39971 20
39973 13
39979 2
39988 7
39991 18
39992 6
39998 10
39999 9
40000 8
40002 1
40010 12
40018 15
40020 11
40026 10
40027 1
40035 5
40042 12
40050 20
40051 15
40053 12
40057 9
40058 6
40064 11
40068 6
40072 6
40078 19
40080 19
40082 18
40083 12
40087 17
40089 11
40094 4
40100 11
40105 21
40109 3
40114 18
40115 12
40121 9
40122 18
40123 7
40125 10
40126 3
40130 3
40137 11
40143 4
40147 10
40148 15
40150 16
40152 18
40153 4
40157 16
40159 18
40160 13
40165 14
40172 5
40176 6
40180 8
40184 15
40186 16
40188 19
40189 16
40191 14
40195 11
40202 17
40204 21
40208 19
40210 18
40211 7
40214 18
40215 11
40220 15
40222 18
40223 11
40228 21
40232 11
40237 17
40239 12
40243 1
40251 20
40253 2
40260 15
40262 3
40266 13
40271 12
40277 1
40285 20
40286 16
40288 11
40292 4
40298 12
40304 16
40306 19
40307 19
40309 12
40313 14
40319 14
40324 15
40326 15
40328 11
40335 15
40337 16
40339 17
40341 13
40345 19
40346 11
40353 4
40357 14
40362 13
40367 3
40371 16
40373 12
40381 1
40388 12
40396 8
40398 14
40402 11
40409 18
40410 8
40412 19
40414 18
40415 6
40423 5
40429 11
40435 13
40440 19
40442 17
40444 11
40448 12
40456 12
40462 11
40466 12
40472 4
40480 6
40484 9
40486 11
40491 18
40492 13
40496 18
40497 17
40499 12
40505 8
40507 13
40512 11
40516 7
40518 20
40520 6
40526 15
40528 15
40530 3
40537 2
40548 15
40550 1
40559 21
40563 11
40568 13
40573 18
40574 8
40578 20
40579 16
40581 6
40587 1
40595 4
40601 18
40602 8
40604 11
40609 14
40616 19
40617 20
40619 4
40625 12
40629 11
40636 8
40638 19
40640 20
40642 11
40649 9
40650 4
40656 11
40661 4
40667 7
40669 10
40672 8
40676 12
40680 19
40681 13
40686 21
40690 13
40695 7
40697 16
40699 12
40705 17
40707 2
40716 4
40724 2
40731 1
40740 4
40746 5
40751 20
40752 11
40759 14
40764 2
40775 18
40776 1
40784 3
40788 12
40792 4
40800 11
40807 14
40814 12
40822 21
40826 1
40836 21
40840 8
40844 15
40846 12
40852 14
40856 15
40858 11
40862 12
40868 12
40876 19
40878 13
40883 12
40889 11
40896 12
40900 4
40906 11
40911 4
40917 1
40927 13
40931 5
40938 17
40940 3
40945 12
40953 14
40960 12
40966 3
40971 12
40977 11
40984 4
40990 10
40993 20
40994 11
41000 6
41006 16
41008 5
41013 17
41015 21
41019 8
41023 14
41028 13
41032 2
41043 15
41045 18
41046 2
41057 4
41065 15
41067 13
41071 12
41077 14
41083 9
41085 6
41093 5
41099 10
41102 19
41104 12
41110 10
41111 9
41112 16
41114 11
41119 18
41120 6
41126 19
41127 4
41133 15
41135 9
41136 3
41143 1
41151 11
41157 20
41159 7
41161 11
41168 12
41174 12
41182 15
41184 14
41189 2
41196 19
41197 11
41201 2
41212 2
41223 1
41233 8
41237 12
41245 8
41247 9
41249 13
41253 2
41264 10
41267 11
41271 4
41277 16
41279 7
41281 12
41289 20
41291 4
41297 18
41298 11
41302 10
41303 20
41304 15
41306 12
41312 9
41313 17
41315 15
41317 3
41322 11
41329 3
41335 19
41336 12
41344 18
41345 21
41349 11
41354 12
41358 8
41360 4
41368 3
41374 19
41375 2
41384 8
41388 20
41390 7
41393 20
41395 17
41397 12
41405 8
41407 10
41410 17
41412 6
41420 15
41422 17
41424 11
41431 19
41433 20
41434 12
41442 9
41443 18
41444 12
41450 18
41451 12
41459 9
41460 18
41461 21
41465 3
41471 4
41477 18
41478 8
41480 13
41485 3
41492 2
41501 18
41502 3
41506 8
41508 19
41510 3
41514 11
41521 18
41522 2
41533 19
41534 2
41543 18
41544 17
41546 19
41548 11
41553 18
41554 11
41560 6
41566 4
41570 11
41575 4
41583 10
41584 21
41588 6
41594 17
41596 11
41600 12
41608 12
41614 15
41616 6
41620 4
41626 9
41627 11
41632 11
41636 15
41638 4
41646 18
41647 14
41654 11
41661 14
41666 9
41667 21
41671 20
41673 12
41679 8
41681 9
41682 9
41683 14
41689 5
41693 11
41698 15
41700 13
41705 3
