10000
1 8
3 13
8 9
9 19
11 7
14 18
15 1
23 11
30 19
32 18
33 14
37 9
38 2
45 17
47 6
53 12
61 11
67 16
69 16
71 16
73 10
74 11
80 8
84 11
90 15
92 5
99 16
101 17
103 11
107 18
108 16
110 18
111 10
112 12
116 21
120 20
122 14
128 21
132 10
133 12
141 9
142 9
143 14
148 1
155 16
157 11
161 13
166 4
170 11
174 17
176 13
182 1
191 12
197 12
201 17
203 5
209 11
216 20
217 5
224 15
226 12
234 16
236 3
242 12
248 7
251 7
253 11
260 1
267 11
274 17
276 13
280 4
288 17
290 2
299 11
305 16
307 7
309 2
318 2
329 9
331 16
333 9
335 4
343 18
344 3
351 11
357 4
363 4
369 18
370 11
376 6
382 15
384 5
390 18
391 14
397 2
404 21
408 1
415 7
418 12
424 3
430 10
433 19
435 18
436 21
440 12
446 1
453 18
454 16
456 16
458 19
460 18
461 14
467 20
469 15
471 12
477 1
485 12
491 13
496 3
503 15
505 20
507 12
513 9
515 6
523 20
525 18
526 4
530 17
532 10
535 11
541 9
542 11
547 9
549 7
551 5
557 7
560 11
565 5
572 3
576 11
581 16
583 20
585 11
591 9
592 1
600 12
606 1
614 18
615 12
623 4
631 18
632 15
634 17
636 14
640 11
646 5
653 11
660 15
662 1
672 20
674 16
676 19
678 5
684 12
688 21
692 18
693 6
701 14
708 7
710 8
712 13
716 11
721 18
722 15
724 5
729 7
732 11
738 12
746 9
748 8
750 11
757 15
759 11
765 7
767 5
771 11
777 21
781 13
787 13
791 13
796 20
798 12
804 14
809 11
816 16
818 11
823 8
827 18
828 12
832 19
833 2
840 4
848 9
849 4
853 11
857 20
858 15
860 13
864 2
873 11
877 11
882 11
886 15
888 11
894 6
898 12
906 9
907 6
913 16
915 2
924 8
928 19
929 5
933 21
937 11
943 7
945 10
948 11
953 6
961 10
964 14
968 10
971 12
977 11
984 20
985 9
987 11
992 3
996 18
997 15
999 11
1004 8
1008 3
1014 1
1023 8
1027 11
1034 1
1044 18
1045 7
1048 15
1050 20
1052 7
1054 10
1055 17
1057 18
1058 17
1060 17
1062 15
1064 1
1072 17
1074 9
1075 9
1077 11
1081 21
1085 18
1086 18
1087 19
1089 2
1098 11
1102 8
1104 8
1106 5
1112 19
1113 8
1117 12
1125 20
1126 8
1128 1
1135 5
1139 10
1140 8
1142 10
1143 4
1149 1
1156 3
1160 1
1169 12
1177 11
1182 16
1184 11
1191 12
1197 3
1201 3
1205 5
1212 18
1213 6
1219 8
1223 8
1225 18
1226 12
1234 2
1243 17
1245 11
1250 18
1251 12
1257 10
1258 10
1259 12
1267 6
1275 18
1276 18
1277 1
1284 3
1288 9
1289 7
1291 5
1295 6
1299 12
1305 6
1311 13
1317 11
1323 6
1329 20
1331 12
1339 20
1340 10
1341 20
1342 2
1353 18
1354 7
1356 12
1360 18
1361 16
1363 18
1364 12
1372 15
1374 5
1379 2
1386 14
1392 4
1398 3
1403 11
1407 15
1409 4
1415 18
1416 16
1418 14
1422 10
1423 7
1425 10
1428 7
1430 16
1432 12
1436 1
1445 5
1449 13
1454 11
1458 18
1459 1
1467 1
1475 11
1479 8
1483 1
1492 3
1497 10
1498 6
1506 14
1512 20
1513 12
1521 11
1528 2
1535 10
1538 4
1546 11
1550 1
1560 15
1562 11
1567 14
1571 4
1577 8
1579 7
1582 18
1583 11
1589 15
1591 1
1598 20
1600 16
1602 1
1612 11
1616 14
1623 20
1625 4
1631 21
1635 17
1637 6
1641 12
1647 12
1651 20
1652 20
1653 20
1655 16
1657 12
1663 1
1672 2
1683 15
1685 3
1692 4
1696 13
1701 1
1710 16
1712 12
1716 19
1717 11
1722 19
1724 12
1730 21
1734 8
1738 10
1739 4
1745 12
1749 14
1753 17
1755 11
1759 14
1766 5
1771 6
1779 1
1787 7
1789 3
1796 5
1801 4
1809 3
1816 9
1818 8
1822 5
1828 16
1830 11
1836 6
1844 13
1850 8
1854 6
1862 18
1863 1
1873 19
1875 14
1882 11
1886 11
1891 3
1895 13
1899 18
1900 12
1906 12
1914 11
1918 14
1924 14
1929 15
1931 18
1932 8
1936 10
1939 3
1943 12
1949 13
1954 14
1960 5
1967 11
1971 5
1978 21
1982 18
1983 3
1987 17
1989 3
1996 6
2002 14
2007 21
2011 13
2015 6
2021 3
2027 15
2029 11
2035 17
2037 19
2039 4
2045 6
2051 11
2057 8
2061 7
2064 11
2068 11
2072 15
2074 17
2076 18
2077 1
2086 4
2092 9
2093 4
2099 15
2101 11
2106 9
2107 4
2113 3
2120 7
2122 5
2127 13
2131 9
2132 21
2136 12
2144 10
2147 9
2149 1
2159 2
2170 2
2179 1
2188 4
2192 17
2194 5
2201 11
2205 14
2210 13
2215 16
2217 4
2223 15
2225 11
2231 2
2240 1
2250 9
2251 8
2253 5
2257 18
2258 11
2264 1
2271 11
2275 8
2279 5
2283 10
2284 9
2285 1
2293 3
2297 11
2304 12
2312 11
2319 11
2324 18
2325 11
2332 21
2336 13
2341 11
2348 4
2356 9
2357 11
2362 3
2369 14
2375 12
2381 9
2383 13
2387 15
2389 7
2392 12
2396 15
2398 18
2399 3
2406 6
2412 4
2416 7
2419 15
2421 21
2425 7
2427 17
2429 12
2435 18
2436 12
2442 12
2448 2
2457 10
2458 19
2459 1
2467 11
2472 14
2478 11
2484 19
2485 6
2489 8
2491 1
2500 11
2504 3
2508 13
2513 11
2519 9
2520 11
2525 15
2527 14
2533 11
2540 1
2550 4
2558 2
2569 14
2576 17
2578 14
2584 19
2586 14
2592 19
2594 11
2601 3
2605 9
2607 18
2608 12
2614 11
2619 17
2621 11
2628 20
2630 21
2634 9
2636 12
2642 2
2651 18
2652 20
2654 19
2656 11
2660 19
2661 14
2668 6
2674 18
2675 3
2682 3
2688 18
2689 11
2693 19
2694 14
2700 18
2701 14
2705 15
2707 12
2711 18
2712 2
2721 8
2723 6
2727 15
2729 5
2736 11
2742 14
2746 10
2747 13
2752 14
2759 12
2765 12
2773 9
2775 3
2780 17
2782 18
2783 2
2792 10
2793 17
2795 12
2803 15
2805 18
2806 12
2810 10
2811 14
2817 11
2824 16
2826 17
2828 21
2832 20
2833 21
2837 1
2847 20
2848 11
2853 17
2855 14
2862 21
2866 7
2868 4
2874 11
2881 14
2885 18
2886 2
2897 12
2905 6
2909 10
2910 2
2917 20
2918 12
2924 19
2925 1
2934 19
2935 1
2943 15
2945 9
2947 12
2953 7
2956 18
2957 7
2960 4
2968 7
2971 21
2975 5
2979 20
2981 12
2987 14
2993 10
2996 21
3000 12
3004 10
3005 4
3009 11
3014 3
3018 17
3020 21
3024 8
3026 21
3030 13
3034 11
3038 6
3044 17
3046 11
3050 16
3052 9
3054 12
3060 8
3064 21
3068 18
3069 16
3071 2
3078 12
3082 9
3083 14
3087 2
3096 12
3102 7
3105 4
3111 20
3112 3
3119 9
3121 9
3122 4
3130 20
3132 16
3134 7
3137 12
3143 6
3147 11
3153 9
3155 2
3166 11
3172 3
3176 20
3178 17
3180 12
3188 19
3189 18
3190 17
3192 1
3201 4
3207 9
3209 12
3217 18
3218 16
3220 16
3222 3
3229 16
3231 19
3232 6
3238 17
3240 11
3245 5
3252 2
3261 13
3266 3
3273 20
3274 8
3276 15
3278 3
3285 14
3289 11
3294 11
3301 18
3302 4
3310 8
3314 11
3319 2
3328 11
3333 5
3338 6
3344 7
3346 17
3348 21
3352 11
3357 20
3358 11
3363 1
3371 12
3375 21
3379 9
3380 9
3381 20
3382 3
3386 6
3392 16
3394 7
3396 6
3400 14
3407 17
3409 20
3410 18
3411 19
3412 4
3418 11
3424 6
3430 11
3435 6
3441 7
3443 1
3453 18
3454 13
3459 11
3464 9
3466 12
3474 21
3478 16
3480 13
3484 1
3491 10
3494 13
3499 17
3501 11
3508 12
3516 12
3520 4
3526 12
3532 11
3538 18
3539 14
3546 20
3548 4
3554 14
3559 18
3560 3
3567 13
3572 4
3580 7
3583 3
3589 14
3595 19
3596 12
3602 11
3607 16
3609 11
3614 19
3615 18
3616 7
3619 2
3628 10
3629 11
3635 17
3637 17
3639 16
3641 4
3645 1
3652 15
3654 7
3656 9
3658 7
3661 11
3668 21
3672 19
3673 10
3676 21
3680 11
3686 11
3690 6
3698 2
3705 21
3709 4
3715 15
3717 11
3721 20
3722 1
3729 18
3730 17
3732 5
3738 5
3743 3
3748 12
3752 12
3758 9
3759 3
3764 8
3768 12
3776 14
3780 4
3784 12
3792 19
3794 3
3800 18
3801 18
3802 18
3803 19
3804 11
3808 7
3810 3
3814 18
3815 12
3821 9
3823 5
3829 19
3831 10
3832 2
3841 15
3843 18
3844 20
3846 2
3855 5
3860 9
3861 11
3867 6
3875 18
3876 7
3878 7
3881 9
3883 17
3885 15
3887 9
3889 1
3898 12
3904 5
3909 18
3910 11
3917 7
3919 11
3924 2
3935 1
3944 7
3946 9
3947 17
3949 9
3951 6
3957 18
3958 20
3959 3
3964 5
3968 6
3972 8
3974 2
3983 12
3989 20
3990 7
3993 12
3999 14
4004 7
4007 18
4008 16
4010 21
4014 12
4020 4
4028 3
4035 19
4037 8
4039 14
4043 19
4044 1
4051 20
4053 18
4054 12
4058 11
4063 2
4072 18
4073 6
4079 17
4081 11
4088 15
4090 12
4096 11
4101 11
4108 7
4111 19
4112 11
4118 18
4119 19
4120 11
4126 16
4128 6
4134 10
4137 12
4145 11
4151 11
4157 11
4161 11
4166 11
4170 11
4174 17
4176 11
4183 2
4190 9
4191 11
4196 17
4198 3
4205 17
4207 9
4209 6
4217 15
4219 12
4225 20
4227 5
4234 20
4236 6
4242 10
4245 20
4247 4
4253 20
4254 1
4264 9
4265 7
4267 13
4272 8
4274 7
4276 1
4284 10
4285 17
4287 1
4294 9
4296 3
4300 11
4306 4
4312 17
4314 10
4317 13
4321 12
4327 4
4333 2
4342 14
4346 11
4352 1
4359 11
4363 11
4368 18
4369 11
4375 15
4377 5
4382 3
4387 13
4393 12
4399 19
4400 6
4406 21
4410 11
4416 18
4417 21
4421 21
4425 4
4431 1
4438 15
4440 5
4447 21
4451 9
4452 11
4459 20
4460 14
4465 18
4466 16
4468 13
4474 10
4477 19
4479 14
4483 16
4485 6
4491 18
4492 10
4493 13
4499 13
4503 17
4505 4
4513 11
4520 20
4522 11
4529 3
4536 19
4538 7
4540 9
4542 11
4546 12
4554 18
4555 21
4559 14
4564 11
4570 19
4572 10
4575 11
4580 19
4582 11
4587 1
4594 3
4598 14
4605 11
4610 20
4611 7
4613 15
4615 14
4622 5
4629 11
4636 20
4637 15
4639 5
4644 3
4649 16
4651 14
4657 11
4662 10
4665 11
4672 18
4673 12
4677 2
4686 2
4693 14
4697 5
4702 18
4703 1
4713 17
4715 2
4726 14
4732 5
4739 18
4740 15
4742 11
4746 11
4750 15
4752 10
4753 2
4762 4
4768 9
4770 13
4774 8
4776 14
4780 14
4785 18
4786 15
4788 7
4790 21
4794 1
4804 11
4808 2
4817 20
4818 18
4819 11
4824 12
4828 16
4830 10
4831 13
4837 11
4843 18
4844 21
4848 16
4850 10
4853 20
4855 18
4856 12
4864 12
4868 18
4869 12
4873 1
4883 4
4889 21
4893 12
4899 4
4905 6
4911 18
4912 18
4913 4
4921 9
4923 5
4928 7
4931 14
4937 11
4942 11
4949 6
4957 12
4963 17
4965 18
4966 16
4968 2
4977 11
4982 8
4986 17
4988 17
4990 12
4994 9
4996 15
4998 16
5000 16
5002 7
5005 21
5009 13
5014 18
5015 3
5020 21
5024 9
5026 9
5027 14
5033 12
5039 17
5041 11
5048 11
5055 14
5059 18
5060 11
5066 10
5067 17
5069 13
5074 11
5080 2
5089 11
5095 11
5102 14
5106 11
5113 10
5114 10
5115 13
5121 4
5127 13
5132 2
5143 12
5151 19
5153 11
5159 12
5165 12
5173 4
5181 18
5182 18
5183 13
5188 18
5189 14
5193 11
5200 19
5202 4
5210 11
5214 7
5217 16
5219 8
5223 3
5227 14
5231 11
5238 14
5244 12
5250 20
5251 12
5257 11
5261 17
5263 11
5268 21
5272 11
5276 1
5285 4
5291 18
5292 2
5303 11
5308 6
5314 8
5318 12
5322 16
5324 7
5327 13
5331 11
5338 11
5343 14
5348 10
5351 18
5352 21
5356 21
5360 10
5363 11
5367 9
5369 9
5370 6
5376 7
5379 19
5381 17
5383 19
5384 10
5385 9
5386 21
5390 20
5391 1
5401 20
5403 12
5409 18
5410 11
5414 15
5416 5
5420 12
5426 1
5433 21
5437 6
5441 2
5452 5
5458 3
5463 3
5470 20
5472 11
5478 6
5482 17
5484 11
5490 6
5496 16
5498 10
5501 14
5507 3
5511 3
5516 18
5517 21
5521 3
5525 12
5529 21
5533 18
5534 13
5538 18
5539 15
5541 11
5548 20
5549 6
5555 12
5563 18
5564 18
5565 12
5571 5
5577 5
5581 7
5584 8
5586 18
5587 1
5597 12
5601 14
5606 9
5607 3
5613 19
5614 10
5615 8
5617 5
5623 6
5629 3
5636 3
5642 8
5646 10
5649 7
5652 18
5653 15
5655 2
5662 6
5668 12
5674 11
5681 12
5685 3
5689 2
5698 4
5706 14
5711 8
5713 15
5715 14
5721 12
5727 8
5729 4
5735 6
5741 18
5742 12
5750 13
5755 16
5757 21
5761 18
5762 9
5763 15
5765 5
5769 3
5775 20
5777 9
5778 6
5784 16
5786 9
5788 20
5790 2
5797 12
5803 21
5807 4
5813 1
5823 6
5829 16
5831 19
5832 1
5842 13
5847 18
5848 11
5854 11
5860 17
5862 12
5870 12
5878 4
5886 20
5888 14
5894 20
5896 6
5904 17
5906 15
5908 18
5909 1
5918 12
5924 11
5929 11
5934 15
5936 8
5938 18
5939 13
5944 3
5951 5
5956 18
5957 12
5965 15
5967 21
5971 9
5973 15
5975 20
5977 1
5984 14
5991 18
5992 15
5994 11
5998 9
5999 9
6000 2
6009 15
6011 10
6014 11
6018 18
6019 2
6028 18
6029 9
6030 11
6035 18
6036 3
6042 18
6043 16
6045 21
6049 11
6056 12
6060 17
6062 12
6068 7
6070 13
6075 10
6076 10
6077 9
6078 8
6082 14
6089 12
6093 8
6095 21
6099 11
6104 15
6106 11
6110 20
6112 21
6116 15
6118 11
6123 16
6125 18
6126 5
6130 12
6134 9
6135 9
6137 17
6139 1
6149 10
6152 18
6153 2
6162 1
6170 13
6175 11
6181 20
6183 15
6185 18
6186 9
6187 15
6189 15
6191 14
6195 11
6199 1
6208 11
6213 11
6219 4
6225 12
6233 4
6239 5
6245 19
6246 8
6248 15
6250 19
6252 18
6253 8
6257 19
6258 2
6267 15
6269 20
6270 8
6272 4
6276 3
6281 2
6290 6
6294 19
6295 4
6301 11
6306 12
6312 9
6314 11
6318 5
6325 17
6327 14
6331 3
6337 17
6339 13
6345 12
6349 9
6350 12
6356 6
6362 12
6368 10
6369 12
6375 4
6381 11
6387 11
6394 14
6398 12
6404 16
6406 12
6414 14
6418 1
6426 2
6435 1
6445 8
6447 13
6452 20
6453 3
6458 4
6466 13
6471 11
6475 12
6481 8
6485 9
6486 11
6490 21
6494 12
6502 16
6504 4
6510 12
6514 1
6522 6
6530 5
6537 9
6538 5
6542 12
6546 12
6552 8
6556 14
6560 11
6567 8
6569 13
6574 11
6581 12
6589 11
6596 18
6597 2
6606 13
6611 13
6616 19
6617 9
6619 2
6630 11
6635 14
6641 16
6643 14
6648 8
6652 17
6654 14
6659 15
6661 18
6662 10
6665 11
6672 19
6673 17
6675 18
6676 12
6682 8
6684 16
6686 10
6687 21
6691 2
6702 11
6708 4
6714 11
6720 13
6725 13
6730 17
6732 18
6733 1
6741 14
6748 18
6749 21
6753 3
6758 19
6759 20
6761 2
6770 11
6775 13
6780 12
6786 1
6793 14
6797 2
6808 13
6812 14
6818 16
6820 1
6830 3
6836 3
6843 14
6847 19
6848 2
6855 14
6859 8
6861 15
6863 11
6870 11
6877 9
6878 13
6883 20
6884 14
6889 9
6890 10
6891 18
6892 3
6896 9
6897 5
6903 19
6904 17
6906 20
6908 11
6913 15
6915 20
6917 19
6918 12
6924 11
6930 20
6932 12
6940 11
6945 12
6953 11
6957 8
6961 5
6966 3
6970 11
6976 17
6978 4
6982 16
6984 15
6986 12
6992 12
6998 13
7003 3
7009 11
7015 8
7019 8
7021 12
7027 12
7035 16
7037 6
7041 5
7048 5
7052 16
7054 4
7060 11
7064 10
7067 8
7071 5
7077 12
7083 14
7088 5
7095 19
7096 17
7098 11
7102 19
7104 12
7112 4
7118 21
7122 19
7124 16
7126 18
7127 12
7131 3
7135 12
7141 8
7145 12
7151 11
7156 18
7157 4
7161 15
7163 9
7165 20
7166 3
7173 12
7179 18
7180 19
7182 6
7188 7
7191 20
7192 8
7194 13
7200 1
7208 17
7210 10
7211 16
7213 14
7218 9
7220 7
7223 16
7225 18
7226 6
7232 8
7236 14
7240 11
7245 9
7246 17
7248 12
7252 11
7258 3
7263 11
7267 8
7271 18
7272 19
7273 20
7274 9
7276 3
7283 11
7289 16
7291 19
7293 3
7299 10
7302 2
7311 15
7313 7
7315 11
7321 14
7326 12
7332 10
7333 11
7338 12
7344 21
7348 6
7356 10
7359 19
7360 16
7362 12
7368 20
7370 19
7371 10
7372 8
7376 16
7378 18
7379 11
7385 2
7394 11
7400 16
7402 10
7405 9
7406 11
7411 4
7417 2
7424 16
7426 7
7429 20
7431 15
7433 13
7437 17
7439 15
7441 21
7445 5
7449 15
7451 16
7453 14
7457 10
7458 11
7465 7
7467 12
7473 8
7477 8
7481 11
7487 2
7496 14
7503 13
7508 5
7512 12
7520 16
7522 11
7529 12
7535 16
7537 12
7543 3
7549 9
7551 8
7555 12
7561 7
7564 5
7568 8
7572 12
7576 11
7580 16
7582 10
7585 11
7589 11
7593 11
7600 19
7602 18
7603 11
7607 4
7611 20
7612 13
7617 12
7623 2
7632 13
7637 16
7639 4
7645 1
7654 17
7656 21
7660 21
7664 6
7672 6
7676 1
7684 12
7692 6
7698 20
7699 5
7706 6
7712 21
7716 6
7720 7
7723 5
7727 15
7729 20
7731 12
7735 12
7741 3
7748 11
7752 6
7760 12
7766 3
7772 3
7776 13
7781 8
7785 18
7786 12
7794 19
7795 6
7803 18
7804 14
7810 11
7816 7
7819 4
7825 3
7832 15
7834 11
7838 11
7842 9
7844 11
7849 4
7853 16
7855 18
7856 17
7858 13
7863 17
7865 14
7872 21
7876 20
7878 12
7884 7
7887 15
7889 9
7890 1
7899 16
7901 3
7908 21
7912 11
7919 9
7921 15
7923 3
7929 12
7935 6
7941 19
7943 3
7948 14
7954 9
7956 6
7964 2
7973 12
7979 1
7987 12
7993 4
8001 21
8005 18
8006 12
8012 6
8020 21
8024 14
8031 2
8038 3
8044 15
8046 14
8052 15
8054 16
8056 2
8067 5
8071 11
8077 19
8078 21
8082 18
8083 12
8091 11
8096 9
8098 16
8100 17
8102 13
8107 13
8112 2
8121 10
8124 3
8130 12
8138 20
8140 20
8141 7
8144 9
8145 15
8147 14
8154 1
8163 20
8165 17
8167 1
8174 16
8176 6
8180 8
8182 11
8186 12
8194 9
8196 5
8200 12
8208 3
8215 18
8216 13
8220 20
8221 12
8225 19
8227 12
8233 15
8235 8
8239 3
8243 19
8244 3
8250 12
8258 21
8262 13
8266 15
8268 7
8271 18
8272 8
8276 21
8280 2
8287 18
8288 21
8292 9
8294 6
8302 12
8308 6
8314 21
8318 5
8325 11
8330 21
8334 8
8336 17
8338 15
8340 16
8342 19
8344 19
8345 12
8349 11
8355 11
8361 12
8365 11
8369 11
8373 11
8380 12
8386 1
8395 2
8404 17
8406 2
8415 14
8419 4
8425 18
8426 19
8427 15
8429 20
8430 6
8436 12
8440 2
8449 1
8456 6
8462 15
8464 21
8468 6
8474 12
8480 10
8481 11
8485 17
8487 18
8488 11
8493 12
8499 17
8501 18
8502 2
8509 5
8514 11
8518 21
8522 11
8528 8
8532 5
8539 8
8543 11
8548 4
8554 20
8556 18
8557 21
8561 18
8562 12
8570 11
8575 14
8582 20
8583 18
8584 5
8588 12
8594 1
8602 14
8607 12
8613 19
8614 11
8618 6
8626 1
8633 8
8637 14
8642 9
8644 7
8646 15
8648 15
8650 1
8657 6
8663 18
8664 18
8665 16
8667 17
8669 17
8671 15
8673 21
8677 12
8681 7
8683 9
8684 1
8692 2
8701 19
8702 12
8706 9
8708 11
8714 6
8720 11
8725 13
8730 1
8739 7
8742 10
8743 1
8753 11
8758 12
8762 13
8768 12
8774 17
8776 18
8777 6
8783 18
8784 11
8790 8
8792 5
8796 21
8800 5
8807 7
8810 12
8818 3
8822 10
8825 3
8830 2
8839 12
8843 19
8844 3
8849 21
8853 15
8855 21
8859 11
8866 20
8868 10
8871 16
8873 6
8881 15
8883 17
8885 14
8889 15
8891 11
8897 12
8903 19
8905 15
8907 4
8915 16
8917 15
8919 12
8927 21
8931 16
8933 20
8935 6
8939 12
8943 4
8949 6
8957 15
8959 18
8960 14
8965 14
8971 11
8977 5
8982 8
8984 15
8986 6
8992 18
8993 20
8994 12
9000 19
9001 3
9007 7
9009 4
9015 10
9016 12
9020 17
9022 17
9024 4
9028 1
9036 21
9040 11
9045 12
9049 20
9051 8
9053 16
9055 12
9061 11
9066 7
9069 9
9070 19
9072 20
9073 4
9079 16
9081 7
9084 9
9086 18
9087 3
9091 9
9092 8
9096 15
9098 21
9102 4
9108 4
9112 12
9120 20
9121 14
9127 12
9133 9
9135 18
9136 15
9138 21
9142 12
9148 6
9154 15
9156 12
9164 16
9166 11
9170 15
9172 3
9179 18
9180 18
9181 8
9183 12
9191 14
9197 15
9199 4
9205 7
9207 11
9211 10
9212 18
9213 5
9218 16
9220 18
9221 10
9222 20
9223 14
9227 3
9231 11
9236 10
9239 11
9243 7
9245 6
9249 6
9257 21
9261 18
9262 6
9266 15
9268 16
9270 8
9274 13
9278 18
9279 9
9281 12
9287 18
9288 2
9299 11
9303 12
9311 21
9315 6
9319 5
9323 7
9325 13
9331 18
9332 11
9338 12
9344 20
9345 14
9349 1
9359 9
9360 7
9363 6
9371 12
9377 18
9378 5
9384 16
9386 2
9395 6
9403 14
9407 9
9409 18
9410 15
9412 20
9414 3
9419 16
9421 8
9425 18
9426 7
9428 5
9435 18
9436 14
9441 2
9452 16
9454 2
9463 5
9467 15
9469 21
9473 20
9475 15
9477 13
9482 4
9490 11
9494 21
9498 18
9499 13
9504 11
9509 9
9511 14
9516 18
9517 13
9521 4
9527 12
9531 11
9538 11
9544 17
9546 20
9547 16
9549 1
9556 11
9561 18
9562 6
9568 17
9570 9
9572 12
9578 11
9582 15
9584 1
9592 14
9596 11
9601 18
9602 5
9609 11
9615 12
9621 14
9627 16
9629 8
9631 20
9633 2
9642 10
9645 1
9652 18
9653 7
9656 18
9657 12
9665 21
9669 6
9677 15
9679 21
9683 11
9690 2
9701 14
9706 2
9715 15
9717 8
9719 8
9723 12
9729 18
9730 8
9734 5
9738 4
9742 20
9744 16
9746 9
9748 10
9749 9
9751 21
9755 18
9756 12
9760 21
9764 9
9766 9
9767 5
9772 18
9773 3
9780 13
9786 16
9788 12
9796 7
9799 12
9805 6
9813 18
9814 4
9822 12
9830 1
9837 11
9843 17
9845 8
9847 18
9848 6
9854 17
9856 18
9857 10
9858 11
9865 16
9867 20
9868 4
9872 14
9879 5
9884 11
9889 10
9890 9
9891 9
9893 20
9895 19
9896 12
9902 1
9911 20
9912 10
9915 15
9917 15
9919 18
9920 18
9921 21
9925 5
9929 15
9931 6
9937 13
9942 8
9946 12
9952 17
9954 3
9959 12
9963 2
9970 4
9976 3
9982 18
9983 13
9988 6
9996 20
9998 5
10005 8
10009 11
10014 10
10015 9
10016 18
10017 13
10023 5
10028 6
10032 11
10037 11
10044 4
10050 20
10051 5
10058 7
10061 5
10068 18
10069 5
10074 8
10078 5
10082 14
10087 11
10094 10
10097 8
10099 15
10101 10
10104 20
10106 13
10111 11
10115 19
10117 15
10119 12
10123 1
10132 13
10137 8
10139 7
10142 19
10143 11
10150 16
10152 11
10157 3
10162 11
10167 12
10171 16
10173 8
10175 3
10180 10
10181 18
10182 20
10184 13
10189 7
10192 21
10196 1
10204 17
10206 12
10212 13
10217 7
10220 11
10225 10
10228 1
10236 11
10243 11
10250 20
10252 18
10253 10
10256 5
10260 11
10267 12
10275 11
10280 18
10281 19
10282 5
10288 6
10294 19
10296 18
10297 12
10305 16
10307 11
10311 7
10313 13
10319 4
10327 18
10328 19
10330 15
10332 5
10338 14
10342 20
10343 12
10351 15
10353 6
10359 21
10363 19
10365 11
10370 2
10377 14
10383 7
10386 13
10392 14
10398 11
10403 20
10404 11
10409 10
10412 18
10413 9
10415 18
10416 6
10422 5
10426 4
10432 18
10433 15
10435 16
10437 19
10438 15
10440 6
10446 18
10447 20
10448 11
10454 10
10455 12
10461 9
10462 16
10464 1
10474 11
10479 10
10480 17
10482 18
10483 6
10489 7
10491 4
10497 16
10499 8
10501 5
10505 8
10509 11
10515 17
10517 7
10519 7
10522 15
10524 11
10528 15
10530 16
10532 21
10536 5
10542 18
10543 14
10549 11
10555 15
10557 13
10561 5
10567 7
10569 18
10570 19
10571 10
10572 3
10578 12
10586 9
10588 20
10589 9
10591 12
10595 21
10599 11
10603 17
10605 14
10611 15
10613 19
10615 11
10620 5
10624 2
10631 18
10632 9
10634 1
10643 2
10652 21
10656 1
10665 6
10671 14
10675 16
10677 6
10683 20
10684 8
10686 7
10689 11
10694 10
10695 18
10696 14
10701 15
10703 7
10706 18
10707 11
10711 10
10714 20
10716 17
10718 17
10720 18
10721 8
10725 1
10735 13
10741 18
10742 9
10744 6
10750 2
10759 21
10763 4
10769 17
10771 18
10772 12
10778 9
10779 13
10784 17
10786 17
10788 6
10794 19
10795 10
10796 15
10798 3
10804 14
10810 12
10816 12
10822 18
10823 19
10825 13
10830 3
10837 8
10841 12
10849 15
10851 11
10857 11
10863 5
10868 12
10876 8
10878 12
10882 11
10889 12
10895 11
10899 17
10901 18
10902 11
10908 4
10912 21
10916 1
10924 3
10929 3
10935 2
10944 12
10952 13
10957 21
10961 18
10962 19
10964 3
10970 18
10971 12
10979 11
10983 11
10989 8
10991 12
10999 21
11003 10
11004 11
11008 4
11014 13
11020 21
11024 12
11032 6
11038 12
11042 12
11050 19
11052 16
11054 3
11058 21
11062 20
11063 7
11066 20
11067 20
11068 6
11072 6
11078 18
11079 18
11080 8
11084 9
11086 11
11093 3
11098 6
11106 12
11112 3
11116 12
11122 19
11124 19
11126 6
11132 19
11134 5
11141 10
11142 9
11143 16
11145 10
11146 11
11150 14
11156 17
11158 15
11160 11
11165 10
11168 15
11170 1
11177 11
11181 9
11183 19
11185 13
11189 21
11193 11
11199 14
11203 7
11205 15
11207 20
11209 2
11218 20
11220 3
11225 1
11233 20
11235 17
11237 16
11239 8
11243 21
11247 3
11253 4
11261 21
11265 11
11272 17
11274 18
11275 16
11277 14
11284 18
11285 12
11291 8
11295 21
11299 16
11301 8
11305 11
11310 18
11311 2
11318 12
11324 20
11325 15
11327 18
11328 11
11333 10
11336 9
11337 11
11341 11
11345 18
11346 2
11355 11
11360 5
11366 11
11371 14
11376 6
11382 4
11388 11
11393 15
11395 17
11397 9
11398 4
11402 12
11406 14
11413 20
11415 1
11424 12
11430 13
11435 18
11436 2
11445 5
11450 9
11451 7
11453 4
11457 19
11458 14
11465 16
11467 14
11471 5
11478 5
11483 4
11489 12
11493 6
11497 3
11504 17
11506 11
11512 2
11521 15
11523 10
11524 5
11531 11
11537 5
11541 5
11545 9
11547 21
11551 17
11553 14
11559 18
11560 7
11562 13
11567 2
11576 5
11581 7
11584 1
11593 16
11595 17
11597 11
11602 11
11608 19
11609 1
11619 12
11627 12
11631 5
11637 14
11641 13
11645 2
11652 14
11657 11
11663 5
11668 9
11670 16
11672 3
11677 2
11686 12
11694 11
11700 2
11711 12
11717 4
11725 11
11729 3
11733 21
11737 21
11741 19
11743 12
11751 11
11757 12
11763 19
11765 11
11771 11
11777 11
11782 14
11789 11
11793 11
11799 11
11806 16
11808 6
11814 9
11816 14
11822 3
11829 11
11833 6
11839 14
11845 3
11850 20
11851 16
11853 2
11860 1
11870 9
11871 17
11873 11
11878 3
11884 17
11886 12
11892 19
11893 11
11898 8
11902 8
11906 13
11912 12
11918 2
11927 11
11933 1
11940 5
11947 7
11950 3
11957 11
11961 11
11967 3
11974 11
11980 14
11984 4
11990 20
11992 10
11995 6
11999 7
12001 13
12005 4
12009 1
12018 10
12021 18
12022 11
12028 1
12036 15
12038 2
12045 15
12047 16
12049 14
12054 15
12056 7
12059 10
12062 3
12069 12
12073 7
12076 14
12083 11
12087 21
12091 12
12097 20
12099 18
12100 9
12102 11
12108 18
12109 14
12113 1
12121 11
12126 6
12134 13
12140 5
12147 15
12149 3
12153 6
12161 1
12171 8
12175 18
12176 8
12180 18
12181 15
12183 15
12185 11
12191 12
12199 11
12204 17
12206 13
12210 13
12214 2
12223 16
12225 18
12226 11
12233 8
12237 6
12243 1
12250 1
12260 1
12268 1
12277 11
12281 18
12282 11
12288 14
12295 21
12299 9
12301 11
12306 11
12310 7
12312 18
12313 13
12317 12
12325 20
12327 11
12334 10
12337 9
12338 19
12339 19
12340 14
12345 18
12346 1
12353 17
12355 20
12356 6
12362 6
12370 18
12371 6
12377 11
12384 11
12389 14
12395 11
12402 3
12407 8
12411 6
12419 12
12423 11
12429 1
12438 11
12444 2
12455 12
12461 18
12462 1
12470 10
12473 12
12481 18
12482 11
12489 21
12493 3
12497 13
12503 11
12509 12
12513 1
12521 15
12523 11
12528 8
12530 2
12537 7
12539 18
12540 9
12541 6
12547 11
12553 3
12559 15
12561 2
12570 18
12571 11
12577 18
12578 12
12584 12
12592 13
12597 4
12603 3
12607 11
12612 12
12620 17
12622 11
12627 17
12629 14
12635 12
12643 11
12647 7
12650 7
12653 11
12657 12
12661 9
12663 18
12664 12
12672 11
12678 16
12680 2
12689 11
12696 12
12702 13
12707 3
12712 11
12718 1
12728 2
12737 20
12738 18
12739 16
12741 17
12743 2
12752 5
12759 20
12760 4
12764 20
12765 19
12767 21
12771 3
12776 16
12778 15
12780 21
12784 1
12792 12
12800 6
12808 1
12818 15
12820 11
12827 11
12832 6
12838 13
12843 18
12844 6
12848 8
12850 15
12852 18
12853 11
12857 15
12859 17
12861 11
12866 9
12868 6
12872 1
12880 16
12882 12
12886 13
12892 12
12898 12
12902 12
12910 19
12912 11
12917 2
12926 5
12931 10
12934 13
12939 19
12941 11
12948 12
12956 1
12963 16
12965 18
12966 16
12968 11
12972 11
12977 13
12981 12
12987 21
12991 2
12998 11
13005 12
13009 1
13019 7
13022 8
13024 11
13030 11
13037 11
13042 6
13050 11
13057 8
13059 11
13063 11
13069 6
13075 11
13079 1
13089 1
13099 21
13103 9
13104 1
13112 3
13117 12
13125 16
13127 17
13129 15
13131 5
13138 19
13140 5
13146 14
13153 8
13157 11
13163 11
13169 5
13174 21
13178 21
13182 9
13183 14
13188 12
13194 11
13198 3
13202 11
13206 3
13210 12
13218 8
13222 17
13224 20
13225 11
13232 3
13238 20
13240 10
13243 9
13244 12
13248 12
13254 12
13260 9
13261 12
13267 12
13273 15
13275 14
13282 16
13284 12
13288 10
13291 10
13294 2
13303 10
13304 12
13312 14
13316 18
13317 20
13318 17
13320 17
13322 18
13323 14
13329 1
13339 1
13346 15
13348 12
13354 7
13357 20
13359 18
13360 11
13367 4
13373 13
13377 11
13382 11
13388 8
13392 5
13396 15
13398 4
13406 14
13412 21
13416 3
13423 16
13425 10
13426 2
13437 15
13439 18
13440 13
13445 6
13453 1
13460 11
13466 11
13471 21
13475 4
13483 3
13490 12
13496 11
13503 2
13512 11
13518 21
13522 19
13524 14
13529 6
13533 2
13540 19
13541 16
13543 11
13549 11
13554 9
13556 2
13567 13
13572 11
13578 19
13579 11
13585 6
13591 14
13598 11
13602 15
13604 11
13610 11
13617 11
13624 13
13629 10
13630 18
13631 15
13633 8
13635 18
13636 10
13637 5
13641 18
13642 19
13644 11
13649 3
13653 2
13660 16
13662 2
13673 17
13675 16
13677 2
13684 5
13691 17
13693 13
13698 11
13702 11
13709 3
13716 11
13723 9
13724 21
13728 16
13730 15
13732 17
13734 11
13741 20
13742 18
13743 2
13752 15
13754 8
13756 7
13759 4
13767 17
13769 16
13771 19
13773 19
13775 16
13777 12
13783 19
13784 13
13789 1
13796 12
13802 3
13806 2
13813 20
13814 6
13820 6
13826 7
13828 4
13834 13
13838 6
13844 15
13846 6
13852 11
13857 4
13865 11
13870 15
13872 10
13873 10
13874 18
13875 16
13877 17
13879 12
13885 10
13886 3
13890 10
13893 15
13895 5
13899 7
13902 5
13906 4
13914 21
13918 10
13921 16
13923 9
13925 11
13929 17
13931 11
13936 10
13939 11
13944 15
13946 12
13952 18
13953 8
13957 12
13963 21
13967 11
13973 12
13977 4
13981 5
13987 4
13993 13
13999 13
14003 18
14004 8
14008 11
14014 11
14018 9
14019 17
14021 12
14027 13
14033 13
14037 15
14039 10
14040 2
14049 16
14051 12
14059 18
14060 2
14069 11
14074 12
14078 4
14084 11
14088 17
14090 13
14096 4
14102 6
14110 14
14115 11
14119 15
14121 15
14123 12
14131 11
14135 2
14144 19
14146 2
14155 18
14156 12
14164 15
14166 6
14174 18
14175 14
14179 17
14181 11
14185 15
14187 11
14193 14
14197 4
14203 2
14210 19
14211 20
14213 13
14219 2
14226 15
14228 8
14232 14
14239 11
14243 12
14249 13
14253 20
14254 11
14259 18
14260 8
14262 4
14268 17
14270 17
14272 3
14276 1
14285 4
14289 11
14296 17
14298 11
14303 5
14307 18
14308 20
14309 13
14314 10
14315 10
14316 11
14321 9
14322 20
14324 13
14330 2
14339 18
14340 1
14350 21
14354 13
14359 13
14364 1
14371 18
14372 6
14376 8
14378 21
14382 18
14383 2
14392 6
14400 3
14407 11
14412 4
14418 14
14425 2
14436 16
14438 17
14440 5
14444 6
14450 5
14456 16
14458 6
14462 15
14464 6
14468 15
14470 4
14474 9
14476 11
14482 12
14488 9
14490 19
14491 11
14498 12
14504 12
14510 21
14514 4
14522 10
14525 1
14534 12
14542 20
14543 19
14544 19
14546 17
14548 18
14549 18
14550 2
14559 12
14565 1
14574 7
14577 7
14580 2
14591 1
14601 10
14602 6
14608 12
14612 17
14614 16
14616 10
14619 11
14624 11
14628 15
14630 1
14637 16
14639 14
14645 1
14653 11
14657 12
14663 19
14665 10
14666 9
14668 16
14670 1
14680 3
14685 8
14687 21
14691 12
14695 13
14700 10
14703 12
14711 21
14715 11
14721 14
14728 7
14730 20
14731 10
14732 17
14734 13
14738 18
14739 2
14750 6
14758 8
14760 12
14766 6
14774 9
14775 18
14776 16
14778 20
14780 19
14782 15
14784 5
14789 5
14796 3
14801 8
14805 6
14811 16
14813 4
14819 19
14820 17
14822 11
14829 11
14833 2
14840 19
14841 12
14847 21
14851 4
14859 2
14868 17
14870 4
14874 12
14880 11
14886 6
14894 10
14895 5
14900 9
14901 5
14905 21
14909 15
14911 10
14912 17
14914 18
14915 19
14916 12
14920 1
14927 3
14932 15
14934 1
14942 9
14944 19
14946 15
14948 8
14952 17
14954 15
14956 1
14964 17
14966 11
14970 6
14976 18
14977 5
14981 13
14986 11
14993 10
14994 4
15002 13
15007 9
15009 17
15011 18
15012 3
15018 12
15022 1
15030 16
15032 4
15038 14
15044 12
15052 11
15059 19
15061 11
15066 4
15072 1
15081 11
15088 12
15096 9
15097 7
15100 12
15104 11
15109 10
15110 4
15118 1
15128 18
15129 20
15131 6
15139 2
15148 12
15152 8
15156 16
15158 11
15163 9
15164 4
15168 12
15176 12
15182 11
15189 18
15190 14
15197 20
15198 16
15200 3
15207 11
15213 2
15222 15
15224 21
15228 17
15230 21
15234 19
15236 16
15238 2
15249 15
15251 11
15257 21
15261 2
15270 2
15279 3
15283 13
15287 9
15288 2
15297 10
15298 1
15305 10
15306 18
15307 12
15313 18
15314 1
15321 8
15323 11
15328 7
15331 17
15333 11
15340 10
15341 7
15344 2
15353 19
15355 4
15361 15
15363 4
15369 15
15371 21
15375 8
15377 18
15378 1
15388 12
15392 1
15401 21
15405 14
15412 19
15413 18
15414 7
15416 10
15419 19
15420 18
15421 11
15425 15
15427 11
15434 20
15435 3
15441 16
15443 10
15444 8
15448 10
15449 5
15455 14
15459 13
15465 16
15467 12
15475 14
15482 11
15487 8
15491 5
15495 18
15496 1
15506 20
15507 12
15513 4
15521 3
15526 6
15532 18
15533 15
15535 3
15542 11
15546 2
15555 15
15557 11
15562 18
15563 11
15569 11
15576 1
15585 4
15589 17
15591 16
15593 10
15594 21
15598 3
15603 7
15605 9
15606 2
15613 1
15623 16
15625 11
15631 3
15636 3
15641 15
15643 4
15649 11
15654 14
15661 1
15669 14
15676 5
15681 21
15685 10
15688 3
15694 6
15700 14
15707 16
15709 7
15712 2
15723 5
15730 4
15734 17
15736 9
15737 11
15742 12
15748 16
15750 18
15751 9
15753 13
15757 11
15763 21
15767 18
15768 18
15769 8
15773 13
15778 12
15784 11
15790 3
15797 11
15802 13
15806 18
15807 12
15813 21
15817 12
15823 6
15829 13
15834 12
15838 18
15839 4
15843 12
15851 12
15857 18
15858 7
15861 13
15866 11
15873 18
15874 15
15876 20
15878 15
15880 19
15881 4
15885 17
15887 12
15895 17
15897 19
15898 14
15904 11
15911 10
15912 17
15914 1
15924 4
15930 18
15931 13
15935 11
15942 15
15944 7
15947 18
15948 11
15954 11
15958 10
15961 1
15968 12
15974 2
15981 9
15983 19
15984 8
15986 4
15990 4
15996 12
16004 8
16008 2
16017 11
16021 8
16025 12
16031 12
16037 9
16038 16
16040 11
16047 5
16051 21
16055 11
16060 7
16063 17
16065 12
16071 20
16073 20
16075 10
16078 4
16086 7
16089 2
16096 7
16099 18
16100 12
16108 13
16113 1
16122 11
16127 18
16128 18
16129 19
16130 1
16140 10
16141 19
16142 12
16146 21
16150 16
16152 21
16156 9
16158 18
16159 5
16166 4
16172 11
16178 16
16180 1
16188 12
16194 14
16201 11
16205 9
16206 12
16212 11
16216 8
16220 8
16222 11
16226 13
16230 14
16234 15
16236 17
16238 11
16244 11
16249 1
16256 9
16257 17
16259 18
16260 9
16262 2
16271 21
16275 11
16280 11
16287 12
16293 15
16295 10
16296 3
16301 19
16303 16
16305 5
16312 15
16314 18
16315 6
16321 8
16325 17
16327 11
16334 8
16336 21
16340 11
16346 8
16348 17
16350 18
16351 8
16353 4
16359 1
16368 18
16369 11
16374 20
16375 14
16381 18
16382 20
16384 12
16388 9
16389 17
16391 12
16397 11
16403 11
16410 17
16412 1
16419 12
16425 7
16427 1
16435 9
16436 5
16440 14
16445 6
16451 20
16452 20
16453 10
16454 18
16455 10
16458 15
16460 18
16461 9
16462 4
16466 3
16473 10
16476 4
16484 15
16486 4
16490 2
16499 7
16502 12
16506 12
16512 14
16516 21
16520 11
16524 17
16526 15
16528 12
16536 1
16546 11
16550 1
16560 11
16564 7
16566 14
16571 15
16573 15
16575 12
16579 11
16585 21
16589 20
16590 7
16592 11
16598 2
16607 3
16614 14
16619 18
16620 11
16624 4
16630 3
16636 20
16638 13
16644 7
16647 15
16649 14
16655 14
16661 11
16666 15
16668 12
16676 7
16678 19
16680 3
16687 16
16689 9
16690 16
16692 7
16694 16
16696 5
16700 12
16704 5
16711 12
16717 12
16721 21
16725 11
16731 11
16735 16
16737 19
16738 4
16742 21
16746 11
16753 5
16757 12
16763 12
16769 16
16771 16
16773 16
16775 12
16783 21
16787 11
16794 18
16795 14
16802 16
16804 10
16805 15
16807 5
16814 16
16816 20
16818 5
16822 18
16823 9
16825 1
16832 8
16834 11
16840 7
16842 20
16843 21
16847 8
16851 18
16852 11
16859 13
16864 11
16870 6
16876 18
16877 10
16880 1
16887 1
16894 11
16899 21
16903 11
16908 21
16912 2
16923 11
16927 18
16928 15
16930 14
16934 3
16938 13
16944 10
16945 15
16947 18
16948 1
16956 21
16960 13
16965 12
16971 15
16973 18
16974 10
16975 21
16979 21
16983 18
16984 6
16988 12
16994 1
17001 20
17003 20
17005 14
17010 4
17018 7
17021 11
17027 11
17031 12
17037 10
17038 11
17045 19
17046 20
17048 12
17056 3
17062 21
17066 20
17068 8
17070 14
17074 14
17081 11
17085 12
17093 5
17098 7
17100 18
17101 11
17105 13
17110 18
17111 2
17120 14
17125 3
17131 11
17135 20
17136 16
17138 4
17144 1
17151 9
17152 16
17154 8
17156 12
17164 19
17166 11
17173 14
17177 3
17181 2
17192 8
17196 10
17197 5
17202 12
17208 4
17212 11
17218 3
17223 5
17229 18
17230 11
17234 17
17236 6
17244 14
17249 18
17250 1
17259 2
17268 21
17272 15
17274 12
17280 12
17286 18
17287 3
17293 20
17294 11
17300 7
17303 20
17305 17
17307 18
17308 15
17310 2
17319 12
17327 16
17329 3
17333 5
17338 6
17346 9
17347 17
17349 9
17350 9
17351 1
17361 12
17367 6
17371 5
17375 6
17379 6
17385 18
17386 20
17388 7
17390 8
17394 15
17396 10
17397 11
17403 14
17409 11
17415 11
17420 21
17424 1
17431 4
17437 12
17443 12
17449 8
17453 17
17455 17
17457 17
17459 9
17460 2
17469 10
17472 5
17479 16
17481 15
17483 19
17485 16
17487 9
17489 18
17490 1
17498 17
17500 13
17505 13
17510 16
17512 7
17515 2
17524 18
17525 20
17526 1
17535 11
17540 3
17547 3
17551 4
17555 3
17562 18
17563 17
17565 13
17569 9
17570 6
17576 17
17578 14
17585 2
17594 14
17600 12
17606 15
17608 16
17610 7
17613 1
17620 9
17621 4
17627 11
17631 9
17633 3
17638 13
17642 21
17646 2
17653 13
17658 13
17664 21
17668 15
17670 16
17672 12
17680 14
17684 15
17686 7
17689 2
17698 14
17704 4
17710 18
17711 11
17717 3
17723 2
17732 9
17733 11
17737 14
17744 16
17746 11
17752 3
17757 12
17763 6
17769 4
17775 14
17781 12
17787 6
17791 5
17796 9
17798 12
17804 1
17813 2
17822 14
17829 10
17830 20
17832 12
17838 6
17846 8
17848 17
17850 12
17858 13
17862 6
17868 6
17876 18
17877 11
17883 15
17885 5
17891 18
17892 11
17896 18
17897 17
17899 21
17903 21
17907 17
17909 5
17913 8
17917 11
17922 19
17923 18
17924 5
17929 3
17936 5
17940 19
17942 9
17944 2
17953 17
17955 21
17959 2
17966 6
17972 4
17978 7
17981 8
17983 5
17990 15
17992 16
17994 12
18000 18
18001 12
18009 5
18014 9
18015 12
18019 2
18026 12
18032 13
18036 17
18038 6
18046 17
18048 11
18054 16
18056 11
18062 17
18064 6
18072 1
18082 16
18084 11
18089 16
18091 15
18093 10
18096 10
18099 8
18103 7
18105 12
18111 11
18117 12
18123 6
18129 11
18135 15
18137 21
18141 4
18149 7
18151 6
18157 6
18165 20
18167 15
18169 6
18177 13
18181 13
18187 11
18192 11
18197 4
18203 11
18210 7
18213 2
18222 17
18224 6
18232 11
18237 6
18245 1
18253 12
18261 16
18263 9
18264 10
18267 6
18273 15
18275 13
18280 18
18281 12
18287 12
18291 9
18292 11
18296 17
18298 9
18299 18
18300 13
18305 3
18312 2
18321 11
18327 18
18328 6
18332 12
18338 13
18342 18
18343 18
18344 7
18347 18
18348 20
18349 2
18360 5
18366 18
18367 18
18368 15
18370 11
18374 2
18383 17
18385 11
18390 19
18391 11
18395 17
18397 10
18400 19
18402 11
18407 11
18412 13
18418 20
18419 8
18423 18
18424 11
18430 1
18440 9
18442 4
18446 4
18450 6
18458 12
18462 11
18467 18
18468 11
18475 13
18479 11
18483 12
18487 16
18489 18
18490 16
18492 7
18495 6
18501 5
18507 19
18509 3
18513 3
18518 10
18519 11
18523 20
18525 20
18527 12
18531 12
18537 13
18543 12
18547 13
18551 1
18560 18
18561 17
18563 8
18567 12
18571 20
18573 20
18575 1
18585 10
18588 12
18596 13
18601 12
18609 17
18611 3
18616 16
18618 20
18619 11
18624 17
18626 11
18630 21
18634 11
18640 3
18647 4
18653 12
18659 11
18666 8
18670 11
18674 12
18680 20
18681 7
18683 7
18686 3
18693 9
18694 9
18695 9
18696 21
18700 14
18705 18
18706 18
18707 15
18709 12
18715 21
18719 15
18721 4
18727 20
18729 17
18731 8
18733 9
18734 11
18738 8
18742 13
18747 16
18749 18
18750 14
18757 18
18758 7
18761 18
18762 20
18764 12
18768 11
18772 11
18777 3
18783 1
18791 17
18793 6
18801 16
18803 16
18805 4
18813 20
18815 16
18817 10
18820 11
18826 10
18829 11
18836 14
18842 8
18844 5
18849 19
18851 2
18860 4
18864 16
18866 13
18872 19
18873 11
18878 4
18884 17
18886 3
18890 6
18896 13
18901 11
18905 12
18911 4
18917 17
18919 3
18923 4
18931 11
18938 10
18939 18
18940 5
18944 11
18949 17
18951 16
18953 18
18954 20
18955 19
18957 21
18961 21
18965 11
18971 15
18973 9
18975 20
18977 18
18978 15
18980 2
18991 11
18996 20
18997 8
19001 11
19006 11
19010 18
19011 3
19018 17
19020 12
19026 4
19032 8
19034 17
19036 11
19042 11
19048 9
19049 13
19053 4
19057 10
19058 3
19064 6
19072 18
19073 2
19084 14
19089 4
19095 13
19099 18
19100 13
19105 9
19106 14
19113 15
19115 20
19117 20
19118 16
19120 12
19126 17
19128 21
19132 16
19134 20
19135 9
19136 14
19143 6
19151 2
19160 15
19162 21
19166 12
19172 4
19178 14
19184 1
19193 11
19200 14
19205 12
19213 14
19220 3
19227 11
19231 7
19234 7
19236 1
19243 15
19245 13
19251 4
19257 11
19261 11
19267 1
19276 20
19278 21
19282 11
19288 14
19294 20
19296 2
19305 20
19307 13
19313 17
19315 16
19317 9
19319 18
19320 19
19321 19
19322 18
19323 13
19329 11
19333 21
19337 6
19341 15
19343 17
19345 18
19346 14
19351 17
19353 5
19358 11
19364 8
19366 12
19370 20
19372 6
19380 6
19384 11
19391 11
19398 20
19400 13
19405 19
19406 11
19412 11
19419 11
19424 12
19428 8
19430 12
19434 11
19441 12
19447 11
19454 19
19456 18
19457 5
19462 5
19469 9
19471 12
19475 10
19478 16
19480 11
19485 19
19487 7
19490 8
19494 11
19499 12
19503 20
19505 10
19506 18
19507 4
19513 21
19517 1
19524 14
19528 18
19529 17
19531 2
19542 12
19548 11
19553 4
19561 17
19563 14
19567 13
19572 9
19573 16
19575 8
19577 12
19585 15
19587 12
19595 17
19597 9
19598 12
19602 13
19607 17
19609 18
19610 17
19612 11
19617 9
19618 14
19624 3
19628 14
19633 5
19640 11
19645 6
19651 4
19659 11
19664 15
19666 6
19672 21
19676 17
19678 11
19682 12
19686 1
19694 15
19696 19
19698 3
19703 18
19704 3
19709 10
19710 10
19713 15
19715 15
19717 18
19718 16
19720 1
19728 8
19732 17
19734 12
19740 3
19745 5
19749 9
19751 5
19755 12
19763 14
19770 11
19776 14
19783 4
19791 18
19792 11
19797 12
19803 14
19808 17
19810 1
19819 12
19825 11
19829 15
19831 11
19837 19
19838 6
19842 9
19844 14
19849 12
19855 2
19862 21
19866 12
19872 1
19882 1
19891 11
19896 16
19898 11
19902 17
19904 2
19913 18
19914 4
19920 11
19926 17
19928 12
19934 17
19936 15
19938 9
19939 18
19940 21
19944 14
19951 1
19959 4
19963 10
19964 7
19966 6
19972 4
19978 11
19984 14
19990 18
19991 2
20000 21
20004 11
20009 13
20014 11
20019 11
20023 21
20027 3
20034 7
20037 4
20041 2
20048 2
20057 13
20062 16
20064 16
20066 12
20070 16
20072 20
20074 8
20076 4
20080 1
20089 5
20096 21
20100 11
20106 6
20112 15
20114 21
20118 11
20125 8
20127 17
20129 3
20135 20
20137 8
20141 10
20142 15
20144 7
20147 17
20149 15
20151 18
20152 11
20159 7
20162 7
20164 3
20168 12
20172 18
20173 11
20178 3
20184 20
20185 12
20191 7
20194 6
20200 17
20202 9
20203 14
20208 20
20209 15
20211 11
20216 7
20219 9
20221 18
20222 12
20226 5
20233 21
20237 13
20241 18
20242 4
20248 3
20254 11
20261 11
20268 19
20269 1
20277 18
20278 8
20280 12
20284 5
20289 8
20293 6
20297 2
20308 4
20312 18
20313 18
20314 15
20316 9
20317 5
20323 11
20330 13
20335 16
20337 3
20344 12
20350 12
20356 7
20358 12
20364 5
20371 1
20379 11
20384 11
20388 2
20395 18
20396 11
20403 20
20405 15
20407 18
20408 7
20411 13
20415 6
20421 13
20426 5
20430 4
20438 12
20444 17
20446 12
20454 12
20460 3
20465 3
20470 21
20474 8
20476 2
20487 15
20489 11
20496 16
20498 7
20500 1
20509 21
20513 9
20514 10
20517 5
20523 18
20524 5
20528 19
20529 19
20531 18
20532 13
20536 1
20545 11
20549 20
20550 20
20552 15
20554 8
20558 9
20559 1
20568 2
20575 5
20580 3
20586 11
20593 18
20594 11
20601 11
20608 14
20614 11
20621 9
20623 4
20627 2
20634 15
20636 8
20640 21
20644 21
20648 4
20656 16
20658 13
20664 12
20670 11
20677 5
20684 18
20685 15
20687 19
20688 12
20694 6
20700 10
20703 17
20705 18
20706 19
20707 15
20709 14
20716 11
20722 11
20727 7
20730 18
20731 6
20739 20
20741 13
20746 4
20752 1
20760 21
20764 11
20771 19
20772 3
20778 7
20780 11
20784 1
20792 15
20794 1
20804 14
20808 12
20814 8
20816 14
20822 15
20824 12
20830 14
20836 16
20838 9
20839 13
20844 16
20846 13
20850 7
20852 21
20856 1
20863 14
20870 2
20881 12
20887 3
20892 15
20894 11
20900 15
20902 21
20906 7
20908 12
20912 8
20914 11
20921 11
20925 5
20932 18
20933 8
20935 4
20939 10
20940 14
20946 2
20957 18
20958 18
20959 18
20960 8
20964 11
20969 2
20978 5
20985 11
20991 15
20993 11
20998 4
21006 11
21013 7
21016 21
21020 18
21021 11
21026 6
21032 10
21035 18
21036 14
21040 18
21041 14
21047 6
21053 15
21055 21
21059 21
21063 17
21065 5
21070 21
21074 8
21078 10
21081 21
21085 9
21087 18
21088 12
21096 12
21102 10
21103 12
21107 1
21115 20
21116 1
21125 11
21131 5
21135 3
21139 12
21147 8
21151 2
21160 20
21161 7
21163 10
21164 12
21170 19
21172 11
21177 21
21181 14
21185 3
21189 13
21194 4
21202 3
21206 18
21207 19
21209 15
21211 12
21217 8
21219 10
21222 1
21231 12
21239 3
21243 1
21253 18
21254 12
21260 15
21262 6
21266 20
21268 11
21275 12
21281 11
21288 13
21292 2
21301 12
21307 11
21311 21
21315 8
21319 4
21323 15
21325 1
21334 7
21336 7
21338 11
21345 2
21356 15
21358 12
21362 12
21368 16
21370 17
21372 15
21374 3
21380 5
21385 12
21389 4
21397 13
21403 15
21405 6
21411 14
21415 9
21417 2
21426 21
21430 12
21436 15
21438 17
21440 11
21446 12
21454 1
21461 17
21463 21
21467 9
21468 20
21470 12
21476 21
21480 12
21488 12
21492 9
21494 14
21500 17
21502 9
21504 11
21511 4
21515 18
21516 18
21517 8
21521 12
21527 9
21529 9
21530 12
21536 11
21540 3
21545 14
21549 18
21550 21
21554 4
21560 20
21562 2
21569 12
21577 7
21580 12
21584 18
21585 3
21591 18
21592 16
21594 13
21598 19
21599 18
21600 5
21604 17
21606 10
21607 18
21608 17
21610 5
21616 16
21618 15
21620 5
21625 10
21628 11
21635 16
21637 16
21639 11
21646 2
21655 7
21658 15
21660 10
21661 16
21663 21
21667 16
21669 9
21671 10
21672 16
21674 15
21676 12
21684 12
21690 12
21694 11
21699 19
21701 4
21707 4
21715 11
21722 9
21723 2
21730 18
21731 3
21735 12
21743 12
21749 11
21754 20
21756 20
21757 16
21759 14
21765 17
21767 21
21771 1
21780 21
21784 18
21785 16
21787 18
21788 12
21794 16
21796 20
21798 3
21803 3
21808 4
21814 4
21818 14
21824 14
21828 16
21830 9
21832 11
21838 16
21840 12
21846 6
21850 10
21851 12
21859 5
21863 9
21865 13
21870 8
21872 18
21873 12
21877 12
21883 1
21890 1
21897 10
21900 12
21906 9
21908 16
21910 1
21920 3
21924 21
21928 1
21937 18
21938 9
21940 18
21941 10
21944 1
21951 9
21953 18
21954 19
21956 10
21959 14
21963 17
21965 6
21971 8
21973 20
21974 12
21978 21
21982 8
21984 16
21986 9
21988 6
21996 9
21997 16
21999 12
22005 6
22013 19
22014 7
22017 5
22023 12
22027 12
22031 19
22032 7
22035 4
22041 3
22047 11
22051 15
22053 13
22057 18
22058 12
22064 20
22065 18
22066 12
22070 10
22073 18
22074 6
22078 9
22080 9
22082 1
22091 16
22093 13
22097 15
22099 10
22100 13
22104 13
22108 20
22110 16
22112 13
22118 15
22120 17
22122 11
22128 11
22134 9
22136 11
22141 19
22142 3
22146 12
22154 18
22155 10
22156 14
22161 20
22162 11
22166 10
22169 8
22171 19
22172 7
22175 12
22181 15
22183 13
22188 17
22190 11
22197 11
22203 16
22205 17
22207 12
22213 13
22218 5
22223 11
22227 21
22231 15
22233 14
22239 6
22243 12
22251 18
22252 5
22259 19
22260 12
22266 20
22268 8
22272 8
22274 8
22276 12
22282 2
22291 11
22295 5
22300 2
22307 21
22311 9
22312 11
22318 16
22320 11
22324 8
22328 13
22333 4
22337 20
22339 12
22347 10
22350 9
22352 8
22354 21
22358 19
22359 4
22365 8
22369 1
22376 11
22383 19
22385 9
22386 19
22387 7
22389 4
22393 12
22399 12
22407 17
22409 17
22411 7
22414 11
22420 5
22427 12
22433 9
22434 11
22440 12
22444 14
22448 10
22451 17
22453 4
22459 20
22460 12
22466 3
22471 10
22472 21
22476 12
22484 7
22487 9
22488 11
22494 5
22499 1
22506 17
22508 19
22509 18
22510 6
22516 8
22520 10
22521 6
22529 3
22536 20
22538 20
22539 4
22545 11
22551 16
22553 21
22557 12
22565 7
22567 3
22571 7
22573 4
22579 12
22587 20
22588 10
22589 15
22591 1
22599 18
22600 1
22607 17
22609 12
22613 20
22615 6
22619 18
22620 6
22626 17
22628 11
22635 9
22637 17
22639 9
22641 12
22645 20
22647 10
22650 15
22652 8
22654 11
22660 11
22664 1
22674 10
22675 3
22680 17
22682 17
22684 10
22685 13
22691 10
22692 19
22693 5
22698 8
22700 10
22703 16
22705 5
22711 8
22715 11
22720 11
22726 16
22728 11
22734 8
22736 5
22742 15
22744 12
22750 17
22752 9
22754 18
22755 18
22756 11
22762 17
22764 3
22770 18
22771 11
22776 15
22778 11
22783 1
22792 11
22799 3
22805 11
22809 13
22814 11
22819 14
22825 20
22827 11
22834 13
22840 12
22844 11
22851 11
22856 10
22859 1
22866 2
22875 7
22878 7
22881 18
22882 12
22888 2
22897 11
22901 18
22902 17
22904 2
22913 1
22920 18
22921 12
22927 11
22932 17
22934 1
22944 20
22946 10
22949 21
22953 20
22954 15
22956 3
22961 3
22966 5
22970 18
22971 18
22972 21
22976 14
22983 2
22992 7
22994 19
22996 18
22997 11
23003 20
23005 12
23011 14
23018 6
23024 12
23030 11
23035 11
23040 18
23041 1
23050 12
23056 6
23062 8
23064 12
23068 20
23070 15
23072 20
23074 16
23076 12
23082 13
23088 12
23094 21
23098 9
23100 20
23102 18
23103 6
23109 19
23111 17
23113 13
23119 20
23120 17
23122 17
23124 20
23126 9
23127 3
23131 8
23135 3
23139 21
23143 3
23150 20
23151 16
23153 12
23157 5
23162 13
23168 15
23170 9
23171 7
23174 21
23178 9
23180 21
23184 19
23186 12
23192 16
23194 5
23199 14
23205 11
23209 11
23216 18
23217 18
23218 21
23222 18
23223 10
23224 7
23227 11
23233 16
23235 12
23239 5
23245 2
23252 10
23253 18
23254 7
23257 6
23265 15
23267 1
23274 5
23279 11
23284 12
23290 11
23295 15
23297 2
23306 4
23310 15
23312 5
23316 4
23320 14
23324 6
23330 1
23337 6
23343 13
23348 7
23351 16
23353 12
23359 11
23366 21
23370 13
23374 4
23380 4
23384 21
23388 19
23390 8
23394 12
23400 4
23406 11
23410 4
23414 5
23420 12
23426 1
23435 11
23440 11
23445 6
23451 11
23455 17
23457 5
23463 15
23465 5
23471 16
23473 17
23475 8
23477 18
23478 18
23479 12
23485 5
23490 4
23496 11
23502 9
23504 5
23508 11
23513 12
23519 12
23523 14
23527 11
23534 14
23541 13
23547 8
23549 11
23553 11
23558 15
23560 8
23564 16
23566 16
23568 11
23575 10
23578 11
23585 15
23587 6
23591 4
23597 7
23599 16
23601 6
23605 11
23611 18
23612 12
23618 7
23620 21
23624 5
23631 3
23636 12
23644 9
23646 12
23652 12
23660 2
23669 13
23674 12
23680 1
23687 18
23688 11
23692 18
23693 9
23694 11
23698 3
23705 19
23706 11
23713 11
23718 11
23722 16
23724 20
23725 9
23726 17
23728 4
23736 14
23743 14
23750 8
23752 12
23760 12
23768 11
23773 21
23777 21
23781 14
23787 12
23793 21
23797 15
23799 4
23807 5
23814 14
23821 3
23825 11
23829 11
23833 7
23835 2
23842 18
23843 5
23847 12
23853 7
23856 4
23864 9
23866 1
23873 5
23878 18
23879 11
23884 1
23893 17
23895 12
23901 17
23903 8
23905 19
23906 3
23910 21
23914 17
23916 18
23917 15
23919 21
23923 6
23927 2
23938 18
23939 12
23943 1
23952 19
23953 13
23959 5
23964 6
23970 3
23975 1
23984 10
23987 12
23995 13
24001 5
24006 8
24010 13
24016 17
24018 1
24026 19
24028 2
24039 21
24043 19
24045 18
24046 9
24048 11
24052 16
24054 16
24056 10
24059 6
24065 2
24076 11
24081 16
24083 7
24086 21
24090 13
24095 11
24100 17
24102 5
24107 17
24109 6
24115 13
24119 1
24128 15
24130 14
24135 11
24140 16
24142 7
24144 7
24146 7
24148 18
24149 21
24153 15
24155 9
24157 8
24159 5
24164 14
24171 18
24172 20
24174 21
24178 13
24183 9
24185 7
24188 12
24196 11
24201 3
24206 2
24217 19
24219 1
24229 11
24233 7
24236 13
24241 4
24249 12
24253 18
24254 16
24256 6
24262 8
24266 8
24268 19
24269 14
24276 18
24277 2
24286 1
24294 21
24298 8
24300 11
24305 11
24312 11
24318 10
24319 1
24326 6
24332 2
24339 7
24342 2
24351 18
24352 13
24356 3
24363 17
24365 10
24368 12
24376 9
24378 12
24384 17
24386 6
24394 9
24396 18
24397 8
24401 20
24402 13
24408 11
24414 6
24422 18
24423 17
24425 12
24433 8
24435 13
24441 21
24445 1
24454 11
24460 16
24462 6
24466 21
24470 3
24477 1
24485 12
24491 21
24495 14
24502 3
24509 21
24513 15
24515 13
24520 14
24526 8
24530 11
24534 7
24537 7
24540 5
24545 12
24551 11
24557 12
24563 19
24564 15
24566 17
24568 20
24569 20
24571 8
24573 1
24583 4
24591 11
24598 20
24600 7
24603 15
24605 11
24612 1
24622 18
24623 11
24629 14
24633 18
24634 11
24641 15
24643 11
24649 1
24658 12
24664 20
24666 2
24677 11
24684 12
24688 8
24692 15
24694 21
24698 20
24700 20
24702 2
24709 14
24716 21
24720 4
24724 8
24726 11
24733 11
24738 15
24740 5
24745 14
24752 14
24758 1
24768 14
24775 4
24781 8
24783 9
24784 16
24786 18
24787 19
24788 3
24792 17
24794 3
24798 14
24805 11
24810 12
24818 12
24826 16
24828 9
24829 7
24832 18
24833 19
24834 7
24837 17
24839 14
24845 19
24847 3
24853 8
24857 10
24860 14
24866 6
24874 2
24881 13
24885 17
24887 8
24889 12
24895 3
24902 17
24904 16
24906 3
24910 18
24911 17
24913 18
24914 14
24921 19
24923 18
24924 11
24930 12
24938 14
24943 18
24944 20
24945 19
24947 19
24948 10
24949 10
24952 9
24954 3
24959 9
24961 21
24965 18
24966 18
24967 13
24971 18
24972 13
24977 7
24980 12
24988 8
24990 18
24991 14
24998 6
25004 19
25005 12
25013 11
25017 15
25019 20
25020 11
25024 10
25027 9
25028 13
25032 11
25036 20
25038 18
25039 19
25041 6
25045 11
25052 17
25054 16
25056 19
25058 11
25063 15
25065 13
25070 13
25076 4
25082 19
25083 12
25087 20
25088 20
25089 6
25095 11
25102 15
25104 17
25106 10
25109 12
25117 1
25126 12
25132 11
25136 13
25140 4
25146 16
25148 19
25150 17
25152 12
25158 1
25167 9
25169 18
25170 14
25176 11
25181 1
25190 9
25192 10
25195 8
25197 10
25198 12
25206 3
25212 3
25219 8
25221 5
25227 20
25229 2
25238 6
25244 2
25253 12
25257 2
25266 11
25272 18
25273 14
25278 6
25286 7
25288 9
25289 11
25296 5
25302 13
25308 11
25312 13
25318 7
25320 3
25325 16
25327 4
25331 15
25333 11
25340 21
25344 14
25349 18
25350 18
25351 18
25352 9
25354 16
25356 19
25358 7
25361 5
25367 10
25368 3
25374 17
25376 10
25379 7
25382 8
25384 11
25391 9
25392 5
25397 11
25404 11
25411 17
25413 12
25417 21
25421 12
25427 19
25428 12
25434 18
25435 21
25439 11
25445 4
25451 12
25457 6
25463 11
25468 6
25474 13
25479 11
25486 21
25490 17
25492 21
25496 12
25502 2
25513 6
25519 15
25521 18
25522 17
25524 19
25525 8
25529 7
25531 3
25538 13
25543 14
25548 16
25550 6
25556 3
25561 11
25567 11
25573 6
25581 21
25585 11
25589 21
25593 6
25601 2
25612 1
25622 1
25631 18
25632 2
25639 11
25646 5
25651 11
25656 4
25660 10
25661 15
25663 18
25664 11
25669 12
25677 9
25678 4
25684 11
25689 19
25690 14
25697 3
25702 19
25704 8
25708 8
25712 13
25716 19
25718 4
25724 5
25730 12
25736 19
25737 9
25739 12
25747 19
25749 7
25752 2
25761 16
25763 21
25767 16
25769 12
25775 11
25779 15
25781 21
25785 8
25787 18
25788 15
25790 12
25796 2
25807 8
25809 19
25811 17
25813 16
25815 11
25822 14
25829 21
25833 12
25839 3
25845 17
25847 11
25852 2
25863 16
25865 14
25869 15
25871 2
25878 5
25884 6
25888 11
25893 8
25897 11
25901 6
25909 10
25910 14
25917 11
25923 12
25931 5
25935 12
25943 18
25944 13
25949 7
25951 11
25956 7
25959 12
25965 21
25969 15
25971 18
25972 17
25974 11
25978 7
25980 17
25982 4
25988 15
25990 5
25995 15
25997 6
26005 7
26008 9
26009 10
26012 6
26018 8
26022 16
26024 16
26026 9
26028 5
26033 9
26035 18
26036 11
26043 14
26048 12
26054 12
26060 16
26062 6
26066 11
26072 8
26074 1
26082 7
26085 5
26092 3
26099 8
26101 8
26105 11
26110 7
26113 2
26120 5
26124 4
26130 11
26135 5
26141 17
26143 12
26149 20
26151 7
26154 4
26162 7
26164 2
26173 21
26177 11
26182 8
26186 13
26192 7
26195 17
26197 1
26207 21
26211 14
26218 16
26220 21
26224 16
26226 11
26231 13
26235 7
26237 3
26244 12
26252 10
26253 16
26255 10
26258 12
26264 14
26268 11
26273 9
26275 12
26281 12
26285 21
26289 11
26296 17
26298 18
26299 10
26300 19
26302 6
26306 13
26310 13
26315 4
26323 18
26324 18
26325 6
26331 16
26333 11
26340 21
26344 3
26348 1
26356 15
26358 11
26365 6
26369 5
26376 20
26377 17
26379 11
26383 12
26391 19
26393 20
26395 11
26399 10
26402 8
26406 11
26411 13
26416 2
26425 21
26429 6
26437 3
26442 19
26443 17
26445 16
26447 9
26448 15
26450 12
26458 1
26467 6
26471 6
26477 20
26478 11
26483 15
26485 9
26486 11
26491 3
26498 2
26505 15
26507 12
26513 18
26514 7
26516 10
26517 21
26521 14
26526 16
26528 11
26534 4
26538 20
26539 9
26541 14
26546 3
26553 20
26554 11
26560 20
26562 7
26564 21
26568 12
26574 3
26578 12
26584 8
26588 12
26592 1
26602 9
26603 12
26607 10
26608 12
26616 6
26620 21
26624 9
26626 18
26627 10
26628 12
26636 16
26638 6
26642 11
26647 8
26651 21
26655 6
26661 18
26662 11
26669 12
26673 11
26677 13
26681 6
26687 12
26691 6
26697 12
26703 14
26708 17
26710 18
26711 15
26713 2
26722 19
26723 10
26724 11
26731 12
26739 3
26744 4
26750 15
26752 20
26753 21
26757 11
26763 2
26772 7
26774 2
26785 17
26787 12
26795 11
26799 11
26804 9
26805 21
26809 4
26815 8
26819 13
26824 6
26830 9
26831 14
26836 14
26840 8
26844 10
26845 4
26849 18
26850 4
26856 21
26860 11
26867 16
26869 14
26875 15
26877 9
26878 4
26882 10
26883 7
26886 15
26888 10
26889 4
26893 2
26904 18
26905 9
26907 18
26908 17
26910 6
26918 12
26922 14
26929 1
26939 11
26946 18
26947 15
26949 8
26951 9
26953 13
26959 11
26964 6
26970 3
26975 6
26979 4
26987 14
26994 19
26995 6
26999 5
27005 16
27007 16
27009 16
27011 7
27014 20
27015 13
27021 11
27028 8
27030 6
27036 16
27038 3
27042 14
27047 8
27049 11
27055 13
27060 4
27066 12
27070 9
27071 3
27077 18
27078 16
27080 14
27086 20
27087 6
27093 2
27100 6
27108 19
27110 3
27115 11
27122 11
27127 9
27129 1
27139 21
27143 12
27149 12
27155 4
27161 4
27165 3
27172 11
27176 9
27178 12
27182 18
27183 18
27184 21
27188 12
27196 18
27197 5
27202 21
27206 20
27207 11
27211 18
27212 20
27214 16
27216 14
27223 3
27227 13
27231 12
27237 16
27239 7
27242 10
27243 13
27248 8
27250 6
27256 5
27262 11
27267 14
27273 3
27279 7
27281 18
27282 2
27291 20
27293 20
27294 11
27301 17
27303 12
27307 18
27308 15
27310 13
27314 12
27320 12
27326 14
27332 12
27340 5
27347 14
27351 14
27355 10
27358 17
27360 1
27368 5
27375 6
27383 10
27386 10
27387 8
27391 9
27392 3
27397 12
27405 18
27406 5
27412 9
27413 6
27417 4
27425 1
27435 11
27441 11
27447 12
27453 11
27460 1
27469 10
27470 17
27472 5
27479 14
27485 18
27486 16
27488 9
27490 18
27491 10
27494 18
27495 7
27498 9
27500 17
27502 16
27504 21
27508 11
27514 18
27515 11
27521 19
27522 12
27526 4
27532 19
27534 8
27536 12
27542 18
27543 2
27554 17
27556 13
27561 11
27566 15
27568 12
27576 10
27579 11
27585 7
27587 18
27588 18
27589 4
27595 5
27600 17
27602 2
27613 18
27614 11
27619 10
27620 11
27626 21
27630 11
27636 17
27638 20
27639 2
27648 11
27655 6
27661 14
27666 17
27668 10
27669 21
27673 15
27675 14
27680 3
27686 7
27689 16
27691 14
27696 8
27700 3
27704 11
27708 7
27711 20
27713 16
27715 20
27717 19
27718 20
27719 12
27723 1
27731 18
27732 3
27739 3
27746 18
27747 9
27749 7
27751 4
27755 16
27757 16
27759 11
27763 18
27764 5
27771 18
27772 5
27776 4
27782 19
27783 13
27789 9
27790 18
27791 9
27793 9
27795 16
27797 9
27799 18
27800 15
27802 8
27806 18
27807 3
27814 15
27816 12
27820 11
27824 11
27831 12
27839 4
27843 6
27849 15
27851 15
27853 7
27856 4
27862 15
27864 11
27869 7
27871 14
27875 11
27881 18
27882 16
27884 4
27892 11
27898 2
27907 15
27909 6
27915 3
27922 17
27924 16
27926 7
27928 12
27932 1
27940 3
27945 7
27948 12
27954 11
27960 20
27962 5
27968 16
27970 9
27972 5
27978 3
27985 11
27992 3
27999 2
28006 4
28012 3
28017 14
28024 12
28028 17
28030 8
28032 12
28036 7
28038 2
28047 20
28048 5
28052 11
28059 9
28061 20
28063 8
28065 21
28069 12
28073 7
28075 18
28076 9
28078 19
28079 9
28081 6
28085 7
28088 2
28097 19
28099 18
28100 14
28106 5
28111 12
28115 3
28121 11
28126 2
28135 10
28136 7
28139 7
28141 13
28145 20
28146 17
28148 7
28151 11
28156 5
28161 17
28163 20
28164 12
28168 13
28173 17
28175 10
28178 16
28180 11
28184 15
28186 16
28188 10
28189 20
28191 7
28193 5
28197 12
28201 11
28206 8
28210 12
28214 8
28216 7
28219 1
28228 6
28234 4
28240 19
28242 8
28244 8
28246 20
28248 18
28249 13
28254 11
28260 10
28263 12
28269 13
28274 19
28276 4
28282 16
28284 11
28290 10
28291 1
28301 19
28303 20
28305 20
28306 12
28314 20
28316 15
28318 11
28323 12
28329 10
28332 1
28341 18
28342 12
28346 17
28348 7
28351 9
28353 12
28359 18
28360 16
28362 21
28366 17
28368 20
28369 13
28375 18
28376 19
28378 16
28380 12
28386 19
28388 13
28393 8
28395 1
28403 8
28405 8
28407 8
28409 3
28416 19
28417 7
28419 13
28423 12
28429 4
28435 12
28439 18
28440 11
28446 5
28450 10
28453 13
28459 18
28460 5
28465 10
28466 11
28471 18
28472 11
28477 5
28483 2
28492 3
28498 12
28502 16
28504 2
28513 4
28517 12
28525 12
28533 13
28538 4
28544 7
28547 11
28553 17
28555 11
28562 5
28567 12
28575 7
28578 11
28582 15
28584 5
28588 19
28589 1
28597 4
28601 5
28605 15
28607 11
28613 18
28614 10
28617 2
28624 8
28626 21
28630 15
28632 4
28638 11
28643 13
28648 13
28654 2
28663 12
28667 2
28676 12
28684 11
28690 15
28692 11
28699 21
28703 11
28708 20
28710 13
28716 15
28718 12
28724 6
28730 14
28736 11
28743 12
28751 10
28752 15
28754 3
28759 16
28761 19
28762 20
28764 4
28772 19
28773 13
28778 6
28782 11
28786 3
28793 13
28798 21
28802 17
28804 11
28810 16
28812 12
28818 10
28819 16
28821 10
28824 10
28827 13
28833 12
28841 17
28843 6
28849 11
28855 6
28861 17
28863 11
28868 12
28874 18
28875 13
28879 19
28881 19
28882 12
28888 1
28897 3
28903 7
28905 11
28911 3
28916 5
28923 19
28925 14
28929 6
28933 18
28934 8
28938 2
28947 4
28953 15
28955 18
28956 1
28966 9
28967 17
28969 17
28971 6
28975 14
28982 6
28986 20
28987 12
28993 12
28997 20
28999 15
29001 11
29005 8
29007 11
29014 18
29015 7
29017 11
29023 8
29025 6
29033 8
29035 19
29037 18
29038 4
29044 21
29048 12
29052 11
29059 11
29065 19
29067 14
29073 14
29077 15
29079 1
29087 11
29092 12
29100 5
29104 11
29109 15
29111 17
29113 18
29114 12
29122 11
29129 7
29132 9
29134 11
29138 6
29142 12
29148 12
29154 18
29155 19
29157 9
29159 18
29160 15
29162 15
29164 3
29169 12
29175 1
29182 17
29184 1
29192 15
29194 7
29197 2
29206 12
29212 2
29219 13
29224 4
29230 9
29232 11
29239 17
29241 11
29247 12
29253 18
29254 12
29260 4
29266 5
29270 2
29277 1
29287 8
29289 3
29296 4
29304 12
29312 15
29314 11
29319 15
29321 18
29322 10
29323 12
29329 16
29331 20
29332 15
29334 11
29340 6
29344 13
29348 3
29355 11
29361 13
29366 13
29371 18
29372 6
29378 4
29382 16
29384 6
29390 11
29396 11
29401 16
29403 11
29408 6
29416 7
29418 5
29424 21
29428 14
29432 11
29438 1
29448 11
29453 12
29459 7
29461 5
29467 2
29478 18
29479 21
29483 17
29485 19
29486 4
29492 9
29493 11
29500 15
29502 16
29504 10
29505 4
29511 1
29520 12
29524 15
29526 1
29533 8
29537 16
29539 15
29541 12
29547 21
29551 2
29560 2
29571 10
29572 5
29576 11
29583 8
29587 14
29592 13
29596 16
29598 12
29606 1
29614 6
29622 10
29623 9
29624 11
29629 11
29636 21
29640 8
29644 16
29646 16
29648 11
29654 7
29657 13
29662 21
29666 5
29673 7
29675 17
29677 18
29678 11
29684 12
29690 2
29699 12
29703 11
29709 18
29710 12
29716 4
29722 12
29730 16
29732 18
29733 20
29735 17
29737 18
29738 10
29741 18
29742 20
29743 18
29744 14
29751 18
29752 9
29753 10
29754 15
29756 5
29762 7
29764 21
29768 11
29773 17
29775 4
29783 20
29784 2
29795 4
29801 13
29806 3
29812 18
29813 10
29814 12
29820 9
29821 3
29826 21
29830 6
29834 4
29840 11
29846 18
29847 11
29851 14
29856 13
29860 3
29866 19
29867 7
29870 3
29874 18
29875 5
29881 4
29887 18
29888 20
29890 21
29894 15
29896 18
29897 10
29900 4
29906 11
29913 13
29918 4
29926 2
29935 17
29937 1
29945 15
29947 3
29953 21
29957 20
29958 15
29960 17
29962 18
29963 18
29964 15
29966 11
29971 1
29981 19
29982 13
29986 7
29988 6
29994 8
29998 4
30006 4
30010 6
30016 9
30018 3
30024 6
30032 6
30040 15
30042 13
30047 11
30053 12
30059 15
30061 13
30065 1
30074 3
30081 12
30089 14
30095 12
30101 11
30108 6
30112 1
30119 13
30125 1
30133 8
30135 3
30140 16
30142 1
30149 18
30150 14
30156 18
30157 18
30158 19
30159 15
30161 2
30168 13
30173 13
30178 12
30184 17
30186 11
30190 11
30194 16
30196 4
30202 19
30204 21
30208 12
30214 21
30218 11
30222 11
30228 18
30229 2
30238 9
30239 18
30240 9
30241 11
30247 20
30249 10
30250 6
30254 2
30263 15
30265 7
30267 14
30271 19
30272 13
30278 7
30280 15
30282 17
30284 18
30285 6
30291 21
30295 12
30299 6
30305 19
30307 3
30314 14
30320 1
30330 11
30335 2
30344 9
30346 17
30348 9
30349 17
30351 2
30362 18
30363 4
30371 10
30372 15
30374 13
30378 13
30383 11
30389 12
30395 16
30397 7
30399 10
30400 14
30407 12
30411 21
30415 21
30419 17
30421 3
30428 11
30434 5
30441 21
30445 2
30452 2
30461 11
30468 12
30476 21
30480 16
30482 12
30488 15
30490 16
30492 3
30497 1
30504 7
30506 11
30510 5
30517 11
30522 12
30530 10
30533 7
30535 20
30536 11
30540 12
30548 6
30554 13
30558 5
30564 11
30569 5
30574 2
30583 2
30590 9
30591 16
30593 12
30597 8
30599 7
30602 7
30604 12
30610 19
30611 10
30614 10
30615 12
30623 14
30630 21
30634 13
30638 9
30640 15
30642 16
30644 7
30646 9
30648 15
30650 14
30657 11
30663 12
30669 3
30676 1
30686 18
30687 5
30694 11
30699 4
30705 11
30712 11
30718 15
30720 18
30721 1
30728 21
30732 19
30734 15
30736 1
30743 6
30747 12
30751 17
30753 7
30755 9
30757 21
30761 20
30763 21
30767 14
30772 14
30779 1
30787 12
30791 8
30793 2
30800 1
30809 18
30810 12
30818 6
30822 11
30829 18
30830 5
30836 15
30838 7
30841 5
30845 2
30854 19
30856 12
30862 6
30870 14
30875 17
30877 13
30881 15
30883 6
30891 9
30892 11
30898 6
30904 7
30906 5
30910 10
30913 13
30919 13
30923 11
30930 10
30933 14
30940 8
30942 4
30948 12
30952 14
30958 11
30963 2
30972 10
30975 4
30981 11
30988 19
30989 12
30993 13
30997 11
31001 19
31003 12
31009 1
31017 3
31022 6
31030 10
31033 1
31040 2
31049 18
31050 19
31051 11
31055 10
31058 7
31060 13
31064 3
31068 11
31075 15
31077 1
31087 16
31089 2
31100 11
31105 6
31111 16
31113 21
31117 12
31121 4
31127 10
31130 11
31135 5
31142 9
31144 12
31150 6
31156 15
31158 11
31163 2
31174 9
31175 11
31179 11
31186 8
31188 7
31191 15
31193 1
31201 7
31203 2
31212 10
31213 17
31215 11
31221 18
31222 5
31228 14
31234 4
31238 16
31240 19
31242 12
31246 15
31248 10
31251 12
31259 10
31262 18
31263 11
31270 2
31277 13
31281 15
31283 16
31285 18
31286 13
31290 12
31298 5
31303 17
31305 11
31310 7
31313 21
31317 9
31318 14
31324 11
31330 1
31339 15
31341 2
31352 12
31358 2
31367 7
31369 7
31371 5
31375 2
31384 2
31393 2
31402 21
31406 6
31414 11
31419 14
31424 18
31425 19
31426 13
31431 21
31435 19
31437 12
31445 11
31450 17
31452 11
31456 15
31458 3
31463 15
31465 3
31472 12
31476 7
31478 21
31482 6
31490 11
31497 10
31500 17
31502 1
31511 11
31515 10
31516 11
31521 11
31525 20
31527 4
31531 8
31535 11
31539 11
31546 11
31552 20
31554 11
31560 4
31568 11
31575 21
31579 6
31587 14
31593 11
31597 1
31604 12
31610 12
31616 3
31623 13
31628 19
31630 3
31634 12
31640 16
31642 12
31648 2
31657 20
31658 13
31663 2
31674 15
31676 8
31680 8
31682 14
31687 6
31693 16
31695 11
31699 7
31702 6
31708 4
31712 12
31718 10
31719 18
31720 11
31726 7
31729 11
31734 15
31736 11
31740 13
31745 21
31749 11
31754 8
31756 21
31760 18
31761 9
31763 19
31765 11
31771 7
31773 15
31775 3
31780 12
31786 2
31795 13
31799 21
31803 4
31809 4
31815 13
31820 8
31822 20
31824 11
31830 10
31831 6
31839 17
31841 8
31843 1
31851 16
31853 17
31855 6
31859 7
31862 12
31870 13
31876 8
31880 2
31889 2
31896 3
31901 11
31908 7
31911 13
31917 13
31921 12
31927 11
31931 2
31940 14
31945 20
31947 11
31952 11
31957 9
31958 18
31959 19
31961 19
31962 11
31969 1
31977 15
31979 10
31982 1
31989 7
31991 17
31993 9
31994 10
31995 9
31996 20
31997 2
32006 7
32009 5
32016 11
32020 21
32024 12
32030 2
32039 12
32045 11
32049 12
32055 9
32057 9
32058 11
32065 13
32071 16
32073 12
32079 16
32081 11
32088 15
32090 10
32091 1
32101 3
32105 19
32107 3
32111 12
32115 6
32119 21
32123 4
32129 12
32135 21
32139 9
32141 18
32142 14
32148 12
32152 19
32153 10
32154 17
32156 16
32158 13
32162 11
32167 16
32169 10
32172 19
32174 19
32176 11
32181 2
32190 5
32194 18
32195 8
32197 15
32199 7
32202 12
32210 7
32213 6
32219 17
32221 12
32227 11
32233 19
32234 3
32239 18
32240 14
32244 18
32245 1
32255 21
32259 16
32261 20
32262 8
32266 19
32268 3
32272 14
32278 7
32281 21
32285 5
32289 12
32297 9
32298 11
32303 11
32307 12
32313 7
32316 8
32318 5
32324 12
32328 13
32333 18
32334 21
32338 18
32339 18
32340 14
32345 14
32349 17
32351 4
32357 1
32366 10
32367 18
32368 20
32369 20
32371 7
32374 17
32376 12
32380 2
32387 18
32388 12
32392 7
32394 11
32400 10
32401 9
32402 11
32407 21
32411 6
32417 15
32419 15
32421 18
32422 14
32426 12
32434 3
32440 10
32441 8
32443 11
32450 10
32451 11
32457 18
32458 18
32459 14
32466 14
32470 14
32476 15
32478 5
32484 1
32492 15
32494 19
32495 21
32499 16
32501 4
32509 3
32514 5
32520 11
32527 3
32533 17
32535 5
32539 11
32545 19
32546 9
32548 9
32550 17
32552 11
32559 3
32566 7
32569 11
32576 6
32580 1
32588 16
32590 18
32591 18
32592 1
32600 15
32602 17
32604 18
32605 16
32607 18
32608 17
32610 5
32617 20
32618 18
32619 3
32626 20
32628 12
32632 6
32638 1
32646 11
32650 15
32652 10
32653 6
32659 12
32665 11
32671 16
32673 8
32677 13
32682 15
32684 19
32686 13
32690 15
32692 19
32693 13
32697 2
32706 12
32710 8
32714 18
32715 14
32722 8
32724 11
32731 11
32735 18
32736 12
32740 12
32746 4
32752 7
32754 17
32756 12
32764 1
32771 16
32773 8
32777 8
32781 3
32787 9
32789 15
32791 18
32792 7
32795 10
32796 5
32800 15
32802 10
32805 12
32811 20
32812 18
32813 8
32817 7
32820 1
32827 15
32829 21
32833 11
32839 2
32848 6
32852 8
32854 11
32859 12
32865 12
32871 9
32873 11
32880 12
32886 12
32894 11
32898 4
32902 11
32909 4
32915 19
32917 3
32923 9
32924 11
32931 8
32935 12
32941 18
32942 8
32946 5
32950 8
32954 12
32958 10
32959 11
32963 2
32972 1
32979 12
32985 14
32991 3
32995 4
32999 18
33000 2
33009 12
33015 19
33016 12
33022 21
33026 17
33028 12
33034 4
33040 17
33042 20
33043 2
33054 21
33058 19
33059 6
33065 14
33069 11
33076 17
33078 1
33087 12
33093 18
33094 12
33102 6
33106 8
33108 7
33110 6
33116 12
33122 12
33130 18
33131 18
33132 11
33136 1
33145 18
33146 18
33147 8
33151 20
33153 18
33154 15
33156 18
33157 18
33158 7
33161 9
33162 11
33167 14
33174 18
33175 10
33176 6
33180 18
33181 1
33189 18
33190 1
33200 2
33211 3
33215 5
33220 4
33224 18
33225 5
33229 5
33234 3
33241 16
33243 12
33247 1
33255 16
33257 3
33262 17
33264 11
33269 11
33275 3
33279 8
33283 6
33289 8
33293 11
33298 18
33299 20
33300 11
33304 14
33310 8
33312 11
33317 1
33325 15
33327 12
33335 18
33336 8
33340 9
33341 10
33342 15
33344 9
33345 10
33348 1
33357 5
33364 21
33368 9
33370 16
33372 14
33379 4
33387 12
33393 13
33397 14
33404 6
33412 11
33416 12
33420 20
33421 16
33423 12
33431 5
33436 18
33437 6
33445 9
33446 9
33448 9
33449 11
33453 20
33455 17
33457 4
33465 13
33470 6
33476 11
33483 21
33487 14
33494 2
33505 14
33510 12
33516 12
33522 14
33527 12
33531 6
33537 11
33542 7
33545 18
33546 6
33552 2
33563 17
33565 13
33570 2
33581 2
33592 6
33596 11
33603 14
33610 18
33611 19
33613 13
33619 12
33625 12
33629 11
33633 4
33637 18
33638 11
33643 18
33644 11
33650 19
33652 13
33657 10
33660 14
33667 12
33673 16
33675 15
33677 8
33679 9
33680 14
33685 19
33687 3
33691 6
33699 8
33701 11
33708 12
33714 15
33716 19
33717 19
33718 17
33720 12
33726 11
33730 13
33735 12
33741 12
33747 21
33751 8
33755 10
33756 19
33758 12
33764 1
33771 12
33777 11
33782 5
33786 18
33787 18
33788 18
33789 18
33790 18
33791 18
33792 5
33796 12
33802 6
33808 3
33814 16
33816 21
33820 11
33827 18
33828 18
33829 12
33835 5
33841 15
33843 6
33847 11
33854 16
33856 14
33862 3
33867 12
33871 20
33872 18
33873 18
33874 3
33879 12
33885 6
33891 11
33897 2
33904 16
33906 5
33912 21
33916 11
33921 17
33923 11
33927 4
33935 8
33937 7
33940 8
33942 14
33948 7
33950 13
33954 18
33955 11
33959 20
33961 18
33962 7
33964 11
33970 9
33972 6
33976 18
33977 7
33980 10
33981 9
33983 20
33985 12
33989 16
33991 21
33995 11
34002 15
34004 2
34011 11
34016 18
34017 1
34024 7
34026 16
34028 11
34035 16
34037 21
34041 9
34042 12
34048 12
34054 12
34060 20
34062 6
34066 1
34073 17
34075 10
34078 16
34080 6
34086 18
34087 18
34088 16
34090 9
34092 5
34096 13
34101 12
34107 11
34112 11
34116 18
34117 20
34119 11
34125 2
34132 19
34133 3
34139 14
34144 9
34145 1
34154 18
34155 16
34157 12
34165 11
34172 6
34176 5
34181 2
34188 3
34194 10
34195 16
34197 12
34205 15
34207 6
34213 14
34218 14
34223 5
34228 18
34229 1
34238 14
34243 18
34244 2
34253 12
34259 2
34266 15
34268 7
34271 19
34273 15
34275 14
34279 12
34285 7
34288 21
34292 5
34296 19
34298 7
34300 5
34305 5
34310 21
34314 11
34318 11
34322 18
34323 8
34327 2
34336 11
34343 15
34345 4
34353 7
34356 16
34358 14
34362 12
34370 13
34375 18
34376 1
34384 15
34386 21
34390 15
34392 20
34394 10
34397 4
34403 21
34407 11
34412 9
34413 20
34414 20
34415 14
34421 11
34425 12
34433 12
34439 10
34442 3
34446 12
34450 20
34451 11
34456 18
34457 13
34463 5
34470 8
34472 18
34473 7
34476 21
34480 16
34482 2
34491 11
34495 7
34498 13
34503 9
34505 12
34509 13
34514 11
34518 14
34523 11
34530 11
34537 18
34538 3
34543 20
34544 10
34547 11
34552 6
34560 2
34569 16
34571 1
34580 20
34582 1
34590 4
34596 11
34603 18
34604 10
34607 5
34614 12
34618 20
34620 11
34625 7
34628 16
34630 5
34636 3
34642 19
34644 7
34647 21
34651 11
34656 12
34664 3
34670 14
34676 21
34680 1
34687 6
34693 12
34701 12
34707 8
34711 13
34717 16
34719 12
34725 12
34731 12
34739 4
34743 15
34745 16
34747 11
34753 17
34755 7
34757 21
34761 16
34763 1
34770 20
34771 11
34778 18
34779 18
34780 9
34781 11
34788 4
34796 17
34798 18
34799 1
34807 1
34814 17
34816 11
34822 9
34824 6
34832 2
34841 3
34848 9
34850 11
34857 8
34859 21
34863 18
34864 21
34868 14
34875 7
34878 18
34879 18
34880 13
34885 18
34886 15
34888 4
34892 13
34897 13
34902 4
34906 17
34908 15
34910 11
34917 5
34923 21
34927 19
34928 18
34929 5
34935 15
34937 12
34943 15
34945 2
34954 21
34958 13
34962 3
34969 6
34975 12
34979 2
34986 21
34990 3
34995 11
35001 10
35002 2
35009 5
35013 17
35015 18
35016 13
35021 7
35024 8
35028 11
35032 9
35034 8
35038 11
35043 11
35047 19
35049 12
35053 5
35060 8
35062 1
35072 11
35078 14
35084 12
35090 15
35092 3
35098 2
35107 9
35109 14
35116 4
35120 18
35121 20
35122 11
35128 15
35130 20
35132 18
35133 21
35137 14
35144 10
35147 12
35151 6
35159 14
35163 11
35167 11
35171 4
35179 12
35185 7
35187 12
35191 3
35195 11
35201 3
35207 18
35208 18
35209 19
35211 9
35212 6
35218 12
35222 4
35230 17
35232 15
35234 4
35240 10
35241 20
35242 14
35246 4
35252 18
35253 2
35264 15
35266 9
35268 11
35275 12
35281 19
35282 7
35284 18
35285 1
35293 21
35297 21
35301 15
35303 6
35309 10
35312 3
35319 18
35320 7
35323 12
35327 6
35333 7
35335 12
35339 15
35341 11
35346 7
35349 14
35353 15
35355 18
35356 20
35358 21
35362 20
35363 16
35365 12
35371 16
35373 13
35378 5
35385 12
35391 7
35393 1
35400 13
35404 9
35405 1
35414 16
35416 11
35422 13
35427 19
35428 12
35434 4
35440 1
35448 8
35452 11
35458 16
35460 2
35469 1
35479 15
35481 7
35484 5
35490 12
35496 3
35502 1
35509 4
35515 12
35521 12
35529 9
35530 21
35534 8
35536 8
35540 20
35542 4
35546 11
35551 3
35556 21
35560 6
35566 18
35567 12
35571 6
35577 12
35583 10
35586 13
35591 9
35592 18
35593 11
35599 9
35600 16
35602 17
35604 1
35613 18
35614 13
35619 12
35625 8
35627 11
35634 7
35637 9
35639 11
35646 12
35654 12
35660 11
35665 9
35667 5
35672 12
35678 16
35680 3
35686 13
35691 11
35698 17
35700 16
35702 18
35703 4
35711 8
35713 7
35716 17
35718 10
35721 18
35722 4
35730 12
35734 12
35740 21
35744 13
35749 4
35757 20
35759 11
35766 10
35769 1
35777 11
35784 7
35787 6
35793 11
35800 18
35801 15
35803 17
35805 11
35809 12
35817 12
35823 9
35825 9
35827 5
35831 16
35833 4
35839 14
35846 20
35848 10
35851 3
35858 3
35865 11
35871 16
35873 19
35874 1
35884 9
35885 13
35890 7
35892 11
35896 3
35903 18
35904 12
35910 4
35916 12
35924 17
35926 1
35936 6
35942 3
35946 1
35953 11
35958 8
35960 11
35966 13
35971 8
35973 20
35974 7
35977 14
35981 15
35983 8
35985 3
35990 16
35992 4
35998 11
36004 18
36005 8
36009 21
36013 15
36015 12
36021 10
36024 21
36028 10
36031 10
36034 11
36040 3
36045 14
36049 15
36051 3
36055 17
36057 19
36058 12
36064 11
36070 12
36078 11
36085 12
36091 20
36093 10
36096 11
36102 10
36105 11
36112 16
36114 9
36115 10
36118 12
36124 11
36130 20
36131 21
36135 18
36136 3
36141 16
36143 2
36150 11
36154 14
36161 21
36165 14
36170 4
36176 21
36180 14
36184 4
36192 9
36194 10
36195 19
36197 10
36200 19
36201 15
36203 5
36209 1
36219 15
36221 6
36227 3
36233 3
36237 12
36241 18
36242 6
36248 16
36250 14
36255 12
36263 20
36264 11
36270 6
36274 1
36281 18
36282 17
36284 6
36288 18
36289 19
36291 10
36292 11
36299 6
36303 11
36309 17
36311 10
36312 1
36319 14
36325 6
36333 10
36336 13
36341 13
36346 17
36348 11
36355 7
36358 4
36362 4
36368 15
36370 8
36374 12
36382 4
36390 15
36392 15
36394 17
36396 12
36400 4
36404 15
36406 20
36407 11
36413 5
36417 12
36423 2
36430 19
36431 10
36434 3
36438 12
36442 19
36444 4
36450 5
36457 9
36458 18
36459 18
36460 18
36461 20
36462 12
36466 15
36468 21
36472 12
36478 10
36481 12
36485 15
36487 20
36489 2
36496 6
36504 19
36505 5
36511 12
36515 7
36518 9
36520 14
36524 9
36526 10
36529 12
36537 9
36539 10
36542 11
36547 11
36553 16
36555 12
36561 9
36563 6
36569 17
36571 10
36574 17
36576 4
36582 8
36586 20
36588 7
36590 12
36596 17
36598 6
36604 7
36607 12
36613 11
36617 12
36621 8
36625 21
36629 6
36637 16
36639 5
36645 3
36650 16
36652 1
36661 6
36665 20
36666 12
36674 16
36676 1
36684 18
36685 10
36686 1
36696 10
36699 19
36700 8
36704 11
36708 1
36717 12
36723 1
36733 2
36740 4
36746 3
36751 18
36752 10
36753 11
36757 9
36758 10
36759 17
36761 17
36763 15
36765 3
36772 11
36778 15
36780 11
36785 7
36787 4
36793 8
36797 21
36801 11
36806 14
36812 19
36814 7
36816 16
36818 10
36821 1
36829 7
36831 11
36836 11
36842 11
36846 10
36847 11
36853 11
36860 20
36862 2
36871 18
36872 15
36874 11
36878 9
36879 16
36881 18
36882 11
36888 12
36894 3
36899 16
36901 17
36903 11
36910 12
36918 17
36920 21
36924 9
36925 12
36931 14
36938 7
36940 20
36941 14
36945 15
36947 11
36953 13
36958 3
36964 18
36965 11
36970 11
36974 11
36979 11
36983 15
36985 3
36991 10
36994 1
37003 18
37004 5
37011 8
37015 9
37017 11
37023 18
37024 4
37028 4
37034 21
37038 16
37040 11
37046 21
37050 3
37056 6
37064 14
37068 7
37070 5
37076 11
37082 20
37083 15
37085 4
37089 8
37091 21
37095 6
37101 18
37102 11
37109 9
37111 12
37119 21
37123 17
37125 11
37129 11
37135 2
37144 3
37148 8
37150 14
37157 18
37158 6
37166 8
37168 20
37169 14
37175 12
37181 8
37185 18
37186 7
37189 5
37195 15
37197 18
37198 18
37199 12
37203 19
37204 15
37206 9
37208 19
37209 14
37215 7
37217 11
37222 11
37227 1
37236 3
37241 16
37243 16
37245 20
37246 18
37247 12
37253 14
37259 18
37260 4
37268 9
37269 6
37277 8
37281 11
37287 3
37294 14
37300 12
37308 4
37314 5
37320 9
37321 15
37323 12
37331 6
37337 1
37347 19
37348 12
37354 9
37355 10
37356 15
37358 3
37363 12
37369 13
37373 18
37374 19
37375 16
37377 11
37383 10
37384 12
37392 21
37396 17
37398 18
37399 1
37407 12
37413 12
37417 2
37426 16
37428 3
37432 17
37434 15
37436 7
37439 20
37441 18
37442 11
37448 21
37452 8
37454 18
37455 11
37462 3
37469 3
37476 14
37481 6
37489 9
37491 14
37495 7
37498 9
37499 2
37510 19
37511 11
37516 10
37517 12
37523 15
37525 12
37529 2
37536 7
37538 14
37543 2
37554 18
37555 4
37561 4
37565 9
37566 11
37572 11
37577 10
37580 15
37582 20
37584 14
37590 3
37594 6
37598 12
37606 16
37608 11
37615 7
37617 10
37620 5
37625 13
37630 19
37632 3
37639 7
37642 14
37646 6
37652 12
37660 1
37667 8
37671 2
37678 9
37680 11
37685 18
37686 11
37690 11
37696 11
37703 17
37705 15
37707 16
37709 18
37710 1
37718 8
37720 20
37721 5
37725 14
37731 10
37732 10
37735 2
37744 16
37746 11
37751 11
37758 21
37762 19
37764 13
37769 12
37775 11
37782 1
37791 17
37793 15
37795 10
37796 8
37798 10
37799 12
37805 6
37809 11
37814 20
37815 14
37820 6
37826 8
37830 11
37836 2
37843 19
37844 5
37851 19
37853 15
37855 8
37859 10
37862 3
37868 1
37877 21
37881 15
37883 16
37885 12
37891 6
37895 3
37900 19
37901 19
37902 3
37908 14
37912 7
37914 14
37919 18
37920 11
37924 6
37932 12
37938 1
37947 15
37949 5
37953 21
37957 11
37964 11
37971 12
37975 12
37981 3
37986 11
37990 13
37995 11
38000 2
38007 13
38011 8
38013 20
38014 10
38015 4
38023 13
38029 11
38035 11
38040 2
38051 12
38057 15
38059 11
38064 17
38066 2
38077 20
38078 1
38085 3
38090 14
38095 17
38097 8
38101 12
38107 17
38109 4
38117 8
38121 4
38127 2
38134 13
38139 21
38143 12
38151 2
38162 18
38163 19
38164 11
38170 21
38174 20
38175 11
38180 13
38185 18
38186 11
38193 20
38194 12
38198 13
38204 11
38208 12
38212 4
38216 11
38222 12
38228 10
38229 12
38233 13
38237 7
38240 5
38246 13
38251 12
38255 21
38259 4
38265 19
38267 18
38268 7
38270 13
38276 11
38283 12
38287 8
38291 19
38293 11
38297 11
38304 7
38307 11
38312 6
38316 21
38320 13
38324 9
38326 18
38327 12
38335 18
38336 20
38338 6
38344 16
38346 15
38348 4
38356 12
38362 7
38365 11
38369 12
38375 18
38376 11
38380 3
38387 18
38388 5
38394 11
38400 4
38406 11
38412 18
38413 12
38421 11
38428 18
38429 18
38430 11
38434 8
38436 15
38438 2
38447 10
38450 18
38451 2
38460 6
38466 21
38470 3
38477 8
38481 19
38483 7
38485 18
38486 11
38491 15
38493 18
38494 11
38498 14
38503 12
38509 10
38510 3
38514 6
38520 17
38522 10
38523 9
38524 6
38530 21
38534 13
38540 11
38544 12
38550 13
38554 12
38558 9
38560 4
38566 21
38570 7
38572 4
38578 3
38584 20
38586 17
38588 11
38594 21
38598 20
38600 7
38602 8
38606 1
38615 18
38616 11
38623 6
38627 4
38633 9
38634 11
38640 16
38642 5
38649 14
38654 17
38656 18
38657 6
38665 18
38666 12
38670 20
38671 2
38680 21
38684 12
38690 20
38692 13
38697 5
38704 12
38712 21
38716 4
38722 21
38726 4
38734 17
38736 3
38741 18
38742 18
38743 11
38747 2
38756 4
38760 2
38771 12
38777 11
38782 9
38784 17
38786 2
38797 17
38799 10
38802 19
38804 2
38811 11
38815 12
38823 11
38829 13
38834 1
38844 8
38846 11
38850 5
38857 10
38858 12
38866 16
38868 21
38872 11
38879 19
38880 3
38887 13
38892 17
38894 20
38896 11
38901 7
38904 18
38905 9
38907 8
38909 1
38918 16
38920 21
38924 11
38931 9
38933 3
38938 18
38939 21
38943 15
38945 12
38953 16
38955 6
38961 20
38962 16
38964 18
38965 6
38971 12
38979 16
38981 11
38985 13
38991 2
39000 8
39002 18
39003 18
39004 1
39014 21
39018 17
39020 12
39028 9
39030 8
39034 19
39035 7
39037 17
39039 12
39045 15
39047 16
39049 18
39050 6
39054 6
39060 12
39066 4
39072 18
39073 1
39083 8
39087 8
39091 17
39093 8
39097 20
39098 9
39100 12
39104 13
39108 4
39114 6
39118 17
39120 7
39122 18
39123 18
39124 20
39126 4
39130 18
39131 18
39132 8
39136 13
39141 10
39144 10
39145 19
39147 9
39148 10
39149 18
39150 19
39151 3
39155 21
39159 12
39163 6
39167 17
39169 12
39175 16
39177 5
39182 18
39183 12
39187 10
39188 11
39194 20
39196 1
39205 8
39209 19
39210 10
39211 14
39216 15
39218 19
39219 7
39222 5
39226 13
39230 6
39236 11
39240 21
39244 2
39255 18
39256 13
39261 13
39267 17
39269 19
39270 3
39275 12
39283 16
39285 21
39289 15
39291 15
39293 6
39301 21
39305 1
39315 17
39317 12
39325 8
39329 12
39335 11
39342 15
39344 20
39346 10
39349 2
39356 19
39357 4
39361 12
39365 21
39369 5
39375 11
39381 1
39388 17
39390 13
39394 13
39399 12
39407 12
39413 1
39421 15
39423 20
39424 11
39430 18
39431 6
39437 18
39438 9
39440 5
39444 12
39450 19
39451 15
39453 17
39455 4
39459 17
39461 21
39465 11
39470 11
39476 12
39482 14
39489 12
39495 16
39497 14
39503 11
39507 8
39511 13
39517 2
39526 5
39530 3
39535 20
39536 11
39541 19
39542 21
39546 13
39551 11
39557 11
39564 20
39565 15
39567 9
39568 21
39572 4
39578 19
39580 12
39586 18
39587 11
39592 12
39598 21
39602 6
39606 12
39614 21
39618 12
39624 11
39630 16
39632 12
39640 8
39644 2
39653 8
39657 2
39668 19
39670 4
39676 12
39680 18
39681 9
39683 9
39684 12
39690 20
39692 9
39694 20
39696 20
39698 2
39707 7
39710 10
39711 21
39715 11
39719 18
39720 11
39727 11
39733 2
39740 11
39745 8
39747 7
39750 8
39754 11
39759 11
39764 20
39765 15
39767 19
39768 12
39774 21
39778 11
39785 4
39789 13
39794 12
39798 9
39799 2
39808 19
39810 11
39814 21
39818 5
39822 13
39828 2
39837 11
39843 4
39847 14
39851 19
39853 20
39855 7
39857 13
39862 21
39866 5
39871 14
39875 5
39880 6
39886 20
39888 14
39894 16
39896 7
39899 16
39901 6
39905 11
39911 4
39919 14
39923 20
39925 11
39929 14
39933 9
39934 6
39940 19
39941 2
39948 11
39953 11
39960 13
39965 19
39967 19
39968 12
39974 16
39976 11
39980 8
39984 15
39986 19
39988 3
39994 15
39996 3
40001 12
40007 3
40012 21
40016 8
40018 18
40019 20
40020 21
40024 2
40033 18
40034 21
40038 13
40042 11
40048 9
40049 17
40051 7
40054 19
40055 2
40062 2
40069 14
40073 10
40076 2
40085 18
40086 12
40090 14
40097 12
40103 14
40108 8
40110 6
40116 9
40118 16
40120 1
40130 18
40131 11
40136 18
40137 4
40143 4
40149 12
40155 14
40160 16
40162 20
40163 15
40165 8
40169 12
40173 18
40174 4
40178 11
40182 13
40187 16
40189 15
40191 17
40193 5
40198 9
40200 11
40204 18
40205 9
40207 21
40211 5
40217 16
40219 3
40223 12
40229 8
40233 7
40235 9
40237 5
40241 3
40248 7
40250 16
40252 8
40256 17
40258 16
40260 1
40267 2
40274 16
40276 12
40284 20
40285 6
40291 17
40293 21
40297 19
40299 11
40303 13
40308 18
40309 13
40314 5
40320 18
40321 3
40328 10
40329 15
40331 8
40335 1
40343 14
40347 16
40349 16
40351 12
40357 20
40358 3
40365 7
40367 11
40371 9
40373 5
40380 18
40381 20
40383 2
40390 12
40394 12
40398 13
40403 19
40405 13
40411 13
40416 18
40417 11
40423 18
40424 15
40426 14
40430 13
40436 2
40445 15
40447 7
40449 9
40451 20
40452 12
40456 11
40461 9
40462 21
40466 16
40468 12
40472 3
40479 20
40480 18
40481 13
40486 5
40493 19
40494 20
40495 12
40503 5
40510 16
40512 11
40518 20
40519 15
40521 4
40529 18
40530 18
40531 13
40535 6
40541 8
40545 21
40549 2
40558 2
40567 4
40575 11
40579 7
40582 12
40588 14
40592 2
40601 10
40602 7
40605 11
40611 11
40618 15
40620 18
40621 11
40628 11
40635 18
40636 19
40638 18
40639 2
40646 11
40650 9
40651 7
40653 1
40663 6
40667 18
40668 12
40672 12
40680 11
40685 11
40692 14
40697 14
40701 11
40707 14
40712 5
40717 16
40719 5
40724 4
40730 11
40737 6
40741 8
40743 7
40746 11
40751 20
40752 7
40755 17
40757 16
40759 12
40763 12
40767 12
40773 3
40777 21
40781 18
40782 12
40788 7
40791 14
40798 12
40806 14
40812 8
40814 12
40818 20
40819 20
40820 1
40827 21
40831 11
40838 6
40846 18
40847 10
40850 7
40853 12
40859 9
40860 16
40862 11
40868 15
40870 16
40872 12
40876 18
40877 8
40879 9
40881 4
40887 6
40893 11
40899 10
40900 6
40906 4
40912 12
40918 19
40920 17
40922 6
40928 12
40934 14
40938 12
40946 17
40948 8
40950 17
40952 7
40954 18
40955 7
40957 18
40958 21
40962 4
40970 17
40972 18
40973 7
40976 16
40978 11
40982 8
40986 15
40988 8
40990 20
40991 20
40993 13
40998 2
41005 11
41011 21
41015 19
41016 12
41022 19
41023 1
41032 17
41034 2
41043 6
41047 1
41054 13
41058 10
41059 17
41061 5
41068 6
41074 12
41078 16
41080 6
41086 9
41087 5
41091 18
41092 3
41097 11
41104 17
41106 21
41110 5
41117 2
41126 13
41132 12
41138 6
41142 4
41150 14
41154 11
41161 17
41163 1
41170 13
41175 17
41177 14
41182 2
41189 11
41194 11
41198 14
41204 15
41206 8
41210 17
41212 7
41214 17
41216 11
41221 3
41225 7
41228 6
41234 12
41238 10
41241 2
41250 4
41254 11
41261 8
41263 1
41271 11
41276 1
41284 4
41288 15
41290 15
41292 16
41294 12
41302 3
41306 6
41312 13
41317 12
41325 19
41327 8
41329 6
41337 18
41338 12
41344 15
41346 19
41347 20
41349 14
41356 15
41358 18
41359 11
41366 11
41373 7
41375 6
41381 1
41388 20
41390 17
41392 16
41394 14
41399 21
41403 12
41409 8
41413 11
41420 11
41426 11
41432 5
41439 19
41440 1
41448 17
41450 11
41456 4
41462 21
41466 18
41467 18
41468 11
41475 9
41477 12
41483 18
41484 3
41491 11
41497 2
41506 10
41507 12
41515 2
41524 3
41531 11
41535 12
41541 12
41547 7
41550 5
41554 11
41559 2
41570 20
41571 18
41572 11
41576 9
41577 9
41578 12
41584 21
41588 11
41592 12
41596 10
41599 5
41603 15
41605 1
41614 11
41619 8
41623 11
41628 9
41630 11
41637 16
41639 9
41641 17
41643 12
41649 1
41656 2
41667 14
41671 3
41675 11
41679 16
41681 2
41690 15
41692 3
41697 20
41698 2
41705 14
41712 8
41716 2
41727 11
41731 5
41735 6
41743 13
41748 19
41750 11
41754 3
41758 18
41759 4
41767 1
