10000
1 11
7 4
15 9
17 3
24 5
29 10
32 16
34 11
38 11
42 13
48 12
54 14
58 12
64 17
66 18
67 12
73 14
80 18
81 13
87 9
89 11
96 14
102 13
106 5
111 5
117 16
119 15
121 11
126 18
127 5
131 14
136 12
142 7
145 20
147 17
149 13
154 21
158 21
162 5
167 19
169 19
171 18
172 8
176 4
182 7
185 1
192 15
194 13
199 15
201 6
205 12
213 5
218 20
220 17
222 20
223 12
231 2
240 18
241 18
242 15
244 7
246 14
252 6
256 17
258 18
259 8
261 18
262 17
264 3
270 16
272 8
274 3
281 19
282 13
286 1
294 19
296 13
302 11
306 15
308 2
317 17
319 14
323 9
324 12
328 5
333 16
335 7
337 10
338 17
340 8
344 11
348 11
353 16
355 11
360 7
362 15
364 4
370 20
372 13
376 17
378 11
384 18
385 17
387 16
389 1
396 12
402 9
404 7
406 5
412 3
419 14
423 11
427 10
430 18
431 1
438 10
441 10
444 21
448 3
455 21
459 12
465 12
469 10
472 16
474 12
482 7
484 18
485 1
495 15
497 19
499 8
503 13
508 12
516 5
523 8
527 7
529 1
536 11
542 6
546 12
550 12
554 7
556 19
557 12
565 5
571 18
572 6
580 12
588 16
590 11
595 5
599 19
601 4
607 19
608 11
613 9
614 19
615 18
616 19
618 5
624 19
625 3
629 8
633 20
634 6
640 19
642 3
648 18
649 20
650 12
654 9
655 9
657 14
664 17
666 3
670 16
672 9
673 20
674 7
677 11
684 18
685 19
687 7
689 10
690 14
695 15
697 6
703 12
709 1
716 21
720 17
722 6
728 13
733 3
737 21
741 15
743 16
745 20
746 7
749 2
756 20
757 7
759 16
761 15
763 1
773 12
779 15
781 15
783 4
789 7
792 10
793 11
799 1
809 17
811 20
812 6
818 20
820 6
826 8
830 7
833 21
837 4
843 1
852 6
856 16
858 12
864 14
871 12
877 4
885 11
889 20
890 3
895 18
896 18
897 6
905 7
908 12
916 13
922 18
923 5
929 5
934 11
938 11
944 6
950 4
956 13
961 1
968 11
972 12
978 18
979 9
981 20
982 6
990 1
998 16
1000 13
1006 10
1007 15
1009 13
1014 12
1020 16
1022 11
1028 14
1035 10
1038 18
1039 9
1040 12
1046 4
1052 7
1054 5
1061 3
1066 10
1069 5
1075 12
1079 12
1083 16
1085 18
1086 1
1093 1
1102 18
1103 18
1104 6
1108 11
1113 4
1121 18
1122 2
1129 18
1130 3
1137 6
1143 7
1146 10
1149 12
1155 12
1161 5
1166 8
1168 18
1169 20
1170 19
1172 5
1178 4
1182 18
1183 19
1184 1
1191 4
1199 12
1203 2
1212 4
1220 9
1221 11
1227 1
1235 7
1238 11
1243 21
1247 2
1254 15
1256 1
1265 12
1269 11
1273 16
1275 11
1281 7
1284 4
1292 6
1300 4
1306 18
1307 11
1314 21
1318 11
1324 12
1328 2
1337 10
1340 17
1342 10
1343 8
1347 16
1349 9
1351 21
1355 20
1356 17
1358 18
1359 19
1361 21
1365 9
1366 21
1370 2
1377 10
1378 1
1388 12
1396 12
1402 12
1410 11
1416 21
1420 21
1424 4
1428 11
1434 20
1435 12
1441 19
1442 17
1444 13
1449 8
1453 20
1455 10
1458 13
1464 11
1469 11
1473 6
1479 16
1481 3
1488 3
1495 3
1501 18
1502 15
1504 1
1514 2
1523 4
1531 11
1537 11
1544 12
1550 19
1551 14
1558 18
1559 1
1567 17
1569 15
1571 21
1575 11
1582 16
1584 19
1585 5
1591 6
1595 18
1596 10
1597 9
1598 14
1603 2
1612 4
1618 12
1624 9
1626 14
1631 8
1633 11
1640 16
1642 2
1649 11
1653 7
1656 11
1662 9
1663 13
1668 12
1674 1
1684 11
1691 12
1697 14
1704 14
1710 17
1712 3
1717 9
1718 14
1722 12
1728 13
1733 17
1735 13
1740 18
1741 14
1746 4
1752 14
1759 6
1767 19
1769 15
1771 13
1777 1
1785 10
1788 16
1790 12
1794 10
1797 12
1805 18
1806 2
1817 18
1818 13
1823 10
1824 14
1830 6
1836 17
1838 18
1839 17
1841 18
1842 17
1844 10
1847 14
1854 11
1859 8
1863 6
1867 12
1873 18
1874 16
1876 20
1877 17
1879 20
1881 6
1887 2
1894 5
1901 17
1903 14
1910 8
1912 20
1914 9
1916 12
1924 1
1932 2
1939 20
1940 11
1946 11
1951 20
1952 18
1953 7
1955 3
1961 15
1963 4
1969 4
1977 1
1985 17
1987 6
1993 18
1994 14
2001 4
2007 20
2009 10
2012 8
2016 18
2017 9
2019 15
2021 2
2030 16
2032 18
2033 11
2037 12
2045 5
2050 11
2055 8
2059 14
2066 11
2071 2
2082 21
2086 17
2088 13
2093 11
2097 9
2098 5
2104 7
2106 11
2110 13
2115 18
2116 12
2124 20
2126 6
2132 10
2133 18
2134 1
2143 15
2145 19
2146 5
2152 18
2153 16
2155 16
2157 16
2159 11
2164 11
2168 11
2173 1
2181 12
2187 2
2196 8
2200 8
2204 12
2210 21
2214 20
2216 17
2218 12
2226 5
2233 16
2235 16
2237 13
2242 12
2248 13
2252 10
2255 16
2257 11
2263 14
2268 1
2276 1
2285 11
2289 11
2296 11
2300 14
2305 11
2309 1
2317 15
2319 9
2321 11
2328 17
2330 9
2331 9
2333 1
2343 16
2345 3
2351 7
2353 17
2355 17
2357 1
2367 10
2368 1
2376 12
2382 21
2386 6
2392 1
2400 12
2406 1
2416 15
2418 1
2426 15
2428 12
2434 2
2441 13
2446 18
2447 12
2455 3
2460 11
2464 15
2466 17
2468 11
2475 12
2481 11
2486 18
2487 15
2489 12
2497 8
2501 14
2506 18
2507 12
2513 14
2518 10
2521 11
2526 12
2532 13
2537 4
2545 1
2555 11
2561 14
2567 1
2574 17
2576 16
2578 11
2582 5
2589 1
2598 18
2599 7
2602 4
2606 9
2607 13
2612 12
2616 1
2623 12
2629 11
2635 11
2642 14
2646 18
2647 11
2653 13
2659 8
2663 12
2669 12
2675 7
2677 8
2679 5
2685 11
2692 11
2699 21
2703 5
2710 14
2714 18
2715 1
2724 8
2728 1
2737 11
2743 12
2749 2
2756 13
2760 3
2764 11
2770 11
2776 18
2777 20
2778 7
2781 16
2783 11
2790 12
2796 14
2800 17
2802 4
2806 5
2813 20
2814 14
2821 4
2825 6
2833 4
2839 13
2843 13
2848 20
2849 1
2859 15
2861 4
2867 11
2872 3
2879 7
2881 15
2883 13
2888 17
2890 12
2896 1
2904 18
2905 2
2912 15
2914 18
2915 5
2921 1
2928 7
2931 15
2933 14
2939 17
2941 18
2942 12
2948 11
2955 10
2958 1
2966 12
2972 8
2976 11
2982 13
2986 14
2992 16
2994 4
3000 12
3008 20
3010 18
3011 3
3018 17
3020 16
3022 3
3029 18
3030 20
3031 21
3035 10
3036 9
3037 7
3040 11
3045 5
3049 16
3051 11
3058 15
3060 13
3064 9
3066 21
3070 6
3074 11
3081 14
3087 11
3093 18
3094 20
3096 6
3104 13
3108 11
3112 11
3117 5
3124 9
3126 11
3131 16
3133 20
3134 6
3142 6
3148 12
3154 3
3159 9
3161 12
3167 12
3173 3
3180 10
3183 11
3189 11
3194 18
3195 12
3199 17
3201 8
3203 11
3210 12
3216 11
3220 4
3224 15
3226 18
3227 6
3233 6
3239 7
3242 12
3246 11
3251 4
3255 4
3261 4
3265 4
3271 18
3272 11
3277 1
3285 15
3287 10
3290 11
3294 21
3298 11
3303 14
3310 11
3316 15
3318 7
3321 7
3324 20
3325 7
3327 4
3333 11
3337 12
3343 9
3344 9
3346 13
3352 12
3360 21
3364 19
3365 20
3367 7
3369 4
3375 10
3378 12
3384 15
3386 6
3394 9
3395 4
3399 21
3403 7
3406 1
3414 6
3420 13
3425 12
3431 18
3432 1
3439 11
3446 18
3447 3
3452 11
3458 14
3462 8
3464 12
3472 15
3474 11
3480 20
3482 15
3484 9
3486 6
3492 11
3496 6
3502 18
3503 9
3504 11
3510 9
3511 1
3519 3
3524 3
3530 6
3536 12
3544 9
3545 12
3551 2
3558 5
3562 9
3563 11
3570 9
3572 12
3578 10
3581 6
3587 13
3593 12
3601 3
3608 11
3615 12
3623 1
3630 13
3635 18
3636 20
3637 16
3639 17
3641 16
3643 5
3650 12
3656 21
3660 13
3664 14
3671 5
3678 15
3680 2
3689 1
3699 9
3700 21
3704 5
3710 18
3711 6
3719 13
3724 6
3730 16
3732 10
3733 12
3739 13
3743 12
3749 12
3753 18
3754 16
3756 11
3760 17
3762 21
3766 15
3768 18
3769 4
3773 2
3782 16
3784 3
3790 19
3791 7
3793 2
3800 18
3801 16
3803 12
3811 18
3812 10
3815 13
3820 8
3824 21
3828 19
3830 19
3832 7
3834 11
3840 9
3841 11
3845 9
3846 3
3853 20
3855 15
3857 18
3858 16
3860 21
3864 15
3866 11
3870 16
3872 3
3879 12
3887 13
3892 3
3898 16
3900 21
3904 18
3905 13
3909 17
3911 15
3913 3
3920 18
3921 19
3923 8
3927 15
3929 6
3935 12
3941 12
3949 12
3955 1
3964 9
3965 2
3974 18
3975 17
3977 4
3983 7
3986 10
3989 18
3990 5
3997 12
4005 20
4006 5
4011 4
4017 12
4023 5
4029 2
4040 9
4042 17
4044 3
4050 11
4054 14
4061 13
4065 12
4073 11
4078 21
4082 6
4086 8
4088 15
4090 16
4092 21
4096 12
4102 15
4104 17
4106 7
4109 12
4115 17
4117 16
4119 9
4120 2
4129 16
4131 8
4133 15
4135 5
4139 14
4146 7
4149 1
4157 4
4163 14
4168 20
4169 8
4173 11
4178 14
4183 11
4190 3
4196 21
4200 18
4201 16
4203 17
4205 12
4211 5
4216 16
4218 7
4220 3
4224 11
4229 7
4232 20
4234 3
4240 11
4245 18
4246 11
4252 18
4253 21
4257 6
4263 11
4269 5
4274 11
4281 12
4287 18
4288 7
4290 5
4295 17
4297 1
4307 4
4315 12
4323 6
4331 2
4342 3
4348 11
4353 17
4355 14
4362 11
4368 11
4374 1
4384 16
4386 18
4387 7
4390 5
4396 15
4398 4
4404 7
4407 17
4409 6
4413 12
4421 18
4422 12
4430 6
4438 13
4442 5
4446 12
4452 10
4453 11
4460 8
4462 14
4468 8
4470 12
4476 20
4477 18
4478 4
4486 16
4488 8
4492 10
4493 18
4494 8
4498 11
4502 4
4508 3
4514 11
4518 18
4519 7
4521 18
4522 1
4530 12
4534 2
4543 11
4550 9
4551 13
4556 16
4558 9
4560 6
4568 15
4570 15
4572 18
4573 12
4579 3
4583 17
4585 9
4587 6
4595 16
4597 16
4599 11
4606 5
4610 14
4614 17
4616 20
4617 7
4619 8
4621 21
4625 11
4629 11
4635 15
4637 11
4643 17
4645 20
4647 20
4649 6
4655 6
4663 13
4667 13
4672 15
4674 10
4675 21
4679 3
4684 5
4691 16
4693 9
4695 4
4703 2
4710 7
4712 9
4714 9
4716 7
4718 15
4720 9
4721 20
4722 21
4726 14
4730 12
4738 5
4744 13
4749 13
4755 21
4759 9
4760 6
4766 1
4774 2
4781 12
4787 11
4794 16
4796 18
4797 19
4799 4
4803 18
4804 18
4805 2
4814 12
4822 6
4826 17
4828 17
4830 9
4831 6
4837 18
4838 7
4840 10
4843 12
4851 15
4853 1
4860 4
4864 12
4872 17
4874 11
4879 16
4881 14
4888 5
4893 9
4895 11
4902 19
4903 19
4904 18
4905 14
4909 1
4917 21
4921 1
4929 5
4933 11
4940 13
4946 18
4947 11
4954 14
4959 4
4965 19
4966 21
4970 11
4974 1
4981 19
4982 8
4984 3
4991 10
4994 18
4995 19
4997 2
5008 16
5010 9
5011 19
5012 15
5014 21
5018 4
5022 12
5026 8
5028 9
5030 11
5036 2
5045 5
5050 6
5056 4
5064 16
5066 4
5074 15
5076 5
5080 5
5085 3
5089 12
5095 18
5096 18
5097 2
5106 1
5113 12
5119 8
5121 14
5125 13
5130 13
5134 15
5136 2
5145 2
5154 11
5159 18
5160 11
5166 12
5172 5
5178 12
5184 11
5191 15
5193 11
5200 15
5202 1
5212 5
5216 2
5227 2
5238 9
5240 11
5245 18
5246 7
5248 10
5251 9
5252 2
5261 8
5263 11
5269 3
5276 16
5278 4
5282 18
5283 11
5289 20
5290 10
5291 13
5296 2
5307 21
5311 12
5317 5
5321 4
5327 15
5329 12
5337 15
5339 11
5345 8
5347 18
5348 10
5349 20
5350 9
5351 20
5353 21
5357 19
5359 5
5363 12
5369 12
5373 18
5374 4
5382 16
5384 7
5387 10
5388 2
5395 12
5403 16
5405 7
5407 10
5410 17
5412 11
5416 10
5417 16
5419 15
5421 16
5423 3
5429 8
5433 11
5437 5
5444 8
5446 12
5452 18
5453 16
5455 20
5457 17
5459 5
5465 12
5469 11
5475 1
5485 12
5491 5
5495 19
5496 14
5501 10
5504 18
5505 7
5507 19
5509 11
5516 1
5524 11
5530 8
5532 7
5534 13
5540 19
5542 9
5544 17
5546 12
5554 12
5560 7
5562 18
5563 8
5567 9
5569 18
5570 18
5571 17
5573 18
5574 11
5580 17
5582 17
5584 11
5591 9
5593 16
5595 8
5597 11
5601 12
5605 20
5607 7
5609 1
5618 6
5624 12
5632 18
5633 2
5642 1
5650 10
5651 16
5653 13
5658 4
5664 11
5668 15
5670 8
5672 5
5677 6
5683 10
5684 11
5691 1
5701 10
5704 19
5706 4
5712 1
5719 18
5720 1
5727 16
5729 21
5733 5
5737 8
5739 18
5740 13
5745 9
5746 6
5750 9
5751 12
5757 10
5758 5
5763 19
5764 4
5772 18
5773 21
5777 12
5783 13
5788 3
5792 19
5793 8
5797 12
5803 18
5804 20
5805 17
5807 16
5809 16
5811 1
5819 18
5820 9
5821 12
5827 12
5833 16
5835 14
5841 17
5843 14
5848 9
5850 7
5852 8
5854 12
5858 11
5865 9
5866 16
5868 12
5876 7
5878 5
5882 18
5883 18
5884 18
5885 3
5890 5
5897 6
5903 9
5904 21
5908 7
5911 5
5916 1
5926 7
5929 12
5935 15
5937 2
5944 6
5950 18
5951 6
5957 1
5966 12
5974 19
5976 8
5980 20
5982 5
5989 17
5991 21
5995 4
5999 6
6007 14
6013 18
6014 20
6015 12
6023 9
6025 11
6031 10
6034 16
6036 2
6047 21
6051 12
6057 9
6059 11
6065 10
6068 11
6075 5
6079 5
6084 12
6090 3
6095 21
6099 12
6105 13
6110 14
6115 3
6119 13
6124 19
6126 21
6130 3
6137 15
6139 18
6140 9
6142 18
6143 21
6147 11
6151 18
6152 4
6158 8
6160 13
6165 12
6171 2
6180 11
6185 11
6191 9
6193 18
6194 11
6198 12
6206 10
6209 4
6213 18
6214 10
6215 8
6219 2
6230 11
6235 19
6237 10
6238 5
6243 19
6244 20
6246 1
6254 13
6258 18
6259 10
6262 15
6264 16
6266 11
6271 6
6275 18
6276 1
6285 11
6289 16
6291 6
6297 18
6298 18
6299 14
6305 21
6309 11
6313 15
6315 12
6321 11
6325 14
6329 16
6331 14
6338 21
6342 14
6348 18
6349 6
6355 9
6356 4
6360 2
6371 11
6375 14
6380 10
6381 13
6385 19
6387 8
6391 1
6399 21
6403 2
6412 10
6415 11
6422 15
6424 11
6428 3
6435 6
6441 11
6445 11
6452 4
6460 2
6467 14
6471 7
6473 21
6477 5
6484 13
6488 15
6490 5
6494 1
6501 2
6508 18
6509 18
6510 14
6516 2
6525 12
6529 21
6533 9
6534 11
6538 17
6540 2
6551 5
6557 13
6561 12
6565 20
6566 18
6567 12
6571 3
6575 17
6577 5
6581 19
6583 18
6584 11
6588 19
6590 17
6592 11
6598 11
6603 10
6604 1
6613 3
6620 3
6626 4
6632 15
6634 11
6641 7
6643 19
6644 1
6654 3
6658 3
6662 12
6668 5
6672 15
6674 19
6676 12
6684 11
6691 11
6696 1
6706 15
6708 11
6712 4
6720 7
6723 11
6728 11
6734 18
6735 12
6739 12
6745 1
6754 11
6761 13
6767 9
6769 11
6776 11
6780 6
6786 3
6791 13
6796 14
6801 2
6812 8
6814 20
6815 12
6821 20
6823 17
6825 6
6831 5
6837 5
6842 6
6848 20
6850 12
6856 4
6860 11
6866 9
6867 16
6869 11
6873 18
6874 18
6875 16
6877 10
6880 12
6884 3
6891 6
6899 18
6900 1
6908 14
6915 11
6922 17
6924 21
6928 18
6929 11
6934 12
6940 1
6948 1
6957 8
6961 11
6968 9
6969 7
6972 13
6978 18
6979 18
6980 4
6984 20
6986 13
6991 11
6998 14
7002 1
7010 20
7011 8
7015 13
7019 9
7021 3
7027 18
7028 15
7030 21
7034 14
7038 5
7045 5
7052 11
7056 10
7059 5
7064 12
7070 18
7071 12
7077 9
7079 12
7085 18
7086 1
7095 18
7096 5
7103 4
7107 18
7108 4
7114 16
7116 11
7120 8
7122 1
7130 18
7131 17
7133 20
7135 15
7137 13
7141 17
7143 17
7145 7
7148 12
7154 12
7158 9
7159 11
7166 20
7168 20
7170 16
7172 5
7179 3
7183 8
7185 16
7187 11
7194 5
7200 11
7206 3
7213 17
7215 2
7224 8
7226 12
7232 16
7234 13
7239 12
7245 1
7253 2
7262 18
7263 16
7265 12
7269 9
7270 21
7274 11
7279 11
7286 11
7290 5
7297 12
7303 18
7304 12
7308 11
7315 13
7320 18
7321 20
7323 13
7328 15
7330 13
7334 6
7340 13
7345 21
7349 20
7350 2
7359 15
7361 7
7363 4
7369 12
7375 12
7379 4
7385 11
7390 2
7401 1
7411 12
7417 7
7420 18
7421 18
7422 15
7424 16
7426 5
7432 18
7433 18
7434 11
7439 18
7440 10
7443 2
7450 8
7452 8
7454 2
7465 17
7467 13
7472 11
7476 6
7484 16
7486 18
7487 14
7491 6
7497 17
7499 6
7507 4
7515 12
7521 2
7532 4
7536 10
7539 13
7545 10
7546 18
7547 7
7549 18
7550 11
7557 15
7559 13
7564 8
7566 21
7570 19
7571 18
7572 18
7573 14
7579 12
7585 21
7589 12
7595 12
7601 16
7603 12
7611 17
7613 1
7621 18
7622 20
7624 10
7627 21
7631 12
7639 19
7641 5
7646 15
7648 11
7654 18
7655 20
7657 20
7658 14
7663 20
7664 14
7669 18
7670 4
7676 17
7678 15
7680 17
7682 1
7692 17
7694 19
7695 13
7701 21
7705 19
7706 18
7707 19
7708 6
7714 11
7719 14
7726 8
7728 15
7730 5
7737 14
7743 11
7748 1
7758 7
7760 9
7762 13
7766 21
7770 11
7776 7
7778 19
7779 1
7787 15
7789 18
7790 11
7797 11
7804 8
7808 19
7810 16
7812 5
7817 10
7818 12
7822 3
7826 13
7831 11
7838 20
7839 2
7848 4
7854 16
7856 12
7860 8
7862 9
7864 6
7868 1
7875 13
7880 19
7881 11
7885 5
7892 15
7894 14
7899 4
7903 20
7905 10
7908 17
7910 18
7911 21
7915 19
7916 12
7922 12
7926 13
7931 18
7932 6
7936 14
7942 16
7944 19
7945 13
7950 13
7956 4
7962 16
7964 1
7972 14
7979 10
7982 8
7984 5
7989 16
7991 9
7992 16
7994 10
7997 6
8003 16
8005 12
8013 19
8014 1
8023 11
8029 19
8030 1
8037 6
8045 13
8050 19
8051 2
8060 4
8066 3
8072 3
8079 6
8085 11
8092 2
8099 9
8101 21
8105 4
8111 18
8112 17
8114 18
8115 15
8117 16
8119 9
8121 16
8123 2
8130 19
8132 12
8138 18
8139 1
8148 5
8153 12
8159 5
8166 15
8168 18
8169 11
8176 11
8181 12
8185 20
8187 17
8189 18
8190 5
8196 15
8198 6
8206 5
8210 9
8212 10
8213 1
8220 20
8221 13
8226 3
8232 15
8234 3
8239 19
8240 15
8242 15
8244 14
8249 9
8250 7
8253 5
8257 12
8261 10
8264 7
8266 7
8268 9
8269 11
8273 18
8274 5
8281 13
8287 20
8288 12
8294 18
8295 2
8304 20
8305 3
8309 21
8313 4
8319 14
8325 3
8332 2
8339 17
8341 12
8347 2
8356 18
8357 1
8366 5
8372 11
8377 11
8381 18
8382 11
8386 12
8392 13
8398 18
8399 11
8403 1
8413 11
8418 15
8420 17
8422 9
8423 12
8431 11
8437 6
8441 19
8443 8
8447 18
8448 12
8454 14
8461 17
8463 2
8472 10
8473 9
8474 5
8481 16
8483 19
8484 15
8486 3
8490 11
8494 18
8495 18
8496 3
8502 5
8509 11
8515 20
8516 15
8518 20
8519 3
8525 8
8529 12
8533 3
8537 19
8538 12
8546 21
8550 7
8552 18
8553 20
8554 13
8559 3
8565 12
8569 11
8576 12
8582 13
8588 13
8593 11
8597 1
8607 8
8609 4
8613 16
8615 19
8616 16
8618 18
8619 16
8621 3
8628 9
8629 11
8636 13
8642 2
8649 6
8655 4
8661 9
8662 21
8666 5
8672 11
8677 12
8683 1
8690 12
8694 21
8698 11
8702 12
8708 19
8710 7
8712 10
8713 18
8714 18
8715 16
8717 3
8724 11
8729 19
8731 11
8736 11
8740 1
8750 10
8751 18
8752 16
8754 18
8755 11
8762 19
8763 12
8769 12
8773 4
8781 11
8788 11
8793 19
8794 7
8797 17
8799 12
8807 4
8813 12
8817 16
8819 2
8826 11
8830 16
8832 14
8839 10
8840 1
8847 3
8851 11
8855 2
8866 7
8868 11
8874 21
8878 12
8886 13
8890 6
8896 15
8898 7
8900 13
8905 20
8906 19
8907 7
8909 4
8915 12
8919 15
8921 19
8923 18
8924 4
8930 7
8933 4
8937 3
8941 18
8942 10
8945 21
8949 17
8951 8
8955 7
8958 15
8960 2
8969 8
8971 1
8979 11
8985 8
8987 19
8989 9
8990 9
8992 17
8994 20
8995 9
8996 17
8998 11
9004 21
9008 13
9014 20
9016 15
9018 10
9019 19
9020 8
9022 11
9027 5
9033 17
9035 19
9037 11
9042 21
9046 21
9050 18
9051 16
9053 17
9055 15
9057 14
9061 13
9067 8
9069 11
9075 19
9077 18
9078 11
9083 13
9087 13
9093 2
9100 4
9104 18
9105 11
9109 18
9110 19
9111 21
9115 12
9123 1
9131 5
9138 5
9145 4
9149 5
9155 11
9160 17
9162 4
9168 18
9169 11
9175 17
9177 21
9181 15
9183 7
9185 21
9189 3
9193 15
9195 12
9203 6
9211 7
9213 3
9219 6
9227 15
9229 12
9233 13
9239 7
9241 15
9243 5
9250 17
9252 4
9258 15
9260 17
9262 19
9264 12
9270 9
9272 16
9274 7
9276 11
9281 16
9283 15
9285 12
9293 11
9299 1
9306 7
9308 2
9317 8
9321 4
9329 19
9330 6
9338 8
9342 11
9349 17
9351 6
9357 14
9364 15
9366 5
9371 9
9373 18
9374 12
9380 18
9381 12
9385 18
9386 11
9391 10
9392 19
9393 10
9394 3
9401 11
9406 20
9408 5
9413 1
9421 21
9425 8
9429 20
9430 11
9436 15
9438 14
9443 11
9449 12
9453 13
9458 21
9462 3
9469 6
9475 20
9477 19
9478 5
9484 20
9486 19
9488 17
9490 11
9495 10
9498 16
9500 4
9506 6
9510 11
9517 11
9523 18
9524 21
9528 16
9530 18
9531 3
9538 9
9540 9
9542 1
9550 3
9555 17
9557 4
9563 1
9570 16
9572 15
9574 13
9580 8
9584 19
9585 21
9589 5
9593 1
9602 19
9603 20
9604 11
9608 2
9615 12
9623 18
9624 11
9628 10
9631 21
9635 12
9639 11
9646 14
9651 17
9653 2
9662 11
9668 12
9674 12
9678 13
9683 4
9687 8
9691 11
9698 11
9702 12
9706 11
9713 20
9714 11
9718 10
9721 8
9723 14
9729 15
9731 18
9732 18
9733 11
9740 16
9742 17
9744 11
9748 15
9750 11
9755 17
9757 16
9759 21
9763 3
9769 5
9775 9
9776 9
9778 17
9780 20
9781 5
9788 6
9792 9
9793 13
9799 9
9800 7
9803 12
9809 11
9816 3
9820 9
9821 10
9822 3
9826 11
9832 6
9838 18
9839 1
9847 21
9851 21
9855 13
9860 10
9863 11
9870 18
9871 1
9879 11
9884 6
9890 21
9894 12
9900 15
9902 6
9906 7
9908 5
9915 4
9921 21
9925 8
9927 18
9928 1
9936 8
9938 18
9939 12
9943 6
9951 4
9957 21
9961 15
9963 12
9967 7
9970 15
9972 19
9973 11
9977 7
9979 9
9981 10
9982 11
9989 17
9991 12
9995 12
10001 14
10006 16
10008 16
10010 20
10011 21
10015 12
10019 17
10021 9
10023 1
10031 11
10035 15
10037 10
10038 10
10039 8
10043 11
10050 12
10054 6
10060 2
10071 3
10076 12
10082 5
10086 19
10087 18
10088 12
10094 15
10096 15
10098 11
10105 3
10111 9
10113 2
10122 14
10127 12
10131 10
10132 11
10138 6
10144 10
10145 20
10146 21
10150 11
10154 10
10157 9
10158 11
10162 11
10168 3
10173 15
10175 5
10180 11
10184 12
10190 15
10192 10
10193 4
10201 17
10203 19
10205 18
10206 4
10210 5
10214 2
10223 21
10227 12
10233 10
10236 17
10238 10
10239 8
10243 18
10244 10
10247 15
10249 11
10256 12
10260 3
10265 11
10270 20
10271 20
10273 8
10277 15
10279 12
10287 14
10293 10
10294 1
10301 4
10307 18
10308 10
10309 1
10318 16
10320 16
10322 11
10329 12
10335 11
10340 1
10347 18
10348 13
10352 9
10354 9
10356 11
10363 11
10370 1
10379 2
10388 6
10396 1
10404 12
10408 10
10411 21
10415 15
10417 7
10419 12
10423 6
10429 4
10435 21
10439 16
10441 18
10442 19
10443 18
10444 9
10446 10
10447 9
10448 11
10455 15
10457 8
10459 10
10460 18
10461 14
10466 18
10467 14
10472 10
10475 12
10479 18
10480 15
10482 18
10483 6
10487 10
10488 14
10493 5
10500 11
10506 1
10514 15
10516 9
10518 1
10528 11
10534 11
10538 1
10545 11
10551 15
10553 16
10555 13
10560 18
10561 19
10562 3
10568 4
10576 1
10586 3
10592 12
10598 9
10599 12
10605 9
10606 15
10608 12
10614 18
10615 3
10620 18
10621 7
10624 11
10630 17
10632 11
10639 13
10643 6
10647 13
10651 1
10659 10
10660 16
10662 21
10666 20
10667 21
10671 8
10673 17
10675 21
10679 17
10681 9
10683 16
10685 12
10689 11
10694 6
10700 12
10706 11
10712 13
10717 6
10723 15
10725 19
10727 12
10731 6
10737 18
10738 16
10740 9
10741 12
10749 14
10753 10
10754 16
10756 4
10764 11
10768 11
10773 10
10776 11
10781 8
10785 21
10789 11
10794 13
10799 14
10804 16
10806 11
10812 5
10819 12
10825 4
10833 11
10840 4
10846 10
10849 10
10850 18
10851 10
10854 11
10859 17
10861 11
10865 11
10872 20
10873 19
10875 12
10883 14
10890 2
10899 9
10900 7
10903 14
10907 17
10909 10
10912 11
10918 11
10923 12
10929 21
10933 19
10934 2
10943 2
10952 5
10956 6
10960 10
10961 8
10965 15
10967 8
10969 11
10973 18
10974 6
10978 14
10984 16
10986 11
10993 18
10994 18
10995 10
10998 12
11006 12
11010 10
11011 6
11019 8
11023 12
11029 17
11031 1
11041 8
11045 12
11049 10
11050 1
11059 20
11060 10
11063 15
11065 3
11072 8
11074 8
11078 19
11079 11
11085 19
11087 7
11089 18
11090 4
11098 11
11103 11
11110 11
11117 13
11122 15
11124 11
11131 12
11137 15
11139 18
11140 8
11144 11
11151 6
11159 8
11161 3
11168 13
11172 17
11174 12
11180 20
11182 20
11184 16
11186 16
11188 2
11199 5
11206 11
11210 12
11214 2
11223 3
11230 16
11232 12
11238 7
11241 18
11242 17
11244 19
11245 3
11251 2
11260 12
11266 8
11270 3
11275 9
11277 14
11284 12
11292 9
11294 21
11298 7
11301 17
11303 6
11307 1
11316 3
11320 14
11325 4
11331 11
11338 11
11343 16
11345 2
11354 19
11356 11
11363 14
11367 18
11368 4
11372 18
11373 19
11375 18
11376 8
11380 21
11384 11
11390 20
11392 3
11399 7
11401 21
11405 11
11410 18
11411 3
11415 2
11426 11
11433 3
11438 11
11445 10
11446 20
11447 7
11449 6
11457 11
11462 18
11463 5
11467 21
11471 14
11478 15
11480 3
11487 11
11493 11
11498 12
11506 16
11508 8
11510 2
11517 16
11519 2
11528 9
11529 4
11535 13
11539 18
11540 21
11544 1
11553 5
11557 21
11561 2
11570 2
11579 1
11586 19
11588 11
11592 12
11600 18
11601 8
11603 16
11605 12
11609 16
11611 12
11617 11
11622 12
11628 4
11634 6
11640 13
11645 14
11649 19
11651 7
11654 12
11660 17
11662 18
11663 12
11667 11
11674 8
11678 18
11679 12
11687 10
11690 16
11692 4
11698 7
11701 1
11710 12
11714 2
11723 17
11725 7
11727 21
11731 14
11736 18
11737 11
11742 11
11749 13
11754 14
11759 16
11761 11
11765 8
11767 13
11773 18
11774 21
11778 14
11785 5
11790 21
11794 18
11795 3
11802 3
11807 14
11814 18
11815 5
11822 15
11824 3
11830 8
11832 16
11834 12
11840 17
11842 18
11843 4
11847 17
11849 21
11853 6
11861 5
11866 11
11872 8
11874 5
11880 15
11882 17
11884 15
11886 11
11890 6
11896 9
11898 15
11900 16
11902 12
11906 16
11908 7
11911 21
11915 9
11916 8
11920 21
11924 20
11925 17
11927 17
11929 1
11939 6
11945 7
11948 14
11953 19
11954 18
11955 2
11964 11
11969 5
11975 11
11982 2
11991 18
11992 20
11993 21
11997 4
12003 11
12008 11
12013 4
12017 2
12028 14
12033 13
12038 15
12040 3
12047 11
12051 10
12052 2
12059 12
12067 17
12069 20
12071 13
12075 18
12076 12
12082 21
12086 16
12088 16
12090 12
12098 4
12104 15
12106 5
12110 11
12116 20
12117 13
12122 13
12127 8
12129 11
12135 6
12139 12
12147 19
12148 5
12152 17
12154 12
12160 7
12163 12
12167 5
12171 19
12173 17
12175 11
12181 3
12186 6
12192 21
12196 3
12202 4
12210 3
12215 14
12219 9
12220 12
12226 4
12230 13
12234 11
12241 15
12243 1
12252 1
12261 12
12269 20
12271 19
12273 18
12274 12
12278 19
12279 17
12281 16
12283 7
12286 10
12289 3
12293 11
12300 8
12302 21
12306 12
12310 18
12311 11
12318 2
12327 6
12335 11
12342 19
12343 3
12347 5
12353 20
12355 12
12361 2
12372 19
12374 21
12378 1
12388 6
12394 10
12395 5
12401 12
12409 14
12415 4
12419 17
12421 12
12427 11
12434 3
12440 8
12444 7
12447 20
12449 14
12454 12
12460 15
12462 15
12464 20
12466 15
12468 8
12472 5
12479 8
12483 9
12484 12
12488 12
12494 21
12498 12
12502 12
12506 14
12513 6
12519 15
12521 11
12527 17
12529 12
12537 11
12541 19
12542 19
12544 11
12551 1
12561 11
12568 18
12569 16
12571 12
12579 18
12580 16
12582 18
12583 8
12585 14
12592 15
12594 10
12597 8
12601 14
12607 20
12608 10
12609 16
12611 3
12618 10
12621 9
12622 9
12623 21
12627 16
12629 12
12637 12
12641 17
12643 17
12645 4
12653 2
12660 13
12666 5
12672 11
12677 2
12686 12
12692 11
12698 14
12702 13
12706 9
12708 1
12716 10
12719 14
12724 17
12726 11
12733 6
12741 12
12749 15
12751 11
12757 18
12758 17
12760 12
12766 15
12768 12
12774 21
12778 11
12783 11
12787 11
12791 21
12795 7
12797 6
12803 13
12808 15
12810 8
12814 15
12816 16
12818 7
12821 11
12825 5
12830 7
12833 4
12837 5
12842 17
12844 7
12846 15
12848 2
12859 8
12861 21
12865 21
12869 11
12876 16
12878 3
12882 11
12886 5
12890 12
12896 2
12903 1
12913 7
12916 2
12925 6
12929 3
12935 3
12940 18
12941 7
12944 20
12945 11
12952 10
12953 11
12960 5
12967 19
12969 11
12974 20
12976 5
12983 17
12985 10
12986 11
12993 19
12994 6
13000 4
13006 5
13010 10
13011 21
13015 12
13023 19
13024 12
13028 18
13029 11
13034 18
13035 9
13036 11
13043 11
13049 11
13056 20
13057 12
13065 2
13072 13
13077 2
13086 10
13089 12
13097 18
13098 11
13105 2
13114 15
13116 15
13118 9
13120 12
13126 9
13128 5
13133 18
13134 3
13140 12
13146 11
13153 19
13154 12
13158 17
13160 12
13166 4
13172 20
13174 18
13175 11
13182 19
13183 5
13190 11
13195 14
13202 18
13203 11
13207 12
13211 21
13215 12
13223 8
13227 13
13233 21
13237 13
13241 11
13247 9
13249 16
13251 8
13255 16
13257 5
13264 15
13266 11
13271 1
13278 13
13284 3
13288 2
13295 13
13301 10
13304 7
13306 7
13309 11
13313 18
13314 4
13318 11
13325 19
13327 13
13332 7
13334 15
13336 11
13340 11
13344 16
13346 9
13347 7
13349 8
13353 4
13359 4
13365 3
13371 4
13379 15
13381 7
13383 18
13384 12
13388 21
13392 18
13393 17
13395 11
13399 18
13400 16
13402 12
13410 11
13416 13
13420 20
13421 12
13425 11
13431 7
13434 11
13440 19
13441 16
13443 15
13445 18
13446 18
13447 15
13449 11
13456 13
13461 12
13467 13
13472 20
13473 10
13474 20
13476 5
13482 10
13485 11
13491 7
13493 1
13503 19
13504 12
13508 5
13514 5
13519 11
13526 13
13532 12
13536 12
13542 3
13547 15
13549 2
13558 2
13567 5
13571 19
13573 2
13582 17
13584 12
13590 17
13592 8
13594 9
13596 14
13600 17
13602 8
13604 1
13614 18
13615 18
13616 14
13623 11
13629 14
13636 3
13641 1
13648 12
13654 3
13661 12
13667 20
13669 12
13675 20
13676 5
13683 12
13691 5
13695 6
13699 11
13706 13
13710 6
13716 6
13722 10
13723 6
13727 1
13735 11
13740 16
13742 10
13745 13
13750 9
13751 12
13759 12
13763 5
13770 9
13771 13
13777 16
13779 12
13787 5
13792 11
13796 21
13800 4
13808 7
13811 12
13817 14
13823 3
13827 20
13828 21
13832 12
13838 12
13842 9
13843 10
13846 8
13850 9
13852 13
13857 19
13858 18
13859 12
13863 6
13867 8
13869 20
13870 18
13871 21
13875 6
13883 8
13885 13
13889 18
13890 6
13898 2
13909 8
13913 12
13921 18
13922 18
13923 10
13924 5
13929 17
13931 18
13932 12
13936 12
13944 1
13951 18
13952 18
13953 13
13959 20
13961 9
13962 6
13968 8
13972 11
13976 18
13977 11
13982 1
13989 7
13992 11
13996 18
13997 17
13999 18
14000 6
14006 21
14010 12
14016 11
14022 19
14023 6
14029 7
14031 11
14035 10
14038 10
14039 19
14041 15
14043 12
14051 4
14055 12
14059 6
14065 8
14069 15
14071 5
14075 20
14077 9
14078 11
14082 8
14084 12
14090 4
14096 8
14100 5
14106 11
14111 15
14113 1
14123 4
14129 11
14135 4
14143 5
14149 12
14155 17
14157 5
14163 4
14169 11
14173 19
14175 2
14184 19
14185 3
14189 1
14197 8
14199 10
14200 12
14204 11
14210 3
14216 9
14217 3
14224 15
14226 12
14232 20
14233 2
14244 18
14245 11
14252 2
14261 12
14265 11
14270 16
14272 7
14274 14
14281 13
14286 18
14287 11
14292 4
14296 3
14303 9
14305 11
14312 19
14314 8
14318 11
14322 11
14326 18
14327 18
14328 12
14332 10
14335 17
14337 11
14341 19
14343 10
14346 14
14353 11
14359 18
14360 5
14366 15
14368 17
14370 19
14371 3
14376 12
14382 9
14384 11
14389 6
14395 12
14401 20
14403 13
14408 12
14416 16
14418 5
14425 21
14429 12
14437 2
14448 12
14454 12
14460 9
14462 11
14467 11
14473 21
14477 16
14479 11
14486 20
14488 21
14492 10
14495 4
14499 12
14505 11
14509 3
14515 2
14524 15
14526 21
14530 8
14534 9
14536 6
14542 10
14545 7
14547 12
14553 14
14557 14
14564 18
14565 1
14574 11
14581 6
14589 17
14591 15
14593 17
14595 11
14601 3
14607 11
14614 16
14616 5
14622 9
14624 9
14626 21
14630 1
14639 1
14648 1
14657 21
14661 12
14669 3
14674 17
14676 19
14678 11
14684 11
14690 18
14691 12
14699 2
14708 2
14717 15
14719 11
14723 16
14725 1
14735 11
14742 21
14746 12
14752 11
14756 20
14757 15
14759 11
14765 14
14769 6
14777 11
14782 20
14783 12
14789 11
14793 12
14797 10
14798 2
14807 18
14808 8
14810 20
14812 9
14814 11
14820 10
14823 4
14829 7
14832 18
14833 14
14838 16
14840 3
14845 6
14849 5
14855 3
14861 5
14867 11
14873 18
14874 8
14878 14
14882 12
14888 4
14892 13
14897 11
14901 6
14905 10
14908 20
14909 12
14915 10
14916 6
14920 11
14924 14
14931 1
14941 7
14944 6
14952 11
14958 13
14964 18
14965 7
14967 6
14971 16
14973 12
14979 3
14986 12
14994 18
14995 18
14996 12
15002 6
15008 20
15010 3
15015 19
15017 10
15020 3
15025 10
15028 11
15032 6
15038 7
15040 5
15046 18
15047 14
15052 16
15054 5
15060 11
15066 19
15067 3
15073 1
15081 1
15088 17
15090 1
15099 15
15101 18
15102 19
15103 9
15104 11
15110 10
15111 19
15113 16
15115 18
15116 6
15122 8
15126 17
15128 10
15129 6
15135 1
15144 11
15150 5
15156 9
15158 14
15162 18
15163 18
15164 13
15170 4
15176 11
15180 14
15187 11
15193 18
15194 20
15196 8
15200 17
15202 20
15203 4
15207 15
15209 19
15211 5
15215 14
15221 12
15227 12
15235 4
15241 7
15244 6
15252 3
15257 15
15259 7
15261 12
15269 13
15274 11
15281 21
15285 14
15289 14
15296 21
15300 5
15307 7
15309 7
15311 9
15313 19
15315 17
15317 3
15321 11
15327 12
15333 12
15341 20
15342 11
15348 12
15352 6
15358 9
15360 21
15364 21
15368 5
15372 6
15378 4
15384 5
15391 12
15397 20
15399 2
15406 1
15416 15
15418 3
15424 11
15431 21
15435 6
15441 15
15443 19
15445 16
15447 10
15450 11
15454 11
15461 12
15469 9
15470 12
15474 2
15483 11
15489 16
15491 4
15495 13
15500 15
15502 11
15508 5
15515 21
15519 3
15526 18
15527 11
15532 17
15534 14
15541 5
15545 11
15550 16
15552 6
15558 13
15563 11
15570 21
15574 18
15575 14
15579 2
15586 20
15588 7
15590 18
15591 11
15596 7
15599 3
15603 2
15612 12
15616 21
15620 3
15626 11
15631 12
15635 12
15643 18
15644 8
15648 12
15654 21
15658 21
15662 18
15663 16
15665 12
15671 2
15680 4
15684 19
15685 4
15691 10
15692 15
15694 4
15700 5
15704 20
15706 11
15710 1
15719 16
15721 12
15725 11
15730 18
15731 8
15733 21
15737 6
15745 11
15752 15
15754 17
15756 21
15760 5
15767 17
15769 17
15771 20
15773 10
15774 11
15781 12
15787 3
15791 11
15796 1
15803 9
15804 12
15810 5
15816 2
15825 8
15827 14
15832 9
15833 6
15839 11
15844 8
15846 17
15848 5
15854 12
15860 17
15862 21
15866 17
15868 18
15869 10
15872 10
15875 4
15881 5
15885 14
15891 17
15893 2
15900 11
15906 17
15908 15
15910 8
15912 18
15913 10
15914 7
15917 21
15921 18
15922 10
15925 7
15928 1
15937 20
15938 15
15940 7
15943 10
15946 11
15952 17
15954 12
15960 7
15963 18
15964 20
15966 10
15969 15
15971 18
15972 7
15975 13
15980 3
15984 19
15986 8
15990 7
15992 4
16000 11
16004 10
16007 2
16018 15
16020 15
16022 5
16027 12
16033 4
16039 12
16047 14
16053 11
16058 4
16064 14
16070 9
16072 13
16077 18
16078 5
16082 7
16084 19
16086 5
16093 4
16101 11
16107 16
16109 12
16115 14
16119 19
16121 12
16127 14
16134 21
16138 17
16140 18
16141 21
16145 6
16149 9
16151 7
16153 15
16155 2
16164 18
16165 10
16168 6
16174 9
16175 7
16177 14
16183 10
16184 14
16188 9
16189 21
16193 14
16197 14
16202 17
16204 18
16205 6
16209 13
16215 15
16217 12
16223 3
16227 11
16234 11
16238 7
16241 21
16245 3
16250 16
16252 19
16254 11
16258 6
16264 18
16265 7
16267 9
16268 3
16274 12
16280 9
16281 20
16282 1
16292 1
16299 5
16305 20
16306 6
16312 10
16315 7
16318 4
16326 12
16332 10
16335 16
16337 10
16338 14
16345 15
16347 15
16349 5
16354 13
16360 11
16366 11
16370 18
16371 17
16373 2
16384 12
16390 15
16392 11
16396 19
16398 3
16402 12
16408 12
16412 2
16421 13
16427 18
16428 13
16433 18
16434 3
16438 15
16440 17
16442 19
16443 5
16449 14
16456 17
16458 16
16460 16
16462 5
16466 18
16467 4
16473 14
16478 14
16482 13
16486 10
16487 2
16494 7
16496 12
16500 11
16505 3
16511 12
16517 18
16518 7
16521 3
16528 10
16529 20
16531 18
16532 1
16539 9
16541 11
16547 2
16558 21
16562 14
16567 8
16571 13
16576 14
16583 21
16587 12
16593 17
16595 17
16597 5
16602 13
16607 13
16612 4
16616 17
16618 2
16625 9
16627 16
16629 17
16631 12
16639 9
16641 3
16647 8
16651 18
16652 1
16661 5
16665 7
16667 17
16669 11
16673 18
16674 4
16678 18
16679 1
16688 1
16695 18
16696 2
16707 8
16709 15
16711 5
16717 13
16723 15
16725 4
16731 5
16735 10
16738 14
16745 4
16751 21
16755 10
16758 6
16764 1
16774 11
16781 14
16785 18
16786 18
16787 14
16794 14
16799 12
16803 21
16807 11
16814 21
16818 9
16820 5
16827 16
16829 3
16835 16
16837 12
16843 11
16850 18
16851 12
16859 18
16860 10
16863 1
16873 15
16875 7
16878 12
16884 12
16888 10
16889 12
16895 7
16898 16
16900 5
16907 5
16911 12
16917 17
16919 4
16925 10
16928 17
16930 13
16935 4
16941 6
16949 21
16953 7
16955 6
16959 11
16966 10
16967 1
16977 12
16985 10
16988 12
16994 21
16998 7
17000 11
17004 9
17005 18
17006 10
17009 14
17016 15
17018 12
17024 10
17025 16
17027 8
17029 15
17031 7
17034 12
17038 6
17042 7
17045 11
17049 16
17051 2
17058 21
17062 9
17063 18
17064 11
17069 14
17075 19
17076 11
17080 20
17081 15
17083 7
17086 11
17090 3
17094 19
17095 19
17096 11
17102 11
17106 6
17112 15
17114 18
17115 7
17117 18
17118 19
17120 5
17127 9
17129 16
17131 16
17133 17
17135 13
17140 18
17141 2
17150 12
17154 18
17155 11
17162 19
17164 8
17166 20
17168 2
17175 17
17177 12
17181 18
17182 10
17183 3
17190 11
17194 12
17198 16
17200 14
17205 4
17213 17
17215 11
17222 5
17228 12
17236 15
17238 14
17242 5
17246 18
17247 17
17249 17
17251 5
17256 10
17257 18
17258 3
17264 5
17270 12
17276 16
17278 21
17282 21
17286 11
17292 11
17299 12
17305 17
17307 12
17313 9
17314 7
17316 5
17323 13
17327 19
17328 11
17333 18
17334 14
17341 11
17347 1
17357 21
17361 2
17370 4
17376 20
17378 9
17379 11
17386 14
17392 13
17397 15
17399 11
17403 19
17405 6
17413 1
17423 17
17425 11
17431 5
17435 12
17443 15
17445 18
17446 11
17451 15
17453 4
17459 18
17460 18
17461 12
17467 12
17471 7
17474 10
17477 15
17479 1
17486 11
17490 9
17491 11
17496 5
17503 15
17505 12
17513 11
17517 14
17521 21
17525 1
17533 2
17542 17
17544 18
17545 9
17546 8
17550 12
17558 17
17560 11
17566 11
17573 17
17575 15
17577 12
17583 12
17589 2
17600 16
17602 10
17605 20
17606 2
17615 17
17617 14
17622 19
17623 2
17632 16
17634 11
17638 17
17640 11
17647 21
17651 20
17653 18
17654 21
17658 4
17666 9
17668 11
17674 1
17684 11
17691 13
17697 18
17698 20
17700 14
17705 17
17707 12
17713 1
17721 1
17728 2
17735 15
17737 13
17741 10
17742 7
17745 3
17749 11
17755 15
17757 20
17759 18
17760 16
17762 11
17766 6
17774 20
17775 5
17779 20
17780 12
17786 3
17790 12
17794 18
17795 9
17796 10
17799 15
17801 7
17804 18
17805 18
17806 6
17814 5
17818 13
17822 7
17824 18
17825 13
17830 18
17831 1
17839 8
17841 19
17843 6
17849 18
17850 17
17852 4
17856 17
17858 20
17860 19
17862 9
17864 6
17868 18
17869 11
17874 13
17880 14
17887 16
17889 11
17893 9
17894 5
17901 3
17907 21
17911 8
17915 18
17916 3
17920 3
17926 12
17932 16
17934 12
17942 9
17944 17
17946 18
17947 11
17952 19
17953 12
17959 19
17961 8
17963 11
17967 13
17971 18
17972 6
17978 3
17983 21
17987 10
17988 11
17993 20
17995 15
17997 4
18003 6
18009 6
18015 1
18022 11
18028 12
18034 14
18039 11
18045 21
18049 12
18055 21
18059 17
18061 10
18064 3
18068 18
18069 4
18075 12
18079 8
18081 10
18084 17
18086 12
18092 11
18097 7
18100 5
18105 5
18109 6
18115 11
18119 21
18123 11
18127 10
18130 9
18132 11
18137 11
18141 10
18144 6
18152 11
18158 1
18165 17
18167 11
18172 17
18174 16
18176 16
18178 18
18179 16
18181 19
18183 12
18189 12
18195 5
18200 11
18205 16
18207 21
18211 14
18216 3
18221 16
18223 18
18224 11
18228 2
18237 2
18246 18
18247 16
18249 8
18253 8
18257 11
18262 11
18268 6
18274 20
18275 6
18281 14
18286 18
18287 9
18289 9
18291 14
18295 14
18300 4
18306 15
18308 17
18310 11
18315 16
18317 9
18318 18
18319 6
18325 18
18326 18
18327 9
18329 15
18331 12
18337 15
18339 6
18345 5
18350 17
18352 14
18359 11
18365 10
18368 5
18372 10
18373 15
18375 17
18377 19
18379 14
18386 17
18388 11
18393 13
18399 21
18403 14
18407 8
18409 17
18411 21
18415 12
18421 10
18422 5
18426 1
18433 5
18440 18
18441 18
18442 18
18443 1
18452 10
18455 11
18462 18
18463 1
18473 2
18482 4
18490 19
18491 21
18495 12
18503 11
18510 11
18517 12
18523 12
18529 11
18535 4
18543 10
18544 1
18553 13
18559 12
18565 12
18571 11
18576 17
18578 17
18580 13
18585 13
18591 11
18597 11
18603 12
18607 1
18615 15
18617 12
18621 18
18622 16
18624 3
18631 12
18635 6
18641 11
18647 1
18654 15
18656 9
18657 12
18663 11
18667 8
18671 20
18673 16
18675 13
18679 9
18681 3
18685 18
18686 4
18690 4
18694 12
18700 1
18708 4
18712 12
18716 19
18717 21
18721 12
18727 17
18729 6
18735 18
18736 10
18737 11
18743 8
18747 12
18755 12
18759 19
18761 7
18764 16
18766 15
18768 11
18774 15
18776 17
18778 9
18779 15
18781 14
18787 19
18789 8
18791 21
18795 17
18797 13
18802 18
18803 16
18805 1
18812 18
18813 11
18820 7
18822 13
18827 18
18828 6
18832 2
18841 2
18850 13
18855 4
18863 3
18869 12
18877 8
18881 11
18888 1
18898 11
18902 19
18903 3
18908 4
18914 11
18918 18
18919 17
18921 3
18926 6
18934 4
18940 18
18941 12
18947 11
18954 11
18960 11
18966 15
18968 13
18973 9
18975 21
18979 5
18983 2
18992 11
18998 21
19002 17
19004 12
19010 5
19017 8
19019 5
19026 21
19030 5
19035 8
19039 18
19040 4
19048 5
19053 18
19054 3
19058 7
19060 4
19066 11
19071 11
19078 2
19089 9
19091 1
19100 9
19101 12
19107 7
19110 7
19112 11
19116 13
19122 12
19128 8
19130 7
19133 20
19135 7
19138 15
19140 8
19144 20
19146 7
19149 18
19150 13
19155 8
19157 1
19164 12
19172 2
19179 14
19184 15
19186 12
19194 21
19198 17
19200 9
19201 11
19207 6
19211 12
19217 11
19223 5
19227 7
19230 7
19233 7
19235 8
19239 13
19243 11
19248 17
19250 12
19254 19
19256 6
19264 18
19265 2
19274 1
19282 12
19288 2
19297 7
19299 16
19301 10
19304 10
19307 20
19309 1
19317 12
19325 21
19329 18
19330 11
19337 12
19341 13
19346 19
19348 3
19352 11
19356 11
19361 7
19363 2
19370 7
19372 14
19379 11
19385 13
19391 19
19392 9
19393 12
19399 11
19405 3
19409 2
19418 16
19420 10
19423 7
19426 19
19427 5
19431 12
19437 17
19439 18
19440 12
19448 9
19449 1
19458 2
19465 9
19467 14
19474 11
19480 1
19490 2
19499 15
19501 11
19507 21
19511 20
19513 2
19524 18
19525 11
19530 10
19533 8
19537 2
19546 11
19550 18
19551 21
19555 20
19556 15
19558 2
19567 21
19571 20
19572 12
19576 9
19578 15
19580 12
19586 17
19588 3
19592 5
19599 21
19603 12
19609 7
19612 14
19616 16
19618 13
19623 11
19627 16
19629 18
19630 11
19636 12
19644 5
19649 11
19653 12
19659 1
19666 3
19670 5
19674 10
19677 17
19679 2
19690 5
19695 2
19704 12
19710 14
19717 4
19725 11
19730 11
19737 5
19742 20
19744 6
19750 5
19756 11
19762 11
19768 14
19772 5
19776 9
19778 2
19785 12
19789 12
19795 11
19799 12
19803 20
19804 16
19806 12
19810 12
19816 17
19818 12
19826 17
19828 15
19830 15
19832 12
19840 12
19846 18
19847 17
19849 10
19850 4
19856 8
19860 12
19864 20
19866 11
19873 4
19879 5
19883 11
19890 18
19891 2
19898 11
19905 12
19911 1
19921 21
19925 13
19930 11
19936 11
19941 16
19943 19
19945 21
19949 5
19955 2
19962 18
19963 20
19964 12
19968 5
19973 20
19974 12
19980 18
19981 18
19982 13
19987 15
19989 21
19993 17
19995 7
19997 17
19999 15
20001 18
20002 5
20006 11
20010 18
20011 3
20018 18
20019 15
20021 7
20024 13
20028 11
20033 6
20037 12
20043 19
20045 9
20047 20
20048 9
20049 1
20056 15
20058 20
20060 15
20062 3
20067 5
20071 7
20073 9
20075 15
20077 19
20079 11
20086 3
20090 16
20092 18
20093 12
20099 11
20106 7
20109 4
20115 11
20119 12
20123 6
20127 9
20128 12
20132 6
20138 11
20142 21
20146 11
20152 21
20156 1
20166 2
20175 19
20176 11
20180 12
20186 20
20188 18
20189 16
20191 16
20193 8
20197 17
20199 5
20204 11
20208 10
20209 15
20211 14
20218 4
20226 3
20231 18
20232 12
20238 4
20242 19
20243 10
20244 1
20254 7
20256 20
20257 11
20262 11
20266 4
20272 10
20275 3
20282 16
20284 11
20289 17
20291 18
20292 11
20298 11
20304 12
20310 3
20314 11
20318 11
20322 11
20329 11
20334 3
20338 21
20342 3
20346 5
20350 12
20358 11
20362 5
20367 6
20375 19
20376 2
20385 15
20387 17
20389 12
20393 12
20397 21
20401 6
20407 14
20411 11
20415 21
20419 3
20423 4
20427 18
20428 9
20429 12
20433 11
20439 10
20442 21
20446 13
20450 6
20454 11
20459 10
20460 2
20469 12
20477 18
20478 8
20482 12
20486 11
20493 10
20496 19
20497 9
20498 2
20507 17
20509 11
20515 20
20516 1
20526 18
20527 16
20529 8
20533 10
20534 12
20540 13
20544 18
20545 18
20546 17
20548 19
20550 12
20556 1
20565 18
20566 6
20572 19
20573 12
20579 14
20583 2
20590 16
20592 20
20593 7
20595 11
20601 17
20603 12
20609 1
20617 14
20621 6
20629 11
20635 21
20639 3
20643 8
20645 2
20652 16
20654 2
20665 11
20672 16
20674 3
20680 3
20684 11
20690 1
20700 7
20702 19
20703 18
20704 17
20706 19
20708 11
20713 12
20719 17
20721 13
20726 20
20728 16
20730 8
20732 20
20733 3
20740 13
20746 17
20748 20
20749 8
20751 4
20757 16
20759 21
20763 17
20765 17
20767 3
20774 12
20782 1
20791 11
20796 10
20799 6
20805 18
20806 12
20810 6
20816 4
20822 2
20831 9
20832 4
20838 1
20848 20
20850 19
20851 12
20857 1
20864 5
20871 8
20875 9
20876 7
20878 10
20879 5
20886 3
20893 3
20898 3
20903 21
20907 16
20909 17
20911 12
20915 9
20916 6
20920 19
20921 16
20923 12
20929 9
20931 12
20937 19
20938 20
20939 21
20943 18
20944 10
20947 16
20949 2
20958 4
20966 1
20973 9
20975 8
20979 17
20981 18
20982 3
20986 13
20991 18
20992 14
20999 20
21001 12
21007 9
21009 11
21015 6
21019 13
21023 19
21025 18
21026 9
21027 1
21034 2
21041 11
21048 21
21052 11
21058 3
21062 13
21068 14
21072 6
21076 14
21083 10
21084 8
21086 13
21091 10
21092 15
21094 9
21095 9
21097 11
21103 21
21107 10
21110 21
21114 11
21118 10
21121 20
21122 6
21128 11
21133 19
21134 3
21139 14
21145 9
21147 14
21153 14
21157 12
21161 12
21167 12
21171 12
21175 18
21176 14
21181 11
21187 14
21191 20
21193 6
21199 14
21203 11
21207 12
21211 14
21217 4
21225 17
21227 10
21230 15
21232 3
21239 1
21247 16
21249 3
21255 21
21259 19
21260 7
21263 16
21265 15
21267 11
21274 20
21276 8
21280 3
21286 20
21288 2
21295 12
21301 11
21307 12
21315 12
21319 11
21324 7
21327 3
21331 20
21332 4
21338 12
21344 2
21353 20
21355 4
21361 11
21365 13
21369 12
21377 1
21386 4
21390 7
21392 16
21394 11
21398 8
21402 9
21404 9
21405 1
21413 11
21418 18
21419 20
21420 10
21423 5
21430 6
21438 7
21441 12
21447 2
21456 18
21457 11
21462 11
21467 1
21476 4
21482 10
21483 3
21490 2
21497 8
21499 13
21504 7
21507 15
21509 11
21514 11
21518 21
21522 18
21523 11
21527 18
21528 11
21532 2
21541 11
21547 7
21550 9
21551 18
21552 19
21553 8
21557 18
21558 4
21564 17
21566 7
21568 8
21572 17
21574 3
21578 9
21580 11
21586 11
21592 7
21595 4
21601 12
21607 5
21614 3
21620 14
21625 18
21626 11
21632 19
21633 15
21635 11
21639 4
21643 14
21648 9
21650 18
21651 16
21653 15
21655 15
21657 9
21659 8
21663 12
21671 20
21672 17
21674 7
21677 16
21679 17
21681 11
21688 9
21689 12
21695 12
21699 18
21700 13
21705 18
21706 12
21712 16
21714 19
21715 2
21724 21
21728 11
21732 13
21738 7
21740 20
21742 18
21743 5
21750 12
21758 6
21764 5
21768 8
21770 5
21775 4
21781 17
21783 8
21785 12
21791 21
21795 21
21799 6
21805 2
21814 7
21816 21
21820 11
21824 3
21829 19
21830 11
21834 20
21835 7
21837 17
21839 12
21843 9
21844 5
21849 16
21851 10
21852 11
21857 14
21862 4
21868 3
21874 14
21881 16
21883 8
21887 13
21891 8
21893 14
21900 4
21906 6
21910 21
21914 19
21916 21
21920 13
21925 6
21929 20
21930 17
21932 17
21934 11
21939 1
21946 6
21952 13
21958 9
21959 8
21961 5
21965 7
21967 16
21969 4
21977 18
21978 5
21983 18
21984 7
21987 1
21994 5
22000 1
22008 13
22012 4
22018 12
22024 5
22031 1
22038 15
22040 8
22044 14
22050 13
22055 15
22057 18
22058 6
22064 5
22071 14
22077 21
22081 8
22085 4
22091 17
22093 9
22095 8
22097 15
22099 2
22110 8
22112 18
22113 9
22114 6
22120 16
22122 18
22123 3
22130 12
22136 18
22137 10
22140 18
22141 16
22143 1
22152 3
22159 18
22160 3
22164 3
22170 17
22172 12
22178 20
22180 18
22181 16
22183 19
22184 2
22193 2
22200 7
22203 15
22205 13
22211 20
22212 12
22218 10
22221 19
22223 10
22226 12
22232 20
22234 15
22236 9
22238 12
22246 11
22253 6
22261 11
22266 20
22267 3
22274 5
22279 15
22281 10
22284 10
22285 15
22287 8
22289 10
22290 12
22298 17
22300 13
22304 4
22310 15
22312 14
22317 11
22323 15
22325 1
22333 13
22338 5
22345 3
22350 6
22356 9
22358 1
22366 10
22369 5
22374 3
22380 5
22384 15
22386 19
22387 6
22393 14
22400 11
22405 19
22406 15
22408 10
22411 9
22413 10
22414 6
22420 16
22422 20
22423 7
22426 10
22427 6
22431 1
22441 18
22442 21
22446 21
22450 20
22452 2
22461 12
22467 20
22469 19
22471 12
22477 12
22481 11
22488 12
22496 17
22498 14
22504 16
22506 10
22507 20
22509 18
22510 10
22511 20
22512 18
22513 11
22520 20
22522 2
22531 15
22533 11
22537 1
22546 3
22553 12
22559 15
22561 3
22565 14
22569 10
22570 11
22574 20
22576 2
22587 13
22593 1
22603 14
22609 5
22615 6
22621 8
22623 20
22624 9
22625 11
22630 21
22634 11
22640 4
22646 15
22648 9
22650 15
22652 2
22661 17
22663 9
22665 16
22667 18
22668 9
22670 9
22671 11
22678 9
22680 11
22684 12
22690 16
22692 8
22694 15
22696 11
22701 8
22703 12
22709 11
22715 11
22722 8
22726 12
22734 4
22742 18
22743 21
22747 15
22749 16
22751 21
22755 11
22759 12
22765 11
22772 12
22776 17
22778 6
22782 17
22784 3
22788 11
22793 11
22800 18
22801 2
22810 14
22814 18
22815 13
22820 13
22825 20
22826 16
22828 13
22833 11
22838 7
22840 11
22847 1
22857 20
22859 21
22863 2
22870 18
22871 12
22877 14
22882 20
22884 13
22889 13
22894 10
22895 10
22896 13
22901 17
22903 12
22907 1
22917 20
22919 21
22923 11
22930 12
22934 8
22936 5
22942 1
22951 13
22957 14
22962 19
22963 8
22967 18
22968 7
22970 11
22976 1
22986 3
22990 11
22994 11
23000 21
23004 16
23006 3
23010 7
23013 11
23020 2
23029 11
23033 11
23039 15
23041 16
23043 15
23045 12
23049 6
23053 19
23054 3
23060 8
23064 4
23068 11
23073 9
23075 11
23080 11
23087 1
23095 4
23101 14
23107 11
23111 21
23115 2
23124 10
23127 19
23129 21
23133 5
23140 19
23141 1
23150 3
23155 18
23156 12
23162 10
23165 7
23167 11
23174 12
23178 8
23182 12
23190 2
23199 19
23201 15
23203 13
23207 19
23208 8
23212 14
23219 18
23220 12
23228 21
23232 12
23236 13
23240 2
23249 15
23251 4
23259 6
23267 13
23271 10
23272 20
23274 1
23284 4
23292 14
23298 5
23302 18
23303 12
23309 11
23316 21
23320 1
23330 14
23337 11
23344 12
23352 5
23358 12
23366 1
23376 11
23382 21
23386 9
23388 12
23394 9
23395 15
23397 11
23402 18
23403 2
23412 7
23415 3
23422 11
23428 12
23436 5
23440 16
23442 1
23449 18
23450 12
23454 12
23460 1
23468 20
23470 7
23473 2
23482 12
23486 11
23490 5
23494 19
23496 15
23498 1
23508 13
23513 19
23515 15
23517 11
23523 1
23533 12
23539 9
23541 15
23543 11
23548 6
23556 21
23560 9
23561 5
23566 16
23568 11
23575 5
23579 9
23580 20
23582 15
23584 2
23595 12
23601 11
23608 19
23610 12
23616 11
23621 11
23627 12
23633 7
23636 2
23645 21
23649 8
23651 14
23655 21
23659 12
23665 9
23667 21
23671 14
23678 1
23685 16
23687 21
23691 15
23693 3
23699 12
23705 8
23709 12
23713 8
23715 21
23719 17
23721 8
23725 18
23726 11
23733 21
23737 5
23744 13
23749 11
23756 12
23760 12
23766 8
23770 18
23771 20
23773 21
23777 9
23779 9
23781 11
23785 10
23788 11
23795 12
23799 12
23803 11
23810 12
23816 18
23817 4
23825 21
23829 19
23830 5
23837 17
23839 11
23843 15
23845 16
23847 11
23852 13
23857 11
23862 11
23867 18
23868 8
23872 11
23879 3
23885 17
23887 5
23893 18
23894 5
23900 18
23901 9
23903 18
23904 21
23908 16
23910 12
23916 13
23922 8
23926 12
23932 11
23936 17
23938 15
23940 12
23944 4
23950 15
23952 18
23953 6
23959 6
23967 11
23974 21
23978 1
23987 12
23993 20
23994 21
23998 1
24007 10
24010 15
24012 17
24014 12
24020 16
24022 18
24023 12
24029 9
24030 12
24036 5
24041 12
24047 17
24049 14
24055 20
24057 11
24061 9
24062 12
24066 12
24070 10
24073 11
24080 21
24084 18
24085 12
24093 12
24101 21
24105 10
24108 2
24117 8
24119 11
24123 6
24127 11
24132 11
24136 4
24144 2
24155 11
24159 10
24162 11
24167 14
24172 16
24174 11
24179 10
24180 21
24184 8
24186 10
24189 3
24196 6
24200 4
24206 11
24210 12
24216 9
24217 9
24219 11
24223 12
24231 12
24239 18
24240 15
24242 19
24243 11
24249 14
24253 15
24255 10
24256 12
24260 11
24267 14
24272 19
24273 18
24274 18
24275 6
24281 13
24287 6
24291 4
24299 4
24303 11
24309 12
24317 3
24323 7
24325 6
24333 10
24334 9
24335 3
24340 2
24349 7
24351 9
24353 11
24357 10
24358 18
24359 1
24368 6
24374 10
24377 12
24385 21
24389 11
24395 2
24404 12
24410 2
24419 2
24428 8
24430 18
24431 10
24432 20
24434 18
24435 9
24436 12
24442 2
24453 10
24456 5
24461 12
24469 7
24472 8
24476 8
24478 1
24486 11
24492 5
24496 12
24502 14
24507 13
24512 3
24518 12
24522 11
24527 12
24535 3
24540 3
24544 1
24553 12
24559 12
24567 15
24569 18
24570 9
24571 6
24575 13
24581 7
24583 13
24587 3
24592 9
24594 9
24595 13
24601 17
24603 20
24605 11
24610 21
24614 12
24618 21
24622 1
24629 20
24631 10
24632 2
24643 15
24645 9
24646 1
24653 12
24657 16
24659 18
24660 17
24662 16
24664 11
24671 20
24672 12
24678 18
24679 17
24681 4
24687 16
24689 19
24691 1
24700 21
24704 11
24709 18
24710 11
24715 12
24721 12
24725 6
24729 6
24733 5
24740 10
24741 4
24747 18
24748 18
24749 6
24755 5
24761 3
24765 20
24766 11
24771 6
24777 7
24780 12
24784 18
24785 12
24793 14
24800 9
24801 17
24803 13
24808 11
24813 20
24814 11
24820 18
24821 3
24825 11
24829 12
24837 3
24843 13
24848 18
24849 17
24851 13
24856 18
24857 5
24861 11
24868 10
24871 8
24873 17
24875 1
24885 3
24889 11
24893 15
24895 12
24903 21
24907 4
24913 6
24919 7
24922 18
24923 11
24929 16
24931 18
24932 15
24934 5
24940 16
24942 21
24946 8
24948 5
24954 4
24960 11
24967 3
24971 12
24979 15
24981 13
24986 16
24988 21
24992 18
24993 12
24999 19
25000 11
25007 11
25013 19
25015 19
25017 12
25023 13
25029 11
25033 9
25034 14
25039 15
25041 14
25047 18
25048 11
25055 20
25057 12
25065 7
25067 8
25071 20
25073 16
25075 21
25079 20
25081 16
25083 1
25090 1
25097 17
25099 17
25101 12
25107 14
25111 2
25120 12
25126 16
25128 17
25130 11
25137 7
25140 9
25141 3
25145 2
25154 18
25155 1
25165 10
25168 2
25177 11
25183 6
25189 17
25191 12
25197 11
25204 9
25206 16
25208 11
25213 3
25217 3
25222 11
25227 8
25229 15
25231 14
25237 16
25239 5
25244 12
25250 11
25254 7
25257 20
25258 12
25266 13
25272 7
25274 2
25281 11
25288 1
25295 18
25296 14
25300 11
25307 5
25312 11
25319 14
25324 11
25331 10
25332 4
25338 15
25340 16
25342 16
25344 20
25346 9
25347 19
25348 11
25354 1
25362 11
25368 3
25372 10
25373 4
25379 10
25382 7
25385 18
25386 15
25388 16
25390 11
25394 11
25398 12
25406 10
25409 2
25420 8
25424 8
25428 10
25431 5
25436 2
25443 19
25444 7
25447 6
25455 11
25459 7
25462 15
25464 11
25471 17
25473 10
25476 12
25482 7
25484 2
25493 17
25495 13
25500 1
25510 9
25512 4
25516 4
25522 1
25529 19
25531 8
25533 17
25535 11
25542 14
25548 15
25550 11
25556 17
25558 2
25567 20
25569 1
25578 20
25580 7
25583 1
25593 12
25599 13
25604 18
25605 11
25612 12
25618 6
25626 19
25627 17
25629 6
25635 17
25637 2
25646 5
25650 5
25654 18
25655 2
25664 12
25668 17
25670 2
25679 20
25681 13
25687 2
25698 11
25702 18
25703 19
25705 12
25709 15
25711 15
25713 14
25720 5
25726 4
25734 6
25740 17
25742 17
25744 11
25751 9
25753 4
25759 15
25761 9
25762 11
25767 12
25775 1
25785 13
25791 12
25799 11
25804 10
25807 1
25815 8
25819 8
25823 11
25828 12
25834 18
25835 12
25839 11
25846 5
25853 13
25857 17
25859 12
25863 12
25867 5
25874 17
25876 8
25878 16
25880 7
25883 14
25890 21
25894 20
25896 5
25903 5
25908 16
25910 9
25911 18
25912 12
25918 15
25920 12
25924 1
25932 4
25938 15
25940 10
25941 21
25945 8
25947 18
25948 3
25955 3
25962 10
25963 14
25967 3
25971 7
25973 7
25975 15
25977 10
25980 13
25986 20
25987 18
25988 4
25994 16
25996 15
25998 7
26001 6
26007 7
26009 12
26015 5
26022 2
26031 2
26040 20
26041 19
26043 10
26044 13
26049 4
26057 4
26065 5
26072 15
26074 18
26075 5
26080 18
26081 10
26082 8
26084 13
26089 11
26094 19
26095 3
26101 20
26103 15
26105 6
26109 17
26111 11
26115 18
26116 14
26122 18
26123 19
26125 9
26127 10
26128 12
26136 6
26140 5
26144 11
26148 19
26149 7
26152 6
26156 11
26162 13
26166 15
26168 4
26176 17
26178 2
26187 1
26194 12
26202 15
26204 12
26210 11
26215 21
26219 5
26224 11
26228 9
26229 3
26234 18
26235 8
26237 11
26242 18
26243 9
26245 18
26246 11
26252 9
26254 21
26258 12
26264 11
26269 13
26274 8
26276 11
26281 18
26282 19
26284 18
26285 13
26291 20
26292 2
26299 20
26301 15
26303 21
26307 11
26314 19
26316 2
26327 16
26329 20
26330 4
26338 9
26339 20
26340 19
26342 19
26343 14
26349 13
26354 18
26355 4
26363 1
26371 11
26378 15
26380 9
26382 19
26383 18
26384 12
26388 8
26390 12
26398 12
26406 14
26411 14
26417 11
26421 16
26423 16
26425 16
26427 20
26429 4
26437 11
26443 12
26451 6
26455 7
26458 15
26460 21
26464 11
26468 9
26469 1
26476 2
26485 2
26494 6
26500 18
26501 3
26507 18
26508 8
26512 20
26513 4
26519 2
26526 17
26528 18
26529 21
26533 10
26534 16
26536 15
26538 3
26545 18
26546 11
26551 6
26557 11
26564 4
26570 11
26574 11
26578 16
26580 1
26587 19
26588 15
26590 11
26595 12
26601 6
26609 13
26613 12
26619 10
26622 19
26623 15
26625 20
26627 5
26633 1
26641 1
26650 12
26656 17
26658 2
26669 4
26673 19
26674 9
26675 11
26680 9
26681 3
26685 21
26689 14
26694 5
26699 11
26706 7
26709 17
26711 7
26714 19
26715 11
26720 19
26722 19
26724 18
26725 5
26730 7
26732 8
26736 12
26742 3
26747 16
26749 16
26751 14
26757 11
26763 12
26771 5
26777 15
26779 7
26782 20
26784 19
26785 2
26794 15
26796 6
26802 4
26810 15
26812 20
26814 8
26818 12
26824 9
26825 15
26827 12
26835 2
26844 18
26845 10
26846 12
26850 20
26852 13
26857 12
26863 13
26867 12
26871 21
26875 18
26876 3
26880 5
26887 20
26888 5
26893 3
26899 17
26901 18
26902 12
26910 2
26917 5
26923 5
26927 11
26932 17
26934 16
26936 17
26938 11
26942 1
26949 13
26955 17
26957 12
26965 11
26972 10
26973 10
26976 15
26978 1
26987 2
26998 2
27009 19
27011 1
27021 15
27023 18
27024 16
27026 11
27030 11
27034 1
27041 6
27047 17
27049 2
27056 19
27058 15
27060 4
27066 7
27069 15
27071 11
27078 16
27080 20
27081 17
27083 3
27089 3
27095 9
27097 12
27105 12
27113 12
27117 3
27121 21
27125 10
27128 11
27132 19
27133 7
27135 17
27137 2
27146 16
27148 14
27154 18
27155 2
27164 5
27168 11
27174 2
27185 13
27190 8
27192 19
27193 5
27197 11
27203 12
27209 16
27211 10
27212 18
27213 14
27219 12
27225 11
27232 11
27236 19
27237 19
27238 18
27239 15
27241 11
27247 20
27249 7
27251 18
27252 19
27254 1
27264 19
27266 11
27273 12
27277 11
27284 10
27287 12
27293 18
27294 8
27298 12
27304 6
27312 4
27320 11
27325 12
27329 17
27331 3
27338 8
27340 7
27343 13
27348 21
27352 7
27354 18
27355 20
27357 12
27361 9
27363 13
27368 13
27374 9
27375 10
27376 9
27378 11
27384 18
27385 4
27389 8
27393 11
27399 12
27405 7
27408 4
27414 18
27415 20
27416 9
27418 2
27427 16
27429 2
27440 16
27442 11
27448 18
27449 11
27453 7
27456 11
27461 2
27470 17
27472 8
27476 4
27480 3
27485 8
27487 12
27493 2
27504 5
27510 13
27514 4
27522 13
27527 19
27528 2
27539 10
27540 5
27545 10
27546 3
27550 4
27554 12
27560 11
27567 16
27569 21
27573 15
27575 12
27581 20
27582 4
27588 5
27594 6
27600 11
27605 4
27609 21
27613 20
27615 12
27621 18
27622 19
27623 15
27625 11
27629 5
27636 12
27642 12
27646 9
27648 13
27653 21
27657 18
27658 5
27663 18
27664 11
27670 8
27674 12
27678 17
27680 13
27685 11
27689 13
27694 12
27700 1
27709 11
27713 20
27715 6
27721 14
27728 18
27729 13
27733 6
27737 1
27745 12
27749 1
27759 7
27761 3
27766 2
27775 18
27776 21
27780 17
27782 8
27784 15
27786 12
27792 18
27793 20
27795 4
27799 12
27805 11
27810 18
27811 11
27817 11
27822 9
27823 21
27827 2
27834 18
27835 11
27840 18
27841 14
27846 11
27851 12
27855 3
27860 12
27864 1
27874 9
27876 11
27882 15
27884 2
27893 4
27897 1
27906 5
27911 15
27913 6
27919 12
27923 2
27934 16
27936 1
27945 10
27946 10
27947 14
27952 13
27957 11
27964 21
27968 13
27973 19
27974 12
27982 12
27986 21
27990 12
27996 3
28001 12
28007 11
28013 6
28019 13
28025 7
28027 9
28029 11
28035 10
28036 5
28042 18
28043 2
28052 17
28054 17
28056 11
28061 14
28065 6
28073 1
28083 12
28091 19
28092 19
28094 10
28097 9
28098 6
28102 11
28106 11
28110 13
28115 6
28121 11
28126 9
28128 16
28130 4
28134 18
28135 17
28137 3
28143 10
28144 16
28146 6
28150 9
28152 9
28154 15
28156 2
28165 1
28173 21
28177 6
28183 13
28187 18
28188 6
28196 5
28202 17
28204 9
28206 15
28208 9
28209 8
28211 17
28213 4
28217 19
28219 4
28227 13
28233 11
28237 13
28243 17
28245 18
28246 13
28252 7
28255 12
28263 3
28267 11
28271 14
28276 19
28278 18
28279 12
28287 3
28294 19
28296 3
28301 21
28305 6
28311 12
28317 19
28319 12
28325 17
28327 2
28336 18
28337 19
28338 6
28342 11
28346 12
28354 8
28358 18
28359 11
28364 18
28365 11
28370 8
28374 19
28375 13
28379 12
28385 12
28389 12
28395 1
28403 11
28407 11
28413 21
28417 14
28421 14
28427 1
28435 8
28437 3
28442 21
28446 18
28447 6
28453 13
28457 18
28458 21
28462 18
28463 8
28467 11
28473 6
28477 6
28483 2
28492 1
28500 3
28505 9
28507 7
28509 20
28510 8
28512 4
28520 12
28526 21
28530 1
28540 4
28548 17
28550 14
28557 3
28561 16
28563 16
28565 4
28569 5
28575 11
28579 17
28581 16
28583 1
28591 11
28597 2
28608 12
28612 11
28618 12
28624 21
28628 20
28630 6
28634 5
28640 18
28641 19
28642 20
28643 20
28645 15
28647 12
28651 2
28662 2
28673 16
28675 11
28681 12
28687 19
28689 12
28695 13
28700 4
28704 12
28710 12
28716 2
28725 18
28726 4
28732 13
28737 2
28746 18
28747 5
28753 18
28754 15
28756 1
28765 12
28771 20
28772 2
28781 16
28783 5
28789 20
28791 5
28798 18
28799 2
28810 6
28816 6
28822 2
28831 17
28833 21
28837 18
28838 11
28844 13
28848 10
28851 18
28852 4
28860 15
28862 17
28864 14
28868 18
28869 10
28872 19
28874 4
28880 12
28884 1
28894 21
28898 20
28900 12
28906 11
28912 16
28914 4
28918 7
28921 7
28923 12
28929 14
28935 11
28941 8
28945 11
28950 4
28958 8
28960 5
28965 7
28968 14
28974 1
28982 17
28984 19
28985 9
28987 3
28994 9
28995 13
29001 16
29003 5
29008 11
29015 9
29016 6
29020 20
29022 14
29027 18
29028 12
29032 7
29034 4
29040 6
29046 13
29051 8
29055 18
29056 9
29058 11
29063 7
29066 15
29068 19
29070 9
29071 4
29077 4
29083 6
29089 9
29090 12
29094 13
29099 7
29102 12
29106 11
29113 12
29119 18
29120 21
29124 12
29130 9
29131 5
29138 21
29142 4
29148 9
29149 2
29160 19
29162 18
29163 1
29171 2
29182 21
29186 11
29192 2
29201 2
29210 4
29218 21
29222 18
29223 11
29227 13
29231 19
29232 11
29238 19
29240 14
29244 11
29249 5
29253 13
29257 8
29261 12
29267 11
29273 7
29276 7
29278 12
29286 8
29288 11
29293 7
29296 21
29300 11
29304 3
29311 7
29314 3
29318 2
29327 11
29334 17
29336 5
29341 11
29348 4
29352 12
29358 2
29367 10
29370 19
29372 21
29376 2
29383 8
29385 7
29388 10
29391 13
29396 13
29401 8
29405 3
29410 18
29411 18
29412 12
29418 8
29420 9
29421 3
29428 18
29429 5
29434 10
29437 11
29443 18
29444 19
29446 11
29450 9
29452 11
29459 4
29463 14
29469 15
29471 15
29473 17
29475 7
29477 14
29483 17
29485 18
29486 2
29495 14
29499 16
29501 18
29502 5
29509 11
29513 17
29515 11
29520 10
29521 19
29523 1
29532 2
29543 6
29549 2
29560 14
29564 11
29569 12
29573 12
29581 17
29583 18
29584 18
29585 19
29587 12
29593 2
29604 19
29606 13
29611 19
29612 18
29613 3
29619 12
29625 18
29626 21
29630 2
29639 5
29646 10
29647 15
29649 6
29655 6
29663 12
29669 9
29670 13
29676 11
29683 2
29690 12
29694 11
29701 21
29705 20
29707 14
29711 12
29715 6
29723 6
29729 12
29735 14
29739 4
29743 4
29749 10
29752 12
29756 14
29760 18
29761 8
29765 12
29771 16
29773 16
29775 17
29777 5
29784 4
29790 7
29792 4
29798 4
29804 21
29808 13
29813 21
29817 11
29822 5
29828 10
29831 9
29833 13
29838 12
29846 20
29847 15
29849 17
29851 9
29852 5
29859 16
29861 6
29867 11
29872 1
29880 9
29881 12
29885 3
29891 10
29892 1
29902 15
29904 5
29909 18
29910 11
29915 12
29919 13
29924 12
29932 13
29938 6
29942 15
29944 9
29946 11
29950 19
29952 10
29953 6
29959 20
29961 12
29969 7
29972 4
29976 6
29982 9
29984 20
29986 13
29991 4
29995 12
29999 11
30005 17
30007 19
30008 15
30010 18
30011 1
30019 10
30020 2
30029 17
30031 19
30033 18
30034 21
30038 18
30039 9
30040 7
30042 11
30047 4
30053 2
30064 11
30069 16
30071 18
30072 12
30080 14
30086 7
30089 14
30094 18
30095 21
30099 5
30106 15
30108 6
30114 10
30117 18
30118 6
30124 7
30127 11
30132 3
30136 1
30145 21
30149 12
30153 11
30160 8
30162 16
30164 12
30168 16
30170 12
30178 9
30179 14
30185 18
30186 10
30189 14
30193 11
30199 12
30203 5
30209 8
30211 13
30216 4
30224 17
30226 12
30234 3
30241 11
30245 3
30251 12
30255 14
30259 17
30261 3
30265 18
30266 16
30268 18
30269 10
30270 15
30272 9
30274 3
30278 10
30279 3
30285 12
30291 12
30297 12
30305 12
30311 12
30317 4
30321 2
30330 9
30331 18
30332 8
30334 15
30336 11
30340 12
30346 1
30355 17
30357 6
30361 2
30372 7
30374 17
30376 9
30377 11
30381 16
30383 12
30387 12
30393 12
30401 8
30403 4
30409 18
30410 11
30416 3
30422 19
30423 3
30430 9
30432 12
30438 18
30439 3
30444 4
30450 14
30456 13
30462 4
30468 21
30472 12
30476 1
30484 11
30490 12
30496 11
30500 6
30506 4
30512 7
30514 12
30520 12
30524 9
30526 1
30536 3
30540 11
30545 10
30546 10
30547 2
30556 10
30557 18
30558 10
30561 12
30567 6
30573 3
30580 9
30582 14
30586 8
30588 5
30595 15
30597 11
30602 16
30604 10
30605 13
30610 12
30616 17
30618 13
30624 16
30626 1
30633 3
30638 17
30640 11
30647 7
30649 6
30655 9
30656 18
30657 4
30665 12
30673 14
30679 18
30680 7
30683 18
30684 15
30686 8
30690 12
30698 20
30700 10
30701 11
30707 3
30712 20
30714 6
30722 1
30731 5
30736 11
30742 2
30753 9
30755 9
30756 15
30758 12
30764 18
30765 19
30766 8
30768 12
30772 10
30773 13
30779 21
30783 8
30785 4
30793 18
30794 9
30795 18
30796 21
30800 5
30805 11
30809 14
30815 11
30819 3
30823 6
30829 19
30831 9
30833 7
30836 13
30841 16
30843 10
30844 11
30851 17
30853 18
30854 12
30860 15
30862 12
30870 13
30875 18
30876 6
30884 7
30887 17
30889 2
30898 11
30904 19
30906 11
30911 6
30919 21
30923 18
30924 13
30928 7
30931 14
30938 4
30946 10
30947 10
30950 2
30959 15
30961 4
30967 1
30977 9
30978 14
30984 4
30990 11
30994 18
30995 15
30997 5
31001 12
31005 4
31009 4
31015 18
31016 13
31021 15
31023 1
31030 12
31036 19
31038 11
31043 1
31052 12
31058 18
31059 10
31060 20
31061 9
31062 9
31063 4
31069 19
31070 19
31071 12
31077 11
31081 9
31083 14
31087 16
31089 21
31093 6
31097 10
31100 16
31102 11
31107 12
31115 11
31120 14
31127 18
31128 10
31129 15
31131 11
31135 18
31136 3
31141 15
31143 20
31145 2
31152 1
31159 11
31166 18
31167 14
31172 13
31178 18
31179 15
31181 12
31189 16
31191 11
31197 6
31203 1
31213 1
31222 11
31226 4
31232 10
31235 9
31236 4
31242 9
31243 11
31250 15
31252 2
31263 13
31268 12
31274 11
31281 12
31289 7
31291 2
31302 3
31308 8
31310 10
31313 7
31315 3
31321 12
31329 18
31330 10
31331 11
31335 20
31336 6
31342 11
31349 12
31355 5
31359 6
31365 10
31368 11
31375 2
31384 14
31388 3
31395 14
31401 7
31403 19
31404 5
31409 3
31414 19
31415 11
31421 5
31427 6
31431 18
31432 8
31436 4
31444 12
31448 6
31454 17
31456 7
31458 12
31462 20
31463 2
31472 11
31477 1
31486 11
31490 7
31493 9
31494 1
31501 12
31507 2
31518 21
31522 16
31524 6
31530 19
31532 20
31533 18
31534 4
31538 17
31540 2
31549 15
31551 9
31553 20
31554 5
31560 1
31568 11
31574 19
31575 15
31577 2
31584 11
31591 18
31592 12
31600 7
31603 3
31608 12
31616 11
31621 5
31626 17
31628 11
31633 11
31638 14
31644 8
31648 21
31652 6
31656 11
31663 4
31669 11
31675 16
31677 2
31684 10
31687 15
31689 15
31691 9
31692 11
31696 21
31700 7
31703 8
31705 18
31706 1
31713 4
31719 8
31723 6
31729 11
31736 6
31742 16
31744 13
31749 21
31753 9
31755 11
31760 9
31762 4
31770 16
31772 14
31779 4
31785 20
31786 14
31793 12
31799 14
31804 7
31807 5
31812 12
31818 4
31826 11
31832 15
31834 11
31840 18
31841 8
31843 12
31849 14
31853 15
31855 14
31861 14
31867 18
31868 14
31875 15
31877 18
31878 12
31882 18
31883 4
31887 11
31892 18
31893 7
31896 8
31898 12
31904 14
31911 9
31912 11
31916 11
31922 11
31927 12
31931 12
31937 11
31941 11
31948 8
31950 10
31951 2
31962 2
31971 17
31973 14
31977 15
31979 8
31983 7
31986 13
31992 2
32001 3
32008 16
32010 5
32017 2
32028 4
32034 4
32038 16
32040 11
32045 10
32046 12
32050 20
32052 10
32055 11
32059 20
32060 18
32061 1
32071 18
32072 12
32080 20
32082 5
32088 12
32092 11
32096 11
32101 2
32108 6
32116 11
32120 12
32126 15
32128 1
32135 6
32141 18
32142 18
32143 19
32145 12
32151 4
32155 11
32161 19
32162 11
32167 11
32172 11
32179 10
32180 3
32187 4
32191 9
32193 8
32197 11
32201 12
32207 4
32213 2
32222 6
32226 12
32234 16
32236 18
32237 20
32238 15
32240 1
32248 5
32253 15
32255 18
32256 4
32262 9
32264 13
32269 14
32275 4
32281 8
32285 7
32288 3
32293 12
32299 19
32301 21
32305 2
32316 3
32320 20
32322 16
32324 8
32328 17
32330 15
32332 11
32336 11
32341 7
32344 17
32346 4
32352 18
32353 3
32360 16
32362 20
32364 9
32366 13
32371 16
32373 11
32378 3
32385 4
32393 18
32394 5
32398 14
32402 21
32406 17
32408 13
32414 14
32421 5
32428 3
32433 3
32437 1
32447 6
32455 6
32461 9
32462 15
32464 18
32465 16
32467 6
32475 20
32477 3
32484 15
32486 11
32490 11
32495 11
32501 11
32507 4
32513 17
32515 11
32519 3
32525 19
32527 14
32533 21
32537 9
32539 11
32544 11
32550 11
32556 11
32562 13
32567 16
32569 12
32575 11
32581 4
32587 11
32591 18
32592 13
32597 4
32601 13
32607 20
32608 14
32612 14
32618 12
32622 11
32627 19
32629 12
32635 1
32643 15
32645 18
32646 7
32649 18
32650 12
32658 1
32667 8
32669 19
32670 17
32672 15
32674 19
32675 18
32676 9
32677 5
32681 20
32683 12
32691 7
32693 7
32696 9
32697 7
32700 1
32707 11
32712 12
32718 3
32722 18
32723 18
32724 12
32728 18
32729 18
32730 12
32734 10
32737 2
32748 12
32754 4
32758 18
32759 11
32763 12
32771 16
32773 18
32774 18
32775 5
32780 16
32782 5
32789 9
32790 7
32793 8
32795 4
32801 6
32807 3
32813 9
32814 12
32822 6
32830 21
32834 3
32838 4
32844 18
32845 1
32853 16
32855 10
32856 13
32862 7
32865 20
32867 11
32873 17
32875 18
32876 11
32881 11
32887 17
32889 12
32897 13
32902 18
32903 13
32909 1
32916 2
32927 7
32930 9
32931 11
32935 18
32936 12
32940 14
32947 16
32949 6
32953 5
32958 17
32960 13
32966 4
32972 11
32977 16
32979 12
32985 8
32987 18
32988 11
32994 15
32996 13
33000 11
33007 11
33014 6
33022 6
33028 4
33032 19
33033 12
33041 18
33042 3
33048 12
33054 16
33056 11
33062 13
33068 6
33076 17
33078 3
33085 18
33086 11
33092 18
33093 10
33094 17
33096 11
33102 8
33104 18
33105 8
33109 12
33117 16
33119 11
33123 11
33128 2
33137 11
33143 16
33145 18
33146 18
33147 11
33154 21
33158 8
33160 11
33167 18
33168 4
33174 18
33175 12
33179 20
33181 9
33183 3
33187 18
33188 5
33192 17
33194 16
33196 10
33199 2
33208 1
33218 20
33220 15
33222 6
33230 18
33231 12
33237 20
33239 5
33244 19
33245 10
33248 17
33250 9
33251 11
33257 7
33259 18
33260 20
33261 1
33268 7
33271 6
33277 18
33278 11
33284 9
33285 4
33291 13
33296 11
33300 5
33307 15
33309 18
33310 12
33316 5
33321 14
33326 13
33332 11
33338 13
33342 14
33349 11
33353 2
33362 6
33370 16
33372 13
33377 21
33381 11
33386 17
33388 14
33394 21
33398 17
33400 5
33406 19
33408 12
33414 20
33415 2
33422 11
33427 11
33434 18
33435 11
33442 14
33447 17
33449 21
33453 12
33459 12
33467 15
33469 11
33473 14
33478 2
33489 14
33493 3
33497 3
33501 13
33506 11
33513 6
33519 4
33525 7
33527 10
33530 18
33531 16
33533 10
33536 12
33542 20
33543 11
33550 12
33556 16
33558 6
33564 9
33566 19
33568 12
33574 13
33580 6
33584 18
33585 18
33586 15
33588 11
33593 4
33597 11
33604 3
33611 5
33615 6
33621 5
33626 14
33632 15
33634 16
33636 5
33642 12
33650 11
33655 21
33659 12
33667 2
33676 5
33681 17
33683 7
33685 6
33689 12
33695 6
33701 18
33702 4
33706 16
33708 7
33710 1
33717 11
33724 1
33734 21
33738 6
33746 8
33750 11
33756 20
33757 16
33759 18
33760 18
33761 13
33766 7
33768 17
33770 9
33771 10
33772 1
33782 12
33786 10
33787 5
33791 10
33794 2
33805 21
33809 11
33813 7
33816 2
33825 6
33831 4
33837 7
33840 14
33847 18
33848 5
33852 11
33859 21
33863 3
33870 20
33871 15
33873 15
33875 1
33883 4
33889 16
33891 11
33897 16
33899 20
33900 7
33903 21
33907 5
33912 8
33914 17
33916 14
33921 5
33926 17
33928 12
33934 21
33938 21
33942 12
33948 3
33953 3
33960 19
33961 18
33962 15
33964 19
33966 12
33974 18
33975 13
33981 12
33989 20
33991 18
33992 11
33998 18
33999 11
34004 1
34014 6
34018 9
34020 16
34022 3
34027 3
34031 3
34035 9
34037 18
34038 4
34044 1
34054 17
34056 11
34063 11
34070 8
34072 18
34073 8
34075 11
34079 7
34081 11
34085 21
34089 11
34094 19
34096 15
34098 15
34100 9
34101 9
34103 3
34107 7
34109 6
34117 6
34121 16
34123 11
34128 8
34130 17
34132 8
34134 11
34140 6
34144 12
34150 8
34154 7
34156 4
34160 11
34165 4
34171 12
34179 15
34181 3
34185 10
34186 16
34188 10
34191 1
34200 6
34206 16
34208 18
34209 18
34210 13
34214 16
34216 11
34223 1
34232 11
34236 2
34243 8
34247 18
34248 11
34253 7
34255 17
34257 20
34258 11
34262 18
34263 13
34268 11
34273 11
34278 2
34287 10
34288 18
34289 18
34290 3
34294 13
34300 19
34302 9
34304 15
34306 19
34308 9
34310 10
34313 1
34323 17
34325 11
34329 18
34330 13
34334 1
34343 14
34349 11
34356 18
34357 12
34363 3
34368 10
34371 6
34375 8
34379 12
34383 11
34388 17
34390 5
34395 9
34397 11
34403 12
34407 10
34408 21
34412 18
34413 10
34416 18
34417 16
34419 9
34421 18
34422 4
34428 3
34432 5
34436 11
34442 8
34444 12
34452 6
34460 15
34462 9
34464 11
34469 11
34474 11
34478 8
34482 16
34484 17
34486 11
34490 20
34492 2
34501 11
34506 11
34512 7
34515 12
34521 9
34523 10
34524 1
34532 2
34543 8
34547 15
34549 20
34551 9
34552 2
34563 8
34567 14
34574 15
34576 5
34581 5
34587 14
34594 11
34598 11
34605 11
34612 15
34614 21
34618 1
34628 21
34632 10
34635 16
34637 20
34638 4
34642 18
34643 1
34650 12
34656 11
34663 21
34667 18
34668 15
34670 12
34674 9
34676 3
34682 3
34688 2
34695 8
34697 18
34698 21
34702 3
34707 11
34713 2
34722 16
34724 12
34728 9
34729 1
34739 11
34745 8
34749 5
34754 21
34758 5
34765 12
34771 19
34772 19
34773 17
34775 18
34776 16
34778 15
34780 7
34783 13
34787 12
34793 11
34798 11
34802 13
34806 15
34808 3
34814 17
34816 15
34818 20
34820 9
34821 6
34827 18
34828 12
34834 7
34837 3
34841 10
34842 4
34848 12
34854 16
34856 19
34857 18
34858 8
34860 12
34864 20
34865 7
34867 21
34871 5
34876 18
34877 18
34878 11
34883 11
34888 19
34890 10
34891 16
34893 11
34899 18
34900 3
34905 11
34911 7
34914 12
34920 7
34923 15
34925 14
34930 4
34938 21
34942 3
34947 1
34957 16
34959 12
34963 1
34971 11
34976 15
34978 9
34979 15
34981 3
34987 15
34989 4
34997 8
34999 12
35005 18
35006 20
35008 18
35009 17
35011 5
35018 1
35026 15
35028 2
35035 4
35041 14
35046 19
35047 10
35048 5
35055 3
35060 20
35061 3
35068 18
35069 11
35075 20
35076 12
35082 8
35086 1
35094 10
35097 12
35101 3
35108 13
35112 12
35118 14
35124 6
35128 17
35130 11
35134 14
35140 4
35146 19
35148 8
35150 13
35155 9
35156 2
35165 12
35169 2
35176 11
35183 16
35185 17
35187 15
35189 1
35199 15
35201 4
35207 12
35213 21
35217 11
35224 5
35231 21
35235 9
35237 9
35239 19
35240 11
35246 3
35250 9
35252 16
35254 4
35262 19
35263 2
35272 4
35276 13
35281 12
35289 5
35294 13
35299 1
35306 14
35313 7
35316 6
35322 12
35326 15
35328 10
35331 16
35333 10
35336 18
35337 21
35341 3
35346 12
35352 21
35356 9
35357 7
35359 17
35361 18
35362 15
35364 11
35369 6
35377 19
35378 20
35379 10
35380 13
35385 19
35386 7
35388 11
35392 12
35396 18
35397 6
35405 12
35411 12
35415 20
35416 1
35426 2
35435 8
35437 11
35441 5
35446 11
35452 12
35458 4
35466 12
35472 3
35477 11
35483 12
35491 7
35493 3
35500 5
35504 13
35509 11
35513 12
35521 10
35522 13
35526 13
35532 11
35537 1
35546 6
35550 16
35552 9
35553 6
35559 11
35565 7
35568 17
35570 4
35576 11
35580 20
35582 8
35584 14
35591 18
35592 2
35599 12
35605 13
35611 21
35615 6
35621 18
35622 10
35623 4
35629 8
35633 17
35635 19
35636 11
35641 4
35647 11
35652 12
35658 19
35660 9
35662 15
35664 18
35665 18
35666 16
35668 11
35675 10
35678 1
35688 12
35694 6
35698 18
35699 11
35706 14
35710 15
35712 19
35714 16
35716 12
35722 11
35729 7
35731 6
35737 11
35744 16
35746 18
35747 16
35749 12
35755 12
35761 7
35763 8
35765 18
35766 2
35777 19
35779 13
35783 6
35789 11
35795 18
35796 11
35801 6
35805 17
35807 4
35813 11
35820 13
35825 20
35827 10
35828 2
35837 2
35848 10
35849 1
35859 21
35863 19
35864 2
35873 8
35877 5
35883 15
35885 12
35891 17
35893 4
35899 12
35905 6
35909 18
35910 4
35914 11
35921 12
35929 16
35931 11
35937 13
35943 3
35948 2
35959 19
35960 5
35964 12
35968 21
35972 5
35977 3
35982 12
35988 8
35990 9
35992 21
35996 2
36007 21
36011 17
36013 6
36019 5
36026 21
36030 4
36036 1
36043 2
36050 2
36059 7
36061 18
36062 18
36063 6
36067 12
36075 9
36076 3
36080 14
36087 1
36097 16
36099 18
36100 12
36106 21
36110 11
36114 20
36116 20
36118 11
36122 19
36124 17
36126 6
36132 12
36140 11
36144 14
36149 4
36153 12
36159 11
36165 17
36167 11
36174 15
36176 8
36180 2
36189 12
36195 3
36200 7
36202 13
36207 12
36215 7
36218 10
36219 9
36220 14
36225 17
36227 8
36231 13
36237 11
36244 3
36249 5
36254 2
36265 19
36267 18
36268 5
36272 16
36274 8
36278 12
36284 19
36285 11
36290 9
36291 18
36292 4
36298 21
36302 16
36304 8
36306 8
36310 19
36311 11
36315 20
36317 16
36319 12
36325 14
36331 10
36334 19
36335 10
36338 10
36341 19
36343 14
36348 8
36350 3
36357 12
36365 6
36373 14
36380 1
36390 13
36395 1
36402 17
36404 21
36408 10
36409 20
36411 15
36413 14
36418 5
36423 17
36425 21
36429 4
36435 21
36439 12
36445 7
36447 5
36454 5
36461 9
36463 12
36469 21
36473 11
36478 21
36482 15
36484 16
36486 19
36487 9
36488 18
36489 6
36497 1
36505 11
36510 11
36516 21
36520 15
36522 2
36529 11
36536 13
36540 1
36547 9
36549 1
36558 5
36563 14
36568 18
36569 21
36573 3
36579 18
36580 15
36582 9
36584 5
36588 18
36589 11
36593 6
36599 9
36601 14
36606 6
36612 9
36614 18
36615 11
36621 9
36622 18
36623 12
36629 8
36633 14
36640 2
36651 20
36652 5
36658 5
36665 7
36667 18
36668 4
36676 12
36684 12
36692 1
36702 12
36708 11
36712 2
36723 18
36724 18
36725 4
36731 11
36736 16
36738 18
36739 12
36745 12
36753 4
36759 16
36761 19
36762 16
36764 6
36772 16
36774 12
36782 2
36793 12
36799 6
36805 14
36812 11
36816 12
36822 12
36828 3
36832 10
36833 16
36835 7
36838 15
36840 8
36844 9
36846 15
36848 11
36854 12
36862 12
36866 18
36867 18
36868 15
36870 12
36878 11
36885 15
36887 20
36889 15
36891 9
36893 1
36903 3
36908 11
36914 16
36916 11
36920 8
36922 5
36927 14
36933 8
36937 12
36945 17
36947 9
36949 1
36957 12
36963 12
36971 4
36977 9
36979 11
36986 20
36988 1
36997 14
37002 11
37006 15
37008 21
37012 17
37014 18
37015 3
37019 7
37022 11
37028 12
37034 15
37036 3
37040 13
37045 17
37047 10
37048 17
37050 17
37052 11
37059 5
37065 9
37066 15
37068 8
37070 15
37072 10
37073 16
37075 10
37078 15
37080 6
37088 12
37092 18
37093 3
37100 8
37104 8
37106 9
37108 19
37109 4
37117 17
37119 7
37121 5
37127 9
37128 20
37129 4
37137 11
37142 1
37152 10
37155 1
37164 5
37171 18
37172 5
37178 11
37185 16
37187 11
37192 11
37199 5
37203 12
37209 9
37211 19
37213 17
37215 13
37220 4
37226 3
37230 6
37236 7
37238 19
37240 2
37251 13
37256 18
37257 5
37261 6
37265 12
37271 20
37273 11
37279 5
37284 14
37291 2
37298 12
37304 4
37308 4
37316 9
37317 9
37318 6
37324 6
37332 16
37334 12
37338 8
37342 15
37344 11
37351 18
37352 17
37354 8
37356 6
37360 10
37363 7
37366 6
37372 14
37379 6
37383 12
37387 4
37393 16
37395 13
37400 7
37403 19
37405 2
37414 16
37416 11
37421 16
37423 8
37427 12
37433 15
37435 4
37439 13
37443 15
37445 6
37451 10
37452 17
37454 11
37461 11
37468 1
37477 13
37482 1
37491 14
37495 8
37499 17
37501 3
37508 21
37512 2
37521 11
37525 19
37527 19
37529 20
37531 11
37538 2
37547 6
37553 6
37557 13
37562 15
37564 2
37571 2
37580 1
37589 3
37596 17
37598 5
37605 14
37609 12
37615 8
37617 21
37621 10
37624 7
37626 19
37628 20
37630 12
37634 14
37639 7
37642 17
37644 4
37650 21
37654 10
37655 12
37661 18
37662 18
37663 7
37665 11
37671 11
37676 9
37678 11
37683 4
37689 8
37693 6
37701 16
37703 16
37705 12
37711 19
37713 10
37714 9
37716 12
37724 11
37731 1
37738 19
37739 19
37741 17
37743 7
37746 17
37748 21
37752 3
37756 1
37763 15
37765 12
37771 6
37777 18
37778 4
37786 11
37792 5
37796 1
37803 11
37807 14
37814 10
37817 2
37828 11
37833 11
37839 8
37841 6
37849 21
37853 15
37855 4
37863 16
37865 2
37872 4
37878 21
37882 12
37888 9
37890 5
37894 13
37900 12
37906 17
37908 9
37909 20
37911 17
37913 19
37915 7
37918 10
37921 18
37922 18
37923 4
37931 12
37939 17
37941 10
37944 20
37945 9
37946 9
37947 21
37951 9
37952 6
37958 18
37959 18
37960 11
37964 12
37970 8
37974 3
37981 18
37982 1
37990 11
37995 7
37997 13
38002 5
38006 7
38009 11
38013 15
38015 1
38024 18
38025 20
38026 12
38034 3
38040 2
38051 19
38053 20
38054 18
38055 18
38056 7
38059 4
38065 3
38069 5
38073 2
38080 18
38081 17
38083 11
38088 9
38090 11
38096 18
38097 4
38101 17
38103 18
38104 4
38110 13
38116 4
38120 2
38129 7
38132 16
38134 11
38141 8
38143 15
38145 20
38147 3
38151 20
38153 5
38160 20
38162 12
38166 20
38168 5
38172 19
38173 18
38174 18
38175 9
38176 7
38178 6
38186 6
38194 18
38195 12
38201 13
38207 13
38212 18
38213 2
38222 11
38228 8
38232 16
38234 14
38239 12
38243 18
38244 8
38248 18
38249 6
38255 1
38263 2
38272 15
38274 1
38281 18
38282 1
38289 16
38291 1
38300 12
38306 16
38308 4
38316 11
38321 11
38327 16
38329 21
38333 11
38338 15
38340 2
38347 11
38353 13
38358 18
38359 17
38361 20
38362 9
38364 18
38365 6
38369 18
38370 4
38376 10
38379 21
38383 12
38389 3
38394 11
38401 20
38403 2
38410 12
38416 21
38420 18
38421 13
38426 11
38432 12
38438 11
38443 12
38449 6
38457 19
38458 19
38459 8
38463 4
38469 10
38472 11
38478 18
38479 19
38481 10
38482 19
38483 12
38491 18
38492 3
38497 6
38505 12
38509 17
38511 12
38515 15
38517 4
38523 2
38530 12
38534 14
38540 19
38542 19
38544 17
38546 21
38550 15
38552 2
38563 11
38567 11
38571 11
38577 17
38579 14
38586 15
38588 15
38590 16
38592 18
38593 15
38595 5
38602 16
38604 18
38605 15
38607 15
38609 20
38610 8
38614 6
38618 15
38620 20
38621 6
38627 19
38629 13
38633 20
38634 19
38636 8
38640 6
38644 11
38650 14
38654 16
38656 11
38661 11
38666 18
38667 2
38674 3
38679 7
38682 2
38691 13
38696 19
38697 18
38698 12
38704 10
38705 2
38714 2
38723 18
38724 12
38728 8
38730 2
38737 1
38746 6
38754 11
38760 15
38762 7
38764 10
38765 11
38771 11
38777 11
38783 19
38785 18
38786 5
38793 5
38800 11
38806 11
38813 18
38814 18
38815 9
38816 1
38825 7
38828 16
38830 5
38837 6
38843 2
38852 7
38855 18
38856 17
38858 4
38864 19
38865 21
38869 3
38876 13
38881 13
38885 2
38892 16
38894 12
38902 3
38909 18
38910 18
38911 6
38919 10
38922 11
38928 10
38929 14
38935 20
38936 11
38943 12
38947 17
38949 12
38953 3
38960 12
38966 5
38970 21
38974 13
38980 1
38987 4
38993 21
38997 12
39001 12
39007 7
39010 18
39011 17
39013 19
39014 17
39016 5
39022 3
39027 18
39028 21
39032 11
39037 13
39042 21
39046 18
39047 8
39051 12
39057 11
39061 16
39063 18
39064 16
39066 11
39073 18
39074 12
39080 13
39084 12
39088 15
39090 16
39092 11
39096 17
39098 3
39103 2
39112 1
39119 11
39123 16
39125 11
39132 11
39139 11
39144 19
39146 9
39148 6
39156 11
39161 11
39168 20
39170 9
39171 18
39172 11
39177 15
39179 21
39183 18
39184 11
39190 14
39195 18
39196 12
39202 15
39204 12
39208 5
39213 18
39214 16
39216 9
39218 12
39224 12
39232 1
39239 15
39241 2
39250 17
39252 13
39256 3
39260 9
39262 2
39273 10
39274 4
39282 12
39290 19
39291 1
39299 18
39300 19
39301 13
39306 3
39312 18
39313 12
39317 4
39323 7
39326 18
39327 10
39328 11
39332 8
39336 18
39337 5
39343 11
39347 1
39356 4
39362 20
39364 20
39366 12
39374 12
39378 13
39383 11
39389 2
39396 2
39405 12
39411 20
39413 18
39414 20
39416 8
39418 15
39420 4
39426 7
39428 12
39436 10
39437 12
39445 14
39451 10
39454 6
39460 12
39466 11
39472 17
39474 11
39480 4
39488 1
39496 8
39498 16
39500 15
39502 13
39506 3
39512 1
39521 1
39530 16
39532 18
39533 3
39537 12
39543 8
39547 20
39548 15
39550 17
39552 17
39554 17
39556 15
39558 21
39562 18
39563 1
39573 12
39581 5
39588 18
39589 18
39590 18
39591 11
39598 3
39604 19
39606 20
39607 11
39612 13
39616 8
39618 14
39625 14
39631 6
39637 11
39641 12
39647 10
39648 12
39652 4
39656 5
39661 6
39669 18
39670 19
39672 11
39677 5
39683 2
39694 21
39698 11
39702 12
39710 15
39712 13
39716 12
39724 11
39729 6
39737 2
39746 9
39748 4
39754 16
39756 12
39762 11
39766 19
39767 16
39769 19
39770 17
39772 16
39774 2
39785 5
39791 6
39799 1
39808 10
39811 3
39818 10
39821 3
39827 5
39831 15
39833 12
39841 7
39843 16
39845 18
39846 9
39847 11
39853 15
39855 13
39859 11
39866 17
39868 5
39875 18
39876 11
39882 1
39891 7
39894 16
39896 20
39897 11
39904 15
39906 18
39907 11
39912 1
39921 16
39923 18
39924 9
39926 5
39931 2
39940 13
39946 18
39947 15
39949 16
39951 15
39953 2
39962 5
39969 12
39975 15
39977 5
39981 6
39987 10
39988 19
39989 5
39995 17
39997 10
39998 8
40000 9
40002 7
40005 10
40006 11
40013 7
40015 4
40019 7
40022 2
40031 8
40035 13
40041 17
40043 8
40045 12
40051 8
40055 2
40066 11
40071 17
40073 12
40081 10
40084 10
40087 4
40091 11
40096 12
40104 1
40113 18
40114 8
40116 11
40122 16
40124 6
40130 16
40132 7
40135 11
40141 8
40145 11
40151 1
40158 6
40164 18
40165 12
40171 15
40173 20
40174 7
40176 1
40186 13
40192 10
40195 4
40203 9
40205 11
40211 18
40212 8
40216 20
40218 3
40225 7
40228 20
40230 12
40238 21
40242 15
40244 9
40245 7
40247 20
40249 12
40257 18
40258 1
40267 1
40274 11
40280 11
40285 12
40291 12
40297 14
40304 6
40310 15
40312 16
40314 11
40320 1
40329 14
40335 9
40336 14
40343 16
40345 14
40351 18
40352 18
40353 7
40355 12
40361 13
40367 7
40370 17
40372 11
40377 12
40385 17
40387 5
40391 8
40393 11
40398 17
40400 11
40407 2
40416 5
40422 15
40424 11
40429 1
40439 11
40443 11
40450 18
40451 17
40453 20
40454 8
40458 20
40460 11
40465 11
40469 16
40471 12
40479 10
40480 11
40484 12
40488 7
40490 3
40497 3
40503 11
40507 13
40512 15
40514 3
40519 5
40524 15
40526 9
40527 21
40531 3
40538 17
40540 4
40546 20
40547 9
40549 7
40552 9
40553 11
40560 11
40566 10
40569 12
40573 5
40580 11
40585 3
40590 14
40597 11
40603 14
40610 19
40611 11
40618 2
40627 9
40629 12
40635 18
40636 4
40642 8
40644 16
40646 21
40650 15
40652 13
40658 8
40662 1
40672 11
40676 8
40678 12
40682 1
40690 2
40701 7
40703 12
40709 5
40715 14
40721 1
40731 18
40732 18
40733 9
40734 10
40735 6
40741 16
40743 19
40744 18
40745 1
40753 14
40758 10
40759 19
40761 6
40767 14
40771 18
40772 19
40774 12
40782 12
40788 11
40795 1
40805 11
40810 19
40811 15
40813 19
40815 2
40822 5
40827 9
40828 11
40835 4
40839 12
40845 3
40852 15
40854 10
40855 19
40856 21
40860 12
40866 11
40872 6
40878 14
40882 11
40887 11
40894 21
40898 20
40899 4
40905 11
40912 9
40914 18
40915 5
40919 15
40921 20
40923 14
40928 2
40939 21
40943 1
40952 4
40956 8
40958 9
40959 20
40960 18
40961 7
40963 21
40967 11
40972 11
40979 16
40981 20
40982 20
40983 18
40984 9
40986 3
40990 11
40994 16
40996 12
41002 19
41003 21
41007 16
41009 2
41018 13
41024 14
41030 3
41035 20
41037 7
41040 13
41044 12
41052 9
41053 6
41061 17
41063 10
41064 10
41065 10
41066 5
41073 15
41075 6
41079 14
41084 18
41085 17
41087 4
41095 2
41102 2
41113 8
41115 10
41116 11
41123 1
41133 18
41134 11
41140 12
41146 12
41152 18
41153 18
41154 18
41155 12
41163 12
41169 12
41175 5
41179 7
41181 20
41182 13
41188 2
41197 12
41205 11
41211 4
41217 11
41221 17
41223 11
41227 20
41229 18
41230 11
41234 11
41240 18
41241 12
41247 20
41249 14
41256 14
41261 8
41263 13
41268 8
41270 11
41276 11
41283 17
41285 21
41289 15
41291 16
41293 20
41295 20
41296 4
41304 7
41306 13
41311 11
41316 9
41317 20
41318 12
41324 14
41330 5
41337 2
41346 5
41350 9
41352 14
41357 1
41366 10
41369 16
41371 5
41375 21
41379 7
41382 12
41390 16
41392 20
41393 11
41399 14
41405 19
41406 12
41410 11
41414 3
41418 7
41421 3
41425 2
41434 9
41436 17
41438 14
41445 9
41447 11
41451 18
41452 10
41453 16
41455 5
41462 13
41468 10
41469 1
41479 3
41485 5
41489 11
41493 10
41496 18
41497 12
41501 5
41507 12
41513 2
41522 20
41524 15
41526 18
41527 8
41531 11
41535 15
41537 5
41544 18
41545 15
41547 19
41548 18
41549 15
41551 21
41555 1
41564 15
41566 19
41567 12
41571 16
41573 15
41575 1
41582 20
41583 15
41585 9
41587 11
41594 4
41602 15
41604 4
41612 12
41618 7
41620 18
41621 11
41627 12
41633 11
41639 15
41641 7
41643 20
41644 18
41645 3
41649 19
41651 9
41653 10
41656 11
41661 5
41666 9
41668 14
41673 1
41680 3
41686 11
41691 4
41697 15
41699 10
41700 11
41706 10
41709 11
