10000
1 16
3 18
4 11
11 14
16 20
18 18
19 18
20 7
22 1
32 15
34 6
41 17
43 8
46 12
53 16
55 12
62 21
66 11
73 19
75 5
82 5
89 16
91 11
98 12
106 18
107 5
114 11
121 4
128 11
135 14
140 18
141 5
148 13
154 2
163 18
164 18
165 7
167 11
173 5
180 10
181 18
182 2
192 17
194 6
200 17
202 8
204 19
206 11
213 16
215 9
216 1
225 1
234 4
242 11
249 20
251 8
255 13
261 21
265 3
272 11
278 5
284 7
286 1
295 2
305 16
307 14
313 15
315 15
317 9
318 18
319 9
321 10
323 18
324 5
331 12
338 19
340 18
341 17
343 8
345 10
347 14
354 5
361 11
367 13
373 14
380 19
382 3
388 12
395 12
401 16
403 6
410 11
416 17
418 11
425 3
432 13
438 12
445 12
452 12
460 14
465 15
467 15
469 18
470 15
472 16
474 6
481 4
487 13
493 9
494 18
495 11
501 3
508 14
515 14
522 5
529 4
537 21
541 12
549 2
559 14
565 14
571 15
573 19
575 4
581 16
583 8
586 11
593 16
595 11
601 20
603 11
609 18
610 6
617 4
624 18
625 11
631 16
633 17
635 1
644 1
654 21
658 19
660 15
662 1
672 5
679 18
680 12
687 20
689 9
691 9
693 18
694 14
700 10
701 7
704 10
705 4
711 18
712 17
714 5
721 13
727 2
738 12
744 1
753 1
763 1
773 11
779 15
781 10
783 9
784 10
785 5
792 7
794 1
804 13
809 20
811 8
813 9
815 12
823 6
829 20
831 11
837 7
840 1
849 10
852 11
859 9
861 11
868 17
870 11
876 7
879 14
885 11
891 18
892 2
902 14
909 15
911 11
917 14
923 20
925 12
932 5
938 11
945 19
947 21
951 17
953 9
955 11
961 8
963 18
964 20
966 5
972 5
979 12
987 9
989 11
995 12
1002 15
1004 12
1012 6
1019 9
1020 12
1027 14
1032 6
1040 21
1044 6
1050 9
1052 4
1059 9
1060 9
1061 18
1062 18
1063 17
1065 11
1071 11
1077 15
1079 1
1089 13
1095 21
1099 12
1106 21
1110 11
1117 5
1124 11
1131 12
1137 4
1144 15
1146 2
1157 15
1159 2
1168 12
1175 14
1181 12
1189 12
1196 18
1197 21
1201 10
1202 4
1208 3
1215 12
1223 12
1230 7
1233 15
1235 19
1237 2
1248 2
1259 11
1266 6
1273 12
1280 14
1285 15
1287 18
1288 4
1295 12
1303 11
1310 9
1312 18
1313 11
1320 20
1322 8
1325 12
1332 11
1339 21
1343 11
1350 11
1357 19
1359 12
1366 11
1372 15
1374 4
1382 3
1389 21
1393 17
1395 4
1403 2
1412 16
1414 11
1421 8
1424 18
1425 11
1431 18
1432 15
1434 11
1440 12
1448 11
1454 16
1456 11
1463 6
1471 21
1475 15
1477 9
1478 14
1483 13
1488 7
1490 7
1493 15
1495 1
1505 18
1506 19
1508 19
1510 4
1517 5
1524 15
1526 10
1529 11
1536 13
1542 1
1551 21
1555 18
1556 20
1558 11
1565 21
1569 20
1571 8
1574 18
1575 1
1585 3
1591 8
1594 7
1597 15
1599 5
1606 2
1616 12
1622 9
1623 6
1629 11
1636 12
1642 17
1644 14
1651 1
1660 15
1662 7
1665 6
1672 16
1674 3
1680 7
1683 10
1686 11
1693 18
1694 4
1701 13
1707 18
1708 6
1715 1
1724 4
1730 17
1732 10
1734 18
1735 14
1740 20
1742 13
1748 17
1750 16
1752 18
1753 6
1759 2
1769 12
1776 11
1783 9
1785 19
1787 7
1790 19
1792 6
1799 12
1806 11
1813 3
1820 15
1822 16
1824 10
1826 1
1836 6
1843 19
1845 5
1852 4
1859 9
1861 18
1862 18
1863 18
1864 2
1875 11
1882 11
1888 21
1892 8
1895 13
1901 20
1903 14
1910 1
1920 15
1922 11
1928 17
1930 11
1936 12
1943 17
1945 11
1951 1
1961 21
1965 17
1967 18
1968 17
1970 19
1972 5
1978 12
1985 9
1986 15
1988 19
1990 8
1994 6
2002 11
2009 18
2010 10
2012 5
2019 19
2021 6
2028 20
2030 10
2032 17
2034 3
2040 12
2047 2
2057 15
2059 9
2060 9
2061 6
2069 14
2075 9
2076 18
2077 16
2079 5
2085 11
2091 15
2093 18
2094 5
2101 7
2103 19
2105 12
2111 18
2112 12
2118 17
2120 15
2122 19
2124 6
2131 21
2135 11
2142 12
2149 3
2156 14
2161 12
2167 14
2173 17
2175 15
2177 15
2179 11
2186 6
2194 4
2202 8
2205 8
2208 11
2215 20
2217 10
2218 6
2224 20
2226 10
2229 1
2239 21
2243 12
2249 9
2250 19
2252 12
2259 4
2266 11
2272 6
2278 8
2281 12
2288 5
2295 13
2300 11
2306 20
2308 14
2314 11
2320 18
2321 6
2327 12
2333 1
2343 20
2345 11
2351 11
2357 10
2359 13
2364 19
2366 7
2369 17
2371 12
2378 1
2388 21
2392 12
2398 19
2400 6
2406 21
2410 3
2417 15
2419 9
2421 16
2423 14
2429 2
2439 12
2447 10
2449 6
2455 21
2459 15
2461 10
2462 10
2465 21
2469 10
2470 11
2477 4
2483 15
2485 7
2487 7
2490 18
2491 5
2498 11
2505 19
2507 3
2514 11
2521 6
2529 11
2536 21
2540 7
2543 4
2551 13
2557 5
2564 13
2569 12
2577 10
2579 20
2581 13
2587 4
2595 20
2597 13
2602 18
2603 10
2604 12
2611 14
2617 18
2618 11
2624 6
2631 13
2637 18
2638 5
2644 19
2646 21
2650 5
2656 6
2662 8
2665 11
2671 15
2673 11
2680 7
2683 18
2684 2
2693 15
2695 16
2697 3
2703 20
2705 21
2709 12
2716 11
2722 10
2724 21
2728 1
2737 11
2743 9
2744 3
2751 7
2754 6
2761 1
2771 21
2775 8
2777 3
2784 16
2786 20
2788 21
2792 11
2798 16
2800 12
2806 3
2813 21
2817 12
2825 11
2832 11
2838 5
2844 11
2851 18
2852 4
2858 19
2860 5
2866 12
2873 11
2880 17
2882 11
2889 11
2896 2
2906 12
2914 10
2917 13
2922 7
2925 18
2926 2
2936 12
2944 6
2951 12
2957 1
2966 7
2968 21
2972 12
2980 21
2984 11
2990 1
2999 16
3001 6
3008 16
3010 1
3019 1
3028 13
3033 17
3035 7
3037 18
3038 2
3047 8
3051 8
3054 8
3057 11
3064 6
3070 9
3071 4
3077 12
3085 11
3092 21
3096 18
3097 8
3100 9
3102 11
3109 6
3116 12
3123 3
3129 20
3131 10
3134 18
3135 6
3142 19
3144 3
3151 11
3157 15
3159 4
3167 1
3177 11
3184 15
3186 8
3190 6
3198 16
3200 5
3207 20
3209 15
3211 15
3213 20
3215 11
3221 9
3223 18
3224 16
3226 21
3230 13
3236 12
3244 13
3250 12
3257 18
3258 14
3265 19
3267 21
3271 12
3278 2
3289 12
3296 20
3298 16
3300 10
3302 16
3304 12
3310 12
3318 19
3320 20
3322 3
3328 12
3334 4
3341 11
3347 9
3348 17
3350 12
3356 19
3358 7
3360 10
3362 7
3364 4
3370 20
3372 11
3379 9
3381 8
3385 18
3386 18
3387 16
3389 12
3396 14
3402 18
3403 11
3410 11
3416 15
3418 5
3424 15
3426 11
3433 4
3441 5
3447 18
3448 3
3454 11
3460 18
3461 17
3463 10
3465 6
3472 19
3474 20
3476 1
3485 11
3492 17
3494 2
3503 16
3505 5
3511 3
3517 12
3525 7
3528 18
3529 6
3536 20
3538 1
3548 17
3550 1
3560 11
3567 19
3569 11
3576 9
3578 1
3588 10
3590 16
3592 15
3594 10
3596 6
3603 2
3613 4
3620 6
3628 10
3629 18
3630 12
3638 14
3645 16
3647 21
3651 12
3658 10
3661 7
3664 1
3673 1
3682 18
3683 15
3685 16
3687 18
3688 8
3690 16
3692 2
3702 19
3704 18
3705 11
3711 3
3718 18
3719 20
3721 11
3728 12
3735 12
3743 4
3750 14
3755 15
3757 12
3765 18
3766 3
3773 3
3779 14
3784 17
3786 21
3790 1
3800 2
3810 2
3820 11
3826 20
3828 15
3830 19
3832 3
3839 1
3848 11
3854 7
3857 19
3859 16
3861 11
3868 18
3869 17
3871 12
3878 12
3884 4
3892 17
3894 16
3896 11
3903 1
3912 8
3914 4
3921 1
3930 21
3934 12
3941 21
3945 1
3954 5
3960 5
3967 8
3970 13
3975 15
3977 1
3986 18
3987 1
3996 5
4002 14
4007 16
4009 8
4011 13
4016 14
4023 13
4029 16
4031 18
4032 15
4034 19
4036 10
4038 17
4040 16
4042 16
4044 5
4051 16
4053 15
4055 1
4065 2
4075 12
4081 10
4083 2
4094 12
4100 20
4102 3
4108 12
4116 8
4119 12
4126 20
4128 14
4134 15
4136 7
4139 15
4141 9
4143 12
4151 18
4152 16
4154 7
4156 2
4166 17
4168 14
4175 9
4176 14
4182 3
4188 16
4190 2
4200 18
4201 21
4205 11
4212 7
4215 18
4216 1
4225 7
4227 18
4228 11
4235 4
4241 1
4250 12
4257 6
4265 11
4271 11
4278 20
4280 7
4282 9
4284 11
4290 21
4294 18
4295 9
4297 18
4298 1
4308 11
4315 9
4316 21
4320 16
4322 12
4330 2
4340 2
4350 13
4356 16
4358 6
4366 2
4376 15
4378 20
4380 18
4381 11
4387 2
4397 13
4403 7
4406 12
4412 15
4414 11
4420 12
4426 13
4432 7
4435 21
4439 6
4445 19
4447 11
4453 6
4459 10
4462 15
4464 16
4466 12
4472 18
4473 9
4475 9
4477 18
4478 12
4484 17
4486 7
4489 1
4499 5
4505 12
4512 20
4514 5
4520 11
4526 10
4527 12
4534 14
4540 14
4546 11
4553 18
4554 14
4561 5
4568 20
4570 4
4578 13
4583 12
4589 21
4593 18
4594 8
4597 21
4601 2
4612 11
4618 7
4620 5
4627 13
4632 20
4634 7
4636 1
4646 1
4655 9
4656 11
4662 20
4664 4
4671 21
4675 1
4685 20
4687 11
4694 9
4695 15
4697 18
4698 2
4709 11
4716 10
4719 18
4720 4
4726 8
4729 20
4731 1
4741 3
4747 12
4755 10
4757 3
4763 10
4764 13
4769 12
4775 5
4782 12
4788 1
4798 8
4801 17
4803 10
4804 2
4813 1
4823 9
4825 11
4832 11
4839 16
4841 6
4848 12
4854 12
4861 10
4862 8
4865 7
4867 3
4873 6
4880 18
4881 5
4888 12
4896 11
4902 14
4908 21
4912 8
4915 2
4926 14
4932 11
4938 11
4945 16
4947 11
4954 1
4963 10
4965 7
4968 9
4969 12
4976 14
4983 20
4985 9
4987 12
4994 12
5002 8
5004 6
5010 1
5019 12
5025 3
5031 11
5038 19
5040 14
5046 18
5047 12
5054 18
5055 11
5061 9
5062 11
5068 6
5075 1
5084 9
5085 7
5088 6
5094 11
5100 12
5107 19
5109 9
5111 14
5117 6
5124 11
5131 11
5138 18
5139 14
5145 14
5150 1
5159 7
5162 1
5172 9
5174 1
5183 13
5189 20
5191 14
5197 18
5198 19
5200 20
5202 17
5204 10
5205 11
5212 20
5214 20
5216 5
5222 10
5225 20
5227 12
5235 7
5238 9
5240 2
5249 21
5253 21
5257 21
5261 1
5271 17
5273 10
5275 16
5277 16
5279 13
5284 11
5290 4
5297 11
5303 5
5309 12
5317 1
5327 7
5330 7
5333 10
5336 8
5340 19
5342 16
5344 5
5351 17
5353 9
5355 12
5361 20
5363 20
5365 15
5367 2
5377 7
5379 18
5380 14
5385 21
5389 16
5391 11
5397 10
5399 11
5406 18
5407 9
5409 9
5411 8
5415 11
5421 13
5426 1
5436 1
5446 20
5448 11
5454 15
5456 1
5466 6
5473 17
5475 9
5477 10
5479 7
5481 18
5482 17
5484 16
5486 11
5492 8
5496 12
5503 2
5513 1
5522 20
5524 11
5530 9
5532 11
5539 13
5545 15
5547 13
5553 12
5560 1
5569 11
5576 12
5582 21
5586 19
5588 11
5594 6
5602 18
5603 17
5605 1
5615 5
5622 11
5629 5
5636 19
5638 8
5642 17
5644 13
5650 9
5652 1
5662 19
5664 15
5666 11
5672 17
5674 6
5682 12
5689 11
5695 12
5702 20
5704 16
5706 20
5708 14
5714 18
5715 10
5718 4
5725 6
5732 11
5739 13
5744 17
5746 18
5747 12
5755 12
5761 17
5763 1
5773 15
5775 3
5781 2
5792 18
5793 14
5800 11
5806 16
5808 11
5814 13
5819 6
5826 18
5827 16
5829 2
5838 10
5839 17
5841 20
5843 8
5846 11
5852 21
5856 12
5863 11
5870 7
5872 17
5874 15
5876 21
5880 14
5887 20
5889 21
5893 16
5895 7
5898 12
5906 11
5913 21
5917 16
5919 17
5921 15
5923 1
5932 14
5939 11
5946 14
5952 21
5956 12
5964 3
5971 17
5973 19
5975 11
5981 18
5982 5
5989 6
5997 15
5999 13
6005 18
6006 12
6013 9
6015 12
6023 1
6032 18
6033 12
6039 11
6045 16
6047 3
6054 10
6055 15
6057 7
6059 4
6066 11
6072 4
6079 11
6085 16
6087 3
6094 18
6095 10
6097 13
6102 20
6104 8
6108 12
6115 2
6125 1
6135 12
6142 2
6152 17
6154 21
6158 6
6164 7
6167 9
6168 11
6174 14
6180 10
6182 21
6186 15
6188 11
6195 9
6197 8
6199 12
6206 4
6213 14
6220 10
6222 7
6225 2
6236 21
6240 19
6242 14
6248 5
6255 4
6261 13
6267 5
6274 17
6276 18
6277 5
6283 7
6285 12
6292 19
6294 9
6296 18
6297 15
6299 18
6300 8
6303 1
6313 19
6315 16
6317 15
6319 6
6326 10
6328 9
6329 2
6339 18
6340 18
6341 7
6344 19
6346 15
6348 6
6354 12
6362 11
6368 15
6370 10
6372 12
6379 11
6385 16
6387 3
6393 3
6399 13
6405 6
6412 19
6414 13
6420 3
6426 5
6433 12
6440 15
6442 13
6447 13
6453 11
6460 3
6466 2
6476 7
6478 8
6481 6
6489 2
6498 2
6508 10
6510 5
6516 21
6520 11
6527 7
6529 10
6532 8
6536 8
6540 6
6546 18
6547 1
6556 5
6562 15
6564 18
6565 12
6573 8
6576 10
6579 9
6580 11
6586 10
6588 6
6596 11
6603 12
6610 20
6612 12
6619 10
6620 18
6621 2
6631 10
6633 21
6637 1
6646 12
6653 12
6659 2
6670 15
6672 13
6677 4
6684 1
6693 4
6701 21
6705 20
6707 3
6714 11
6720 4
6726 9
6728 20
6730 4
6737 1
6747 4
6754 17
6756 16
6758 21
6762 12
6770 3
6776 11
6782 19
6784 1
6793 1
6803 16
6805 18
6806 4
6812 7
6814 8
6818 3
6825 14
6831 6
6837 18
6838 19
6840 20
6842 7
6844 11
6851 6
6859 21
6863 17
6865 12
6873 13
6879 18
6880 3
6887 9
6889 10
6890 10
6891 17
6893 14
6899 18
6900 1
6910 12
6918 11
6925 11
6932 4
6940 6
6947 18
6948 9
6950 5
6956 6
6963 15
6965 6
6972 12
6980 4
6986 2
6996 12
7003 16
7005 19
7007 3
7014 18
7015 16
7017 16
7019 18
7020 12
7027 1
7037 11
7044 18
7045 9
7046 3
7053 2
7064 11
7071 15
7073 4
7080 15
7082 18
7083 10
7085 6
7093 13
7099 6
7106 15
7108 20
7110 11
7116 12
7122 5
7128 8
7131 1
7141 20
7143 1
7152 17
7154 3
7161 21
7165 12
7172 11
7178 1
7188 21
7192 11
7198 2
7207 9
7209 8
7213 18
7214 9
7215 2
7226 16
7228 3
7234 17
7236 18
7237 12
7244 3
7251 17
7253 18
7254 11
7260 3
7267 15
7269 2
7279 12
7285 6
7292 8
7295 17
7297 5
7303 4
7309 13
7315 9
7317 8
7320 3
7327 7
7330 15
7332 20
7334 3
7340 18
7341 1
7351 18
7352 3
7359 9
7361 11
7367 12
7373 21
7377 12
7385 8
7388 12
7395 15
7397 3
7404 8
7407 9
7409 11
7415 18
7416 11
7422 14
7428 6
7435 5
7441 13
7446 21
7450 21
7454 15
7456 12
7462 10
7463 16
7465 3
7471 3
7477 12
7484 8
7487 8
7491 18
7492 12
7499 16
7501 3
7507 9
7509 10
7511 17
7513 11
7519 14
7525 9
7526 7
7528 13
7533 7
7535 17
7537 6
7544 19
7546 16
7548 15
7550 16
7552 11
7558 3
7564 4
7570 3
7577 10
7578 20
7580 21
7584 1
7594 11
7601 21
7605 1
7615 7
7617 5
7623 1
7633 15
7635 1
7644 9
7646 10
7648 11
7655 20
7657 19
7659 2
7669 4
7676 15
7678 5
7685 12
7693 11
7700 10
7703 4
7710 18
7711 5
7717 18
7718 7
7720 3
7727 19
7729 11
7735 5
7742 1
7751 2
7760 20
7762 13
7768 7
7771 16
7773 14
7779 12
7785 4
7792 11
7799 2
7809 12
7816 6
7823 5
7830 12
7836 9
7838 4
7845 21
7849 18
7850 18
7851 12
7858 5
7864 6
7871 17
7873 4
7880 18
7881 16
7883 4
7890 20
7892 3
7898 1
7907 11
7914 11
7921 9
7923 16
7925 16
7927 8
7930 6
7937 14
7944 11
7951 10
7953 6
7960 11
7966 16
7968 12
7975 11
7981 11
7987 9
7989 3
7996 9
7997 18
7998 12
8006 11
8013 13
8019 12
8026 14
8032 2
8042 11
8049 8
8052 11
8059 15
8061 2
8072 6
8078 20
8080 8
8082 16
8084 18
8085 14
8092 21
8096 11
8102 15
8104 11
8110 5
8117 20
8119 12
8126 20
8128 17
8130 14
8136 18
8137 12
8143 16
8145 15
8147 18
8148 9
8149 16
8151 6
8158 11
8164 18
8165 13
8170 7
8172 4
8180 3
8186 11
8193 13
8198 12
8205 14
8211 18
8212 11
8219 10
8221 11
8228 21
8232 10
8235 13
8241 19
8243 14
8250 11
8257 2
8266 14
8272 15
8274 8
8278 10
8280 19
8282 3
8288 13
8293 7
8296 11
8303 4
8310 10
8313 17
8315 8
8317 5
8324 5
8331 11
8337 5
8344 11
8351 13
8357 8
8361 21
8365 20
8367 12
8375 16
8377 18
8378 14
8384 18
8385 5
8392 14
8399 6
8406 2
8416 10
8418 7
8421 14
8427 12
8434 10
8436 11
8443 12
8450 8
8453 18
8454 16
8456 20
8458 20
8460 15
8462 11
8468 16
8470 21
8474 4
8481 9
8483 6
8489 21
8493 19
8495 16
8497 17
8499 3
8505 17
8507 19
8509 16
8511 15
8513 12
8519 8
8523 13
8528 15
8530 21
8534 20
8536 18
8537 13
8542 13
8547 12
8555 18
8556 2
8566 10
8568 7
8571 11
8578 11
8584 6
8591 18
8592 11
8598 17
8600 2
8609 1
8619 18
8620 14
8627 3
8634 12
8640 18
8641 1
8650 21
8654 2
8664 7
8667 5
8673 12
8680 18
8681 10
8683 6
8690 21
8694 17
8696 14
8702 20
8704 8
8707 14
8713 12
8720 1
8730 13
8736 11
8743 11
8749 1
8759 15
8761 4
8769 1
8778 17
8780 18
8781 19
8783 18
8784 16
8786 8
8790 16
8792 14
8799 16
8801 10
8803 2
8814 8
8816 18
8817 11
8823 19
8825 1
8834 14
8840 12
8846 16
8848 18
8849 12
8856 18
8857 2
8868 5
8874 9
8875 16
8877 6
8885 14
8891 3
8898 17
8900 15
8902 12
8908 7
8910 2
8921 18
8922 6
8928 15
8930 12
8937 5
8943 6
8950 5
8956 1
8965 18
8966 18
8967 12
8974 3
8980 11
8987 16
8989 3
8995 1
9004 11
9011 16
9013 6
9020 7
9023 5
9029 12
9036 11
9042 7
9045 11
9051 12
9057 16
9059 10
9062 12
9069 18
9070 14
9075 20
9077 7
9079 14
9085 20
9087 11
9094 10
9095 11
9102 14
9109 18
9110 14
9117 7
9119 20
9121 20
9123 10
9125 16
9127 21
9131 11
9137 19
9139 3
9145 12
9152 19
9154 13
9160 12
9168 2
9178 18
9179 12
9185 5
9191 18
9192 12
9199 12
9206 7
9209 6
9216 3
9223 19
9225 19
9227 11
9234 3
9240 21
9244 12
9252 13
9257 8
9259 2
9269 11
9275 18
9276 6
9284 16
9286 16
9288 12
9296 1
9305 12
9311 11
9318 5
9325 15
9327 4
9333 17
9335 11
9341 21
9345 10
9347 1
9357 4
9364 18
9365 8
9368 9
9370 4
9376 8
9380 12
9386 18
9387 20
9389 21
9393 11
9400 7
9403 9
9404 15
9406 13
9412 16
9414 14
9420 14
9426 12
9433 4
9440 12
9446 12
9454 11
9461 2
9470 14
9475 18
9476 13
9482 20
9484 14
9491 5
9498 12
9505 15
9507 18
9508 18
9509 10
9512 13
9517 19
9519 15
9521 10
9523 14
9530 7
9532 17
9534 20
9536 13
9542 13
9547 14
9554 7
9556 3
9563 11
9569 7
9571 3
9578 11
9584 17
9586 13
9592 11
9598 12
9604 18
9605 2
9616 12
9624 4
9630 12
9637 10
9638 1
9647 20
9649 20
9651 11
9658 12
9665 5
9672 18
9673 18
9674 11
9680 11
9686 9
9688 17
9690 4
9698 14
9705 6
9711 5
9718 7
9721 7
9724 5
9730 15
9732 14
9737 3
9744 18
9745 8
9747 21
9751 15
9753 12
9760 17
9762 11
9768 13
9774 5
9780 12
9787 16
9789 20
9791 20
9793 10
9795 12
9803 18
9804 16
9806 19
9808 5
9815 2
9825 21
9829 12
9836 4
9843 18
9844 9
9846 9
9848 17
9850 4
9857 12
9864 15
9866 8
9869 6
9875 1
9885 16
9887 12
9894 8
9896 19
9898 1
9907 8
9910 9
9912 6
9920 10
9922 17
9924 11
9931 9
9933 12
9939 4
9947 15
9949 6
9956 6
9962 8
9964 3
9970 5
9977 12
9984 6
9991 21
9995 19
9997 14
10004 17
10006 7
10008 4
10014 20
10016 21
10020 18
10021 12
10028 3
10035 19
10037 12
10045 12
10052 1
10062 21
10066 9
10068 3
10074 17
10076 13
10082 12
10089 12
10097 9
10099 10
10102 20
10104 11
10110 7
10113 8
10116 18
10117 12
10124 11
10131 3
10138 11
10145 5
10151 15
10153 2
10163 7
10165 14
10172 21
10176 12
10183 12
10190 17
10192 11
10199 12
10206 1
10215 12
10221 9
10223 11
10230 7
10233 9
10234 9
10235 11
10241 14
10246 1
10256 10
10257 15
10259 20
10261 9
10263 14
10269 2
10279 21
10283 13
10289 2
10300 15
10302 6
10308 9
10310 18
10311 11
10318 3
10324 17
10326 12
10332 11
10338 13
10343 21
10347 20
10349 14
10355 11
10361 11
10367 1
10377 12
10385 7
10387 11
10394 11
10400 15
10402 7
10405 14
10410 5
10416 5
10422 7
10424 20
10426 15
10428 20
10430 4
10437 12
10445 19
10447 5
10454 17
10456 13
10461 11
10467 21
10471 17
10473 18
10474 17
10476 8
10480 19
10482 17
10484 17
10486 7
10489 19
10491 1
10501 11
10507 13
10513 4
10519 8
10523 4
10529 1
10538 13
10543 10
10545 12
10552 7
10555 21
10559 12
10567 11
10573 10
10576 15
10578 18
10579 14
10585 16
10587 18
10588 9
10590 4
10597 16
10599 20
10601 14
10607 19
10609 2
10619 12
10627 18
10628 17
10630 7
10632 11
10638 1
10647 4
10654 12
10661 11
10668 15
10670 10
10672 20
10674 4
10681 11
10688 9
10689 9
10691 16
10693 15
10695 10
10697 17
10699 4
10707 16
10709 11
10715 20
10717 17
10719 10
10720 18
10721 5
10728 16
10730 11
10736 1
10745 2
10755 11
10761 5
10768 20
10770 15
10772 10
10773 5
10780 14
10787 12
10795 11
10801 5
10808 21
10812 15
10814 12
10821 1
10830 18
10831 21
10835 12
10841 2
10851 11
10857 15
10859 21
10863 5
10870 7
10872 15
10874 12
10882 6
10889 3
10895 21
10899 13
10905 5
10912 3
10918 14
10923 4
10929 17
10931 5
10938 15
10940 11
10947 7
10950 16
10952 12
10958 13
10963 11
10970 12
10978 15
10980 4
10987 5
10994 2
11004 9
11006 16
11008 9
11010 11
11017 15
11019 19
11021 21
11025 9
11026 8
11030 12
11037 8
11040 15
11042 8
11045 12
11052 12
11058 21
11062 12
11069 14
11075 1
11084 12
11091 18
11092 5
11099 11
11105 14
11111 10
11112 16
11114 8
11116 11
11123 10
11124 12
11131 20
11133 3
11139 3
11145 4
11153 4
11159 11
11166 6
11174 12
11182 12
11188 12
11195 19
11197 13
11202 14
11209 2
11219 8
11222 20
11224 9
11226 2
11235 3
11241 20
11243 21
11247 18
11248 14
11255 18
11256 11
11262 17
11264 12
11271 11
11277 2
11286 4
11293 10
11296 18
11297 4
11304 16
11306 16
11308 11
11315 4
11322 19
11324 18
11325 11
11331 21
11335 5
11341 8
11343 11
11350 12
11356 8
11360 13
11366 4
11373 8
11376 14
11382 6
11389 12
11396 17
11398 12
11405 18
11406 8
11409 8
11412 15
11414 15
11416 17
11418 5
11424 12
11430 12
11438 3
11445 10
11446 18
11447 11
11454 6
11462 13
11468 18
11469 21
11473 7
11475 5
11481 5
11487 14
11493 18
11494 14
11501 17
11503 18
11504 13
11510 19
11512 11
11519 11
11525 16
11527 13
11532 17
11534 8
11536 12
11542 12
11548 6
11555 20
11557 8
11560 14
11566 17
11568 20
11570 20
11572 4
11579 12
11585 3
11592 12
11599 12
11605 18
11606 14
11612 1
11622 6
11628 6
11636 10
11637 20
11639 2
11649 12
11656 17
11658 11
11664 13
11670 10
11672 1
11681 20
11683 12
11691 18
11692 6
11698 1
11708 14
11714 16
11716 1
11726 11
11732 18
11733 13
11739 7
11741 11
11748 14
11755 17
11757 12
11765 4
11771 11
11778 21
11782 3
11789 17
11791 15
11793 3
11800 16
11802 3
11808 12
11815 6
11823 18
11824 4
11831 3
11837 12
11844 12
11851 16
11853 15
11855 10
11857 11
11863 15
11865 12
11872 15
11874 21
11878 21
11882 13
11887 18
11888 13
11893 17
11895 17
11897 20
11899 2
11909 16
11911 9
11913 5
11920 17
11922 14
11927 11
11933 12
11940 12
11946 12
11952 17
11954 17
11956 21
11960 3
11966 3
11973 8
11976 12
11984 20
11986 6
11993 12
12001 12
12008 11
12014 16
12016 15
12018 15
12020 3
12026 21
12030 12
12037 16
12039 11
12046 18
12047 21
12051 19
12053 18
12054 17
12056 6
12062 20
12064 13
12070 19
12072 14
12079 11
12086 21
12090 21
12094 12
12102 17
12104 18
12105 8
12107 7
12109 10
12111 1
12120 14
12127 3
12133 12
12140 10
12142 11
12149 11
12156 15
12158 19
12160 12
12168 5
12175 2
12186 15
12188 19
12190 2
12200 21
12204 12
12211 3
12218 11
12225 13
12231 1
12240 10
12242 12
12249 15
12251 9
12253 11
12259 14
12265 14
12271 2
12281 18
12282 1
12291 12
12298 3
12305 16
12307 5
12314 5
12320 3
12327 11
12333 10
12336 5
12342 1
12352 12
12359 11
12366 5
12373 18
12374 2
12383 14
12389 8
12393 19
12395 13
12401 1
12410 8
12413 17
12415 12
12421 20
12423 21
12427 2
12436 1
12445 11
12452 20
12454 12
12462 19
12464 8
12467 10
12468 18
12469 3
12476 21
12480 7
12483 5
12489 18
12490 12
12496 2
12506 20
12508 15
12510 14
12516 11
12522 2
12532 6
12539 17
12541 21
12545 6
12553 1
12562 11
12568 16
12570 11
12576 16
12578 6
12584 11
12590 17
12592 11
12599 12
12606 19
12608 10
12610 15
12612 18
12613 16
12615 11
12621 14
12627 3
12634 15
12636 14
12642 18
12643 9
12645 11
12651 8
12655 10
12656 1
12666 11
12673 21
12677 12
12683 18
12684 14
12690 16
12692 10
12695 12
12701 3
12707 12
12714 10
12716 19
12718 17
12720 15
12722 11
12729 11
12736 16
12738 5
12745 9
12746 7
12748 11
12755 20
12757 12
12765 1
12775 18
12776 6
12783 15
12785 9
12787 1
12797 11
12803 12
12811 10
12814 2
12823 17
12825 10
12827 11
12833 21
12837 8
12841 20
12843 21
12847 18
12848 19
12850 16
12852 14
12858 18
12859 14
12865 18
12866 5
12872 12
12879 16
12881 19
12883 11
12889 4
12896 11
12903 12
12911 18
12912 12
12920 11
12926 21
12930 11
12937 12
12944 4
12951 16
12953 18
12954 3
12961 11
12968 12
12975 15
12977 3
12984 11
12990 19
12992 7
12995 2
13005 2
13015 12
13022 18
13023 8
13026 12
13033 11
13039 16
13041 1
13050 1
13060 7
13063 4
13070 6
13077 18
13078 19
13080 6
13086 17
13088 16
13090 1
13100 11
13106 11
13112 3
13118 1
13128 18
13129 18
13130 11
13136 16
13138 8
13142 12
13149 6
13155 17
13157 18
13158 7
13161 1
13171 20
13173 1
13183 18
13184 12
13190 11
13197 11
13203 2
13213 10
13215 15
13217 7
13220 11
13227 15
13229 10
13232 9
13233 15
13235 7
13237 2
13246 5
13252 6
13259 8
13262 5
13269 14
13274 20
13276 4
13283 6
13291 11
13298 11
13304 12
13312 10
13313 12
13321 9
13323 6
13329 19
13331 9
13333 16
13335 11
13342 17
13344 18
13345 15
13347 9
13348 16
13350 13
13356 12
13363 12
13369 6
13375 11
13381 20
13383 9
13385 2
13396 11
13402 18
13403 15
13405 5
13411 9
13412 16
13414 10
13417 11
13424 4
13431 18
13432 1
13442 4
13449 9
13451 18
13452 21
13456 12
13463 6
13470 12
13478 5
13484 2
13495 6
13502 16
13504 1
13513 1
13523 17
13525 1
13534 11
13540 4
13548 11
13555 4
13562 18
13563 11
13570 18
13571 10
13573 7
13576 18
13577 20
13579 4
13586 1
13595 13
13600 8
13603 15
13605 21
13609 13
13614 10
13616 11
13622 16
13624 21
13628 11
13634 12
13640 11
13647 8
13650 18
13651 11
13658 5
13664 12
13671 3
13677 11
13684 12
13691 9
13692 2
13703 18
13704 1
13714 1
13724 6
13730 15
13732 13
13738 11
13745 1
13754 12
13761 12
13767 5
13773 2
13784 12
13790 16
13792 5
13798 16
13800 15
13802 3
13809 18
13810 12
13817 1
13826 10
13827 2
13838 20
13840 16
13842 3
13849 3
13856 18
13857 5
13864 11
13871 16
13873 7
13875 9
13877 17
13879 17
13881 19
13883 9
13884 2
13895 21
13899 10
13901 8
13905 5
13911 20
13913 12
13919 10
13922 20
13924 6
13931 19
13933 12
13940 1
13950 13
13955 18
13956 16
13958 13
13963 8
13966 14
13973 15
13975 16
13977 4
13983 15
13985 5
13992 7
13995 3
14001 4
14007 1
14017 14
14024 12
14031 17
14033 17
14035 8
14039 4
14047 12
14053 18
14054 16
14056 21
14060 15
14062 12
14068 18
14069 19
14071 15
14073 3
14079 3
14086 12
14094 17
14096 1
14106 11
14112 5
14119 11
14126 8
14130 1
14139 12
14146 18
14147 15
14149 4
14156 3
14162 12
14168 6
14175 2
14185 9
14186 20
14188 17
14190 5
14197 16
14199 7
14202 18
14203 11
14209 6
14216 1
14225 20
14227 14
14233 12
14241 21
14245 16
14247 16
14249 14
14256 19
14258 8
14260 12
14267 21
14271 2
14281 15
14283 17
14285 12
14292 15
14294 17
14296 15
14298 8
14300 15
14302 19
14304 2
14315 6
14321 14
14327 13
14332 5
14339 21
14343 18
14344 12
14351 12
14358 19
14360 12
14368 8
14371 18
14372 2
14383 9
14384 1
14394 1
14403 11
14409 4
14415 10
14417 18
14418 20
14420 12
14427 6
14434 11
14440 11
14447 6
14453 1
14463 2
14473 4
14480 21
14484 13
14489 11
14496 18
14497 15
14499 11
14505 15
14507 21
14511 11
14517 11
14524 2
14535 4
14542 17
14544 11
14551 18
14552 12
14559 6
14566 2
14576 18
14577 11
14584 9
14585 3
14592 18
14593 7
14596 17
14598 14
14604 12
14611 14
14616 12
14623 21
14627 15
14629 11
14636 11
14643 11
14649 12
14656 5
14662 4
14670 4
14677 8
14680 12
14688 6
14695 4
14703 2
14712 16
14714 4
14721 20
14723 12
14730 11
14736 1
14745 21
14749 1
14758 13
14764 10
14765 12
14773 12
14779 3
14786 14
14791 1
14801 20
14803 10
14806 19
14808 12
14815 11
14821 18
14822 9
14824 19
14826 11
14832 10
14833 17
14835 12
14842 5
14848 1
14858 15
14860 7
14862 19
14864 9
14866 15
14868 8
14871 11
14877 6
14884 11
14891 6
14898 17
14900 9
14901 18
14902 20
14904 15
14906 12
14913 17
14915 5
14922 21
14926 10
14928 9
14929 11
14936 16
14938 21
14942 18
14943 19
14945 15
14947 12
14955 21
14959 4
14967 12
14974 13
14980 4
14986 3
14993 11
15000 12
15007 5
15013 12
15020 14
15026 17
15028 3
15035 15
15037 4
15043 18
15044 7
15046 6
15053 18
15054 15
15056 16
15058 6
15064 12
15070 12
15076 7
15079 10
15082 12
15089 10
15090 20
15092 18
15093 13
15099 2
15108 7
15110 4
15117 18
15118 20
15120 18
15121 14
15128 13
15133 11
15139 16
15141 14
15146 3
15153 12
15161 10
15163 8
15165 7
15167 18
15168 12
15175 15
15177 11
15184 16
15186 17
15188 12
15195 11
15201 11
15208 11
15215 19
15217 15
15219 11
15225 10
15227 16
15229 21
15233 14
15238 8
15241 8
15243 11
15249 17
15251 14
15256 15
15258 18
15259 5
15266 12
15273 9
15275 4
15281 13
15286 18
15287 11
15293 13
15298 12
15305 3
15312 12
15320 3
15327 6
15334 12
15341 21
15345 13
15350 12
15356 12
15363 10
15365 16
15367 10
15370 18
15371 11
15378 11
15385 15
15387 11
15394 6
15401 20
15403 5
15410 14
15417 4
15424 9
15425 7
15428 5
15435 16
15437 18
15438 15
15440 3
15446 10
15447 11
15454 18
15455 19
15457 16
15459 14
15465 5
15471 8
15474 21
15478 18
15479 11
15486 6
15493 20
15495 10
15498 2
15508 4
15515 18
15516 21
15520 15
15522 12
15528 6
15534 11
15541 13
15546 15
15548 19
15550 11
15557 10
15559 11
15565 6
15571 5
15577 13
15583 8
15587 7
15589 1
15598 15
15600 9
15602 19
15604 13
15610 5
15616 6
15623 10
15624 15
15626 11
15632 7
15634 16
15636 11
15642 14
15647 17
15649 6
15656 20
15658 4
15665 12
15671 18
15672 4
15679 3
15686 18
15687 3
15693 8
15697 9
15699 3
15705 4
15711 9
15712 3
15719 5
15725 9
15727 20
15729 8
15732 15
15734 11
15741 11
15747 9
15748 20
15750 12
15758 17
15760 9
15761 8
15763 19
15765 15
15767 10
15770 8
15772 12
15780 16
15782 12
15789 8
15791 11
15797 13
15802 11
15808 13
15814 20
15816 9
15818 18
15819 17
15821 18
15822 15
15824 11
15830 12
15837 15
15839 11
15846 20
15848 6
15854 9
15856 11
15862 9
15864 13
15870 12
15876 10
15878 12
15884 18
15885 12
15892 13
15897 8
15901 12
15909 7
15911 15
15913 20
15915 5
15921 1
15931 16
15933 7
15936 10
15938 4
15945 18
15946 18
15947 20
15949 20
15951 13
15957 11
15963 9
15964 12
15970 7
15973 1
15982 15
15984 11
15990 2
16000 18
16001 18
16002 2
16013 7
16016 18
16017 13
16022 18
16023 5
16030 18
16031 5
16037 3
16043 10
16046 18
16047 18
16048 18
16049 12
16055 14
16061 18
16062 3
16068 2
16077 18
16078 1
16087 5
16093 21
16097 21
16101 17
16103 10
16105 16
16107 11
16114 19
16116 1
16126 11
16132 2
16143 7
16146 16
16148 12
16156 12
16164 12
16171 15
16173 13
16179 7
16181 10
16183 19
16185 18
16186 17
16188 1
16197 5
16203 2
16213 15
16215 19
16217 7
16219 7
16222 17
16224 6
16231 4
16237 3
16243 20
16245 12
16252 18
16253 4
16261 11
16267 4
16273 17
16275 12
16282 19
16284 6
16291 6
16299 13
16304 12
16311 21
16315 11
16321 12
16328 3
16334 12
16342 11
16348 14
16354 2
16363 7
16366 6
16372 11
16379 8
16382 15
16384 3
16390 15
16392 12
16399 9
16401 19
16403 20
16405 9
16407 11
16413 11
16419 17
16421 12
16428 2
16439 9
16441 14
16447 8
16450 2
16460 11
16466 12
16473 18
16474 9
16475 8
16479 20
16481 15
16483 15
16485 5
16492 11
16499 21
16503 19
16505 12
16512 17
16514 4
16520 12
16526 12
16532 16
16534 2
16544 20
16546 20
16548 12
16555 5
16561 4
16567 4
16574 20
16576 6
16583 10
16584 11
16591 12
16597 12
16603 8
16607 11
16613 1
16623 12
16629 20
16631 3
16637 18
16638 4
16644 6
16650 5
16656 15
16658 18
16659 9
16661 12
16669 19
16671 20
16673 17
16675 5
16682 1
16692 12
16699 20
16701 15
16703 12
16709 12
16717 5
16724 13
16730 11
16736 10
16738 18
16739 5
16745 16
16747 15
16749 10
16750 15
16752 11
16758 8
16762 12
16769 18
16770 5
16777 6
16785 11
16792 10
16794 12
16801 1
16811 1
16820 9
16822 12
16829 10
16832 6
16840 12
16847 3
16853 7
16855 11
16862 11
16868 1
16878 5
16884 18
16885 7
16887 14
16893 10
16896 1
16906 7
16909 20
16911 12
16919 21
16923 12
16930 7
16933 11
16939 10
16941 6
16949 14
16955 4
16962 21
16966 7
16968 3
16974 6
16981 12
16989 9
16990 21
16994 4
17000 15
17002 9
17003 18
17004 11
17010 5
17016 5
17023 20
17025 12
17032 4
17039 20
17041 13
17046 21
17050 12
17058 12
17066 20
17068 21
17072 11
17078 15
17080 11
17087 2
17097 3
17104 11
17110 3
17117 13
17122 18
17123 1
17133 8
17135 20
17137 10
17140 20
17142 11
17148 9
17149 14
17156 18
17157 11
17163 11
17170 11
17177 18
17178 11
17184 18
17185 12
17192 11
17198 14
17205 16
17207 1
17217 12
17224 16
17226 6
17234 18
17235 12
17242 7
17244 18
17245 3
17252 1
17262 11
17269 21
17273 15
17275 7
17277 12
17284 4
17291 18
17292 8
17296 1
17305 19
17307 10
17310 19
17312 1
17322 12
17329 9
17331 21
17335 18
17336 12
17343 12
17349 11
17356 11
17363 19
17365 13
17371 10
17374 11
17380 14
17386 10
17388 16
17390 3
17397 20
17399 15
17401 11
17408 11
17415 2
17425 2
17435 4
17443 10
17445 15
17447 21
17451 5
17458 12
17464 17
17466 3
17473 21
17477 13
17483 5
17489 19
17491 20
17493 19
17495 7
17497 6
17505 18
17506 18
17507 12
17513 5
17519 5
17525 5
17532 14
17539 10
17540 11
17546 8
17550 2
17560 21
17564 14
17570 16
17572 9
17573 8
17576 16
17578 14
17583 13
17589 6
17595 4
17603 6
17610 3
17616 12
17623 17
17625 5
17632 10
17634 3
17640 5
17646 1
17655 6
17663 1
17673 6
17679 2
17690 21
17694 19
17696 20
17698 6
17705 18
17706 11
17713 9
17715 17
17717 1
17727 7
17730 6
17738 12
17745 15
17747 11
17754 10
17755 16
17757 6
17763 5
17769 16
17771 15
17773 8
17776 11
17783 19
17785 18
17786 20
17788 17
17790 3
17797 2
17808 11
17814 11
17820 9
17821 8
17823 1
17833 20
17835 5
17842 18
17843 2
17853 10
17854 9
17856 8
17859 8
17863 17
17865 11
17872 18
17873 6
17880 17
17882 21
17886 21
17890 7
17892 13
17898 14
17904 7
17907 5
17914 13
17919 17
17921 19
17923 11
17930 11
17937 14
17943 12
17950 13
17955 15
17957 2
17967 3
17973 8
17977 11
17984 15
17986 18
17987 12
17994 10
17996 14
18001 21
18005 12
18012 12
18018 18
18019 12
18026 18
18027 14
18032 1
18042 18
18043 16
18045 1
18054 11
18061 11
18067 19
18069 5
18076 17
18078 18
18079 16
18081 9
18082 7
18085 11
18091 8
18094 3
18101 15
18103 19
18105 10
18107 15
18109 12
18115 16
18117 16
18119 8
18122 5
18129 19
18131 11
18137 18
18138 9
18139 1
18149 20
18151 21
18155 12
18161 11
18167 8
18169 20
18171 16
18173 19
18175 21
18179 13
18184 16
18186 11
18192 15
18194 4
18202 19
18204 11
18211 20
18213 14
18219 18
18220 2
18231 9
18232 20
18234 5
18240 8
18243 9
18244 16
18246 4
18253 17
18255 16
18257 9
18259 20
18261 11
18268 11
18275 12
18281 10
18283 15
18285 18
18286 10
18289 2
18300 17
18302 5
18309 9
18310 11
18317 20
18319 18
18320 2
18329 18
18330 12
18338 14
18345 17
18347 9
18348 4
18356 16
18358 8
18360 13
18365 16
18367 11
18373 17
18375 16
18377 12
18385 11
18391 14
18397 9
18399 11
18405 11
18411 17
18413 21
18417 13
18422 1
18432 16
18434 21
18438 15
18440 10
18442 16
18444 18
18445 11
18452 13
18457 1
18467 6
18474 11
18481 1
18491 3
18497 10
18500 9
18502 4
18510 17
18512 18
18513 18
18514 11
18521 18
18522 13
18527 20
18529 1
18538 18
18539 13
18545 11
18552 3
18559 4
18566 11
18573 10
18574 12
18581 20
18583 19
18585 7
18588 5
18594 5
18600 11
18607 4
18614 21
18618 18
18619 3
18625 5
18631 16
18633 1
18642 15
18644 11
18651 15
18653 21
18657 12
18664 7
18667 8
18670 11
18676 12
18682 7
18685 16
18687 8
18690 3
18696 7
18699 8
18703 1
18712 15
18714 1
18723 16
18725 11
18731 19
18733 9
18735 11
18742 6
18750 5
18756 18
18757 6
18765 7
18767 19
18769 4
18775 15
18777 20
18779 19
18781 18
18782 21
18786 20
18788 2
18797 12
18805 18
18806 14
18812 11
18819 11
18825 20
18827 18
18828 15
18830 8
18832 9
18833 13
18839 10
18841 10
18842 10
18845 11
18852 9
18854 21
18858 11
18864 14
18870 14
18877 19
18879 19
18881 3
18888 14
18894 6
18901 2
18910 11
18916 15
18918 12
18925 12
18931 19
18933 18
18934 18
18935 18
18936 11
18942 11
18949 21
18953 5
18960 11
18967 12
18974 3
18980 11
18986 21
18990 13
18995 15
18997 1
19006 15
19008 15
19010 14
19017 20
19019 14
19025 15
19027 19
19029 21
19033 21
19037 15
19039 7
19041 14
19047 14
19053 4
19059 18
19060 9
19062 2
19071 11
19078 14
19085 7
19088 3
19095 5
19101 15
19103 4
19111 1
19121 11
19128 18
19129 12
19135 6
19141 2
19152 1
19161 18
19162 21
19166 14
19172 9
19173 18
19174 20
19176 1
19186 20
19188 8
19192 16
19194 5
19201 18
19202 14
19208 17
19210 10
19213 13
19218 11
19224 11
19230 19
19232 16
19234 10
19235 10
19238 3
19244 6
19251 11
19257 14
19263 16
19265 10
19267 18
19268 17
19270 12
19277 13
19283 12
19290 7
19292 16
19294 10
19297 21
19301 21
19305 7
19308 11
19315 3
19321 12
19328 11
19334 4
19341 12
19348 11
19355 3
19362 14
19367 18
19368 18
19369 11
19376 18
19377 17
19379 11
19386 1
19396 18
19397 18
19398 19
19400 9
19402 13
19408 20
19410 3
19417 11
19424 15
19426 20
19428 3
19434 17
19436 18
19437 12
19444 9
19446 16
19448 12
19456 4
19463 11
19470 8
19473 11
19479 11
19486 6
19492 4
19498 5
19504 11
19510 6
19517 2
19527 18
19528 2
19537 21
19541 15
19543 4
19551 9
19552 10
19554 15
19556 4
19563 18
19564 12
19571 11
19577 9
19578 3
19585 18
19586 18
19587 16
19589 11
19596 12
19603 11
19609 6
19616 12
19624 16
19626 20
19628 17
19630 11
19637 19
19639 18
19640 19
19642 6
19649 12
19655 13
19660 18
19661 6
19668 12
19674 16
19676 11
19682 18
19683 5
19690 12
19698 12
19704 13
19710 7
19713 6
19719 18
19720 14
19726 11
19733 2
19744 11
19751 12
19758 20
19760 12
19768 6
19776 18
19777 12
19784 1
19793 18
19794 17
19796 15
19798 18
19799 14
19805 10
19807 7
19810 11
19817 20
19819 9
19820 14
19826 2
19835 5
19841 19
19843 3
19850 14
19856 7
19858 20
19860 19
19862 2
19873 9
19875 6
19882 9
19883 12
19890 8
19893 11
19900 11
19906 20
19908 2
19917 9
19918 12
19926 12
19933 11
19940 7
19942 2
19953 20
19955 16
19957 14
19963 20
19965 3
19971 19
19973 17
19975 6
19982 14
19987 8
19990 15
19992 5
19999 21
20003 19
20005 19
20007 10
20009 5
20015 15
20017 17
20019 21
20023 3
20030 21
20034 12
20042 10
20044 13
20049 4
20055 11
20061 19
20063 4
20070 18
20071 11
20078 8
20080 14
20085 12
20093 20
20095 10
20098 1
20108 12
20116 11
20123 14
20130 18
20131 10
20132 12
20139 18
20140 6
20147 12
20154 10
20155 17
20157 20
20159 18
20160 11
20166 4
20173 16
20175 11
20181 8
20184 8
20186 12
20193 12
20200 15
20202 4
20209 2
20218 18
20219 14
20225 20
20227 8
20230 11
20236 12
20243 8
20245 13
20250 15
20252 15
20254 12
20261 21
20265 16
20267 9
20268 13
20273 18
20274 3
20280 13
20285 8
20288 3
20294 11
20300 3
20306 2
20317 1
20327 15
20329 15
20331 14
20336 18
20337 20
20339 9
20340 3
20346 11
20352 11
20359 17
20361 15
20363 20
20365 21
20369 12
20376 19
20378 14
20383 8
20386 16
20388 2
20398 1
20407 11
20413 16
20415 18
20416 15
20418 19
20420 12
20427 12
20435 13
20441 12
20448 11
20455 9
20457 5
20463 16
20465 2
20476 14
20483 18
20484 13
20489 18
20490 18
20491 4
20498 19
20500 11
20507 16
20509 10
20510 17
20512 19
20514 11
20520 9
20521 18
20522 20
20524 14
20529 6
20537 19
20539 7
20541 16
20543 1
20552 20
20554 13
20559 11
20565 21
20569 2
20579 11
20585 8
20588 10
20589 11
20595 5
20601 11
20607 1
20616 11
20622 12
20629 18
20630 5
20636 12
20644 6
20651 8
20654 12
20661 2
20670 18
20671 11
20677 11
20684 17
20686 18
20687 7
20690 18
20691 12
20697 18
20698 11
20704 19
20706 16
20708 11
20714 9
20715 11
20722 6
20730 3
20736 11
20742 9
20743 14
20748 11
20755 9
20756 5
20762 4
20768 12
20775 11
20782 9
20783 15
20785 11
20792 2
20801 16
20803 7
20806 10
20809 11
20816 13
20821 4
20829 18
20830 5
20837 21
20841 10
20843 4
20851 19
20853 8
20857 11
20864 9
20865 16
20867 17
20869 1
20878 15
20880 18
20881 20
20883 17
20885 12
20893 15
20895 18
20896 12
20903 11
20909 18
20910 13
20916 4
20922 2
20932 8
20935 11
20941 6
20947 11
20954 5
20960 9
20961 19
20963 21
20967 11
20973 10
20975 15
20977 5
20984 1
20994 7
20997 4
21004 2
21014 19
21016 19
21018 11
21024 15
21026 7
21029 7
21032 13
21038 16
21040 6
21047 15
21049 7
21051 9
21052 10
21054 18
21055 19
21057 8
21060 5
21066 11
21072 2
21083 12
21089 7
21092 4
21099 9
21100 12
21106 2
21116 11
21123 12
21130 12
21137 6
21143 21
21147 1
21156 21
21160 11
21166 15
21168 10
21170 5
21177 16
21179 12
21187 18
21188 18
21189 7
21191 18
21192 13
21197 1
21207 8
21210 11
21216 18
21217 16
21219 9
21220 12
21226 18
21227 17
21229 12
21236 16
21238 13
21244 13
21250 18
21251 12
21258 12
21265 12
21272 11
21279 10
21281 8
21284 12
21292 13
21298 18
21299 10
21301 9
21303 12
21309 11
21316 9
21318 13
21324 17
21326 21
21330 6
21337 18
21338 7
21340 11
21347 1
21356 6
21364 13
21370 12
21378 11
21385 3
21392 12
21400 15
21402 12
21409 11
21416 15
21418 15
21420 15
21422 9
21423 15
21425 6
21431 13
21437 7
21440 4
21447 17
21449 1
21459 12
21465 12
21472 12
21479 21
21483 13
21489 18
21490 14
21496 11
21503 19
21505 16
21507 10
21509 21
21513 11
21519 3
21525 21
21529 3
21536 18
21537 12
21543 16
21545 2
21556 15
21558 8
21561 13
21566 4
21573 18
21574 11
21581 16
21583 14
21588 9
21590 13
21596 8
21599 18
21600 13
21605 16
21607 14
21613 3
21619 19
21621 17
21623 4
21629 16
21631 19
21633 14
21640 15
21642 1
21652 8
21654 21
21658 7
21660 4
21667 11
21674 11
21680 1
21689 20
21691 2
21701 17
21703 15
21705 14
21712 12
21719 18
21720 5
21727 11
21734 15
21736 10
21739 12
21746 18
21747 17
21749 12
21755 18
21756 7
21758 11
21764 10
21766 12
21774 15
21776 14
21782 6
21789 8
21792 4
21800 15
21802 7
21805 20
21807 4
21814 17
21816 12
21824 8
21828 5
21834 16
21836 2
21845 11
21851 4
21858 6
21865 8
21867 2
21877 15
21879 2
21888 15
21890 11
21897 12
21905 5
21911 4
21918 11
21925 8
21928 12
21935 11
21942 16
21944 7
21947 15
21949 1
21959 12
21965 9
21966 16
21968 18
21969 20
21971 4
21979 8
21983 20
21985 7
21988 11
21994 4
22002 13
22008 17
22010 17
22012 8
22015 12
22023 20
22025 1
22035 4
22042 15
22044 12
22051 13
22056 14
22063 18
22064 14
22070 11
22076 15
22078 2
22089 3
22095 10
22097 14
22102 7
22105 4
22113 12
22121 11
22128 6
22135 6
22141 18
22142 11
22149 12
22155 13
22160 12
22166 4
22173 3
22179 19
22181 18
22182 12
22189 8
22193 9
22194 11
22200 13
22205 19
22207 6
22215 9
22216 1
22225 12
22232 3
22239 11
22245 10
22247 11
22254 18
22255 11
22262 10
22263 9
22265 15
22267 3
22274 12
22280 7
22283 2
22293 17
22295 6
22302 15
22304 20
22306 2
22317 15
22319 16
22321 1
22330 12
22337 15
22339 10
22340 19
22342 11
22349 4
22356 6
22362 11
22369 5
22375 11
22381 15
22383 4
22389 13
22394 13
22400 13
22406 14
22412 3
22419 5
22425 19
22427 10
22430 5
22436 20
22438 7
22440 20
22442 2
22452 14
22458 6
22465 18
22466 1
22475 3
22482 15
22484 2
22493 20
22495 1
22505 1
22514 13
22520 9
22522 3
22529 21
22533 11
22540 9
22542 7
22545 11
22552 8
22556 5
22562 1
22572 11
22578 20
22580 18
22581 17
22583 5
22589 20
22591 11
22597 9
22599 9
22600 4
22608 13
22613 12
22621 19
22623 18
22624 12
22630 10
22631 6
22639 6
22645 18
22646 11
22652 11
22658 11
22664 1
22673 6
22681 11
22688 15
22690 20
22692 18
22693 16
22695 12
22703 15
22705 19
22707 6
22715 12
22721 9
22723 11
22730 17
22732 16
22734 2
22743 5
22749 13
22755 11
22762 15
22764 13
22769 11
22776 15
22778 3
22785 11
22792 13
22797 20
22799 12
22806 15
22808 14
22814 13
22820 12
22827 17
22829 15
22831 8
22834 8
22837 10
22840 12
22847 11
22853 17
22855 21
22859 15
22861 11
22867 16
22869 13
22875 7
22878 7
22881 10
22884 1
22894 9
22896 8
22899 20
22901 10
22904 11
22911 10
22912 2
22922 21
22926 5
22932 15
22934 2
22945 4
22951 13
22957 20
22959 11
22965 9
22966 11
22972 19
22974 18
22975 14
22980 8
22984 9
22985 20
22987 12
22994 10
22997 1
23006 11
23013 16
23015 12
23021 11
23028 8
23031 15
23033 8
23037 13
23043 14
23048 7
23050 17
23052 3
23058 1
23067 10
23069 2
23078 16
23080 13
23086 18
23087 19
23089 18
23090 15
23092 19
23094 18
23095 4
23102 12
23110 10
23111 5
23117 6
23124 11
23130 14
23136 17
23138 9
23140 7
23142 12
23149 15
23151 11
23157 14
23163 13
23169 20
23171 17
23173 17
23175 11
23181 19
23183 11
23189 8
23191 16
23193 12
23200 8
23202 10
23203 11
23209 11
23215 10
23217 11
23224 10
23225 15
23227 11
23234 14
23240 6
23247 8
23251 12
23258 12
23265 19
23267 11
23273 13
23278 15
23280 10
23282 14
23287 16
23289 9
23291 10
23292 12
23299 2
23310 18
23311 20
23313 7
23316 3
23322 12
23329 10
23332 12
23340 15
23342 11
23349 12
23357 5
23364 17
23366 16
23368 9
23370 18
23371 20
23373 8
23375 15
23377 11
23383 17
23385 12
23391 16
23393 2
23404 10
23405 21
23409 18
23410 2
23419 12
23426 13
23431 19
23433 16
23435 21
23439 12
23446 12
23453 21
23457 9
23459 11
23465 2
23476 21
23480 3
23486 2
23495 11
23502 6
23510 11
23517 13
23522 6
23530 11
23537 18
23538 11
23544 21
23548 3
23555 12
23563 15
23565 15
23567 13
23572 18
23573 10
23576 16
23578 15
23580 20
23582 18
23583 8
23585 1
23594 17
23596 11
23602 11
23608 2
23617 10
23618 5
23624 17
23626 13
23631 12
23638 20
23640 4
23647 17
23649 14
23656 11
23663 5
23669 15
23671 12
23677 10
23678 12
23685 2
23695 1
23704 10
23706 18
23707 17
23709 10
23712 9
23714 4
23720 21
23724 12
23731 7
23734 18
23735 11
23742 19
23744 13
23749 2
23759 12
23765 3
23772 8
23775 20
23777 1
23786 16
23788 2
23799 7
23802 12
23809 8
23813 14
23820 7
23823 8
23826 21
23830 3
23836 11
23842 18
23843 17
23845 16
23847 5
23854 18
23855 13
23860 11
23866 15
23868 13
23874 11
23880 1
23889 21
23893 7
23895 14
23901 9
23902 17
23904 4
23911 6
23919 12
23927 5
23934 11
23941 4
23948 11
23955 13
23960 11
23966 10
23968 12
23975 14
23981 12
23989 12
23996 13
24001 20
24003 19
24005 5
24012 11
24018 19
24020 8
24024 12
24031 5
24038 19
24040 10
24043 17
24045 11
24052 14
24058 12
24065 21
24069 12
24077 12
24084 6
24091 18
24092 18
24093 21
24097 8
24101 8
24104 6
24111 9
24112 10
24113 5
24119 8
24122 8
24124 1
24134 18
24135 16
24137 12
24144 2
24153 8
24156 12
24162 11
24169 18
24170 2
24180 19
24182 12
24188 13
24194 21
24198 3
24204 11
24211 19
24213 18
24214 1
24224 4
24231 1
24241 16
24243 18
24244 18
24245 16
24247 9
24249 11
24255 12
24261 9
24262 4
24270 5
24276 17
24278 2
24288 10
24289 1
24299 17
24301 2
24311 6
24319 17
24321 2
24330 12
24337 8
24339 14
24344 18
24345 11
24351 11
24357 2
24367 11
24374 9
24375 8
24378 17
24380 13
24385 5
24391 2
24401 16
24403 20
24405 11
24411 18
24412 10
24415 18
24416 7
24418 15
24420 10
24423 12
24431 15
24433 11
24439 1
24448 13
24453 5
24460 16
24462 9
24464 18
24465 17
24467 15
24469 3
24476 4
24483 17
24485 12
24491 2
24500 8
24503 16
24505 21
24509 21
24513 1
24522 11
24528 4
24534 14
24540 12
24547 1
24556 11
24562 5
24569 11
24576 17
24578 17
24580 1
24590 10
24591 7
24594 12
24601 6
24609 18
24610 2
24619 20
24621 14
24626 10
24628 19
24630 16
24632 14
24638 5
24645 19
24647 6
24654 11
24661 5
24668 11
24674 6
24681 2
24691 12
24697 5
24703 3
24709 12
24717 16
24719 14
24724 7
24726 3
24733 12
24740 9
24742 21
24746 9
24748 1
24757 9
24758 4
24765 4
24771 13
24776 11
24782 12
24789 7
24792 6
24800 13
24805 6
24813 11
24820 14
24826 1
24835 3
24842 2
24852 17
24854 12
24861 1
24871 12
24878 12
24885 3
24891 2
24902 21
24906 12
24912 8
24916 16
24918 2
24929 1
24939 11
24945 18
24946 11
24953 17
24955 19
24957 1
24966 21
24970 4
24977 13
24982 9
24984 8
24988 11
24995 11
25001 11
25007 11
25014 15
25016 18
25017 5
25023 11
25029 21
25033 21
25037 1
25047 20
25049 11
25055 18
25056 20
25058 20
25060 13
25066 17
25068 10
25071 10
25074 11
25081 11
25088 7
25090 15
25092 17
25094 12
25100 12
25108 6
25115 11
25122 17
25124 2
25135 11
25142 13
25147 4
25154 18
25155 8
25157 15
25159 16
25161 15
25163 13
25169 3
25175 15
25177 17
25179 9
25181 6
25189 16
25191 8
25194 5
25201 8
25205 9
25207 17
25209 8
25212 17
25214 14
25220 19
25222 9
25224 4
25231 21
25235 11
25242 3
25249 18
25250 12
25256 3
25263 8
25266 10
25268 18
25269 13
25274 11
25280 11
25287 21
25291 16
25293 10
25295 13
25300 19
25302 7
25305 11
25311 17
25313 14
25318 18
25319 2
25330 14
25335 15
25337 15
25339 20
25341 13
25346 14
25351 12
25357 7
25360 18
25361 18
25362 18
25363 10
25365 3
25372 14
25377 4
25384 12
25390 2
25400 13
25406 14
25413 19
25415 12
25421 4
25428 12
25435 6
25442 11
25449 15
25451 17
25453 18
25454 10
25455 11
25461 2
25471 21
25475 12
25481 1
25491 18
25492 5
25498 12
25506 3
25513 11
25520 20
25522 19
25524 16
25526 19
25528 11
25534 11
25541 4
25549 18
25550 18
25551 15
25553 11
25560 14
25566 20
25568 3
25574 18
25575 10
25578 2
25589 16
25591 2
25602 16
25604 17
25606 19
25608 5
25614 20
25616 7
25619 19
25621 7
25624 4
25630 11
25637 9
25639 21
25643 15
25645 10
25646 9
25648 1
25658 3
25664 12
25671 21
25675 16
25677 8
25680 12
25687 17
25689 12
25697 2
25708 8
25710 16
25712 18
25713 17
25715 15
25717 7
25719 16
25721 12
25729 18
25730 13
25736 10
25738 7
25740 1
25750 11
25757 3
25764 10
25767 7
25770 20
25772 11
25778 8
25782 18
25783 18
25784 18
25785 4
25791 8
25793 14
25799 10
25802 11
25809 19
25811 13
25816 3
25822 11
25829 14
25835 12
25843 5
25849 11
25855 12
25861 10
25862 18
25863 5
25869 19
25871 12
25878 11
25884 12
25891 7
25894 18
25895 2
25905 21
25909 6
25916 1
25925 9
25926 5
25932 12
25938 11
25945 15
25947 21
25951 14
25958 7
25960 17
25962 5
25969 8
25973 5
25980 6
25987 10
25989 18
25990 18
25991 13
25996 2
26006 1
26015 10
26017 12
26024 21
26028 18
26029 1
26039 12
26046 8
26050 3
26056 2
26066 21
26070 9
26072 17
26074 11
26080 4
26087 16
26089 3
26095 6
26102 11
26109 11
26115 14
26121 11
26128 11
26134 5
26140 8
26143 9
26145 18
26146 19
26148 11
26154 6
26161 13
26166 8
26169 13
26174 13
26180 13
26185 16
26187 10
26189 12
26196 19
26198 16
26200 17
26202 21
26206 9
26207 19
26209 16
26211 12
26217 8
26221 14
26227 21
26231 11
26237 11
26244 12
26250 16
26252 5
26259 2
26268 12
26275 3
26281 21
26285 18
26286 11
26292 19
26294 8
26298 17
26300 4
26306 2
26315 11
26321 17
26323 2
26332 12
26338 12
26346 1
26356 2
26365 3
26371 18
26372 18
26373 7
26376 13
26382 15
26384 8
26387 2
26396 20
26398 11
26404 16
26406 11
26412 18
26413 9
26414 5
26421 19
26423 19
26425 18
26426 21
26430 4
26436 19
26438 18
26439 1
26448 12
26454 5
26461 20
26463 6
26470 12
26477 20
26479 14
26485 11
26491 19
26493 19
26495 6
26503 6
26509 11
26516 8
26518 16
26520 5
26527 10
26529 11
26536 18
26537 12
26544 12
26551 11
26557 7
26560 13
26565 15
26567 2
26577 11
26583 19
26585 6
26593 13
26599 1
26608 13
26613 8
26616 18
26617 12
26624 11
26630 5
26636 4
26643 15
26645 12
26652 12
26659 21
26663 18
26664 16
26666 13
26672 8
26675 16
26677 20
26679 11
26685 17
26687 19
26689 9
26690 13
26696 15
26698 7
26700 9
26702 9
26704 18
26705 2
26715 18
26716 7
26719 4
26726 14
26732 11
26739 20
26741 11
26747 13
26752 17
26754 13
26760 11
26767 18
26768 20
26770 4
26776 16
26778 7
26780 11
26787 3
26793 9
26794 12
26801 1
26810 11
26816 5
26823 5
26829 1
26838 17
26840 9
26841 21
26845 12
26852 17
26854 5
26860 6
26867 11
26873 3
26880 21
26884 12
26891 11
26897 15
26899 3
26905 14
26911 13
26916 16
26918 13
26923 16
26925 15
26927 5
26934 21
26938 17
26940 11
26947 2
26956 5
26962 11
26969 8
26973 14
26980 12
26986 15
26988 8
26991 1
27000 14
27005 13
27010 13
27015 4
27022 13
27028 9
27030 9
27032 19
27034 21
27038 20
27040 12
27047 3
27054 14
27060 11
27067 18
27068 16
27070 8
27073 2
27083 11
27090 12
27097 21
27101 18
27102 18
27103 12
27111 1
27120 4
27126 8
27129 3
27136 12
27144 17
27146 6
27154 12
27162 15
27164 1
27173 18
27174 19
27176 9
27177 4
27184 18
27185 15
27187 6
27195 18
27196 2
27205 4
27213 11
27220 14
27227 12
27234 4
27242 15
27244 13
27250 12
27257 10
27258 12
27264 21
27268 1
27278 9
27280 17
27282 16
27284 3
27290 5
27297 4
27305 12
27312 16
27314 12
27321 18
27322 18
27323 18
27324 11
27330 12
27336 9
27337 4
27343 12
27350 10
27351 9
27353 10
27354 15
27356 7
27359 13
27365 9
27367 21
27371 1
27381 10
27382 8
27385 20
27387 12
27394 10
27395 17
27397 18
27398 6
27405 21
27409 8
27413 17
27415 19
27417 11
27423 11
27430 11
27437 19
27439 9
27441 3
27447 6
27453 12
27460 1
27469 12
27475 3
27482 1
27491 21
27495 21
27499 13
27504 17
27506 14
27513 12
27520 11
27527 11
27534 19
27536 19
27538 11
27544 14
27550 13
27555 4
27562 19
27564 10
27566 13
27571 18
27572 18
27573 6
27579 16
27581 8
27584 5
27591 21
27595 21
27599 6
27606 20
27608 12
27614 12
27620 19
27622 11
27628 1
27638 17
27640 11
27646 10
27648 4
27655 12
27662 12
27670 14
27675 2
27685 12
27692 12
27700 5
27707 11
27713 15
27715 5
27722 11
27728 5
27735 17
27737 11
27744 11
27750 2
27761 5
27768 8
27772 16
27774 12
27781 21
27785 5
27792 15
27794 13
27800 3
27807 15
27809 14
27814 14
27820 19
27822 18
27823 17
27825 4
27832 11
27838 7
27841 12
27848 16
27850 4
27858 5
27865 19
27867 11
27873 6
27879 9
27881 12
27887 18
27888 19
27890 12
27896 3
27902 15
27904 15
27906 18
27907 11
27913 15
27915 12
27922 6
27928 6
27935 12
27942 19
27944 18
27945 12
27952 18
27953 21
27957 5
27964 13
27970 5
27977 16
27979 19
27981 7
27983 12
27991 21
27995 12
28002 13
28007 17
28009 12
28016 5
28022 12
28028 18
28029 12
28035 14
28040 3
28046 11
28053 15
28055 14
28061 7
28064 9
28065 10
28067 12
28074 2
28085 2
28094 5
28101 4
28107 20
28109 2
28120 17
28122 7
28125 1
28134 15
28136 8
28138 16
28140 12
28148 12
28155 13
28160 3
28167 15
28169 7
28172 15
28174 15
28176 2
28186 9
28187 1
28196 6
28204 16
28206 9
28208 7
28211 12
28218 5
28225 16
28227 18
28228 5
28234 7
28237 11
28243 2
28254 1
28263 9
28264 3
28270 7
28272 2
28283 11
28290 12
28296 10
28298 8
28301 12
28308 11
28315 11
28321 12
28328 10
28329 7
28332 12
28338 21
28342 8
28345 14
28351 1
28361 7
28363 18
28364 18
28365 1
28374 17
28376 6
28383 19
28385 20
28387 13
28393 14
28399 11
28405 13
28411 10
28413 13
28418 1
28428 12
28435 16
28437 3
28443 18
28444 18
28445 2
28455 13
28461 9
28462 11
28468 11
28474 15
28476 15
28478 6
28485 13
28491 13
28496 7
28498 19
28500 13
28506 12
28513 13
28519 4
28527 15
28529 12
28536 11
28542 6
28548 15
28550 16
28552 9
28554 18
28555 9
28557 2
28568 1
28578 5
28584 14
28591 12
28597 11
28604 15
28606 16
28608 4
28615 15
28617 2
28628 11
28634 5
28641 8
28644 5
28651 10
28654 18
28655 3
28661 16
28663 1
28672 2
28683 15
28685 2
28696 20
28698 4
28705 8
28708 9
28709 18
28710 11
28717 19
28719 20
28721 4
28729 11
28736 1
28745 14
28751 3
28758 5
28764 11
28771 3
28778 3
28784 5
28791 11
28797 17
28799 12
28807 12
28815 17
28817 2
28826 7
28829 18
28830 11
28836 10
28838 13
28843 1
28853 11
28860 6
28866 16
28868 7
28870 2
28879 14
28886 6
28894 18
28895 18
28896 3
28903 18
28904 10
28907 12
28914 6
28920 11
28926 16
28928 11
28934 12
28941 14
28948 4
28955 6
28961 12
28967 3
28974 15
28976 4
28983 10
28985 11
28991 9
28992 6
28998 12
29006 11
29012 17
29014 12
29021 20
29023 12
29030 5
29037 6
29043 3
29050 18
29051 10
29052 21
29056 2
29067 2
29076 20
29078 15
29080 10
29083 18
29084 9
29085 12
29093 7
29096 11
29102 3
29108 20
29110 12
29117 17
29119 7
29122 14
29129 5
29135 14
29141 9
29143 11
29150 12
29158 18
29159 12
29166 1
29176 10
29178 14
29185 2
29195 18
29196 12
29204 8
29207 3
29213 19
29215 18
29216 9
29218 16
29220 18
29221 8
29225 11
29232 5
29238 15
29240 15
29242 12
29250 4
29256 18
29257 12
29265 19
29267 12
29275 19
29277 16
29279 9
29280 3
29286 15
29288 17
29290 10
29291 17
29293 13
29299 10
29302 1
29312 4
29319 9
29321 1
29331 1
29341 13
29346 4
29354 12
29361 17
29363 21
29367 18
29368 4
29376 1
29386 20
29388 13
29394 3
29400 21
29404 20
29406 21
29410 11
29416 10
29418 3
29424 16
29426 13
29431 5
29437 18
29438 11
29444 10
29446 1
29455 7
29458 15
29460 14
29467 12
29474 18
29475 4
29483 18
29484 19
29486 18
29487 7
29489 17
29491 12
29498 11
29505 2
29515 1
29525 18
29526 12
29533 8
29536 4
29543 15
29545 12
29551 9
29553 11
29559 5
29566 17
29568 8
29571 11
29577 12
29583 12
29590 2
29600 9
29601 9
29602 16
29604 11
29611 5
29617 12
29624 16
29626 8
29629 17
29631 16
29633 20
29635 21
29639 11
29645 21
29649 11
29656 4
29664 7
29666 1
29676 18
29677 9
29678 9
29679 18
29680 20
29682 18
29683 11
29689 4
29696 13
29701 12
29708 1
29718 14
29725 2
29736 2
29747 5
29754 18
29755 4
29763 12
29769 11
29775 13
29781 2
29791 14
29797 5
29804 14
29810 15
29812 21
29816 17
29818 15
29820 16
29822 10
29824 19
29826 10
29829 18
29830 16
29832 18
29833 1
29842 8
29846 10
29848 18
29849 3
29856 11
29862 12
29870 2
29881 14
29887 11
29894 19
29896 1
29906 14
29911 16
29913 14
29918 12
29925 11
29931 4
29938 13
29944 16
29946 14
29952 20
29954 11
29960 19
29962 18
29963 11
29970 15
29972 12
29978 11
29984 14
29990 11
29996 4
30003 12
30010 2
30020 20
30022 12
30029 19
30031 8
30034 15
30036 2
30046 6
30053 6
30060 15
30062 10
30063 13
30068 10
30070 2
30081 1
30091 11
30097 10
30099 3
30106 5
30112 10
30114 11
30120 9
30122 12
30129 7
30132 15
30134 10
30137 18
30138 1
30148 7
30150 11
30156 14
30163 12
30171 4
30178 12
30185 16
30187 21
30191 2
30201 5
30207 1
30216 11
30222 10
30224 9
30226 2
30236 7
30239 8
30242 9
30243 11
30250 18
30251 4
30258 18
30259 19
30261 20
30263 13
30269 4
30276 9
30277 1
30286 15
30288 11
30294 11
30301 13
30307 3
30313 11
30320 21
30324 13
30330 12
30338 7
30340 9
30341 4
30348 2
30359 6
30365 9
30366 17
30368 2
30378 18
30379 20
30381 20
30383 20
30385 17
30387 7
30389 15
30391 11
30397 11
30403 21
30407 17
30409 12
30416 8
30418 11
30424 4
30431 14
30437 20
30439 14
30445 19
30447 15
30449 5
30456 20
30458 11
30464 2
30475 7
30477 2
30487 14
30492 6
30500 7
30502 9
30503 11
30509 7
30511 16
30513 6
30520 9
30522 21
30526 2
30537 5
30544 17
30546 8
30549 11
30556 11
30563 19
30565 12
30573 5
30579 18
30580 10
30582 11
30589 9
30591 18
30592 9
30594 11
30601 8
30605 3
30612 11
30618 16
30620 1
30630 5
30636 4
30644 4
30651 20
30653 14
30660 6
30666 10
30668 14
30674 21
30678 12
30685 12
30692 12
30699 17
30701 12
30708 16
30710 1
30720 2
30731 4
30738 11
30745 1
30755 15
30757 19
30759 21
30763 9
30765 11
30771 12
30778 13
30783 6
30791 4
30798 6
30804 7
30807 1
30817 7
30819 10
30822 11
30829 20
30831 13
30836 10
30838 11
30845 17
30847 3
30853 17
30855 19
30857 9
30859 6
30866 20
30868 11
30875 11
30882 18
30883 6
30891 15
30893 11
30900 2
30909 14
30915 1
30924 6
30930 14
30935 14
30941 5
30947 8
30950 13
30955 12
30961 15
30963 12
30970 6
30978 18
30979 18
30980 9
30981 10
30982 11
30989 18
30990 15
30992 20
30994 8
30997 19
30999 18
31000 5
31007 19
31009 14
31016 2
31025 11
31032 1
31042 6
31049 19
31051 2
31060 4
31067 8
31069 12
31077 6
31084 4
31092 1
31102 19
31104 7
31106 13
31111 5
31118 20
31120 18
31121 10
31122 14
31128 8
31132 18
31133 16
31135 13
31141 11
31148 12
31156 5
31163 12
31171 12
31177 3
31183 21
31187 1
31197 12
31205 12
31212 12
31219 1
31229 12
31237 4
31245 1
31255 11
31262 11
31269 3
31276 15
31278 9
31279 20
31281 13
31287 1
31296 12
31302 16
31304 19
31306 11
31313 4
31320 12
31327 11
31333 1
31342 14
31347 16
31349 20
31351 18
31352 21
31356 11
31363 10
31366 16
31368 16
31370 12
31377 13
31382 9
31383 2
31393 2
31404 12
31411 20
31413 19
31415 19
31417 9
31419 8
31422 4
31429 17
31431 18
31432 9
31434 10
31436 6
31442 12
31450 8
31454 17
31456 4
31463 6
31471 20
31473 19
31475 16
31477 2
31488 15
31490 11
31497 9
31498 2
31509 20
31511 9
31512 12
31520 12
31526 13
31531 15
31533 21
31537 8
31540 9
31541 4
31548 5
31555 12
31562 13
31567 6
31575 5
31581 5
31587 21
31591 18
31592 14
31597 21
31601 14
31608 18
31609 4
31616 18
31617 9
31618 12
31626 15
31628 11
31635 17
31637 7
31640 5
31647 15
31649 12
31657 4
31663 20
31665 17
31667 6
31675 4
31683 3
31689 4
31697 8
31701 11
31707 8
31710 15
31712 21
31716 11
31722 14
31727 15
31729 17
31731 15
31733 18
31734 1
31743 6
31750 16
31752 14
31759 12
31766 12
31772 12
31778 2
31788 10
31791 18
31792 20
31794 7
31796 17
31798 12
31805 18
31806 18
31807 3
31814 18
31815 5
31822 17
31824 1
31833 20
31835 17
31837 21
31841 13
31847 7
31849 9
31850 9
31851 17
31853 16
31855 18
31856 1
31865 14
31871 21
31875 6
31883 6
31891 15
31893 15
31895 15
31897 14
31903 11
31910 1
31919 13
31924 9
31925 13
31930 11
31937 7
31939 11
31945 12
31952 14
31958 15
31960 14
31966 12
31974 21
31978 15
31980 2
31990 17
31992 2
32002 18
32003 11
32010 12
32017 7
32019 12
32026 20
32028 5
32035 1
32045 10
32046 11
32053 8
32056 12
32063 12
32071 11
32078 18
32079 11
32085 9
32086 17
32088 14
32094 18
32095 11
32102 19
32104 14
32109 16
32111 8
32114 8
32116 17
32118 21
32122 11
32129 15
32131 1
32140 13
32146 6
32154 15
32156 8
32160 13
32166 1
32176 15
32178 10
32179 18
32180 13
32186 12
32193 3
32199 4
32206 1
32215 18
32216 3
32222 20
32224 3
32231 6
32238 20
32240 14
32247 4
32254 8
32256 12
32262 11
32268 16
32270 16
32272 12
32280 18
32281 8
32283 15
32285 9
32287 13
32292 13
32297 4
32303 8
32307 11
32313 12
32320 11
32326 9
32327 1
32336 2
32345 20
32347 19
32349 11
32356 12
32364 19
32366 17
32368 13
32373 15
32375 15
32377 11
32384 12
32392 5
32399 2
32409 13
32415 11
32422 18
32423 5
32429 6
32435 10
32437 3
32443 18
32444 18
32445 6
32452 17
32454 12
32461 16
32463 2
32473 21
32477 18
32478 8
32482 2
32492 20
32494 12
32502 17
32504 18
32505 14
32511 6
32518 11
32525 15
32527 19
32529 5
32535 8
32538 15
32540 15
32542 17
32544 6
32551 11
32557 12
32564 12
32571 18
32572 9
32574 11
32581 4
32588 7
32590 5
32597 18
32598 13
32603 12
32611 12
32619 21
32623 12
32629 17
32631 2
32641 11
32648 20
32650 20
32652 12
32658 11
32665 9
32666 5
32673 5
32679 15
32681 6
32688 5
32694 20
32696 12
32703 7
32705 18
32706 7
32709 9
32711 13
32716 9
32718 5
32724 16
32726 8
32730 15
32732 4
32740 2
32749 21
32753 3
32759 21
32763 11
32769 20
32771 12
32778 12
32785 20
32787 2
32796 18
32797 11
32803 10
32805 3
32812 18
32813 20
32815 18
32816 10
32818 17
32820 12
32828 12
32835 15
32837 18
32838 15
32840 3
32847 12
32854 19
32856 11
32863 3
32870 18
32871 18
32872 10
32873 9
32874 2
32884 3
32890 16
32892 8
32896 8
32898 12
32905 19
32907 8
32910 5
32916 16
32918 8
32922 11
32928 21
32932 1
32942 19
32944 8
32946 9
32948 18
32949 14
32955 16
32957 5
32964 12
32970 11
32976 17
32978 14
32985 1
32994 17
32996 20
32998 13
33003 19
33005 14
33011 18
33012 21
33016 2
33026 18
33027 9
33029 1
33038 12
33046 8
33050 12
33057 19
33059 9
33061 11
33067 20
33069 19
33071 10
33073 6
33081 8
33083 4
33089 6
33096 13
33102 20
33104 15
33106 4
33113 13
33118 8
33121 11
33127 5
33133 14
33139 20
33141 14
33148 11
33155 5
33162 12
33168 12
33176 11
33183 9
33185 4
33193 9
33194 3
33200 6
33206 5
33212 17
33214 12
33221 12
33229 4
33235 21
33239 18
33240 12
33248 17
33250 6
33257 17
33259 18
33260 11
33266 11
33272 8
33274 12
33280 5
33286 5
33292 2
33302 18
33303 2
33314 11
33321 1
33330 15
33332 18
33333 19
33335 18
33336 1
33346 19
33348 9
33350 6
33358 17
33360 7
33362 8
33366 21
33370 5
33376 5
33383 19
33385 10
33388 4
33396 15
33398 17
33400 11
33407 11
33413 11
33419 15
33421 19
33423 15
33425 14
33430 18
33431 3
33438 12
33444 19
33446 18
33447 11
33454 18
33455 12
33462 18
33463 2
33472 11
33479 19
33481 3
33487 20
33489 5
33495 12
33502 9
33504 15
33506 14
33513 14
33519 5
33525 11
33531 9
33533 20
33535 9
33536 18
33537 12
33543 14
33548 18
33549 7
33552 7
33554 18
33555 9
33556 14
33562 2
33572 13
33577 9
33578 19
33580 3
33586 19
33588 18
33589 12
33596 2
33605 14
33611 10
33613 12
33620 7
33623 17
33625 7
33627 19
33629 12
33636 16
33638 1
33647 21
33651 11
33658 18
33659 10
33661 3
33668 12
33675 20
33677 12
33685 5
33692 14
33697 11
33704 20
33706 18
33707 4
33715 11
33722 11
33729 7
33732 15
33734 6
33742 7
33745 19
33747 18
33748 18
33749 10
33750 18
33751 15
33753 2
33762 20
33764 16
33766 18
33767 18
33768 13
33774 21
33778 5
33785 6
33791 11
33797 6
33804 9
33805 7
33807 12
33815 12
33821 19
33823 16
33825 6
33832 21
33836 19
33838 18
33839 11
33846 16
33848 17
33850 20
33852 19
33854 13
33860 12
33867 10
33869 20
33871 11
33878 19
33880 10
33881 19
33883 11
33890 12
33896 12
33904 6
33910 21
33914 11
33920 2
33930 20
33932 12
33938 12
33944 14
33950 1
33960 8
33963 9
33965 20
33967 17
33969 9
33970 16
33972 18
33973 2
33984 9
33986 11
33992 8
33995 12
34002 12
34009 18
34010 6
34017 11
34023 19
34025 17
34027 21
34031 3
34037 19
34039 2
34049 16
34051 6
34059 13
34064 18
34065 21
34069 14
34074 13
34080 17
34082 12
34090 11
34097 4
34104 18
34105 12
34113 4
34120 12
34128 17
34130 11
34136 9
34137 12
34144 8
34147 11
34153 18
34154 3
34160 12
34167 11
34174 11
34180 15
34182 12
34189 8
34191 5
34198 11
34204 4
34212 12
34219 15
34221 14
34228 11
34235 9
34237 19
34239 4
34247 3
34254 7
34257 20
34259 5
34265 6
34272 11
34279 19
34281 12
34287 15
34289 12
34296 18
34297 11
34304 20
34306 1
34315 14
34321 18
34322 11
34329 14
34336 6
34343 20
34345 11
34352 11
34359 11
34366 12
34373 1
34382 20
34384 12
34392 18
34393 8
34397 4
34405 9
34406 3
34412 1
34421 12
34428 7
34431 11
34437 11
34443 1
34452 7
34455 1
34464 12
34470 1
34479 1
34488 9
34489 9
34491 3
34497 16
34499 10
34500 21
34504 8
34508 17
34510 3
34517 21
34521 18
34522 21
34526 11
34532 15
34534 21
34538 18
34539 11
34546 16
34548 17
34550 6
34557 5
34563 12
34570 5
34577 20
34579 18
34580 11
34587 10
34590 11
34596 16
34598 14
34604 4
34612 2
34622 16
34624 9
34625 8
34628 15
34630 12
34636 8
34639 9
34641 14
34646 3
34652 11
34658 12
34664 5
34670 12
34677 12
34684 19
34686 6
34693 20
34695 13
34700 6
34707 6
34714 9
34715 11
34721 11
34727 19
34729 10
34731 1
34741 7
34743 8
34746 12
34753 5
34760 15
34762 14
34768 20
34770 13
34776 16
34778 12
34785 11
34791 3
34798 6
34806 16
34808 12
34816 11
34823 18
34824 6
34831 10
34834 11
34840 6
34846 8
34849 19
34851 11
34858 9
34860 15
34862 18
34863 15
34865 14
34871 17
34873 17
34875 7
34877 13
34882 3
34888 12
34894 3
34901 14
34907 7
34909 18
34910 11
34917 7
34920 4
34927 7
34929 13
34935 11
34941 18
34942 18
34943 17
34945 12
34951 2
34960 14
34967 1
34977 16
34979 12
34985 18
34986 19
34988 12
34996 16
34998 10
35000 10
35002 4
35009 19
35011 11
35018 17
35020 3
35027 17
35029 18
35030 6
35036 3
35042 16
35044 9
35045 3
35052 10
35054 1
35063 5
35070 20
35072 11
35079 7
35081 9
35083 11
35089 20
35091 19
35093 16
35095 16
35097 11
35104 16
35106 18
35107 9
35109 21
35113 7
35115 12
35123 9
35124 17
35126 10
35128 11
35135 13
35140 17
35142 1
35152 10
35154 2
35163 21
35167 3
35173 6
35181 11
35188 11
35194 4
35201 10
35202 15
35204 15
35206 7
35209 12
35216 15
35218 15
35220 19
35222 9
35223 9
35225 12
35231 18
35232 6
35239 7
35242 11
35249 16
35251 14
35257 9
35259 4
35265 17
35267 10
35270 12
35277 12
35283 16
35285 2
35295 8
35297 15
35299 1
35309 12
35315 12
35321 2
35332 4
35339 18
35340 3
35347 1
35357 21
35361 10
35363 21
35367 11
35373 12
35380 14
35386 3
35393 11
35399 21
35403 11
35409 18
35410 15
35412 7
35415 21
35419 12
35426 13
35431 12
35437 14
35443 4
35450 2
35459 10
35461 16
35463 11
35470 19
35472 14
35478 13
35484 20
35486 9
35488 13
35493 19
35495 15
35497 9
35499 11
35505 4
35511 12
35517 14
35522 5
35528 18
35529 11
35535 18
35536 2
35546 8
35549 10
35550 19
35552 16
35554 15
35556 18
35557 13
35563 14
35570 11
35576 11
35583 7
35585 12
35592 12
35599 15
35601 13
35607 1
35616 18
35617 3
35624 12
35632 18
35633 6
35639 16
35641 10
35643 14
35649 13
35655 16
35657 3
35664 11
35670 19
35672 12
35680 17
35682 9
35683 21
35687 11
35694 19
35696 12
35704 17
35706 16
35708 18
35709 4
35716 6
35722 21
35726 12
35733 6
35740 7
35743 14
35750 11
35756 8
35759 1
35769 12
35776 1
35785 12
35793 12
35801 11
35807 21
35811 20
35813 8
35817 5
35824 2
35834 8
35836 16
35838 11
35845 13
35851 4
35859 3
35865 6
35871 14
35878 18
35879 1
35888 8
35891 14
35897 11
35903 3
35910 16
35912 20
35914 21
35918 1
35927 3
35934 18
35935 8
35937 5
35944 12
35952 12
35959 19
35961 19
35963 8
35965 19
35967 15
35969 3
35975 12
35982 18
35983 18
35984 6
35992 11
35998 16
36000 20
36002 10
36004 18
36005 15
36007 1
36017 15
36019 19
36021 12
36028 6
36035 12
36041 10
36043 2
36054 5
36061 12
36069 19
36071 4
36078 8
36082 15
36084 21
36088 16
36090 15
36092 9
36093 18
36094 12
36102 11
36109 18
36110 1
36119 19
36121 11
36127 18
36128 12
36135 1
36145 14
36150 17
36152 16
36154 5
36160 1
36170 20
36172 17
36174 1
36183 11
36189 12
36196 6
36203 9
36205 14
36210 4
36217 16
36219 1
36228 19
36230 2
36241 9
36243 11
36249 1
36258 11
36264 7
36266 19
36268 17
36270 9
36272 12
36279 12
36286 7
36288 11
36295 11
36301 1
36310 11
36317 6
36324 5
36331 13
36337 9
36338 12
36344 12
36351 1
36361 14
36367 5
36373 14
36379 12
36387 18
36388 9
36390 10
36392 8
36395 21
36399 10
36402 11
36409 2
36420 15
36422 5
36428 12
36434 19
36436 10
36437 13
36443 16
36445 1
36455 1
36464 1
36474 20
36476 16
36478 8
36481 13
36487 11
36493 13
36499 17
36501 3
36508 1
36518 15
36520 6
36526 11
36533 8
36535 13
36541 11
36547 11
36553 1
36562 18
36563 15
36565 11
36572 7
36574 18
36575 6
36582 18
36583 3
36589 8
36592 11
36598 7
36601 20
36603 21
36607 9
36609 12
36616 18
36617 10
36620 15
36622 7
36625 11
36632 14
36639 18
36640 3
36647 3
36654 1
36663 18
36664 12
36671 11
36678 15
36680 8
36683 18
36684 8
36686 1
36695 8
36699 11
36706 12
36713 17
36715 1
36725 21
36729 2
36739 10
36741 9
36742 12
36748 11
36754 2
36763 12
36770 5
36777 21
36781 4
36787 13
36792 2
36801 5
36808 11
36815 12
36821 6
36828 13
36834 11
36840 11
36847 15
36849 8
36852 14
36859 17
36861 18
36862 3
36869 12
36877 6
36884 18
36885 11
36892 17
36894 2
36904 7
36907 4
36914 6
36922 8
36925 19
36927 1
36936 13
36942 12
36950 1
36959 12
36967 4
36973 9
36975 16
36977 3
36983 12
36990 9
36991 1
37001 12
37009 21
37013 17
37015 21
37019 9
37021 20
37023 14
37029 4
37036 4
37044 18
37045 1
37054 11
37061 15
37063 11
37069 10
37072 12
37080 13
37086 18
37087 18
37088 1
37098 2
37109 14
37115 14
37120 11
37127 20
37129 11
37136 15
37138 18
37139 11
37146 10
37148 17
37150 12
37157 1
37166 13
37172 14
37178 4
37186 11
37193 5
37199 14
37204 21
37208 21
37212 16
37214 9
37216 12
37222 8
37226 2
37236 19
37238 20
37240 5
37247 15
37249 10
37251 18
37252 8
37255 19
37257 18
37258 4
37265 11
37271 12
37277 8
37280 11
37286 15
37288 18
37289 16
37291 20
37293 19
37295 11
37301 15
37303 18
37304 18
37305 4
37312 4
37319 5
37325 1
37335 4
37342 19
37344 5
37350 5
37357 8
37361 10
37364 14
37370 1
37379 3
37385 4
37391 11
37398 3
37405 13
37410 19
37412 19
37414 17
37416 6
37422 15
37424 14
37430 21
37434 13
37439 1
37449 14
37454 4
37460 11
37466 15
37468 6
37474 18
37475 13
37481 8
37485 15
37487 18
37488 1
37497 18
37498 19
37500 12
37507 14
37513 18
37514 7
37516 12
37523 13
37529 3
37535 19
37537 9
37538 20
37540 20
37542 12
37549 8
37552 21
37556 6
37564 18
37565 1
37575 19
37577 21
37581 6
37588 18
37589 16
37591 13
37596 5
37602 14
37609 8
37612 7
37615 4
37622 11
37629 6
37635 11
37642 11
37649 13
37655 12
37661 9
37662 15
37664 20
37666 7
37669 16
37671 8
37674 12
37682 14
37688 7
37691 6
37697 6
37704 16
37706 2
37716 3
37722 4
37728 6
37735 11
37742 19
37744 13
37750 4
37757 13
37763 19
37765 18
37766 3
37772 8
37775 8
37778 11
37784 20
37786 12
37793 11
37799 4
37806 3
37813 14
37819 6
37826 5
37832 5
37838 17
37840 18
37841 12
37848 12
37856 2
37866 18
37867 16
37869 3
37875 15
37877 6
37884 13
37890 4
37896 4
37902 7
37905 13
37910 2
37920 10
37921 5
37928 19
37930 17
37932 10
37934 10
37937 8
37940 11
37947 15
37949 12
37956 19
37958 12
37964 4
37971 11
37978 19
37980 14
37987 5
37994 9
37995 5
38001 2
38012 15
38014 8
38017 7
38019 19
38021 12
38028 12
38035 17
38037 3
38044 15
38046 7
38048 12
38055 18
38056 9
38057 13
38062 11
38069 18
38070 14
38077 8
38080 18
38081 1
38090 12
38097 17
38099 11
38105 2
38115 6
38123 9
38124 20
38126 20
38128 8
38132 2
38143 13
38149 7
38151 12
38157 18
38158 12
38165 9
38167 9
38168 6
38176 2
38185 4
38192 17
38194 20
38196 9
38197 8
38201 1
38211 20
38213 11
38219 12
38225 2
38236 15
38238 18
38239 19
38241 3
38247 7
38249 8
38251 14
38257 3
38264 4
38272 12
38279 9
38280 21
38284 2
38294 8
38298 9
38299 3
38306 2
38316 4
38322 8
38324 2
38333 1
38342 3
38348 13
38353 18
38354 10
38355 15
38357 10
38358 21
38362 3
38368 6
38375 15
38377 8
38380 10
38381 14
38387 17
38389 12
38397 12
38404 12
38411 7
38414 18
38415 1
38424 13
38430 19
38432 6
38439 11
38445 1
38455 11
38462 12
38469 14
38476 4
38484 12
38491 17
38493 21
38497 16
38499 13
38504 17
38506 4
38514 8
38518 11
38525 18
38526 16
38528 7
38530 9
38532 17
38534 1
38543 11
38549 14
38555 10
38557 13
38563 19
38565 19
38567 20
38569 1
38578 11
38584 15
38586 13
38592 20
38594 3
38601 21
38605 17
38607 12
38615 6
38621 18
38622 11
38628 15
38630 12
38637 7
38639 11
38645 14
38651 19
38653 6
38660 4
38666 12
38672 2
38681 18
38682 8
38685 1
38695 17
38697 13
38703 15
38705 13
38711 19
38713 6
38720 7
38723 13
38728 16
38730 15
38732 17
38734 14
38740 4
38747 19
38749 10
38752 15
38754 17
38756 5
38762 4
38768 21
38772 7
38775 7
38777 8
38781 8
38785 11
38792 15
38794 17
38796 12
38804 3
38810 17
38812 14
38818 3
38825 6
38832 11
38839 5
38846 18
38847 4
38855 7
38857 9
38858 20
38860 18
38861 17
38863 20
38865 2
38874 11
38881 20
38883 16
38885 17
38887 10
38888 8
38890 18
38891 21
38895 21
38899 20
38901 15
38903 13
38909 17
38911 11
38917 6
38923 7
38926 8
38929 12
38936 15
38938 20
38940 5
38947 2
38958 10
38960 9
38962 14
38969 11
38975 2
38986 11
38992 12
38999 20
39001 3
39008 14
39015 6
39022 12
39029 6
39036 9
39037 18
39038 1
39048 10
39051 6
39058 13
39064 18
39065 21
39069 10
39070 14
39076 8
39079 10
39080 2
39090 9
39091 3
39097 7
39100 4
39106 9
39107 18
39108 10
39110 11
39117 11
39123 17
39125 17
39127 11
39134 16
39136 10
39137 2
39148 3
39155 17
39157 15
39159 4
39165 12
39173 14
39179 18
39180 7
39183 15
39185 14
39192 12
39198 8
39200 6
39207 5
39213 16
39215 11
39221 5
39228 5
39234 6
39241 3
39248 13
39254 11
39260 18
39261 19
39263 21
39267 19
39269 9
39271 6
39278 7
39281 12
39288 13
39294 12
39301 16
39303 9
39304 12
39311 9
39313 18
39314 17
39316 5
39323 11
39330 18
39331 15
39333 18
39334 19
39336 17
39338 3
39345 21
39349 17
39351 11
39357 7
39359 12
39366 7
39369 6
39377 4
39384 21
39388 12
39395 18
39396 18
39397 3
39403 6
39411 4
39419 11
39426 16
39428 19
39430 2
39441 6
39448 18
39449 8
39452 12
39459 16
39461 18
39462 13
39467 8
39469 3
39476 6
39483 12
39490 12
39496 11
39503 7
39505 18
39506 5
39513 11
39520 4
39526 12
39533 12
39539 5
39546 5
39553 3
39559 8
39561 11
39567 5
39574 16
39576 18
39577 4
39584 11
39590 13
39596 19
39598 19
39600 18
39601 13
39606 12
39613 6
39620 11
39626 9
39628 12
39636 12
39642 10
39645 18
39646 8
39648 4
39656 7
39659 7
39661 18
39662 21
39666 2
39675 5
39681 12
39688 13
39693 8
39697 13
39702 11
39708 21
39712 13
39717 1
39727 12
39733 20
39735 6
39742 4
39749 15
39751 18
39752 5
39759 13
39765 1
39775 2
39786 11
39793 16
39795 16
39797 16
39799 13
39805 18
39806 18
39807 12
39814 1
39824 12
39832 16
39834 6
39841 11
39847 16
39849 5
39855 16
39857 18
39858 19
39860 8
39863 1
39873 13
39878 18
39879 15
39881 1
39890 19
39892 10
39894 7
39896 13
39902 13
39908 19
39910 12
39917 1
39927 8
39931 2
39941 6
39948 11
39955 13
39961 19
39963 7
39966 12
39973 21
39977 17
39979 11
39985 8
39987 11
39993 13
39998 3
40004 15
40006 2
40015 17
40017 18
40018 2
40027 13
40032 7
40034 20
40036 9
40038 11
40044 5
40050 21
40054 16
40056 5
40063 5
40070 14
40077 10
40078 3
40085 9
40086 13
40092 8
40095 10
40098 16
40100 18
40101 17
40103 12
40109 14
40115 11
40122 3
40128 5
40134 5
40141 13
40146 20
40148 7
40150 11
40157 14
40164 14
40170 19
40172 3
40178 15
40180 6
40188 20
40190 10
40192 13
40197 19
40199 11
40205 6
40213 16
40215 11
40222 19
40224 17
40226 17
40228 13
40234 16
40236 1
40245 17
40247 5
40254 5
40261 2
40272 11
40279 15
40281 18
40282 18
40283 18
40284 12
40291 11
40297 18
40298 11
40304 12
40310 12
40318 7
40321 17
40323 11
40330 12
40337 11
40343 20
40345 21
40349 11
40355 12
40363 6
40371 8
40374 20
40376 11
40382 14
40388 2
40397 18
40398 20
40400 11
40407 11
40414 12
40420 19
40422 6
40430 20
40432 18
40433 6
40440 12
40447 10
40449 5
40456 19
40458 3
40465 3
40471 11
40477 5
40483 19
40485 6
40493 18
40494 18
40495 2
40505 11
40511 2
40522 14
40529 3
40536 16
40538 11
40544 15
40546 18
40547 9
40548 1
40557 18
40558 3
40565 1
40574 18
40575 4
40581 3
40588 17
40590 7
40592 11
40599 11
40606 19
40608 14
40614 5
40621 19
40623 20
40625 18
40626 11
40632 4
40640 16
40642 7
40644 14
40651 5
40657 2
40667 17
40669 17
40671 11
40678 16
40680 15
40682 13
40687 19
40689 20
40691 13
40697 11
40704 18
40705 6
40713 11
40719 11
40726 19
40728 21
40732 3
40738 10
40741 12
40749 18
40750 10
40753 15
40755 21
40759 8
40762 18
40763 13
40768 12
40774 18
40775 13
40780 5
40787 8
40790 11
40796 12
40803 20
40805 3
40812 20
40814 21
40818 1
40828 15
40830 11
40836 19
40838 11
40844 16
40846 12
40853 19
40855 4
40863 15
40865 20
40867 9
40869 20
40871 21
40875 21
40879 2
40889 12
40896 13
40901 11
40908 6
40916 15
40918 20
40920 14
40927 2
40936 12
40943 4
40950 18
40951 12
40959 5
40966 11
40973 20
40975 16
40977 6
40984 18
40985 11
40992 17
40994 19
40996 18
40997 12
41004 14
41009 7
41012 6
41020 21
41024 10
41025 20
41027 12
41034 8
41038 18
41039 18
41040 16
41042 3
41048 15
41050 17
41052 6
41058 12
41066 5
41072 11
41079 11
41085 18
41086 11
41092 8
41095 11
41101 7
41103 18
41104 9
41105 1
41115 6
41122 13
41128 20
41130 10
41131 6
41138 11
41145 4
41153 20
41155 6
41161 13
41166 15
41168 8
41171 5
41177 8
41180 13
41186 12
41192 1
41201 12
41207 4
41215 21
41219 5
41226 8
41229 6
41237 12
41245 17
41247 17
41249 6
41257 11
41264 8
41268 12
41275 18
41276 9
41277 11
41283 8
41286 11
41293 12
41299 2
41309 15
41311 12
41318 4
41324 17
41326 11
41332 4
41339 20
41341 9
41343 3
41349 12
41357 7
41359 11
41365 4
41373 18
41374 7
41376 18
41377 5
41384 11
41390 17
41392 18
41393 12
41400 20
41402 13
41407 20
41409 12
41415 11
41421 3
41427 11
41434 13
41440 3
41447 19
41449 15
41451 11
41458 21
41462 2
41471 14
41478 1
41488 16
41490 12
41498 20
41500 5
41507 11
41514 15
41516 12
41523 4
41530 2
41540 5
41547 6
41554 2
41564 3
41571 9
41573 8
41577 11
41584 11
41590 11
41596 10
41598 3
41605 11
41612 5
41618 13
41623 5
41630 11
41636 1
41645 20
41647 12
41653 8
41656 3
41663 2
41672 11
41679 10
41681 18
41682 15
41684 2
41694 11
41700 12
41706 12
41714 12
41721 20
41723 11
41730 15
41732 14
41737 4
41744 16
41746 18
41747 15
41749 11
41756 6
41762 13
41767 10
41768 20
41770 3
41777 3
41783 11
41789 14
41796 11
41802 17
41804 11
41811 20
41813 5
41819 2
41828 12
41834 18
41835 16
41837 5
41844 1
41854 4
41861 12
41867 10
41868 17
41870 18
41871 12
41879 20
41881 9
41882 11
41888 19
41890 2
41899 12
41905 18
41906 16
41908 4
41915 11
41922 18
41923 8
41926 17
41928 10
41929 14
41934 7
41936 19
41938 18
41939 12
41946 18
41947 2
41957 19
41959 18
41960 1
41970 11
41977 11
41983 9
41984 1
41994 10
41997 18
41998 6
42005 11
42011 19
42013 3
42020 3
42027 17
42029 15
42031 9
42032 19
42034 14
42040 18
42041 15
42043 6
42050 14
42057 12
42064 8
42068 11
42075 16
42077 21
42081 9
42082 1
42091 11
42097 13
42103 9
42105 16
42107 2
42117 12
42125 18
42126 9
42128 14
42134 16
42136 11
42142 1
42152 9
42153 12
42160 8
42163 21
42167 12
42174 11
42180 15
42182 12
42190 8
42194 2
42204 21
42208 5
42214 8
42217 15
42219 11
42225 14
42232 2
42242 10
42245 2
42255 11
42262 13
42268 13
42274 21
42278 6
42285 3
42292 11
42299 7
42301 15
42303 3
42309 9
42311 3
42318 6
42326 16
42328 6
42336 11
42342 11
42349 17
42351 10
42352 12
42359 12
42366 3
42373 11
42379 18
42380 12
42387 21
42391 15
42393 9
42395 21
42399 8
42403 18
42404 16
42406 12
42414 2
42424 2
42433 2
42442 12
42449 18
42450 5
42457 1
42466 21
42470 3
42476 12
42482 11
42489 6
42497 14
42503 18
42504 2
42515 12
42522 12
42530 8
42532 4
42540 19
42542 13
42548 15
42550 18
42551 18
42552 18
42553 9
42554 16
42556 1
42566 18
42567 16
42569 12
42576 5
42582 1
42591 3
42598 12
42605 12
42613 16
42615 11
42622 8
42625 10
42627 11
42633 16
42635 11
42642 15
42644 8
42648 2
42657 21
42661 9
42663 15
42665 20
42667 6
42673 18
42674 17
42676 18
42677 16
42679 12
42686 8
42688 7
42691 8
42695 2
42705 7
42708 20
42710 21
42714 15
42716 12
42723 8
42726 15
42728 5
42735 1
42745 12
42752 11
42758 15
42760 15
42762 12
42769 11
42775 17
42777 12
42783 1
42793 18
42794 12
42800 2
42810 11
42817 17
42819 4
42825 13
42830 13
42835 11
42841 18
42842 14
42849 3
42855 12
42863 14
42869 1
42878 4
42885 14
42891 6
42897 1
42907 18
42908 6
42915 12
42922 16
42924 12
42932 11
42939 11
42946 11
42953 6
42960 15
42962 14
42968 12
42975 15
42977 15
42979 2
42989 7
42991 12
42997 6
43004 11
43011 14
43018 15
43020 21
43024 1
43033 10
43036 2
43045 21
43049 12
43056 2
43065 3
43072 9
43074 10
43075 19
43077 9
43078 11
43085 19
43087 18
43088 17
43090 20
43092 15
43094 19
43096 10
43098 20
43100 11
43107 17
43109 9
43110 17
43112 13
43117 5
43123 3
43129 1
43138 18
43139 15
43141 1
43151 12
43158 18
43159 5
43166 12
43173 6
43180 18
43181 11
43188 11
43194 2
43205 18
43206 12
43212 20
43214 2
43224 14
43230 19
43232 14
43238 1
43248 14
43253 18
43254 3
43260 11
43267 12
43273 14
43279 10
43281 19
43283 13
43289 10
43291 11
43297 11
43303 12
43309 19
43311 13
43317 2
43327 6
43333 8
43336 6
43342 21
43346 12
43352 3
43358 6
43366 13
43371 21
43375 15
43377 1
43386 2
43395 12
43403 11
43410 5
43417 18
43418 12
43426 20
43428 2
43438 4
43446 10
43448 15
43450 18
43451 11
43458 1
43467 13
43472 6
43480 8
43483 13
43489 11
43495 10
43498 5
43504 20
43506 14
43512 12
43519 12
43527 7
43530 20
43532 11
43538 16
43540 3
43547 1
43557 14
43563 13
43568 18
43569 4
43575 4
43582 10
43584 9
43586 3
43592 18
43593 11
43600 11
43607 2
43617 11
43623 8
43625 11
43632 19
43634 11
43641 16
43643 19
43645 10
43648 1
43658 11
43664 13
43670 4
43677 18
43678 2
43688 6
43695 17
43697 6
43704 11
43710 8
43714 17
43716 17
43718 12
43725 2
43735 21
43739 1
43748 20
43750 21
43754 1
43764 1
43773 10
43775 2
43785 5
43792 14
43797 12
43805 7
43807 8
43810 14
43815 5
43822 10
43824 21
43828 20
43830 18
43831 3
43838 11
43844 12
43851 13
43857 18
43858 12
43866 6
43872 21
43876 8
43878 15
43880 1
43890 2
43900 11
43907 2
43916 12
43923 5
43929 18
43930 16
43932 14
43939 18
43940 21
43944 18
43945 10
43947 18
43948 11
43954 18
43955 18
43956 18
43957 2
43968 12
43975 9
43977 3
43984 20
43986 19
43988 20
43990 11
43997 20
43999 15
44001 9
44002 19
44004 4
44011 12
44018 21
44022 2
44032 19
44034 7
44036 4
44042 18
44043 6
44051 15
44053 18
44054 9
44056 15
44058 12
44066 3
44072 17
44074 11
44081 19
44083 5
44090 19
44092 14
44098 2
44108 8
44111 13
44116 18
44117 3
44124 5
44130 15
44132 18
44133 5
44140 20
44142 9
44144 9
44145 18
44146 5
44152 6
44160 14
44166 8
44168 3
44175 7
44178 1
44188 16
44190 12
44198 20
44200 18
44201 12
44208 11
44214 10
44217 8
44219 1
44228 6
44236 10
44238 7
44241 18
44242 12
44248 11
44255 18
44256 18
44257 10
44258 11
44264 12
44270 10
44273 4
44279 14
44285 11
44292 11
44298 13
44303 15
44305 5
44312 20
44314 21
44318 8
44321 10
44323 21
44327 1
44337 11
44343 11
44349 15
44351 6
44357 12
44364 1
44374 15
44376 16
44378 20
44380 20
44382 16
44384 9
44385 15
44387 5
44394 14
44400 12
44407 20
44409 21
44413 1
44423 18
44424 3
44430 12
44438 10
44439 12
44447 11
44453 11
44460 18
44461 1
44471 21
44475 4
44482 12
44489 17
44491 5
44498 12
44504 4
44510 11
44516 5
44522 12
44529 11
44536 11
44542 17
44544 20
44546 18
44547 8
44550 2
44559 4
44567 20
44569 16
44571 16
44573 9
44575 19
44577 13
44582 6
44589 12
44596 18
44597 11
44603 13
44609 8
44612 4
44620 2
44629 10
44631 12
44638 20
44640 11
44647 5
44654 13
44660 4
44668 3
44674 17
44676 16
44678 13
44684 17
44686 8
44689 2
44699 13
44704 17
44706 1
44715 2
44726 10
44727 5
44734 6
44741 9
44742 8
44746 9
44747 20
44749 7
44752 12
44759 10
44762 16
44764 13
44769 21
44773 11
44779 1
44789 12
44797 5
44803 14
44809 16
44811 12
44817 11
44824 20
44826 4
44832 15
44834 5
44840 7
44842 19
44844 9
44846 12
44854 11
44860 7
44862 2
44873 16
44875 13
44880 3
44886 17
44888 12
44895 21
44899 18
44900 11
44906 12
44912 9
44913 5
44919 18
44920 1
44929 10
44931 11
44937 19
44939 2
44948 13
44954 12
44961 11
44968 2
44979 21
44983 4
44990 13
44995 6
45002 14
45008 6
45016 20
45018 10
45019 18
45020 8
45024 6
45031 18
45032 8
45035 10
45037 11
45044 19
45046 20
45048 2
45058 12
45066 12
45073 1
45082 6
45090 12
45098 13
45104 1
45114 18
45115 14
45120 16
45122 8
45125 4
45132 6
45138 7
45140 11
45146 19
45148 10
45149 13
45154 18
45155 11
45162 11
45169 1
45178 11
45185 20
45187 11
45194 12
45201 20
45203 10
45205 7
45208 4
45214 12
45221 15
45223 8
45225 1
45234 11
45241 16
45243 18
45244 18
45245 11
45251 21
45255 10
45258 14
45264 6
45271 21
45275 6
45282 18
45283 4
45290 8
45294 18
45295 13
45300 19
45302 11
45308 10
45311 11
45318 15
45320 14
45327 2
45337 4
45344 20
45346 11
45352 3
45359 6
45365 16
45367 18
45368 1
45378 6
45386 14
45392 4
45398 13
45403 4
45409 2
45419 14
45425 8
45427 11
45433 5
45439 10
45440 5
45446 13
45452 17
45454 16
45456 21
45460 11
45466 11
45472 11
45479 6
45486 20
45488 9
45490 5
45496 12
45504 10
45506 5
45512 1
45522 16
45524 19
45526 14
45533 8
45537 18
45538 14
45545 11
45551 2
45561 17
45563 8
45566 12
45574 1
45583 16
45585 13
45590 13
45596 16
45598 7
45601 14
45608 12
45616 8
45619 4
45626 5
45633 20
45635 9
45636 11
45643 15
45645 18
45646 18
45647 10
45648 8
45652 13
45658 16
45660 8
45662 8
45666 14
45671 11
45677 5
45683 9
45684 12
45692 12
45700 12
45707 6
45713 1
45723 10
45726 20
45728 4
45735 18
45736 13
45741 11
45747 12
45754 17
45756 11
45763 3
45769 11
45776 12
45783 7
45786 11
45792 21
45796 11
45803 21
45807 15
45809 7
45811 12
45818 8
45821 11
45828 11
45835 2
45846 12
45853 18
45854 12
45862 9
45863 17
45865 1
45874 3
45880 7
45882 5
45889 11
45896 20
45898 6
45906 15
45908 8
45910 11
45917 16
45919 15
45921 9
45923 10
45924 2
45934 11
45941 14
45948 8
45952 19
45954 12
45961 16
45963 18
45964 12
45971 4
45978 8
45981 7
45983 7
45985 11
45992 6
45999 21
46003 18
46004 5
46011 3
46017 21
46021 1
46030 11
46036 15
46038 3
46044 17
46046 3
46053 17
46055 10
46056 17
46058 15
46060 1
46069 11
46075 18
46076 21
46080 11
46087 8
46091 13
46097 17
46099 1
46108 17
46110 11
46116 18
46117 17
46119 17
46121 6
46128 11
46135 3
46141 21
46145 21
46149 4
46155 20
46157 14
46164 4
46170 1
46179 11
46186 21
46190 13
46195 21
46199 18
46200 12
46206 17
46208 17
46210 12
46216 6
46224 9
46226 7
46228 7
46230 11
46237 11
46243 20
46245 4
46252 1
46261 1
46270 18
46271 11
46277 17
46279 18
46280 19
46282 13
46287 5
46294 13
46299 1
46309 9
46311 3
46318 6
46324 4
46331 21
46335 11
46342 15
46344 5
46351 6
46359 12
46367 15
46369 17
46371 10
46373 18
46374 7
46376 15
46378 15
46380 20
46382 11
46389 19
46391 15
46393 6
46400 20
46402 18
46403 9
46404 2
46414 8
46418 7
46421 10
46423 11
46429 21
46433 16
46435 20
46437 15
46439 4
46446 13
46451 11
46458 12
46465 1
46475 19
46477 11
46483 12
46491 10
46492 9
46493 12
46500 1
46510 16
46512 16
46514 3
46520 8
46522 20
46524 19
46526 21
46530 12
46537 2
46546 16
46548 9
46550 20
46552 15
46554 4
46561 12
46568 4
46574 12
46582 4
46588 14
46594 14
46601 3
46607 19
46609 21
46613 7
46615 18
46616 9
46617 9
46618 8
46620 12
46627 19
46629 19
46631 18
46632 12
46639 17
46641 19
46643 11
46649 15
46651 7
46654 11
46660 19
46662 3
46668 2
46678 7
46680 17
46682 16
46684 14
46690 3
46696 1
46706 13
46711 14
46716 19
46718 11
46725 1
46735 2
46745 2
46754 8
46756 19
46758 13
46764 8
46767 15
46769 12
46777 9
46778 18
46779 15
46781 1
46791 11
46798 19
46800 18
46801 5
46808 14
46815 14
46821 10
46822 10
46824 21
46828 16
46830 5
46837 16
46839 7
46841 21
46845 16
46847 18
46848 12
46855 9
46857 3
46864 11
46871 2
46881 16
46883 11
46890 11
46896 11
46903 1
46913 8
46916 14
46922 15
46924 18
46925 11
46932 6
46939 4
46946 18
46947 15
