10000
1 7
3 13
9 16
11 1
21 11
28 12
35 20
37 18
38 12
45 15
47 13
52 19
54 5
60 19
62 17
64 4
70 18
71 18
72 5
78 18
79 8
81 4
89 11
96 19
98 19
100 8
102 9
104 11
111 6
118 11
124 17
126 14
132 18
133 8
136 10
139 21
143 9
144 20
146 20
148 4
155 3
162 7
164 18
165 10
167 16
169 10
172 5
179 10
181 10
184 20
186 18
187 17
189 15
191 5
198 11
204 13
209 15
211 18
212 18
213 10
216 16
218 7
221 12
227 13
232 20
234 2
245 18
246 9
248 13
253 15
255 13
260 21
264 12
272 16
274 11
281 11
287 11
294 3
301 16
303 3
309 19
311 13
317 5
324 12
330 5
337 11
343 4
351 16
353 7
355 3
361 21
365 7
367 21
371 21
375 9
376 15
378 2
388 3
394 11
400 16
402 5
409 15
411 11
418 18
419 20
421 12
428 8
431 15
433 11
439 13
444 20
446 5
452 12
459 8
463 13
468 8
471 17
473 4
480 7
483 11
489 8
493 3
499 12
506 12
513 3
520 12
526 2
537 12
545 6
552 21
556 12
564 18
565 11
571 19
573 17
575 18
576 8
579 9
580 19
582 3
588 12
594 8
597 17
599 12
606 1
616 14
621 18
622 21
626 18
627 10
629 20
631 11
638 14
645 16
647 13
653 9
655 11
662 5
669 11
676 13
682 18
683 21
687 20
689 2
699 19
701 16
703 11
710 13
716 11
722 19
724 8
727 3
734 20
736 18
737 10
740 15
742 6
748 11
755 12
761 12
767 6
773 13
779 12
786 11
792 13
798 8
801 11
807 7
809 16
811 13
817 15
819 9
820 13
826 18
827 18
828 11
835 2
845 6
852 20
854 17
856 18
857 14
863 15
865 16
867 16
869 12
876 7
879 11
886 6
893 20
895 12
902 8
905 17
907 16
909 11
916 5
922 9
924 14
929 6
935 2
944 12
952 7
954 13
960 5
967 9
968 12
974 11
981 8
984 19
986 7
989 12
996 16
998 18
999 11
1006 12
1014 11
1020 15
1022 4
1029 14
1035 13
1040 18
1041 16
1043 5
1050 13
1055 15
1057 18
1058 10
1060 12
1067 18
1068 8
1072 11
1078 18
1079 2
1090 17
1092 5
1098 10
1099 11
1106 7
1109 17
1111 21
1115 14
1121 9
1122 11
1129 10
1130 18
1131 19
1133 1
1143 11
1149 21
1153 12
1161 13
1166 12
1172 17
1174 12
1181 20
1183 9
1184 21
1188 3
1195 17
1197 11
1204 17
1206 12
1213 21
1217 18
1218 14
1225 12
1232 15
1234 9
1236 7
1239 9
1240 16
1242 14
1248 3
1255 19
1257 11
1264 12
1270 11
1277 21
1281 11
1288 12
1294 21
1298 3
1305 1
1314 11
1320 15
1322 18
1323 11
1329 1
1339 15
1341 21
1345 14
1350 10
1352 12
1358 6
1365 9
1366 12
1373 7
1375 13
1380 13
1386 3
1392 6
1399 18
1400 5
1407 21
1411 1
1421 3
1427 17
1429 7
1432 10
1433 3
1439 21
1443 11
1450 19
1452 8
1456 11
1462 15
1464 2
1475 16
1477 7
1479 14
1486 3
1492 7
1494 18
1495 8
1497 7
1500 7
1502 12
1509 7
1512 21
1516 11
1522 3
1529 1
1538 3
1544 12
1551 10
1554 15
1556 18
1557 3
1564 15
1566 18
1567 1
1576 8
1580 11
1587 7
1590 10
1593 16
1595 15
1597 8
1600 1
1610 4
1616 16
1618 12
1626 11
1633 10
1634 11
1640 9
1641 16
1643 9
1645 19
1647 2
1656 4
1663 3
1670 11
1676 21
1680 12
1688 18
1689 1
1699 11
1705 5
1711 13
1716 7
1718 10
1720 12
1728 8
1731 9
1732 2
1742 11
1748 12
1755 10
1758 7
1760 14
1766 17
1768 6
1775 4
1782 4
1789 15
1791 10
1793 11
1800 2
1811 5
1817 11
1824 17
1826 9
1828 8
1831 16
1833 4
1840 6
1846 12
1853 12
1861 13
1866 17
1868 10
1871 13
1877 5
1883 11
1890 18
1891 11
1897 12
1904 13
1910 12
1917 5
1924 11
1931 9
1932 11
1938 15
1940 20
1942 6
1948 11
1954 15
1956 13
1962 17
1964 7
1966 1
1975 15
1977 6
1983 9
1985 3
1991 16
1993 14
1999 12
2007 11
2013 10
2015 15
2017 21
2021 12
2028 11
2034 1
2043 12
2050 13
2056 15
2058 20
2060 17
2062 11
2069 2
2079 14
2084 8
2086 7
2088 7
2091 11
2097 5
2103 16
2105 11
2111 20
2113 4
2119 14
2126 18
2127 15
2129 5
2135 3
2141 18
2142 12
2150 14
2157 15
2159 18
2160 15
2162 3
2169 12
2176 11
2183 10
2184 9
2186 17
2188 17
2190 14
2196 9
2198 11
2204 15
2206 3
2212 7
2215 7
2218 18
2219 19
2221 18
2222 4
2228 6
2236 9
2237 12
2244 12
2252 19
2254 19
2256 16
2258 11
2265 3
2271 9
2273 4
2279 6
2287 3
2293 19
2295 4
2302 12
2308 12
2315 12
2321 12
2329 11
2335 6
2341 16
2343 15
2345 14
2350 13
2355 11
2362 3
2369 11
2376 11
2382 14
2387 21
2391 15
2393 12
2401 2
2412 18
2413 15
2415 9
2417 5
2424 1
2434 9
2435 18
2436 20
2438 18
2439 1
2448 18
2449 8
2453 12
2460 17
2462 18
2463 13
2468 13
2473 9
2474 11
2481 2
2492 1
2502 21
2506 11
2513 3
2520 4
2528 20
2530 12
2536 3
2543 1
2553 11
2560 4
2568 11
2575 12
2582 6
2590 18
2591 11
2597 21
2601 2
2610 18
2611 4
2618 6
2624 11
2630 19
2632 11
2638 12
2644 11
2650 12
2657 12
2663 2
2673 10
2674 10
2676 14
2682 1
2691 6
2698 7
2700 11
2707 1
2717 18
2718 10
2721 5
2728 10
2730 17
2732 16
2734 12
2740 7
2742 2
2752 3
2759 18
2760 4
2767 7
2770 18
2771 21
2775 12
2783 20
2785 11
2792 12
2799 11
2806 19
2808 11
2814 19
2816 7
2819 6
2827 2
2837 15
2839 10
2842 14
2848 20
2850 21
2854 17
2856 12
2863 11
2870 10
2873 7
2876 12
2882 12
2890 17
2892 15
2894 17
2896 4
2902 8
2904 18
2905 3
2912 6
2920 3
2927 3
2933 17
2935 12
2943 21
2947 5
2954 10
2956 5
2962 7
2965 15
2967 12
2975 11
2981 18
2982 11
2989 12
2995 5
3002 20
3004 16
3006 11
3013 2
3023 11
3030 16
3032 15
3034 12
3042 4
3050 5
3056 11
3063 21
3067 2
3076 20
3078 15
3080 18
3081 12
3087 18
3088 15
3090 6
3097 10
3099 18
3100 15
3102 5
3109 12
3115 3
3122 12
3128 14
3133 1
3142 3
3149 6
3157 16
3159 20
3161 8
3164 1
3173 8
3176 15
3178 3
3184 18
3185 2
3195 2
3206 11
3212 12
3219 21
3223 18
3224 21
3228 12
3234 14
3240 7
3243 16
3245 8
3247 16
3249 14
3255 17
3257 13
3262 13
3267 12
3273 3
3280 9
3281 4
3288 19
3290 19
3292 16
3294 15
3296 19
3298 18
3299 15
3301 6
3307 3
3313 6
3319 8
3322 10
3324 14
3330 18
3331 14
3337 4
3345 13
3350 1
3359 18
3360 15
3362 8
3365 13
3371 19
3373 14
3379 12
3385 4
3392 3
3398 4
3405 20
3407 14
3414 21
3418 12
3426 10
3428 12
3434 15
3436 5
3442 9
3443 21
3447 21
3451 11
3458 4
3464 9
3466 7
3469 15
3471 12
3478 12
3484 9
3486 10
3488 16
3490 8
3493 12
3500 4
3506 17
3508 3
3514 4
3520 20
3522 11
3529 12
3535 10
3538 11
3544 21
3548 15
3550 13
3555 10
3556 16
3558 5
3564 4
3570 11
3577 21
3581 12
3589 8
3591 18
3592 10
3594 12
3601 1
3610 6
3617 18
3618 13
3624 2
3634 13
3639 18
3640 20
3642 3
3648 21
3652 2
3661 12
3669 17
3671 2
3682 12
3689 1
3699 9
3700 3
3707 2
3716 18
3717 3
3723 18
3724 6
3730 18
3731 11
3738 11
3745 8
3748 2
3758 11
3765 5
3772 6
3779 4
3785 12
3792 15
3794 11
3801 3
3808 2
3819 4
3827 16
3829 1
3838 11
3844 18
3845 11
3851 9
3853 7
3855 15
3857 3
3863 17
3865 9
3866 13
3871 9
3873 20
3875 13
3880 6
3888 10
3890 17
3892 11
3899 2
3910 19
3912 21
3916 12
3923 16
3925 7
3927 8
3930 12
3937 12
3944 3
3951 12
3959 13
3964 6
3972 2
3982 12
3990 2
4000 19
4002 18
4003 13
4009 2
4019 8
4022 6
4028 12
4035 18
4036 9
4038 18
4039 7
4042 5
4048 12
4055 7
4058 8
4062 11
4069 11
4076 7
4078 16
4080 21
4084 2
4094 14
4099 5
4105 11
4111 7
4113 11
4119 5
4125 20
4127 2
4136 20
4138 19
4140 12
4148 1
4157 6
4165 14
4172 14
4178 11
4185 18
4186 17
4188 12
4194 12
4201 19
4203 17
4205 4
4213 14
4219 12
4226 1
4236 2
4245 11
4252 12
4258 9
4259 8
4263 10
4265 11
4272 15
4274 18
4275 7
4277 21
4281 11
4287 3
4293 8
4297 14
4302 11
4308 18
4309 13
4314 12
4322 3
4328 16
4330 15
4332 6
4340 12
4348 21
4352 20
4354 7
4357 2
4368 12
4374 4
4380 6
4388 16
4390 12
4397 4
4405 11
4412 17
4414 15
4416 14
4423 5
4429 19
4431 4
4439 3
4446 19
4448 1
4458 13
4463 17
4465 11
4471 16
4473 20
4475 11
4481 13
4487 5
4494 18
4495 7
4497 4
4504 4
4510 15
4512 21
4516 7
4518 12
4526 11
4532 21
4536 2
4546 16
4548 20
4550 20
4552 1
4561 18
4562 13
4567 11
4574 14
4580 18
4581 20
4583 8
4587 12
4594 7
4597 3
4604 11
4610 21
4614 3
4620 10
4622 10
4624 14
4631 17
4633 15
4635 15
4637 8
4640 5
4647 8
4650 18
4651 15
4653 12
4660 11
4666 14
4671 1
4680 13
4686 9
4687 21
4691 18
4692 15
4694 17
4696 15
4698 21
4702 10
4704 20
4706 10
4708 19
4710 21
4714 12
4720 9
4721 10
4723 21
4727 8
4730 8
4733 12
4739 19
4741 13
4747 18
4748 5
4754 9
4755 12
4762 11
4768 15
4770 3
4777 12
4785 19
4787 16
4789 17
4791 15
4793 13
4799 12
4805 21
4809 12
4816 20
4818 13
4824 13
4829 6
4836 12
4844 9
4846 4
4853 17
4855 21
4859 20
4861 21
4865 1
4874 21
4878 21
4882 10
4885 18
4886 18
4887 21
4891 3
4898 5
4905 12
4911 7
4914 11
4920 6
4927 21
4931 21
4935 12
4943 18
4944 12
4952 10
4954 12
4961 20
4963 4
4970 12
4977 12
4985 7
4988 12
4994 3
5001 11
5007 13
5012 11
5019 21
5023 2
5034 20
5036 16
5038 6
5045 6
5051 2
5061 12
5068 11
5074 9
5076 15
5078 6
5084 8
5087 10
5089 14
5096 12
5103 9
5105 8
5108 15
5110 8
5113 19
5115 15
5117 19
5119 4
5127 9
5129 11
5135 10
5136 11
5142 18
5143 12
5149 6
5156 19
5158 10
5160 8
5163 15
5165 1
5175 11
5181 7
5183 15
5185 18
5186 8
5188 13
5194 20
5196 19
5198 16
5200 12
5207 17
5209 12
5216 1
5226 5
5232 13
5237 12
5243 11
5250 4
5257 5
5263 11
5269 14
5275 4
5281 11
5288 12
5296 2
5307 16
5309 10
5312 21
5316 9
5317 13
5322 19
5324 15
5326 11
5333 16
5335 12
5341 20
5343 11
5350 5
5357 17
5359 9
5361 12
5367 5
5373 5
5380 11
5387 11
5393 18
5394 8
5397 11
5404 11
5410 3
5416 19
5418 6
5425 13
5431 8
5435 11
5441 16
5443 3
5450 20
5452 10
5454 12
5461 9
5463 18
5464 12
5470 12
5477 12
5485 7
5487 4
5495 11
5501 15
5503 9
5504 15
5506 9
5508 15
5510 9
5512 9
5514 8
5517 2
5526 1
5535 14
5542 8
5544 4
5552 14
5559 21
5563 2
5573 13
5579 12
5586 18
5587 1
5596 15
5598 20
5600 12
5607 6
5614 8
5617 18
5618 17
5620 9
5621 6
5628 11
5635 11
5642 12
5649 5
5656 20
5658 5
5664 16
5666 6
5672 13
5678 13
5684 14
5690 13
5696 21
5700 12
5708 17
5710 15
5712 12
5719 2
5728 11
5735 21
5739 20
5741 6
5748 18
5749 11
5755 11
5761 1
5770 11
5776 19
5778 14
5784 18
5785 9
5787 9
5789 20
5791 1
5800 14
5806 1
5815 8
5819 11
5826 14
5833 20
5835 13
5840 11
5847 10
5850 5
5857 15
5859 14
5865 10
5866 17
5868 16
5870 12
5877 5
5883 15
5885 12
5891 18
5892 4
5899 16
5901 12
5907 18
5908 1
5918 1
5927 9
5928 11
5934 18
5935 18
5936 21
5940 7
5943 10
5945 18
5946 6
5953 20
5955 7
5958 18
5959 2
5969 3
5975 19
5977 20
5979 16
5981 10
5983 5
5989 3
5995 18
5996 11
6002 11
6009 17
6011 1
6021 11
6028 21
6032 15
6034 4
6041 1
6051 6
6058 17
6060 9
6061 18
6062 11
6069 7
6072 4
6080 3
6086 11
6092 21
6096 4
6103 5
6109 1
6118 17
6120 17
6122 8
6125 11
6132 11
6139 5
6146 12
6153 12
6159 4
6165 5
6171 15
6173 6
6181 10
6183 3
6190 8
6193 18
6194 6
6202 11
6208 11
6214 13
6220 19
6222 11
6229 15
6231 7
6233 5
6240 13
6245 4
6253 12
6259 11
6266 9
6267 18
6268 8
6272 15
6274 12
6280 9
6281 18
6282 9
6283 11
6289 18
6290 12
6296 3
6302 15
6304 9
6306 19
6308 6
6315 12
6322 12
6329 1
6338 12
6344 12
6351 14
6357 10
6359 16
6361 8
6365 8
6368 3
6374 7
6376 4
6382 11
6389 1
6398 1
6408 2
6417 10
6420 6
6428 1
6437 18
6438 1
6448 6
6455 13
6461 11
6468 2
6477 9
6479 6
6486 11
6493 6
6499 12
6507 7
6509 16
6511 6
6519 2
6530 19
6532 2
6543 10
6545 18
6546 5
6553 21
6557 9
6559 11
6565 19
6567 21
6571 16
6573 9
6574 12
6580 14
6585 20
6587 10
6590 15
6592 15
6594 7
6597 12
6604 18
6605 12
6612 10
6615 3
6621 1
6631 12
6638 18
6639 7
6642 5
6649 6
6656 17
6658 13
6664 8
6666 7
6669 11
6676 17
6678 8
6681 6
6688 11
6694 11
6700 11
6707 1
6717 20
6719 19
6721 18
6722 11
6728 2
6739 13
6745 2
6755 21
6759 11
6766 11
6772 5
6779 3
6785 10
6786 8
6789 18
6790 12
6796 11
6802 9
6804 10
6806 18
6807 18
6808 11
6815 10
6817 16
6819 15
6821 21
6825 12
6831 11
6838 2
6848 9
6850 5
6857 6
6864 2
6874 7
6877 7
6880 12
6888 4
6896 18
6897 3
6903 3
6910 11
6916 2
6925 6
6932 18
6933 7
6935 18
6936 17
6938 12
6945 13
6950 18
6951 8
6954 2
6965 2
6976 21
6980 19
6982 12
6989 12
6995 18
6996 4
7004 20
7006 18
7007 11
7013 16
7015 12
7022 15
7024 6
7031 4
7038 14
7044 5
7051 2
7060 20
7062 11
7069 15
7071 20
7073 12
7079 7
7082 15
7084 18
7085 5
7091 21
7095 15
7097 14
7102 19
7104 18
7105 3
7112 8
7115 4
7122 10
7124 4
7132 4
7139 17
7141 11
7147 12
7154 16
7156 11
7163 17
7165 15
7167 3
7174 1
7183 8
7187 15
7189 12
7196 12
7203 10
7205 6
7213 11
7220 10
7221 1
7231 6
7238 16
7240 18
7241 21
7245 11
7252 11
7259 18
7260 3
7266 13
7272 12
7280 4
7287 1
7297 1
7306 9
7308 2
7317 11
7324 11
7330 4
7337 3
7344 10
7345 20
7347 11
7353 3
7360 12
7367 11
7374 11
7381 5
7387 15
7389 8
7391 11
7397 5
7403 21
7407 11
7413 4
7419 10
7421 8
7424 12
7430 21
7434 7
7437 13
7442 19
7444 18
7445 13
7450 18
7451 2
7461 13
7467 11
7474 15
7476 12
7483 11
7489 13
7494 14
7500 14
7506 5
7512 2
7523 2
7533 1
7543 20
7545 20
7547 11
7553 2
7563 15
7565 10
7566 11
7573 8
7576 20
7578 21
7582 19
7584 18
7585 8
7588 6
7595 12
7603 4
7611 10
7613 9
7614 18
7615 7
7617 19
7619 13
7625 2
7635 6
7641 10
7642 18
7643 6
7650 6
7658 6
7665 12
7673 13
7678 8
7681 18
7682 21
7686 2
7696 7
7699 6
7707 11
7714 10
7716 14
7721 16
7723 6
7730 20
7732 11
7738 1
7747 1
7756 16
7758 15
7760 12
7767 18
7768 16
7770 18
7771 12
7777 19
7779 18
7780 15
7782 11
7788 10
7789 9
7791 19
7793 8
7796 13
7801 12
7809 6
7817 3
7824 11
7830 14
7836 6
7844 11
7851 2
7861 13
7866 4
7874 11
7881 10
7883 12
7889 18
7890 21
7894 20
7896 2
7907 2
7917 8
7921 3
7928 2
7938 14
7943 8
7946 19
7948 12
7954 18
7955 8
7959 9
7961 18
7962 2
7971 15
7973 8
7977 5
7983 7
7986 12
7994 11
8000 17
8002 6
8009 20
8011 14
8017 12
8024 18
8025 11
8031 9
8032 16
8034 7
8036 2
8046 12
8054 12
8061 12
8068 8
8072 11
8078 18
8079 11
8085 9
8086 20
8088 11
8095 20
8097 12
8103 19
8105 1
8114 8
8117 9
8118 6
8126 8
8130 8
8134 15
8136 12
8143 19
8145 8
8148 18
8149 10
8151 17
8153 19
8155 11
8161 12
8168 3
8175 4
8182 4
8189 20
8191 2
8200 18
8201 21
8205 11
8211 3
8217 19
8219 12
8227 2
8238 8
8242 12
8250 19
8252 16
8254 7
8257 8
8260 8
8262 17
8264 19
8266 11
8273 5
8279 7
8282 20
8284 18
8285 3
8292 15
8294 12
8302 18
8303 17
8305 20
8307 4
8314 20
8316 19
8318 15
8320 19
8322 10
8325 6
8332 11
8338 18
8339 16
8341 2
8351 14
8356 18
8357 5
8364 4
8372 5
8378 17
8380 12
8388 14
8394 10
8395 12
8403 11
8410 11
8416 21
8420 11
8427 6
8433 16
8435 7
8437 8
8441 7
8444 5
8451 18
8452 12
8459 17
8461 15
8463 8
8465 9
8466 11
8472 21
8476 16
8478 19
8480 12
8487 1
8497 4
8503 10
8505 17
8507 10
8509 2
8518 9
8520 1
8530 9
8532 20
8534 12
8541 11
8547 2
8557 13
8562 13
8568 12
8576 15
8578 11
8585 4
8593 10
8595 14
8600 13
8605 2
8615 18
8616 3
8623 15
8625 20
8627 21
8631 2
8641 8
8644 9
8646 1
8655 7
8657 12
8665 4
8672 11
8678 1
8687 12
8695 17
8697 4
8705 19
8707 18
8708 6
8715 15
8717 6
8724 5
8731 13
8737 3
8744 6
8750 11
8756 5
8762 3
8769 11
8776 15
8778 13
8783 20
8785 16
8787 2
8798 3
8805 2
8814 9
8816 5
8823 11
8829 12
8836 14
8842 7
8845 7
8848 15
8850 1
8860 17
8862 18
8863 13
8869 5
8875 18
8876 17
8878 7
8881 18
8882 11
8888 2
8899 10
8901 7
8904 17
8906 12
8913 11
8920 20
8922 7
8925 16
8927 16
8929 14
8935 10
8937 11
8944 14
8950 12
8957 10
8959 5
8965 11
8972 12
8979 12
8985 14
8990 2
9001 21
9005 18
9006 18
9007 17
9009 18
9010 4
9016 11
9022 5
9028 7
9030 6
9038 16
9040 5
9046 11
9053 21
9057 17
9059 11
9066 6
9073 17
9075 1
9085 9
9087 12
9094 21
9098 6
9106 10
9108 4
9116 15
9118 16
9120 14
9125 11
9131 1
9140 18
9141 11
9147 13
9153 7
9155 9
9157 11
9163 2
9173 17
9175 16
9177 8
9180 11
9186 15
9188 20
9190 21
9194 8
9197 11
9204 12
9211 9
9213 18
9214 9
9216 13
9222 19
9224 2
9235 1
9245 11
9251 2
9261 3
9267 20
9269 18
9270 12
9278 11
9284 2
9295 1
9304 17
9306 11
9312 1
9321 12
9327 8
9331 11
9337 21
9341 18
9342 20
9344 19
9346 11
9353 17
9355 6
9362 5
9369 12
9376 2
9386 13
9392 16
9394 6
9401 6
9407 1
9416 3
9423 2
9432 14
9438 5
9444 5
9451 10
9453 21
9457 2
9467 16
9469 11
9475 2
9485 11
9492 11
9499 2
9508 11
9515 12
9522 9
9524 2
9535 1
9545 2
9555 10
9557 21
9561 21
9565 7
9568 14
9574 13
9580 16
9582 10
9584 10
9587 12
9594 18
9595 5
9602 14
9608 11
9614 12
9621 3
9627 16
9629 9
9631 17
9633 1
9643 7
9645 10
9647 20
9649 11
9655 1
9664 15
9666 6
9673 15
9675 15
9677 4
9684 12
9692 5
9698 20
9700 12
9706 8
9709 15
9711 2
9722 2
9731 6
9739 2
9749 5
9755 8
9758 4
9766 17
9768 14
9773 11
9780 3
9787 11
9793 12
9799 18
9800 15
9802 8
9806 9
9808 18
9809 9
9810 4
9816 11
9823 12
9829 15
9831 7
9834 13
9840 7
9843 19
9845 14
9851 4
9858 11
9865 9
9866 12
9873 16
9875 5
9881 12
9888 20
9890 11
9896 19
9898 11
9904 9
9906 8
9909 17
9911 4
9917 11
9923 11
9930 3
9937 12
9943 20
9945 9
9946 11
9953 18
9954 5
9961 18
9962 19
9964 6
9971 20
9973 2
9983 17
9985 18
9986 19
9988 21
9992 16
9994 19
9996 9
9998 18
9999 8
10001 19
10003 17
10005 7
10007 7
10009 10
10010 11
10016 3
10023 1
10033 18
10034 18
10035 11
10041 3
10047 3
10054 18
10055 11
10061 16
10063 11
10070 12
10077 11
10083 15
10085 18
10086 5
10092 15
10094 7
10096 15
10098 12
10104 16
10106 6
10114 11
10120 12
10127 2
10137 13
10142 19
10144 5
10150 7
10152 7
10154 2
10164 12
10171 17
10173 5
10179 11
10185 13
10190 13
10195 21
10199 7
10201 11
10207 5
10213 16
10215 19
10217 7
10220 13
10225 11
10231 13
10237 20
10239 12
10246 5
10252 16
10254 10
10256 18
10257 2
10266 6
10273 8
10276 18
10277 20
10279 12
10286 13
10292 19
10294 18
10295 6
10301 18
10302 20
10304 3
10310 6
10316 19
10318 2
10328 12
10335 3
10342 12
10348 12
10356 6
10363 2
10373 12
10380 18
10381 4
10387 8
10390 5
10397 18
10398 10
10399 6
10406 9
10407 10
10409 11
10415 19
10417 2
10427 1
10437 18
10438 12
10444 6
10450 6
10456 8
10458 10
10460 12
10467 8
10470 12
10478 20
10480 7
10483 8
10486 11
10492 2
10502 5
10509 9
10510 12
10518 6
10525 18
10526 1
10536 11
10542 18
10543 19
10545 5
10551 17
10553 11
10560 13
10566 6
10573 12
10581 10
10583 3
10589 18
10590 16
10592 4
10599 11
10606 6
10614 5
10621 7
10624 12
10632 12
10640 11
10647 19
10649 12
10655 19
10657 15
10659 9
10661 11
10668 11
10674 16
10676 5
10683 11
10689 17
10691 11
10697 2
10706 4
10713 17
10715 20
10717 20
10719 18
10720 7
10723 6
10729 18
10730 19
10732 15
10734 13
10740 11
10746 15
10748 18
10749 15
10751 13
10756 17
10758 1
10768 3
10775 3
10782 1
10791 18
10792 10
10793 1
10802 11
10808 20
10810 6
10817 17
10819 15
10821 12
10828 20
10830 11
10837 5
10843 5
10850 14
10857 19
10859 4
10865 1
10874 11
10881 5
10887 12
10895 12
10902 19
10904 6
10912 15
10914 18
10915 10
10917 20
10919 12
10927 15
10929 9
10931 21
10935 9
10936 12
10943 7
10945 5
10952 12
10959 17
10961 20
10963 12
10969 14
10975 12
10983 7
10986 21
10990 12
10996 12
11002 11
11009 20
11011 6
11018 17
11020 16
11022 4
11028 21
11032 1
11041 17
11043 4
11050 20
11052 7
11055 15
11057 13
11063 19
11065 6
11072 12
11079 7
11082 6
11089 8
11092 11
11099 15
11101 7
11104 12
11111 6
11118 11
11125 6
11132 21
11136 8
11140 12
11148 18
11149 21
11153 6
11160 11
11167 19
11169 18
11170 12
11177 18
11178 7
11180 19
11182 13
11187 11
11193 12
11199 9
11200 21
11204 6
11212 9
11213 13
11218 6
11225 18
11226 4
11232 11
11239 19
11241 11
11248 12
11256 11
11263 13
11268 21
11272 8
11275 18
11276 18
11277 20
11279 8
11283 15
11285 13
11291 15
11293 15
11295 11
11302 20
11304 9
11305 10
11308 10
11309 11
11316 16
11318 12
11325 21
11329 21
11333 11
11339 9
11340 16
11342 15
11344 11
11351 4
11358 11
11365 10
11367 17
11369 11
11375 15
11377 15
11379 11
11385 7
11387 8
11390 19
11392 5
11398 3
11404 7
11407 11
11414 11
11420 18
11421 16
11423 16
11425 11
11432 1
11442 12
11448 2
11458 21
11462 13
11468 11
11474 20
11476 16
11478 1
11487 3
11493 12
11500 9
11501 11
11508 20
11510 14
11516 13
11521 11
11527 12
11535 12
11543 7
11545 4
11552 13
11557 21
11561 14
11567 12
11574 10
11576 12
11583 6
11591 7
11594 16
11596 19
11598 6
11606 2
11616 10
11618 11
11625 11
11632 16
11634 12
11641 10
11644 19
11646 12
11654 17
11656 19
11658 11
11665 15
11667 12
11674 17
11676 18
11677 20
11679 1
11688 13
11693 20
11695 10
11698 3
11705 2
11715 19
11717 4
11724 13
11730 5
11737 21
11741 11
11747 15
11749 8
11752 7
11754 20
11756 9
11757 5
11764 18
11765 11
11771 7
11773 9
11775 7
11777 11
11783 8
11787 1
11797 11
11803 4
11810 7
11813 18
11814 21
11818 3
11825 2
11836 3
11843 10
11846 9
11848 7
11850 1
11860 6
11868 7
11870 1
11879 3
11886 2
11896 9
11897 9
11898 8
11902 12
11910 9
11911 11
11918 9
11919 5
11926 12
11933 3
11939 3
11946 17
11948 14
11955 18
11956 11
11962 9
11963 18
11964 9
11966 5
11973 10
11975 15
11977 18
11978 17
11980 11
11987 6
11995 11
12001 12
12007 21
12011 16
12013 11
12020 18
12021 9
12022 15
12024 9
12025 9
12027 6
12034 3
12040 13
12045 17
12047 18
12048 5
12055 14
12061 11
12067 13
12072 4
12079 12
12087 14
12094 1
12104 8
12106 14
12111 3
12118 18
12119 18
12120 12
12127 11
12134 20
12136 12
12144 10
12145 16
12147 11
12154 1
12164 12
12171 21
12175 15
12177 21
12181 9
12183 6
12189 18
12190 12
12198 11
12205 17
12207 11
12213 11
12220 15
12222 5
12228 8
12230 13
12235 19
12237 21
12241 14
12246 9
12247 8
12250 8
12253 11
12260 1
12270 15
12272 11
12278 6
12284 3
12290 20
12292 15
12294 5
12300 2
12310 19
12312 5
12318 14
12325 10
12326 19
12328 2
12338 11
12345 4
12352 10
12355 12
12363 4
12370 13
12376 4
12383 18
12384 16
12386 18
12387 7
12390 3
12396 20
12398 11
12404 6
12411 7
12414 3
12421 11
12428 11
12434 6
12441 5
12448 2
12459 20
12461 17
12463 4
12470 9
12472 3
12479 21
12483 18
12484 5
12490 1
12499 9
12500 7
12502 11
12509 8
12512 15
12514 11
12521 19
12523 18
12524 2
12535 15
12537 18
12538 20
12540 3
12546 18
12547 8
12550 11
12557 15
12559 7
12562 1
12572 12
12578 11
12584 12
12591 15
12593 15
12595 11
12601 18
12602 18
12603 20
12605 14
12612 15
12614 15
12616 19
12618 9
12620 18
12621 7
12624 10
12626 8
12628 18
12629 4
12635 4
12643 12
12651 20
12653 5
12659 20
12661 18
12662 17
12664 3
12670 6
12678 2
12689 6
12695 11
12702 15
12704 14
12710 1
12720 12
12726 18
12727 20
12729 13
12735 20
12737 8
12740 11
12747 16
12749 2
12758 21
12762 19
12764 20
12766 3
12772 7
12774 7
12776 18
12777 15
12779 5
12786 7
12789 4
12795 18
12796 11
12803 18
12804 15
12806 4
12814 3
12821 7
12824 19
12826 8
12828 14
12833 11
12839 6
12846 11
12853 21
12857 11
12864 15
12866 18
12867 7
12869 11
12875 19
12877 6
12884 13
12890 18
12891 14
12896 14
12901 5
12908 11
12915 15
12917 14
12923 18
12924 20
12926 7
12928 8
12930 21
12934 14
12939 11
12945 11
12951 12
12958 12
12965 6
12972 17
12974 19
12976 21
12980 5
12986 5
12992 19
12994 3
13000 5
13006 14
13013 9
13015 12
13022 7
13025 6
13033 3
13040 19
13042 5
13049 12
13055 6
13062 18
13063 2
13074 9
13075 9
13076 4
13083 11
13089 20
13091 15
13093 6
13101 14
13108 15
13110 12
13118 3
13125 14
13132 1
13141 13
13147 6
13155 20
13157 11
13163 1
13172 5
13178 20
13180 16
13182 14
13187 18
13188 17
13190 12
13196 11
13202 12
13209 10
13210 20
13212 7
13214 21
13218 2
13227 11
13234 21
13238 21
13242 11
13249 16
13251 11
13257 10
13259 14
13265 1
13274 12
13281 15
13283 20
13285 6
13292 5
13299 12
13306 12
13313 10
13315 14
13322 11
13329 5
13335 1
13344 19
13346 19
13348 10
13349 11
13356 3
13363 17
13365 12
13372 15
13374 14
13380 11
13386 17
13388 19
13390 15
13392 12
13399 12
13405 12
13412 1
13422 18
13423 6
13429 12
13436 12
13444 20
13446 3
13453 4
13460 6
13466 19
13468 2
13477 15
13479 5
13485 4
13491 14
13497 18
13498 11
13504 5
13511 5
13517 11
13524 10
13527 11
13534 2
13544 11
13551 8
13554 9
13555 13
13561 6
13568 15
13570 5
13576 11
13582 11
13588 6
13595 11
13602 12
13610 9
13611 13
13617 8
13621 8
13623 10
13625 21
13629 1
13639 7
13641 5
13647 14
13653 10
13655 3
13662 15
13664 16
13666 12
13672 19
13674 6
13682 10
13684 10
13686 5
13692 11
13698 18
13699 7
13702 16
13704 3
13710 14
13716 18
13717 8
13720 11
13726 5
13733 20
13735 21
13739 14
13746 3
13752 8
13755 17
13757 13
13762 5
13769 12
13777 18
13778 6
13784 1
13794 21
13798 4
13805 4
13813 21
13817 14
13823 2
13832 13
13837 5
13844 2
13855 18
13856 20
13858 20
13860 3
13866 11
13873 7
13876 11
13882 18
13883 16
13885 8
13888 12
13895 15
13897 2
13908 3
13914 6
13921 3
13927 18
13928 21
13932 16
13934 2
13944 20
13946 19
13948 14
13955 10
13957 20
13959 11
13965 12
13972 4
13978 16
13980 11
13986 14
13992 1
14002 16
14004 1
14013 7
14015 16
14017 11
14023 10
14024 20
14026 4
14034 18
14035 6
14042 11
14049 9
14050 2
14060 11
14067 9
14069 9
14070 18
14071 12
14078 11
14084 14
14090 7
14093 3
14099 9
14100 11
14107 20
14109 6
14117 5
14123 11
14130 18
14131 15
14133 8
14136 5
14143 4
14149 5
14156 6
14162 6
14169 18
14170 8
14173 3
14179 11
14186 1
14196 13
14202 10
14204 11
14211 19
14213 14
14218 8
14220 11
14226 9
14227 11
14234 12
14241 12
14248 16
14250 2
14259 4
14266 11
14272 17
14274 21
14278 11
14284 13
14289 19
14291 2
14301 11
14308 15
14310 18
14311 19
14313 15
14315 12
14322 5
14328 2
14337 11
14344 15
14346 11
14353 8
14356 18
14357 6
14363 14
14369 5
14376 12
14384 11
14390 1
14399 18
14400 12
14407 20
14409 15
14411 10
14414 6
14422 5
14429 4
14435 1
14445 17
14447 13
14452 11
14459 5
14466 15
14468 17
14470 1
14479 13
14484 9
14485 12
14492 19
14494 7
14497 14
14504 17
14506 19
14508 13
14514 19
14516 18
14517 13
14522 11
14528 8
14530 4
14537 5
14543 17
14545 14
14551 11
14557 3
14563 12
14570 21
14574 4
14580 18
14581 7
14584 6
14590 18
14591 10
14592 11
14599 4
14607 12
14614 5
14621 12
14629 20
14631 8
14635 15
14637 9
14638 21
14642 16
14644 20
14646 11
14653 16
14655 7
14657 19
14659 15
14661 16
14663 14
14670 12
14678 11
14685 12
14692 1
14702 19
14704 11
14711 18
14712 18
14713 21
14717 11
14723 1
14732 13
14738 12
14744 13
14750 2
14759 14
14766 11
14772 2
14782 14
14787 8
14791 12
14798 15
14800 8
14803 16
14805 17
14807 18
14808 20
14810 2
14820 12
14827 13
14833 5
14840 18
14841 14
14847 15
14849 7
14851 13
14857 21
14861 6
14868 3
14874 14
14880 3
14887 11
14893 9
14894 11
14901 21
14905 12
14913 15
14915 18
14916 12
14923 18
14924 14
14929 12
14935 11
14941 20
14943 1
14952 11
14958 19
14960 17
14962 11
14969 9
14971 9
14973 14
14979 18
14980 7
14982 19
14984 11
14991 19
14993 11
15000 15
15002 4
15009 9
15011 18
15012 16
15014 1
15024 13
15030 16
15032 19
15034 16
15036 9
15038 15
15040 12
15046 5
15052 11
15059 18
15060 13
15065 17
15067 6
15074 12
15082 4
15089 15
15091 16
15093 11
15100 12
15108 12
15114 16
15116 14
15121 1
15130 21
15134 16
15136 18
15137 19
15139 11
15146 7
15149 5
15156 3
15162 19
15164 18
15165 12
15173 11
15179 12
15187 16
15189 17
15191 8
15195 7
15198 11
15204 11
15210 18
15211 11
15218 1
15227 2
15237 18
15238 11
15244 6
15251 2
15261 12
15268 13
15274 18
15275 9
15276 10
15279 15
15281 9
15282 10
15285 15
15287 17
15289 11
15295 9
15296 18
15297 12
15305 13
15310 18
15311 14
15318 20
15320 15
15322 18
15323 6
15329 11
15336 15
15338 12
15345 18
15346 2
15356 11
15363 7
15365 19
15367 6
15375 18
15376 15
15378 8
15381 1
15391 12
15398 18
15399 12
15407 6
15414 12
15422 1
15431 10
15433 8
15435 9
15436 11
15442 8
15444 2
15453 14
15459 2
15469 4
15475 12
15481 12
15488 20
15490 4
15496 1
15505 5
15512 5
15519 16
15521 9
15522 17
15524 18
15525 11
15531 9
15533 17
15535 10
15537 8
15540 5
15546 10
15548 20
15550 10
15551 11
15557 21
15561 3
15568 11
15574 12
15581 2
15591 16
15593 21
15597 1
15606 17
15608 5
15614 2
15624 11
15630 20
15632 11
15639 10
15641 2
15650 7
15652 1
15661 4
15667 14
15673 10
15674 11
15681 18
15682 11
15688 13
15694 13
15699 11
15706 21
15710 15
15712 8
15714 11
15721 11
15727 9
15729 13
15734 11
15741 11
15748 17
15750 20
15752 8
15755 18
15756 3
15763 15
15765 15
15767 10
15768 13
15774 12
15780 11
15786 4
15793 6
15800 9
15801 12
15808 12
15815 11
15821 11
15827 12
15834 21
15838 11
15845 13
15850 4
15856 5
15862 12
15870 20
15872 10
15875 21
15879 15
15881 21
15885 2
15896 11
15903 14
15908 12
15916 11
15922 9
15924 19
15926 3
15932 11
15939 13
15945 4
15952 18
15953 11
15959 15
15961 11
15968 14
15975 14
15982 13
15988 7
15990 17
15992 11
15999 14
16005 16
16007 12
16015 4
16023 17
16025 6
16032 3
16038 18
16039 14
16045 20
16047 11
16053 18
16054 9
16056 5
16063 3
16070 11
16076 21
16080 12
16088 17
16090 4
16097 15
16099 6
16106 20
16108 11
16114 18
16115 4
16121 2
16132 21
16136 17
16138 21
16142 12
16149 16
16151 19
16153 15
16155 2
16166 19
16168 13
16173 11
16179 18
16180 20
16182 10
16183 9
16185 21
16189 5
16195 16
16197 14
16202 15
16204 8
16208 20
16210 12
16217 4
16223 12
16230 3
16237 16
16239 7
16242 12
16250 11
16256 12
16263 21
16267 7
16270 5
16276 21
16280 20
16282 4
16288 5
16294 6
16302 1
16312 15
16314 11
16320 5
16326 3
16332 12
16339 12
16347 19
16349 1
16359 13
16365 18
16366 16
16368 11
16375 9
16376 11
16382 12
16388 15
16390 18
16391 6
16398 2
16409 3
16416 19
16418 17
16420 19
16422 18
16423 4
16429 12
16436 11
16443 4
16449 3
16456 5
16462 11
16469 6
16477 15
16479 12
16487 11
16494 9
16496 9
16498 18
16499 14
16506 10
16507 12
16513 1
16523 18
16524 11
16530 12
16538 5
16545 11
16552 21
16556 4
16564 21
16568 3
16575 17
16577 2
16588 17
16590 1
16600 5
16606 13
16612 17
16614 8
16617 13
16622 13
16627 1
16637 12
16645 12
16653 2
16663 12
16670 8
16672 11
16678 18
16679 7
16682 18
16683 12
16690 7
16693 11
16699 13
16705 13
16711 17
16713 18
16714 13
16720 21
16724 10
16727 18
16728 17
16730 21
16734 14
16739 18
16740 2
16750 1
16760 11
16766 11
16773 18
16774 7
16776 15
16778 19
16780 9
16781 8
16784 21
16788 5
16795 8
16798 11
16805 12
16813 20
16815 4
16821 5
16827 15
16829 16
16831 20
16833 11
16840 9
16842 12
16850 18
16851 16
16853 9
16854 4
16861 19
16863 3
16869 18
16870 9
16872 14
16878 5
16885 3
16892 8
16895 7
16897 18
16898 17
16900 19
16902 10
16904 5
16911 5
16918 16
16920 2
16930 7
16932 18
16933 14
16940 15
16942 18
16943 12
16950 18
16951 18
16952 4
16958 12
16965 13
16970 13
16975 11
16982 11
16989 17
16991 7
16994 6
17002 18
17003 13
17009 1
17019 12
17026 11
17032 4
17039 12
17046 7
17049 18
17050 15
17052 2
17063 18
17064 7
17066 7
17069 11
17076 4
17083 4
17091 13
17097 4
17104 12
17110 15
17112 12
17119 12
17126 11
17132 7
17135 12
17143 10
17146 14
17152 12
17158 8
17160 11
17166 18
17167 14
17173 5
17179 12
17187 6
17194 18
17195 18
17196 20
17198 11
17204 2
17213 10
17216 16
17218 15
17220 11
17226 15
17228 11
17235 14
17241 18
17242 5
17248 16
17250 12
17257 20
17259 17
17261 8
17263 16
17265 11
17271 10
17272 16
17274 11
17280 12
17287 9
17289 11
17296 6
17303 6
17309 21
17313 18
17314 12
17321 1
17330 11
17337 8
17341 15
17343 16
17345 20
17347 9
17348 19
17350 19
17352 11
17359 20
17361 18
17362 15
17364 15
17366 8
17370 17
17372 6
17378 18
17379 1
17389 9
17390 5
17397 19
17399 8
17402 10
17405 12
17413 18
17414 12
17421 21
17425 18
17426 18
17427 12
17433 11
17440 3
17446 4
17452 10
17453 12
17461 21
17465 6
17472 1
17481 14
17486 12
17494 16
17496 5
17503 18
17504 12
17511 18
17512 21
17516 18
17517 15
17519 1
17529 6
17536 19
17538 12
17545 15
17547 21
17551 7
17553 9
17555 14
17560 14
17566 12
17573 19
17575 9
17577 11
17583 1
17592 19
17594 5
17600 18
17601 11
17607 12
17614 3
17621 10
17624 3
17630 11
17637 8
17640 12
17647 3
17654 10
17655 4
17663 9
17665 4
17672 4
17679 11
17685 9
17686 4
17693 1
17703 21
17707 7
17709 3
17716 18
17717 12
17724 12
17730 12
17737 4
17744 15
17746 19
17748 4
17754 15
17756 17
17758 13
17764 9
17765 3
17772 10
17774 7
17776 11
17782 11
17788 5
17795 19
17797 11
17803 15
17805 11
17811 6
17818 14
17824 6
17832 19
17834 11
17841 6
17847 8
17851 4
17858 10
17859 18
17860 9
17862 11
17868 21
17872 12
17879 16
17881 3
17887 6
17895 5
17901 18
17902 2
17913 13
17918 13
17924 7
17926 1
17935 9
17937 21
17941 8
17944 15
17946 21
17950 11
17957 2
17967 19
17969 3
17976 7
17979 14
17985 9
17987 19
17989 6
17996 8
18000 18
18001 12
18008 10
18010 4
18018 7
18021 4
18027 2
18037 11
18043 4
18049 16
18051 9
18052 18
18053 17
18055 2
18065 15
18067 2
18078 11
18084 1
18093 4
18100 7
18102 8
18105 2
18115 2
18125 1
18135 13
18141 5
18148 7
18150 13
18155 20
18157 5
18163 4
18171 13
18176 11
18182 16
18184 14
18191 12
18199 6
18207 18
18208 16
18210 17
18212 1
18222 7
18224 1
18234 1
18244 5
18251 18
18252 19
18254 16
18256 12
18263 12
18269 11
18275 15
18277 12
18285 16
18287 7
18289 10
18292 9
18294 12
18302 7
18304 14
18309 15
18311 15
18313 2
18322 2
18332 20
18334 14
18341 12
18347 19
18349 12
18356 17
18358 10
18360 1
18370 3
18377 11
18383 20
18385 16
18387 3
18394 13
18400 10
18402 20
18404 13
18410 3
18417 12
18424 21
18428 10
18430 8
18434 7
18436 19
18438 18
18439 16
18441 8
18444 2
18454 4
18461 11
18468 20
18470 1
18480 18
18481 10
18483 19
18485 19
18487 11
18493 11
18500 13
18505 18
18506 11
18512 15
18514 16
18516 19
18518 4
18525 1
18534 12
18542 3
18549 3
18555 20
18557 19
18559 1
18568 11
18574 12
18580 1
18590 1
18599 4
18607 13
18612 16
18614 9
18615 18
18616 3
18622 12
18629 21
18633 5
18640 21
18644 18
18645 16
18647 12
18654 12
18662 21
18666 2
18675 2
18685 19
18687 11
18694 13
18699 12
18706 17
18708 6
18715 20
18717 15
18719 12
18727 9
18729 19
18731 12
18737 6
18745 11
18752 18
18753 11
18759 11
18766 1
18775 2
18786 9
18787 17
18789 11
18796 19
18798 18
18799 3
18806 1
18815 3
18822 6
18829 3
18836 14
18842 15
18844 17
18846 7
18848 18
18849 9
18850 21
18854 10
18856 16
18858 9
18860 2
18869 9
18871 16
18873 5
18880 18
18881 15
18883 20
18885 11
18891 21
18895 1
18904 7
18906 16
18908 15
18910 6
18916 12
18922 21
18926 18
18927 2
18937 16
18939 5
18946 7
18948 6
18956 13
18961 15
18963 4
18969 20
18971 20
18973 12
18979 19
18981 17
18983 19
18985 7
18988 10
18991 14
18997 17
18999 1
19009 18
19010 3
19016 9
19017 18
19018 8
19021 5
19027 12
19034 5
19041 11
19048 6
19054 1
19063 12
19070 4
19077 7
19080 16
19082 16
19084 7
19087 1
19097 1
19106 12
19113 7
19115 17
19117 18
19118 11
19124 3
19130 11
19136 8
19140 5
19146 11
19152 18
19153 8
19156 9
19158 11
19165 16
19167 16
19169 12
19176 17
19178 12
19185 13
19190 20
19192 9
19194 18
19195 7
19198 14
19204 15
19206 8
19210 17
19212 17
19214 16
19216 4
19223 11
19230 17
19232 15
19234 17
19236 18
19237 2
19247 3
19254 21
19258 13
19263 12
19270 21
19274 4
19280 17
19282 11
19288 18
19289 18
19290 12
19297 11
19303 11
19310 15
19312 13
19318 7
19321 11
19328 16
19330 17
19332 12
19339 19
19341 10
19343 16
19345 15
19347 4
19355 21
19359 16
19361 6
19369 12
19376 6
19383 17
19385 17
19387 6
19393 9
19394 2
19404 11
19411 16
19413 16
19415 9
19417 15
19419 19
19421 7
19423 17
19425 18
19426 15
19428 4
19435 14
19441 11
19447 13
19453 11
19459 1
19468 1
19477 2
19486 11
19492 15
19494 13
19499 18
19500 6
19506 5
19512 11
19518 11
19525 16
19527 20
19529 17
19531 13
19536 10
19538 16
19540 15
19542 8
19545 20
19547 19
19549 3
19555 16
19557 14
19563 19
19565 21
19569 13
19574 18
19575 10
19576 8
19579 6
19586 8
19588 10
19590 2
19600 19
19602 13
19608 12
19614 16
19616 13
19622 14
19628 2
19638 19
19640 20
19642 11
19649 12
19655 2
19664 19
19666 8
19670 8
19673 19
19675 18
19676 9
19677 4
19684 11
19691 21
19695 11
19701 1
19710 3
19717 11
19724 6
19730 6
19738 13
19743 1
19753 11
19759 14
19765 11
19772 10
19774 10
19776 8
19779 11
19785 7
19787 12
19795 17
19797 11
19803 13
19809 21
19813 2
19824 20
19826 8
19830 19
19832 12
19839 21
19843 5
19850 12
19856 19
19858 1
19867 20
19869 15
19871 15
19873 19
19875 9
19876 6
19882 18
19883 3
19890 13
19896 8
19900 16
19902 6
19909 12
19916 12
19924 14
19931 7
19933 13
19938 20
19940 3
19946 6
19952 10
19953 11
19960 12
19967 1
19976 18
19977 12
19984 7
19986 1
19996 18
19997 11
20003 17
20005 15
20007 12
20014 11
20021 14
20027 18
20028 18
20029 15
20031 12
20038 21
20042 11
20049 14
20054 3
20060 6
20066 17
20068 16
20070 18
20071 10
20074 12
20082 11
20088 4
20096 14
20102 8
20105 14
20112 5
20118 2
20129 3
20136 12
20143 19
20145 5
20151 11
20158 8
20161 4
20167 15
20169 16
20171 4
20178 18
20179 1
20188 3
20194 12
20202 19
20204 10
20206 11
20212 12
20220 18
20221 15
20223 12
20230 7
20233 15
20235 13
20240 12
20247 14
20254 3
20261 12
20269 19
20271 10
20274 21
20278 11
20284 8
20287 9
20289 18
20290 17
20292 20
20294 16
20296 7
20299 12
20306 10
20308 12
20315 7
20317 16
20319 5
20326 9
20328 12
20335 1
20345 18
20346 11
20352 12
20360 3
20367 3
20373 18
20374 18
20375 3
20382 19
20384 21
20388 14
20393 4
20400 11
20406 11
20413 21
20417 19
20419 13
20425 18
20426 11
20432 4
20439 11
20445 11
20452 11
20459 15
20461 12
20467 18
20468 5
20475 16
20477 12
20483 8
20485 1
20495 3
20501 14
20506 8
20510 17
20512 11
20518 1
20528 9
20530 19
20532 18
20533 11
20540 14
20546 15
20548 16
20550 5
20556 19
20558 11
20564 12
20571 6
20579 2
20589 13
20595 13
20600 14
20607 8
20610 8
20612 12
20618 5
20624 4
20631 1
20640 3
20647 12
20654 8
20657 5
20664 16
20666 3
20672 12
20678 4
20686 5
20693 12
20701 13
20706 6
20712 7
20715 14
20722 12
20728 14
20734 11
20740 11
20746 15
20748 7
20750 5
20756 18
20757 17
20759 3
20765 1
20775 14
20782 21
20786 6
20793 10
20795 5
20801 8
20803 8
20806 12
20813 15
20815 12
20821 2
20831 17
20833 14
20839 8
20842 19
20844 2
20854 12
20861 12
20867 7
20870 15
20872 18
20873 3
20879 4
20886 5
20893 12
20900 13
20906 9
20908 12
20915 11
20921 10
20924 13
20929 1
20939 11
20946 11
20952 20
20954 21
20958 15
20960 19
20962 1
20971 12
20977 18
20978 18
20979 12
20986 8
20989 18
20990 17
20992 20
20994 4
21001 21
21005 16
21007 12
21015 4
21022 18
21023 9
21024 7
21027 10
21029 17
21031 21
21035 1
21044 6
21052 18
21053 17
21055 11
21062 2
21073 11
21079 4
21086 11
21093 16
21095 16
21097 1
21106 15
21108 10
21110 2
21119 11
21125 2
21134 21
21138 4
21145 19
21147 12
21153 7
21156 18
21157 15
21159 15
21161 11
21167 18
21168 4
21174 18
21175 15
21177 5
21183 15
21185 11
21192 21
21196 5
21202 12
21208 18
21209 7
21212 14
21218 8
21221 19
21223 16
21225 11
21232 16
21234 14
21239 20
21241 17
21243 11
21250 18
21251 11
21257 20
21259 11
21266 4
21273 19
21275 3
21281 11
21287 7
21290 5
21297 4
21305 11
21312 8
21315 9
21316 10
21318 1
21328 6
21335 15
21337 12
21344 13
21349 16
21351 13
21356 5
21363 11
21369 16
21371 18
21372 11
21378 1
21387 15
21389 20
21391 8
21393 12
21400 18
21401 4
21408 21
21412 15
21414 12
21421 14
21426 9
21428 17
21430 3
21437 21
21441 11
21447 13
21453 15
21455 13
21461 7
21464 3
21470 11
21477 18
21478 1
21488 4
21495 15
21497 21
21501 15
21503 3
21510 6
21516 7
21519 12
21526 13
21532 8
21535 12
21541 11
21548 15
21550 5
21557 18
21558 8
21562 5
21568 6
21574 1
21584 17
21586 12
21594 16
21596 12
21603 4
21609 3
21615 10
21617 10
21618 11
21624 7
21626 12
21632 10
21634 20
21636 18
21637 9
21639 11
21645 4
21653 21
21657 18
21658 18
21659 4
21667 10
21669 12
21676 12
21683 21
21687 13
21692 11
21698 21
21702 5
21709 12
21717 4
21724 19
21726 1
21736 13
21742 14
21748 21
21752 7
21755 19
21757 16
21759 20
21761 6
21767 10
21769 9
21770 9
21771 3
21778 3
21784 20
21786 19
21788 6
21795 8
21798 10
21800 7
21802 18
21803 7
21805 5
21812 11
21818 8
21821 12
21829 13
21835 9
21837 1
21847 16
21849 13
21854 18
21855 19
21857 21
21861 8
21864 2
21875 20
21877 12
21884 3
21891 9
21893 11
21900 4
21907 6
21913 13
21919 11
21926 20
21928 15
21930 11
21936 11
21943 14
21949 18
21950 8
21953 13
21959 7
21961 12
21967 21
21971 14
21976 12
21983 11
21990 6
21996 11
22002 19
22004 18
22005 11
22011 17
22013 3
22020 7
22022 12
22028 7
22031 3
22037 1
22047 1
22057 8
22060 11
22066 21
22070 2
22079 14
22086 16
22088 11
22095 4
22101 14
22108 15
22110 13
22115 16
22117 13
22122 12
22129 19
22131 6
22138 13
22143 3
22149 5
22155 12
22163 17
22165 15
22167 18
22168 12
22175 11
22182 6
22190 7
22193 15
22195 5
22201 18
22202 14
22208 14
22214 20
22216 5
22222 20
22224 19
22226 16
22228 2
22238 18
22239 17
22241 12
22248 17
22250 10
22251 10
22252 2
22261 14
22266 19
22268 19
22270 18
22271 11
22278 4
22286 11
22293 12
22299 11
22305 7
22307 12
22313 21
22317 12
22324 11
22330 11
22336 11
22342 7
22345 11
22352 20
22354 11
22360 20
22362 2
22372 4
22379 11
22386 12
22392 6
22400 11
22407 6
22414 13
22419 9
22421 6
22429 20
22431 19
22433 5
22439 19
22441 20
22443 4
22449 7
22451 4
22457 9
22458 2
22468 13
22473 17
22475 3
22482 12
22489 11
22496 9
22497 4
22504 4
22512 18
22513 16
22515 17
22517 11
22523 11
22529 6
22537 17
22539 12
22547 15
22549 12
22556 20
22558 15
22560 11
22566 11
22573 3
22580 20
22582 6
22589 13
22594 10
22597 8
22601 18
22602 11
22609 11
22615 4
22623 15
22625 8
22627 12
22633 16
22635 8
22638 10
22640 11
22647 6
22653 7
22655 13
22660 5
22667 1
22677 9
22679 6
22685 1
22694 16
22696 5
22702 6
22709 13
22714 18
22715 3
22721 1
22730 8
22734 15
22736 10
22738 12
22744 17
22746 16
22748 20
22750 2
22760 12
22768 6
22775 5
22782 7
22785 11
22791 11
22798 15
22800 12
22807 20
22809 18
22810 10
22811 1
22820 20
22822 7
22824 4
22830 3
22837 14
22842 7
22845 8
22847 8
22850 11
22857 8
22860 4
22867 10
22869 4
22876 9
22878 8
22880 4
22887 17
22889 8
22893 10
22895 11
22902 1
22911 11
22918 9
22920 11
22927 1
22936 4
22943 2
22953 11
22959 11
22965 7
22968 7
22970 10
22971 15
22973 13
22978 15
22980 7
22983 2
22993 20
22995 16
22997 14
23003 17
23005 10
23007 15
23009 11
23015 6
23022 11
23029 11
23035 5
23042 21
23046 12
23053 15
23055 6
23063 3
23070 11
23077 2
23088 8
23091 4
23099 9
23101 15
23103 3
23110 20
23112 5
23119 5
23125 13
23130 11
23136 19
23138 16
23140 18
23141 10
23144 5
23151 12
23157 5
23163 11
23169 5
23175 15
23177 17
23179 4
23186 12
23193 17
23195 11
23201 6
23209 11
23215 15
23217 11
23223 11
23230 12
23237 6
23243 7
23245 10
23247 13
23252 10
23253 15
23255 7
23257 6
23263 11
23270 19
23272 5
23278 14
23284 19
23286 4
23294 3
23300 18
23301 15
23303 17
23305 1
23315 11
23321 17
23323 17
23325 14
23332 17
23334 18
23335 21
23339 21
23343 3
23350 16
23352 7
23354 4
23360 13
23366 13
23372 20
23374 21
23378 18
23379 7
23382 18
23383 14
23389 18
23390 6
23397 8
23401 19
23403 7
23406 10
23408 13
23413 9
23414 17
23416 11
23422 21
23426 3
23433 8
23436 12
23444 3
23451 12
23457 19
23459 12
23467 10
23470 18
23471 21
23475 5
23481 2
23492 18
23493 5
23500 11
23506 21
23510 15
23512 3
23519 7
23521 2
23530 18
23531 8
23534 20
23536 15
23538 9
23539 14
23546 12
23553 18
23554 10
23557 5
23563 2
23572 11
23578 17
23580 16
23582 12
23590 11
23596 16
23598 21
23602 2
23611 11
23618 8
23620 6
23627 11
23633 3
23639 14
23644 3
23650 14
23655 16
23657 11
23663 11
23669 12
23675 8
23678 18
23679 3
23685 1
23694 8
23697 6
23703 10
23706 6
23714 8
23716 19
23718 4
23725 15
23727 10
23728 20
23730 16
23732 11
23739 19
23741 3
23747 12
23754 11
23760 18
23761 11
23767 12
23773 1
23783 19
23785 5
23792 11
23799 2
23809 17
23811 18
23812 11
23818 7
23820 6
23826 20
23828 11
23834 19
23836 12
23844 4
23851 8
23853 18
23854 2
23863 17
23865 3
23872 5
23878 1
23888 8
23892 21
23896 1
23905 2
23915 11
23921 1
23930 16
23932 11
23938 13
23943 18
23944 11
23950 18
23951 5
23958 18
23959 18
23960 11
23966 18
23967 2
23976 6
23982 16
23984 1
23994 11
24000 9
24001 2
24011 18
24012 9
24014 11
24020 20
24022 2
24032 15
24034 8
24036 20
24038 10
24039 3
24045 1
24054 11
24061 8
24065 9
24066 9
24068 12
24075 18
24076 2
24087 5
24093 12
24101 12
24108 6
24115 16
24117 12
24123 11
24129 21
24133 12
24140 15
24142 19
24144 7
24147 5
24153 16
24155 17
24157 14
24163 9
24164 1
24173 9
24175 8
24177 18
24178 12
24185 18
24186 6
24194 19
24196 17
24198 3
24204 9
24206 4
24214 17
24216 15
24218 11
24224 11
24230 11
24237 15
24239 2
24248 2
24259 3
24266 19
24268 6
24275 15
24277 7
24280 11
24286 6
24293 18
24294 12
24302 11
24309 4
24317 10
24320 12
24327 9
24328 10
24330 21
24334 11
24341 9
24343 15
24345 13
24351 17
24353 11
24360 11
24367 14
24373 11
24380 12
24387 16
24389 4
24396 9
24397 11
24404 15
24406 21
24410 10
24411 2
24421 15
24423 11
24430 3
24437 12
24443 12
24451 1
24461 12
24468 12
24474 11
24480 13
24485 4
24492 20
24494 13
24500 9
24501 21
24505 5
24511 12
24518 12
24525 8
24528 11
24535 5
24542 11
24549 12
24556 8
24559 10
24561 8
24564 20
24566 17
24568 16
24570 13
24575 12
24582 5
24589 7
24592 11
24599 18
24600 21
24604 2
24614 12
24622 12
24629 20
24631 11
24637 8
24640 11
24647 2
24657 9
24659 17
24661 3
24667 17
24669 16
24671 18
24672 8
24675 3
24681 2
24691 6
24699 18
24700 6
24706 2
24716 10
24718 3
24725 7
24728 7
24731 12
24738 17
24740 10
24741 12
24748 7
24750 13
24756 21
24760 4
24768 10
24770 18
24771 13
24777 15
24779 3
24786 11
24793 7
24796 18
24797 11
24804 11
24811 11
24818 19
24820 17
24822 19
24824 14
24829 16
24831 10
24832 16
24834 7
24837 5
24844 5
24851 4
24857 6
24865 13
24871 12
24879 11
24885 19
24887 7
24890 17
24892 10
24895 2
24906 6
24913 18
24914 1
24924 9
24926 12
24933 12
24939 11
24946 12
24953 9
24954 18
24955 11
24961 12
24968 20
24970 3
24976 19
24978 18
24979 14
24984 9
24986 19
24988 12
24995 20
24997 3
25003 18
25004 12
25011 13
25017 7
25020 21
25024 16
25026 9
25028 5
25035 5
25041 8
25045 21
25049 13
25055 14
25062 20
25064 11
25070 19
25072 11
25079 12
25085 12
25093 2
25104 13
25110 14
25116 3
25123 3
25130 15
25132 7
25135 13
25141 12
25147 7
25149 7
25152 13
25158 6
25165 17
25167 4
25173 19
25175 18
25176 7
25178 6
25186 8
25190 15
25192 12
25200 1
25209 11
25215 8
25218 14
25225 11
25231 18
25232 12
25240 12
25246 12
25252 12
25259 14
25264 12
25272 8
25276 3
25283 4
25290 4
25298 9
25299 15
25301 15
25303 11
25309 19
25311 12
25318 1
25328 16
25330 11
25336 1
25346 1
25355 6
25362 15
25364 4
25371 7
25373 18
25374 12
25381 12
25389 17
25391 17
25393 2
25402 14
25407 20
25409 14
25415 18
25416 3
25423 7
25426 20
25428 18
25429 11
25436 11
25443 21
25447 18
25448 5
25454 19
25456 8
25459 9
25460 18
25461 5
25468 9
25469 21
25473 6
25480 3
25486 8
25490 5
25497 7
25500 18
25501 16
25503 19
25505 17
25507 9
25508 10
25510 15
25512 12
25519 11
25525 2
25535 2
25545 19
25547 16
25549 1
25559 2
25569 3
25575 10
25576 15
25578 17
25580 16
25582 8
25586 16
25588 6
25594 5
25600 20
25602 13
25608 4
25616 12
25624 19
25626 12
25634 9
25635 20
25637 21
25641 12
25647 17
25649 1
25658 19
25660 11
25667 16
25669 5
25675 18
25676 12
25682 21
25686 21
25690 12
25697 10
25698 19
25700 12
25707 3
25714 18
25715 11
25722 17
25724 21
25728 14
25735 11
25741 11
25747 17
25749 5
25755 15
25757 3
25764 8
25767 11
25773 7
25776 18
25777 18
25778 11
25784 11
25790 3
25796 20
25798 15
25800 13
25806 20
25808 21
25812 17
25814 12
25821 7
25824 17
25826 2
25836 11
25843 4
25851 10
25852 7
25855 20
25857 15
25859 3
25865 2
25874 12
25881 11
25888 12
25894 17
25896 9
25897 12
25903 1
25912 8
25914 11
25920 3
25927 4
25935 12
25943 9
25945 10
25948 21
25952 12
25959 20
25961 7
25964 20
25966 11
25973 19
25975 10
25976 9
25977 11
25984 14
25991 3
25997 8
26000 21
26004 12
26011 9
26013 6
26020 15
26022 20
26024 9
26026 4
26033 16
26035 20
26037 19
26039 7
26041 20
26043 10
26045 17
26047 9
26048 5
26054 10
26056 11
26063 19
26065 20
26067 16
26069 21
26073 9
26075 14
26081 19
26083 7
26085 18
26086 4
26094 13
26100 12
26107 12
26115 1
26125 9
26127 9
26129 10
26131 11
26138 18
26139 20
26141 12
26147 2
26157 16
26159 7
26161 17
26163 21
26167 10
26170 10
26172 15
26174 11
26180 8
26183 18
26184 13
26190 11
26196 12
26204 8
26207 6
26214 12
26221 7
26224 9
26226 19
26228 6
26234 5
26240 1
26250 16
26252 12
26259 15
26261 10
26263 20
26265 4
26273 5
26279 10
26281 16
26283 11
26289 20
26291 18
26292 7
26295 16
26297 19
26299 12
26306 1
26315 8
26318 1
26327 13
26333 11
26340 15
26342 3
26348 9
26349 12
26357 17
26359 12
26366 4
26374 15
26376 12
26382 12
26390 14
26395 15
26397 13
26403 11
26410 18
26411 11
26417 12
26425 13
26430 12
26437 8
26439 11
26445 18
26446 10
26449 18
26450 15
26452 11
26458 16
26460 1
26469 17
26471 21
26475 5
26482 16
26484 3
26490 7
26492 5
26499 16
26501 18
26502 7
26504 13
26509 11
26515 8
26519 11
26526 3
26533 12
26541 6
26548 10
26549 12
26555 6
26563 8
26565 12
26573 11
26579 15
26581 4
26587 21
26591 1
26600 20
26602 2
26612 18
26613 9
26614 3
26620 16
26622 17
26624 10
26627 4
26633 6
26640 7
26642 21
26646 9
26648 5
26654 11
26661 19
26663 14
26668 12
26675 6
26682 11
26689 1
26699 21
26703 12
26710 2
26721 11
26728 19
26730 12
26737 10
26739 5
26746 4
26753 18
26754 17
26756 21
26760 12
26767 19
26769 19
26771 3
26777 9
26778 11
26784 10
26786 9
26788 18
26789 1
26799 10
26801 9
26802 11
26809 7
26811 20
26813 15
26815 14
26820 20
26822 5
26828 14
26833 15
26835 1
26845 3
26852 13
26857 8
26860 17
26862 10
26864 5
26871 11
26878 11
26885 10
26886 7
26889 11
26895 18
26896 12
26903 11
26909 2
26919 9
26921 20
26923 10
26926 18
26927 12
26934 17
26936 11
26943 11
26949 16
26951 16
26953 16
26955 11
26962 12
26970 6
26976 11
26982 8
26985 20
26987 18
26988 12
26994 9
26995 12
27002 16
27004 13
27009 11
27015 14
27022 11
27028 8
27031 16
27033 12
27040 13
27045 1
27055 7
27058 5
27065 19
27067 11
27073 3
27080 12
27087 10
27088 1
27097 17
27099 4
27106 18
27107 17
27109 19
27111 14
27118 11
27125 5
27131 12
27137 11
27144 4
27150 8
27153 13
27159 11
27166 21
27170 13
27176 8
27179 16
27181 4
27188 12
27195 12
27201 11
27208 20
27210 12
27217 13
27223 17
27225 18
27226 13
27231 11
27238 16
27240 15
27242 11
27248 15
27250 10
27252 18
27253 12
27261 11
27267 19
27269 3
27275 6
27281 4
27287 11
27294 21
27298 9
27299 5
27305 12
27312 18
27313 18
27314 20
27316 16
27318 17
27320 14
27327 17
27329 11
27336 6
27342 16
27344 3
27350 10
27353 16
27355 13
27361 9
27362 5
27368 11
27375 12
27382 17
27384 12
27391 7
27393 7
27396 3
27402 6
27408 18
27409 12
27415 10
27416 12
27424 11
27431 19
27433 7
27435 9
27437 11
27443 21
27447 21
27451 13
27456 11
27462 11
27469 18
27470 13
27475 20
27477 1
27486 4
27492 5
27498 1
27508 11
27515 15
27517 10
27519 2
27530 4
27537 19
27539 12
27545 18
27546 16
27548 12
27555 21
27559 17
27561 9
27563 21
27567 5
27574 11
27580 1
27589 7
27591 7
27593 11
27600 4
27607 11
27613 12
27620 2
27629 4
27636 14
27642 3
27648 3
27654 18
27655 4
27662 14
27668 20
27670 13
27676 5
27683 14
27689 1
27698 11
27705 6
27711 18
27712 8
27716 8
27720 8
27723 19
27725 9
27727 12
27734 5
27741 10
27744 20
27746 16
27748 18
27749 3
27755 15
27757 19
27759 12
27767 14
27774 11
27781 5
27788 14
27795 12
27803 21
27807 12
27815 12
27822 8
27826 3
27832 19
27834 16
27836 18
27837 14
27842 14
27849 20
27851 8
27853 14
27860 14
27865 12
27873 4
27880 3
27886 19
27888 12
27895 4
27901 6
27908 2
27918 15
27920 18
27921 14
27926 1
27935 12
27943 11
27949 1
27959 18
27960 6
27967 16
27969 8
27972 12
27979 11
27985 7
27987 9
27988 15
27990 17
27992 12
27999 8
28003 1
28012 18
28013 18
28014 10
28017 15
28019 15
28021 2
28032 9
28033 11
28040 1
28049 8
28052 12
28059 12
28065 11
28071 3
28077 8
28080 11
28087 2
28097 7
28100 11
28107 10
28109 20
28111 8
28114 17
28116 12
28124 2
28134 6
28141 11
28148 13
28153 10
28154 7
28157 2
28167 21
28171 10
28173 8
28175 8
28178 18
28179 19
28181 11
28188 20
28190 5
28197 17
28199 9
28200 18
28201 1
28211 12
28218 9
28219 7
28221 18
28222 11
28229 3
28235 7
28238 21
28242 1
28251 3
28257 15
28259 18
28260 1
28269 11
28275 13
28280 12
28287 20
28289 12
28295 14
28301 5
28307 14
28312 7
28314 12
28321 11
28328 8
28330 13
28335 5
28341 15
28343 14
28349 18
28350 18
28351 21
28355 7
28357 11
28364 5
28370 11
28377 6
28383 10
28386 16
28388 13
28394 15
28396 21
28400 4
28407 2
28417 5
28424 9
28425 14
28430 1
28439 12
28445 17
28447 20
28449 13
28454 3
28460 8
28464 13
28470 10
28473 13
28479 11
28485 11
28492 9
28494 11
28501 11
28507 2
28517 1
28526 12
28533 6
28540 18
28541 18
28542 12
28549 18
28550 3
28556 12
28563 1
28572 19
28574 13
28579 21
28583 19
28585 4
28592 12
28599 20
28601 16
28603 12
28611 18
28612 5
28619 4
28627 2
28638 18
28639 12
28646 3
28652 8
28655 7
28658 4
28665 13
28671 1
28680 12
28688 17
28690 3
28697 3
28703 1
28712 18
28713 18
28714 2
28723 3
28730 20
28732 19
28734 6
28741 12
28748 16
28750 12
28758 4
28765 11
28771 18
28772 16
28774 18
28775 19
28777 11
28784 3
28790 11
28797 4
28803 15
28805 18
28806 2
28817 2
28827 9
28829 12
28836 11
28843 8
28846 12
28853 16
28855 11
28862 8
28865 11
28872 2
28882 17
28884 18
28885 7
28888 15
28890 1
28899 5
28905 12
28913 18
28914 6
28920 12
28928 11
28934 15
28936 8
28938 4
28946 4
28953 11
28959 12
28965 9
28967 20
28969 5
28976 20
28978 17
28980 10
28983 18
28984 8
28988 7
28991 12
28997 12
29003 12
29010 8
29012 6
29019 11
29025 1
29035 11
29042 9
29044 6
29051 18
29052 12
29059 9
29061 12
29069 10
29071 1
29080 21
29084 4
29092 10
29094 12
29100 21
29104 18
29105 7
29108 11
29114 11
29120 11
29127 7
29129 11
29135 14
29141 9
29142 10
29143 7
29145 20
29147 11
29153 14
29158 9
29159 3
29166 19
29168 12
29175 11
29181 21
29185 12
29191 11
29198 20
29200 5
29206 18
29207 4
29214 15
29216 9
29217 9
29218 5
29225 10
29227 7
29229 21
29233 13
29238 14
29245 6
29253 9
29254 3
29260 16
29262 2
29273 21
29277 7
29280 2
29289 21
29293 9
29295 18
29296 2
29306 10
29308 2
29318 17
29320 4
29328 12
29335 3
29342 3
29349 12
29356 20
29358 8
29361 5
29367 4
29375 20
29377 11
29383 16
29385 2
29395 9
29397 10
29399 9
29400 11
29406 17
29408 4
29415 6
29422 15
29424 7
29426 14
29431 16
29433 14
29440 3
29446 2
29456 1
29465 11
29472 17
29474 11
29481 2
29492 8
29495 12
29503 4
29510 18
29511 6
29518 7
29520 19
29522 2
29532 12
29539 1
29549 20
29551 17
29553 20
29555 16
29557 13
29562 9
29563 8
29566 4
29574 16
29576 16
29578 15
29580 5
29587 4
29595 10
29597 11
29603 6
29611 9
29612 16
29614 6
29622 2
29631 2
29641 1
29650 11
29656 19
29658 20
29660 18
29661 18
29662 10
29664 3
29670 10
29671 21
29675 19
29677 16
29679 12
29685 20
29687 12
29694 18
29695 12
29702 17
29704 5
29711 5
29717 12
29724 16
29726 13
29732 11
29738 2
29749 8
29752 18
29753 13
29758 11
29765 17
29767 9
29769 17
29771 6
29779 5
29786 19
29788 15
29790 2
29801 4
29808 15
29810 21
29814 21
29818 11
29825 1
29835 19
29837 1
29847 12
29854 11
29860 12
29866 16
29868 11
29875 12
29882 1
29891 14
29896 18
29897 2
29907 12
29914 21
29918 6
29925 11
29931 19
29933 11
29940 10
29942 18
29943 4
29950 2
29961 12
29969 19
29971 3
29978 6
29986 2
29996 7
29999 12
30005 18
30006 12
30012 18
30013 1
30022 11
30029 11
30035 7
30038 11
30045 18
30046 12
30053 2
30064 11
30070 7
30073 4
30079 13
30085 3
30092 12
30100 6
30107 13
30113 15
30115 11
30121 16
30123 16
30125 15
30127 7
30130 12
30137 13
30142 8
30145 18
30146 7
30148 12
30155 17
30157 12
30163 21
30167 17
30169 19
30171 7
30174 2
30184 9
30185 17
30187 1
30196 18
30197 20
30199 10
30200 20
30202 16
30204 2
30214 13
30220 1
30230 14
30236 3
30243 15
30245 7
30248 11
30254 18
30255 6
30262 10
30264 18
30265 11
30271 18
30272 10
30274 10
30276 3
30283 17
30285 8
30288 7
30291 11
30298 11
30305 14
30312 19
30314 8
30317 10
30319 11
30325 12
30332 18
30333 6
30339 17
30341 12
30349 6
30357 21
30361 12
30369 11
30375 10
30378 18
30379 10
30382 11
30388 8
30391 3
30398 4
30404 16
30406 12
30414 15
30416 20
30418 7
30421 1
30430 8
30433 1
30443 21
30447 20
30449 12
30455 13
30460 21
30464 2
30475 7
30477 12
30484 18
30485 12
30492 5
30499 7
30501 1
30511 15
30513 11
30520 2
30529 14
30535 21
30539 10
30540 21
30544 8
30548 7
30551 2
30561 6
30568 15
30570 6
30577 16
30579 13
30585 2
30596 12
30603 11
30609 10
30612 3
30619 11
30625 8
30628 1
30637 8
30641 16
30643 9
30645 11
30652 16
30654 2
30663 1
30673 7
30675 19
30677 12
30685 15
30687 17
30689 10
30691 2
30701 18
30702 12
30709 11
30716 18
30717 11
30724 1
30733 1
30742 11
30749 19
30751 12
30757 20
30759 13
30765 10
30767 19
30769 17
30771 13
30776 16
30778 12
30785 11
30792 21
30796 18
30797 20
30799 7
30802 12
30809 6
30816 9
30817 6
30824 18
30825 12
30833 11
30839 10
30841 9
30843 11
30849 3
30855 21
30859 12
30865 16
30867 2
30878 3
30884 7
30887 11
30893 9
30895 12
30902 11
30908 8
30911 4
30918 12
30926 2
30936 15
30938 10
30941 14
30947 17
30949 13
30955 15
30957 7
30959 2
30969 16
30971 7
30973 15
30975 15
30977 7
30980 9
30981 20
30983 17
30985 18
30986 18
30987 10
30989 18
30990 1
31000 6
31007 17
31009 11
31015 8
31018 20
31020 13
31026 12
31033 1
31042 9
31043 11
31049 6
31056 14
31062 11
31069 5
31076 11
31082 11
31088 8
31091 7
31094 13
31100 4
31106 14
31113 12
31121 11
31128 17
31130 18
31131 3
31137 3
31143 19
31145 8
31149 17
31151 13
31156 13
31162 11
31168 5
31174 3
31181 8
31185 15
31187 18
31188 3
31194 16
31196 16
31198 7
31201 8
31203 6
31209 12
31216 19
31218 9
31220 9
31221 11
31228 11
31234 21
31238 17
31240 18
31241 20
31243 11
31250 4
31257 9
31258 9
31260 6
31268 18
31269 5
31276 16
31278 10
31280 1
31289 2
31300 7
31303 11
31309 16
31311 9
31313 12
31319 21
31323 16
31325 17
31327 12
31335 21
31339 21
31343 12
31350 12
31357 9
31358 21
31362 1
31372 12
31380 16
31382 18
31383 3
31389 12
31395 9
31396 8
31400 11
31407 11
31413 18
31414 21
31418 14
31423 21
31427 12
31434 10
31437 9
31438 8
31441 19
31443 20
31445 9
31447 1
31456 15
31458 2
31467 20
31469 1
31479 17
31481 6
31488 17
31490 13
31495 11
31501 17
31503 5
31510 11
31516 2
31525 6
31531 13
31537 20
31539 20
31541 20
31543 20
31545 18
31546 1
31556 9
31557 14
31564 18
31565 11
31572 13
31578 8
31582 11
31589 21
31593 15
31595 14
31601 13
31606 1
31616 11
31622 17
31624 19
31626 6
31633 11
31640 11
31646 11
31653 1
31662 3
31668 5
31675 4
31682 4
31689 2
31700 21
31704 7
31707 16
31709 4
31716 7
31719 16
31721 4
31728 6
31734 14
31740 19
31742 16
31744 10
31747 1
31757 4
31764 17
31766 17
31768 20
31770 18
31771 12
31778 9
31780 11
31786 11
31792 15
31794 11
31801 5
31808 7
31811 3
31817 11
31824 4
31831 20
31833 14
31839 12
31845 7
31847 12
31854 14
31860 3
31867 13
31872 13
31878 3
31885 18
31886 16
31888 9
31890 12
31896 12
31904 2
31914 18
31915 6
31921 16
31923 17
31925 20
31927 13
31933 20
31935 5
31941 4
31949 18
31950 13
31955 9
31956 12
31964 16
31966 12
31974 3
31980 6
31987 16
31989 3
31996 20
31998 13
32004 19
32006 6
32013 3
32019 15
32021 7
32023 18
32024 11
32031 19
32033 8
32036 17
32038 8
32042 1
32051 5
32057 12
32065 17
32067 13
32072 11
32079 19
32081 4
32089 7
32091 13
32097 5
32104 3
32111 1
32121 19
32123 3
32129 21
32133 20
32135 14
32142 2
32152 11
32159 4
32167 17
32169 11
32175 12
32182 15
32184 6
32191 5
32197 6
32205 7
32207 19
32209 11
32215 4
32221 11
32227 10
32230 5
32236 11
32242 1
32252 16
32254 9
32255 13
32261 16
32263 6
32270 16
32272 15
32274 12
32282 1
32292 15
32294 3
32300 18
32301 18
32302 11
32309 12
32315 11
32321 5
32328 19
32330 12
32336 18
32337 17
32339 9
32340 16
32342 11
32349 15
32351 7
32354 10
32356 20
32358 9
32360 8
32364 3
32371 4
32379 13
32385 11
32392 15
32394 9
32395 10
32397 19
32399 20
32401 16
32403 12
32411 13
32417 10
32420 11
32427 12
32433 19
32435 16
32437 15
32439 12
32446 18
32447 12
32454 11
32461 1
32470 6
32477 12
32484 6
32491 10
32492 13
32497 18
32498 12
32504 21
32508 16
32510 15
32512 17
32514 9
32515 17
32517 11
32523 1
32532 18
32533 2
32543 12
32550 16
32552 15
32554 14
32560 12
32566 15
32568 8
32572 17
32574 16
32576 12
32583 4
32589 13
32594 5
32600 8
32603 16
32605 18
32606 11
32613 8
32617 5
32623 15
32625 15
32627 11
32634 7
32637 9
32639 6
32647 11
32653 12
32660 11
32667 16
32669 4
32676 12
32683 10
32685 12
32692 9
32694 20
32696 19
32698 17
32700 20
32702 10
32705 12
32712 18
32713 7
32715 17
32717 18
32718 17
32720 4
32726 3
32732 11
32739 12
32746 2
32755 11
32762 7
32764 18
32765 3
32772 12
32778 20
32780 21
32784 19
32786 9
32788 7
32790 8
32792 7
32795 19
32797 3
32804 4
32811 13
32816 20
32818 1
32828 12
32834 19
32836 17
32838 6
32844 7
32847 15
32849 12
32856 10
32859 10
32861 6
32868 6
32875 21
32879 2
32890 12
32896 11
32902 19
32904 18
32905 8
32908 19
32910 19
32912 11
32918 13
32923 10
32925 16
32927 7
32929 12
32937 7
32939 18
32940 1
32950 14
32955 5
32962 12
32969 11
32976 20
32978 11
32985 3
32991 15
32993 18
32994 9
32995 5
33002 5
33009 11
33015 1
33024 12
33031 15
33033 21
33037 19
33039 12
33046 12
33052 8
33056 3
33062 18
33063 15
33065 6
33071 4
33077 20
33079 14
33086 15
33088 5
33095 3
33102 10
33105 13
33110 9
33111 21
33115 1
33124 17
33126 13
33131 14
33137 4
33144 4
33151 11
33157 19
33159 7
33161 4
33168 19
33170 11
33176 18
33177 11
33183 16
33185 17
33187 5
33194 20
33196 20
33198 4
33205 11
33211 16
33213 2
33224 19
33226 11
33233 16
33235 4
33241 13
33247 12
33254 18
33255 12
33262 11
33269 18
33270 18
33271 18
33272 8
33276 11
33282 12
33290 10
33292 2
33302 20
33304 11
33310 14
33316 16
33318 5
33325 10
33327 11
33333 4
33339 19
33341 11
33347 2
33358 18
33359 11
33366 7
33369 14
33375 11
33381 19
33383 20
33385 2
33395 4
33403 13
33409 9
33411 9
33412 5
33419 3
33426 4
33432 14
33439 15
33441 2
33451 10
33453 7
33456 6
33463 6
33471 15
33473 13
33479 18
33480 17
33482 14
33488 18
33489 14
33495 14
33501 8
33504 4
33510 4
33518 11
33524 1
33533 16
33535 8
33537 14
33542 18
33543 12
33551 3
33557 6
33564 17
33566 7
33568 10
33570 17
33572 18
33573 4
33579 18
33580 6
33588 19
33590 3
33597 11
33604 11
33610 16
33612 7
33614 11
33621 7
33624 9
33626 1
33636 7
33638 3
33644 3
33650 21
33654 14
33659 13
33664 11
33670 18
33671 18
33672 13
33678 2
33687 14
33693 21
33697 19
33699 18
33700 1
33710 16
33712 11
33718 8
33721 15
33723 19
33725 13
33730 14
33735 12
33743 21
33747 6
33753 20
33755 2
33765 1
33775 9
33777 19
33779 4
33786 2
33797 11
33803 11
33809 12
33816 20
33818 11
33824 12
33832 13
33838 17
33840 12
33847 12
33854 3
33861 6
33869 12
33876 2
33886 5
33893 8
33896 3
33903 12
33911 4
33919 5
33926 7
33929 6
33936 10
33937 10
33939 1
33949 14
33954 4
33962 1
33972 12
33980 12
33988 12
33996 18
33997 6
34004 11
34011 9
34013 2
34023 9
34025 2
34035 18
34036 3
34043 6
34050 12
34057 11
34063 14
34069 15
34071 12
34077 9
34078 14
34083 12
34090 7
34093 16
34095 6
34101 19
34103 18
34104 11
34110 11
34116 3
34123 7
34126 18
34127 5
34133 7
34136 2
34146 12
34153 19
34155 13
34161 1
34171 5
34177 3
34184 1
34194 19
34196 4
34202 17
34204 7
34206 2
34216 4
34223 18
34224 18
34225 20
34227 3
34234 18
34235 15
34237 11
34244 21
34248 6
34255 8
34257 5
34264 19
34266 18
34267 9
34269 12
34277 9
34278 15
34280 14
34286 4
34293 12
34300 7
34303 12
34311 9
34312 3
34319 15
34321 9
34323 19
34325 1
34334 16
34336 7
34339 13
34344 10
34345 18
34346 10
34347 10
34349 12
34356 6
34362 17
34364 2
34374 17
34376 3
34383 14
34389 10
34390 12
34397 1
34406 1
34415 3
34422 8
34424 10
34426 9
34427 13
34433 5
34439 11
34446 11
34452 11
34458 4
34466 6
34472 12
34478 2
34487 18
34488 12
34495 4
34502 11
34508 1
34518 12
34526 4
34533 21
34537 8
34540 21
34544 13
34549 2
34559 4
34565 19
34567 4
34574 18
34575 10
34577 21
34581 10
34582 11
34589 12
34596 7
34599 11
34606 8
34609 21
34613 11
34619 18
34620 17
34622 21
34626 19
34628 21
34632 18
34633 21
34637 18
34638 11
34645 10
34647 14
34654 1
34664 11
34671 14
34677 9
34679 19
34681 11
34687 8
34690 1
34700 20
34702 11
34709 17
34711 12
34717 12
34723 10
34725 2
34735 18
34736 10
34738 11
34745 14
34750 12
34756 7
34759 18
34760 2
34770 4
34777 3
34784 6
34791 21
34795 4
34803 11
34809 13
34815 12
34822 20
34824 11
34830 11
34836 6
34843 12
34849 12
34857 15
34859 6
34867 4
34875 16
34877 9
34879 9
34880 5
34886 18
34887 12
34895 15
34897 9
34899 6
34906 6
34914 6
34920 11
34927 17
34929 12
34936 20
34938 3
34945 14
34951 7
34954 12
34961 11
34968 21
34972 5
34979 7
34981 19
34983 15
34985 15
34987 5
34993 10
34995 5
35002 16
35004 7
35006 7
35009 11
35016 15
35018 19
35020 20
35022 21
35026 11
35032 20
35034 13
35040 11
35047 18
35048 3
35055 11
35062 5
35069 6
35076 17
35078 19
35080 20
35082 13
35088 16
35090 7
35093 18
35094 16
35096 5
35102 17
35104 7
35107 4
35113 15
35115 21
35119 21
35123 11
35130 15
35132 5
35138 13
35144 19
35146 18
35147 3
35154 7
35156 5
35162 1
35172 7
35174 6
35181 12
35188 5
35194 11
35200 2
35209 1
35218 15
35220 19
35222 12
35229 13
35234 10
35236 13
35242 16
35244 7
35247 17
35249 20
35251 20
35253 16
35255 15
35257 14
35262 4
35269 12
35276 13
35281 16
35283 6
35291 19
35293 19
35295 2
35305 3
35311 14
35318 7
35320 20
35322 10
35323 14
35329 5
35336 11
35342 1
35351 11
35358 15
35360 16
35362 13
35367 12
35373 18
35374 9
35375 21
35379 19
35381 5
35388 7
35390 12
35398 17
35400 17
35402 9
35404 17
35406 5
35412 21
35416 18
35417 4
35424 20
35426 18
35427 13
35433 6
35439 3
35445 17
35447 21
35451 16
35453 16
35455 12
35462 7
35464 16
35466 18
35467 15
35469 18
35470 13
35476 1
35486 18
35487 3
35494 3
35500 12
35507 14
35514 5
35520 18
35521 19
35523 17
35525 8
35528 21
35532 21
35536 11
35542 13
35548 4
35554 14
35560 18
35561 2
35571 19
35573 11
35580 1
35589 11
35596 1
35605 6
35612 11
35619 10
35621 19
35623 19
35625 16
35627 6
35634 13
35639 9
35641 16
35643 11
35649 11
35655 11
35662 18
35663 15
35665 11
35672 21
35676 12
35682 15
35684 11
35690 11
35696 7
35699 3
35706 20
35708 9
35710 12
35718 12
35725 12
35732 9
35734 11
35740 5
35746 1
35756 4
35762 4
35769 12
35777 12
35785 18
35786 12
35794 1
35803 14
35808 5
35815 15
35817 12
35825 1
35834 18
35835 10
35837 21
35841 11
35848 12
35855 1
35864 9
35865 16
35867 10
35870 9
35871 13
35876 21
35880 6
35886 3
35893 15
35895 10
35897 7
35899 7
35901 10
35904 18
35905 18
35906 11
35913 3
35920 18
35921 10
35924 8
35926 12
35934 3
35941 3
35947 18
35948 10
35950 10
35951 3
35957 13
35963 11
35970 13
35975 12
35982 2
35991 17
35993 16
35995 13
36000 15
36002 11
36008 21
36012 10
36014 15
36016 4
36024 4
36031 5
36038 12
36045 5
36051 13
36056 12
36063 19
36065 4
36073 11
36080 8
36084 6
36091 10
36092 1
36101 2
36112 4
36120 11
36126 21
36130 21
36134 10
36136 1
36146 14
36152 19
36154 15
36156 12
36163 16
36165 5
36171 9
36173 14
36180 19
36182 5
36188 12
36194 20
36196 3
36203 10
36204 21
36208 11
36215 13
36221 8
36225 9
36227 11
36233 10
36235 10
36236 10
36239 12
36247 12
36254 12
36261 11
36267 17
36269 12
36275 16
36277 15
36279 5
36286 7
36289 4
36296 4
36304 3
36310 14
36316 1
36326 11
36332 11
36338 21
36342 17
36344 11
36350 21
36354 11
36361 18
36362 8
36364 19
36366 7
36368 12
36374 16
36376 17
36378 13
36383 7
36386 19
36388 6
36394 7
36397 1
36407 3
36413 12
36421 6
36429 8
36431 18
36432 18
36433 8
36435 12
36443 2
36452 17
36454 16
36456 5
36462 15
36464 12
36472 15
36474 1
36484 11
36491 16
36493 3
36500 4
36508 18
36509 17
36511 13
36516 10
36518 18
36519 11
36525 12
36533 6
36540 19
36542 3
36548 11
36554 19
36556 11
36562 1
36571 14
36577 15
36579 18
36580 12
36587 13
36593 17
36595 11
36601 9
36602 11
36608 3
36615 8
36618 11
36625 10
36627 12
36634 14
36640 16
36642 20
36644 6
36652 12
36660 21
36664 2
36673 11
36679 20
36681 13
36687 11
36693 11
36700 8
36703 7
36705 7
36707 11
36713 2
36724 20
36726 16
36728 12
36735 11
36741 8
36745 19
36747 16
36749 2
36759 14
36766 12
36774 18
36775 11
36782 8
36784 11
36791 16
36793 9
36794 6
36800 4
36808 16
36810 2
36820 2
36831 20
36833 7
36835 6
36842 13
36847 20
36849 1
36858 2
36869 3
36875 13
36880 6
36887 5
36894 15
36896 4
36903 3
36909 7
36912 11
36918 12
36926 10
36929 6
36935 17
36937 9
36938 18
36939 2
36950 2
36960 9
36961 8
36963 17
36965 6
36972 4
36979 8
36981 2
36991 3
36998 11
37005 11
37011 5
37018 11
37024 5
37030 12
37038 17
37040 18
37041 1
37050 17
37052 12
37060 16
37062 12
37070 12
37076 12
37082 2
37091 10
37093 18
37094 6
37101 16
37103 1
37113 4
37121 16
37123 12
37131 3
37138 5
37145 1
37155 1
37165 18
37166 7
37169 11
37176 16
37178 16
37180 12
37186 21
37190 18
37191 6
37198 21
37202 16
37204 12
37212 15
37214 10
37216 12
37222 8
37225 20
37227 21
37231 18
37232 17
37234 5
37240 6
37246 20
37248 5
37255 17
37257 4
37265 5
37271 12
37278 11
37285 12
37292 5
37298 20
37300 13
37305 16
37307 21
37311 15
37313 11
37320 12
37327 14
37333 12
37340 18
37341 13
37347 4
37354 12
37360 4
37367 13
37373 18
37374 14
37379 14
37385 11
37391 21
37395 12
37403 1
37412 12
37418 15
37420 12
37427 11
37434 15
37436 11
37443 6
37450 18
37451 19
37453 10
37455 10
37457 15
37459 16
37461 20
37463 15
37465 16
37467 10
37470 11
37476 12
37482 4
37490 13
37495 6
37502 12
37510 11
37517 20
37519 10
37521 21
37525 17
37527 2
37537 3
37544 12
37552 11
37559 3
37566 8
37569 6
37576 3
37583 10
37586 15
37588 11
37595 15
37597 1
37606 20
37608 14
37615 21
37619 16
37621 2
37631 8
37634 18
37635 3
37642 5
37648 11
37654 6
37661 15
37663 8
37667 12
37675 2
37685 3
37691 18
37692 12
37698 21
37702 11
37708 20
37710 2
37719 16
37721 21
37725 14
37731 12
37738 12
37746 11
37752 16
37754 15
37756 10
37759 11
37765 11
37771 19
37773 2
37784 21
37788 2
37799 18
37800 9
37802 18
37803 6
37811 20
37813 16
37815 11
37822 1
37832 10
37834 6
37841 11
37848 14
37854 18
37855 20
37857 18
37858 18
37859 12
37866 12
37873 11
37880 11
37886 12
37894 12
37901 4
37908 8
37911 14
37917 9
37918 12
37926 11
37933 5
37939 11
37945 12
37953 1
37962 4
37970 3
37976 18
37977 15
37979 4
37986 18
37987 19
37989 12
37996 2
38005 13
38010 16
38012 3
38019 1
38028 16
38030 11
38036 13
38041 2
38052 12
38059 16
38061 15
38063 7
38066 9
38067 6
38074 9
38076 11
38082 11
38089 20
38091 11
38097 21
38101 13
38106 18
38107 12
38113 14
38118 13
38123 17
38125 6
38132 4
38139 8
38142 19
38144 1
38153 11
38159 7
38162 3
38168 14
38174 10
38175 12
38183 10
38185 12
38192 18
38193 12
38200 12
38206 11
38212 1
38222 17
38224 12
38231 5
38237 12
38244 18
38245 8
38248 16
38250 16
38252 9
38254 6
38262 9
38263 17
38265 2
38276 18
38277 3
38283 21
38287 7
38290 12
38297 18
38298 15
38300 6
38306 11
38313 2
38322 4
38329 7
38331 1
38340 5
38346 13
38352 13
38357 9
38358 6
38365 20
38367 7
38369 15
38371 14
38377 1
38387 16
38389 1
38399 2
38409 12
38416 9
38417 12
38423 18
38424 11
38431 6
38437 5
38443 12
38449 11
38456 6
38463 17
38465 15
38467 4
38474 11
38480 5
38487 20
38489 12
38496 3
38502 16
38504 3
38511 12
38518 10
38520 11
38526 15
38528 12
38536 3
38543 5
38549 6
38555 2
38565 5
38572 18
38573 21
38577 11
38583 12
38590 17
38592 9
38593 13
38598 9
38600 5
38607 10
38609 11
38616 20
38618 8
38621 3
38628 18
38629 12
38636 12
38643 19
38645 19
38647 18
38648 4
38655 12
38662 16
38664 12
38672 18
38673 8
38677 17
38679 20
38681 16
38683 2
38693 12
38700 12
38708 8
38712 2
38722 18
38723 8
38727 6
38735 13
38741 14
38746 21
38750 20
38752 19
38754 19
38756 3
38763 17
38765 12
38773 4
38780 1
38790 14
38797 7
38800 11
38807 18
38808 8
38811 11
38818 10
38819 2
38829 12
38835 9
38836 9
38838 12
38846 16
38848 3
38854 2
38864 15
38866 11
38872 2
38882 11
38888 8
38891 21
38895 16
38897 13
38902 18
38903 9
38905 14
38912 11
38918 20
38920 19
38922 18
38923 12
38929 11
38936 11
38942 3
38949 3
38955 1
38964 12
38972 12
38979 21
38983 6
38989 12
38996 18
38997 20
38999 18
39000 11
39006 15
39008 4
39016 18
39017 10
39019 10
39021 9
39023 19
39025 11
39032 8
39035 13
39040 10
39041 11
39048 19
39050 14
39057 4
39063 16
39065 21
39069 16
39071 21
39075 13
39080 6
39087 13
39093 11
39100 11
39106 12
39113 9
39114 10
39117 3
39123 3
39130 5
39136 13
39142 13
39147 14
39154 2
39165 12
39172 2
39181 7
39184 6
39191 3
39198 15
39200 18
39201 12
39208 16
39210 18
39211 19
39213 13
39218 9
39220 12
39227 6
39233 18
39234 18
39235 14
39241 12
39248 18
39249 11
39256 2
39267 16
39269 7
39272 17
39274 9
39276 18
39277 3
39283 11
39290 12
39296 3
39303 12
39309 11
39315 15
39317 12
39323 18
39324 13
39329 9
39330 13
39336 6
39343 12
39350 14
39357 12
39364 12
39371 11
39378 1
39387 11
39393 7
39395 16
39397 11
39403 21
39407 11
39413 18
39414 10
39416 11
39423 14
39430 15
39432 4
39440 15
39442 10
39444 13
39449 12
39456 10
39458 9
39459 11
39466 6
39473 13
39478 18
39479 10
39481 15
39483 11
39490 17
39492 4
39499 19
39501 14
39507 16
39509 6
39516 12
39523 12
39530 11
39536 1
39546 16
39548 19
39550 18
39551 21
39555 5
39562 18
39563 19
39565 7
39568 20
39570 19
39572 11
39578 11
39585 19
39587 17
39589 9
39590 4
39597 16
39599 16
39601 1
39610 12
39617 12
39625 14
39630 11
39637 12
39643 13
39649 14
39654 18
39655 18
39656 18
39657 13
39663 11
39670 6
39678 19
39680 1
39689 3
39695 11
39702 18
39703 20
39705 6
39711 21
39715 4
39722 1
39732 5
39739 11
39745 18
39746 14
39752 21
39756 16
39758 1
39768 17
39770 1
39780 7
39783 11
39790 13
39796 3
39803 19
39805 19
39807 7
39809 12
39816 12
39824 11
39831 12
39838 10
39841 19
39843 21
39847 11
39854 11
39861 12
39868 16
39870 9
39871 14
39876 18
39877 11
39883 17
39885 11
39891 9
39892 1
39902 18
39903 15
39905 12
39913 6
39920 9
39922 18
39923 16
39925 11
39931 12
39939 18
39940 12
39947 11
39953 14
39960 21
39964 5
39970 18
39971 14
39977 8
39980 8
39983 9
39985 11
39991 9
39993 11
40000 7
40003 11
40010 18
40011 13
40017 12
40023 10
40025 11
40032 14
40038 9
40039 18
40040 14
40046 14
40052 13
40057 19
40059 2
40069 5
40075 12
40082 18
40083 15
40085 11
40091 12
40098 15
40100 11
40107 16
40109 5
40115 16
40117 18
40118 7
40121 4
40128 12
40135 7
40138 11
40144 16
40146 7
40149 15
40151 12
40159 20
40161 20
40163 21
40167 2
40177 18
40178 12
40185 12
40192 11
40198 1
40207 12
40215 15
40217 16
40219 14
40225 17
40227 13
40233 10
40235 1
40244 7
40246 18
40247 18
40248 7
40250 11
40257 11
40264 20
40266 9
40268 11
40274 8
40277 11
40284 3
40291 17
40293 20
40295 17
40297 16
40299 18
40300 17
40302 6
40310 16
40312 19
40314 14
40319 11
40325 10
40328 15
40330 10
40332 12
40339 5
40345 1
40354 3
40361 11
40367 11
40373 12
40380 2
40389 6
40397 12
40404 15
40406 2
40417 11
40424 11
40430 17
40432 7
40435 11
40442 16
40444 13
40449 21
40453 12
40461 15
40463 18
40464 11
40470 10
40472 13
40478 4
40485 12
40493 12
40500 1
40510 16
40512 11
40518 17
40520 17
40522 14
40528 11
40534 17
40536 6
40543 18
40544 7
40546 11
40552 11
40558 16
40560 4
40567 12
40573 2
40583 2
40594 14
40599 3
40605 17
40607 5
40613 18
40614 3
40621 8
40624 11
40630 12
40637 7
40639 12
40646 11
40652 15
40654 11
40661 11
40668 12
40675 12
40682 6
40690 10
40691 16
40693 4
40700 18
40701 20
40703 2
40713 12
40720 9
40722 11
40728 11
40735 2
40745 21
40749 16
40751 15
40753 18
40754 16
40756 15
40758 10
40760 11
40766 17
40768 11
40774 19
40776 11
40782 12
40789 18
40790 17
40792 18
40793 11
40799 18
40800 11
40806 18
40807 6
40813 12
40820 11
40826 14
40832 7
40834 9
40835 9
40837 17
40839 12
40847 14
40853 16
40855 17
40857 7
40859 15
40861 12
40867 17
40869 12
40876 2
40886 2
40896 16
40898 18
40899 15
40901 5
40908 12
40915 9
40917 17
40919 20
40921 4
40927 19
40929 8
40931 14
40936 11
40943 1
40952 12
40960 18
40961 11
40968 11
40974 15
40976 20
40978 16
40980 4
40988 18
40989 11
40995 10
40996 11
41003 6
41010 12
41017 12
41025 1
41034 18
41035 13
41041 8
41044 4
41051 13
41057 14
41063 11
41070 13
41076 17
41078 11
41084 20
41086 5
41093 16
41095 20
41097 17
41099 16
41101 10
41104 11
41111 20
41113 20
41115 6
41121 8
41125 6
41132 10
41134 12
41140 12
41147 17
41149 13
41154 12
41162 10
41165 3
41172 20
41174 2
41184 9
41185 9
41186 3
41192 10
41194 13
41199 5
41206 21
41210 9
41211 6
41219 16
41221 11
41227 1
41236 17
41238 11
41244 9
41246 7
41249 14
41255 15
41257 1
41266 17
41268 6
41275 14
41281 16
41283 21
41287 11
41294 3
41300 11
41307 11
41314 13
41320 18
41321 18
41322 9
41324 21
41328 19
41330 8
41334 1
41344 4
41351 2
41361 4
41369 17
41371 18
41372 5
41379 4
41386 11
41392 10
41393 12
41401 11
41407 9
41408 11
41415 4
41421 18
41422 17
41424 5
41430 16
41432 18
41433 12
41440 1
41449 4
41455 12
41462 4
41470 14
41477 17
41479 7
41481 8
41484 18
41485 16
41487 17
41489 19
41491 20
41493 12
41499 7
41501 5
41507 20
41509 5
41516 6
41524 8
41527 12
41534 6
41541 10
41544 9
41546 11
41553 5
41560 11
41566 8
41568 14
41573 1
41582 4
41590 11
41597 12
41604 14
41610 1
41619 14
41624 15
41626 1
41635 14
41640 18
41641 21
41645 3
41651 21
41655 5
41661 6
41668 14
41674 12
41681 12
41688 17
41690 19
41692 15
41694 20
41696 7
41698 16
41700 7
41702 4
41708 1
41717 12
41724 6
41731 10
41733 15
41735 3
41741 17
41743 12
41749 12
41756 14
41761 12
41768 15
41770 7
41772 9
41773 1
41782 19
41784 12
41791 20
41793 9
41794 7
41797 13
41802 4
41809 4
41816 16
41818 13
41823 15
41825 3
41831 12
41838 17
41840 11
41846 20
41848 11
41854 14
41859 1
41868 5
41874 10
41875 3
41882 15
41884 11
41890 12
41898 7
41900 7
41902 8
41905 6
41912 15
41914 19
41916 11
41923 11
41929 12
41935 9
41937 11
41944 20
41946 11
41953 16
41955 6
41962 6
41968 11
41974 16
41976 11
41983 11
41990 6
41997 11
42004 13
42010 11
42016 7
42018 13
42023 15
42025 18
42026 12
42034 6
42041 8
42044 7
42047 11
42054 14
42059 15
42061 2
42070 8
42073 13
42078 3
42085 10
42088 9
42089 9
42090 7
42092 18
42093 16
42095 12
42103 4
42110 12
42116 2
42125 3
42132 9
42133 18
42134 12
42140 19
42142 8
42145 18
42146 5
42152 5
42159 2
42168 8
42171 12
42178 12
42185 9
42187 15
42189 7
42192 18
42193 17
42195 11
42202 19
42204 3
42210 15
42212 15
42214 2
42224 12
42231 10
42234 12
42242 14
42248 18
42249 6
42256 11
42263 8
42266 18
42267 15
42269 3
42276 17
42278 11
42284 11
42290 5
42297 13
42302 5
42308 9
42310 15
42312 18
42313 11
42320 12
42326 12
42332 5
42338 16
42340 4
42347 2
42357 9
42359 11
42365 11
42371 17
42373 14
42378 20
42380 21
42384 12
42392 4
42399 12
42406 18
42407 1
42416 11
42422 18
42423 7
42425 13
42430 11
42436 11
42443 19
42445 20
42447 18
42448 13
42454 10
42457 9
42459 12
42465 20
42467 11
42474 16
42476 11
42483 12
42490 17
42492 9
42494 7
42497 20
42499 14
42505 21
42509 20
42511 15
42513 14
42520 16
42522 20
42524 15
42526 1
42535 11
42541 19
42543 9
42544 14
42550 14
42556 9
42558 13
42564 11
42570 13
42576 13
42581 4
42589 5
42596 4
42604 11
42610 3
42617 2
42627 4
42634 1
42644 10
42646 1
42655 2
42666 7
42668 8
42672 20
42674 12
42680 20
42682 18
42683 4
42691 11
42697 21
42701 12
42708 12
42715 7
42718 4
42725 11
42731 15
42733 18
42734 15
42736 20
42738 3
42744 13
42749 13
42754 13
42759 20
42761 12
42769 15
42771 11
42777 3
42783 9
42784 11
42791 3
42798 5
42804 2
42815 4
42821 3
42827 5
42833 5
42839 2
42848 15
42850 12
42856 18
42857 11
42864 18
42865 8
42868 16
42870 3
42876 11
42882 15
42884 5
42890 12
42897 11
42904 19
42906 3
42913 19
42915 16
42917 14
42923 5
42930 16
42932 17
42934 20
42936 16
42938 13
42943 5
42950 5
42956 3
42963 18
42964 13
42970 20
42972 12
42979 6
42985 18
42986 11
42992 3
42998 13
43004 12
43011 11
43018 12
43024 21
43028 18
43029 18
43030 5
43037 11
43044 2
43054 11
43060 13
43066 1
43076 13
43081 12
43088 16
43090 21
43094 11
43101 6
43109 5
43115 7
43118 15
43120 12
43127 9
43128 15
43130 9
43132 3
43138 7
43140 9
43142 10
43144 13
43149 17
43151 11
43158 15
43160 12
43167 7
43169 17
43171 9
43172 15
43174 16
43176 14
43181 2
43190 12
43196 2
43205 16
43207 1
43217 12
43224 6
43231 19
43233 17
43235 18
43236 11
43243 11
43249 16
43251 19
43253 12
43260 13
43265 1
43274 10
43276 10
43278 9
43280 11
43287 18
43288 4
43295 18
43296 11
43302 14
43309 20
43311 15
43313 12
43320 10
43322 11
43328 1
43338 1
43347 13
43353 8
43356 21
43360 18
43361 18
43362 14
43368 18
43369 15
43371 15
43373 21
43377 17
43379 5
43386 5
43392 5
43398 21
43402 9
43403 7
43406 6
43414 13
43419 14
43425 12
43431 15
43433 19
43435 7
43437 12
43444 12
43450 9
43452 6
43458 4
43466 7
43469 11
43475 11
43481 7
43484 12
43492 11
43499 20
43501 7
43503 2
43512 2
43523 14
43530 19
43532 6
43539 17
43541 1
43550 21
43554 16
43556 21
43560 11
43567 15
43569 19
43571 14
43577 6
43585 16
43587 6
43594 17
43596 2
43605 11
43611 20
43613 4
43620 10
43621 21
43625 10
43626 11
43632 13
43638 1
43648 1
43657 18
43658 2
43669 18
43670 20
43672 10
43674 21
43678 2
43688 2
43698 2
43708 20
43710 21
43714 12
43722 11
43728 11
43735 5
43741 11
43748 16
43750 4
43757 2
43768 8
43771 7
43774 3
43781 12
43789 14
43794 13
43799 7
43802 17
43804 12
43812 11
43818 5
43824 4
43831 3
43838 18
43839 16
43841 12
43847 4
43854 15
43856 16
43858 19
43860 9
43861 18
43862 12
43870 12
43877 18
43878 12
43884 2
43894 12
43901 17
43903 18
43904 2
43913 3
43919 10
43921 12
43928 15
43930 9
43931 20
43933 3
43939 17
43941 11
43948 18
43949 11
43955 15
43957 21
43961 5
43968 17
43970 9
43971 11
43977 16
43979 3
43986 21
43990 11
43997 11
44004 6
44011 13
44017 15
44019 3
44025 20
44027 2
44038 9
44040 11
44047 20
44049 11
44056 11
44063 18
44064 11
44070 20
44072 18
44073 6
44079 17
44081 21
44085 20
44087 11
44094 14
44100 10
44102 9
44103 17
44105 10
44107 9
44108 17
44110 19
44112 11
44119 3
44125 10
44128 5
44134 14
44140 17
44142 4
44148 4
44155 11
44162 6
44168 20
44170 17
44172 17
44174 15
44176 3
44182 17
44184 12
44191 7
44193 5
44200 10
44203 13
44208 8
44211 4
44218 6
44225 8
44228 6
44235 12
44241 11
44248 20
44250 11
44256 1
44266 1
44276 12
44283 4
44290 11
44296 17
44298 16
44300 7
44303 11
44310 7
44312 18
44313 20
44315 17
44317 10
44319 14
44325 17
44327 17
44329 12
44337 12
44343 20
44345 18
44346 11
44352 16
44354 11
44360 10
44363 10
44365 12
44371 4
44378 11
44385 10
44386 13
44392 4
44399 4
44405 19
44407 1
44417 19
44419 8
44422 17
44424 3
44431 10
44432 19
44434 4
44441 11
44448 4
44456 11
44463 11
44470 20
44472 12
44478 18
44479 19
44481 11
44488 9
44489 21
44493 14
44499 1
44509 12
44515 8
44519 16
44521 4
44527 14
44534 6
44541 6
44547 15
44549 7
44552 5
44559 12
44566 12
44574 20
44576 10
44578 6
44585 10
44586 19
44588 19
44590 5
44596 9
44597 16
44599 7
44601 11
44608 20
44610 6
44616 7
44618 4
44625 8
44628 19
44630 19
44632 11
44639 9
44641 9
44642 2
44651 19
44653 1
44662 11
44668 21
44672 17
44674 12
44680 12
44686 6
44692 13
44698 14
44704 13
44710 11
44716 11
44722 11
44728 18
44729 2
44739 11
44746 11
44753 12
44761 4
44769 11
44775 16
44777 16
44779 16
44781 12
44787 3
44793 13
44799 18
44800 12
44807 17
44809 11
44815 13
44820 10
44823 16
44825 14
44832 4
44840 16
44842 1
44851 10
44854 7
44857 11
44864 9
44865 12
44872 21
44876 13
44882 14
44888 15
44890 9
44892 12
44898 8
44900 2
44910 6
44916 14
44922 20
44924 21
44928 10
44930 19
44932 10
44935 7
44937 21
44941 9
44942 18
44943 16
44945 11
44952 16
44954 4
44961 11
44967 12
44974 17
44976 12
44982 12
44990 16
44992 18
44993 14
44999 14
45005 7
45008 15
45010 6
45016 12
45023 20
45025 21
45029 12
45037 11
45044 18
45045 11
45052 2
45061 15
45063 10
45065 5
45072 11
45078 5
45084 2
45093 15
45095 14
45101 15
45103 3
45109 8
45113 8
45116 18
45117 7
45120 7
45123 11
45129 20
45131 20
45133 8
45136 10
45138 5
45145 11
45152 8
45155 6
45162 12
45168 11
45175 11
45181 7
45184 13
45189 8
45191 15
45193 10
45196 3
45203 12
45210 3
45217 1
45227 16
45229 7
45231 21
45235 15
45237 17
45239 15
45241 21
45245 4
45253 15
45255 2
45265 16
45267 15
45269 15
45271 17
45273 5
45280 20
45282 20
45284 16
45286 17
45288 9
45289 19
45291 10
45293 18
45294 18
45295 20
45297 1
45307 1
45316 9
45318 18
45319 13
45325 11
45331 9
45332 18
45333 13
45339 17
45341 4
45349 12
45356 16
45358 12
45364 18
45365 7
45367 16
45369 18
45370 6
45378 15
45380 7
45383 1
45392 19
45394 15
45396 12
45403 16
45405 11
45411 1
45421 14
45428 18
45429 7
45432 8
45436 2
45446 8
45449 15
45451 12
45457 9
45458 12
45466 2
45476 2
45485 2
45494 11
45501 18
45502 16
45504 15
45506 16
45508 1
45517 12
45524 9
45526 19
45528 7
45530 14
45535 5
45542 7
45544 16
45546 2
45556 15
45558 9
45559 12
45567 12
45573 13
45578 12
45584 12
45592 4
45598 5
45604 10
45605 1
45614 6
45621 12
45627 13
45632 20
45634 1
45644 16
45646 8
45650 12
45657 21
45661 16
45663 18
45664 18
45665 13
45671 20
45673 4
45679 7
45681 17
45683 12
45690 11
45696 21
45700 11
45707 11
45713 6
45720 4
45727 16
45729 6
45735 20
45737 5
45744 5
45751 17
45753 16
45755 20
45757 6
45764 4
45770 11
45777 9
45779 12
45786 9
45788 6
45795 18
45796 13
45802 12
45808 4
45814 12
45821 17
45823 10
45826 11
45832 19
45834 9
45836 17
45838 11
45845 18
45846 7
45849 18
45850 13
45856 12
45864 21
45868 5
45874 19
45876 18
45877 18
45878 18
45879 1
45889 18
45890 18
45891 12
45897 16
45899 21
45903 18
45904 18
45905 10
45906 17
45908 11
45915 12
45922 1
45931 11
45938 10
45939 1
45948 11
45955 12
45963 21
45967 14
45973 9
45975 11
45981 21
45985 6
45993 6
46000 11
46007 11
46013 20
46015 13
46021 10
46024 10
46025 6
46032 10
46034 9
46036 16
46038 19
46040 19
46042 18
46043 20
46045 9
46047 18
46048 9
46050 2
46060 3
46066 1
46075 9
46076 15
46078 2
46088 13
46094 11
46100 6
46106 11
46112 1
46121 12
46127 12
46133 18
46134 18
46135 17
46137 16
46139 15
46141 11
46147 12
46154 17
46156 16
46158 5
46165 2
46175 6
46182 6
46189 8
46193 8
46196 14
46202 4
46209 21
46213 15
46215 11
46222 7
46225 15
46227 18
46228 11
46235 18
46236 20
46238 16
46240 10
46242 17
46244 10
46245 11
46252 21
46256 8
46259 11
46265 11
46272 12
46278 12
46285 1
46294 18
46295 14
46300 8
46303 20
46305 18
46306 19
46308 9
46310 11
46317 16
46319 4
46326 14
46332 5
46339 5
46345 21
46349 16
46351 12
46358 7
46361 11
46367 11
46373 21
46377 18
46378 2
46389 3
46396 9
46398 21
46402 10
46404 7
46406 12
46413 18
46414 9
46416 14
46421 16
46423 6
46431 15
46433 11
46439 14
46444 10
46445 10
46447 12
46454 11
46461 11
46467 2
46477 15
46479 9
46481 2
46491 6
46498 18
46499 19
46501 15
46503 18
46504 9
46505 19
46507 18
46508 5
46514 18
46515 11
46521 18
46522 14
46528 12
46535 14
46541 12
46548 12
46556 16
46558 11
46564 15
46566 4
46573 5
46580 7
46582 12
46589 5
46596 21
46600 12
46607 11
46614 11
46620 4
46627 16
46629 2
46639 11
46646 17
46648 9
46650 21
46654 11
46661 5
46668 9
46669 21
46673 4
46680 10
46682 7
46684 3
46691 8
46693 11
46700 1
46709 5
46715 17
46717 1
46726 13
46732 16
46734 8
46738 12
46744 11
46751 12
46759 21
46763 14
46769 11
46775 21
46779 7
46781 8
46784 12
46790 5
