10000
1 16
3 18
4 8
8 11
13 11
19 20
21 15
23 4
29 20
30 8
34 9
35 5
40 6
46 11
52 11
59 16
61 15
63 13
68 11
72 13
78 12
84 17
86 11
90 21
94 2
105 11
112 9
114 6
118 9
119 21
123 21
127 17
129 19
130 20
132 7
135 4
139 13
143 12
149 14
155 19
157 12
163 21
167 13
172 6
178 12
184 17
186 1
193 19
195 8
199 11
205 16
207 10
210 18
211 16
213 14
218 12
222 10
225 12
231 16
233 21
237 11
243 6
249 12
255 9
256 5
261 16
263 18
264 17
266 11
273 4
277 12
283 8
285 12
291 17
293 14
298 14
302 13
308 3
315 13
320 16
322 4
330 11
336 5
342 14
349 21
353 11
357 18
358 10
359 2
370 12
376 11
380 11
384 9
385 18
386 11
392 10
393 13
398 1
407 21
411 10
412 12
418 12
424 8
428 9
429 20
431 20
433 16
435 4
443 18
444 11
450 16
452 5
459 8
463 11
467 16
469 7
472 16
474 9
476 16
478 5
483 18
484 2
495 12
501 9
502 5
508 18
509 2
516 14
520 16
522 18
523 11
529 11
534 16
536 5
541 13
545 12
549 9
550 12
554 11
559 5
564 12
568 21
572 19
574 8
578 11
585 10
586 1
594 21
598 17
600 11
607 2
616 17
618 21
622 14
629 7
632 8
636 11
641 15
643 6
649 16
651 9
653 20
654 3
661 14
667 7
669 16
671 3
678 13
683 11
689 7
692 15
694 18
695 11
702 11
706 5
711 5
715 11
721 19
723 13
727 18
728 3
734 13
738 11
744 12
748 15
750 14
756 12
762 12
768 12
776 10
777 2
786 11
790 11
794 1
801 13
806 16
808 4
814 21
818 7
821 1
830 1
840 7
843 11
847 13
851 18
852 14
858 12
864 11
870 12
876 2
883 9
884 12
890 20
892 11
896 4
902 14
906 17
908 2
915 8
917 14
924 12
930 16
932 19
934 15
936 16
938 3
945 11
950 20
952 5
958 8
960 20
961 3
966 17
968 11
972 12
976 18
977 7
980 12
988 2
997 12
1003 4
1011 12
1019 13
1024 21
1028 1
1038 12
1042 4
1046 10
1049 13
1055 8
1057 6
1061 18
1062 12
1068 14
1073 14
1077 18
1078 12
1084 8
1088 8
1090 17
1092 11
1096 9
1098 3
1103 19
1104 9
1105 11
1110 9
1112 8
1114 3
1121 2
1132 13
1137 21
1141 8
1143 18
1144 16
1146 11
1152 4
1160 11
1166 6
1174 7
1177 16
1179 13
1185 5
1190 16
1192 4
1198 4
1204 17
1206 3
1210 2
1219 8
1223 14
1229 20
1231 17
1233 20
1235 20
1236 12
1242 7
1245 17
1247 3
1254 14
1259 12
1265 4
1271 20
1272 10
1275 13
1279 10
1282 12
1286 4
1292 3
1299 20
1300 11
1305 20
1306 9
1308 11
1315 11
1322 16
1324 21
1328 11
1333 12
1339 18
1340 7
1343 2
1350 12
1356 7
1359 8
1361 7
1363 21
1367 11
1373 16
1375 18
1376 4
1380 13
1384 12
1390 6
1396 1
1404 13
1409 14
1414 17
1416 12
1422 19
1423 10
1424 4
1430 6
1434 18
1435 6
1439 11
1446 14
1451 2
1460 4
1464 17
1466 18
1467 17
1469 15
1471 7
1474 12
1480 18
1481 11
1485 6
1489 8
1493 10
1496 12
1504 12
1512 15
1514 20
1515 6
1523 12
1529 1
1537 8
1539 5
1544 4
1550 9
1552 4
1556 15
1558 6
1564 16
1566 18
1567 11
1571 20
1573 10
1576 15
1578 19
1580 2
1591 14
1598 6
1606 20
1608 5
1612 2
1623 19
1625 8
1629 5
1634 12
1642 1
1650 14
1656 12
1664 2
1673 12
1681 6
1687 11
1692 17
1694 6
1698 17
1700 5
1705 21
1709 19
1710 7
1712 11
1718 3
1722 19
1723 9
1725 20
1727 21
1731 14
1738 11
1745 7
1747 7
1749 11
1753 12
1759 11
1765 5
1769 5
1774 11
1781 21
1785 18
1786 12
1790 21
1794 13
1798 5
1803 13
1808 21
1812 12
1820 16
1822 17
1824 6
1830 21
1834 16
1836 15
1838 8
1842 10
1843 5
1848 10
1849 21
1853 19
1854 10
1855 12
1861 1
1871 1
1879 9
1881 9
1883 6
1889 17
1891 20
1893 15
1895 9
1896 18
1897 18
1898 1
1906 18
1907 11
1911 4
1917 4
1923 16
1925 13
1930 13
1936 10
1937 21
1941 16
1943 12
1949 11
1953 18
1954 21
1958 16
1960 13
1965 4
1969 11
1975 3
1979 9
1981 18
1982 18
1983 18
1984 19
1985 12
1991 12
1999 12
2003 11
2008 6
2012 4
2020 2
2027 15
2029 13
2035 20
2036 9
2037 6
2045 12
2053 5
2060 17
2062 20
2064 12
2072 16
2074 19
2075 9
2076 4
2082 3
2086 6
2092 9
2094 11
2098 12
2106 9
2108 12
2114 10
2117 17
2119 15
2121 12
2127 15
2129 18
2130 3
2136 9
2138 21
2142 4
2150 3
2154 11
2161 3
2165 8
2169 19
2170 14
2177 5
2181 18
2182 4
2188 11
2195 3
2202 12
2208 11
2214 4
2220 20
2221 14
2226 14
2230 11
2235 18
2236 3
2242 1
2250 14
2256 8
2258 3
2265 16
2267 9
2268 13
2274 7
2277 11
2282 12
2288 15
2290 8
2292 20
2293 6
2299 5
2303 21
2307 2
2316 9
2317 12
2321 12
2325 9
2326 18
2327 12
2331 11
2337 12
2341 4
2349 6
2355 10
2358 10
2359 2
2368 18
2369 8
2371 11
2378 17
2380 16
2382 14
2388 18
2389 7
2391 12
2397 12
2403 19
2405 20
2407 11
2411 11
2418 16
2420 15
2422 4
2428 11
2432 11
2439 1
2446 11
2452 12
2456 4
2460 9
2461 5
2468 20
2469 20
2471 3
2475 11
2482 17
2484 2
2491 10
2492 21
2496 16
2498 18
2499 21
2503 5
2508 12
2514 16
2516 11
2521 18
2522 13
2527 17
2529 14
2536 11
2541 12
2549 9
2551 11
2556 8
2560 12
2566 16
2568 4
2574 5
2579 14
2583 3
2589 21
2593 21
2597 6
2603 1
2612 12
2616 2
2625 13
2629 10
2632 11
2637 12
2643 14
2650 3
2656 18
2657 11
2664 11
2670 8
2672 1
2679 12
2683 5
2689 21
2693 3
2699 3
2704 15
2706 13
2711 1
2721 5
2727 14
2734 19
2736 5
2740 21
2744 14
2748 17
2750 9
2752 12
2760 6
2766 9
2767 3
2774 3
2778 15
2780 9
2782 12
2788 21
2792 21
2796 14
2803 2
2810 1
2817 1
2827 14
2834 13
2838 21
2842 16
2844 12
2850 3
2857 16
2859 12
2865 11
2872 2
2881 4
2889 11
2895 11
2902 20
2904 12
2910 1
2917 3
2923 12
2931 10
2932 2
2939 13
2944 11
2950 2
2957 16
2959 17
2961 18
2962 19
2964 7
2967 4
2973 19
2974 6
2980 14
2986 10
2987 7
2990 14
2994 4
2998 1
3008 15
3010 6
3016 13
3021 19
3023 11
3028 20
3029 20
3031 20
3033 12
3041 13
3047 15
3049 12
3055 12
3061 3
3068 15
3070 10
3071 2
3080 15
3082 14
3089 4
3097 10
3098 18
3099 7
3101 3
3108 12
3114 8
3116 12
3124 12
3128 11
3135 14
3140 1
3149 9
3151 3
3157 19
3158 3
3162 12
3168 11
3172 6
3178 10
3179 13
3183 15
3185 2
3194 3
3201 12
3207 6
3211 9
3213 9
3215 19
3216 7
3219 15
3221 13
3227 1
3237 4
3241 11
3246 9
3248 9
3249 9
3250 10
3253 3
3259 12
3263 14
3269 9
3271 21
3275 9
3277 21
3281 9
3282 6
3290 12
3296 9
3298 11
3304 9
3305 8
3309 11
3314 13
3318 18
3319 13
3323 18
3324 9
3325 19
3326 2
3337 4
3345 11
3350 14
3357 16
3359 11
3364 13
3368 7
3371 15
3373 21
3377 2
3388 5
3394 5
3399 8
3403 17
3405 3
3410 5
3417 9
3419 7
3422 10
3425 7
3427 18
3428 17
3430 12
3436 17
3438 3
3443 10
3444 17
3446 12
3452 12
3460 11
3464 9
3465 10
3466 18
3467 12
3473 20
3474 3
3478 1
3485 1
3495 16
3497 7
3499 10
3502 17
3504 10
3505 4
3509 12
3513 7
3516 18
3517 12
3523 16
3525 16
3527 8
3531 20
3533 12
3539 14
3543 12
3549 20
3551 15
3553 6
3561 2
3570 12
3578 6
3582 8
3584 17
3586 13
3591 19
3593 9
3595 3
3601 10
3604 4
3608 4
3616 6
3622 17
3624 17
3626 21
3630 13
3636 18
3637 19
3638 17
3640 16
3642 21
3646 4
3652 18
3653 11
3658 2
3667 6
3671 4
3677 19
3679 12
3683 14
3689 14
3696 7
3699 21
3703 16
3705 9
3707 6
3713 13
3718 19
3720 1
3728 3
3733 10
3734 12
3742 18
3743 12
3749 12
3753 11
3760 11
3765 4
3771 14
3777 8
3781 12
3789 11
3796 11
3803 12
3811 9
3812 10
3813 12
3817 13
3822 7
3824 11
3829 12
3835 2
3842 2
3851 4
3855 18
3856 12
3862 1
3870 13
3875 15
3877 6
3883 11
3888 7
3890 9
3891 15
3893 12
3901 18
3902 3
3906 9
3908 6
3914 13
3920 16
3922 7
3924 13
3929 12
3933 9
3934 15
3936 21
3940 5
3944 7
3947 11
3953 14
3959 19
3960 18
3961 4
3967 6
3973 12
3977 12
3981 9
3982 8
3984 7
3987 3
3993 1
4003 6
4007 10
4010 10
4013 18
4014 5
4019 10
4020 13
4025 3
4032 15
4034 11
4039 7
4042 9
4044 7
4046 11
4053 19
4054 3
4059 13
4063 15
4065 11
4071 13
4075 11
4080 11
4084 13
4089 11
4093 16
4095 11
4100 5
4105 13
4109 2
4120 11
4124 12
4132 5
4137 1
4146 15
4148 6
4156 11
4163 17
4165 11
4170 7
4172 19
4173 13
4179 12
4185 8
4187 6
4195 6
4201 16
4203 21
4207 18
4208 14
4215 18
4216 12
4220 14
4224 13
4229 2
4238 12
4244 7
4247 14
4252 11
4258 17
4260 18
4261 3
4265 10
4266 15
4268 5
4272 9
4273 11
4278 12
4284 12
4292 1
4299 4
4307 10
4308 16
4310 13
4315 15
4317 18
4318 8
4322 12
4328 16
4330 14
4337 21
4341 7
4343 1
4351 8
4353 5
4358 11
4362 11
4369 5
4376 8
4378 18
4379 11
4384 11
4390 10
4391 12
4395 11
4402 12
4410 3
4416 7
4418 11
4423 11
4430 14
4434 11
4438 5
4444 19
4446 6
4454 3
4458 7
4461 6
4467 18
4468 3
4475 11
4479 12
4487 17
4489 21
4493 11
4500 11
4504 18
4505 3
4510 17
4512 9
4513 14
4517 2
4526 12
4532 18
4533 11
4537 11
4543 21
4547 18
4548 21
4552 11
4556 12
4564 7
4566 13
4572 9
4574 19
4576 11
4583 14
4590 6
4596 1
4604 4
4610 1
4617 21
4621 12
4625 18
4626 7
4629 15
4631 19
4632 10
4633 2
4642 21
4646 12
4650 8
4654 18
4655 15
4657 17
4659 12
4665 11
4670 21
4674 4
4680 7
4682 5
4686 5
4693 11
4699 18
4700 6
4706 13
4711 18
4712 18
4713 4
4719 12
4727 18
4728 21
4732 1
4739 8
4741 18
4742 19
4743 20
4744 19
4745 1
4753 15
4755 5
4761 11
4765 21
4769 3
4775 21
4779 3
4784 15
4786 11
4790 18
4791 11
4798 20
4800 12
4804 10
4805 12
4813 1
4820 15
4822 16
4824 3
4829 2
4838 11
4844 11
4848 11
4852 21
4856 8
4858 11
4862 19
4863 8
4867 12
4873 8
4877 9
4879 15
4881 12
4887 16
4889 12
4893 11
4898 6
4902 16
4904 4
4910 18
4911 4
4915 9
4917 21
4921 3
4925 7
4927 11
4934 12
4942 11
4949 13
4954 19
4955 2
4964 15
4966 11
4972 6
4980 12
4986 3
4990 18
4991 10
4994 9
4996 8
5000 4
5006 11
5011 11
5015 15
5017 1
5025 17
5027 11
5033 11
5040 11
5047 12
5055 20
5056 3
5063 11
5069 21
5073 18
5074 17
5076 2
5085 16
5087 19
5088 10
5089 5
5093 10
5094 6
5102 11
5109 17
5111 20
5112 7
5114 21
5118 8
5120 11
5124 13
5129 6
5133 9
5134 4
5138 16
5140 16
5142 15
5144 11
5148 12
5154 18
5155 5
5162 8
5166 17
5168 20
5169 11
5173 5
5180 4
5186 2
5197 9
5199 17
5201 12
5207 11
5212 21
5216 12
5222 18
5223 13
5229 20
5231 16
5233 2
5242 12
5250 21
5254 2
5263 18
5264 11
5269 18
5270 15
5272 9
5274 14
5280 7
5282 4
5290 11
5294 18
5295 11
5300 11
5306 5
5310 20
5312 12
5318 11
5323 15
5325 7
5328 15
5330 5
5334 15
5336 20
5337 4
5341 12
5347 9
5349 11
5355 1
5362 11
5368 1
5375 21
5379 6
5385 11
5392 8
5394 6
5400 1
5410 21
5414 6
5418 10
5419 11
5424 2
5431 2
5438 12
5442 13
5446 20
5447 6
5453 12
5459 11
5465 11
5470 4
5474 13
5479 7
5482 17
5484 5
5491 17
5493 11
5500 12
5508 7
5511 19
5512 11
5518 19
5519 3
5526 12
5532 13
5538 12
5544 13
5548 7
5550 4
5556 9
5558 12
5566 10
5567 20
5568 13
5572 16
5574 17
5576 3
5583 21
5587 16
5589 11
5593 12
5599 21
5603 16
5605 11
5609 6
5615 3
5619 17
5621 11
5628 11
5634 12
5642 1
5650 11
5657 17
5659 18
5660 3
5666 13
5671 18
5672 19
5673 3
5678 4
5686 4
5692 16
5694 19
5696 8
5698 10
5699 9
5701 3
5708 12
5716 12
5724 18
5725 7
5727 14
5732 5
5739 4
5747 20
5749 12
5755 12
5761 8
5765 17
5767 16
5769 11
5774 11
5778 2
5789 15
5791 11
5796 11
5803 18
5804 3
5809 19
5810 14
5815 4
5823 21
5827 17
5829 13
5834 9
5836 5
5842 1
5852 11
5858 5
5864 21
5868 10
5869 8
5873 16
5875 12
5883 1
5893 6
5899 1
5909 7
5911 12
5917 12
5923 16
5925 11
5931 12
5939 8
5943 17
5945 10
5948 8
5952 5
5958 3
5962 8
5966 12
5970 12
5976 11
5983 8
5985 6
5989 12
5993 15
5995 19
5997 19
5998 19
6000 11
6006 6
6010 5
6015 7
6017 8
6019 15
6021 13
6025 21
6029 20
6031 10
6034 11
6039 4
6043 10
6044 21
6048 11
6053 18
6054 11
6060 13
6065 18
6066 9
6067 3
6072 18
6073 1
6080 8
6084 11
6091 5
6098 17
6100 15
6102 8
6106 12
6112 15
6114 18
6115 13
6120 6
6126 21
6130 20
6131 19
6133 12
6141 21
6145 2
6156 12
6160 4
6166 21
6170 17
6172 12
6178 18
6179 20
6181 10
6184 1
6194 14
6201 5
6207 8
6211 11
6215 19
6217 3
6221 5
6225 4
6229 3
6235 9
6237 14
6241 2
6252 12
6258 7
6261 11
6267 11
6272 11
6278 8
6282 16
6284 15
6286 18
6287 7
6290 21
6294 11
6299 16
6301 14
6306 18
6307 15
6309 11
6316 11
6322 18
6323 9
6324 7
6327 12
6335 1
6342 21
6346 10
6349 12
6355 15
6357 10
6360 21
6364 9
6366 11
6373 21
6377 10
6378 11
6382 11
6387 15
6389 11
6393 19
6394 11
6398 6
6402 16
6404 19
6406 6
6412 5
6419 5
6426 13
6430 6
6436 13
6440 2
6451 10
6452 11
6459 11
6464 13
6470 1
6479 17
6481 12
6487 10
6488 11
6495 19
6497 3
6501 2
6510 18
6511 7
6514 12
6522 21
6526 6
6532 18
6533 2
6542 12
6548 3
6552 3
6557 21
6561 9
6563 11
6568 3
6573 18
6574 6
6580 4
6588 13
6594 11
6600 12
6606 12
6612 10
6613 4
6621 11
6628 19
6629 12
6637 11
6643 1
6652 14
6659 12
6667 6
6673 4
6679 11
6684 11
6690 17
6692 11
6696 13
6701 19
6703 9
6705 1
6713 15
6715 18
6716 9
6718 12
6726 13
6731 2
6738 20
6739 2
6746 16
6748 1
6755 5
6761 13
6766 11
6770 20
6771 20
6772 19
6773 6
6781 18
6782 14
6788 12
6792 20
6793 10
6794 3
6800 18
6801 5
6806 12
6814 17
6816 6
6824 11
6829 9
6830 21
6834 21
6838 2
6849 17
6851 6
6857 1
6864 20
6865 7
6868 11
6872 11
6877 8
6881 19
6882 9
6883 4
6889 3
6895 11
6899 14
6905 9
6907 6
6913 15
6915 11
6921 6
6929 5
6935 11
6939 2
6948 17
6950 4
6954 16
6956 13
6960 3
6966 12
6972 5
6978 8
6980 14
6987 18
6988 17
6990 17
6992 12
6998 15
7000 5
7004 15
7006 12
7012 19
7013 14
7020 11
7026 18
7027 12
7031 14
7036 1
7045 20
7047 20
7048 3
7054 19
7056 19
7057 1
7065 12
7071 12
7079 21
7083 21
7087 7
7089 3
7095 1
7103 12
7111 21
7115 5
7121 11
7126 13
7132 5
7136 9
7138 21
7142 11
7148 13
7153 18
7154 20
7155 8
7157 20
7158 6
7164 18
7165 11
7172 19
7174 11
7179 11
7183 1
7190 17
7192 21
7196 17
7198 8
7202 6
7208 20
7209 8
7211 20
7213 11
7220 9
7221 11
7226 8
7230 9
7232 5
7239 8
7243 13
7247 1
7256 18
7257 11
7263 18
7264 17
7266 10
7267 11
7271 10
7272 15
7274 11
7281 13
7287 7
7289 19
7291 11
7295 17
7297 20
7298 13
7303 19
7304 11
7309 12
7315 21
7319 8
7321 11
7326 11
7330 4
7338 16
7340 20
7342 8
7344 16
7346 3
7353 7
7355 5
7360 12
7368 4
7376 16
7378 18
7379 21
7383 2
7392 2
7403 9
7405 3
7410 6
7416 7
7418 15
7420 12
7428 21
7432 7
7434 10
7437 7
7440 6
7446 11
7453 15
7455 15
7457 14
7462 5
7466 9
7467 21
7471 11
7476 20
7477 2
7484 14
7490 5
7494 8
7496 18
7497 6
7503 11
7509 11
7515 21
7519 12
7525 2
7534 4
7540 18
7541 20
7543 18
7544 5
7550 2
7559 18
7560 18
7561 6
7567 13
7573 18
7574 7
7577 11
7581 20
7583 2
7592 15
7594 3
7600 15
7602 14
7606 4
7610 12
7618 11
7623 7
7625 18
7626 1
7634 17
7636 1
7643 11
7648 5
7653 18
7654 13
7659 17
7661 11
7665 12
7673 3
7679 13
7684 11
7688 15
7690 15
7692 13
7697 12
7705 18
7706 5
7710 16
7712 18
7713 12
7719 1
7728 8
7732 18
7733 11
7738 11
7745 20
7747 4
7753 21
7757 8
7761 6
7767 12
7773 12
7779 16
7781 4
7789 13
7794 9
7796 12
7800 11
7806 14
7811 6
7817 4
7823 15
7825 18
7826 15
7828 11
7832 7
7835 7
7838 11
7842 3
7849 19
7850 8
7852 19
7854 11
7861 12
7869 21
7873 9
7875 8
7877 19
7879 11
7883 20
7884 11
7888 12
7894 20
7896 21
7900 19
7901 13
7907 5
7912 11
7919 20
7921 3
7927 15
7929 20
7930 3
7934 15
7936 7
7938 7
7940 13
7945 12
7951 12
7959 6
7965 2
7974 15
7976 12
7984 11
7991 18
7992 3
7997 5
8003 16
8005 1
8015 21
8019 18
8020 15
8022 11
8027 15
8029 2
8038 3
8042 13
8046 11
8051 10
8052 1
8062 4
8068 17
8070 8
8074 16
8076 8
8080 3
8084 11
8091 10
8092 10
8093 18
8094 17
8096 11
8102 15
8104 5
8111 12
8117 20
8119 11
8124 16
8126 7
8129 8
8131 12
8137 12
8145 12
8153 4
8159 11
8163 16
8165 14
8172 8
8174 12
8182 21
8186 11
8192 20
8193 11
8198 8
8202 10
8203 15
8205 5
8212 13
8217 21
8221 7
8223 11
8228 11
8235 15
8237 12
8243 1
8252 15
8254 19
8256 20
8257 12
8263 19
8265 11
8269 2
8276 6
8280 18
8281 6
8287 17
8289 21
8293 11
8299 12
8305 14
8309 14
8316 12
8324 20
8326 19
8327 6
8331 4
8337 16
8339 18
8340 18
8341 11
8348 9
8350 10
8351 19
8353 11
8357 11
8364 1
8374 11
8379 15
8381 8
8385 10
8388 3
8392 9
8394 12
8400 14
8406 11
8412 11
8417 2
8426 11
8431 11
8437 15
8439 7
8441 19
8443 6
8449 18
8450 8
8454 11
8460 18
8461 14
8465 15
8467 11
8474 16
8476 9
8478 9
8480 5
8487 19
8489 16
8491 8
8493 11
8497 12
8503 6
8507 11
8514 12
8518 18
8519 12
8525 16
8527 9
8528 6
8534 3
8540 15
8542 18
8543 16
8545 7
8547 20
8549 15
8551 11
8555 17
8557 18
8558 16
8560 7
8562 3
8568 2
8577 11
8581 2
8590 16
8592 11
8598 2
8609 14
8616 11
8620 18
8621 18
8622 7
8625 15
8627 16
8629 11
8635 6
8641 21
8645 5
8650 7
8652 19
8654 21
8658 4
8664 13
8670 20
8671 17
8673 9
8675 12
8679 5
8683 11
8689 8
8693 12
8699 11
8706 18
8707 12
8711 11
8717 2
8726 21
8730 11
8735 9
8737 12
8743 12
8747 12
8751 15
8753 15
8755 8
8757 13
8762 12
8768 14
8774 2
8785 18
8786 20
8788 12
8794 15
8796 15
8798 12
8802 11
8809 12
8813 21
8817 12
8823 18
8824 19
8825 6
8829 7
8832 11
8836 14
8840 10
8843 10
8846 6
8850 18
8851 9
8853 11
8860 6
8868 20
8869 11
8876 1
8886 1
8893 18
8894 8
8898 11
8905 7
8908 4
8914 16
8916 1
8923 3
8930 11
8936 19
8937 2
8944 5
8949 16
8951 4
8957 8
8959 20
8960 19
8962 11
8967 4
8975 12
8983 8
8985 20
8987 12
8993 15
8995 7
8998 10
9001 6
9007 5
9012 18
9013 10
9016 11
9021 20
9022 15
9024 12
9028 17
9030 13
9036 5
9042 14
9049 6
9053 11
9059 18
9060 18
9061 12
9065 20
9066 2
9075 8
9077 12
9083 12
9089 1
9099 4
9105 15
9107 18
9108 4
9116 10
9117 1
9125 11
9131 9
9133 18
9134 4
9140 14
9145 10
9146 13
9150 7
9153 11
9157 6
9165 21
9169 15
9171 2
9180 13
9184 14
9190 14
9196 12
9204 5
9208 12
9214 18
9215 5
9219 19
9221 9
9222 10
9223 19
9225 18
9226 12
9234 19
9235 3
9241 13
9246 15
9248 17
9250 9
9251 5
9255 4
9263 5
9270 9
9271 5
9277 12
9285 1
9294 8
9298 18
9299 16
9301 5
9308 16
9310 12
9316 12
9322 20
9324 1
9332 8
9334 18
9335 13
9340 12
9346 18
9347 5
9351 14
9357 11
9363 12
9369 4
9373 13
9378 18
9379 11
9383 11
9390 12
9394 10
9397 3
9403 20
9405 12
9409 17
9411 18
9412 12
9418 12
9426 16
9428 10
9429 21
9433 18
9434 7
9437 18
9438 3
9443 6
9451 3
9456 7
9458 3
9465 11
9470 2
9477 19
9479 18
9480 18
9481 12
9487 18
9488 9
9489 19
9491 14
9498 19
9499 12
9505 11
9509 11
9516 14
9520 7
9523 14
9530 20
9531 20
9533 18
9534 10
9535 19
9537 19
9538 14
9543 21
9547 3
9554 4
9558 6
9564 3
9571 18
9572 11
9579 8
9583 15
9585 6
9589 13
9594 18
9595 18
9596 15
9598 21
9602 5
9606 5
9613 18
9614 11
9621 9
9622 5
9626 17
9628 14
9633 3
9638 11
9643 10
9644 15
9646 4
9652 10
9655 1
9665 14
9669 21
9673 12
9679 6
9687 6
9693 14
9697 21
9701 1
9709 11
9714 11
9720 11
9725 11
9729 17
9731 8
9733 4
9739 13
9743 14
9747 11
9752 9
9753 2
9760 13
9764 12
9770 18
9771 4
9777 15
9779 21
9783 9
9785 19
9786 4
9792 18
9793 12
9797 17
9799 16
9801 18
9802 12
9808 11
9815 18
9816 16
9818 17
9820 12
9828 5
9832 1
9840 21
9844 7
9846 11
9851 12
9857 3
9861 2
9868 12
9876 8
9878 7
9881 10
9884 3
9889 15
9891 20
9893 12
9899 1
9908 7
9911 12
9915 5
9922 8
9924 12
9932 18
9933 15
9935 12
9941 13
9946 16
9948 11
9954 6
9960 17
9962 11
9966 8
9968 11
9973 17
9975 12
9983 6
9989 18
9990 12
9996 5
10000 18
10001 17
10003 2
10014 10
10017 12
10025 17
10027 8
10029 15
10031 17
10033 16
10035 5
10042 18
10043 11
10047 15
10049 11
10056 19
10058 2
10065 21
10069 12
10075 12
10081 20
10083 12
10089 11
10095 11
10101 10
10104 11
10110 11
10117 15
10119 7
10122 1
10130 9
10132 20
10134 12
10138 12
10144 4
10152 13
10156 21
10160 2
10169 3
10173 15
10175 2
10182 10
10185 6
10191 5
10195 1
10205 11
10211 12
10217 11
10223 19
10224 15
10226 21
10230 5
10236 13
10240 18
10241 8
10245 18
10246 5
10251 10
10252 16
10254 19
10256 17
10258 7
10261 9
10263 21
10267 11
10274 12
10282 13
10287 1
10295 12
10301 12
10305 11
10310 20
10312 11
10319 12
10325 7
10327 16
10329 1
10337 13
10343 13
10349 15
10351 7
10354 20
10356 8
10358 11
10365 18
10366 8
10368 16
10370 13
10375 12
10381 11
10387 19
10388 5
10394 15
10396 6
10400 18
10401 11
10408 13
10413 20
10414 14
10421 7
10423 8
10427 3
10434 12
10440 16
10442 18
10443 14
10447 20
10449 21
10453 5
10459 11
10464 14
10469 20
10470 3
10476 3
10481 11
10487 12
10495 3
10502 8
10506 12
10514 4
10520 10
10523 12
10531 8
10535 21
10539 3
10543 2
10552 7
10555 8
10557 5
10563 11
10568 21
10572 17
10574 11
10580 2
10589 20
10591 5
10595 6
10601 4
10609 11
10614 6
10622 11
10628 19
10629 11
10636 18
10637 21
10641 11
10645 18
10646 18
10647 7
10650 14
10656 3
10660 10
10663 11
10668 7
10671 12
10677 11
10681 18
10682 10
10683 16
10685 3
10690 19
10692 5
10697 20
10699 17
10701 8
10705 17
10707 14
10711 16
10713 19
10714 16
10716 7
10719 2
10726 16
10728 12
10734 11
10741 7
10743 17
10745 8
10747 21
10751 14
10756 20
10757 21
10761 11
10766 14
10773 18
10774 11
10781 11
10785 4
10789 10
10790 13
10795 11
10801 13
10807 14
10813 12
10819 11
10823 1
10832 19
10834 11
10841 11
10847 4
10851 18
10852 11
10856 20
10858 12
10866 21
10870 10
10873 11
10879 5
10886 9
10887 1
10896 5
10901 20
10902 10
10905 10
10908 14
10915 11
10920 18
10921 6
10929 14
10933 16
10935 6
10943 14
10947 14
10954 5
10958 11
10962 14
10968 4
10974 9
10975 21
10979 5
10985 14
10992 2
11003 12
11009 5
11014 5
11018 13
11022 8
11026 1
11035 11
11042 13
11046 19
11048 11
11052 21
11056 11
11060 12
11066 12
11072 2
11081 18
11082 12
11088 11
11093 6
11097 8
11101 13
11106 10
11107 20
11108 4
11112 18
11113 5
11117 11
11124 4
11130 14
11136 5
11143 17
11145 8
11149 9
11150 15
11152 8
11154 15
11156 16
11158 14
11164 13
11170 5
11176 10
11177 3
11184 1
11194 6
11198 15
11200 15
11202 17
11204 9
11206 18
11207 8
11211 12
11219 2
11226 18
11227 20
11228 17
11230 17
11232 13
11237 14
11242 14
11248 11
11253 6
11261 10
11262 1
11270 6
11276 14
11282 9
11283 14
11289 11
11293 3
11300 11
11307 21
11311 11
11318 7
11320 5
11327 1
11335 12
11343 12
11349 12
11357 19
11359 17
11361 16
11363 12
11371 7
11374 5
11378 12
11384 18
11385 10
11388 8
11392 3
11398 10
11399 6
11403 9
11405 18
11406 1
11416 5
11422 2
11431 4
11439 11
11445 1
11452 10
11455 7
11458 17
11460 12
11466 10
11467 9
11469 17
11471 11
11478 12
11484 8
11488 16
11490 8
11492 14
11497 12
11503 3
11509 5
11514 7
11517 20
11518 15
11520 18
11521 9
11522 1
11529 16
11531 11
11538 15
11540 20
11542 20
11544 12
11550 10
11551 14
11558 6
11564 18
11565 14
11571 18
11572 13
11578 6
11584 10
11587 11
11594 8
11598 13
11604 4
11608 11
11612 1
11620 9
11621 21
11625 14
11630 11
11635 17
11637 15
11639 15
11641 21
11645 6
11649 16
11651 18
11652 4
11658 5
11662 18
11663 8
11667 19
11668 5
11675 2
11686 8
11690 11
11697 2
11706 5
11712 3
11719 15
11721 16
11723 11
11727 9
11729 20
11730 12
11734 7
11737 12
11743 10
11746 18
11747 1
11756 16
11758 1
11766 1
11773 15
11775 17
11777 4
11783 13
11789 18
11790 6
11796 11
11803 11
11808 18
11809 7
11811 1
11819 10
11820 16
11822 4
11830 12
11838 15
11840 11
11844 11
11850 12
11856 16
11858 21
11862 17
11864 20
11865 8
11869 13
11875 2
11884 12
11890 11
11894 11
11899 11
11903 21
11907 9
11909 6
11917 14
11924 16
11926 11
11933 13
11938 10
11939 14
11945 11
11951 17
11953 20
11955 16
11957 18
11958 17
11960 11
11967 11
11971 16
11973 13
11979 16
11981 14
11988 12
11992 12
11998 11
12004 3
12010 13
12015 3
12021 7
12023 16
12025 21
12029 11
12033 19
12035 3
12039 11
12044 11
12049 19
12051 5
12056 11
12063 12
12069 9
12070 2
12077 12
12083 18
12084 17
12086 2
12097 16
12099 11
12104 11
12108 17
12110 20
12111 5
12116 4
12120 17
12122 18
12123 8
12127 6
12133 8
12137 7
12139 11
12143 17
12145 16
12147 9
12148 8
12150 2
12161 19
12163 11
12170 21
12174 18
12175 7
12178 17
12180 19
12182 3
12188 11
12194 11
12200 20
12201 10
12204 11
12209 7
12211 20
12213 2
12222 5
12227 11
12232 17
12234 11
12241 16
12243 3
12249 17
12251 15
12253 5
12258 6
12266 17
12268 2
12279 2
12288 16
12290 11
12296 9
12297 2
12306 19
12308 17
12310 21
12314 14
12319 4
12325 6
12331 1
12338 11
12344 11
12348 4
12352 14
12359 1
12368 12
12374 12
12382 12
12390 16
12392 2
12403 11
12407 15
12409 15
12411 8
12415 11
12421 17
12423 11
12430 14
12434 10
12437 19
12439 2
12448 11
12455 12
12461 4
12467 9
12468 12
12476 14
12482 10
12483 1
12492 15
12494 2
12503 5
12509 19
12511 4
12517 12
12525 11
12531 13
12536 12
12542 15
12544 12
12552 13
12557 5
12561 17
12563 6
12567 19
12568 6
12572 12
12578 14
12583 3
12589 13
12593 7
12596 1
12603 10
12604 19
12605 2
12614 17
12616 11
12623 12
12629 13
12634 4
12640 21
12644 19
12646 4
12650 2
12659 8
12663 8
12665 18
12666 9
12668 10
12669 17
12671 12
12677 4
12681 2
12690 11
12697 8
12701 18
12702 12
12708 16
12710 11
12717 15
12719 6
12723 12
12727 20
12729 14
12734 15
12736 9
12738 4
12746 21
12750 21
12754 14
12758 4
12764 2
12773 6
12781 6
12787 9
12789 19
12791 5
12796 13
12802 11
12808 7
12810 11
12814 8
12816 8
12820 13
12824 12
12830 9
12832 11
12838 9
12839 11
12844 18
12845 16
12847 11
12851 7
12854 17
12856 21
12860 13
12864 12
12872 9
12874 10
12875 1
12885 10
12888 10
12891 6
12895 19
12896 17
12898 11
12904 1
12912 1
12921 11
12927 19
12929 8
12933 19
12934 11
12938 9
12939 7
12941 7
12943 19
12944 12
12950 2
12961 3
12966 11
12971 4
12977 16
12979 13
12983 16
12985 12
12991 12
12997 4
13003 5
13008 19
13009 20
13011 1
13020 6
13026 16
13028 14
13033 14
13038 15
13040 11
13046 3
13053 21
13057 7
13059 12
13065 17
13067 11
13072 17
13074 12
13078 15
13080 4
13086 15
13088 13
13093 20
13095 10
13098 13
13104 14
13108 18
13109 11
13115 4
13119 15
13121 13
13127 10
13130 10
13131 5
13136 12
13142 18
13143 14
13150 14
13156 19
13158 13
13163 21
13167 13
13172 11
13176 11
13182 21
13186 5
13190 15
13192 6
13200 18
13201 18
13202 8
13206 21
13210 4
13216 11
13220 10
13221 16
13223 17
13225 3
13229 9
13230 9
13232 5
13237 9
13239 6
13245 1
13252 18
13253 4
13257 7
13259 18
13260 12
13266 3
13270 15
13272 6
13278 1
13288 11
13292 16
13294 18
13295 18
13296 7
13298 4
13306 18
13307 17
13309 14
13313 5
13319 15
13321 11
13328 2
13339 11
13346 16
13348 2
13357 12
13363 18
13364 11
13371 10
13374 11
13380 21
13384 5
13388 18
13389 20
13391 7
13394 2
13403 6
13407 3
13414 18
13415 19
13416 13
13420 17
13422 6
13430 8
13432 7
13435 15
13437 14
13442 7
13445 11
13452 16
13454 15
13456 17
13458 20
13459 21
13463 5
13469 8
13473 13
13477 18
13478 11
13482 11
13489 11
13494 19
13496 12
13504 15
13506 11
13513 13
13518 12
13524 12
13530 1
13537 10
13540 11
13545 2
13552 11
13557 11
13563 2
13574 1
13582 18
13583 18
13584 10
13587 17
13589 5
13594 6
13602 11
13607 19
13608 12
13612 1
13622 6
13628 12
13632 12
13640 15
13642 18
13643 3
13648 1
13657 18
13658 2
13667 18
13668 3
13674 17
13676 9
13678 2
13689 2
13698 7
13700 9
13702 11
13706 21
13710 12
13716 15
13718 6
13722 1
13731 15
13733 12
13741 12
13745 8
13747 11
13752 11
13757 18
13758 13
13763 11
13769 11
13774 10
13775 4
13783 4
13789 15
13791 4
13797 12
13805 19
13806 6
13812 10
13813 15
13815 20
13817 6
13823 12
13831 3
13838 14
13844 15
13846 11
13852 10
13855 12
13861 9
13862 15
13864 11
13870 19
13871 4
13875 2
13886 11
13892 11
13898 12
13904 12
13910 18
13911 4
13917 15
13919 18
13920 21
13924 10
13927 19
13928 9
13930 21
13934 17
13936 19
13937 20
13938 16
13940 3
13945 3
13952 11
13957 13
13963 17
13965 19
13967 20
13969 14
13975 13
13980 4
13986 15
13988 8
13990 20
13991 11
13996 11
14001 14
14005 16
14007 4
14013 10
14014 7
14017 11
14021 6
14027 8
14031 7
14034 16
14036 11
14042 11
14046 11
14051 16
14053 20
14055 18
14056 17
14058 11
14063 16
14065 1
14072 13
14077 9
14079 18
14080 17
14082 12
14088 12
14096 9
14097 2
14106 6
14114 18
14115 17
14117 7
14120 20
14121 11
14127 8
14131 11
14137 12
14143 21
14147 11
14151 11
14157 11
14161 21
14165 2
14174 4
14178 7
14181 9
14182 19
14183 4
14189 3
14195 11
14199 1
14208 19
14209 16
14211 8
14215 18
14216 3
14223 11
14230 18
14231 3
14237 1
14247 12
14253 20
14255 18
14256 14
14261 16
14263 17
14265 16
14267 16
14269 10
14272 12
14278 1
14285 11
14292 19
14293 19
14295 5
14301 18
14302 17
14304 11
14310 3
14314 16
14316 4
14324 16
14326 17
14328 7
14330 16
14332 1
14340 4
14348 3
14355 2
14362 3
14367 20
14368 11
14374 21
14378 18
14379 4
14387 1
14395 12
14401 9
14402 20
14403 1
14410 20
14412 4
14416 21
14420 11
14426 9
14428 4
14434 17
14436 21
14440 19
14442 6
14448 16
14450 21
14454 16
14456 2
14465 14
14472 10
14475 18
14476 11
14481 12
14485 13
14490 9
14491 12
14497 18
14498 5
14503 11
14508 6
14514 16
14516 21
14520 11
14525 4
14533 2
14542 13
14546 10
14547 9
14548 6
14552 11
14557 11
14563 11
14567 6
14575 17
14577 11
14584 11
14591 19
14592 7
14594 5
14600 18
14601 14
14605 18
14606 7
14609 4
14617 4
14625 11
14631 11
14637 18
14638 10
14639 19
14641 13
14645 18
14646 3
14650 19
14652 5
14657 15
14659 19
14660 17
14662 12
14668 18
14669 17
14671 2
14682 12
14690 19
14691 20
14692 9
14693 6
14699 19
14700 13
14705 15
14707 13
14711 10
14714 4
14722 17
14724 10
14727 8
14729 18
14730 3
14735 18
14736 6
14742 6
14750 2
14761 6
14767 10
14768 2
14775 12
14781 8
14785 10
14786 9
14787 18
14788 17
14790 18
14791 5
14796 16
14798 6
14806 12
14814 20
14816 11
14823 4
14829 20
14831 11
14838 7
14840 13
14845 18
14846 12
14850 17
14852 9
14853 14
14858 2
14865 16
14867 6
14873 9
14874 21
14878 12
14882 19
14883 9
14884 21
14888 17
14890 11
14896 1
14905 13
14911 11
14917 20
14918 1
14928 16
14930 4
14936 12
14942 4
14948 15
14950 11
14954 14
14961 17
14963 12
14969 12
14975 1
14983 3
14987 18
14988 20
14989 18
14990 21
14994 10
14997 13
15002 8
15006 8
15008 9
15009 11
15015 9
15017 7
15019 18
15020 15
15022 17
15024 1
15031 13
15036 11
15041 16
15043 6
15049 15
15051 19
15052 20
15053 18
15054 17
15056 12
15060 13
15065 18
15066 1
15073 18
15074 20
15075 18
15076 11
15082 11
15087 11
15094 14
15101 16
15103 14
15110 12
15114 15
15116 11
15122 11
15128 20
15129 2
15138 8
15140 20
15142 12
15150 15
15152 16
15154 16
15156 12
15162 18
15163 12
15169 5
15175 7
15178 12
15184 1
15193 13
15197 11
15202 11
15207 18
15208 15
15210 15
15212 20
15213 1
15221 13
15227 12
15235 6
15241 18
15242 20
15243 16
15245 12
15251 12
15259 14
15263 17
15265 11
15269 1
15279 4
15285 10
15286 11
15290 7
15292 6
15298 12
15302 11
15307 16
15309 8
15313 9
15315 19
15317 21
15321 18
15322 20
15323 16
15325 12
15329 18
15330 19
15331 7
15333 15
15335 15
15337 14
15341 4
15345 5
15351 2
15358 15
15360 19
15361 12
15367 21
15371 7
15374 6
15378 7
15381 19
15383 1
15391 15
15393 13
15398 8
15402 18
15403 14
15407 10
15408 20
15410 12
15416 2
15425 15
15427 11
15434 13
15440 8
15442 14
15446 11
15453 10
15454 8
15456 12
15462 7
15464 9
15465 18
15466 4
15470 20
15471 16
15473 10
15476 14
15483 12
15491 12
15495 11
15500 3
15507 12
15513 11
15520 11
15525 21
15529 1
15537 19
15539 11
15544 13
15550 21
15554 9
15555 11
15562 13
15567 2
15576 18
15577 7
15579 12
15587 9
15588 16
15590 11
15597 12
15605 5
15610 18
15611 2
15620 4
15628 11
15632 13
15637 4
15641 3
15646 20
15647 21
15651 12
15657 2
15666 21
15670 1
15680 11
15687 17
15689 20
15690 16
15692 16
15694 6
15700 11
15707 9
15708 12
15714 8
15718 14
15725 21
15729 12
15737 7
15740 4
15746 8
15748 10
15749 1
15759 13
15763 11
15770 2
15777 11
15782 17
15784 5
15791 6
15795 4
15801 12
15805 18
15806 19
15807 1
15815 21
15819 3
15826 21
15830 12
15838 17
15840 21
15844 18
15845 18
15846 12
15850 17
15852 6
15858 4
15864 7
15867 4
15875 16
15877 3
15881 19
15882 16
15884 18
15885 11
15890 11
15895 8
15899 20
15901 2
15910 19
15912 9
15914 8
15916 20
15918 17
15920 19
15922 8
15926 5
15931 12
15939 18
15940 15
15942 6
15950 11
15956 8
15960 11
15965 18
15966 3
15972 18
15973 2
15980 5
15985 13
15989 16
15991 11
15996 2
16005 1
16012 2
16019 17
16021 20
16023 4
16027 18
16028 15
16030 11
16037 20
16038 12
16044 10
16045 11
16050 18
16051 13
16056 20
16058 13
16063 13
16068 11
16072 17
16074 12
16082 18
16083 6
16087 16
16089 14
16094 11
16101 10
16102 12
16110 18
16111 11
16118 12
16124 14
16128 15
16130 17
16132 7
16134 5
16138 3
16145 7
16147 18
16148 1
16157 2
16166 14
16173 17
16175 9
16176 4
16182 11
16186 3
16190 19
16191 8
16195 15
16197 18
16198 11
16203 7
16205 11
16211 14
16218 12
16222 9
16223 6
16227 20
16229 6
16235 9
16236 8
16240 11
16247 12
16255 9
16256 12
16262 21
16266 14
16270 2
16279 4
16285 12
16293 19
16294 1
16302 6
16306 10
16309 11
16313 12
16317 12
16321 12
16327 13
16331 11
16336 4
16344 1
16351 2
16362 6
16368 7
16370 7
16373 15
16375 20
16377 15
16379 18
16380 12
16388 19
16390 19
16391 9
16392 8
16396 2
16403 5
16408 15
16410 16
16412 16
16414 21
16418 12
16422 3
16426 12
16432 11
16439 2
16448 17
16450 7
16453 7
16455 9
16456 2
16465 15
16467 16
16469 18
16470 11
16477 18
16478 3
16485 5
16489 3
16494 7
16497 14
16504 12
16510 21
16514 5
16518 2
16527 9
16529 14
16535 2
16546 7
16549 6
16555 10
16556 1
16563 11
16569 20
16571 11
16575 2
16582 18
16583 1
16592 21
16596 11
16603 5
16608 3
16614 11
16619 15
16621 4
16627 14
16632 1
16640 4
16648 11
16654 20
16656 21
16660 16
16662 8
16664 3
16671 12
16677 15
16679 17
16681 1
16691 3
16696 12
16702 8
16704 18
16705 13
16710 9
16712 11
16717 11
16724 12
16728 13
16733 11
16740 4
16748 15
16750 12
16754 11
16760 19
16762 17
16764 14
16768 12
16774 17
16776 9
16777 11
16784 9
16785 18
16786 4
16792 6
16800 18
16801 16
16803 18
16804 18
16805 21
16809 13
16813 11
16817 11
16821 7
16823 17
16825 17
16827 7
16830 13
16835 10
16836 5
16843 16
16845 12
16849 13
16855 15
16857 17
16859 14
16866 2
16875 5
16880 10
16883 16
16885 10
16886 19
16887 4
16893 14
16897 10
16900 18
16901 8
16905 12
16911 20
16913 20
16915 12
16921 17
16923 6
16929 10
16930 4
16936 10
16937 21
16941 13
16946 10
16949 14
16955 6
16963 14
16968 13
16973 13
16977 6
16985 21
16989 6
16995 15
16997 11
17002 16
17004 21
17008 11
17013 3
17017 15
17019 14
17025 13
17029 7
17031 20
17032 12
17038 2
17047 4
17053 13
17057 18
17058 1
17067 7
17069 18
17070 12
17076 11
17081 18
17082 9
17084 14
17091 11
17095 16
17097 13
17103 2
17112 21
17116 2
17125 10
17128 6
17134 13
17140 13
17146 9
17147 4
17151 12
17155 3
17159 7
17161 18
17162 7
17164 5
17170 21
17174 12
17178 10
17179 1
17187 19
17188 2
17197 14
17202 11
17209 11
17213 7
17215 5
17221 12
17227 5
17233 12
17239 17
17241 1
17251 18
17252 15
17254 12
17258 14
17263 17
17265 15
17267 17
17269 20
17271 21
17275 11
17280 21
17284 3
17291 13
17296 5
17300 19
17301 14
17307 16
17309 21
17313 14
17320 6
17324 11
17329 19
17330 18
17331 12
17339 14
17344 12
17350 13
17354 11
17360 8
17364 7
17366 7
17369 3
17376 9
17377 14
17382 12
17390 2
17397 4
17403 3
17409 5
17414 8
17418 12
17426 13
17432 1
17440 8
17444 16
17446 1
17453 11
17458 8
17460 4
17464 7
17467 9
17469 12
17475 4
17481 15
17483 2
17492 16
17494 15
17496 16
17498 18
17499 17
17501 17
17503 4
17509 2
17520 7
17522 2
17529 11
17536 6
17542 11
17549 3
17554 9
17555 11
17562 6
17566 20
17567 12
17573 11
17578 4
17584 20
17586 17
17588 15
17590 15
17592 15
17594 9
17596 9
17598 18
17599 21
17603 13
17608 16
17610 4
17614 11
17618 11
17624 9
17626 14
17633 14
17637 9
17638 17
17640 12
17646 21
17650 10
17651 11
17658 10
17659 13
17665 6
17673 4
17677 21
17681 16
17683 11
17688 1
17697 9
17698 11
17702 19
17703 11
17710 7
17713 9
17714 12
17720 3
17726 8
17728 9
17730 20
17732 17
17734 12
17740 5
17746 10
17749 17
17751 14
17756 16
17758 21
17762 12
17768 2
17777 7
17780 18
17781 4
17787 17
17789 21
17793 19
17794 4
17802 12
17810 6
17816 15
17818 1
17826 18
17827 21
17831 4
17835 14
17841 3
17848 12
17852 8
17856 16
17858 9
17860 11
17867 11
17873 7
17876 19
17877 14
17881 11
17887 4
17891 8
17893 14
17900 15
17902 4
17910 19
17912 6
17918 11
17922 11
17927 19
17929 15
17931 4
17937 19
17938 6
17944 9
17945 9
17947 10
17948 17
17950 2
17959 9
17960 4
17964 10
17965 14
17972 13
17977 17
17979 4
17985 20
17986 11
17992 18
17993 18
17994 14
17998 18
17999 12
18003 8
18005 20
18007 13
18011 19
18012 11
18017 6
18025 11
18030 4
18036 18
18037 16
18039 1
18046 12
18052 7
18055 18
18056 20
18057 18
18058 5
18062 19
18063 11
18069 18
18070 3
18074 16
18076 10
18077 11
18083 7
18086 19
18087 14
18094 15
18096 18
18097 2
18106 4
18112 8
18114 18
18115 7
18117 11
18124 5
18128 21
18132 13
18138 16
18140 11
18146 12
18154 6
18160 1
18168 16
18170 8
18174 19
18176 20
18178 18
18179 17
18181 20
18183 10
18186 2
18195 5
18199 19
18200 8
18202 5
18207 11
18212 16
18214 20
18216 12
18222 15
18224 18
18225 13
18229 4
18235 15
18237 2
18244 14
18250 14
18254 5
18261 4
18267 7
18270 9
18271 12
18277 12
18283 2
18290 21
18294 20
18296 21
18300 13
18305 11
18309 9
18311 10
18312 11
18319 6
18325 8
18327 8
18331 10
18334 10
18337 18
18338 18
18339 11
18346 14
18350 10
18351 4
18357 4
18363 1
18371 11
18378 15
18380 19
18382 13
18388 16
18390 11
18396 1
18404 18
18405 17
18407 12
18413 7
18416 10
18419 12
18425 12
18431 19
18432 11
18436 5
18440 17
18442 13
18448 17
18450 18
18451 13
18457 6
18465 1
18475 6
18479 10
18480 11
18484 20
18486 5
18493 11
18497 16
18499 11
18505 11
18511 5
18516 3
18521 3
18528 18
18529 11
18535 18
18536 12
18544 2
18553 13
18558 1
18565 10
18568 8
18572 5
18578 19
18579 11
18585 21
18589 14
18596 2
18605 16
18607 20
18609 18
18610 7
18613 13
18618 7
18620 11
18626 2
18635 16
18637 3
18643 12
18649 10
18652 14
18657 8
18659 9
18660 21
18664 7
18667 10
18668 13
18672 11
18676 6
18682 2
18693 1
18700 12
18706 2
18717 19
18718 1
18727 11
18734 18
18735 3
18740 19
18742 13
18747 11
18752 10
18755 2
18764 18
18765 8
18769 11
18774 3
18781 2
18792 1
18801 9
18803 17
18805 11
18811 16
18813 9
18814 10
18815 7
18817 12
18821 18
18822 2
18833 18
18834 4
18842 20
18844 19
18845 9
18847 21
18851 11
18857 17
18859 18
18860 7
18863 8
18867 17
18869 14
18875 6
18881 11
18885 11
18889 14
18893 11
18900 12
18904 19
18906 5
18910 9
18912 10
18915 13
18919 12
18925 17
18927 9
18928 15
18930 19
18931 6
18937 16
18939 14
18945 11
18951 6
18957 5
18962 20
18963 14
18967 4
18975 9
18977 18
18978 15
18980 18
18981 7
18983 3
18987 12
18991 11
18995 12
19003 13
19009 13
19013 3
19018 11
19025 12
19029 18
19030 14
19036 14
19041 7
19043 5
19048 12
19054 16
19056 18
19057 8
19059 4
19067 17
19069 9
19071 17
19073 10
19076 11
19081 6
19087 1
19097 5
19102 11
19107 9
19108 1
19117 15
19119 2
19128 8
19130 20
19131 13
19136 20
19138 1
19148 18
19149 11
19155 11
19159 4
19167 9
19168 13
19173 10
19176 3
19180 1
19190 15
19192 11
19199 11
19205 11
19211 8
19215 17
19217 6
19225 18
19226 11
19230 6
19236 14
19241 17
19243 18
19244 14
19249 21
19253 21
19257 19
19259 3
19265 13
19270 14
19274 11
19279 20
19280 5
19286 17
19288 11
19293 21
19297 11
19304 6
19310 12
19316 20
19317 12
19323 20
19325 11
19330 21
19334 4
19338 2
19345 15
19347 18
19348 9
19350 18
19351 10
19354 2
19363 20
19365 7
19367 12
19375 6
19381 10
19384 3
19391 20
19393 4
19399 7
19401 20
19402 4
19406 18
19407 11
19412 3
19417 17
19419 9
19421 6
19427 10
19428 7
19431 1
19438 8
19440 1
19450 12
19456 18
19457 10
19460 16
19462 10
19463 21
19467 12
19473 9
19475 1
19485 6
19489 9
19491 4
19497 11
19504 11
19509 6
19515 13
19521 11
19525 10
19528 12
19536 11
19540 11
19546 13
19551 3
19555 5
19562 13
19567 12
19573 4
19581 2
19590 16
19592 7
19595 18
19596 17
19598 1
19607 20
19609 18
19610 10
19613 13
19618 4
19624 3
19630 19
19632 18
19633 16
19635 11
19640 15
19642 21
19646 12
19654 12
19660 12
19666 14
19670 11
19675 14
19680 2
19687 1
19695 11
19700 12
19704 18
19705 11
19709 14
19715 2
19726 2
19735 1
19745 10
19748 4
19754 7
19756 6
19762 12
19766 11
19772 21
19776 15
19778 18
19779 8
19781 4
19787 21
19791 7
19793 18
19794 11
19800 7
19802 10
19805 11
19812 16
19814 17
19816 16
19818 11
19822 8
19826 1
19834 17
19836 19
19837 10
19840 5
19844 3
19851 2
19860 12
19864 19
19866 11
19873 21
19877 8
19879 16
19881 18
19882 21
19886 11
19893 12
19897 12
19905 1
19912 16
19914 2
19923 19
19924 13
19929 13
19934 6
19940 12
19948 3
19955 2
19962 12
19970 13
19974 11
19979 11
19984 16
19986 11
19991 15
19993 9
19995 1
20004 12
20010 18
20011 8
20013 8
20015 20
20017 6
20023 3
20028 5
20032 5
20036 18
20037 5
20041 6
20045 15
20047 15
20049 6
20053 12
20059 6
20067 6
20075 19
20076 16
20078 1
20088 16
20090 5
20094 17
20096 18
20097 2
20104 4
20110 2
20121 10
20122 3
20129 9
20131 1
20139 18
20140 10
20141 16
20143 3
20147 2
20156 21
20160 14
20165 12
20171 11
20175 11
20179 7
20182 11
20186 12
20190 15
20192 15
20194 7
20196 1
20205 9
20207 10
20210 16
20212 11
20216 14
20221 18
20222 5
20228 13
20233 16
20235 10
20236 17
20238 18
20239 3
20245 18
20246 14
20250 5
20254 11
20260 10
20261 1
20270 15
20272 14
20277 16
20279 4
20287 1
20296 19
20297 11
20303 12
20309 12
20315 11
20321 1
20330 15
20332 2
20343 18
20344 4
20350 18
20351 18
20352 2
20361 16
20363 11
20369 2
20378 12
20382 9
20383 12
20389 8
20391 13
20397 12
20403 20
20405 13
20409 14
20415 11
20420 11
20425 6
20431 8
20433 12
20441 8
20445 8
20447 16
20449 1
20457 10
20460 4
20466 19
20468 4
20476 4
20480 2
20491 13
20495 20
20497 1
20506 4
20512 16
20514 11
20518 11
20522 3
20528 15
20530 10
20531 19
20533 20
20535 12
20543 19
20544 12
20550 14
20554 20
20556 18
20557 11
20564 15
20566 3
20573 5
20579 11
20584 3
20591 9
20592 4
20600 18
20601 7
20604 16
20606 17
20608 7
20610 11
20615 15
20617 11
20624 18
20625 12
20633 1
20641 21
20645 16
20647 9
20649 13
20653 12
20661 15
20663 12
20669 18
20670 21
20674 6
20680 15
20682 12
20688 6
20696 12
20704 4
20710 14
20717 18
20718 17
20720 11
20726 18
20727 1
20735 12
20741 12
20745 2
20752 6
20756 21
20760 18
20761 19
20763 7
20765 6
20769 18
20770 14
20777 14
20783 11
20787 6
20791 9
20793 9
20794 11
20801 2
20808 21
20812 14
20816 5
20821 20
20822 2
20833 6
20837 10
20838 1
20845 9
20847 7
20849 17
20851 10
20852 17
20854 7
20856 11
20860 19
20861 17
20863 20
20865 14
20870 21
20874 4
20880 19
20882 18
20883 12
20887 18
20888 8
20892 10
20895 4
20903 14
20908 15
20910 20
20912 1
20919 14
20926 11
20931 8
20933 12
20939 21
20943 12
20949 19
20950 12
20956 1
20966 13
20971 5
20977 10
20978 12
20986 20
20988 11
20994 11
20998 5
21002 12
21008 6
21012 15
21014 3
21018 7
21021 12
21025 21
21029 9
21031 12
21039 3
21046 18
21047 10
21048 7
21050 9
21051 8
21055 16
21057 11
21064 12
21068 16
21070 18
21071 2
21078 20
21079 17
21081 8
21083 11
21087 9
21088 11
21092 12
21098 10
21099 10
21100 18
21101 2
21108 12
21116 16
21118 15
21120 11
21125 11
21131 3
21136 9
21138 13
21144 13
21149 11
21153 18
21154 1
21164 7
21166 6
21172 8
21176 9
21178 15
21180 11
21187 4
21191 15
21193 12
21199 10
21202 3
21208 15
21210 11
21217 12
21221 19
21222 21
21226 11
21232 11
21236 20
21238 16
21240 21
21244 21
21248 15
21250 19
21252 11
21259 6
21265 20
21267 3
21274 18
21275 4
21279 7
21281 18
21282 9
21283 17
21285 20
21286 4
21292 19
21294 19
21296 15
21298 11
21303 12
21307 11
21311 12
21315 7
21317 18
21318 18
21319 21
21323 5
21328 11
21332 7
21334 15
21336 9
21337 2
21348 11
21354 12
21358 19
21359 5
21365 19
21367 18
21368 12
21374 19
21375 13
21380 16
21382 10
21383 3
21390 4
21394 8
21398 4
21402 15
21404 4
21410 3
21416 14
21420 12
21424 11
21430 11
21435 13
21440 15
21442 6
21448 9
21449 7
21452 8
21454 12
21460 4
21466 8
21470 16
21472 5
21479 18
21480 6
21484 11
21490 21
21494 11
21499 4
21503 12
21509 11
21515 18
21516 4
21522 11
21528 17
21530 6
21536 11
21542 8
21544 8
21546 2
21557 12
21563 1
21572 12
21576 9
21578 17
21580 18
21581 5
21586 2
21597 9
21598 19
21600 7
21602 5
21608 8
21612 6
21620 11
21625 17
21627 12
21631 19
21632 20
21634 14
21640 13
21645 11
21650 21
21654 8
21658 21
21662 21
21666 2
21673 19
21675 6
21681 18
21682 6
21690 12
21696 11
21701 12
21707 1
21716 9
21717 16
21719 1
21726 2
21735 11
21740 18
21741 11
21747 12
21753 17
21755 20
21757 4
21763 9
21764 2
21773 12
21779 5
21785 16
21787 11
21794 21
21798 1
21805 4
21809 2
21818 18
21819 12
21823 13
21827 11
21833 7
21835 21
21839 14
21845 18
21846 18
21847 5
21854 11
21858 11
21862 2
21871 10
21872 1
21882 7
21885 10
21886 9
21888 15
21890 19
21891 9
21892 14
21897 19
21899 11
21905 2
21916 14
21921 13
21927 12
21931 3
21935 15
21937 4
21941 13
21945 21
21949 1
21957 11
21964 15
21966 21
21970 12
21976 2
21985 4
21991 2
22000 8
22002 12
22008 11
22015 4
22019 19
22021 4
22025 19
22027 3
22031 5
22037 13
22042 14
22046 20
22048 1
22057 17
22059 12
22063 18
22064 21
22068 4
22076 4
22080 16
22082 19
22083 1
22090 17
22092 19
22094 6
22100 1
22107 1
22114 6
22122 12
22128 11
22132 14
22137 12
22143 12
22149 11
22154 11
22158 17
22160 20
22162 15
22164 11
22169 21
22173 15
22175 9
22176 12
22182 15
22184 10
22187 18
22188 20
22190 15
22192 21
22196 12
22200 17
22202 11
22209 9
22211 2
22222 6
22226 11
22232 15
22234 11
22241 17
22243 11
22249 16
22251 11
22256 1
22266 11
22270 16
22272 16
22274 19
22276 16
22278 10
22281 19
22283 7
22286 19
22287 1
22294 9
22295 1
22304 5
22309 2
22320 18
22321 17
22323 11
22328 15
22330 12
22338 18
22339 13
22344 8
22348 13
22353 13
22357 16
22359 1
22367 18
22368 8
22370 18
22371 7
22373 18
22374 18
22375 11
22382 20
22384 15
22386 11
22392 5
22399 6
22403 18
22404 11
22411 8
22413 15
22415 12
22421 11
22425 9
22427 6
22431 10
22434 13
22439 10
22442 12
22446 20
22448 12
22454 18
22455 9
22456 5
22460 2
22469 12
22475 20
22476 21
22480 19
22482 21
22486 11
22490 18
22491 1
22499 21
22503 18
22504 9
22506 11
22512 11
22517 8
22519 11
22523 10
22526 13
22531 8
22535 12
22541 11
22548 18
22549 21
22553 11
22559 11
22566 11
22570 9
22572 14
22577 8
22581 15
22583 6
22589 11
22596 19
22598 3
22604 1
22614 19
22615 19
22616 17
22618 15
22620 11
22626 19
22627 12
22633 2
22642 5
22648 9
22649 5
22654 1
22661 18
22662 15
22664 8
22666 12
22674 1
22682 5
22689 15
22691 3
22698 18
22699 8
22703 1
22710 18
22711 1
22719 16
22721 16
22723 11
22730 3
22736 19
22738 3
22744 9
22746 14
22752 10
22755 21
22759 8
22763 11
22767 10
22768 16
22770 1
22780 11
22786 8
22790 10
22791 21
22795 14
22802 1
22812 4
22818 11
22822 18
22823 9
22825 8
22829 5
22833 20
22834 20
22836 19
22838 12
22846 7
22848 2
22857 18
22858 16
22860 1
22870 11
22876 12
22882 16
22884 11
22890 6
22894 9
22896 12
22902 18
22903 16
22905 7
22908 2
22917 8
22919 11
22926 11
22930 10
22933 20
22934 7
22937 16
22939 14
22943 3
22949 14
22953 18
22954 4
22960 3
22967 3
22973 10
22974 6
22978 16
22980 18
22981 9
22982 11
22987 11
22992 8
22994 14
22998 2
23009 6
23015 12
23019 5
23024 11
23030 21
23034 13
23039 13
23044 15
23046 12
23052 2
23059 11
23066 19
23067 17
23069 3
23074 11
23081 10
23082 11
23087 15
23089 21
23093 14
23098 12
23102 6
23106 10
23109 11
23115 15
23117 15
23119 21
23123 12
23129 20
23131 4
23137 12
23141 5
23148 4
23156 3
23161 14
23166 18
23167 12
23175 2
23182 2
23189 4
23197 15
23199 4
23207 18
23208 16
23210 7
23213 12
23217 11
23221 11
23225 15
23227 7
23229 10
23232 10
23233 2
23244 15
23246 9
23247 7
23250 8
23252 21
23256 7
23258 6
23264 18
23265 2
23274 13
23279 4
23285 11
23291 1
23301 18
23302 9
23304 9
23306 11
23310 15
23312 14
23318 18
23319 19
23320 16
23322 12
23328 14
23334 20
23336 9
23337 2
23344 16
23346 12
23352 4
23360 19
23361 14
23367 7
23370 16
23372 21
23376 18
23377 3
23384 11
23388 19
23389 18
23390 20
23392 11
23397 14
23401 15
23403 12
23411 18
23412 2
23419 20
23421 1
23431 12
23437 19
23438 10
23441 19
23442 16
23444 18
23445 19
23446 18
23447 1
23454 3
23461 2
23468 6
23474 11
23481 14
23485 10
23488 21
23492 15
23494 19
23496 21
23500 9
23502 19
23504 12
23508 9
23509 4
23515 15
23517 18
23518 5
23522 14
23528 17
23530 1
23539 2
23550 20
23552 18
23553 4
23559 3
23563 6
23569 13
23574 11
23581 12
23589 14
23596 17
23598 2
23609 11
23614 12
23620 7
23622 11
23626 16
23628 1
23635 8
23639 14
23644 18
23645 12
23653 20
23655 18
23656 19
23657 4
23661 13
23665 6
23669 19
23671 5
23676 8
23678 2
23687 12
23693 16
23695 12
23703 3
23708 5
23713 14
23717 1
23724 19
23725 8
23729 7
23732 11
23739 11
23745 19
23746 19
23747 8
23751 11
23755 6
23763 2
23772 11
23776 15
23778 2
23787 21
23791 11
23798 15
23800 7
23802 2
23811 1
23819 20
23820 20
23821 11
23825 18
23826 12
23834 11
23838 6
23844 9
23846 12
23850 21
23854 20
23855 2
23864 11
23869 11
23875 21
23879 5
23885 7
23887 10
23890 19
23891 21
23895 11
23900 12
23904 14
23910 1
23920 16
23922 19
23924 9
23925 3
23930 3
23935 10
23938 9
23939 18
23940 15
23942 14
23946 12
23952 20
23954 1
23962 13
23968 21
23972 21
23976 5
23980 1
23990 16
23992 12
23998 13
24004 12
24010 12
24016 1
24024 9
24026 13
24031 16
24033 3
24038 20
24039 12
24047 8
24051 11
24055 11
24059 18
24060 11
24065 3
24071 12
24079 11
24085 8
24089 11
24094 3
24100 3
24107 16
24109 3
24114 16
24116 1
24123 6
24131 4
24137 9
24139 16
24141 18
24142 7
24144 21
24148 12
24152 2
24159 15
24161 13
24166 13
24172 1
24182 13
24187 4
24193 6
24197 14
24201 17
24203 17
24205 16
24207 5
24214 18
24215 10
24218 16
24220 11
24227 20
24228 1
24236 21
24240 13
24246 4
24252 9
24253 12
24257 4
24261 12
24267 15
24269 1
24279 11
24286 10
24287 8
24289 2
24296 7
24298 4
24304 18
24305 1
24312 12
24318 12
24326 12
24334 10
24337 9
24338 1
24347 11
24352 12
24356 18
24357 21
24361 21
24365 16
24367 8
24371 18
24372 17
24374 6
24378 15
24380 3
24385 10
24386 10
24389 4
24395 14
24402 3
24407 11
24414 9
24416 2
24425 12
24431 11
24437 5
24441 18
24442 11
24449 9
24451 6
24457 14
24463 9
24464 8
24466 1
24474 16
24476 10
24477 2
24486 20
24488 11
24493 5
24500 21
24504 2
24511 12
24515 13
24520 18
24521 11
24526 3
24531 18
24532 16
24534 10
24537 11
24543 1
24550 12
24554 18
24555 13
24559 11
24564 8
24568 1
24575 8
24579 12
24585 18
24586 11
24592 1
24600 11
24606 11
24612 1
24620 17
24622 16
24624 19
24626 3
24631 12
24639 18
24640 12
24648 14
24655 17
24657 18
24658 4
24664 7
24667 1
24677 11
24682 9
24683 5
24690 14
24695 21
24699 7
24702 11
24706 16
24708 7
24710 5
24717 8
24719 12
24723 11
24729 10
24732 10
24735 11
24739 6
24745 16
24747 13
24752 1
24761 11
24766 6
24772 20
24773 20
24775 10
24778 11
24783 18
24784 1
24793 15
24795 11
24802 10
24805 7
24808 12
24814 17
24816 20
24818 20
24819 18
24820 13
24826 11
24833 12
24837 12
24843 5
24849 3
24855 12
24863 7
24866 15
24868 17
24870 12
24878 19
24880 6
24884 15
24886 11
24891 5
24898 9
24900 11
24904 12
24910 11
24915 9
24917 8
24919 13
24924 11
24928 13
24932 11
24937 18
24938 10
24941 17
24943 18
24944 3
24950 17
24952 10
24953 20
24955 9
24956 11
24963 4
24967 16
24969 1
24976 16
24978 6
24984 6
24990 18
24991 8
24993 16
24995 12
25003 15
25005 17
25007 18
25008 21
25012 7
25014 2
25023 12
25029 12
25035 6
25041 4
25047 13
25052 9
25054 18
25055 10
25058 13
25062 11
25067 3
25072 4
25076 18
25077 16
25079 9
25080 18
25081 14
25087 3
25093 17
25095 12
25103 5
25108 11
25113 11
25120 4
25128 11
25132 11
25137 18
25138 17
25140 20
25142 2
25151 16
25153 1
25160 10
25163 4
25167 8
25169 19
25170 12
25178 1
25186 19
25188 6
25194 14
25200 20
25202 17
25204 1
25214 7
25217 8
25219 18
25220 11
25226 11
25230 20
25232 12
25238 7
25240 16
25242 16
25244 12
25250 9
25252 19
25253 13
25259 1
25267 18
25268 16
25270 12
25274 6
25280 11
25285 11
25290 17
25292 16
25294 15
25296 19
25298 12
25302 18
25303 12
25311 20
25312 12
25318 12
25322 3
25326 16
25328 19
25329 4
25335 16
25337 18
25338 11
25343 10
25344 4
25348 11
25353 12
25359 11
25366 14
25372 12
25378 6
25384 13
25389 12
25393 18
25394 20
25396 12
25400 3
25405 4
25411 14
25415 16
25417 15
25419 6
25425 11
25432 11
25438 15
25440 21
25444 11
25450 10
25451 14
25455 1
25462 12
25468 1
25475 14
25481 11
25488 5
25493 1
25500 9
25501 10
25504 10
25505 3
25511 10
25512 18
25513 12
25521 16
25523 15
25525 8
25529 4
25535 9
25537 13
25542 17
25544 2
25553 7
25555 5
25561 10
25564 17
25566 3
25573 9
25575 2
25582 9
25584 20
25586 1
25595 9
25597 18
25598 17
25600 2
25609 14
25613 10
25614 18
25615 12
25621 20
25622 11
25626 10
25629 8
25631 12
25637 18
25638 3
25644 3
25651 3
25658 17
25660 21
25664 14
25669 2
25676 19
25677 12
25683 18
25684 9
25686 11
25693 11
25697 7
25699 11
25706 11
25710 18
25711 12
25715 9
25717 19
25719 2
25728 16
25730 7
25733 18
25734 9
25735 19
25736 2
25747 11
25753 2
25764 20
25765 4
25771 15
25773 11
25778 11
25785 15
25787 18
25788 12
25794 16
25796 7
25799 1
25808 16
25810 3
25816 16
25818 21
25822 11
25827 18
25828 19
25829 4
25835 11
25840 20
25842 7
25844 14
25851 12
25857 4
25861 11
25868 18
25869 9
25871 19
25872 19
25874 17
25876 7
25878 21
25882 13
25888 16
25890 18
25891 16
25893 9
25894 12
25898 15
25900 9
25902 12
25906 5
25910 13
25916 12
25924 21
25928 19
25929 20
25930 7
25932 12
25938 8
25942 20
25943 21
25947 12
25955 11
25961 10
25964 19
25966 21
25970 16
25972 11
25979 12
25985 5
25989 20
25991 16
25993 17
25995 11
26002 19
26003 16
26005 15
26007 12
26013 11
26017 11
26023 4
26027 4
26033 7
26035 11
26040 11
26045 19
26046 18
26047 21
26051 3
26056 1
26066 21
26070 11
26076 12
26082 10
26083 21
26087 12
26093 12
26097 8
26101 12
26105 10
26108 4
26112 7
26114 8
26116 11
26123 21
26127 11
26133 11
26138 11
26142 11
26146 11
26151 8
26155 2
26164 4
26172 11
26178 11
26184 18
26185 1
26192 21
26196 15
26198 13
26203 18
26204 16
26206 4
26212 11
26216 17
26218 11
26223 7
26225 9
26226 19
26228 12
26234 13
26239 4
26247 15
26249 7
26252 2
26261 2
26272 12
26278 13
26282 1
26289 15
26291 2
26302 5
26308 18
26309 21
26313 5
26318 9
26319 11
26324 10
26325 12
26329 19
26331 1
26338 11
26343 16
26345 7
26347 11
26354 15
26356 12
26362 1
26369 12
26375 10
26376 14
26383 1
26393 5
26399 12
26405 10
26408 17
26410 11
26414 3
26418 15
26420 11
26424 12
26428 18
26429 7
26431 6
26439 8
26443 7
26445 16
26447 7
26450 18
26451 13
26456 12
26460 3
26467 10
26470 13
26474 19
26475 12
26483 8
26485 3
26491 8
26495 10
26498 6
26504 18
26505 16
26507 18
26508 11
26512 14
26517 8
26519 18
26520 10
26523 12
26529 2
26538 20
26539 18
26540 11
26545 7
26548 8
26550 8
26554 16
26556 21
26560 11
26566 2
26575 3
26580 2
26589 1
26598 6
26602 11
26608 4
26616 18
26617 18
26618 16
26620 5
26626 18
26627 15
26629 16
26631 8
26635 21
26639 9
26640 12
26648 17
26650 13
26656 12
26662 9
26664 3
26670 14
26675 15
26677 11
26682 14
26686 19
26688 12
26696 6
26702 7
26704 21
26708 15
26710 18
26711 8
26713 8
26715 10
26716 12
26722 6
26728 11
26733 20
26734 15
26736 7
26739 11
26745 10
26748 13
26753 14
26758 12
26764 19
26765 17
26767 11
26773 5
26779 7
26782 5
26787 18
26788 8
26790 20
26792 11
26799 8
26803 19
26804 7
26807 1
26817 20
26819 20
26821 5
26828 16
26830 19
26832 15
26834 18
26835 3
26840 17
26842 11
26846 4
26850 10
26851 18
26852 12
26860 21
26864 11
26868 21
26872 1
26880 1
26890 11
26895 1
26903 8
26905 11
26909 5
26915 10
26916 10
26917 11
26922 5
26927 11
26933 7
26936 3
26941 11
26948 9
26950 18
26951 2
26960 11
26966 11
26972 14
26976 11
26982 17
26984 16
26986 7
26988 21
26992 16
26994 4
27002 13
27008 19
27009 12
27017 21
27021 18
27022 10
27023 14
27030 5
27034 8
27036 20
27037 19
27039 10
27040 14
27047 1
27055 14
27059 11
27065 20
27066 16
27068 14
27072 21
27076 12
27084 11
27088 18
27089 3
27094 4
27100 13
27105 21
27109 11
27113 11
27120 17
27122 12
27128 2
27135 18
27136 3
27141 14
27145 15
27147 9
27148 15
27150 11
27155 11
27160 12
27164 9
27166 18
27167 19
27168 5
27174 21
27178 15
27180 9
27181 12
27189 18
27190 1
27197 11
27204 11
27208 7
27211 5
27216 21
27220 10
27221 8
27225 12
27229 12
27235 19
27237 5
27241 6
27247 1
27256 11
27263 19
27264 11
27270 12
27276 14
27280 9
27282 7
27284 11
27289 15
27291 8
27293 12
27299 12
27305 11
27309 4
27317 12
27323 19
27325 11
27329 15
27331 2
27340 6
27348 19
27350 14
27354 10
27355 16
27357 4
27363 9
27364 13
27370 9
27371 8
27373 11
27378 6
27384 14
27388 11
27393 11
27397 21
27401 11
27406 10
27409 11
27415 1
27425 8
27429 12
27437 2
27444 15
27446 11
27450 6
27456 15
27458 11
27463 2
27472 13
27476 11
27482 19
27484 12
27490 12
27496 21
27500 5
27505 14
27510 18
27511 21
27515 16
27517 16
27519 9
27521 17
27523 2
27532 8
27536 5
27541 12
27547 6
27551 15
27553 11
27558 11
27565 11
27571 1
27580 18
27581 10
27584 8
27586 3
27591 10
27594 21
27598 20
27599 20
27600 3
27606 2
27613 14
27619 18
27620 5
27625 10
27626 10
27629 3
27636 6
27644 19
27646 16
27648 6
27652 20
27654 13
27660 19
27661 6
27665 14
27670 7
27672 18
27673 21
27677 14
27684 4
27690 12
27698 7
27700 20
27701 12
27705 12
27711 21
27715 9
27717 17
27719 13
27724 18
27725 20
27727 21
27731 2
27738 9
27740 20
27741 19
27743 21
27747 5
27751 2
27758 6
27766 4
27774 13
27780 13
27784 16
27786 5
27790 6
27798 4
27804 15
27806 9
27808 11
27812 18
27813 12
27819 5
27824 13
27829 3
27834 16
27836 16
27838 6
27844 11
27850 12
27856 18
27857 11
27864 13
27870 13
27875 18
27876 15
27878 19
27880 11
27886 12
27894 12
27898 8
27902 4
27908 21
27912 8
27914 11
27919 12
27927 19
27928 6
27934 18
27935 13
27941 17
27943 7
27946 1
27953 2
27962 5
27967 13
27972 13
27977 17
27979 7
27982 11
27988 11
27993 11
27999 3
28005 21
28009 4
28015 12
28023 18
28024 9
28026 4
28032 12
28038 11
28045 6
28053 2
28064 13
28070 21
28074 5
28080 7
28083 13
28088 1
28095 10
28096 12
28104 15
28106 1
28116 15
28118 12
28124 16
28126 11
28133 11
28137 13
28142 12
28148 17
28150 15
28152 9
28153 6
28161 15
28163 11
28168 12
28172 12
28176 11
28182 7
28184 21
28188 5
28195 17
28197 8
28201 9
28203 12
28209 7
28212 14
28218 1
28225 16
28227 2
28238 18
28239 14
28246 15
28248 21
28252 12
28256 6
28262 1
28272 12
28280 19
28282 15
28284 12
28288 19
28290 2
28297 21
28301 18
28302 1
28312 12
28320 15
28322 10
28325 17
28327 13
28333 6
28339 1
28347 11
28351 11
28357 8
28361 13
28365 11
28370 7
28372 14
28377 3
28382 12
28388 8
28390 21
28394 9
28396 11
28403 1
28411 12
28419 7
28422 11
28426 14
28432 4
28438 11
28444 3
28451 6
28455 15
28457 5
28464 12
28470 17
28472 7
28474 5
28481 12
28485 12
28491 12
28499 3
28503 17
28505 20
28506 3
28512 19
28513 11
28520 12
28528 17
28530 6
28534 18
28535 18
28536 18
28537 18
28538 4
28542 19
28544 2
28555 5
28560 11
28564 4
28572 13
28577 12
28581 11
28588 19
28590 3
28595 14
28601 9
28602 17
28604 18
28605 4
28609 11
28613 21
28617 3
28623 11
28627 12
28631 4
28637 10
28640 8
28644 11
28648 1
28656 10
28657 15
28659 15
28661 15
28663 8
28667 18
28668 5
28673 7
28675 19
28676 3
28681 11
28687 2
28696 15
28698 3
28702 19
28703 16
28705 5
28711 11
28715 13
28721 12
28727 16
28729 7
28731 8
28733 6
28739 15
28741 5
28748 6
28754 2
28761 5
28766 18
28767 5
28771 19
28773 10
28776 7
28778 11
28785 2
28794 16
28796 5
28800 4
28806 6
28812 2
28823 10
28826 9
28827 19
28828 20
28830 3
28836 16
28838 10
28839 9
28841 11
28846 1
28856 18
28857 19
28858 11
28862 7
28864 2
28871 6
28875 3
28879 11
28884 12
28890 10
28893 20
28894 11
28900 11
28904 8
28906 14
28911 18
28912 5
28916 12
28922 15
28924 20
28926 10
28927 20
28929 19
28930 6
28936 1
28944 7
28946 16
28948 5
28954 18
28955 11
28961 20
28963 11
28970 4
28974 6
28980 18
28981 5
28988 5
28992 11
28998 8
29002 17
29004 6
29010 2
29021 14
29028 6
29036 18
29037 14
29041 19
29042 1
29051 20
29052 16
29054 3
29058 12
29062 7
29064 4
29068 10
29071 6
29079 11
29084 18
29085 17
29087 11
29091 2
29098 10
29099 17
29101 12
29107 21
29111 8
29113 19
29115 20
29116 11
29122 10
29123 4
29129 18
29130 19
29131 12
29137 4
29141 9
29142 11
29148 13
29153 9
29154 10
29155 18
29156 14
29162 4
29166 11
29172 12
29178 19
29180 18
29181 13
29186 14
29193 14
29198 12
29204 16
29206 12
29212 19
29214 13
29219 4
29225 21
29229 21
29233 1
29240 16
29242 1
29250 11
29255 11
29261 5
29268 2
29279 12
29287 21
29291 5
29298 13
29303 13
29308 5
29312 9
29314 16
29316 6
29324 11
29329 16
29331 12
29337 19
29339 9
29340 11
29346 2
29357 2
29364 12
29370 15
29372 18
29373 7
29375 10
29376 16
29378 4
29386 21
29390 17
29392 12
29400 9
29402 14
29409 14
29415 11
29420 19
29421 4
29425 12
29431 4
29437 17
29439 18
29440 14
29446 6
29452 11
29459 17
29461 14
29468 7
29470 11
29476 7
29479 16
29481 11
29485 10
29488 17
29490 20
29491 9
29492 7
29494 12
29498 17
29500 10
29503 17
29505 7
29507 12
29515 1
29524 1
29531 17
29533 17
29535 9
29536 1
29546 5
29552 11
29559 17
29561 6
29565 17
29567 11
29573 16
29575 14
29580 20
29582 1
29590 6
29596 18
29597 9
29599 2
29608 12
29616 7
29619 18
29620 6
29628 1
29635 1
29643 20
29644 18
29645 19
29646 20
29648 19
29650 10
29653 18
29654 20
29656 2
29667 21
29671 18
29672 14
29678 6
29684 9
29685 4
29691 17
29693 7
29696 7
29698 4
29704 7
29707 17
29709 20
29710 11
29715 9
29716 21
29720 9
29722 18
29723 1
29733 2
29742 18
29743 7
29746 9
29747 17
29749 6
29753 12
29759 15
29761 12
29767 13
29773 17
29775 2
29784 3
29789 14
29795 20
29796 17
29798 18
29799 18
29800 2
29807 1
29817 13
29821 3
29828 11
29834 7
29836 1
29843 15
29845 5
29849 13
29853 19
29855 11
29860 2
29871 20
29873 2
29882 2
29893 4
29897 16
29899 18
29900 11
29905 2
29914 14
29918 5
29925 20
29927 11
29932 2
29941 11
29945 19
29947 10
29948 21
29952 16
29954 12
29958 8
29962 1
29972 10
29973 8
29975 17
29977 15
29979 3
29984 12
29992 1
30001 9
30002 11
30009 12
30017 7
30020 20
30021 12
30025 20
30026 17
30028 18
30029 15
30031 3
30037 18
30038 14
30044 11
30050 16
30052 12
30056 18
30057 13
30062 9
30063 8
30065 12
30071 18
30072 10
30075 2
30084 14
30089 13
30095 18
30096 3
30102 1
30109 8
30111 11
30117 12
30123 4
30129 14
30136 6
30142 17
30144 11
30149 19
30150 10
30151 16
30153 8
30155 21
30159 16
30161 1
30169 5
30173 4
30177 6
30185 3
30189 9
30190 12
30194 15
30196 17
30198 11
30205 1
30214 11
30220 11
30225 7
30228 11
30234 16
30236 1
30244 1
30251 13
30257 16
30259 12
30265 11
30271 11
30275 5
30282 8
30284 11
30291 8
30295 19
30296 20
30297 2
30308 20
30310 6
30316 11
30323 11
30328 9
30329 5
30336 3
30343 11
30348 12
30352 19
30353 15
30355 6
30359 17
30361 4
30365 16
30367 12
30373 20
30374 12
30378 14
30385 10
30386 18
30387 10
30390 12
30398 6
30406 5
30410 9
30412 18
30413 15
30415 5
30421 7
30423 16
30425 8
30429 19
30430 3
30435 1
30444 5
30450 12
30456 7
30459 13
30464 17
30466 13
30470 11
30474 9
30475 18
30476 11
30480 17
30482 11
30487 16
30489 10
30490 18
30491 11
30495 8
30499 11
30504 6
30510 17
30512 10
30515 18
30516 8
30520 17
30522 12
30530 21
30534 17
30536 13
30542 1
30549 17
30551 2
30562 12
30570 14
30574 14
30578 11
30583 10
30586 10
30589 13
30595 8
30599 17
30601 11
30607 12
30613 7
30616 21
30620 17
30622 7
30624 1
30631 21
30635 1
30643 10
30644 1
30653 16
30655 1
30665 18
30666 14
30671 8
30673 6
30679 6
30683 2
30692 9
30694 6
30698 12
30706 11
30710 21
30714 6
30720 12
30726 9
30727 5
30732 3
30739 12
30745 12
30751 12
30757 20
30759 11
30766 6
30774 12
30780 18
30781 12
30787 12
30795 4
30801 5
30808 11
30812 15
30814 15
30816 9
30818 3
30822 6
30828 6
30834 8
30836 15
30838 11
30842 6
30846 12
30852 12
30858 12
30864 11
30871 13
30876 2
30885 15
30887 10
30888 9
30889 17
30891 12
30897 17
30899 12
30907 19
30909 16
30911 13
30916 12
30922 19
30923 12
30927 17
30929 9
30930 12
30936 2
30945 6
30951 2
30960 21
30964 7
30966 2
30975 12
30979 5
30985 12
30991 17
30993 12
30997 11
31003 18
31004 17
31006 19
31008 18
31009 12
31013 9
31014 10
31015 16
31017 18
31018 17
31020 15
31022 14
31027 18
31028 3
31034 11
31040 15
31042 8
31044 13
31048 10
31049 18
31050 1
31059 17
31061 20
31063 10
31064 18
31065 2
31074 14
31079 15
31081 4
31089 9
31091 7
31094 9
31095 19
31096 12
31100 4
31104 9
31105 14
31111 7
31114 20
31115 11
31122 21
31126 3
31131 13
31136 3
31141 3
31145 4
31151 8
31153 12
31161 10
31164 11
31170 14
31174 10
31175 11
31182 11
31187 15
31189 11
31193 3
31200 7
31203 11
31207 11
31211 17
31213 10
31216 9
31217 14
31222 11
31227 10
31230 8
31232 17
31234 11
31238 21
31242 14
31246 7
31249 11
31255 1
31263 16
31265 11
31271 11
31276 4
31280 9
31281 6
31285 1
31295 5
31302 16
31304 1
31312 18
31313 14
31318 6
31324 20
31325 19
31327 8
31329 12
31335 11
31342 17
31344 1
31352 9
31353 19
31355 7
31358 12
31366 9
31368 11
31374 3
31381 12
31389 11
31394 4
31400 1
31408 18
31409 4
31413 19
31414 4
31420 4
31426 18
31427 4
31431 17
31433 21
31437 21
31441 15
31443 14
31449 11
31453 9
31454 11
31461 4
31465 17
31467 12
31471 8
31473 3
31480 11
31485 6
31491 6
31497 1
31505 11
31509 9
31511 12
31519 2
31526 12
31532 8
31536 12
31542 16
31544 11
31548 11
31553 2
31562 9
31563 6
31569 3
31575 2
31584 17
31586 18
31587 2
31594 16
31596 3
31602 11
31607 18
31608 18
31609 1
31616 4
31624 16
31626 7
31628 12
31632 11
31639 19
31641 2
31650 14
31654 7
31656 13
31661 11
31668 15
31670 5
31674 12
31682 18
31683 13
31688 7
31690 19
31692 3
31697 18
31698 11
31705 9
31707 2
31714 17
31716 18
31717 3
31722 6
31728 18
31729 12
31737 12
31743 6
31751 16
31753 11
31759 4
31765 7
31767 11
31772 6
31778 15
31780 5
31784 19
31785 21
31789 11
31796 18
31797 11
31802 20
31804 18
31805 17
31807 9
31809 16
31811 6
31819 1
31828 9
31829 21
31833 5
31840 15
31842 2
31849 11
31855 11
31859 11
31865 6
31873 13
31878 15
31880 15
31882 8
31884 11
31890 20
31891 16
31893 9
31894 3
31898 8
31902 13
31908 4
31916 5
31921 3
31927 8
31931 6
31935 19
31937 18
31938 11
31942 11
31948 4
31954 7
31957 21
31961 15
31963 7
31966 12
31970 21
31974 20
31976 4
31982 6
31988 11
31995 21
31999 11
32005 15
32007 8
32011 14
32016 8
32018 6
32022 11
32026 11
32033 4
32039 17
32041 7
32044 14
32049 18
32050 12
32056 20
32058 3
32065 19
32067 18
32068 12
32074 12
32078 16
32080 10
32083 10
32086 11
32090 21
32094 18
32095 2
32104 10
32105 17
32107 1
32114 9
32115 17
32117 5
32123 12
32129 8
32133 12
32137 6
32145 20
32146 12
32152 11
32158 12
32164 5
32169 11
32175 6
32181 12
32187 21
32191 5
32198 16
32200 5
32207 8
32209 7
32212 3
32216 10
32217 17
32219 3
32224 20
32225 4
32231 18
32232 11
32238 8
32242 6
32248 11
32253 13
32258 17
32260 16
32262 12
32268 8
32270 18
32271 18
32272 11
32276 13
32280 18
32281 7
32283 20
32285 10
32286 4
32292 17
32294 16
32296 19
32298 11
32305 12
32311 5
32318 11
32324 12
32328 12
32334 12
32338 12
32346 1
32353 20
32354 16
32356 18
32357 11
32364 16
32366 19
32368 14
32373 5
32380 11
32384 1
32394 11
32401 18
32402 11
32408 12
32414 18
32415 10
32418 7
32421 7
32423 15
32425 1
32433 11
32438 14
32445 18
32446 11
32450 11
32454 12
32462 9
32463 18
32464 3
32469 3
32476 18
32477 12
32481 11
32485 11
32490 5
32494 7
32496 14
32503 8
32505 11
32511 13
32516 2
32525 9
32527 21
32531 14
32536 12
32544 16
32546 18
32547 6
32551 19
32553 7
32556 1
32565 3
32571 10
32574 18
32575 12
32583 6
32591 12
32597 18
32598 1
32607 14
32611 13
32616 5
32623 5
32629 2
32636 21
32640 13
32645 18
32646 18
32647 5
32653 16
32655 21
32659 11
32663 7
32666 5
32673 12
32681 6
32685 16
32687 15
32689 18
32690 19
32692 12
32698 6
32706 11
32713 13
32718 5
32722 14
32726 9
32728 16
32730 11
32737 15
32739 20
32741 11
32748 11
32755 13
32760 17
32762 11
32766 1
32775 5
32779 16
32781 16
32783 12
32787 15
32789 12
32795 5
32801 12
32807 9
32809 13
32813 11
32820 18
32821 5
32825 13
32831 8
32833 9
32835 21
32839 13
32843 5
32849 6
32855 12
32863 4
32871 5
32876 15
32878 18
32879 9
32881 1
32888 21
32892 10
32893 19
32894 21
32898 20
32899 18
32900 5
32907 2
32914 12
32918 16
32920 10
32921 1
32930 11
32936 11
32941 11
32947 16
32949 15
32951 8
32953 2
32962 17
32964 13
32968 2
32979 6
32987 12
32995 5
33000 5
33006 12
33012 12
33020 11
33027 3
33032 8
33036 3
33041 11
33048 11
33052 12
33058 13
33062 7
33065 2
33074 11
33079 15
33081 10
33082 5
33086 21
33090 12
33096 12
33102 4
33108 11
33112 12
33118 12
33124 6
33130 2
33139 21
33143 18
33144 10
33147 9
33149 12
33155 4
33163 18
33164 5
33169 18
33170 6
33174 3
33178 8
33180 3
33187 4
33193 21
33197 12
33205 12
33211 15
33213 12
33221 2
33230 10
33231 12
33239 13
33243 7
33246 17
33248 11
33252 3
33257 15
33259 18
33260 3
33265 19
33266 12
33272 12
33278 7
33280 17
33282 11
33287 12
33293 17
33295 20
33297 11
33304 10
33307 18
33308 7
33311 18
33312 16
33314 20
33316 2
33325 11
33329 9
33330 18
33331 18
33332 4
33338 17
33340 11
33344 13
33348 6
33352 18
33353 17
33355 21
33359 2
33368 13
33374 17
33376 3
33383 11
33388 1
33397 11
33401 7
33404 16
33406 20
33407 11
33412 16
33414 11
33420 17
33422 6
33426 19
33427 11
33432 15
33434 7
33436 7
33438 8
33440 11
33446 12
33450 21
33454 12
33460 18
33461 4
33465 19
33466 2
33477 6
33485 2
33496 6
33502 11
33506 1
33514 9
33515 2
33524 21
33528 12
33534 15
33536 13
33542 17
33544 3
33551 11
33555 12
33561 8
33563 20
33564 2
33573 18
33574 5
33580 12
33586 11
33592 21
33596 7
33599 14
33604 11
33610 3
33615 18
33616 11
33621 9
33622 8
33626 4
33632 21
33636 1
33644 2
33653 9
33654 10
33655 12
33661 10
33664 10
33667 5
33671 21
33675 10
33678 2
33685 18
33686 4
33692 5
33699 17
33701 2
33712 2
33723 13
33728 9
33729 16
33731 3
33735 7
33737 11
33743 11
33748 12
33754 13
33759 19
33761 3
33765 12
33771 16
33773 16
33775 21
33779 9
33781 16
33783 19
33785 8
33789 19
33790 20
33792 6
33798 18
33799 17
33801 21
33805 8
33809 15
33811 7
33814 19
33815 6
33819 3
33823 6
33827 18
33828 10
33829 15
33831 19
33833 9
33834 15
33836 13
33841 14
33845 3
33851 12
33857 10
33858 9
33859 3
33865 8
33869 14
33874 5
33880 1
33889 15
33891 21
33895 5
33899 10
33902 10
33903 6
33909 18
33910 19
33912 1
33920 18
33921 13
33926 15
33928 14
33933 7
33936 16
33938 21
33942 10
33945 10
33946 7
33948 4
33956 18
33957 18
33958 21
33962 21
33966 7
33969 4
33975 20
33977 19
33978 11
33985 8
33987 18
33988 9
33990 2
33997 8
34001 18
34002 16
34004 2
34013 14
34018 12
34024 2
34033 11
34038 15
34040 3
34047 17
34049 8
34051 2
34058 9
34059 17
34061 13
34067 11
34072 11
34077 17
34079 5
34086 14
34091 16
34093 12
34097 6
34103 21
34107 11
34112 12
34120 17
34122 18
34123 12
34131 6
34135 14
34141 15
34143 15
34145 9
34146 19
34147 11
34152 18
34153 8
34157 15
34159 19
34160 5
34164 15
34166 5
34173 18
34174 10
34177 16
34179 12
34185 18
34186 12
34192 13
34198 4
34202 20
34204 18
34205 14
34212 7
34214 12
34218 5
34223 20
34224 10
34225 11
34231 11
34238 5
34245 2
34256 9
34257 7
34259 12
34265 1
34275 1
34283 6
34289 19
34290 15
34292 2
34299 12
34305 18
34306 3
34310 11
34317 2
34326 3
34333 3
34340 15
34342 2
34351 3
34355 16
34357 6
34361 17
34363 4
34367 21
34371 15
34373 17
34375 11
34379 15
34381 15
34383 12
34391 18
34392 19
34394 5
34400 11
34405 8
34409 13
34414 19
34415 8
34417 1
34424 20
34425 16
34427 6
34435 11
34440 18
34441 20
34442 1
34450 10
34453 20
34455 11
34459 20
34461 20
34462 1
34471 18
34472 5
34476 3
34480 3
34486 14
34493 1
34501 12
34505 16
34507 17
34509 19
34511 20
34512 10
34515 7
34518 11
34522 3
34526 18
34527 16
34529 18
34530 13
34536 5
34541 14
34546 16
34548 3
34552 3
34559 12
34565 1
34574 8
34578 3
34583 20
34585 19
34586 20
34588 12
34594 12
34600 1
34610 12
34616 10
34619 12
34627 12
34633 11
34637 5
34643 4
34647 4
34655 11
34659 5
34666 21
34670 1
34678 2
34687 12
34691 4
34695 20
34696 14
34703 1
34713 10
34716 6
34720 12
34726 18
34727 11
34734 9
34735 3
34742 12
34748 11
34753 18
34754 21
34758 11
34762 15
34764 18
34765 15
34767 18
34768 9
34770 20
34772 9
34773 17
34775 11
34779 12
34787 18
34788 7
34791 10
34794 7
34796 19
34797 18
34798 13
34803 18
34804 8
34806 8
34810 11
34816 10
34817 17
34819 17
34821 17
34823 9
34824 1
34831 4
34837 6
34845 10
34846 21
34850 16
34852 18
34853 3
34860 14
34865 15
34867 4
34875 7
34877 15
34879 17
34881 11
34887 9
34888 12
34894 14
34898 18
34899 11
34904 4
34908 9
34909 8
34913 8
34915 9
34916 3
34922 3
34926 19
34927 11
34934 5
34939 10
34942 11
34949 7
34951 2
34958 19
34959 20
34960 14
34967 12
34973 18
34974 3
34978 13
34983 5
34989 16
34991 11
34998 20
35000 3
35005 12
35011 21
35015 8
35017 8
35021 4
35025 7
35028 10
35029 15
35031 21
35035 2
35046 12
35052 12
35058 1
35065 15
35067 15
35069 15
35071 8
35075 18
35076 11
35081 16
35083 13
35089 21
35093 4
35101 12
35105 11
35110 18
35111 16
35113 19
35115 11
35119 18
35120 1
35129 16
35131 20
35133 8
35135 8
35137 14
35142 21
35146 15
35148 5
35155 15
35157 11
35163 4
35167 4
35171 10
35172 12
35180 20
35181 8
35185 18
35186 10
35189 1
35196 10
35197 7
35200 13
35205 11
35210 7
35212 15
35214 10
35215 21
35219 3
35225 3
35229 8
35233 11
35238 21
35242 16
35244 9
35245 8
35247 20
35249 4
35255 14
35261 16
35263 11
35268 1
35278 14
35284 12
35288 20
35290 5
35297 6
35303 1
35311 18
35312 12
35320 17
35322 4
35328 3
35335 1
35342 20
35344 15
35346 20
35347 5
35353 2
35362 13
35367 15
35369 20
35370 11
35375 21
35379 6
35385 13
35390 16
35392 5
35399 19
35401 11
35405 11
35409 14
35416 18
35417 12
35423 21
35427 1
35434 6
35440 14
35447 4
35453 11
35459 14
35466 15
35468 9
35469 16
35471 16
35473 19
35474 8
35478 7
35481 11
35485 1
35495 12
35501 11
35506 13
35511 9
35512 5
35517 17
35519 21
35523 20
35524 3
35530 8
35534 11
35540 20
35541 12
35547 18
35548 12
35554 6
35562 14
35569 3
35574 7
35576 19
35577 4
35583 2
35594 14
35598 6
35604 5
35608 19
35609 11
35616 11
35621 20
35622 3
35629 4
35635 2
35644 12
35652 9
35653 12
35657 15
35659 8
35661 17
35663 8
35665 12
35671 18
35672 16
35674 3
35679 5
35686 19
35688 18
35689 17
35691 12
35699 17
35701 6
35709 9
35711 10
35714 19
35715 21
35719 12
35727 19
35729 13
35735 3
35740 12
35748 18
35749 11
35756 12
35762 10
35765 19
35767 11
35772 4
35778 18
35779 15
35781 15
35783 16
35785 4
35789 11
35796 2
35807 5
35811 11
35815 20
35817 8
35819 16
35821 12
35829 18
35830 4
35836 4
35844 18
35845 11
35851 17
35853 10
35854 12
35860 7
35863 20
35864 18
35865 21
35869 1
35878 8
35882 12
35890 7
35893 3
35897 11
35904 13
35909 17
35911 20
35913 12
35921 15
35923 1
35931 6
35935 1
35942 8
35946 12
35950 12
35958 14
35965 16
35967 6
35973 2
35982 3
35987 20
35989 8
35993 11
35998 8
36000 15
36002 20
36003 11
36010 7
36013 10
36014 1
36024 19
36026 4
36032 18
36033 10
36036 17
36038 18
36039 21
36043 9
36045 8
36049 11
36053 11
36058 18
36059 21
36063 13
36068 11
36072 8
36076 18
36077 1
36086 6
36090 9
36091 3
36095 6
36101 5
36105 21
36109 13
36114 17
36116 7
36118 21
36122 21
36126 2
36133 6
36137 12
36141 8
36143 12
36147 9
36149 18
36150 7
36152 9
36153 14
36159 20
36160 12
36166 2
36175 18
36176 5
36183 6
36191 11
36196 6
36200 6
36204 16
36206 11
36210 12
36218 10
36219 11
36224 3
36229 19
36231 19
36232 2
36243 10
36246 5
36250 11
36257 1
36267 11
36274 9
36275 9
36276 9
36278 20
36279 5
36285 4
36291 13
36296 18
36297 17
36299 19
36300 11
36305 20
36306 6
36312 14
36317 10
36318 5
36323 12
36327 12
36331 11
36337 17
36339 2
36346 3
36350 14
36354 4
36362 7
36365 16
36367 3
36374 13
36380 4
36386 20
36388 5
36394 11
36399 15
36401 20
36402 2
36411 11
36417 12
36423 18
36424 8
36428 17
36430 14
36434 16
36436 20
36437 21
36441 20
36443 10
36444 12
36450 18
36451 8
36453 13
36458 16
36460 8
36462 19
36464 21
36468 18
36469 18
36470 1
36479 18
36480 6
36486 19
36487 15
36489 11
36494 18
36495 18
36496 11
36500 12
36506 12
36510 20
36511 18
36512 11
36518 21
36522 21
36526 17
36528 11
36535 4
36541 11
36545 17
36547 20
36548 16
36550 7
36552 19
36554 11
36561 4
36567 16
36569 3
36574 6
36580 11
36586 3
36590 18
36591 8
36593 13
36598 2
36607 10
36608 11
36612 12
36616 16
36618 11
36623 13
36627 15
36629 18
36630 21
36634 12
36640 18
36641 14
36646 11
36650 7
36652 13
36657 5
36662 11
36668 21
36672 10
36675 3
36681 8
36683 16
36685 17
36687 2
36696 8
36698 6
36702 15
36704 19
36706 12
36714 3
36721 5
36727 14
36731 20
36733 17
36735 9
36737 15
36739 10
36742 18
36743 11
36750 16
36752 11
36758 4
36764 5
36770 5
36774 10
36775 11
36779 2
36788 13
36794 12
36800 9
36802 17
36804 13
36809 21
36813 17
36815 10
36818 12
36824 8
36826 18
36827 9
36828 16
36830 20
36831 21
36835 19
36836 11
36843 8
36847 1
36855 10
36856 14
36862 18
36863 21
36867 14
36874 9
36875 8
36877 15
36879 16
36881 12
36887 5
36893 7
36896 10
36897 18
36898 9
36900 11
36907 15
36909 11
36913 11
36919 4
36925 21
36929 20
36931 12
36939 12
36945 6
36953 6
36959 12
36965 11
36971 12
36977 10
36980 19
36981 6
36987 16
36989 5
36995 8
36999 14
37006 20
37007 9
37008 7
37011 19
37013 20
37015 6
37021 10
37024 18
37025 21
37029 12
37035 18
37036 20
37037 17
37039 18
37040 13
37045 13
37050 9
37051 10
37054 11
37061 19
37062 11
37066 15
37068 2
37077 18
37078 12
37084 16
37086 16
37088 8
37090 21
37094 6
37098 8
37100 17
37102 15
37104 12
37110 4
37118 21
37122 6
37128 12
37136 21
37140 18
37141 11
37147 2
37154 7
37157 20
37158 1
37168 6
37174 13
37179 14
37183 14
37187 11
37192 19
37193 15
37195 16
37197 4
37203 14
37208 13
37212 19
37214 9
37216 10
37217 2
37224 16
37226 13
37232 12
37238 15
37240 11
37244 7
37246 12
37252 15
37254 8
37256 15
37258 5
37262 13
37268 11
37274 20
37276 11
37280 2
37291 11
37298 17
37300 1
37307 10
37310 14
37314 12
37322 15
37324 12
37330 9
37332 11
37339 13
37345 3
37352 8
37356 12
37360 18
37361 21
37365 2
37374 6
37380 11
37387 18
37388 11
37394 20
37395 8
37397 15
37399 20
37401 11
37408 19
37409 5
37416 18
37417 15
37419 15
37421 16
37423 18
37424 19
37425 21
37429 19
37430 7
37432 11
37439 12
37447 20
37449 3
37453 18
37454 15
37456 16
37458 21
37462 15
37464 12
37472 9
37474 12
37478 3
37484 3
37488 11
37492 12
37496 1
37503 1
37513 3
37518 20
37519 5
37526 11
37533 2
37542 14
37546 11
37551 11
37555 10
37558 1
37566 13
37571 11
37575 2
37584 18
37585 3
37592 13
37597 15
37599 4
37605 2
37612 10
37615 15
37617 4
37623 6
37629 14
37634 11
37640 4
37646 8
37648 11
37654 17
37656 12
37664 21
37668 10
37669 5
37673 6
37677 9
37678 12
37686 12
37694 2
37705 16
37707 14
37714 18
37715 17
37717 6
37723 18
37724 2
37731 18
37732 7
37735 8
37737 8
37741 11
37747 18
37748 5
37755 6
37759 9
37761 8
37765 12
37771 8
37773 19
37775 11
37779 4
37787 11
37793 3
37798 16
37800 12
37806 5
37812 14
37818 11
37823 8
37827 2
37834 13
37840 10
37843 16
37845 11
37851 1
37858 3
37862 3
37866 8
37868 6
37876 16
37878 21
37882 11
37888 16
37890 9
37891 13
37897 8
37901 3
37905 11
37909 16
37911 7
37914 12
37920 7
37923 19
37924 5
37930 18
37931 8
37933 20
37934 3
37940 21
37944 14
37951 8
37955 6
37961 18
37962 20
37963 5
37968 18
37969 10
37972 2
37979 13
37984 11
37988 6
37992 1
38002 5
38008 8
38012 11
38017 14
38024 18
38025 18
38026 16
38028 13
38033 12
38037 7
38040 13
38044 1
38051 5
38056 11
38062 9
38064 21
38068 21
38072 16
38074 11
38081 14
38087 10
38088 11
38095 4
38101 13
38106 11
38112 11
38117 4
38121 18
38122 12
38128 19
38129 11
38133 16
38135 20
38137 18
38138 16
38140 11
38145 12
38153 2
38162 13
38167 16
38169 12
38177 12
38181 5
38185 18
38186 3
38193 8
38195 3
38201 11
38206 3
38213 6
38219 17
38221 13
38225 6
38229 15
38231 12
38237 11
38241 2
38248 21
38252 4
38258 13
38263 12
38271 9
38273 6
38281 14
38285 7
38288 17
38290 20
38292 8
38294 2
38305 19
38307 20
38308 11
38312 7
38314 12
38322 19
38324 4
38328 4
38334 12
38342 18
38343 17
38345 3
38351 21
38355 16
38357 17
38359 11
38365 11
38371 21
38375 18
38376 11
38383 12
38389 18
38390 15
38392 15
38394 13
38399 6
38405 19
38406 13
38410 11
38416 18
38417 12
38423 16
38425 14
38430 11
38437 3
38442 12
38450 11
38457 18
38458 18
38459 10
38462 1
38470 11
38477 19
38479 21
38483 3
38490 3
38496 2
38507 6
38513 17
38515 3
38519 21
38523 16
38525 15
38527 13
38533 9
38535 3
38539 2
38548 16
38550 16
38552 18
38553 15
38555 4
38559 8
38561 3
38566 21
38570 21
38574 21
38578 9
38579 14
38585 12
38593 12
38599 17
38601 1
38609 16
38611 10
38612 7
38614 6
38620 1
38627 12
38633 12
38639 15
38641 13
38646 21
38650 6
38658 16
38660 20
38662 10
38663 11
38669 18
38670 13
38675 6
38679 21
38683 19
38685 12
38693 19
38694 7
38696 11
38702 15
38704 1
38713 15
38715 6
38721 5
38728 4
38734 5
38739 6
38743 21
38747 18
38748 6
38754 12
38758 2
38767 1
38776 12
38784 12
38790 16
38792 17
38794 1
38801 8
38805 8
38807 13
38812 4
38818 5
38822 7
38824 16
38826 13
38831 11
38835 21
38839 3
38843 17
38845 11
38851 4
38857 8
38861 1
38868 5
38874 9
38875 4
38883 10
38884 18
38885 13
38890 11
38896 4
38902 1
38911 16
38913 12
38921 16
38923 19
38924 6
38932 16
38934 15
38936 12
38944 18
38945 11
38952 9
38953 13
38957 19
38959 7
38961 5
38967 13
38971 8
38973 12
38981 4
38989 14
38996 14
39002 11
39006 11
39010 12
39016 18
39017 4
39023 17
39025 11
39029 5
39033 7
39035 12
39039 8
39041 15
39043 4
39051 12
39059 13
39064 9
39065 15
39067 9
39068 11
39072 11
39079 11
39083 18
39084 18
39085 8
39087 11
39091 10
39094 11
39101 11
39105 11
39109 9
39111 15
39113 1
39122 11
39129 7
39132 18
39133 2
39144 12
39152 5
39159 12
39165 12
39173 12
39179 15
39181 19
39182 12
39186 10
39187 1
39194 4
39200 12
39206 5
39210 6
39218 11
39223 21
39227 5
39231 4
39237 11
39243 1
39251 11
39258 3
39265 8
39269 18
39270 2
39277 11
39281 16
39283 6
39289 4
39297 18
39298 8
39302 6
39308 10
39311 18
39312 14
39317 1
39325 3
39331 9
39333 17
39335 16
39337 16
39339 1
39349 11
39354 12
39358 2
39365 13
39369 11
39376 1
39384 2
39393 10
39394 1
39401 6
39407 11
39414 12
39422 11
39427 15
39429 10
39430 18
39431 15
39433 11
39438 9
39440 16
39442 11
39448 15
39450 15
39452 2
39461 2
39472 3
39477 11
39482 13
39486 6
39494 4
39498 12
39502 18
39503 12
39507 21
39511 19
39512 8
39514 5
39519 16
39521 14
39526 12
39532 21
39536 3
39540 16
39542 9
39543 6
39549 20
39551 15
39553 10
39556 21
39560 13
39565 21
39569 1
39578 11
39583 14
39589 4
39593 3
39597 21
39601 4
39607 18
39608 9
39609 13
39615 5
39620 16
39622 11
39627 7
39630 11
39636 3
39640 1
39650 4
39656 17
39658 2
39667 9
39669 12
39677 19
39679 20
39680 12
39688 17
39690 3
39695 10
39698 5
39702 11
39707 20
39708 12
39716 11
39722 11
39728 5
39732 19
39733 19
39735 18
39736 10
39739 3
39744 7
39747 5
39752 11
39758 5
39762 21
39766 14
39771 15
39773 1
39780 9
39781 1
39791 18
39792 20
39793 15
39795 5
39801 10
39804 17
39806 19
39807 13
39812 11
39818 12
39826 12
39832 18
39833 6
39839 9
39840 20
39842 12
39850 11
39854 3
39860 2
39869 9
39871 16
39873 15
39875 18
39876 3
39882 11
39886 11
39892 11
39899 17
39901 2
39908 2
39919 9
39920 4
39926 11
39930 11
39936 1
39946 18
39947 10
39948 17
39950 10
39953 4
39961 21
39965 9
39966 13
39972 9
39973 9
39975 11
39981 2
39990 18
39991 13
39996 8
40000 11
40007 11
40013 6
40019 13
40023 18
40024 11
40030 15
40032 15
40034 5
40040 9
40041 13
40045 17
40047 11
40053 11
40059 2
40066 21
40070 15
40072 11
40076 11
40081 16
40083 11
40089 11
40094 8
40098 8
40100 12
40106 20
40107 6
40111 12
40119 10
40120 11
40124 6
40128 20
40130 14
40137 20
40138 5
40145 12
40151 13
40155 12
40163 6
40169 3
40173 16
40175 11
40180 20
40181 18
40182 18
40183 12
40189 4
40195 11
40200 8
40202 6
40210 20
40212 21
40216 3
40220 6
40226 12
40230 2
40239 13
40245 5
40251 13
40257 2
40266 20
40268 15
40270 5
40275 14
40280 12
40288 16
40290 21
40294 5
40298 15
40300 18
40301 11
40306 20
40308 18
40309 4
40313 21
40317 12
40323 20
40325 1
40335 19
40336 18
40337 18
40338 9
40340 21
40344 10
40345 4
40353 10
40354 11
40361 15
40363 12
40367 12
40373 11
40377 15
40379 9
40380 18
40381 9
40382 18
40383 11
40387 1
40396 11
40403 3
40409 19
40411 11
40418 6
40424 12
40430 19
40431 12
40439 2
40448 15
40450 11
40455 2
40466 1
40474 11
40479 11
40486 11
40492 10
40493 1
40501 12
40507 6
40511 6
40517 11
40521 11
40526 12
40532 8
40534 10
40537 21
40541 21
40545 14
40552 18
40553 12
40557 12
40563 4
40571 18
40572 12
40578 5
40582 18
40583 18
40584 1
40592 11
40597 12
40605 2
40612 2
40623 12
40631 13
40637 19
40638 18
40639 15
40641 11
40645 11
40649 6
40657 4
40663 3
40668 15
40670 4
40676 4
40684 12
40690 7
40692 19
40694 14
40700 4
40706 12
40712 4
40718 5
40724 21
40728 5
40734 20
40736 12
40740 5
40746 2
40753 8
40757 18
40758 9
40760 14
40767 15
40769 11
40774 4
40780 10
40781 4
40785 5
40790 12
40796 11
40803 3
40810 1
40820 21
40824 18
40825 18
40826 7
40829 10
40830 11
40837 1
40846 11
40852 12
40860 12
40864 10
40867 14
40871 8
40873 12
40879 9
40881 14
40888 4
40894 8
40898 11
40904 3
40911 12
40915 20
40917 5
40923 11
40929 6
40937 1
40945 12
40951 12
40957 18
40958 6
40966 20
40967 18
40968 18
40969 12
40975 1
40983 19
40984 18
40985 6
40991 9
40992 12
40998 10
41001 6
41009 11
41014 20
41016 19
41018 13
41023 6
41029 18
41030 20
41031 12
41035 13
41041 19
41043 21
41047 11
41054 18
41055 8
41059 11
41063 19
41065 11
41071 18
41072 15
41074 17
41076 11
41082 11
41087 5
41091 15
41093 11
41098 2
41107 4
41111 19
41112 8
41116 10
41119 17
41121 20
41122 2
41131 11
41135 13
41139 18
41140 15
41142 15
41144 9
41146 20
41148 18
41149 14
41153 17
41155 11
41162 3
41168 2
41175 17
41177 14
41184 12
41190 13
41194 16
41196 18
41197 11
41201 14
41207 16
41209 13
41215 9
41217 12
41221 19
41223 20
41225 18
41226 3
41231 17
41233 4
41239 11
41243 9
41245 12
41251 1
41259 12
41265 3
41272 9
41273 4
41279 12
41285 5
41290 4
41296 13
41301 16
41303 19
41304 18
41305 14
41312 18
41313 2
41320 12
41326 10
41329 12
41333 14
41337 11
41342 2
41353 14
41360 2
41367 7
41369 5
41374 16
41376 18
41377 18
41378 7
41381 20
41382 18
41383 3
41390 21
41394 11
41400 1
41407 15
41409 7
41411 2
41422 18
41423 14
41429 4
41437 12
41441 3
41445 8
41449 10
41450 21
41454 7
41456 1
41464 17
41466 18
41467 18
41468 15
41470 10
41473 18
41474 9
41476 18
41477 7
41479 16
41481 16
41483 17
41485 12
41491 18
41492 21
41496 16
41498 13
41502 2
41511 12
41517 13
41522 3
41527 12
41533 1
41540 5
41545 5
41550 12
41556 11
41562 3
41567 12
41575 11
41581 3
41587 10
41590 11
41594 14
41600 11
41604 9
41606 10
41607 15
41609 5
41614 13
41618 13
41623 2
41634 13
41639 19
41640 13
41645 8
41647 8
41649 20
41650 11
41656 7
41658 17
41660 17
41662 5
41669 12
41677 19
41678 12
41682 20
41684 1
41693 4
41699 9
41701 17
41703 8
41707 10
41710 6
41714 14
41720 5
41724 20
41726 2
41733 9
41735 10
41736 21
41740 14
41744 4
41748 13
41752 16
41754 16
41756 2
41767 12
41773 13
41777 12
