10000
1 6
9 11
14 12
22 18
23 10
24 9
26 16
28 12
32 17
34 3
39 17
41 4
47 11
54 1
64 2
73 5
77 14
84 4
90 16
92 16
94 8
98 11
104 6
110 20
111 19
112 15
114 7
116 11
121 11
128 11
132 2
143 20
145 12
151 14
158 15
160 10
163 21
167 6
175 13
181 6
187 13
192 18
193 12
201 11
206 11
212 12
218 8
220 5
226 21
230 21
234 11
238 17
240 14
245 9
247 6
255 17
257 4
261 4
267 11
272 11
277 7
280 3
287 3
293 11
298 9
300 15
302 14
308 11
314 7
316 19
318 12
322 2
329 15
331 21
335 19
336 2
345 7
347 5
353 11
358 9
360 16
362 4
366 12
372 17
374 18
375 2
386 6
390 9
391 18
392 18
393 9
395 14
399 1
406 15
408 11
415 2
424 15
426 4
430 5
436 4
444 12
450 15
452 11
459 4
467 18
468 9
469 13
473 1
480 12
486 21
490 16
492 5
499 18
500 11
507 18
508 7
511 11
516 3
521 11
527 14
532 12
538 13
543 8
545 20
546 12
552 11
558 1
565 12
571 1
581 8
585 4
589 11
593 9
594 12
600 3
607 6
611 14
618 2
627 10
630 16
632 8
636 8
640 21
644 11
650 17
652 2
659 17
661 11
665 17
667 16
669 21
673 19
674 12
682 11
688 4
694 12
700 6
706 5
710 18
711 3
715 6
723 2
730 9
731 3
738 15
740 8
744 3
748 2
757 6
763 10
766 15
768 16
770 7
773 18
774 20
776 13
781 4
787 8
789 21
793 13
798 13
804 10
805 18
806 17
808 18
809 18
810 17
812 18
813 17
815 7
817 11
821 6
825 15
827 7
830 7
833 20
835 11
842 17
844 7
846 21
850 6
856 12
862 9
864 3
871 3
875 4
879 16
881 11
885 5
890 1
898 11
903 8
905 8
909 16
911 11
915 1
922 14
926 4
932 9
933 11
939 12
947 15
949 8
951 18
952 3
956 2
965 1
973 5
979 21
983 5
989 5
995 10
996 9
998 11
1004 12
1008 18
1009 16
1011 13
1016 4
1022 18
1023 21
1027 17
1029 9
1030 11
1035 5
1040 16
1042 11
1049 1
1056 18
1057 5
1061 5
1067 11
1071 18
1072 18
1073 9
1074 11
1080 3
1087 1
1094 20
1096 12
1100 13
1106 15
1108 20
1109 11
1116 1
1124 7
1126 17
1128 3
1132 12
1140 19
1141 5
1147 15
1149 16
1151 2
1158 15
1160 8
1164 2
1173 4
1179 19
1181 3
1187 18
1188 13
1192 16
1194 9
1195 16
1197 8
1199 10
1200 16
1202 9
1204 14
1211 8
1215 18
1216 11
1223 13
1228 20
1229 18
1230 5
1234 11
1241 10
1242 12
1248 4
1254 9
1255 18
1256 19
1257 1
1267 20
1268 10
1271 11
1278 16
1280 11
1284 12
1288 11
1293 7
1296 7
1299 12
1303 18
1304 12
1312 12
1318 17
1320 4
1324 11
1329 6
1335 11
1342 6
1348 15
1350 16
1352 7
1355 2
1364 19
1365 5
1372 14
1378 11
1382 20
1383 1
1392 14
1397 1
1406 17
1408 21
1412 15
1414 14
1418 6
1424 7
1426 11
1433 17
1435 7
1438 8
1442 20
1443 10
1444 2
1451 19
1453 12
1461 9
1462 11
1467 16
1469 11
1474 9
1475 20
1477 12
1483 15
1485 12
1493 7
1496 11
1500 3
1505 12
1513 8
1515 10
1516 17
1518 20
1520 21
1524 11
1529 6
1535 3
1540 4
1546 1
1553 21
1557 7
1559 4
1563 18
1564 5
1568 18
1569 18
1570 10
1573 13
1578 5
1582 11
1586 16
1588 1
1596 5
1603 11
1608 13
1614 11
1619 21
1623 20
1624 8
1628 20
1630 17
1632 8
1636 11
1642 2
1649 12
1657 3
1661 10
1664 8
1666 12
1672 8
1674 13
1678 2
1687 4
1695 17
1697 12
1701 15
1703 19
1704 11
1710 14
1714 4
1720 13
1726 18
1727 12
1731 15
1733 11
1737 18
1738 21
1742 15
1744 4
1748 1
1756 16
1758 12
1766 21
1770 12
1776 8
1780 8
1784 17
1786 12
1790 11
1796 17
1798 1
1806 12
1814 11
1818 17
1820 6
1826 12
1830 11
1836 21
1840 11
1847 18
1848 19
1849 12
1855 17
1857 19
1858 2
1869 21
1873 12
1879 4
1885 21
1889 16
1891 12
1897 11
1902 13
1907 21
1911 11
1918 17
1920 12
1928 17
1930 13
1935 3
1941 4
1947 6
1953 3
1959 7
1961 20
1962 12
1968 1
1976 4
1980 8
1984 11
1988 2
1999 12
2005 5
2009 2
2018 12
2026 15
2028 16
2030 11
2034 3
2041 21
2045 21
2049 1
2059 20
2060 12
2068 1
2075 16
2077 12
2085 9
2087 12
2091 18
2092 4
2098 8
2102 13
2107 15
2109 9
2111 15
2113 20
2114 4
2122 11
2128 12
2132 21
2136 12
2142 5
2147 11
2151 21
2155 18
2156 13
2162 12
2170 12
2174 11
2180 11
2185 14
2192 20
2193 2
2202 17
2204 12
2210 11
2217 18
2218 1
2227 11
2233 17
2235 3
2240 19
2242 16
2244 9
2246 12
2254 12
2258 17
2260 6
2266 13
2271 2
2282 5
2288 19
2289 11
2293 16
2295 21
2299 14
2304 1
2313 11
2317 18
2318 11
2322 18
2323 14
2328 13
2334 15
2336 12
2342 7
2344 6
2348 12
2356 6
2364 20
2366 11
2371 20
2373 11
2380 11
2387 11
2394 4
2400 20
2402 17
2404 11
2409 9
2411 10
2414 7
2417 15
2419 12
2425 12
2431 5
2435 11
2441 4
2445 16
2447 10
2448 5
2453 7
2455 12
2461 18
2462 8
2466 17
2468 5
2474 11
2480 7
2483 12
2491 11
2495 19
2496 15
2498 17
2500 8
2504 7
2506 13
2510 18
2511 16
2513 20
2514 20
2515 17
2517 4
2521 15
2523 2
2530 18
2531 21
2535 20
2536 14
2542 6
2550 18
2551 21
2555 1
2563 17
2565 20
2567 19
2569 3
2576 11
2582 14
2587 2
2594 7
2596 10
2599 1
2608 9
2609 11
2616 8
2620 8
2624 4
2628 11
2634 6
2640 7
2643 10
2646 8
2648 13
2654 5
2660 8
2664 14
2670 17
2672 19
2674 11
2681 20
2682 16
2684 12
2690 7
2692 9
2693 15
2695 1
2705 2
2714 18
2715 7
2718 11
2723 11
2730 10
2731 19
2733 7
2735 10
2738 17
2740 11
2745 19
2746 11
2750 14
2756 6
2762 18
2763 11
2769 10
2772 10
2773 4
2779 14
2784 17
2786 10
2789 9
2791 20
2793 16
2795 11
2801 21
2805 10
2808 11
2812 10
2815 6
2821 11
2827 2
2834 19
2836 9
2837 8
2841 11
2846 1
2853 21
2857 21
2861 8
2865 12
2873 10
2876 12
2884 3
2889 11
2894 1
2904 4
2912 9
2914 9
2916 2
2927 12
2935 11
2939 21
2943 8
2945 10
2946 11
2951 5
2955 2
2966 11
2972 2
2981 3
2987 16
2989 16
2991 18
2992 20
2994 5
2998 15
3000 12
3008 14
3013 10
3014 20
3015 16
3017 9
3019 2
3028 11
3035 17
3037 5
3042 21
3046 8
3050 11
3055 1
3062 20
3064 21
3068 18
3069 16
3071 4
3079 18
3080 18
3081 12
3085 9
3087 20
3088 1
3096 1
3104 21
3108 12
3114 1
3124 8
3126 13
3132 7
3134 11
3141 15
3143 12
3151 16
3153 16
3155 15
3157 18
3158 9
3160 12
3164 18
3165 16
3167 12
3173 5
3180 3
3187 11
3192 11
3197 16
3199 1
3209 18
3210 9
3211 13
3215 18
3216 5
3222 9
3224 14
3231 3
3238 10
3239 10
3242 15
3244 13
3250 5
3255 11
3260 2
3269 13
3275 8
3279 15
3281 13
3286 9
3288 8
3290 19
3291 5
3295 6
3301 3
3308 14
3315 3
3319 6
3325 12
3333 18
3334 15
3336 6
3344 17
3346 21
3350 11
3356 4
3364 11
3369 6
3373 14
3377 11
3381 4
3387 3
3393 9
3394 9
3395 11
3401 2
3410 16
3412 9
3414 2
3421 10
3424 3
3431 9
3432 3
3438 18
3439 21
3443 16
3445 19
3447 6
3455 12
3459 11
3465 18
3466 19
3468 5
3473 2
3482 16
3484 8
3486 2
3495 18
3496 12
3500 6
3506 19
3507 12
3513 12
3519 2
3528 11
3534 10
3535 4
3539 19
3540 17
3542 21
3546 10
3547 4
3553 7
3556 18
3557 10
3560 5
3564 12
3570 20
3572 17
3574 18
3575 4
3581 14
3586 17
3588 12
3596 16
3598 11
3602 16
3604 11
3608 13
3613 13
3619 13
3625 13
3630 3
3635 11
3641 1
3649 19
3651 11
3656 19
3657 11
3664 21
3668 12
3674 11
3681 2
3688 14
3695 20
3697 11
3702 19
3704 17
3706 15
3708 11
3713 12
3717 6
3723 18
3724 3
3730 16
3732 10
3735 16
3737 12
3743 11
3748 11
3755 12
3761 15
3763 14
3770 5
3775 14
3780 18
3781 11
3788 3
3795 13
3801 17
3803 20
3805 9
3806 13
3811 14
3817 21
3821 9
3823 14
3828 18
3829 5
3833 9
3835 12
3839 12
3845 20
3846 20
3847 19
3848 12
3854 3
3861 11
3867 13
3872 14
3877 11
3881 8
3883 17
3885 16
3887 17
3889 11
3895 11
3901 12
3907 13
3912 18
3913 5
3918 8
3920 12
3928 12
3934 16
3936 7
3938 12
3946 11
3953 11
3959 12
3967 20
3969 6
3975 3
3982 11
3989 19
3990 12
3996 18
3997 13
4001 10
4002 20
4003 15
4005 2
4012 18
4013 8
4017 10
4018 6
4026 11
4031 11
4038 19
4040 6
4046 4
4052 12
4060 14
4066 1
4075 21
4079 12
4085 11
4090 7
4093 1
4101 18
4102 18
4103 9
4104 12
4110 21
4114 11
4121 16
4123 4
4131 7
4133 17
4135 10
4136 20
4137 11
4143 11
4150 21
4154 12
4160 4
4166 1
4174 19
4176 7
4178 15
4180 5
4187 7
4190 16
4192 18
4193 11
4199 1
4208 19
4209 11
4214 13
4219 13
4224 2
4233 5
4239 9
4241 14
4245 6
4249 14
4256 11
4260 18
4261 20
4263 12
4269 19
4271 9
4273 4
4279 21
4283 7
4285 7
4288 6
4292 10
4295 12
4301 11
4306 18
4307 20
4309 11
4316 1
4324 2
4331 14
4338 10
4339 8
4341 6
4347 12
4353 15
4355 15
4357 18
4358 3
4362 6
4368 11
4374 19
4375 7
4378 5
4385 11
4389 18
4390 12
4396 14
4402 11
4406 14
4410 10
4411 12
4419 10
4420 3
4425 11
4429 15
4431 5
4435 18
4436 13
4440 14
4444 11
4448 16
4450 10
4453 12
4459 12
4467 13
4473 2
4482 11
4489 4
4495 12
4503 4
4509 7
4512 12
4518 3
4523 1
4533 14
4539 12
4545 18
4546 16
4548 12
4556 14
4561 18
4562 20
4563 11
4569 11
4575 7
4578 1
4587 16
4589 1
4598 1
4608 14
4614 13
4620 16
4622 19
4624 5
4631 20
4632 11
4639 18
4640 13
4646 14
4650 7
4653 14
4658 12
4662 4
4668 10
4669 21
4673 3
4677 16
4679 18
4680 18
4681 2
4690 12
4696 13
4702 8
4704 2
4713 1
4721 10
4724 15
4726 17
4728 6
4736 16
4738 8
4740 20
4741 1
4748 15
4750 20
4751 9
4752 7
4754 11
4761 5
4765 1
4774 11
4780 14
4787 19
4789 10
4790 2
4797 18
4798 7
4800 12
4806 11
4812 19
4814 18
4815 11
4821 12
4827 16
4829 12
4835 10
4836 20
4837 4
4845 14
4850 17
4852 20
4853 6
4857 20
4858 11
4863 12
4869 9
4870 5
4874 12
4878 9
4880 14
4885 9
4886 9
4888 12
4894 12
4902 14
4907 2
4916 4
4920 4
4928 3
4932 8
4934 2
4943 14
4950 18
4951 16
4953 17
4955 13
4959 5
4963 7
4966 12
4974 5
4979 3
4983 7
4986 12
4990 9
4991 15
4993 11
4999 11
5003 14
5010 15
5012 19
5013 2
5024 12
5030 11
5034 21
5038 9
5039 13
5044 11
5050 19
5051 9
5053 18
5054 9
5055 17
5057 3
5064 7
5066 7
5068 20
5070 16
5072 4
5076 4
5084 6
5088 12
5096 5
5100 18
5101 4
5107 1
5116 18
5117 21
5121 10
5124 9
5125 11
5131 5
5136 2
5145 20
5146 4
5152 12
5156 2
5163 13
5168 17
5170 6
5178 20
5179 19
5181 11
5185 11
5191 9
5193 3
5198 9
5199 20
5200 11
5207 1
5217 11
5221 9
5222 13
5227 12
5231 12
5235 13
5241 11
5248 12
5254 5
5258 11
5262 3
5269 7
5272 18
5273 12
5279 9
5280 14
5286 11
5290 2
5301 8
5303 17
5305 12
5311 2
5320 8
5324 6
5330 14
5334 13
5340 7
5343 12
5349 12
5355 17
5357 21
5361 8
5365 8
5369 18
5370 2
5379 2
5386 8
5388 12
5394 6
5400 5
5407 1
5414 8
5418 12
5426 2
5435 21
5439 17
5441 11
5448 11
5452 3
5457 14
5463 15
5465 2
5474 17
5476 3
5482 15
5484 13
5490 3
5494 19
5496 3
5502 12
5510 11
5517 12
5523 4
5529 8
5531 9
5533 18
5534 8
5536 5
5543 13
5549 5
5553 3
5560 21
5564 13
5568 18
5569 12
5573 11
5579 12
5585 15
5587 18
5588 15
5590 12
5598 5
5603 12
5611 15
5613 11
5620 7
5623 7
5625 15
5627 18
5628 1
5638 11
5645 11
5649 5
5655 4
5661 12
5669 11
5675 8
5677 12
5685 1
5692 1
5699 4
5707 4
5715 6
5721 18
5722 18
5723 11
5730 7
5733 15
5735 16
5737 10
5740 10
5741 17
5743 19
5744 9
5745 16
5747 2
5758 3
5762 7
5764 7
5766 2
5775 11
5780 13
5785 20
5786 12
5792 6
5798 20
5799 9
5800 11
5807 6
5813 1
5822 5
5826 21
5830 3
5835 12
5843 8
5847 20
5849 10
5850 18
5851 13
5856 11
5860 15
5862 20
5864 11
5868 10
5871 12
5879 8
5883 2
5894 15
5896 2
5907 7
5909 21
5913 6
5919 1
5928 11
5934 21
5938 4
5944 4
5952 11
5957 21
5961 15
5963 14
5970 15
5972 3
5979 5
5984 6
5990 20
5992 20
5994 12
5998 11
6003 12
6007 18
6008 12
6014 19
6015 11
6019 4
6025 12
6029 12
6037 19
6039 6
6045 11
6049 2
6056 20
6057 19
6059 4
6065 18
6066 5
6073 2
6080 20
6082 12
6088 6
6092 2
6099 20
6100 1
6109 1
6117 9
6119 18
6120 16
6122 13
6127 7
6130 4
6136 12
6142 4
6146 17
6148 15
6150 17
6152 1
6159 1
6169 18
6170 12
6176 7
6179 16
6181 12
6189 7
6192 16
6194 21
6198 12
6206 16
6208 18
6209 13
6214 12
6222 14
6226 1
6233 4
6239 11
6244 20
6245 16
6247 12
6255 2
6266 17
6268 10
6269 12
6277 10
6280 20
6282 6
6286 9
6287 18
6288 20
6290 17
6292 12
6296 19
6297 19
6298 8
6300 4
6304 2
6315 21
6319 16
6321 3
6327 1
6337 15
6339 11
6343 7
6346 16
6348 11
6352 16
6354 15
6356 4
6362 14
6366 14
6370 12
6376 1
6384 12
6390 5
6394 11
6401 5
6408 15
6410 14
6416 15
6418 5
6423 14
6429 4
6435 21
6439 9
6440 18
6441 5
6446 7
6449 18
6450 21
6454 10
6457 6
6463 5
6470 8
6474 9
6475 5
6480 16
6482 6
6490 21
6494 5
6501 13
6506 21
6510 2
6521 20
6523 16
6525 16
6527 4
6533 11
6537 20
6538 6
6544 11
6548 16
6550 4
6558 21
6562 19
6564 8
6568 20
6570 4
6578 12
6586 13
6590 14
6594 11
6598 13
6604 6
6610 20
6611 17
6613 1
6621 20
6623 9
6625 15
6627 6
6633 18
6634 3
6641 14
6647 12
6653 10
6654 14
6661 14
6666 14
6673 8
6675 14
6682 21
6686 15
6688 12
6694 13
6699 9
6701 20
6702 14
6708 1
6715 1
6723 11
6727 5
6732 11
6739 13
6743 6
6747 11
6753 14
6760 2
6769 11
6775 17
6777 20
6778 21
6782 13
6788 18
6789 11
6795 5
6799 19
6800 10
6801 11
6805 6
6809 9
6811 2
6820 20
6822 10
6825 18
6826 3
6830 19
6831 9
6832 11
6838 17
6840 13
6846 2
6855 10
6856 3
6860 2
6871 11
6875 2
6882 4
6890 12
6896 14
6903 12
6907 4
6911 12
6917 5
6922 19
6924 11
6928 21
6932 13
6937 18
6938 3
6945 7
6947 12
6953 11
6959 2
6968 16
6970 5
6976 3
6981 9
6982 17
6984 18
6985 4
6991 9
6992 4
6998 12
7002 17
7004 6
7010 10
7013 4
7017 11
7023 15
7025 3
7030 9
7032 3
7039 17
7041 20
7042 1
7049 10
7052 12
7058 7
7061 14
7068 14
7075 14
7081 16
7083 18
7084 8
7086 2
7093 21
7097 12
7105 11
7112 18
7113 4
7119 17
7121 13
7125 21
7129 1
7139 14
7146 12
7154 21
7158 11
7163 3
7170 20
7171 19
7172 3
7179 14
7184 12
7190 15
7192 16
7194 18
7195 12
7201 2
7210 20
7212 19
7214 4
7222 13
7226 21
7230 20
7231 12
7235 11
7241 11
7248 18
7249 20
7250 6
7256 16
7258 8
7260 18
7261 15
7263 11
7270 12
7274 11
7281 21
7285 7
7287 11
7291 11
7298 11
7302 18
7303 18
7304 16
7306 17
7308 11
7313 11
7318 18
7319 11
7326 17
7328 12
7332 11
7337 15
7339 20
7341 7
7343 7
7346 10
7347 4
7355 2
7364 12
7370 14
7377 13
7381 1
7389 11
7395 6
7401 17
7403 3
7410 11
7414 3
7420 7
7422 1
7431 11
7438 7
7441 3
7446 8
7448 20
7449 1
7458 6
7464 18
7465 3
7472 7
7474 2
7481 15
7483 11
7490 5
7496 11
7503 18
7504 3
7508 19
7509 3
7514 10
7517 12
7523 8
7525 11
7529 16
7531 12
7535 3
7539 15
7541 9
7542 3
7549 18
7550 20
7551 4
7559 14
7565 20
7566 12
7572 12
7580 15
7582 11
7588 6
7594 19
7596 19
7597 13
7601 8
7605 12
7613 3
7618 3
7622 12
7628 1
7636 2
7643 21
7647 7
7649 10
7650 6
7658 6
7666 18
7667 13
7673 10
7676 12
7684 1
7692 12
7698 18
7699 5
7706 3
7710 11
7716 2
7725 19
7726 3
7730 16
7732 21
7736 1
7746 13
7751 11
7758 3
7762 21
7766 4
7774 1
7784 14
7788 15
7790 21
7794 18
7795 20
7796 20
7797 2
7808 12
7814 17
7816 7
7818 8
7822 10
7825 12
7829 11
7835 10
7838 16
7840 21
7844 21
7848 3
7853 7
7855 12
7861 17
7863 17
7865 14
7872 11
7876 1
7884 3
7888 14
7893 16
7895 20
7897 12
7903 15
7905 12
7911 6
7917 5
7924 12
7928 6
7936 3
7942 17
7944 8
7948 10
7951 21
7955 5
7962 12
7968 18
7969 9
7970 11
7976 6
7982 14
7988 7
7991 3
7998 2
8007 5
8014 19
8016 1
8026 20
8028 18
8029 16
8031 5
8038 20
8040 14
8047 18
8048 4
8054 18
8055 11
8062 18
8063 21
8067 3
8073 11
8078 9
8079 7
8081 4
8087 6
8095 8
8099 7
8102 12
8110 17
8112 5
8118 13
8123 18
8124 20
8125 16
8127 9
8129 4
8137 4
8143 11
8148 11
8155 1
8162 11
8169 21
8173 11
8179 7
8181 21
8185 10
8188 8
8192 7
8195 15
8197 11
8201 13
8206 12
8212 21
8216 19
8217 11
8224 16
8226 3
8232 18
8233 1
8240 9
8242 6
8246 18
8247 11
8252 9
8253 18
8254 5
8258 12
8266 11
8273 8
8275 3
8281 13
8286 2
8297 9
8299 20
8301 15
8303 4
8309 12
8313 12
8317 6
8323 15
8325 11
8330 12
8336 17
8338 18
8339 11
8344 3
8351 6
8359 11
8364 17
8366 2
8373 11
8380 19
8381 20
8382 11
8388 18
8389 12
8395 6
8399 16
8401 12
8405 14
8412 11
8417 11
8422 20
8424 12
8428 3
8433 10
8434 21
8438 12
8442 13
8446 2
8455 13
8460 12
8466 9
8467 10
8470 11
8475 13
8479 18
8480 1
8489 7
8491 15
8493 2
8504 18
8505 17
8507 6
8513 4
8519 20
8520 21
8524 15
8526 20
8527 12
8533 18
8534 13
8540 11
8547 6
8555 21
8559 14
8565 11
8571 2
8582 4
8590 8
8592 1
8600 11
8604 8
8606 18
8607 9
8609 11
8614 9
8616 12
8622 11
8626 13
8630 4
8634 15
8636 17
8638 16
8640 14
8646 19
8648 1
8658 15
8660 2
8669 1
8676 6
8684 12
8688 10
8691 18
8692 3
8699 13
8704 6
8710 14
8714 14
8719 14
8723 18
8724 12
8732 4
8738 19
8740 12
8744 10
8747 19
8749 12
8757 5
8762 16
8764 8
8768 21
8772 16
8774 12
8780 19
8781 10
8784 12
8788 16
8790 19
8792 1
8799 11
8804 19
8805 8
8809 1
8817 11
8823 18
8824 10
8827 9
8829 15
8831 5
8837 10
8838 9
8839 9
8840 21
8844 11
8850 21
8854 4
8860 2
8869 9
8871 10
8874 12
8880 5
8885 18
8886 11
8893 14
8899 15
8901 12
8907 6
8915 16
8917 11
8924 6
8928 3
8932 4
8938 11
8943 5
8950 12
8954 20
8955 10
8956 11
8962 15
8964 21
8968 7
8970 2
8977 13
8982 12
8990 15
8992 8
8994 13
8999 7
9002 11
9008 2
9015 21
9019 18
9020 18
9021 18
9022 12
9030 17
9032 6
9040 18
9041 2
9050 12
9056 11
9063 5
9068 20
9069 20
9070 11
9077 10
9080 12
9086 15
9088 15
9090 11
9097 2
9104 11
9111 6
9119 18
9120 18
9121 10
9124 16
9126 11
9132 6
9140 21
9144 4
9150 14
9155 15
9157 21
9161 11
9166 19
9167 12
9173 15
9175 14
9179 15
9181 21
9185 10
9188 5
9192 2
9203 4
9209 13
9214 16
9216 15
9218 11
9225 6
9229 1
9236 19
9237 13
9241 16
9243 11
9247 11
9254 1
9262 6
9268 14
9272 13
9278 10
9281 14
9288 3
9292 13
9297 1
9304 17
9306 12
9314 7
9317 8
9321 20
9323 4
9327 1
9334 4
9340 12
9346 9
9347 5
9353 10
9354 8
9358 18
9359 12
9365 12
9373 7
9376 11
9380 11
9386 21
9390 21
9394 13
9398 11
9404 9
9406 15
9408 6
9414 21
9418 12
9424 7
9426 11
9433 5
9439 6
9443 4
9449 18
9450 11
9457 5
9464 6
9470 18
9471 6
9479 17
9481 1
9489 12
9495 5
9499 15
9501 11
9506 18
9507 16
9509 18
9510 7
9513 18
9514 17
9516 18
9517 14
9524 10
9525 12
9533 6
9539 12
9545 12
9551 12
9555 20
9557 16
9559 5
9563 10
9564 1
9572 12
9578 18
9579 12
9585 20
9587 19
9589 4
9593 11
9599 12
9603 11
9610 11
9615 20
9616 6
9620 17
9622 18
9623 1
9633 21
9637 12
9643 5
9649 19
9651 11
9657 13
9662 11
9666 11
9672 18
9673 15
9675 10
9678 14
9682 14
9689 13
9693 3
9697 3
9704 3
9710 11
9714 3
9719 20
9721 20
9722 5
9727 12
9731 19
9732 12
9740 11
9747 7
9749 7
9752 14
9757 18
9758 18
9759 12
9767 11
9773 13
9778 6
9784 12
9790 16
9792 19
9794 9
9795 14
9800 9
9801 4
9805 17
9807 15
9809 4
9813 8
9815 11
9819 14
9825 13
9829 13
9834 12
9840 1
9848 15
9850 15
9852 9
9854 12
9862 9
9863 15
9865 6
9873 3
9879 4
9887 15
9889 8
9891 4
9897 7
9900 8
9902 4
9908 14
9913 11
9918 9
9919 7
9921 18
9922 9
9923 21
9927 17
9929 18
9930 12
9934 7
9937 3
9941 14
9948 18
9949 1
9958 12
9962 11
9966 11
9971 11
9975 2
9982 15
9984 18
9985 1
9992 12
10000 18
10001 12
10007 18
10008 19
10009 20
10011 17
10013 1
10023 13
10028 13
10033 5
10037 15
10039 15
10041 9
10042 11
10046 12
10052 19
10053 13
10059 11
10064 3
10071 18
10072 18
10073 8
10077 11
10083 10
10086 12
10094 12
10098 12
10104 16
10106 10
10109 17
10111 4
10117 18
10118 17
10120 20
10121 6
10127 7
10129 5
10135 21
10139 7
10141 17
10143 11
10148 5
10153 20
10155 16
10157 9
10158 5
10165 1
10175 1
10183 13
10188 10
10189 17
10191 11
10197 17
10199 16
10201 4
10209 8
10211 15
10213 19
10214 17
10216 8
10218 2
10229 11
10235 7
10238 19
10239 15
10241 13
10246 13
10251 5
10255 4
10261 11
10265 2
10274 11
10281 1
10291 12
10297 12
10305 18
10306 16
10308 9
10309 11
10314 11
10318 16
10320 11
10326 16
10328 11
10333 11
10338 13
10343 13
10348 21
10352 18
10353 12
10359 12
10365 12
10373 12
10377 11
10382 5
10387 14
10393 17
10395 6
10399 12
10405 14
10409 9
10410 11
10416 8
10418 9
10419 15
10421 20
10423 19
10425 17
10427 3
10431 2
10440 9
10441 2
10450 13
10455 11
10460 15
10462 6
10468 13
10472 20
10473 9
10474 12
10478 21
10482 1
10492 13
10497 21
10501 5
10506 3
10511 12
10515 7
10517 11
10524 7
10526 21
10530 9
10532 12
10536 17
10538 7
10540 21
10544 5
10549 20
10550 10
10551 8
10553 11
10559 20
10560 5
10567 12
10571 12
10579 2
10588 1
10596 17
10598 12
10606 21
10610 10
10611 4
10619 8
10621 15
10623 9
10624 7
10626 18
10627 6
10633 16
10635 3
10639 11
10643 5
10648 8
10652 1
10660 2
10667 3
10671 10
10672 15
10674 11
10678 14
10682 3
10688 12
10696 2
10707 2
10718 6
10726 17
10728 12
10734 12
10740 10
10743 13
10748 8
10752 11
10756 4
10760 1
10768 10
10769 14
10774 9
10776 21
10780 8
10784 3
10790 1
10797 11
10802 12
10808 11
10815 7
10818 15
10820 20
10822 10
10823 17
10825 10
10828 14
10835 20
10837 12
10843 18
10844 13
10848 16
10850 11
10855 20
10857 9
10858 18
10859 8
10861 8
10863 15
10865 11
10871 17
10873 12
10879 6
10887 4
10893 11
10897 13
10902 11
10908 14
10913 13
10918 21
10922 14
10928 2
10939 6
10947 15
10949 21
10953 9
10955 21
10959 7
10962 1
10970 8
10974 12
10980 13
10986 11
10992 1
10999 19
11001 20
11002 9
11003 11
11010 11
11015 14
11019 7
11021 9
11022 13
11028 18
11029 12
11037 16
11039 18
11040 19
11041 11
11046 4
11052 10
11053 10
11056 8
11060 6
11064 13
11069 4
11075 18
11076 13
11081 4
11087 20
11088 7
11090 9
11092 21
11096 17
11098 9
11099 13
11104 15
11106 13
11111 5
11118 6
11122 11
11127 10
11128 18
11129 10
11130 6
11138 11
11143 18
11144 11
11151 2
11158 5
11165 1
11172 17
11174 15
11176 16
11178 14
11184 13
11189 15
11191 15
11193 10
11196 13
11202 20
11204 18
11205 12
11211 5
11217 4
11223 8
11225 9
11226 11
11231 18
11232 15
11234 12
11240 18
11241 17
11243 19
11244 13
11249 8
11253 20
11255 4
11259 9
11261 16
11263 4
11271 19
11273 13
11279 9
11280 18
11281 9
11283 2
11294 15
11296 18
11297 18
11298 20
11299 2
11308 16
11310 13
11315 11
11319 12
11325 21
11329 5
11335 17
11337 12
11343 2
11354 19
11356 6
11360 18
11361 16
11363 11
11367 18
11368 15
11370 12
11378 5
11383 2
11390 13
11395 11
11400 11
11404 13
11409 13
11415 18
11416 11
11422 11
11427 11
11431 12
11437 11
11443 12
11449 1
11459 12
11463 11
11468 3
11475 17
11477 6
11483 16
11485 11
11490 8
11494 21
11498 12
11506 3
11510 14
11515 12
11523 15
11525 20
11526 5
11532 11
11539 7
11542 15
11544 7
11546 5
11551 6
11559 7
11562 10
11565 20
11566 8
11570 5
11576 1
11586 18
11587 21
11591 19
11592 11
11598 18
11599 8
11603 6
11611 10
11614 1
11623 11
11627 8
11631 11
11636 2
11645 11
11649 4
11657 1
11666 6
11672 11
11676 18
11677 8
11679 12
11685 19
11686 11
11691 17
11693 19
11695 8
11697 12
11703 18
11704 6
11712 5
11716 13
11722 14
11728 14
11734 11
11739 18
11740 18
11741 5
11748 12
11752 16
11754 8
11756 11
11760 16
11762 11
11766 11
11773 4
11779 1
11787 11
11791 11
11796 1
11803 18
11804 5
11809 9
11810 12
11816 18
11817 17
11819 8
11821 9
11823 15
11825 11
11831 13
11835 5
11840 5
11845 9
11846 9
11848 11
11854 5
11860 12
11866 15
11868 12
11874 1
11883 8
11887 4
11893 18
11894 17
11896 18
11897 18
11898 16
11900 14
11906 15
11908 11
11914 3
11918 12
11924 8
11926 18
11927 15
11929 17
11931 15
11933 1
11942 12
11946 4
11950 13
11956 21
11960 1
11968 10
11969 11
11973 9
11974 2
11983 20
11985 11
11991 4
11995 10
11996 5
12001 19
12002 18
12003 6
12007 21
12011 12
12019 3
12026 21
12030 12
12038 5
12044 16
12046 8
12048 12
12052 11
12058 20
12060 6
12068 1
12075 18
12076 8
12080 12
12084 19
12086 18
12087 20
12088 20
12090 10
12091 11
12097 9
12099 5
12103 11
12108 11
12115 1
12122 12
12130 7
12132 11
12139 11
12145 3
12150 12
12156 7
12159 13
12163 5
12170 15
12172 11
12177 4
12185 15
12187 16
12189 16
12191 11
12196 20
12198 14
12202 10
12203 1
12213 9
12214 16
12216 13
12220 21
12224 12
12228 14
12235 13
12240 11
12246 20
12247 10
12250 10
12251 19
12252 2
12261 16
12263 16
12265 17
12267 16
12269 4
12275 4
12281 4
12287 12
12291 6
12299 8
12303 12
12307 12
12313 5
12317 12
12325 4
12331 4
12335 8
12337 16
12339 5
12344 10
12347 8
12349 2
12358 17
12360 3
12365 17
12367 6
12373 11
12380 19
12381 1
12389 7
12392 4
12398 5
12403 12
12409 17
12411 10
12414 16
12416 11
12420 12
12426 4
12434 19
12435 11
12442 7
12445 14
12452 16
12454 11
12460 4
12466 18
12467 5
12474 17
12476 7
12478 18
12479 2
12488 8
12492 8
12494 15
12496 7
12498 11
12505 13
12511 7
12514 11
12519 16
12521 15
12523 19
12524 2
12531 21
12535 14
12540 11
12547 17
12549 16
12551 11
12557 12
12563 17
12565 11
12569 5
12576 18
12577 11
12584 5
12589 14
12594 11
12600 11
12605 1
12614 5
12620 8
12622 2
12629 19
12630 7
12633 11
12637 12
12641 21
12645 20
12647 1
12657 12
12663 19
12664 15
12666 12
12672 15
12674 16
12676 8
12678 11
12684 18
12685 20
12686 14
12691 12
12697 21
12701 21
12705 18
12706 2
12715 2
12726 12
12732 13
12737 13
12742 2
12749 16
12751 1
12759 11
12763 18
12764 4
12770 8
12774 15
12776 4
12780 6
12786 11
12793 2
12804 12
12810 1
12818 13
12822 2
12833 12
12837 15
12839 11
12844 1
12853 16
12855 18
12856 20
12857 19
12858 11
12862 8
12864 19
12865 5
12871 12
12877 4
12883 19
12884 19
12885 5
12889 11
12895 11
12901 7
12903 15
12905 7
12908 17
12910 11
12916 5
12922 3
12927 6
12931 1
12939 11
12946 15
12948 14
12953 18
12954 6
12960 13
12965 1
12974 11
12978 11
12984 15
12986 6
12992 15
12994 12
13000 11
13006 18
13007 12
13015 12
13019 6
13023 5
13028 11
13033 8
13035 11
13039 15
13041 1
13049 12
13055 7
13057 6
13063 4
13067 12
13071 12
13077 19
13079 19
13081 2
13092 13
13097 7
13100 11
13105 11
13112 13
13116 3
13121 10
13124 3
13130 11
13135 9
13136 21
13140 12
13146 14
13152 8
13154 5
13158 21
13162 6
13170 14
13177 16
13179 13
13184 14
13189 14
13195 12
13199 18
13200 7
13202 16
13204 12
13210 3
13216 5
13220 12
13224 9
13225 5
13231 12
13237 19
13238 18
13239 11
13243 8
13245 10
13246 12
13252 12
13258 2
13267 12
13273 19
13274 6
13280 4
13286 19
13287 13
13293 3
13300 12
13306 11
13311 11
13318 19
13319 17
13321 20
13323 18
13324 17
13326 9
13327 14
13332 19
13334 7
13336 7
13339 3
13344 10
13347 18
13348 15
13350 14
13356 18
13357 14
13362 10
13363 21
13367 6
13373 18
13374 5
13378 3
13384 16
13386 15
13388 19
13390 11
13397 19
13399 7
13401 12
13405 15
13407 9
13409 11
13413 11
13417 11
13421 4
13427 18
13428 13
13433 11
13439 19
13440 1
13448 7
13451 7
13454 16
13456 12
13462 5
13466 14
13470 13
13476 10
13479 3
13484 14
13488 18
13489 3
13493 11
13500 8
13504 11
13511 12
13519 14
13523 16
13525 16
13527 6
13531 16
13533 11
13538 15
13540 6
13544 12
13550 4
13556 20
13558 10
13559 11
13564 12
13572 4
13576 1
13584 5
13589 18
13590 12
13596 3
13602 18
13603 17
13605 18
13606 3
13610 12
13616 9
13618 19
13619 10
13622 10
13625 11
13631 8
13633 20
13635 2
13646 3
13653 19
13654 18
13655 19
13657 18
13658 20
13660 3
13664 15
13666 11
13670 4
13676 15
13678 20
13679 7
13681 17
13683 21
13687 3
13693 12
13697 7
13699 16
13701 20
13703 11
13707 20
13708 12
13714 17
13716 21
13720 17
13722 13
13727 11
13733 21
13737 12
13743 5
13747 5
13753 12
13759 12
13765 3
13772 7
13774 6
13780 4
13786 11
13793 21
13797 14
13801 11
13805 10
13806 20
13807 12
13813 10
13816 11
13823 12
13829 20
13831 11
13837 19
13838 11
13844 8
13846 11
13853 20
13854 12
13858 16
13860 11
13866 11
13873 11
13880 10
13883 11
13889 21
13893 11
13899 13
13905 5
13911 9
13912 5
13916 9
13918 12
13926 19
13927 6
13931 11
13935 4
13939 13
13945 1
13954 6
13960 11
13964 10
13965 20
13967 6
13975 9
13977 20
13979 12
13987 20
13989 13
13993 18
13994 13
13998 15
14000 13
14005 3
14010 21
14014 1
14021 21
14025 5
14029 13
14033 1
14040 16
14042 16
14044 3
14048 11
14055 16
14057 5
14061 15
14063 2
14072 9
14073 12
14079 5
14086 9
14088 12
14092 17
14094 12
14098 20
14099 21
14103 5
14108 11
14115 2
14124 7
14126 10
14127 21
14131 11
14135 18
14136 8
14138 14
14144 11
14151 16
14153 11
14160 21
14164 21
14168 8
14170 1
14177 14
14183 4
14191 19
14193 11
14200 14
14205 17
14207 12
14213 21
14217 18
14218 18
14219 21
14223 16
14225 4
14229 17
14231 10
14232 2
14241 8
14245 11
14250 4
14256 21
14260 11
14267 13
14272 11
14277 16
14279 11
14285 3
14292 13
14297 18
14298 5
14305 3
14311 8
14313 13
14318 4
14326 14
14330 9
14331 18
14332 17
14334 1
14344 14
14349 1
14357 5
14364 15
14366 5
14370 14
14375 11
14380 11
14386 18
14387 11
14392 19
14394 11
14400 3
14404 18
14405 10
14408 4
14414 1
14423 2
14432 2
14439 2
14450 18
14451 11
14455 3
14459 6
14463 3
14470 5
14476 1
14486 15
14488 19
14489 3
14495 21
14499 5
14504 21
14508 4
14514 2
14523 6
14529 6
14535 4
14541 18
14542 14
14549 11
14555 12
14559 12
14565 19
14567 19
14569 5
14573 21
14577 21
14581 13
14585 21
14589 11
14596 11
14601 11
14607 21
14611 12
14617 13
14622 12
14628 19
14629 2
14640 10
14643 11
14650 13
14655 12
14663 11
14667 1
14675 6
14683 20
14685 18
14686 12
14692 15
14694 11
14699 18
14700 20
14702 7
14704 12
14710 21
14714 18
14715 12
14723 12
14729 13
14735 16
14737 8
14739 21
14743 11
14750 11
14755 10
14758 12
14764 1
14772 21
14776 18
14777 21
14781 16
14783 19
14784 8
14788 13
14793 18
14794 12
14802 5
14806 18
14807 18
14808 21
14812 6
14818 15
14820 18
14821 10
14824 11
14830 2
14839 17
14841 14
14848 13
14852 12
14858 13
14864 21
14868 21
14872 13
14877 21
14881 6
14885 2
14894 1
14903 10
14904 18
14905 1
14912 7
14915 20
14916 8
14918 12
14922 11
14929 12
14935 1
14943 11
14947 3
14954 10
14955 11
14961 7
14963 13
14968 9
14970 12
14976 17
14978 7
14981 4
14987 14
14994 18
14995 7
14997 11
15002 15
15004 6
15010 16
15012 11
15018 5
15022 21
15026 3
15033 6
15041 3
15048 13
15053 1
15060 6
15064 16
15066 5
15073 20
15075 20
15077 18
15078 15
15080 12
15086 1
15096 18
15097 15
15099 10
15102 11
15109 7
15111 17
15113 7
15115 4
15123 9
15124 7
15126 3
15131 19
15132 18
15133 19
15135 13
15140 6
15146 5
15152 18
15153 2
15162 5
15166 1
15173 18
15174 13
15179 6
15183 14
15187 11
15191 12
15197 8
15199 15
15201 16
15203 18
15204 16
15206 11
15212 10
15213 19
15215 9
15217 10
15220 4
15226 16
15228 1
15238 13
15244 12
15250 18
15251 5
15257 6
15263 7
15265 7
15267 18
15268 9
15270 15
15272 18
15273 8
15275 13
15280 7
15282 12
15288 11
15295 21
15299 19
15300 3
15306 1
15313 13
15318 18
15319 12
15325 11
15332 7
15335 21
15339 17
15341 12
15347 12
15353 17
15355 11
15361 12
15367 3
15372 7
15374 20
15376 3
15383 16
15385 20
15386 17
15388 5
15393 16
15395 19
15396 7
15398 12
15404 13
15409 17
15411 10
15414 21
15418 3
15425 16
15427 2
15434 9
15436 7
15439 4
15447 8
15451 19
15453 12
15459 17
15461 18
15462 10
15463 11
15469 9
15471 19
15473 2
15484 12
15490 16
15492 14
15497 12
15501 4
15507 15
15509 16
15511 11
15515 11
15520 12
15524 11
15528 15
15530 19
15532 7
15534 10
15537 13
15541 17
15543 1
15550 21
15554 10
15555 14
15561 4
15567 11
15572 9
15573 11
15577 12
15585 21
15589 10
15590 2
15599 11
15604 21
15608 18
15609 6
15613 18
15614 4
15618 21
15622 14
15627 11
15631 13
15635 1
15642 14
15649 2
15656 3
15660 21
15664 12
15672 18
15673 17
15675 10
15678 21
15682 15
15684 2
15693 12
15699 4
15703 15
15705 4
15713 11
15719 3
15726 9
15728 20
15729 12
15737 18
15738 16
15740 19
15741 9
15742 16
15744 10
15747 12
15753 19
15755 7
15757 16
15759 5
15765 7
15768 12
15774 21
15778 12
15786 7
15789 9
15791 19
15793 11
15799 19
15801 21
15805 17
15807 21
15811 4
15817 7
15820 12
15826 12
15834 9
15836 11
15840 11
15844 14
15851 8
15853 2
15862 20
15864 11
15871 7
15874 6
15878 14
15882 12
15888 11
15895 18
15896 2
15907 9
15909 16
15911 7
15914 10
15915 21
15919 12
15925 11
15931 9
15933 1
15941 4
15947 14
15951 2
15960 3
15966 4
15974 4
15980 6
15986 13
15990 21
15994 12
16000 3
16005 5
16011 13
16015 11
16022 18
16023 13
16028 12
16032 13
16036 5
16040 15
16042 18
16043 10
16046 18
16047 6
16051 9
16053 13
16058 11
16065 7
16068 16
16070 10
16073 7
16075 18
16076 9
16078 18
16079 12
16085 14
16089 17
16091 6
16097 18
16098 20
16100 19
16101 11
16107 8
16109 12
16117 21
16121 11
16125 8
16129 11
16134 11
16140 1
16148 15
16150 5
16157 9
16158 20
16160 12
16166 10
16169 4
16175 16
16177 16
16179 21
16183 18
16184 9
16186 18
16187 1
16197 3
16203 14
16207 18
16208 16
16210 10
16211 12
16219 12
16225 15
16227 13
16231 12
16237 18
16238 9
16239 17
16241 3
16246 5
16251 14
16258 16
16260 21
16264 12
16270 16
16272 3
16278 13
16283 18
16284 18
16285 17
16287 8
16291 8
16293 8
16295 19
16297 17
16299 13
16303 14
16307 3
16314 13
16319 6
16323 12
16331 15
16333 18
16334 17
16336 11
16342 4
16346 11
16350 9
16352 6
16356 11
16361 15
16363 14
16368 6
16374 12
16382 5
16387 15
16389 11
16393 2
16400 6
16408 15
16410 17
16412 11
16418 15
16420 5
16424 20
16426 11
16433 11
16438 16
16440 21
16444 10
16447 1
16456 17
16458 9
16459 5
16465 12
16469 8
16471 11
16478 12
16486 1
16495 5
16500 7
16502 16
16504 7
16506 16
16508 3
16514 16
16516 11
16523 11
16530 9
16531 18
16532 11
16538 16
16540 19
16541 14
16545 10
16546 11
16552 7
16554 12
16562 14
16567 12
16573 11
16577 12
16583 8
16587 20
16588 13
16593 1
16603 14
16607 1
16616 13
16622 2
16631 12
16635 12
16643 4
16651 1
16658 13
16662 13
16667 16
16669 16
16671 11
16675 4
16683 6
16687 9
16689 11
16695 14
16700 8
16702 17
16704 11
16708 16
16710 20
16711 10
16714 21
16718 4
16722 14
16726 15
16728 12
16736 19
16738 9
16739 8
16743 10
16746 11
16750 12
16756 19
16758 21
16762 16
16764 9
16765 8
16769 17
16771 12
16777 21
16781 6
16789 15
16791 5
16795 17
16797 18
16798 3
16804 18
16805 12
16811 11
16815 11
16822 11
16829 13
16834 20
16836 17
16838 17
16840 15
16842 8
16844 11
16849 18
16850 14
16856 1
16866 4
16870 12
16876 18
16877 9
16878 12
16882 6
16888 19
16889 15
16891 16
16893 15
16895 14
16900 11
16907 12
16913 12
16921 7
16924 1
16934 20
16935 19
16937 15
16939 5
16943 5
16948 11
16953 18
16954 7
16957 20
16959 12
16963 10
16964 18
16965 17
16967 11
16972 15
16974 10
16975 6
16981 18
16982 14
16988 12
16996 12
17004 20
17005 7
17008 2
17019 13
17025 11
17031 19
17033 12
17037 15
17039 11
17044 11
17048 18
17049 15
17051 11
17058 9
17060 2
17071 7
17074 8
17078 1
17086 2
17093 2
17100 16
17102 6
17108 12
17116 2
17123 12
17129 15
17131 18
17132 4
17138 7
17140 7
17143 12
17147 8
17151 19
17152 12
17158 18
17159 1
17167 13
17171 13
17175 2
17182 11
17186 2
17195 2
17204 18
17205 7
17208 10
17209 15
17211 5
17217 18
17218 16
17220 18
17221 18
17222 13
17228 12
17234 21
17238 18
17239 20
17240 20
17242 11
17248 12
17252 10
17253 14
17260 5
17264 9
17265 19
17267 18
17268 14
17275 18
17276 4
17280 8
17282 11
17286 15
17288 19
17290 11
17296 11
17301 18
17302 18
17303 16
17305 11
17311 18
17312 15
17314 18
17315 8
17319 17
17321 5
17328 18
17329 1
17337 5
17343 15
17345 18
17346 14
17350 9
17352 19
17353 1
17360 8
17364 2
17375 20
17376 4
17384 20
17386 14
17393 15
17395 6
17401 20
17402 6
17408 9
17409 17
17411 18
17412 15
17414 13
17419 11
17425 5
17432 20
17433 9
17435 9
17437 18
17438 7
17441 4
17449 19
17450 19
17451 12
17459 18
17460 5
17464 21
17468 17
17470 12
17478 16
17480 15
17482 21
17486 17
17488 1
17496 16
17498 17
17500 12
17504 15
17506 7
17509 1
17517 14
17521 8
17523 12
17529 18
17530 9
17532 7
17534 2
17545 16
17547 8
17549 8
17551 9
17553 11
17559 11
17566 11
17571 15
17573 8
17577 17
17579 3
17583 11
17590 17
17592 18
17593 20
17594 19
17596 8
17600 18
17601 12
17605 12
17611 16
17613 18
17614 5
17621 11
17628 11
17633 5
17638 11
17644 11
17650 16
17652 18
17653 12
17659 12
17663 10
17666 19
17667 17
17669 18
17670 3
17674 5
17681 1
17691 19
17692 19
17694 21
17698 17
17700 14
17706 19
17707 16
17709 8
17713 11
17720 5
17727 17
17729 2
17740 16
17742 1
17751 11
17755 11
17761 3
17766 11
17770 10
17773 5
17779 18
17780 1
17790 12
17794 16
17796 15
17798 12
17802 14
17809 21
17813 18
17814 18
17815 3
17819 16
17821 14
17826 18
17827 3
17833 20
17834 11
17840 17
17842 15
17844 9
17846 11
17850 20
17851 10
17852 15
17854 15
17856 11
17860 18
17861 12
17869 15
17871 6
17875 5
17879 15
17881 9
17882 10
17883 11
17890 15
17892 10
17895 14
17902 21
17906 20
17907 7
17909 4
17917 15
17919 18
17920 2
17931 21
17935 13
17939 10
17940 20
17941 6
17947 3
17951 11
17955 12
17961 12
17965 7
17968 18
17969 13
17973 3
17979 11
17986 8
17988 6
17996 17
17998 18
17999 16
18001 3
18008 5
18014 14
18020 20
18021 5
18028 2
18039 10
18040 5
18045 18
18046 4
18052 11
18059 11
18063 16
18065 14
18070 3
18075 9
18077 7
18080 11
18085 18
18086 12
18092 11
18098 19
18100 12
18108 19
18110 21
18114 9
18115 9
18117 9
18118 7
18120 11
18127 11
18132 20
18134 9
18136 21
18140 17
18142 19
18143 9
18145 2
18156 16
18158 10
18159 9
18161 2
18170 5
18177 5
18184 4
18190 15
18192 10
18195 13
18200 1
18210 21
18214 4
18220 17
18222 12
18228 8
18230 17
18232 19
18233 21
18237 1
18244 18
18245 12
18251 7
18253 9
18255 12
18259 5
18263 21
18267 17
18269 17
18271 8
18273 15
18275 3
18282 14
18288 1
18297 7
18299 16
18301 19
18302 11
18306 1
18316 5
18323 10
18326 12
18334 16
18336 10
18337 8
18341 4
18347 1
18357 16
18359 6
18367 18
18368 5
18374 12
18380 20
18382 9
18384 11
18391 18
18392 11
18397 21
18401 11
18408 12
18414 12
18420 7
18422 19
18423 21
18427 16
18429 12
18435 13
18440 6
18444 16
18446 14
18450 20
18452 8
18456 13
18461 11
18467 12
18471 12
18475 17
18477 13
18483 13
18487 11
18493 8
18497 2
18506 5
18512 21
18516 20
18517 11
18524 18
18525 11
18531 8
18533 20
18535 7
18537 3
18543 1
18551 3
18556 19
18558 20
18560 11
18564 12
18570 18
18571 11
18578 9
18579 6
18585 15
18587 19
18588 1
18595 3
18602 17
18604 3
18610 18
18611 15
18613 18
18614 12
18622 11
18628 21
18632 10
18635 16
18637 9
18639 5
18644 4
18648 10
18649 11
18655 20
18657 6
18663 12
18667 18
18668 16
18670 7
18673 14
18679 15
18681 3
18686 11
18690 18
18691 6
18695 13
18700 10
18703 5
18709 7
18711 11
18717 12
18723 10
18724 18
18725 12
18731 9
18732 11
18738 11
18744 12
18750 12
18756 7
18758 12
18766 10
18767 12
18773 15
18775 6
18781 12
18787 18
18788 21
18792 21
18796 21
18800 14
18805 17
18807 19
18808 2
18819 13
18824 15
18826 12
18832 15
18834 21
18838 13
18843 4
18849 17
18851 4
18857 2
18866 12
18874 12
18880 12
18888 20
18889 14
18895 1
18904 4
18908 11
18913 17
18915 11
18920 20
18921 9
18922 9
18924 4
18930 7
18932 2
18941 14
18947 6
18953 12
18959 12
18963 11
18968 14
18973 19
18975 11
18981 20
18982 3
18988 19
18989 2
18998 16
19000 12
19004 20
19005 7
19008 7
19010 11
19017 13
19022 16
19024 8
19026 19
19027 11
19032 6
19040 14
19045 11
19049 3
19055 7
19057 12
19061 1
19070 17
19072 9
19073 5
19078 12
19084 10
19085 10
19086 5
19093 12
19099 8
19101 18
19102 11
19108 18
19109 16
19111 11
19117 1
19125 9
19127 9
19128 6
19134 11
19138 12
19144 11
19149 21
19153 13
19157 5
19164 10
19165 5
19169 7
19172 7
19175 11
19182 9
19184 2
19191 6
19197 3
19203 17
19205 11
19211 7
19213 14
19217 12
19223 11
19229 19
19230 12
19236 4
19240 3
19245 18
19246 13
19251 20
19253 18
19254 3
19260 15
19262 7
19264 2
19275 4
19281 9
19282 12
19288 10
19291 11
19296 16
19298 9
19299 4
19305 10
19308 19
19309 12
19317 17
19319 13
19324 12
19330 11
19337 16
19339 9
19340 10
19341 16
19343 3
19348 1
19355 14
19362 9
19364 12
19370 5
19375 13
19380 6
19388 11
19395 18
19396 7
19398 19
19399 18
19400 6
19406 19
19407 3
19411 5
19415 15
19417 16
19419 13
19423 3
19429 12
19437 7
19440 13
19445 18
19446 12
19452 7
19455 11
19460 13
19464 3
19468 18
19469 10
19470 4
19476 4
19482 3
19487 21
19491 9
19493 18
19494 11
19499 9
19500 12
19508 8
19512 19
19513 5
19517 12
19521 21
19525 13
19531 12
19535 5
19539 20
19541 1
19550 14
19557 18
19558 6
19562 16
19564 18
19565 17
19567 19
19569 16
19571 12
19579 10
19580 15
19582 3
19587 2
19596 17
19598 14
19605 9
19606 12
19610 8
19614 12
19620 12
19626 11
19631 12
19639 11
19644 12
19648 16
19650 6
19656 14
19663 2
19670 5
19674 11
19679 13
19685 5
19691 13
19696 4
19702 2
19713 7
19716 3
19722 5
19727 11
19733 18
19734 8
19736 18
19737 10
19740 4
19746 7
19749 17
19751 16
19753 11
19759 11
19765 7
19767 10
19770 1
19778 20
19780 1
19789 19
19790 15
19792 2
19803 2
19814 15
19816 18
19817 21
19821 15
19823 9
19825 5
19829 12
19837 15
19839 8
19841 15
19843 11
19847 13
19852 19
19853 18
19854 14
19858 14
19862 8
19866 6
19870 9
19871 20
19872 11
19878 11
19885 16
19887 18
19888 18
19889 9
19890 3
19894 18
19895 5
19899 3
19903 16
19905 20
19907 21
19911 14
19916 12
19922 12
19926 11
19932 21
19936 14
19943 4
19951 19
19952 3
19958 21
19962 8
19966 14
19973 17
19975 17
19977 1
19987 10
19988 20
19989 16
19991 14
19995 15
19997 1
20005 12
20011 20
20012 6
20020 18
20021 6
20025 11
20029 18
20030 4
20036 10
20039 11
20046 12
20052 20
20054 14
20061 16
20063 2
20072 9
20073 7
20075 20
20076 15
20078 4
20082 11
20089 13
20094 11
20100 10
20103 7
20105 20
20106 8
20108 6
20112 13
20118 4
20124 11
20131 21
20135 21
20139 10
20142 11
20149 17
20151 11
20155 12
20161 18
20162 3
20166 19
20168 18
20169 10
20172 7
20175 18
20176 13
20181 17
20183 19
20185 12
20191 19
20192 6
20198 7
20200 8
20204 14
20209 17
20211 11
20215 7
20218 4
20226 14
20230 18
20231 18
20232 5
20236 18
20237 2
20246 1
20255 19
20256 16
20258 12
20264 20
20266 5
20272 7
20275 4
20281 4
20285 15
20287 6
20293 11
20297 7
20299 9
20300 20
20301 14
20305 11
20309 18
20310 18
20311 7
20314 12
20318 8
20322 20
20324 12
20332 9
20333 9
20334 17
20336 12
20342 9
20343 18
20344 3
20351 7
20353 11
20358 5
20365 3
20369 19
20370 6
20374 12
20380 8
20382 9
20384 12
20392 14
20398 14
20403 19
20404 14
20409 17
20411 7
20414 18
20415 17
20417 9
20419 3
20425 20
20427 9
20429 11
20435 7
20438 5
20445 2
20454 20
20456 10
20457 9
20459 19
20460 10
20463 14
20468 6
20476 21
20480 20
20482 12
20488 11
20492 15
20494 3
20498 16
20500 7
20502 2
20511 11
20516 9
20518 12
20526 4
20530 20
20532 11
20539 9
20541 2
20550 12
20558 18
20559 21
20563 12
20569 11
20573 12
20581 16
20583 20
20584 8
20588 13
20594 11
20598 10
20601 5
20607 12
20611 12
20617 8
20619 20
20621 10
20622 11
20626 10
20627 20
20629 15
20631 5
20636 13
20640 15
20642 6
20650 20
20652 19
20653 11
20658 17
20660 18
20661 14
20665 12
20671 4
20677 13
20681 5
20686 3
20690 18
20691 19
20692 11
20699 17
20701 8
20703 19
20705 11
20711 7
20713 9
20715 3
20722 11
20726 9
20727 7
20730 19
20732 12
20736 11
20741 18
20742 7
20745 18
20746 19
20747 10
20750 3
20756 5
20763 14
20769 5
20776 20
20777 12
20783 5
20790 10
20793 17
20795 14
20800 11
20804 6
20810 12
20814 2
20821 7
20823 17
20825 9
20827 14
20831 11
20836 11
20842 15
20844 20
20845 10
20848 11
20853 7
20856 19
20857 18
20858 18
20859 11
20864 13
20870 12
20874 12
20878 20
20879 18
20880 12
20886 20
20887 18
20888 6
20894 7
20897 12
20903 18
20904 6
20910 9
20911 1
20921 15
20923 2
20934 16
20936 5
20942 12
20948 9
20949 13
20953 6
20961 6
20965 17
20967 6
20971 18
20972 9
20973 16
20975 21
20979 20
20981 4
20985 18
20986 2
20995 18
20996 9
20997 18
20998 11
21005 14
21010 9
21011 18
21012 12
21018 15
21020 14
21025 8
21027 12
21035 8
21037 3
21041 8
21043 10
21046 18
21047 16
21049 19
21051 12
21055 10
21056 18
21057 2
21064 6
21070 18
21071 15
21073 15
21075 12
21083 5
21088 15
21090 18
21091 13
21096 18
21097 11
21102 10
21105 11
21112 15
21114 20
21115 4
21121 18
21122 17
21124 12
21132 5
21138 16
21140 16
21142 4
21150 7
21153 11
21160 2
21171 10
21172 19
21173 2
21184 18
21185 12
21191 3
21195 7
21198 1
21207 13
21211 20
21213 2
21224 15
21226 1
21234 6
21238 20
21240 15
21242 13
21246 13
21251 11
21255 11
21261 2
21270 11
21274 18
21275 19
21277 16
21279 8
21281 11
21285 18
21286 16
21288 5
21295 16
21297 17
21299 7
21301 20
21303 18
21304 15
21306 12
21312 12
21320 18
21321 18
21322 14
21329 14
21334 18
21335 19
21337 11
21343 12
21349 11
21353 11
21360 6
21366 9
21367 12
21373 16
21375 4
21383 12
21391 10
21394 8
21398 21
21402 11
21406 13
21410 15
21412 8
21416 17
21418 3
21422 11
21429 19
21430 18
21431 11
21438 3
21442 8
21444 7
21447 18
21448 10
21449 18
21450 12
21454 16
21456 14
21462 18
21463 20
21465 8
21469 14
21475 21
21479 16
21481 14
21485 12
21493 12
21501 6
21507 6
21511 16
21513 21
21517 12
21523 16
21525 6
21529 7
21531 11
21535 13
21541 18
21542 19
21544 1
21552 17
21554 18
21555 15
21557 2
21564 21
21568 16
21570 12
21576 13
21581 20
21583 5
21589 1
21599 12
21605 11
21609 8
21611 18
21612 3
21616 13
21621 21
21625 12
21631 2
21642 10
21643 12
21649 13
21653 12
21657 15
21659 18
21660 16
21662 13
21667 11
21674 1
21683 11
21689 21
21693 5
21698 20
21700 2
21709 3
21716 12
21722 21
21726 13
21732 6
21740 12
21746 18
21747 4
21753 17
21755 9
21756 11
21763 8
21765 21
21769 7
21771 20
21773 2
21784 9
21786 2
21793 19
21795 6
21799 20
21800 21
21804 15
21806 11
21813 19
21814 8
21816 12
21822 2
21831 7
21833 12
21841 18
21842 3
21846 18
21847 18
21848 10
21849 15
21851 18
21852 14
21858 15
21860 14
21864 4
21870 8
21874 10
21875 2
21886 3
21893 21
21897 5
21901 13
21906 1
21915 3
21919 9
21920 11
21925 15
21927 5
21933 15
21935 11
21939 12
21945 13
21950 12
21954 2
21963 11
21970 18
21971 11
21977 4
21985 20
21986 14
21991 3
21995 12
22001 12
22005 14
22010 10
22013 12
22021 4
22027 9
22029 3
22033 13
22037 7
22040 11
22046 15
22048 3
22052 12
22060 6
22066 18
22067 21
22071 1
22079 20
22081 12
22087 21
22091 10
22092 1
22102 11
22107 16
22109 18
22110 18
22111 11
22116 21
22120 10
22123 9
22124 11
22128 19
22129 1
22138 12
22146 17
22148 12
22156 17
22158 15
22160 13
22166 21
22170 2
22179 21
22183 9
22185 2
22194 16
22196 17
22198 15
22200 16
22202 16
22204 15
22206 11
22210 16
22212 5
22219 11
22226 11
22233 15
22235 10
22236 9
22238 11
22244 19
22245 6
22251 18
22252 10
22255 21
22259 12
22265 18
22266 18
22267 11
22271 3
22276 5
22282 14
22287 3
22292 5
22296 11
22302 15
22304 19
22306 11
22313 16
22315 16
22317 14
22322 3
22327 18
22328 3
22334 15
22336 4
22342 17
22344 11
22349 17
22351 19
22352 18
22353 19
22354 14
22361 16
22363 12
22371 7
22374 10
22377 7
22380 12
22388 16
22390 11
22394 18
22395 15
22397 5
22404 13
22408 18
22409 8
22413 3
22419 18
22420 2
22429 11
22433 14
22437 18
22438 14
22443 13
22448 4
22454 1
22463 13
22468 18
22469 3
22476 4
22482 1
22491 12
22499 12
22507 11
22513 20
22515 11
22519 21
22523 19
22525 21
22529 11
22534 2
22545 11
22549 18
22550 10
22551 20
22553 20
22555 10
22556 20
22557 14
22561 18
22562 10
22563 10
22564 11
22570 18
22571 18
22572 19
22573 12
22577 9
22579 14
22585 3
22591 15
22593 9
22594 11
22598 11
22603 3
22609 14
22614 5
22618 12
22624 11
22631 14
22635 15
22637 19
22639 8
22641 15
22643 11
22647 16
22649 17
22651 8
22655 19
22657 7
22660 14
22665 8
22667 18
22668 2
22679 7
22682 14
22686 11
22690 11
22696 9
22697 1
22707 12
22715 21
22719 9
22720 10
22721 11
22725 8
22729 6
22735 12
22741 1
22750 3
22755 1
22764 18
22765 11
22770 17
22772 21
22776 2
22787 12
22793 20
22794 12
22802 17
22804 18
22805 11
22810 13
22816 11
22820 15
22822 17
22824 12
22832 17
22834 11
22841 2
22852 10
22853 3
22857 12
22861 21
22865 16
22867 12
22875 9
22876 3
22882 11
22889 7
22891 15
22893 11
22897 3
22902 1
22910 10
22911 11
22916 12
22922 10
22923 5
22928 18
22929 21
22933 12
22937 9
22938 4
22946 15
22948 11
22953 18
22954 11
22958 21
22962 21
22966 11
22973 9
22975 19
22977 13
22983 18
22984 7
22987 18
22988 12
22994 12
23000 6
23004 11
23011 21
23015 1
23024 17
23026 15
23028 12
23032 9
23033 9
23035 5
23042 10
23045 6
23053 11
23057 14
23062 11
23066 21
23070 14
23075 11
23080 15
23082 4
23088 18
23089 7
23092 13
23098 12
23104 6
23108 4
23112 15
23114 20
23116 1
23125 9
23127 17
23129 18
23130 1
23140 12
23148 13
23153 9
23155 8
23157 5
23163 18
23164 12
23170 15
23172 12
23178 5
23182 4
23188 11
23195 19
23197 5
23204 19
23205 20
23207 12
23211 9
23213 15
23215 5
23219 3
23225 18
23226 1
23234 9
23236 11
23240 1
23250 19
23252 9
23254 21
23258 18
23259 11
23263 10
23266 8
23268 3
23272 4
23276 13
23281 18
23282 17
23284 7
23286 9
23288 20
23290 1
23299 3
23305 19
23307 6
23313 19
23314 14
23319 10
23322 1
23329 5
23333 8
23337 11
23342 11
23348 9
23349 15
23351 11
23357 3
23361 19
23363 15
23365 10
23366 5
23370 12
23378 4
23386 1
23395 4
23401 10
23404 11
23409 11
23415 15
23417 11
23421 13
23426 1
23433 6
23439 16
23441 5
23445 21
23449 9
23450 10
23451 11
23455 11
23459 9
23460 14
23464 12
23470 2
23479 17
23481 10
23484 10
23485 15
23487 14
23494 21
23498 2
23507 6
23511 16
23513 8
23515 13
23520 21
23524 9
23525 19
23526 18
23527 3
23531 16
23533 5
23537 5
23541 16
23543 14
23548 11
23554 2
23565 9
23567 12
23573 21
23577 13
23583 13
23588 17
23590 5
23596 12
23602 11
23608 8
23612 5
23617 10
23620 8
23624 1
23632 8
23636 14
23642 12
23648 11
23653 11
23657 1
23665 11
23672 20
23673 16
23675 6
23679 13
23683 12
23687 4
23693 8
23695 17
23697 17
23699 11
23706 18
23707 8
23711 19
23712 9
23714 16
23716 11
23722 18
23723 11
23728 4
23734 12
23740 2
23747 14
23754 5
23758 8
23760 20
23762 14
23768 5
23774 19
23775 11
23782 14
23788 11
23793 12
23797 2
23808 9
23809 12
23817 20
23818 18
23819 3
23825 6
23831 9
23832 11
23839 19
23841 18
23842 19
23843 12
23849 16
23851 11
23855 11
23860 6
23864 12
23868 18
23869 18
23870 12
23876 18
23877 13
23881 11
23886 8
23890 10
23891 1
23901 11
23907 11
23911 11
23915 8
23917 14
23923 5
23930 12
23934 5
23940 2
23949 16
23951 7
23953 12
23961 2
23968 14
23974 11
23978 1
23986 12
23994 17
23996 16
23998 7
24001 15
24003 18
24004 4
24010 12
24014 19
24015 14
24020 12
24026 18
24027 17
24029 15
24031 10
24032 1
24041 12
24045 15
24047 9
24049 11
24056 5
24062 16
24064 12
24068 11
24075 20
24076 16
24078 18
24079 1
24087 12
24095 12
24099 12
24105 11
24109 11
24116 16
24118 21
24122 1
24130 11
24136 11
24142 17
24144 5
24148 5
24153 8
24155 18
24156 12
24160 11
24166 18
24167 16
24169 4
24173 18
24174 11
24178 4
24182 5
24186 21
24190 1
24200 1
24209 21
24213 6
24217 20
24219 18
24220 18
24221 20
24223 11
24228 20
24229 5
24233 11
24237 14
24243 7
24245 12
24253 13
24259 8
24261 16
24263 5
24267 20
24269 18
24270 16
24272 20
24274 9
24275 1
24285 21
24289 11
24293 4
24301 10
24302 18
24303 11
24310 9
24312 4
24316 2
24325 10
24326 16
24328 6
24334 11
24341 12
24345 19
24346 8
24350 9
24352 12
24358 21
24362 20
24363 11
24368 18
24369 16
24371 18
24372 20
24374 12
24382 11
24386 12
24390 5
24394 14
24398 5
24402 18
24403 16
24405 15
24407 21
24411 6
24415 11
24419 3
24423 4
24427 7
24429 2
24440 5
24445 15
24447 20
24449 7
24451 12
24459 9
24461 7
24463 12
24471 18
24472 21
24476 2
24485 6
24491 18
24492 2
24503 5
24510 18
24511 11
24516 4
24520 20
24522 18
24523 1
24530 16
24532 6
24538 16
24540 21
24544 8
24546 14
24552 8
24556 12
24562 17
24564 1
24571 10
24572 16
24574 1
24582 17
24584 7
24586 19
24587 9
24588 3
24595 11
24599 2
24610 12
24616 3
24623 13
24627 20
24628 14
24635 11
24641 11
24648 5
24652 7
24654 1
24661 6
24669 3
24675 4
24681 21
24685 15
24687 19
24688 11
24694 11
24701 12
24707 10
24708 7
24710 9
24711 2
24720 7
24722 14
24728 17
24730 18
24731 4
24737 14
24743 18
24744 21
24748 3
24755 18
24756 16
24758 14
24762 16
24764 8
24768 16
24770 19
24772 16
24774 11
24781 21
24785 17
24787 4
24795 18
24796 11
24801 9
24803 12
24809 6
24813 18
24814 12
24818 8
24822 12
24830 11
24835 20
24836 8
24840 17
24842 3
24847 1
24855 5
24860 10
24861 3
24868 7
24870 5
24877 19
24879 12
24885 18
24886 10
24887 3
24891 11
24896 15
24898 11
24904 1
24911 12
24917 15
24919 11
24925 18
24926 13
24931 9
24932 10
24933 7
24935 2
24944 13
24950 7
24952 12
24960 18
24961 11
24965 11
24970 8
24972 8
24974 1
24983 12
24989 10
24990 13
24996 18
24997 12
25001 11
25006 3
25011 15
25013 1
25023 11
25028 16
25030 16
25032 16
25034 21
25038 15
25040 17
25042 11
25048 11
25053 2
25064 3
25068 12
25074 8
25078 13
25083 17
25085 1
25095 14
25102 18
25103 7
25106 2
25115 19
25117 5
25122 6
25130 13
25134 5
25141 5
25147 11
25152 18
25153 7
25156 15
25158 18
25159 11
25166 6
25172 12
25178 11
25184 18
25185 5
25192 11
25196 4
25200 15
25202 15
25204 15
25206 9
25207 11
25213 10
25214 5
25221 6
25227 19
25228 5
25232 9
25233 11
25238 9
25239 3
25244 15
25246 11
25252 17
25254 2
25265 6
25273 5
25278 16
25280 18
25281 3
25285 11
25291 9
25292 4
25296 18
25297 11
25301 15
25303 12
25311 10
25314 20
25315 12
25321 9
25323 5
25327 11
25331 13
25335 14
25341 15
25343 15
25345 4
25353 5
25357 15
25359 1
25366 6
25370 7
25373 2
25380 18
25381 15
25383 10
25386 6
25390 11
25397 20
25399 18
25400 18
25401 11
25405 11
25409 15
25411 20
25412 9
25413 12
25419 16
25421 14
25428 6
25434 5
25440 3
25447 6
25453 17
25455 15
25457 15
25459 11
25465 12
25473 1
25481 11
25488 4
25494 19
25495 12
25503 17
25505 2
25514 10
25517 12
25523 12
25531 18
25532 11
25539 14
25544 18
25545 21
25549 11
25556 21
25560 9
25561 2
25568 7
25570 5
25575 14
25582 20
25583 8
25585 2
25596 8
25598 2
25607 4
25615 15
25617 10
25618 11
25623 15
25625 11
25630 15
25632 10
25635 16
25637 12
25643 16
25645 12
25651 3
25658 13
25663 20
25664 12
25670 3
25675 3
25679 19
25680 11
25686 3
25690 12
25696 6
25702 11
25706 2
25717 17
25719 12
25725 5
25729 19
25730 12
25738 16
25740 12
25744 6
25752 18
25753 18
25754 15
25756 13
25761 12
25765 16
25767 13
25772 9
25774 15
25776 13
25781 9
25783 11
25789 16
25791 11
25798 7
25801 12
25805 18
25806 7
25808 16
25810 13
25815 20
25817 9
25818 12
25822 21
25826 11
25830 20
25832 11
25839 5
25846 2
25855 8
25859 7
25862 18
25863 17
25865 13
25870 13
25874 14
25878 10
25879 9
25880 1
25889 19
25891 12
25899 11
25904 4
25910 12
25916 15
25918 3
25925 12
25933 8
25937 19
25939 20
25941 11
25946 15
25948 12
25954 19
25955 10
25956 5
25960 8
25964 12
25970 3
25977 15
25979 10
25982 3
25989 21
25993 7
25996 18
25997 16
25999 13
26004 1
26014 11
26019 16
26021 2
26030 11
26035 16
26037 3
26044 13
26050 6
26056 12
26062 12
26070 20
26071 2
26080 14
26086 13
26091 13
26096 8
26098 17
26100 8
26102 11
26106 2
26113 18
26114 19
26116 12
26122 20
26124 3
26128 15
26130 19
26131 17
26133 18
26134 2
26143 11
26148 16
26150 1
26159 11
26164 3
26168 8
26172 8
26176 21
26180 17
26182 8
26186 2
26195 8
26197 21
26201 2
26212 9
26214 8
26218 21
26222 4
26228 6
26232 15
26234 11
26238 4
26244 2
26255 12
26259 12
26263 19
26264 2
26273 20
26275 19
26277 16
26279 15
26281 12
26285 20
26287 17
26289 21
26293 6
26299 6
26305 19
26306 14
26313 12
26321 11
26325 17
26327 2
26336 12
26342 15
26344 5
26350 15
26352 19
26354 11
26359 18
26360 16
26362 2
26369 7
26371 7
26374 11
26379 17
26381 6
26385 18
26386 19
26387 11
26391 12
26399 11
26403 19
26405 11
26410 13
26415 19
26416 11
26422 3
26429 13
26433 13
26439 10
26440 1
26450 17
26452 19
26454 9
26455 18
26456 15
26458 10
26459 15
26461 11
26467 20
26468 21
26472 15
26474 20
26476 2
26485 7
26487 18
26488 13
26492 2
26499 6
26505 18
26506 4
26512 2
26519 18
26520 3
26524 12
26532 21
26536 3
26542 8
26544 12
26552 12
26556 6
26562 6
26568 18
26569 15
26571 14
26577 16
26579 9
26581 12
26587 12
26593 15
26595 8
26599 10
26600 15
26602 3
26606 9
26608 11
26615 3
26619 18
26620 4
26626 1
26634 8
26638 11
26644 2
26653 15
26655 14
26660 14
26666 19
26668 17
26670 20
26672 21
26676 19
26678 5
26684 16
26686 7
26688 18
26689 12
26695 4
26703 12
26711 2
26718 4
26722 21
26726 15
26728 3
26733 1
26740 16
26742 3
26748 20
26749 21
26753 16
26755 11
26761 16
26763 2
26772 2
26781 8
26785 18
26786 12
26790 14
26795 12
26799 19
26800 14
26804 11
26810 18
26811 18
26812 8
26814 19
26815 2
26824 6
26832 21
26836 21
26840 15
26842 11
26848 19
26850 10
26853 7
26855 11
26862 12
26870 8
26872 3
26876 7
26879 2
26888 16
26890 16
26892 12
26896 12
26900 20
26901 14
26906 16
26908 11
26915 3
26921 9
26922 11
26928 18
26929 12
26935 13
26939 11
26946 15
26948 14
26953 1
26962 2
26969 16
26971 6
26977 11
26983 11
26989 3
26995 11
26999 15
27001 16
27003 13
27008 11
27014 8
27018 5
27022 11
27029 14
27034 4
27040 11
27047 9
27049 4
27053 19
27055 12
27063 4
27071 3
27078 11
27082 18
27083 18
27084 14
27089 10
27092 1
27100 4
27106 12
27114 11
27119 20
27121 11
27125 7
27128 19
27130 20
27132 2
27141 20
27142 21
27146 17
27148 13
27154 16
27156 17
27158 14
27162 12
27170 11
27177 11
27182 4
27190 7
27193 12
27197 3
27203 5
27207 20
27208 13
27212 11
27217 11
27222 19
27223 18
27224 11
27230 20
27232 2
27241 3
27246 19
27248 17
27250 12
27256 2
27265 21
27269 11
27274 12
27280 1
27287 12
27293 5
27300 6
27308 6
27312 3
27316 14
27321 3
27325 21
27329 8
27333 19
27335 19
27337 12
27341 2
27352 1
27360 3
27366 18
27367 17
27369 19
27370 21
27374 15
27376 8
27380 12
27386 10
27387 21
27391 20
27392 6
27396 9
27398 2
27407 12
27413 10
27414 11
27421 15
27423 5
27430 2
27439 18
27440 1
27448 19
27449 13
27454 4
27460 13
27464 11
27470 18
27471 13
27475 18
27476 11
27482 6
27486 8
27490 1
27498 19
27499 17
27501 8
27503 7
27505 16
27507 12
27511 19
27512 11
27517 3
27521 11
27526 11
27530 12
27538 7
27540 4
27548 15
27550 19
27551 3
27555 8
27559 8
27563 6
27569 19
27570 14
27576 6
27584 2
27593 19
27594 3
27599 12
27607 4
27611 21
27615 12
27621 20
27622 12
27626 11
27632 11
27638 4
27642 10
27643 21
27647 11
27652 7
27654 3
27659 19
27660 10
27663 2
27672 18
27673 3
27680 11
27687 18
27688 8
27690 1
27700 6
27706 9
27707 15
27709 11
27713 13
27719 1
27726 1
27735 12
27741 14
27746 9
27747 11
27754 12
27758 10
27761 4
27765 14
27771 12
27777 1
27786 3
27791 19
27793 1
27800 18
27801 21
27805 9
27807 11
27811 11
27816 1
27825 10
27828 17
27830 12
27836 11
27842 20
27844 1
27852 19
27853 21
27857 15
27859 20
27861 16
27863 14
27870 11
27877 21
27881 12
27887 12
27893 18
27894 5
27901 19
27903 5
27907 10
27910 9
27911 11
27917 12
27921 1
27931 21
27935 21
27939 20
27941 2
27950 18
27951 16
27953 7
27955 10
27956 6
27962 14
27969 10
27972 11
27978 18
27979 18
27980 13
27985 18
27986 6
27992 11
27998 10
27999 2
28006 14
28012 20
28014 4
28022 11
28029 15
28031 17
28033 18
28034 12
28040 4
28046 21
28050 18
28051 16
28053 18
28054 21
28058 12
28064 18
28065 12
28073 4
28081 11
28088 7
28091 17
28093 1
28103 16
28105 11
28111 13
28116 19
28117 10
28118 13
28122 18
28123 3
28128 15
28130 16
28132 11
28139 18
28140 1
28148 2
28155 9
28156 1
28164 17
28166 12
28172 6
28178 15
28180 3
28185 19
28186 2
28197 18
28198 12
28204 18
28205 12
28213 16
28215 20
28216 19
28218 11
28223 17
28225 18
28226 16
28228 13
28234 13
28239 6
28247 18
28248 12
28254 15
28256 12
28260 6
28264 12
28270 8
28274 6
28280 13
28284 19
28285 3
28289 2
28298 13
28303 6
28309 1
28319 9
28320 9
28322 20
28323 8
28327 12
28333 10
28336 19
28338 2
28347 4
28355 11
28359 9
28361 5
28365 10
28366 2
28375 10
28376 18
28377 14
28382 4
28386 19
28387 18
28388 4
28394 16
28396 3
28400 8
28402 11
28409 11
28414 4
28420 1
28428 12
28434 4
28440 4
28446 11
28452 9
28454 12
28462 17
28464 1
28473 13
28478 2
28485 11
28491 12
28495 11
28502 5
28508 17
28510 12
28514 2
28525 4
28533 11
28538 14
28542 13
28547 21
28551 14
28558 5
28562 15
28564 10
28565 2
28574 7
28577 11
28584 21
28588 2
28599 17
28601 11
28608 17
28610 7
28613 8
28617 21
28621 12
28627 18
28628 10
28629 12
28635 14
28640 21
28644 6
28652 6
28658 21
28662 18
28663 20
28664 1
28674 17
28676 1
28684 12
28688 12
28696 12
28704 19
28706 13
28711 21
28715 1
28725 13
28730 11
28734 9
28736 6
28742 10
28745 15
28747 13
28753 12
28761 16
28763 8
28767 19
28769 15
28771 18
28772 18
28773 1
28783 18
28784 5
28789 15
28791 13
28795 2
28806 5
28810 2
28817 18
28818 14
28822 16
28824 11
28831 21
28835 18
28836 3
28840 18
28841 16
28843 6
28851 5
28855 17
28857 18
28858 18
28859 20
28861 11
28865 6
28871 10
28874 18
28875 2
28882 14
28888 18
28889 11
28896 12
28900 8
28904 11
28911 18
28912 19
28913 18
28914 12
28918 20
28919 4
28925 14
28931 10
28934 20
28935 7
28937 6
28941 12
28947 10
28950 18
28951 2
28960 19
28962 20
28963 9
28965 12
28971 6
28977 20
28979 12
28987 19
28988 11
28993 6
28997 10
29000 16
29002 14
29008 19
29009 4
29013 10
29014 12
29020 11
29026 6
29032 2
29039 5
29046 12
29050 16
29052 4
29056 20
29058 15
29060 7
29062 6
29070 12
29074 11
29078 2
29085 7
29088 2
29099 9
29100 14
29105 10
29108 7
29111 4
29115 16
29117 12
29125 4
29131 12
29135 12
29141 9
29143 19
29145 11
29150 20
29151 5
29155 10
29158 15
29160 8
29164 9
29165 1
29172 2
29179 12
29187 8
29191 8
29195 11
29199 11
29203 15
29205 8
29207 11
29213 11
29217 6
29225 4
29233 18
29234 21
29238 11
29245 5
29249 20
29250 12
29256 16
29258 4
29262 13
29266 1
29276 9
29278 14
29284 12
29290 1
29297 13
29301 20
29302 4
29306 12
29312 12
29316 17
29318 13
29324 4
29328 6
29334 18
29335 5
29340 12
29348 12
29352 4
29358 19
29359 3
29366 9
29367 12
29371 3
29375 12
29381 11
29385 15
29387 11
29393 5
29400 18
29401 9
29403 11
29407 11
29411 11
29417 13
29422 12
29428 7
29431 9
29432 10
29435 17
29437 12
29443 16
29445 9
29446 17
29448 18
29449 12
29455 17
29457 21
29461 4
29469 17
29471 11
29478 4
29484 16
29486 1
29493 11
29500 13
29504 19
29505 3
29511 7
29514 20
29516 12
29522 12
29530 13
29536 9
29537 2
29544 16
29546 10
29549 12
29557 19
29558 20
29559 2
29570 1
29578 2
29589 16
29591 6
29595 1
29602 12
29610 6
29618 9
29620 20
29622 11
29627 19
29628 12
29636 19
29638 8
29642 1
29649 17
29651 9
29652 3
29658 17
29660 12
29666 19
29667 15
29669 11
29673 5
29677 13
29683 14
29688 19
29690 21
29694 18
29695 14
29700 2
29709 9
29711 12
29719 16
29721 7
29724 11
29731 18
29732 11
29737 17
29739 11
29745 16
29747 14
29752 1
29759 21
29763 12
29767 8
29771 2
29782 6
29790 13
29794 20
29795 15
29797 12
29803 6
29809 11
29816 4
29822 3
29826 11
29832 12
29838 7
29840 9
29842 12
29848 10
29849 9
29851 18
29852 1
29862 1
29870 18
29871 18
29872 3
29877 5
29883 8
29885 16
29887 11
29894 3
29900 15
29902 10
29903 11
29910 16
29912 16
29914 3
29919 19
29920 2
29927 16
29929 18
29930 12
29938 11
29942 2
29953 10
29956 19
29958 20
29960 7
29963 17
29965 18
29966 18
29967 12
29971 18
29972 1
29979 11
29983 20
29985 14
29989 15
29991 7
29994 4
30000 8
30002 7
30005 12
30009 7
30011 3
30018 19
30020 15
30022 10
30023 7
30026 15
30028 1
30038 12
30044 20
30045 13
30051 12
30055 4
30061 17
30063 11
30069 11
30075 12
30081 17
30083 11
30087 11
30092 18
30093 11
30100 7
30103 3
30110 16
30112 3
30117 15
30119 7
30122 12
30128 17
30130 11
30135 10
30138 12
30142 15
30144 14
30150 14
30157 18
30158 16
30160 3
30167 11
30174 4
30180 6
30186 1
30193 18
30194 13
30200 4
30206 17
30208 7
30210 20
30211 12
30215 9
30216 18
30217 20
30219 19
30220 6
30226 16
30228 16
30230 6
30238 16
30240 17
30242 21
30246 2
30257 8
30261 16
30263 14
30269 3
30274 15
30276 18
30277 15
30279 7
30282 9
30284 18
30285 3
30290 5
30296 18
30297 15
30299 12
30303 4
30309 11
30313 4
30319 16
30321 11
30328 8
30330 11
30334 8
30338 1
30346 16
30348 2
30359 3
30363 12
30369 13
30374 12
30378 12
30386 17
30388 11
30393 13
30398 11
30405 14
30409 11
30415 11
30421 14
30425 5
30430 7
30433 18
30434 4
30440 16
30442 21
30446 12
30452 12
30460 6
30466 11
30473 11
30477 14
30484 9
30485 16
30487 11
30492 15
30494 5
30499 10
30500 18
30501 1
30508 6
30514 15
30516 9
30518 12
30522 2
30533 12
30541 12
30547 12
30553 20
30555 2
30564 12
30572 16
30574 14
30578 17
30580 18
30581 20
30582 2
30593 21
30597 1
30607 20
30608 11
30614 18
30615 5
30621 21
30625 15
30627 3
30634 1
30642 15
30644 12
30652 7
30655 14
30659 8
30663 20
30665 3
30672 12
30678 19
30679 12
30685 16
30687 5
30692 21
30696 10
30697 12
30703 4
30711 8
30715 4
30723 7
30726 1
30734 16
30736 18
30737 14
30741 11
30745 9
30746 6
30754 11
30760 7
30763 12
30769 9
30771 11
30776 10
30779 11
30785 7
30788 9
30789 20
30790 20
30791 19
30793 18
30794 18
30795 11
30800 9
30801 19
30803 7
30805 19
30807 13
30812 9
30813 12
30821 8
30825 19
30827 17
30829 15
30831 10
30834 2
30845 7
30848 11
30853 21
30857 5
30863 10
30866 3
30871 15
30873 2
30880 11
30886 18
30887 17
30889 15
30891 11
30897 6
30901 20
30903 15
30905 12
30911 6
30915 9
30916 11
30921 11
30925 11
30932 3
30936 12
30942 12
30948 13
30952 19
30953 16
30955 12
30959 13
30964 3
30968 15
30970 11
30974 19
30975 8
30979 21
30983 4
30987 21
30991 12
30995 5
31001 7
31004 12
31008 12
31014 5
31018 12
31026 1
31033 20
31034 2
31045 4
31049 21
31053 7
31056 20
31057 12
31061 11
31068 3
31072 17
31074 20
31076 19
31078 4
31082 13
31086 15
31088 15
31090 3
31096 17
31098 20
31099 5
31106 15
31108 17
31110 3
31115 5
31121 8
31123 9
31124 5
31129 12
31133 12
31141 15
31143 13
31148 3
31152 3
31159 18
31160 12
31166 15
31168 16
31170 19
31172 17
31174 12
31180 2
31189 13
31193 10
31194 21
31198 11
31203 12
31209 12
31215 18
31216 19
31218 9
31220 13
31224 11
31229 13
31235 11
31239 21
31243 16
31245 11
31252 19
31254 7
31256 6
31262 19
31263 13
31268 19
31269 18
31270 19
31272 16
31274 10
31275 11
31282 2
31289 7
31291 18
31292 11
31296 19
31298 17
31300 18
31301 19
31302 6
31308 11
31312 10
31315 21
31319 2
31330 17
31332 8
31336 8
31338 7
31340 1
31348 7
31351 18
31352 11
31357 9
31358 12
31364 19
31365 4
31373 15
31375 18
31376 19
31378 8
31382 15
31384 15
31386 6
31390 14
31397 12
31403 3
31407 10
31408 6
31414 10
31417 12
31425 19
31427 12
31431 13
31437 1
31447 20
31449 5
31453 13
31458 13
31464 9
31465 11
31469 2
31478 20
31479 20
31481 19
31483 20
31484 16
31486 13
31491 13
31497 13
31503 11
31510 7
31512 8
31516 8
31520 5
31524 13
31528 18
31529 9
31531 18
31532 17
31534 21
31538 10
31541 2
31552 20
31553 17
31555 14
31560 3
31564 18
31565 15
31567 10
31568 18
31569 20
31570 18
31571 19
31572 9
31573 21
31577 7
31579 3
31586 12
31592 19
31594 21
31598 17
31600 20
31602 19
31604 14
31611 7
31614 8
31618 17
31620 16
31622 12
31628 7
31631 16
31633 16
31635 12
31641 9
31643 20
31645 13
31649 21
31653 11
31659 11
31666 6
31672 12
31680 21
31684 2
31693 12
31697 16
31699 6
31705 12
31713 1
31722 11
31727 15
31729 10
31732 13
31737 12
31743 13
31748 11
31755 7
31757 12
31763 13
31769 4
31777 14
31783 13
31789 19
31791 11
31797 11
31802 6
31808 8
31810 12
31818 11
31824 12
31828 17
31830 3
31837 14
31841 16
31843 19
31844 21
31848 15
31850 20
31852 11
31856 12
31862 19
31863 19
31864 10
31865 13
31870 5
31877 10
31878 17
31880 15
31882 7
31884 20
31885 17
31887 12
31893 12
31899 3
31905 5
31909 12
31915 6
31923 14
31930 9
31931 14
31935 17
31937 16
31939 5
31944 8
31946 15
31948 16
31950 2
31957 2
31968 14
31972 12
31980 15
31982 3
31988 7
31991 5
31997 7
31999 6
32005 15
32007 20
32009 17
32011 5
32016 7
32018 6
32026 9
32028 3
32034 12
32042 8
32046 11
32051 11
32057 15
32059 18
32060 12
32066 15
32068 11
32072 8
32076 20
32077 4
32083 12
32087 17
32089 11
32094 6
32100 14
32105 6
32113 18
32114 16
32116 4
32122 20
32123 10
32126 13
32130 8
32132 17
32134 20
32136 12
32140 11
32144 15
32146 10
32147 19
32149 13
32154 12
32160 3
32166 16
32168 11
32172 3
32178 17
32180 3
32185 11
32192 21
32196 1
32206 11
32211 7
32213 5
32218 11
32223 15
32225 3
32230 3
32237 13
32242 20
32243 11
32249 10
32250 17
32252 8
32254 5
32261 18
32262 1
32269 9
32271 11
32275 4
32279 11
32286 9
32288 14
32293 1
32300 14
32306 18
32307 19
32309 10
32312 17
32314 20
32315 13
32320 12
32326 16
32328 9
32329 1
32336 14
32341 18
32342 15
32344 13
32348 8
32350 19
32352 2
32361 20
32362 6
32368 8
32372 15
32374 18
32375 9
32377 1
32387 12
32393 20
32395 20
32397 16
32399 21
32403 11
32409 7
32412 18
32413 1
32420 11
32425 12
32431 8
32435 9
32437 18
32438 2
32447 16
32449 1
32456 14
32461 11
32468 3
32474 18
32475 16
32477 21
32481 18
32482 18
32483 21
32487 17
32489 18
32490 9
32491 3
32498 12
32504 8
32506 7
32509 7
32511 17
32513 11
32518 11
32524 18
32525 14
32532 11
32539 11
32545 19
32546 20
32547 18
32548 16
32550 11
32557 15
32559 10
32562 12
32566 1
32574 2
32583 17
32585 6
32591 18
32592 16
32594 7
32597 16
32599 14
32604 17
32606 15
32608 16
32610 19
32612 14
32617 11
32621 7
32623 12
32629 12
32635 18
32636 5
32641 2
32652 13
32657 13
32662 7
32664 14
32668 13
32672 18
32673 11
32677 12
32681 8
32685 12
32689 3
32695 19
32697 11
32704 11
32710 14
32717 16
32719 16
32721 11
32726 20
32728 21
32732 18
32733 6
32737 5
32742 19
32743 12
32749 17
32751 20
32752 19
32754 9
32755 11
32761 17
32763 2
32774 1
32782 12
32790 19
32792 5
32796 13
32801 17
32803 18
32804 8
32808 3
32815 11
32820 15
32822 12
32830 17
32832 21
32836 16
32838 11
32843 11
32849 4
32855 14
32859 15
32861 12
32867 2
32878 11
32884 18
32885 9
32887 6
32893 12
32899 3
32906 12
32912 18
32913 16
32915 10
32918 11
32925 11
32931 11
32935 18
32936 5
32940 9
32941 4
32947 5
32951 17
32953 15
32955 14
32960 21
32964 7
32967 15
32969 19
32971 5
32975 11
32979 3
32984 20
32986 5
32991 21
32995 5
33000 15
33002 6
33006 7
33008 16
33010 3
33014 20
33016 14
33023 18
33024 18
33025 11
33029 17
33031 15
33033 20
33035 9
33037 17
33039 11
33044 14
33048 2
33059 2
33068 15
33070 18
33071 8
33075 5
33080 16
33082 11
33087 4
33091 19
33093 21
33097 12
33103 7
33106 12
33110 17
33112 11
33116 6
33120 20
33122 12
33130 3
33137 14
33142 18
33143 16
33145 7
33147 19
33149 7
33151 9
33153 11
33159 18
33160 1
33167 7
33170 3
33176 21
33180 17
33182 2
33191 1
33201 11
33207 16
33209 18
33210 10
33211 18
33212 2
33223 1
33233 12
33239 4
33247 6
33255 12
33263 20
33265 18
33266 12
33274 9
33275 2
33284 5
33289 18
33290 19
33291 18
33292 12
33296 11
33300 21
33304 21
33308 12
33312 10
33313 12
33319 17
33321 12
33325 7
33328 11
33335 5
33340 15
33342 16
33344 9
33346 11
33351 4
33359 3
33366 19
33368 11
33372 18
33373 21
33377 15
33379 16
33381 17
33383 14
33387 15
33389 20
33391 7
33394 10
33395 3
33401 18
33402 12
33408 18
33409 15
33411 20
33412 17
33414 11
33421 6
33429 4
33435 21
33439 18
33440 18
33441 19
33443 7
33445 10
33446 17
33448 6
33454 18
33455 12
33463 1
33471 12
33475 13
33480 3
33486 3
33491 20
33493 11
33498 18
33499 10
33500 20
33501 7
33504 8
33506 14
33513 11
33520 7
33523 5
33529 3
33534 11
33540 7
33542 19
33543 11
33549 12
33557 4
33563 20
33565 4
33571 11
33578 12
33582 18
33583 11
33587 11
33592 18
33593 12
33599 10
33602 1
33611 13
33617 19
33619 11
33626 6
33634 3
33640 6
33646 18
33647 16
33649 14
33654 8
33656 11
33660 5
33665 7
33667 8
33669 17
33671 21
33675 10
33678 17
33680 20
33682 4
33688 1
33698 9
33700 10
33701 10
33702 16
33704 2
33713 11
33719 18
33720 8
33722 15
33724 2
33733 7
33736 12
33742 11
33746 10
33749 7
33751 10
33754 14
33759 16
33761 16
33763 3
33769 15
33771 11
33778 16
33780 5
33787 20
33788 13
33793 16
33795 3
33799 12
33805 18
33806 19
33808 11
33815 7
33818 11
33823 21
33827 4
33833 13
33837 12
33841 10
33844 6
33852 20
33854 5
33860 18
33861 5
33865 14
33871 5
33877 18
33878 11
33883 6
33889 17
33891 14
33896 5
33903 16
33905 19
33906 16
33908 19
33909 11
33915 11
33919 7
33921 1
33929 4
33935 1
33943 15
33945 16
33947 18
33948 21
33952 16
33954 6
33958 4
33964 18
33965 9
33967 10
33970 11
33977 7
33979 21
33983 21
33987 11
33991 21
33995 12
34001 19
34003 12
34009 20
34011 7
34014 9
34015 19
34016 11
34023 15
34025 6
34031 3
34037 7
34040 17
34042 7
34044 13
34050 13
34056 18
34057 19
34058 4
34064 18
34065 7
34068 11
34075 11
34079 12
34087 11
34092 20
34094 5
34098 15
34100 7
34103 6
34109 6
34117 9
34119 2
34128 11
34132 3
34137 1
34146 3
34153 21
34157 13
34163 12
34169 20
34170 3
34174 4
34178 13
34183 12
34189 10
34190 4
34196 7
34198 20
34200 15
34202 11
34209 13
34213 18
34214 20
34215 9
34217 4
34223 2
34232 11
34239 1
34249 12
34255 4
34263 4
34271 19
34273 18
34274 10
34277 7
34279 17
34281 20
34283 5
34287 11
34292 13
34297 5
34301 11
34306 11
34313 10
34316 5
34321 8
34325 15
34327 4
34333 1
34343 3
34349 13
34353 16
34355 3
34362 16
34364 13
34368 12
34376 7
34378 19
34379 21
34383 8
34385 5
34391 14
34396 11
34400 7
34403 11
34407 2
34416 11
34420 4
34426 5
34430 11
34436 21
34440 11
34447 21
34451 14
34457 11
34462 12
34470 1
34478 10
34481 12
34487 3
34491 15
34493 4
34499 15
34501 12
34507 19
34508 5
34512 12
34516 15
34518 1
34526 20
34528 15
34530 11
34537 17
34539 6
34543 15
34545 15
34547 17
34549 21
34553 11
34559 15
34561 11
34566 8
34568 8
34572 18
34573 1
34582 12
34588 8
34592 6
34598 7
34600 20
34601 4
34605 6
34611 11
34617 11
34621 4
34627 8
34631 15
34633 9
34634 16
34636 11
34643 21
34647 14
34652 21
34656 5
34663 14
34668 7
34671 21
34675 7
34677 6
34683 14
34687 11
34694 11
34699 12
34705 5
34709 18
34710 4
34716 1
34724 11
34728 18
34729 4
34735 11
34741 18
34742 6
34748 11
34752 11
34758 16
34760 13
34766 19
34768 12
34774 15
34776 1
34786 11
34790 13
34795 12
34801 11
34807 6
34815 3
34822 8
34824 6
34830 9
34831 4
34837 11
34844 14
34850 12
34856 16
34858 21
34862 11
34868 14
34874 21
34878 15
34880 11
34884 15
34886 3
34892 11
34896 5
34901 21
34905 15
34907 2
34916 12
34924 4
34932 6
34940 1
34949 3
34955 18
34956 13
34962 4
34968 17
34970 13
34975 11
34979 11
34983 9
34985 18
34986 14
34992 2
35003 6
35007 14
35011 12
35019 6
35025 1
35035 11
35039 10
35042 8
35044 18
35045 12
35053 12
35061 6
35065 21
35069 11
35075 20
35076 4
35082 1
35090 18
35091 14
35098 11
35104 12
35110 8
35114 3
35118 9
35120 11
35124 1
35132 2
35141 3
35146 9
35148 16
35150 21
35154 15
35156 5
35160 1
35168 16
35170 1
35179 18
35180 16
35182 14
35187 21
35191 7
35194 14
35198 11
35204 21
35208 4
35212 16
35214 2
35223 18
35224 6
35228 21
35232 10
35235 18
35236 12
35244 12
35248 17
35250 9
35251 1
35260 12
35264 16
35266 3
35272 14
35278 11
35283 5
35288 11
35293 15
35295 12
35301 11
35307 3
35313 12
35317 16
35319 4
35327 12
35331 15
35333 15
35335 11
35339 12
35343 11
35349 11
35354 18
35355 21
35359 11
35363 16
35365 3
35369 20
35371 11
35378 5
35384 7
35387 20
35388 17
35390 1
35400 14
35404 16
35406 18
35407 3
35414 10
35415 12
35419 15
35421 10
35422 10
35423 11
35427 12
35435 16
35437 18
35438 11
35442 11
35449 6
35453 21
35457 19
35458 18
35459 6
35465 2
35476 2
35487 12
35495 4
35503 7
35506 7
35509 3
35515 11
35520 18
35521 18
35522 18
35523 18
35524 1
35534 9
35536 12
35544 12
35548 11
35553 12
35557 12
35565 21
35569 6
35575 4
35581 20
35583 1
35590 21
35594 21
35598 1
35607 6
35615 8
35617 12
35623 18
35624 1
35631 3
35637 11
35642 19
35644 3
35650 15
35652 8
35654 7
35656 6
35662 10
35665 16
35667 13
35672 18
35673 14
35680 12
35686 1
35693 12
35701 18
35702 12
35708 7
35710 18
35711 1
35721 12
35729 16
35731 18
35732 8
35736 11
35742 21
35746 12
35752 3
35756 17
35758 7
35761 21
35765 1
35772 6
35776 7
35778 13
35783 18
35784 11
35789 18
35790 21
35794 15
35796 12
35802 20
35804 11
35809 19
35810 11
35817 10
35818 7
35820 3
35827 7
35830 12
35836 8
35838 12
35844 15
35846 13
35851 21
35855 5
35862 2
35871 16
35873 18
35874 8
35876 8
35880 12
35886 15
35888 11
35895 15
35897 3
35903 4
35909 6
35917 12
35923 11
35927 6
35931 17
35933 8
35937 11
35943 6
35947 15
35949 17
35951 9
35953 12
35957 12
35963 11
35970 21
35974 10
35975 19
35976 12
35982 7
35984 19
35985 11
35989 11
35995 2
36006 5
36010 14
36014 13
36020 2
36031 1
36039 20
36041 7
36043 20
36045 14
36049 9
36051 2
36062 11
36068 12
36072 18
36073 9
36074 15
36076 1
36085 11
36089 1
36097 12
36101 19
36102 10
36103 9
36105 1
36113 5
36118 7
36121 16
36123 8
36127 12
36133 10
36136 18
36137 3
36144 2
36151 11
36157 9
36158 18
36159 18
36160 12
36166 5
36172 1
36181 11
36186 10
36187 8
36191 21
36195 6
36199 3
36206 2
36215 14
36221 13
36226 11
36233 12
36239 14
36243 20
36245 5
36249 16
36251 12
36257 2
36266 1
36273 12
36277 10
36278 5
36283 15
36285 16
36287 18
36288 7
36290 13
36295 11
36301 18
36302 7
36304 1
36311 4
36315 6
36323 17
36325 18
36326 21
36330 15
36332 18
36333 3
36339 2
36346 1
36354 14
36359 13
36365 1
36374 5
36380 1
36388 3
36394 11
36400 9
36402 21
36406 2
36413 16
36415 20
36417 12
36423 10
36424 4
36430 12
36438 14
36445 21
36449 15
36451 14
36458 8
36462 12
36468 6
36474 9
36475 18
36476 13
36482 13
36488 18
36489 12
36495 16
36497 11
36502 18
36503 9
36505 1
36514 21
36518 2
36527 7
36530 9
36532 15
36534 4
36540 11
36544 3
36550 3
36555 10
36558 4
36564 3
36568 12
36572 21
36576 19
36578 5
36584 3
36588 21
36592 7
36594 1
36603 3
36607 8
36611 7
36614 5
36618 12
36626 2
36635 13
36639 11
36645 5
36650 11
36657 12
36665 17
36667 10
36668 7
36671 11
36675 17
36677 16
36679 13
36683 15
36685 12
36691 17
36693 19
36694 14
36698 12
36704 12
36708 10
36709 2
36718 12
36724 4
36730 15
36732 6
36740 11
36744 3
36750 12
36754 14
36759 7
36762 18
36763 11
36770 20
36772 20
36773 1
36780 12
36784 19
36786 21
36790 6
36798 10
36801 12
36807 12
36813 5
36820 11
36827 19
36828 12
36836 12
36844 12
36848 20
36850 11
36855 2
36866 7
36869 20
36871 11
36875 19
36877 12
36883 13
36889 18
36890 15
36892 4
36898 15
36900 2
36907 19
36909 8
36913 11
36917 14
36921 15
36923 18
36924 14
36929 4
36935 12
36943 7
36945 16
36947 6
36951 11
36956 13
36960 8
36964 5
36969 19
36971 5
36976 19
36978 12
36984 11
36989 11
36996 20
36997 11
37002 7
37005 18
37006 15
37008 12
37016 14
37020 12
37026 15
37028 2
37037 7
37039 10
37042 4
37048 8
37052 6
37060 2
37069 19
37071 4
37077 4
37085 18
37086 15
37088 8
37092 15
37094 10
37097 18
37098 4
37104 8
37108 18
37109 10
37112 10
37113 12
37121 5
37126 7
37128 21
37132 6
37138 18
37139 3
37146 11
37152 3
37158 8
37160 21
37164 21
37168 3
37174 18
37175 4
37181 18
37182 12
37188 10
37191 6
37197 21
37201 2
37210 11
37215 2
37222 17
37224 4
37230 11
37236 3
37242 17
37244 13
37250 15
37252 1
37262 5
37266 12
37272 13
37277 1
37284 10
37287 16
37289 11
37295 11
37300 8
37302 9
37303 18
37304 9
37305 18
37306 14
37310 15
37312 19
37313 12
37317 1
37326 19
37328 12
37334 1
37344 11
37349 15
37351 17
37353 12
37357 10
37358 16
37360 2
37369 9
37370 11
37376 17
37378 2
37387 1
37395 10
37396 2
37407 11
37412 4
37420 18
37421 18
37422 20
37424 2
37433 12
37439 5
37445 6
37453 19
37454 11
37461 18
37462 17
37464 3
37471 16
37473 6
37477 11
37482 6
37488 13
37493 13
37498 15
37500 18
37501 6
37507 2
37516 11
37522 11
37528 1
37535 18
37536 3
37541 16
37543 11
37548 2
37557 6
37561 13
37567 21
37571 6
37575 20
37577 16
37579 20
37580 11
37584 21
37588 1
37598 5
37603 21
37607 9
37609 18
37610 18
37611 12
37617 13
37622 7
37625 4
37631 7
37633 21
37637 16
37639 11
37646 7
37649 18
37650 7
37653 14
37658 17
37660 8
37662 11
37667 6
37671 8
37675 18
37676 12
37682 4
37690 9
37692 12
37696 6
37704 12
37712 11
37717 18
37718 18
37719 7
37722 1
37729 3
37735 11
37740 11
37744 3
37751 21
37755 7
37758 20
37759 18
37760 8
37764 17
37766 12
37770 10
37771 15
37773 11
37777 16
37779 3
37783 5
37788 6
37796 17
37798 8
37800 11
37804 17
37806 1
37816 4
37820 8
37822 18
37823 9
37824 12
37832 11
37837 17
37839 12
37843 9
37844 7
37847 16
37849 12
37855 6
37861 18
37862 8
37866 1
37874 11
37878 16
37880 10
37883 10
37884 20
37885 14
37891 20
37893 3
37899 13
37905 3
37911 12
37915 11
37922 9
37924 11
37928 7
37931 8
37935 9
37936 11
37940 4
37948 5
37954 3
37959 10
37960 13
37964 20
37966 11
37973 18
37974 18
37975 15
37977 21
37981 1
37990 17
37992 15
37994 10
37995 17
37997 12
38003 18
38004 12
38010 18
38011 6
38017 2
38026 16
38028 12
38034 19
38036 5
38040 17
38042 2
38051 10
38052 10
38055 8
38059 21
38063 15
38065 14
38071 14
38075 12
38081 12
38089 2
38096 7
38099 12
38103 12
38111 12
38117 21
38121 15
38123 20
38124 13
38128 15
38130 5
38134 12
38140 11
38147 18
38148 12
38156 8
38160 10
38163 11
38167 10
38168 11
38175 3
38181 2
38188 3
38195 18
38196 3
38201 19
38203 18
38204 3
38210 18
38211 21
38215 14
38222 9
38224 18
38225 11
38230 12
38236 8
38238 7
38240 15
38242 15
38244 9
38245 19
38247 9
38248 1
38258 11
38265 12
38269 11
38276 18
38277 15
38279 8
38283 6
38289 2
38298 2
38307 8
38311 16
38313 21
38317 15
38319 11
38323 11
38330 18
38331 19
38333 10
38334 11
38338 1
38346 15
38348 11
38354 11
38359 2
38368 2
38379 16
38381 12
38385 20
38387 14
38393 4
38399 10
38400 11
38406 21
38410 10
38411 19
38413 1
38423 10
38424 21
38428 17
38430 17
38432 20
38433 18
38434 15
38436 11
38443 8
38447 7
38450 19
38451 20
38453 2
38462 16
38464 12
38470 2
38481 16
38483 11
38487 11
38491 11
38497 14
38504 12
38512 10
38515 12
38521 13
38527 17
38529 11
38535 1
38542 5
38546 16
38548 6
38552 16
38554 5
38559 2
38566 10
38567 18
38568 9
38570 12
38576 6
38582 4
38586 18
38587 11
38591 1
38598 15
38600 14
38604 11
38608 6
38612 18
38613 14
38618 4
38622 18
38623 11
38629 13
38635 12
38641 8
38643 20
38644 6
38650 2
38659 19
38661 18
38662 17
38664 11
38670 14
38674 21
38678 10
38679 2
38686 9
38687 3
38693 20
38694 12
38700 10
38701 9
38703 14
38710 16
38712 11
38716 12
38722 12
38730 17
38732 15
38734 21
38738 19
38739 11
38743 18
38744 8
38748 3
38754 13
38760 4
38768 11
38773 14
38780 11
38784 17
38786 12
38792 13
38796 6
38804 18
38805 11
38810 18
38811 8
38815 7
38818 11
38824 3
38830 3
38834 7
38836 12
38844 21
38848 8
38850 18
38851 12
38859 13
38864 2
38871 1
38881 3
38887 1
38895 11
38902 18
38903 21
38907 10
38910 16
38912 18
38913 1
38923 19
38924 15
38926 8
38930 9
38932 11
38939 15
38941 14
38948 17
38950 10
38953 18
38954 16
38956 5
38961 14
38967 12
38971 16
38973 17
38975 7
38978 16
38980 9
38982 15
38984 10
38985 7
38987 13
38992 16
38994 16
38996 12
39002 6
39006 15
39008 21
39012 3
39019 13
39024 8
39026 12
39032 6
39038 7
39041 2
39050 12
39056 15
39058 18
39059 15
39061 4
39067 15
39069 20
39070 21
39074 8
39076 16
39078 17
39080 3
39087 15
39089 3
39094 4
39102 2
39111 16
39113 17
39115 10
39116 3
39122 19
39123 6
39127 9
39128 12
39132 16
39134 4
39140 7
39142 21
39146 15
39148 9
39150 16
39152 18
39153 12
39161 9
39163 18
39164 20
39166 7
39169 14
39175 17
39177 7
39179 12
39185 15
39187 16
39189 14
39195 7
39198 12
39206 12
39214 15
39216 7
39218 18
39219 2
39226 19
39228 18
39229 14
39236 15
39238 6
39244 8
39246 19
39248 20
39249 20
39250 1
39258 9
39259 20
39260 21
39264 1
39272 11
39279 12
39285 15
39287 18
39288 9
39290 21
39294 16
39296 21
39300 12
39306 6
39312 18
39313 7
39315 19
39316 3
39322 12
39330 7
39333 1
39342 5
39348 15
39350 11
39354 16
39356 8
39358 17
39360 2
39369 11
39375 7
39377 18
39378 14
39385 7
39388 18
39389 18
39390 12
39396 5
39401 14
39407 3
39411 2
39422 8
39424 13
39429 5
39435 20
39437 15
39439 18
39440 17
39442 2
39449 21
39453 5
39460 6
39468 20
39469 4
39477 11
39482 20
39484 13
39488 18
39489 9
39491 1
39501 11
39505 18
39506 14
39512 10
39515 4
39523 12
39527 9
39528 16
39530 6
39534 6
39540 12
39546 4
39552 1
39561 19
39562 5
39568 16
39570 12
39576 17
39578 2
39587 12
39595 17
39597 18
39598 7
39600 4
39604 11
39608 2
39617 15
39619 21
39623 13
39627 10
39628 4
39634 12
39640 17
39642 6
39646 19
39647 6
39653 17
39655 21
39659 19
39661 1
39668 4
39674 5
39680 2
39691 12
39697 5
39702 19
39703 7
39706 10
39709 21
39713 18
39714 11
39718 4
39722 19
39724 5
39729 5
39733 9
39735 19
39737 11
39741 10
39742 2
39751 13
39757 7
39759 5
39763 2
39772 8
39774 5
39781 19
39783 2
39794 19
39796 7
39798 9
39799 19
39801 18
39802 9
39803 19
39804 12
39810 5
39814 5
39819 14
39823 11
39828 13
39833 18
39834 17
39836 8
39838 9
39840 20
39841 3
39846 18
39847 8
39849 13
39854 12
39858 18
39859 12
39867 12
39871 21
39875 16
39877 5
39881 6
39887 13
39892 12
39898 12
39904 19
39906 15
39908 12
39912 1
39921 19
39923 12
39931 6
39935 16
39937 21
39941 9
39942 2
39951 18
39952 15
39954 13
39959 5
39964 2
39971 11
39975 17
39977 10
39978 13
39982 11
39987 13
39993 7
39995 11
40000 7
40002 15
40004 17
40006 1
40016 15
40018 11
40022 7
40025 8
40029 4
40033 21
40037 12
40041 21
40045 2
40054 16
40056 18
40057 6
40063 10
40064 4
40068 16
40070 10
40071 5
40077 14
40081 4
40085 7
40087 5
40092 20
40093 20
40094 19
40095 1
40104 5
40111 11
40116 18
40117 19
40118 7
40121 1
40131 5
40137 11
40141 1
40150 11
40157 7
40159 11
40165 11
40171 21
40175 13
40180 5
40184 18
40185 13
40190 18
40191 7
40194 7
40197 3
40204 7
40207 11
40213 14
40217 13
40222 10
40223 2
40230 11
40236 2
40245 6
40249 11
40255 13
40261 15
40263 11
40267 16
40269 18
40270 6
40274 7
40276 5
40282 13
40288 18
40289 16
40291 18
40292 10
40295 18
40296 16
40298 20
40300 19
40301 9
40302 8
40304 2
40313 2
40322 1
40330 18
40331 13
40337 2
40346 17
40348 17
40350 9
40351 12
40355 17
40357 9
40359 18
40360 17
40362 12
40370 15
40372 18
40373 4
40379 2
40390 10
40393 10
40396 9
40397 6
40403 11
40407 12
40411 9
40413 4
40417 21
40421 6
40427 16
40429 15
40431 12
40437 8
40441 13
40447 4
40453 10
40454 18
40455 6
40459 21
40463 13
40469 9
40470 8
40472 16
40474 11
40479 11
40485 7
40488 8
40490 3
40497 12
40503 8
40505 2
40514 12
40520 3
40524 12
40528 9
40530 11
40534 1
40544 12
40550 20
40552 20
40554 10
40555 5
40561 15
40563 16
40565 16
40567 10
40568 12
40576 15
40578 11
40585 12
40589 2
40598 12
40604 20
40606 9
40608 15
40610 11
40614 20
40616 11
40620 11
40624 3
40629 1
40637 15
40639 17
40641 9
40643 16
40645 6
40649 11
40655 4
40659 16
40661 18
40662 11
40669 6
40675 12
40681 17
40683 19
40684 20
40686 5
40690 16
40692 5
40698 8
40702 17
40704 1
40714 21
40718 9
40719 1
40727 16
40729 1
40739 7
40741 12
40747 4
40751 7
40754 18
40755 5
40761 9
40762 4
40768 4
40772 17
40774 14
40780 17
40782 7
40785 1
40793 17
40795 15
40797 21
40801 19
40803 11
40809 13
40813 7
40816 21
40820 2
40827 18
40828 18
40829 16
40831 10
40832 15
40834 21
40838 2
40847 12
40855 12
40863 15
40865 12
40873 3
40877 21
40881 11
40887 6
40893 11
40900 17
40902 11
40909 3
40913 5
40918 4
40924 8
40928 14
40933 6
40939 11
40946 1
40954 21
40958 3
40965 15
40967 12
40973 15
40975 17
40977 16
40979 3
40983 18
40984 18
40985 15
40987 12
40991 11
40995 11
41002 11
41009 15
41011 1
41021 11
41026 11
41030 9
41031 18
41032 11
41039 11
41046 12
41054 3
41060 7
41062 12
41068 20
41069 1
41078 19
41079 12
41085 3
41091 11
41096 6
41100 13
41104 12
41108 15
41110 11
41117 21
41121 21
41125 13
41131 1
41139 15
41141 13
41146 11
41150 9
41151 3
41157 8
41159 11
41165 4
41173 14
41177 18
41178 13
41183 11
41188 17
41190 11
41196 19
41198 12
41204 12
41208 14
41214 18
41215 12
41219 1
41229 5
41233 13
41239 7
41242 6
41246 14
41250 7
41252 3
41257 18
41258 11
41262 19
41264 6
41268 20
41269 15
41271 17
41273 11
41278 2
41289 18
41290 14
41295 17
41297 16
41299 7
41301 6
41305 12
41311 9
41312 6
41318 16
41320 11
41327 3
41334 2
41341 6
41345 1
41355 12
41361 4
41365 11
