10000
1 19
3 14
9 11
16 11
23 15
25 18
26 9
27 6
34 3
41 12
48 15
50 7
53 6
61 15
63 11
69 8
71 18
72 4
80 11
86 11
92 13
98 18
99 21
103 21
107 10
110 6
116 9
118 8
120 16
122 12
129 12
135 6
141 4
149 18
150 5
157 12
164 12
170 2
181 7
184 10
187 12
193 11
200 21
204 13
210 19
212 20
214 17
216 3
222 1
231 19
233 18
234 17
236 2
246 11
253 12
260 9
261 11
268 3
275 9
277 11
283 12
290 3
296 17
298 12
306 4
313 18
314 11
320 16
322 6
329 10
331 18
332 12
340 12
347 14
353 18
354 13
359 12
366 14
372 18
373 11
379 16
381 15
383 15
385 10
387 8
390 4
396 1
406 15
408 12
414 21
418 12
424 15
426 12
434 4
441 6
448 10
451 10
453 19
455 14
460 7
462 13
467 20
469 5
476 6
483 11
489 2
500 12
506 8
509 15
511 18
512 18
513 10
515 9
517 6
524 11
530 17
532 10
534 12
541 16
543 4
550 12
557 2
567 6
574 1
584 21
588 4
595 12
603 14
609 5
615 9
617 11
623 5
630 20
632 3
639 20
641 13
647 2
658 3
665 11
671 11
677 14
683 6
690 12
697 12
703 13
709 15
711 20
713 7
716 9
718 18
719 4
726 16
728 7
730 13
735 12
742 9
744 20
746 20
748 19
750 17
752 5
759 18
760 19
762 2
773 12
780 12
787 15
789 9
791 10
793 7
795 18
796 19
798 8
801 17
803 10
805 12
812 20
814 18
815 20
817 11
824 12
830 12
837 10
839 10
841 11
848 4
854 5
860 12
868 19
870 1
879 8
883 1
893 6
900 16
902 4
909 6
916 18
917 19
919 20
921 6
927 7
930 8
933 11
939 1
949 8
952 11
959 18
960 5
966 15
968 18
969 15
971 4
979 12
985 9
987 20
989 5
996 16
998 12
1005 15
1007 18
1008 16
1010 11
1016 12
1024 18
1025 18
1026 7
1029 17
1031 18
1032 4
1039 2
1048 1
1058 10
1060 14
1067 14
1073 4
1079 18
1080 16
1082 16
1084 2
1094 16
1096 5
1102 5
1108 15
1110 1
1120 18
1121 16
1123 17
1125 12
1131 4
1138 16
1140 21
1144 15
1146 10
1147 13
1152 4
1159 11
1166 20
1168 16
1170 1
1180 8
1183 20
1185 11
1192 19
1194 5
1200 16
1202 7
1205 16
1207 10
1208 11
1215 2
1224 18
1225 12
1233 8
1235 5
1242 12
1248 11
1254 11
1261 16
1263 11
1270 7
1273 18
1274 8
1277 8
1281 13
1286 12
1293 8
1297 6
1304 7
1306 15
1308 17
1310 19
1312 18
1313 11
1319 11
1326 12
1333 8
1336 20
1338 17
1340 11
1347 12
1353 12
1360 12
1366 4
1373 3
1379 19
1381 2
1390 7
1392 11
1398 11
1404 16
1406 6
1413 13
1419 18
1420 19
1422 15
1424 18
1425 21
1429 13
1435 18
1436 9
1438 3
1445 11
1451 3
1458 7
1461 6
1469 4
1476 11
1482 18
1483 8
1486 17
1488 5
1494 11
1501 12
1507 16
1509 3
1515 12
1522 16
1524 20
1526 4
1534 2
1543 3
1550 2
1560 1
1570 12
1578 18
1579 20
1581 13
1587 14
1592 6
1600 4
1607 16
1609 11
1616 7
1618 8
1621 19
1623 5
1630 2
1639 12
1647 19
1649 4
1657 16
1659 21
1663 12
1671 20
1673 5
1679 19
1681 2
1692 12
1699 11
1705 20
1707 14
1713 10
1715 12
1722 12
1730 18
1731 18
1732 11
1738 16
1740 1
1749 6
1757 19
1759 9
1761 13
1767 1
1776 12
1784 11
1790 11
1797 11
1803 20
1805 2
1814 7
1817 17
1819 12
1825 17
1827 21
1831 17
1833 8
1837 10
1838 21
1842 21
1846 18
1847 10
1849 17
1851 11
1858 14
1863 6
1870 1
1880 3
1886 20
1888 18
1889 7
1892 15
1894 19
1896 11
1902 20
1904 12
1911 12
1918 3
1924 9
1926 11
1933 18
1934 1
1944 12
1951 9
1953 20
1955 9
1956 3
1963 9
1965 12
1973 11
1980 11
1987 12
1995 12
2001 5
2008 9
2010 14
2017 12
2025 21
2029 2
2039 3
2046 17
2048 11
2055 4
2062 19
2064 18
2065 10
2067 19
2069 11
2075 4
2082 12
2089 13
2094 16
2096 12
2103 5
2110 5
2116 5
2123 8
2126 16
2128 16
2130 3
2136 12
2144 21
2148 18
2149 21
2153 12
2161 3
2167 18
2168 10
2170 18
2171 11
2177 10
2180 19
2182 7
2185 16
2187 17
2189 14
2195 6
2201 13
2206 8
2209 12
2215 18
2216 12
2223 18
2224 11
2231 2
2241 9
2242 15
2244 17
2246 18
2247 11
2253 15
2255 4
2262 13
2268 4
2274 15
2276 21
2280 21
2284 7
2287 15
2289 16
2291 5
2298 12
2305 7
2307 11
2313 16
2315 12
2323 20
2325 7
2328 12
2335 12
2343 15
2345 13
2350 12
2356 3
2363 6
2370 11
2377 16
2379 21
2383 7
2385 19
2387 11
2394 9
2395 9
2396 5
2402 17
2404 12
2410 8
2412 8
2415 18
2416 20
2418 3
2424 11
2430 10
2432 2
2442 6
2448 4
2456 17
2458 11
2464 12
2470 12
2476 2
2486 18
2487 18
2488 13
2493 17
2495 12
2502 10
2504 11
2511 11
2518 18
2519 6
2526 17
2528 17
2530 12
2538 2
2547 13
2552 12
2560 3
2567 15
2569 20
2571 11
2578 11
2584 6
2590 4
2598 15
2600 10
2601 16
2603 14
2609 2
2619 21
2623 21
2627 2
2638 11
2644 15
2646 21
2650 15
2652 12
2658 13
2663 18
2664 8
2668 12
2674 14
2681 18
2682 12
2688 15
2690 1
2700 13
2705 1
2714 10
2716 18
2717 16
2719 12
2725 5
2732 8
2736 1
2746 16
2748 18
2749 11
2755 13
2760 4
2766 11
2772 18
2773 16
2775 3
2782 18
2783 5
2789 15
2791 5
2798 16
2800 9
2801 3
2808 4
2814 20
2816 8
2819 3
2825 10
2828 10
2831 2
2841 12
2848 10
2851 21
2855 7
2857 12
2865 10
2867 11
2873 5
2880 12
2887 7
2890 18
2891 1
2901 7
2903 21
2907 6
2915 3
2921 13
2927 12
2933 1
2943 15
2945 16
2947 9
2949 7
2952 15
2954 7
2957 12
2964 12
2971 7
2974 3
2981 7
2984 7
2987 7
2990 16
2992 11
2998 18
2999 1
3009 6
3016 18
3017 11
3024 8
3027 15
3029 2
3038 11
3044 11
3051 4
3058 11
3065 12
3072 15
3074 18
3075 12
3082 11
3089 13
3095 4
3102 5
3108 11
3115 11
3121 16
3123 12
3130 11
3136 2
3145 18
3146 21
3150 16
3152 9
3153 3
3159 4
3165 5
3171 18
3172 9
3174 7
3176 15
3178 2
3188 1
3198 13
3203 12
3210 6
3216 3
3222 12
3229 5
3235 18
3236 19
3238 4
3245 10
3246 12
3253 7
3256 15
3258 17
3260 8
3264 21
3268 13
3274 4
3281 5
3288 14
3295 17
3297 2
3308 21
3312 7
3315 14
3320 12
3326 18
3327 9
3328 16
3330 16
3332 1
3342 12
3349 21
3353 9
3355 7
3357 18
3358 18
3359 4
3365 14
3371 18
3372 6
3379 1
3388 7
3390 16
3392 10
3393 12
3400 16
3402 6
3410 21
3414 7
3416 12
3424 12
3430 8
3433 4
3440 2
3450 10
3451 12
3458 14
3463 7
3466 11
3473 6
3481 2
3491 19
3493 12
3500 8
3503 18
3504 21
3508 8
3512 2
3521 19
3523 11
3530 13
3535 20
3537 12
3544 12
3551 11
3557 13
3562 8
3565 11
3571 18
3572 13
3577 18
3578 18
3579 7
3582 2
3591 12
3598 7
3600 20
3602 20
3604 4
3611 6
3619 18
3620 1
3630 14
3637 11
3644 14
3650 3
3656 16
3658 12
3664 14
3670 13
3676 11
3683 21
3687 9
3689 11
3696 6
3702 11
3709 1
3718 17
3720 1
3730 11
3737 18
3738 19
3740 1
3749 2
3759 5
3766 15
3768 11
3774 1
3784 12
3791 5
3798 1
3808 11
3815 12
3823 18
3824 19
3826 12
3834 14
3840 15
3842 14
3849 12
3856 6
3864 11
3871 14
3877 9
3878 21
3882 15
3884 11
3891 9
3893 2
3903 17
3905 15
3907 13
3912 11
3918 18
3919 1
3928 17
3930 12
3938 14
3944 7
3947 11
3954 5
3960 16
3962 11
3969 9
3970 8
3972 18
3973 11
3979 14
3986 11
3993 16
3995 12
4002 18
4003 9
4004 9
4005 20
4007 11
4014 4
4020 9
4021 9
4023 21
4027 17
4029 18
4030 19
4032 9
4033 11
4039 19
4041 11
4047 10
4049 15
4051 9
4052 16
4054 7
4057 6
4064 20
4066 21
4070 11
4077 17
4079 4
4087 12
4095 12
4102 11
4108 12
4116 6
4124 16
4126 3
4133 6
4140 2
4150 1
4160 11
4166 12
4174 8
4178 9
4180 14
4185 11
4191 7
4194 13
4199 7
4201 11
4208 12
4215 2
4225 1
4235 7
4237 5
4244 14
4249 9
4251 14
4258 21
4262 8
4265 17
4267 11
4273 19
4275 5
4282 8
4284 21
4288 11
4295 11
4302 6
4309 14
4315 7
4318 11
4325 8
4328 7
4330 16
4332 16
4334 17
4336 12
4342 7
4344 12
4352 18
4353 10
4355 11
4362 4
4369 5
4376 11
4383 20
4385 16
4387 18
4388 11
4395 2
4405 11
4412 18
4413 12
4419 15
4421 7
4423 3
4430 16
4432 10
4434 3
4441 20
4443 21
4447 12
4454 12
4461 2
4471 20
4473 1
4482 17
4484 21
4488 11
4494 20
4496 4
4503 12
4509 2
4520 10
4523 10
4526 15
4528 13
4534 17
4536 18
4537 9
4538 11
4544 12
4550 15
4552 15
4554 11
4561 11
4568 11
4575 18
4576 18
4577 3
4583 16
4585 19
4587 12
4595 6
4603 17
4605 7
4607 13
4612 12
4620 12
4627 17
4629 1
4638 11
4645 16
4647 15
4649 17
4651 5
4658 3
4664 17
4666 11
4673 5
4679 14
4686 1
4695 14
4702 15
4704 18
4705 17
4707 18
4708 20
4710 11
4716 16
4718 21
4722 1
4732 12
4740 13
4746 12
4754 3
4760 18
4761 2
4771 11
4777 1
4787 11
4794 16
4796 21
4800 20
4802 19
4804 2
4815 8
4819 3
4826 16
4828 3
4834 1
4844 5
4851 18
4852 8
4854 12
4860 18
4861 13
4867 15
4869 12
4875 2
4885 20
4887 13
4892 10
4895 11
4901 12
4909 12
4916 10
4918 19
4920 11
4926 2
4935 5
4941 11
4948 18
4949 6
4956 14
4962 17
4964 12
4971 12
4978 5
4985 3
4991 15
4993 19
4995 13
5001 18
5002 16
5004 10
5007 15
5009 12
5017 11
5023 2
5034 16
5036 11
5043 6
5050 6
5056 9
5057 9
5058 11
5065 12
5072 15
5074 8
5076 11
5083 4
5089 13
5095 7
5098 11
5105 12
5112 3
5118 13
5124 17
5126 2
5137 20
5139 6
5147 4
5154 18
5155 19
5157 4
5164 12
5171 4
5178 16
5180 13
5185 2
5195 1
5205 13
5210 9
5211 2
5221 11
5228 18
5229 19
5231 18
5232 14
5237 11
5243 9
5244 12
5250 1
5259 12
5266 12
5273 20
5275 11
5282 18
5283 13
5288 10
5289 17
5291 16
5293 13
5299 7
5302 13
5308 11
5314 6
5321 1
5331 7
5333 17
5335 18
5336 18
5337 21
5341 1
5351 1
5360 10
5361 1
5371 14
5378 15
5380 15
5382 20
5384 18
5385 11
5391 20
5393 18
5394 18
5395 5
5402 7
5404 12
5411 8
5413 15
5415 9
5416 9
5418 7
5420 14
5426 12
5432 12
5439 5
5446 20
5448 3
5454 12
5460 13
5466 3
5472 20
5474 11
5480 12
5486 6
5493 12
5500 6
5506 8
5509 21
5513 2
5524 5
5530 16
5532 9
5534 15
5536 5
5543 12
5550 12
5558 21
5562 20
5564 15
5566 11
5573 21
5577 9
5578 11
5584 7
5587 3
5593 2
5604 18
5605 11
5612 15
5614 12
5621 4
5627 18
5628 12
5635 3
5642 12
5648 3
5655 6
5661 12
5668 6
5675 8
5679 3
5686 14
5693 11
5700 18
5701 18
5702 3
5709 6
5716 7
5718 18
5719 10
5721 19
5723 16
5725 3
5732 18
5733 5
5740 13
5746 11
5753 17
5755 12
5762 12
5768 12
5774 12
5780 15
5782 4
5790 21
5794 15
5796 21
5800 11
5806 17
5808 11
5814 15
5816 10
5817 6
5825 21
5829 11
5835 9
5837 12
5844 12
5852 19
5854 11
5860 15
5862 13
5867 21
5871 2
5881 6
5888 18
5889 14
5895 18
5896 1
5905 1
5915 9
5917 13
5923 9
5925 21
5929 14
5936 17
5938 20
5940 19
5942 16
5944 11
5950 6
5956 5
5963 12
5971 12
5979 8
5983 7
5986 18
5987 21
5991 17
5993 11
5999 16
6001 21
6005 18
6006 18
6007 1
6017 3
6024 16
6026 7
6028 12
6034 8
6037 18
6038 14
6044 14
6049 19
6051 9
6053 11
6060 15
6062 8
6065 9
6067 16
6069 9
6070 19
6072 20
6074 2
6084 17
6086 8
6088 11
6094 20
6096 12
6104 4
6110 13
6115 14
6121 11
6128 12
6136 11
6142 11
6148 11
6155 4
6162 11
6169 8
6173 3
6179 12
6185 20
6187 18
6188 7
6190 11
6196 14
6202 18
6203 19
6205 1
6215 12
6222 16
6224 11
6231 4
6238 6
6246 12
6253 19
6255 18
6256 16
6258 16
6260 2
6271 19
6273 17
6275 21
6279 8
6282 20
6284 5
6290 11
6296 11
6302 17
6304 20
6306 4
6313 3
6319 10
6321 8
6323 17
6325 12
6332 4
6339 21
6343 10
6344 1
6354 5
6361 7
6363 18
6364 1
6373 8
6376 12
6382 15
6384 3
6391 16
6393 12
6400 10
6402 6
6410 1
6419 16
6421 11
6427 4
6433 5
6440 2
6449 9
6450 20
6452 15
6454 6
6462 7
6465 13
6471 17
6473 11
6480 4
6487 4
6493 17
6495 2
6506 7
6509 15
6511 18
6512 1
6522 3
6529 12
6535 8
6539 15
6541 4
6548 11
6554 4
6562 11
6568 18
6569 8
6572 6
6579 17
6581 10
6582 14
6589 16
6591 12
6598 13
6603 17
6605 7
6608 7
6611 11
6618 19
6620 15
6622 11
6628 12
6635 8
6637 6
6644 4
6650 15
6652 15
6654 9
6656 19
6658 11
6664 18
6665 18
6666 12
6674 10
6675 11
6682 16
6684 21
6688 12
6695 19
6697 8
6701 3
6707 4
6714 11
6720 16
6722 18
6723 16
6725 6
6732 11
6738 9
6739 12
6746 19
6748 2
6758 2
6768 20
6770 11
6777 18
6778 2
6788 3
6795 11
6802 5
6808 11
6814 17
6816 5
6822 15
6824 20
6826 5
6832 12
6839 18
6840 15
6842 20
6844 17
6846 11
6852 16
6854 2
6864 16
6866 1
6876 3
6882 4
6889 11
6896 18
6897 8
6900 7
6902 9
6904 10
6907 17
6909 11
6915 11
6922 11
6929 2
6939 9
6941 16
6943 3
6949 8
6952 4
6958 5
6964 8
6967 1
6976 18
6977 13
6982 18
6983 17
6985 7
6988 10
6991 16
6993 1
7003 21
7007 1
7017 17
7019 11
7025 12
7031 16
7033 21
7037 8
7040 2
7050 21
7054 3
7061 4
7068 20
7070 3
7076 11
7082 15
7084 4
7090 11
7096 18
7097 5
7103 16
7105 1
7115 4
7122 20
7124 21
7128 15
7130 1
7140 16
7142 1
7152 15
7154 13
7160 20
7162 11
7168 21
7172 12
7179 9
7180 3
7186 19
7188 12
7194 8
7197 8
7199 12
7206 17
7208 1
7217 19
7219 9
7221 12
7227 17
7229 4
7236 15
7238 6
7245 11
7251 3
7257 21
7261 6
7267 12
7273 11
7279 21
7283 7
7286 11
7293 15
7295 2
7305 12
7311 7
7313 18
7314 10
7316 17
7318 11
7325 2
7335 12
7342 4
7349 12
7356 18
7357 10
7358 14
7365 12
7372 2
7383 10
7384 19
7386 13
7392 8
7395 5
7402 17
7404 20
7406 6
7412 4
7418 20
7420 19
7422 17
7424 2
7434 15
7436 6
7442 12
7448 20
7450 13
7456 20
7458 12
7464 17
7466 12
7472 12
7478 12
7486 7
7488 16
7490 11
7496 12
7503 18
7504 11
7511 5
7517 7
7519 11
7526 7
7528 11
7534 6
7540 12
7548 11
7554 6
7561 6
7568 20
7570 2
7580 4
7586 12
7594 18
7595 12
7602 2
7613 19
7615 18
7616 11
7623 3
7629 15
7631 20
7633 2
7643 12
7650 11
7657 16
7659 5
7666 16
7668 19
7670 10
7672 9
7674 11
7680 12
7687 4
7693 7
7696 10
7698 10
7701 2
7710 5
7716 3
7723 16
7725 20
7727 13
7733 12
7740 5
7746 7
7748 12
7756 14
7762 16
7764 11
7770 5
7777 11
7783 5
7790 19
7792 7
7794 10
7796 4
7803 18
7804 10
7805 3
7811 15
7813 8
7816 2
7826 12
7834 8
7837 9
7839 17
7841 13
7847 21
7851 11
7858 11
7864 2
7874 4
7881 9
7882 16
7884 21
7888 8
7892 13
7898 18
7899 19
7901 20
7903 11
7910 11
7917 6
7925 12
7932 21
7936 9
7937 3
7944 11
7950 11
7956 20
7958 1
7968 19
7970 9
7972 7
7974 16
7976 1
7986 12
7993 17
7995 11
8002 7
8005 15
8007 16
8009 11
8015 18
8016 7
8018 12
8025 15
8027 14
8034 18
8035 10
8038 5
8045 4
8052 18
8053 6
8061 10
8064 10
8066 11
8072 6
8078 15
8080 12
8088 1
8098 11
8105 7
8108 11
8114 19
8116 18
8117 13
8122 13
8127 19
8129 6
8137 15
8139 16
8141 19
8143 11
8150 12
8156 8
8159 9
8160 15
8162 2
8172 11
8178 11
8185 21
8189 6
8195 18
8196 5
8202 17
8204 3
8211 4
8218 11
8224 3
8231 9
8233 20
8235 12
8242 5
8249 11
8256 7
8258 11
8265 8
8269 11
8275 18
8276 2
8286 12
8294 12
8302 5
8309 15
8311 18
8312 20
8314 12
8321 1
8330 1
8339 15
8341 5
8348 11
8354 2
8363 16
8365 11
8371 11
8377 3
8384 1
8394 2
8404 17
8406 14
8411 8
8414 9
8415 2
8424 2
8433 10
8436 14
8442 14
8448 16
8450 16
8452 11
8458 12
8465 1
8474 12
8481 1
8490 13
8495 2
8505 3
8511 8
8513 12
8519 14
8525 15
8527 1
8536 11
8543 21
8547 8
8551 8
8554 2
8563 18
8564 11
8570 5
8577 13
8582 11
8589 15
8591 10
8592 11
8598 1
8607 17
8609 18
8610 7
8612 14
8619 4
8625 2
8636 12
8643 9
8644 9
8645 6
8652 19
8654 14
8661 1
8670 9
8672 13
8678 11
8685 18
8686 8
8688 6
8694 10
8696 16
8698 11
8705 4
8713 14
8718 7
8720 18
8721 11
8727 11
8733 17
8735 15
8737 5
8744 6
8751 10
8753 2
8763 20
8765 11
8772 11
8778 15
8780 13
8786 6
8793 10
8796 17
8798 14
8804 8
8807 13
8813 2
8824 18
8825 8
8827 18
8828 1
8838 15
8840 6
8846 12
8854 10
8855 18
8856 3
8862 2
8873 6
8880 20
8882 7
8885 16
8887 10
8889 1
8898 14
8904 5
8910 4
8916 2
8926 19
8928 12
8934 6
8941 16
8943 21
8947 4
8954 6
8961 17
8963 13
8968 18
8969 8
8972 14
8978 18
8979 15
8981 11
8988 21
8992 12
8999 17
9001 14
9007 11
9013 12
9020 14
9027 15
9029 11
9036 11
9043 14
9050 9
9052 13
9057 20
9059 3
9065 12
9072 15
9074 11
9080 15
9082 1
9092 16
9094 12
9101 2
9111 13
9117 6
9124 4
9131 21
9135 3
9141 9
9142 9
9144 8
9146 15
9148 11
9154 20
9156 1
9165 11
9172 11
9179 9
9181 20
9183 3
9190 13
9196 18
9197 19
9199 19
9201 14
9207 9
9209 6
9216 12
9224 4
9231 18
9232 13
9238 5
9245 20
9247 10
9248 2
9258 15
9260 19
9262 9
9263 12
9270 11
9276 15
9278 14
9285 17
9287 2
9296 2
9306 20
9308 17
9310 12
9318 14
9324 11
9330 12
9337 11
9344 8
9346 18
9347 11
9353 9
9354 10
9357 1
9366 4
9373 11
9380 1
9390 11
9397 18
9398 19
9400 16
9402 6
9408 2
9417 12
9424 11
9431 21
9435 5
9442 20
9444 4
9451 11
9457 1
9467 9
9468 12
9475 11
9481 2
9491 10
9493 4
9501 19
9503 20
9505 8
9508 4
9514 12
9521 2
9531 17
9533 14
9538 12
9545 4
9552 3
9558 2
9568 15
9570 8
9573 2
9582 18
9583 3
9589 3
9595 3
9601 9
9602 10
9604 18
9605 10
9607 17
9609 9
9610 21
9614 12
9622 5
9628 9
9630 13
9636 11
9643 17
9645 17
9647 12
9655 18
9656 9
9658 20
9660 3
9667 6
9674 2
9683 12
9690 1
9700 1
9709 13
9714 4
9721 7
9724 9
9726 11
9732 11
9739 13
9745 12
9752 7
9754 12
9761 15
9763 12
9770 11
9776 10
9778 11
9785 7
9787 9
9788 15
9790 18
9791 20
9793 13
9799 18
9800 8
9803 8
9806 18
9807 11
9813 9
9815 21
9819 21
9823 16
9825 20
9827 21
9831 18
9832 18
9833 6
9841 5
9847 18
9848 8
9852 9
9854 5
9861 13
9866 1
9876 11
9882 6
9889 21
9893 2
9903 13
9908 12
9916 20
9918 16
9920 10
9922 3
9929 12
9935 10
9936 4
9942 8
9946 9
9947 1
9957 19
9959 2
9968 9
9970 19
9972 14
9979 11
9985 5
9992 19
9994 18
9995 15
9997 13
10002 11
10008 17
10010 1
10019 17
10021 12
10029 20
10031 11
10037 18
10038 10
10040 18
10041 11
10047 11
10054 19
10056 18
10057 12
10064 5
10070 18
10071 1
10081 4
10088 4
10095 12
10101 2
10112 19
10114 6
10121 11
10127 7
10130 4
10138 6
10146 12
10153 21
10157 7
10160 11
10167 15
10169 15
10171 18
10172 11
10178 13
10183 18
10184 3
10191 3
10198 18
10199 8
10202 15
10204 14
10210 5
10216 10
10219 8
10222 12
10229 16
10231 3
10237 10
10240 11
10246 18
10247 18
10248 8
10251 17
10253 16
10255 20
10257 18
10258 1
10268 11
10274 20
10276 18
10277 13
10282 12
10289 5
10296 13
10301 8
10305 6
10312 2
10322 13
10327 12
10334 15
10336 20
10338 11
10345 1
10354 7
10356 2
10365 13
10370 7
10373 10
10376 12
10383 1
10393 21
10397 1
10407 12
10414 1
10424 8
10426 12
10433 7
10435 18
10436 9
10438 18
10439 8
10442 5
10448 18
10449 18
10450 8
10453 12
10459 20
10461 10
10463 10
10466 10
10468 9
10470 12
10476 3
10482 6
10490 3
10497 21
10501 10
10503 1
10512 11
10518 20
10520 20
10522 7
10525 2
10536 15
10538 4
10546 18
10547 10
10549 17
10551 3
10558 11
10564 17
10566 18
10567 11
10574 11
10581 13
10587 11
10593 11
10599 3
10606 13
10612 11
10618 4
10625 11
10632 21
10636 15
10638 6
10646 12
10652 9
10654 6
10660 20
10662 19
10664 9
10666 6
10673 2
10683 10
10686 12
10692 6
10699 21
10703 4
10710 21
10714 16
10716 19
10718 21
10722 19
10724 17
10726 16
10728 19
10730 5
10736 16
10738 8
10741 12
10749 18
10750 9
10752 6
10758 2
10767 18
10768 12
10774 19
10776 14
10782 15
10784 10
10786 15
10788 20
10790 20
10792 8
10795 1
10804 17
10806 17
10808 13
10814 12
10821 16
10823 3
10830 8
10832 3
10839 6
10847 17
10849 3
10856 12
10863 18
10864 20
10866 18
10867 8
10869 10
10872 13
10878 21
10882 17
10884 7
10887 6
10894 12
10900 18
10901 18
10902 20
10904 11
10911 13
10917 14
10923 7
10925 8
10929 16
10931 1
10941 11
10948 15
10950 12
10956 9
10958 7
10961 15
10963 12
10970 9
10972 12
10979 18
10980 8
10983 18
10984 1
10994 14
10999 3
11006 18
11007 20
11009 11
11016 21
11020 16
11022 12
11030 18
11031 12
11037 11
11043 2
11054 17
11056 6
11063 13
11069 18
11070 19
11072 3
11078 12
11085 6
11092 2
11103 1
11112 1
11122 5
11129 10
11131 18
11132 1
11142 10
11143 8
11145 15
11147 2
11157 6
11164 18
11165 1
11174 18
11175 14
11182 11
11188 5
11194 11
11200 16
11202 15
11204 15
11206 19
11208 14
11214 20
11216 19
11218 11
11225 13
11231 10
11233 15
11235 19
11237 16
11239 10
11241 3
11248 2
11259 6
11267 17
11269 15
11271 20
11273 11
11279 10
11281 8
11285 12
11292 12
11298 19
11300 4
11307 20
11309 21
11313 17
11315 11
11322 20
11324 3
11331 13
11336 8
11340 12
11346 17
11348 10
11350 6
11356 10
11359 11
11366 17
11368 1
11377 21
11381 11
11387 4
11393 12
11400 19
11402 14
11409 5
11416 21
11420 11
11426 20
11428 9
11429 11
11435 4
11443 8
11447 12
11454 16
11456 4
11463 21
11467 17
11469 13
11474 13
11479 17
11481 11
11487 21
11491 3
11497 10
11499 11
11505 14
11511 11
11517 11
11524 19
11526 16
11528 7
11530 15
11532 11
11538 14
11545 12
11553 4
11559 19
11561 17
11563 19
11565 1
11575 18
11576 3
11583 6
11590 11
11597 17
11599 14
11606 19
11608 12
11614 15
11616 17
11618 4
11625 13
11631 18
11632 15
11634 2
11645 3
11652 2
11663 21
11667 12
11675 15
11677 18
11678 5
11685 10
11687 13
11692 11
11699 12
11706 12
11712 21
11716 14
11723 12
11729 4
11737 11
11743 13
11749 15
11751 12
11759 18
11760 2
11770 21
11774 12
11782 12
11788 18
11789 7
11792 15
11794 13
11800 8
11804 11
11810 12
11817 17
11819 11
11825 13
11831 21
11835 11
11842 15
11844 15
11846 11
11853 12
11859 11
11865 1
11875 12
11882 9
11884 4
11891 9
11893 3
11900 18
11901 20
11903 4
11909 10
11910 19
11912 20
11914 20
11916 4
11923 12
11930 2
11941 2
11950 11
11956 7
11959 1
11968 5
11975 13
11980 3
11987 18
11988 21
11992 9
11993 20
11995 3
12002 18
12003 17
12005 8
12008 15
12010 12
12018 12
12026 5
12032 18
12033 16
12035 3
12042 7
12045 2
12055 6
12062 14
12068 15
12070 12
12077 1
12086 12
12093 18
12094 8
12097 16
12099 17
12101 17
12103 20
12105 17
12107 2
12117 3
12124 2
12134 3
12140 11
12147 12
12155 6
12162 5
12169 12
12176 18
12177 5
12183 4
12190 12
12196 10
12197 9
12199 1
12209 20
12211 1
12220 8
12223 21
12227 6
12233 2
12243 7
12246 13
12251 14
12256 18
12257 2
12267 15
12269 12
12277 9
12278 12
12286 11
12292 19
12294 14
12300 11
12307 20
12309 18
12310 15
12312 20
12314 18
12315 11
12322 16
12324 17
12326 18
12327 11
12333 2
12342 2
12352 8
12356 11
12363 20
12365 7
12368 10
12370 8
12374 11
12381 10
12383 15
12385 11
12391 12
12399 17
12401 6
12408 2
12419 18
12420 13
12426 11
12433 8
12437 20
12439 7
12441 3
12448 20
12450 11
12457 1
12466 7
12469 11
12476 9
12477 2
12486 11
12492 14
12498 18
12499 11
12505 11
12511 16
12513 6
12520 15
12522 8
12525 18
12526 2
12535 3
12541 11
12547 18
12548 6
12555 12
12561 20
12563 17
12565 4
12571 15
12573 21
12577 16
12579 11
12586 19
12588 20
12590 10
12593 1
12602 4
12609 3
12616 3
12623 2
12633 11
12640 14
12645 21
12649 9
12650 19
12652 18
12653 3
12659 4
12665 10
12668 15
12670 21
12674 14
12680 11
12686 17
12688 11
12695 21
12699 3
12706 7
12708 21
12712 20
12714 5
12721 11
12728 5
12734 5
12740 18
12741 17
12743 11
12749 11
12756 10
12758 12
12765 11
12772 11
12779 12
12785 12
12793 19
12795 9
12797 2
12806 12
12812 5
12819 2
12829 1
12839 5
12845 17
12847 18
12848 19
12850 20
12852 12
12859 5
12865 9
12867 1
12877 15
12879 11
12885 11
12891 8
12895 17
12897 14
12903 8
12905 11
12912 1
12921 4
12928 19
12930 17
12932 12
12939 6
12947 11
12954 4
12960 18
12961 4
12968 1
12977 4
12984 4
12990 13
12995 14
13002 13
13007 17
13009 20
13011 18
13012 8
13015 6
13023 12
13029 16
13031 21
13035 4
13042 16
13044 9
13045 11
13051 21
13055 20
13057 2
13068 11
13075 8
13078 11
13085 9
13086 20
13088 13
13093 6
13100 8
13104 14
13110 16
13112 11
13118 9
13119 9
13121 8
13124 19
13126 6
13134 12
13142 13
13147 11
13153 21
13157 4
13163 15
13165 14
13172 14
13179 10
13180 17
13182 11
13189 16
13191 6
13198 12
13204 12
13210 3
13216 5
13222 21
13226 11
13233 18
13234 12
13241 9
13243 4
13251 11
13258 19
13260 11
13266 18
13267 3
13274 11
13280 19
13282 6
13289 4
13296 11
13303 10
13304 18
13305 2
13314 10
13316 7
13318 14
13323 17
13325 2
13335 18
13336 20
13338 15
13340 19
13342 19
13344 6
13350 18
13351 9
13353 13
13358 12
13365 15
13367 10
13370 2
13380 11
13386 5
13392 7
13395 11
13401 4
13407 21
13411 14
13418 20
13420 15
13422 16
13424 5
13431 10
13433 1
13443 10
13445 7
13448 15
13450 18
13451 11
13458 14
13464 16
13466 10
13468 16
13470 13
13475 9
13477 12
13485 9
13486 11
13492 18
13493 17
13495 18
13496 11
13503 16
13505 16
13507 4
13514 8
13518 8
13520 15
13522 1
13532 16
13534 11
13541 7
13543 21
13547 2
13556 17
13558 11
13564 11
13570 1
13580 17
13582 16
13584 18
13585 13
13591 2
13600 1
13610 7
13612 2
13621 10
13624 16
13626 18
13627 16
13629 12
13637 1
13647 12
13653 11
13659 3
13665 13
13670 9
13671 11
13677 15
13679 11
13686 11
13692 21
13696 12
13704 18
13705 15
13707 6
13713 15
13715 16
13717 12
13724 21
13728 15
13730 16
13732 18
13733 12
13741 19
13743 9
13745 12
13752 11
13758 8
13761 1
13771 13
13776 11
13782 4
13788 21
13792 21
13796 14
13803 11
13810 4
13818 2
13827 21
13831 6
13837 17
13839 8
13841 15
13843 15
13845 18
13846 17
13848 11
13854 12
13861 3
13868 9
13870 8
13873 11
13879 12
13886 10
13888 15
13890 20
13892 12
13900 17
13902 12
13908 20
13910 2
13920 21
13924 13
13930 1
13940 15
13942 4
13948 7
13950 13
13956 18
13957 19
13959 11
13966 4
13973 13
13979 10
13981 11
13987 7
13990 11
13996 4
14002 8
14005 17
14007 3
14013 6
14020 12
14028 12
14035 15
14037 2
14047 11
14053 21
14057 11
14063 21
14067 15
14069 11
14076 6
14083 18
14084 18
14085 5
14092 17
14094 9
14095 2
14105 18
14106 9
14107 20
14109 14
14115 10
14116 5
14122 10
14123 4
14131 18
14132 21
14136 13
14141 9
14142 2
14153 9
14155 3
14162 7
14165 6
14171 11
14178 7
14180 11
14186 8
14188 2
14199 3
14205 14
14211 3
14217 7
14219 21
14223 9
14225 19
14227 11
14234 8
14237 11
14244 7
14246 1
14255 18
14256 18
14257 17
14259 11
14266 14
14271 5
14277 18
14278 16
14280 12
14287 2
14298 9
14300 12
14306 18
14307 3
14313 13
14319 10
14321 11
14327 5
14334 6
14341 1
14350 11
14356 9
14357 10
14359 18
14360 2
14369 18
14370 18
14371 8
14373 15
14375 12
14382 6
14388 5
14395 11
14402 15
14404 11
14411 17
14413 18
14414 12
14422 15
14424 15
14426 15
14428 6
14435 5
14442 15
14444 11
14450 20
14452 14
14457 5
14463 6
14470 10
14471 10
14473 15
14475 1
14484 2
14494 11
14501 4
14509 21
14513 18
14514 12
14522 11
14528 17
14530 15
14532 8
14536 10
14539 9
14541 18
14542 9
14543 12
14550 16
14552 18
14553 10
14555 4
14562 4
14569 20
14571 12
14578 9
14580 16
14582 11
14589 8
14593 17
14595 11
14601 15
14603 19
14605 11
14612 10
14613 19
14615 8
14617 13
14622 11
14628 12
14635 19
14637 12
14645 8
14648 9
14650 13
14656 9
14658 1
14667 20
14669 16
14671 9
14673 15
14675 2
14685 4
14693 11
14700 1
14709 6
14715 17
14717 9
14719 3
14725 11
14732 12
14739 7
14741 12
14748 4
14754 19
14756 20
14758 11
14764 21
14768 13
14774 17
14776 18
14777 18
14778 2
14789 19
14791 2
14802 19
14804 8
14808 10
14810 21
14814 9
14816 1
14826 10
14829 12
14835 18
14836 13
14842 2
14852 16
14854 3
14861 6
14868 4
14876 21
14880 13
14886 11
14892 16
14894 18
14895 12
14903 7
14905 16
14907 12
14915 10
14918 8
14920 18
14921 4
14927 19
14929 12
14937 10
14940 11
14947 13
14953 9
14954 5
14960 12
14968 20
14970 16
14972 20
14974 18
14975 20
14977 4
14985 18
14986 20
14988 20
14990 3
14996 11
15003 18
15004 17
15006 4
15013 10
15015 11
15021 13
15027 11
15033 20
15035 11
15041 13
15046 16
15048 7
15051 2
15061 18
15062 11
15069 11
15075 12
15082 21
15086 12
15093 15
15095 7
15098 12
15106 4
15114 4
15121 19
15123 16
15125 2
15135 1
15145 1
15155 15
15157 13
15162 11
15169 7
15172 12
15179 18
15180 11
15187 12
15194 1
15204 7
15206 3
15213 11
15219 4
15227 18
15228 12
15236 10
15238 9
15239 10
15242 2
15251 21
15255 9
15256 21
15260 17
15262 1
15271 21
15275 1
15285 16
15287 12
15294 19
15296 19
15298 11
15304 5
15311 3
15317 17
15319 18
15320 20
15322 6
15330 3
15337 1
15347 13
15352 16
15354 8
15356 18
15357 12
15363 14
15368 7
15370 5
15377 1
15387 11
15394 11
15400 5
15406 11
15412 14
15417 4
15425 11
15432 11
15439 3
15446 12
15453 10
15455 5
15461 11
15467 9
15469 5
15476 18
15477 18
15478 16
15480 21
15484 17
15486 13
15491 9
15493 18
15494 1
15503 21
15507 7
15509 3
15516 11
15522 19
15524 13
15529 21
15533 18
15534 18
15535 12
15542 8
15544 9
15545 1
15554 20
15556 4
15564 5
15571 11
15577 11
15584 4
15592 17
15594 6
15600 12
15606 18
15607 5
15614 18
15615 6
15623 11
15629 4
15635 19
15637 15
15639 7
15642 5
15648 12
15654 19
15656 20
15658 17
15660 12
15668 2
15677 11
15683 10
15686 2
15696 4
15703 17
15705 14
15711 11
15717 16
15719 15
15721 7
15723 5
15730 7
15733 11
15740 14
15745 11
15751 5
15758 4
15766 18
15767 18
15768 9
15769 7
15772 11
15778 18
15779 4
15786 21
15790 13
15796 19
15798 8
15801 4
15808 18
15809 14
15815 21
15819 6
15827 11
15834 7
15836 2
15847 12
15854 14
15860 12
15868 1
15877 20
15879 21
15883 8
15887 2
15897 11
15903 18
15904 19
15906 11
15912 8
15915 14
15921 13
15926 21
15930 2
15940 7
15942 10
15944 3
15950 1
15960 19
15962 21
15966 12
15972 9
15973 9
15974 4
15980 8
15984 6
15991 11
15997 20
15999 12
16005 19
16007 11
16014 9
16016 2
16025 7
16027 15
16029 9
16030 21
16034 2
16043 19
16045 8
16047 12
16054 13
16059 17
16061 12
16068 4
16075 4
16083 7
16086 20
16088 15
16090 3
16096 12
16104 18
16105 10
16106 11
16113 11
16119 16
16121 11
16127 9
16129 6
16136 17
16138 19
16140 19
16142 7
16144 20
16146 20
16148 15
16150 12
16158 10
16161 6
16168 17
16170 16
16172 15
16174 7
16177 4
16184 7
16187 14
16192 11
16198 4
16204 17
16206 14
16212 20
16214 12
16221 19
16223 18
16224 11
16230 12
16238 5
16244 12
16251 18
16252 10
16253 4
16259 18
16260 12
16267 17
16269 10
16271 12
16278 11
16284 11
16290 11
16296 13
16301 10
16304 12
16311 9
16313 13
16318 9
16319 7
16322 17
16324 21
16328 9
16329 12
16337 15
16339 15
16341 19
16343 18
16344 6
16352 7
16354 9
16356 2
16366 5
16372 12
16379 15
16381 7
16384 10
16385 9
16387 8
16391 16
16393 14
16399 12
16405 11
16412 12
16419 14
16425 6
16431 15
16433 12
16441 3
16447 1
16457 20
16459 15
16461 15
16463 16
16465 8
16468 11
16475 8
16477 10
16478 11
16484 6
16491 8
16494 15
16496 11
16503 6
16511 18
16512 9
16513 17
16515 16
16517 17
16519 16
16521 3
16527 2
16536 20
16538 5
16544 5
16550 17
16552 12
16558 5
16564 18
16565 20
16567 11
16573 17
16575 2
16584 12
16592 20
16594 5
16601 11
16607 14
16612 13
16618 13
16624 18
16625 5
16631 7
16634 11
16641 2
16652 4
16659 4
16667 4
16673 16
16675 13
16681 2
16692 12
16699 8
16701 5
16708 12
16715 15
16717 12
16723 5
16730 12
16736 18
16737 15
16739 3
16746 19
16748 11
16755 11
16761 18
16762 20
16764 9
16765 16
16767 1
16777 18
16778 11
16784 9
16786 17
16788 12
16794 18
16795 13
16800 16
16802 13
16807 21
16811 16
16813 4
16820 1
16829 12
16837 8
16839 20
16841 12
16849 7
16851 5
16857 15
16859 12
16866 11
16872 7
16874 20
16876 18
16877 12
16884 11
16891 11
16898 12
16905 4
16912 5
16919 9
16921 19
16923 10
16924 11
16931 3
16937 10
16939 12
16947 21
16951 16
16953 14
16958 16
16960 5
16966 9
16968 14
16975 12
16981 18
16982 8
16986 11
16992 17
16994 3
17000 13
17005 8
17007 8
17010 19
17012 6
17020 20
17022 12
17028 17
17030 10
17033 15
17035 11
17042 11
17049 3
17055 14
17060 7
17062 9
17064 12
17071 5
17077 8
17079 4
17085 17
17087 6
17094 8
17096 2
17106 2
17117 6
17125 20
17127 13
17133 2
17144 11
17150 10
17152 12
17160 20
17162 20
17164 3
17170 11
17176 21
17180 11
17186 1
17196 20
17198 12
17204 12
17211 12
17218 19
17220 11
17227 15
17229 6
17236 18
17237 20
17239 18
17240 2
17249 8
17252 9
17253 15
17255 21
17259 11
17266 4
17274 14
17280 12
17287 2
17297 19
17299 2
17310 2
17319 12
17327 3
17333 3
17339 2
17348 3
17355 2
17364 12
17371 12
17378 14
17384 19
17386 15
17388 19
17390 11
17396 12
17402 10
17404 11
17410 20
17412 5
17418 12
17424 8
17426 8
17428 7
17430 21
17434 18
17435 9
17436 11
17443 16
17445 21
17449 5
17456 2
17467 14
17473 4
17481 18
17482 14
17489 19
17491 19
17493 21
17497 13
17503 8
17506 12
17513 6
17519 1
17529 11
17536 19
17538 19
17540 11
17547 1
17556 11
17562 6
17569 12
17575 12
17581 18
17582 11
17589 12
17595 2
17604 16
17606 6
17613 11
17619 18
17620 7
17622 21
17626 15
17628 8
17631 20
17633 5
17640 19
17642 21
17646 5
17653 6
17660 12
17667 19
17669 11
17676 5
17682 11
17689 12
17696 14
17703 13
17708 1
17718 15
17720 7
17722 11
17729 14
17736 19
17738 4
17745 2
17754 8
17757 5
17764 16
17766 8
17770 17
17772 4
17779 5
17785 7
17788 7
17791 15
17793 11
17799 8
17802 12
17809 21
17813 11
17819 11
17826 5
17832 12
17838 17
17840 10
17842 19
17844 18
17845 11
17851 17
17853 10
17855 7
17857 18
17858 6
17864 16
17866 17
17868 7
17871 7
17873 9
17874 1
17883 2
17893 7
17895 12
17902 15
17904 16
17906 20
17908 15
17910 11
17916 14
17923 3
17929 19
17931 18
17932 10
17935 9
17937 12
17945 12
17952 9
17953 11
17959 12
17966 7
17969 11
17975 12
17982 12
17989 18
17990 14
17996 12
18003 14
18010 11
18017 15
18019 11
18025 21
18029 18
18030 1
18039 2
18048 4
18054 14
18060 11
18066 12
18072 14
18078 9
18079 4
18085 15
18087 20
18089 7
18091 19
18093 19
18095 12
18101 20
18103 11
18110 12
18117 11
18124 14
18129 14
18135 3
18141 2
18150 21
18154 4
18161 15
18163 5
18170 16
18172 16
18174 4
18180 10
18182 2
18191 1
18200 1
18209 18
18210 21
18214 2
18224 1
18233 3
18240 4
18247 8
18251 14
18257 20
18259 15
18261 10
18264 16
18266 18
18267 12
18274 17
18276 1
18285 10
18286 12
18293 10
18296 6
18302 14
18307 13
18313 11
18320 1
18330 19
18332 11
18339 11
18346 6
18354 11
18360 12
18368 2
18378 10
18381 18
18382 8
18384 3
18391 3
18397 12
18405 4
18411 2
18421 5
18427 18
18428 4
18435 21
18439 11
18445 13
18450 6
18457 19
18459 21
18463 14
18469 18
18470 18
18471 11
18477 19
18479 9
18480 13
18486 11
18492 4
18498 2
18509 9
18510 6
18517 19
18519 10
18521 21
18525 10
18528 4
18534 7
18537 9
18539 1
18548 21
18552 18
18553 3
18560 20
18562 15
18564 12
18571 2
18581 18
18582 12
18589 6
18596 9
18597 15
18599 7
18602 20
18604 15
18606 18
18607 15
18609 16
18611 20
18613 20
18615 14
18622 3
18629 7
18631 10
18634 5
18641 16
18643 21
18647 7
18649 16
18651 2
18662 11
18668 11
18674 15
18676 21
18680 20
18682 11
18688 2
18699 18
18700 6
18707 11
18714 3
18721 19
18723 14
18728 4
18736 7
18738 15
18740 3
18747 5
18754 7
18756 20
18758 3
18765 4
18772 11
18778 12
18786 11
18792 15
18794 17
18796 15
18798 8
18800 7
18803 6
18809 9
18811 3
18818 11
18825 18
18826 13
18831 6
18837 18
18838 10
18840 13
18845 12
18852 11
18859 16
18861 19
18863 9
18864 1
18873 20
18875 15
18877 15
18879 6
18886 21
18890 21
18894 7
18897 13
18903 8
18907 11
18914 12
18922 15
18924 10
18926 12
18932 4
18938 15
18940 4
18947 11
18954 16
18956 3
18962 15
18964 9
18965 11
18971 11
18977 16
18979 14
18985 16
18987 16
18989 5
18995 1
19005 7
19008 12
19015 5
19021 20
19023 2
19032 18
19033 9
19034 2
19043 5
19050 14
19055 11
19062 17
19064 16
19066 16
19068 11
19074 17
19076 17
19078 3
19085 10
19086 18
19087 11
19094 13
19100 10
19101 10
19102 1
19112 10
19114 1
19123 9
19124 11
19131 6
19137 21
19141 10
19143 12
19150 16
19152 14
19159 20
19161 8
19164 11
19170 12
19176 4
19183 12
19189 1
19199 14
19205 11
19212 12
19219 11
19225 3
19231 5
19238 21
19242 7
19244 4
19252 18
19253 10
19254 17
19256 13
19261 12
19268 19
19270 6
19278 14
19284 16
19286 1
19295 16
19297 12
19303 7
19305 3
19311 19
19313 18
19314 11
19321 5
19327 3
19334 17
19336 18
19337 3
19343 8
19346 1
19356 13
19361 18
19362 19
19364 12
19370 18
19371 1
19380 17
19382 12
19390 11
19396 13
19401 12
19408 14
19414 4
19421 19
19423 7
19426 14
19432 17
19434 15
19436 16
19438 11
19445 21
19449 19
19451 18
19452 17
19454 16
19456 14
19462 15
19464 14
19470 18
19471 15
19473 20
19475 12
19482 18
19483 9
19484 19
19486 12
19493 16
19495 4
19502 17
19504 9
19505 18
19506 11
19512 11
19518 9
19520 6
19527 19
19529 1
19539 9
19540 11
19547 5
19553 11
19559 2
19568 12
19575 11
19582 18
19583 6
19591 17
19593 12
19600 13
19605 2
19615 12
19622 12
19629 13
19634 13
19639 11
19645 19
19647 10
19648 11
19654 20
19656 21
19660 6
19667 7
19669 8
19672 12
19679 16
19681 13
19687 19
19689 13
19695 8
19698 10
19701 10
19704 2
19714 16
19716 4
19723 10
19725 16
19727 13
19732 11
19739 3
19745 11
19752 10
19754 8
19757 18
19758 21
19762 13
19767 21
19771 20
19773 18
19774 16
19776 18
19777 2
19787 17
19789 16
19791 9
19793 9
19794 19
19796 9
19797 1
19807 3
19813 20
19815 11
19821 13
19826 12
19833 13
19839 12
19847 13
19852 11
19858 11
19865 13
19871 19
19873 2
19883 15
19885 14
19891 21
19895 13
19901 2
19911 11
19918 1
19927 8
19930 16
19932 2
19943 21
19947 7
19949 14
19955 17
19957 1
19966 4
19974 18
19975 10
19977 2
19987 8
19990 1
20000 13
20005 10
20007 14
20013 12
20020 5
20027 18
20028 17
20030 18
20031 3
20038 15
20040 6
20046 12
20053 12
20061 13
20066 13
20071 18
20072 8
20074 3
20080 15
20082 6
20088 3
20094 5
20101 1
20111 5
20117 5
20124 1
20133 8
20137 17
20139 8
20143 20
20145 16
20147 13
20152 18
20153 11
20160 19
20162 8
20165 17
20167 15
20169 14
20176 18
20177 9
20179 18
20180 19
20182 12
20188 10
20189 12
20196 9
20197 20
20199 21
20203 1
20213 11
20220 6
20227 18
20228 9
20230 11
20236 15
20238 12
20244 6
20252 16
20254 17
20256 9
20258 11
20265 11
20272 17
20274 12
20280 15
20282 12
20288 8
20290 18
20291 13
20297 4
20304 12
20311 21
20315 3
20321 11
20328 4
20334 17
20336 7
20339 12
20345 19
20347 8
20350 1
20360 13
20366 8
20370 11
20377 11
20384 8
20388 6
20395 1
20404 18
20405 11
20412 12
20419 16
20421 16
20423 12
20431 11
20437 12
20443 2
20453 11
20459 15
20461 17
20463 1
20473 12
20479 14
20485 4
20492 18
20493 11
20499 12
20506 14
20512 5
20518 11
20524 13
20529 18
20530 16
20532 13
20538 12
20545 12
20552 16
20554 18
20555 3
20562 8
20565 12
20572 20
20574 14
20579 18
20580 18
20581 4
20588 17
20590 12
20597 18
20598 12
20606 13
20611 3
20617 12
20623 15
20625 5
20632 12
20638 18
20639 17
20641 6
20647 8
20650 1
20659 4
20666 7
20669 1
20678 16
20680 9
20681 13
20686 15
20688 18
20689 11
20695 2
20706 11
20713 4
20720 2
20731 11
20737 16
20739 11
20746 11
20752 9
20754 11
20760 18
20761 9
20763 15
20765 3
20771 16
20773 9
20774 2
20785 16
20787 1
20796 15
20798 16
20800 18
20801 19
20803 18
20804 6
20811 7
20814 18
20815 12
20823 12
20830 8
20833 18
20834 13
20839 20
20841 8
20843 19
20845 18
20846 8
20849 15
20851 1
20860 14
20867 18
20868 8
20871 18
20872 18
20873 9
20874 18
20875 17
20877 18
20878 19
20880 20
20882 7
20885 11
20892 11
20898 18
20899 16
20901 11
20907 13
20912 14
20918 10
20921 11
20928 18
20929 6
20935 5
20942 18
20943 14
20949 11
20955 12
20963 13
20969 20
20971 20
20973 15
20975 10
20976 12
20982 12
20989 18
20990 14
20996 7
20998 2
21007 17
21009 15
21011 6
21018 1
21027 3
21033 7
21035 11
21042 17
21044 12
21050 18
21051 11
21058 7
21060 12
21067 20
21069 8
21072 18
21073 18
21074 10
21077 12
21083 9
21085 1
21094 12
21101 8
21104 11
21110 20
21112 7
21115 3
21121 12
21127 19
21129 11
21135 20
21137 13
21143 3
21149 15
21151 7
21153 3
21159 1
21168 16
21170 18
21171 4
21179 10
21182 11
21188 19
21190 4
21198 20
21200 18
21201 12
21208 15
21210 15
21212 3
21219 9
21221 13
21226 16
21228 8
21230 4
21237 5
21243 17
21245 17
21247 9
21248 11
21255 2
21264 18
21265 10
21268 3
21274 20
21276 17
21278 2
21289 16
21291 3
21297 18
21298 14
21303 19
21305 11
21312 10
21315 12
21322 19
21324 11
21330 14
21336 11
21342 18
21343 11
21349 16
21351 13
21356 17
21358 11
21364 6
21371 12
21377 21
21381 20
21383 3
21389 12
21396 20
21398 11
21404 4
21411 16
21413 9
21414 5
21421 18
21422 6
21428 12
21434 1
21443 16
21445 21
21449 11
21456 3
21462 7
21464 2
21473 12
21480 12
21487 1
21497 16
21499 1
21508 12
21514 11
21521 20
21523 6
21529 11
21536 10
21538 3
21545 18
21546 15
21548 7
21550 13
21556 11
21562 17
21564 10
21566 4
21573 8
21575 1
21584 21
21588 12
21595 12
21602 8
21605 12
21612 10
21614 20
21616 5
21622 13
21628 18
21629 12
21637 20
21639 18
21640 3
21646 15
21648 9
21649 11
21656 6
21663 11
21669 14
21675 11
21682 4
21690 19
21692 9
21694 12
21701 19
21703 17
21705 11
21711 20
21713 4
21721 5
21728 10
21730 20
21732 18
21733 16
21735 14
21740 17
21742 5
21748 13
21753 21
21757 8
21760 8
21763 11
21770 13
21775 2
21785 9
21787 11
21794 10
21796 19
21798 5
21804 13
21810 18
21811 3
21818 11
21824 13
21829 3
21835 21
21839 6
21847 18
21848 11
21855 16
21857 5
21864 18
21865 18
21866 11
21872 17
21874 5
21880 11
21887 16
21889 14
21896 8
21899 3
21906 13
21912 2
21921 13
21926 15
21928 17
21930 2
21940 1
21949 2
21959 11
21966 5
21973 17
21975 12
21982 9
21983 16
21985 1
21995 10
21998 15
22000 5
22007 7
22010 5
22016 16
22018 1
22028 3
22034 7
22036 14
22043 15
22045 4
22053 4
22060 19
22062 14
22068 16
22070 12
22077 11
22084 18
22085 3
22092 4
22099 11
22106 16
22108 19
22110 21
22114 19
22116 11
22123 18
22124 12
22132 7
22134 7
22137 14
22142 13
22147 3
22154 13
22160 2
22169 19
22171 16
22173 12
22180 11
22186 9
22187 20
22189 1
22198 19
22200 8
22203 14
22208 11
22215 11
22221 15
22223 12
22230 11
22236 12
22242 20
22244 4
22252 17
22254 7
22257 5
22264 12
22270 19
22272 3
22278 16
22280 12
22288 19
22290 12
22297 7
22299 15
22301 12
22308 5
22315 6
22323 12
22329 9
22330 11
22337 12
22344 8
22346 7
22349 9
22351 11
22357 18
22358 15
22360 9
22361 18
22362 12
22368 18
22369 15
22371 14
22377 2
22387 13
22393 16
22395 18
22396 12
22404 8
22408 7
22411 11
22417 18
22418 16
22420 20
22422 16
22424 6
22431 16
22433 10
22436 3
22443 14
22450 21
22454 18
22455 11
22462 15
22464 18
22465 8
22467 19
22469 10
22471 21
22475 13
22481 14
22487 2
22497 5
22503 12
22510 19
22512 16
22514 15
22516 11
22523 18
22524 14
22531 7
22533 17
22535 11
22541 9
22543 11
22550 18
22551 12
22559 12
22567 18
22568 4
22576 16
22578 2
22589 20
22591 15
22593 4
22600 14
22605 2
22614 5
22620 11
22626 19
22628 20
22630 12
22638 2
22649 12
22657 18
22658 11
22664 15
22666 18
22667 12
22674 13
22680 15
22682 4
22689 4
22695 15
22697 11
22704 12
22711 14
22716 19
22718 16
22720 17
22722 12
22729 3
22735 12
22742 12
22749 20
22751 9
22752 2
22762 14
22769 15
22771 20
22773 21
22777 2
22786 16
22788 19
22790 15
22792 4
22800 15
22802 4
22810 8
22813 10
22814 18
22815 20
22817 21
22821 5
22827 19
22829 18
22830 7
22832 13
22838 21
22842 12
22848 10
22851 2
22860 5
22866 6
22873 15
22875 8
22877 14
22884 11
22891 3
22898 2
22909 11
22916 12
22923 18
22924 11
22930 12
22936 20
22938 15
22940 14
22946 7
22949 1
22959 18
22960 8
22963 21
22967 3
22973 1
22982 21
22986 5
22993 4
22999 15
23001 16
23003 20
23005 2
23015 1
23024 12
23030 11
23037 18
23038 8
23040 13
23046 4
23053 15
23055 11
23062 2
23072 11
23079 11
23085 13
23091 17
23093 21
23097 11
23104 11
23110 8
23113 20
23115 20
23117 14
23123 11
23129 8
23132 7
23134 11
23141 18
23142 9
23144 18
23145 8
23148 18
23149 19
23151 8
23153 17
23155 18
23156 20
23158 12
23164 2
23173 13
23179 11
23185 16
23187 3
23193 4
23200 4
23207 12
23214 9
23216 9
23218 7
23221 20
23223 18
23224 14
23229 12
23236 16
23238 11
23244 18
23245 7
23247 3
23254 18
23255 5
23262 11
23269 3
23276 12
23282 7
23284 11
23290 16
23292 20
23294 17
23296 12
23303 2
23313 17
23315 14
23322 7
23325 14
23330 1
23340 15
23342 15
23344 11
23351 18
23352 15
23354 19
23356 16
23358 19
23360 19
23362 5
23368 6
23374 10
23377 2
23386 9
23388 3
23394 11
23400 2
23409 20
23411 11
23418 11
23424 15
23426 7
23429 15
23431 12
23439 3
23446 12
23453 16
23455 20
23457 18
23458 2
23469 11
23476 12
23482 14
23488 5
23494 13
23499 18
23500 9
23502 14
23509 15
23511 6
23518 18
23519 13
23524 10
23527 10
23529 8
23532 18
23533 13
23539 16
23541 13
23546 12
23553 5
23559 5
23566 11
23572 3
23578 2
23587 17
23589 18
23590 6
23596 21
23600 11
23606 19
23608 20
23610 20
23612 16
23614 2
23625 11
23631 9
23632 9
23634 5
23641 9
23643 18
23644 19
23646 7
23648 11
23655 16
23657 11
23664 11
23670 10
23672 18
23673 2
23683 15
23685 21
23689 2
23699 19
23701 12
23708 12
23715 6
23722 11
23729 17
23731 18
23732 14
23737 10
23739 13
23745 14
23750 7
23752 9
23754 8
23758 15
23760 16
23762 9
23763 6
23770 5
23777 1
23787 19
23789 7
23791 12
23797 18
23798 12
23804 19
23806 11
23813 12
23820 14
23827 18
23828 14
23834 15
23836 12
23844 2
23855 5
23861 4
23868 8
23871 11
23877 19
23879 4
23885 18
23886 12
23894 4
23901 16
23903 19
23905 14
23910 11
23916 10
23918 18
23919 12
23925 3
23931 19
23933 14
23938 10
23941 14
23947 14
23953 9
23954 14
23961 6
23968 19
23970 20
23972 17
23974 10
23975 5
23982 6
23990 4
23996 12
24004 12
24011 4
24019 13
24025 10
24027 12
24034 12
24041 14
24047 11
24053 2
24063 4
24069 11
24075 11
24081 1
24090 7
24092 6
24099 10
24100 18
24101 21
24105 21
24109 15
24111 9
24113 13
24119 19
24121 16
24123 12
24131 11
24138 16
24140 16
24142 11
24148 9
24149 14
24156 18
24157 15
24159 1
24168 1
24177 11
24184 20
24186 4
24193 20
24195 18
24196 4
24203 12
24209 12
24216 16
24218 19
24220 9
24221 13
24227 6
24235 6
24243 5
24250 9
24252 11
24259 8
24262 19
24264 15
24266 3
24272 10
24273 4
24280 15
24282 8
24285 5
24292 20
24294 15
24296 12
24304 19
24306 9
24308 5
24314 3
24321 11
24327 16
24329 3
24336 13
24341 9
24343 2
24353 13
24358 21
24362 9
24364 11
24370 18
24371 6
24379 13
24384 17
24386 19
24388 11
24394 3
24401 8
24405 10
24408 1
24418 12
24425 11
24431 14
24437 8
24440 11
24447 11
24454 11
24461 7
24464 15
24466 11
24472 19
24474 18
24475 2
24485 16
24487 9
24488 2
24499 11
24506 14
24511 13
24516 11
24523 15
24525 13
24530 9
24532 11
24539 20
24541 8
24543 1
24553 3
24559 20
24561 10
24563 3
24569 9
24570 13
24576 7
24579 14
24585 20
24587 9
24588 3
24595 11
24602 13
24607 12
24614 13
24620 5
24626 3
24633 21
24637 7
24640 21
24644 6
24650 12
24658 1
24667 19
24669 12
24676 18
24677 13
24683 8
24687 4
24693 14
24698 13
24704 10
24705 8
24708 6
24715 8
24717 7
24719 2
24728 16
24730 11
24737 20
24739 21
24743 20
24745 12
24752 11
24759 16
24761 13
24767 17
24769 16
24771 19
24773 19
24775 11
24781 14
24787 8
24790 9
24792 12
24800 12
24807 13
24812 18
24813 17
24815 12
24823 20
24825 18
24826 11
24832 10
24835 5
24842 16
24844 20
24846 15
24848 2
24859 8
24861 17
24863 13
24868 12
24874 19
24876 19
24878 21
24882 8
24884 1
24893 8
24896 4
24902 18
24903 6
24911 9
24913 17
24915 21
24919 11
24926 20
24928 13
24933 2
24942 6
24950 1
24960 5
24966 7
24968 9
24970 15
24972 12
24978 12
24984 8
24987 13
24992 1
25001 11
25008 10
25009 5
25016 20
25018 16
25020 8
25023 3
25030 7
25032 18
25033 7
25036 10
25039 18
25040 15
25042 2
25052 8
25055 11
25061 9
25063 12
25071 14
25078 14
25083 13
25088 5
25095 7
25098 11
25105 15
25107 1
25117 18
25118 6
25125 9
25127 4
25134 13
25140 2
25149 13
25154 4
25162 21
25166 17
25168 8
25171 18
25172 18
25173 15
25175 20
25177 17
25179 15
25181 12
25189 19
25191 19
25193 11
25199 21
25203 11
25209 20
25211 9
25212 20
25214 12
25222 11
25228 6
25235 10
25238 3
25244 12
25251 18
25252 13
25257 5
25263 5
25270 18
25271 21
25275 14
25280 7
25283 10
25285 7
25288 19
25290 12
25298 21
25302 2
25312 11
25318 10
25321 20
25323 11
25330 1
25340 2
25350 16
25352 20
25354 19
25356 15
25358 6
25366 7
25368 9
25369 11
25376 8
25379 6
25386 16
25388 18
25389 12
25397 2
25407 7
25410 12
25418 19
25420 17
25422 8
25425 7
25427 2
25437 8
25439 3
25445 15
25447 7
25449 18
25450 14
25457 12
25464 15
25466 11
25472 16
25474 12
25481 6
25488 14
25494 6
25500 21
25504 10
25507 11
25513 6
25519 4
25525 8
25528 10
25530 19
25532 9
25533 9
25535 17
25537 11
25544 8
25547 19
25549 8
25552 12
25560 11
25566 11
25573 19
25575 17
25577 12
25583 11
25589 21
25593 21
25597 11
25603 17
25605 17
25607 18
25608 20
25610 19
25612 12
25619 8
25622 21
25626 20
25628 1
25637 5
25644 3
25650 16
25652 6
25660 1
25669 19
25671 16
25673 2
25683 11
25689 5
25695 19
25697 3
25704 13
25710 9
25712 16
25714 16
25716 18
25717 14
25724 12
25730 10
25732 18
25733 1
25742 15
25744 7
25747 12
25754 18
25755 13
25760 21
25764 9
25766 6
25773 15
25775 5
25781 3
25787 12
25795 15
25797 12
25804 18
25805 21
25809 17
25811 16
25813 12
25820 17
25822 12
25829 9
25831 19
25833 12
25840 13
25846 11
25853 20
25855 10
25856 3
25863 15
25865 9
25867 10
25868 21
25872 18
25873 9
25875 11
25881 15
25883 11
25890 15
25892 20
25894 21
25898 7
25900 21
25904 6
25912 8
25915 5
25921 5
25928 4
25935 15
25937 12
25944 11
25950 15
25952 16
25954 19
25956 16
25958 4
25965 10
25966 16
25968 12
25976 18
25977 12
25984 17
25986 11
25993 19
25995 5
26002 19
26004 17
26006 18
26007 9
26009 6
26016 18
26017 16
26019 9
26021 14
26027 2
26036 6
26043 2
26054 17
26056 11
26062 10
26065 10
26066 1
26075 18
26076 3
26083 3
26089 13
26094 11
26100 10
26103 11
26110 12
26117 14
26124 17
26126 14
26133 6
26140 20
26142 11
26148 18
26149 17
26151 16
26153 15
26155 4
26162 17
26164 7
26167 1
26177 12
26184 11
26190 3
26196 3
26203 17
26205 18
26206 3
26213 19
26215 6
26222 2
26232 11
26238 11
26245 9
26246 17
26248 7
26251 1
26261 10
26263 17
26265 18
26266 10
26268 18
26269 13
26275 4
26281 21
26285 15
26287 21
26291 16
26293 8
26296 9
26298 16
26300 12
26307 1
26317 12
26323 5
26329 19
26331 8
26335 11
26342 21
26346 9
26347 1
26357 20
26359 8
26363 14
26369 18
26370 6
26378 11
26385 12
26393 3
26400 4
26407 5
26413 11
26420 15
26422 15
26424 12
26431 17
26433 8
26437 16
26439 21
26443 11
26450 11
26456 1
26466 12
26472 11
26478 4
26485 2
26495 2
26504 5
26511 13
26517 17
26519 11
26526 14
26532 15
26534 12
26540 4
26546 18
26547 8
26551 7
26554 11
26561 7
26563 14
26569 19
26571 12
26578 12
26585 7
26588 20
26590 12
26597 2
26607 12
26614 11
26621 11
26627 11
26634 11
26640 11
26647 8
26649 16
26651 18
26652 3
26658 14
26664 12
26672 6
26680 8
26683 11
26690 10
26692 17
26694 19
26696 11
26703 14
26709 18
26710 18
26711 11
26718 11
26724 9
26725 13
26730 8
26733 13
26739 4
26746 12
26754 6
26762 2
26772 10
26773 12
26780 7
26782 12
26789 4
26796 12
26803 1
26813 10
26815 11
26822 5
26829 5
26836 18
26837 14
26842 18
26843 11
26849 11
26855 12
26862 20
26864 11
26871 20
26873 10
26875 11
26881 6
26887 4
26894 12
26901 11
26908 14
26915 14
26921 20
26923 13
26928 9
26930 18
26931 16
26933 19
26935 18
26936 13
26941 21
26945 4
26952 1
26961 16
26963 17
26965 13
26971 12
26978 1
26988 2
26997 1
27007 15
27009 15
27011 13
27016 18
27017 21
27021 5
27027 18
27028 16
27030 10
27032 12
27039 6
27045 11
27052 18
27053 16
27055 21
27059 6
27065 12
27072 16
27074 21
27078 19
27080 2
27091 12
27099 14
27104 15
27106 12
27114 11
27121 4
27128 1
27138 18
27139 3
27145 12
27151 17
27153 17
27155 12
27162 12
27168 17
27170 17
27172 18
27173 12
27181 7
27184 2
27194 17
27196 3
27203 7
27205 11
27211 4
27218 3
27225 11
27231 19
27233 21
27237 20
27239 12
27246 1
27256 21
27260 14
27266 11
27272 15
27274 18
27275 3
27281 21
27285 13
27290 12
27297 18
27298 18
27299 12
27305 16
27307 17
27309 11
27316 17
27318 21
27322 21
27326 1
27336 16
27338 11
27345 4
27352 11
27358 3
27365 2
27374 11
27381 16
27383 18
27384 7
27387 3
27394 14
27400 10
27401 10
27402 7
27405 11
27411 13
27416 7
27418 19
27420 11
27427 12
27434 10
27436 10
27438 18
27439 11
27445 16
27447 12
27455 9
27457 12
27463 11
27470 12
27477 11
27484 8
27488 3
27494 9
27496 14
27502 17
27504 6
27512 13
27517 15
27519 12
27526 1
27536 12
27543 15
27545 9
27547 17
27549 19
27551 8
27554 12
27562 17
27564 9
27565 10
27567 4
27574 4
27582 11
27589 6
27597 18
27598 14
27603 10
27606 8
27608 3
27615 11
27621 11
27627 6
27634 20
27636 2
27646 6
27653 10
27655 4
27662 19
27664 12
27671 16
27673 16
27675 2
27685 11
27692 19
27694 14
27699 5
27705 11
27712 20
27714 16
27716 8
27719 1
27729 13
27734 4
27741 10
27744 1
27754 1
27764 11
27771 11
27777 9
27779 9
27780 6
27786 12
27794 16
27796 18
27797 14
27804 4
27811 11
27817 6
27824 18
27825 9
27826 18
27827 10
27830 4
27836 12
27843 20
27845 2
27855 18
27856 9
27857 17
27859 18
27860 18
27861 4
27867 9
27868 1
27877 2
27888 13
27893 5
27900 2
27909 2
27919 21
27923 20
27925 14
27932 11
27938 18
27939 18
27940 1
27950 18
27951 6
27959 20
27961 11
27968 19
27970 20
27972 6
27978 20
27980 20
27982 13
27988 5
27994 8
27998 5
28004 3
28011 11
28018 12
28024 15
28026 21
28030 11
28037 11
28043 18
28044 9
28046 8
28049 17
28051 15
28053 15
28055 17
28057 14
28064 9
28065 16
28067 15
28069 11
28075 21
28079 6
28085 11
28092 9
28093 4
28101 6
28108 20
28110 16
28112 2
28122 10
28123 12
28130 3
28137 10
28139 12
28146 17
28148 16
28150 16
28152 4
28159 17
28161 5
28168 2
28178 11
28185 6
28193 19
28195 7
28197 3
28204 12
28211 1
28220 18
28221 20
28223 4
28230 12
28236 2
28245 12
28252 4
28259 6
28266 21
28270 11
28277 9
28278 14
28284 7
28286 11
28292 11
28298 14
28305 15
28307 15
28309 11
28316 17
28318 4
28325 11
28332 6
28338 15
28340 6
28347 14
28353 14
28358 13
28364 4
28371 11
28377 4
28384 15
28386 11
28392 18
28393 15
28395 11
28401 16
28403 5
28410 1
28419 17
28421 9
28422 14
28427 5
28434 8
28437 11
28443 1
28453 8
28455 6
28461 13
28467 11
28473 8
28475 16
28477 4
28484 12
28492 7
28495 15
28497 18
28498 19
28500 14
28507 10
28510 17
28512 4
28519 17
28521 12
28527 11
28533 7
28536 6
28544 1
28554 11
28560 1
28569 13
28575 11
28581 11
28588 7
28590 19
28592 11
28598 11
28605 20
28607 11
28614 19
28616 20
28618 12
28624 15
28626 5
28632 5
28639 18
28640 5
28646 1
28655 5
28661 18
28662 13
28667 9
28668 7
28670 18
28671 2
28680 7
28683 7
28686 15
28688 5
28695 17
28697 20
28699 3
28706 13
28712 12
28719 18
28720 17
28722 8
28726 12
28733 6
28740 4
28748 13
28754 11
28761 5
28768 11
28775 3
28781 11
28788 18
28789 12
28795 17
28797 12
28805 5
28811 12
28818 5
28825 17
28827 3
28834 2
28844 3
28850 5
28857 9
28859 3
28866 12
28873 7
28875 12
28883 14
28890 18
28891 6
28898 7
28901 12
28908 6
28915 4
28923 9
28924 12
28932 3
28938 16
28940 17
28942 3
28948 14
28955 16
28957 13
28963 15
28965 4
28972 2
28982 10
28984 8
28986 13
28992 5
28998 11
29005 11
29012 16
29014 12
29020 13
29025 8
29028 18
29029 19
29031 10
29033 19
29035 4
29043 17
29045 11
29051 13
29057 20
29059 16
29061 17
29063 20
29065 3
29072 2
29083 4
29090 11
29097 1
29106 8
29110 20
29112 12
29120 7
29122 10
29125 18
29126 18
29127 17
29129 11
29136 17
29138 11
29144 6
29152 20
29154 19
29156 6
29164 17
29166 4
29172 17
29174 19
29176 20
29178 11
29185 6
29193 19
29195 11
29202 5
29209 4
29217 7
29219 14
29224 11
29230 15
29232 18
29233 17
29235 14
29242 15
29244 12
29251 6
29258 14
29264 9
29265 14
29272 1
29282 13
29288 2
29297 17
29299 4
29306 8
29309 21
29313 8
29317 15
29319 13
29324 11
29331 8
29335 21
29339 7
29342 12
29348 7
29350 20
29352 6
29360 16
29362 5
29369 1
29379 16
29381 14
29386 7
29389 21
29393 11
29399 19
29401 11
29407 4
29414 21
29418 3
29424 21
29428 12
29435 9
29437 11
29443 4
29449 12
29456 15
29458 15
29460 9
29462 21
29466 11
29472 4
29480 11
29487 7
29490 18
29491 20
29493 16
29495 1
29504 19
29506 18
29507 10
29510 11
29517 7
29519 19
29521 18
29522 9
29524 4
29530 13
29535 8
29539 20
29541 11
29548 12
29555 20
29557 21
29561 18
29562 14
29569 15
29571 19
29573 1
29582 21
29586 6
29592 12
29599 9
29600 6
29607 11
29614 21
29618 11
29624 21
29628 1
29638 14
29644 16
29646 15
29648 20
29650 15
29652 12
29659 12
29666 7
29669 12
29676 12
29683 21
29687 1
29697 12
29703 10
29706 2
29715 11
29721 17
29723 15
29725 15
29727 7
29729 13
29734 11
29740 11
29747 11
29753 17
29755 12
29762 16
29764 15
29766 3
29772 13
29778 19
29780 12
29787 17
29789 19
29791 14
29797 14
29804 20
29806 17
29808 17
29810 4
29817 11
29823 12
29830 4
29837 12
29844 8
29846 11
29852 16
29854 5
29860 16
29862 1
29871 21
29875 3
29881 8
29883 18
29884 15
29886 11
29892 4
29900 4
29906 14
29912 12
29919 13
29925 12
29932 1
29942 18
29943 20
29945 14
29950 21
29954 17
29956 13
29962 1
29972 3
29979 12
29986 10
29988 8
29991 18
29992 20
29994 13
29999 7
30001 20
30003 13
30009 12
30016 9
30017 5
30024 18
30025 16
30027 5
30033 10
30034 5
30041 6
30048 7
30050 16
30052 10
30053 9
30054 11
30061 2
30072 9
30074 1
30083 4
30089 20
30091 12
30097 21
30101 15
30103 9
30104 14
30110 21
30114 1
30124 12
30130 12
30138 18
30139 14
30146 11
30153 11
30160 3
30166 13
30172 1
30182 19
30184 12
30191 20
30193 17
30195 4
30202 16
30204 8
30208 11
30214 3
30221 7
30223 17
30225 15
30227 9
30228 10
30230 21
30234 12
30242 18
30243 11
30249 5
30256 6
30264 21
30268 14
30273 11
30279 18
30280 18
30281 18
30282 9
30283 18
30284 8
30288 10
30290 11
30296 3
30303 12
30310 15
30312 1
30321 12
30328 2
30338 16
30340 2
30351 3
30357 2
30367 14
30374 20
30376 5
30383 16
30385 21
30389 7
30391 16
30393 6
30400 20
30402 10
30405 17
30407 8
30409 11
30416 4
30423 13
30429 16
30431 11
30437 2
30446 7
30449 1
30458 3
30465 11
30471 11
30477 11
30484 4
30491 10
30492 9
30494 5
30501 1
30510 6
30517 8
30520 18
30521 6
30527 16
30529 6
30537 13
30542 10
30544 18
30545 2
30555 19
30557 6
30564 15
30566 1
30576 1
30586 18
30587 11
30594 12
30600 14
30606 12
30612 12
30618 1
30628 15
30630 18
30631 13
30637 21
30641 21
30645 4
30653 13
30659 11
30666 2
30677 21
30681 18
30682 21
30686 14
30691 7
30693 18
30694 13
30700 19
30702 20
30704 9
30705 18
30706 5
30712 13
30717 12
30725 12
30731 16
30733 15
30735 12
30743 2
30753 11
30760 13
30766 12
30774 13
30780 1
30790 4
30798 12
30805 8
30809 14
30816 15
30818 14
30825 16
30827 13
30832 2
30843 11
30849 6
30855 6
30862 10
30864 10
30865 6
30872 12
30879 21
30883 13
30889 14
30895 1
30905 6
30911 12
30918 5
30925 21
30929 17
30931 15
30933 8
30935 18
30936 13
30942 11
30949 8
30951 12
30958 14
30964 12
30972 19
30974 12
30980 20
30982 18
30983 19
30985 19
30987 21
30991 4
30999 12
31006 11
31012 15
31014 1
31023 11
31030 17
31032 4
31039 15
31041 17
31043 11
31049 21
31053 15
31055 1
31065 18
31066 16
31068 21
31072 4
31079 21
31083 4
31091 12
31098 12
31105 7
31108 17
31110 7
31113 12
31120 13
31126 16
31128 9
31130 12
31137 13
31142 15
31144 4
31150 16
31152 7
31155 17
31157 1
31166 16
31168 5
31174 18
31175 7
31177 6
31185 11
31192 11
31198 15
31200 18
31201 8
31203 19
31205 4
31212 1
31222 15
31224 5
31230 11
31237 4
31244 14
31251 17
31253 15
31255 7
31257 15
31259 12
31265 5
31272 7
31274 21
31278 13
31283 13
31288 11
31294 18
31295 12
31302 17
31304 7
31307 18
31308 2
31317 14
31324 9
31325 2
31334 6
31341 12
31347 11
31353 13
31359 16
31361 20
31363 13
31369 1
31379 16
31381 16
31383 21
31387 1
31396 16
31398 7
31401 12
31408 21
31412 8
31416 11
31423 6
31430 18
31431 11
31437 4
31443 14
31450 18
31451 18
31452 12
31459 20
31461 11
31467 14
31474 11
31480 7
31482 12
31489 13
31494 8
31497 4
31505 11
31512 18
31513 9
31514 18
31515 18
31516 17
31518 7
31520 6
31527 11
31533 15
31535 11
31541 12
31547 12
31555 14
31561 18
31562 12
31570 11
31576 6
31583 18
31584 21
31588 12
31596 9
31597 7
31600 9
31602 4
31610 21
31614 18
31615 2
31626 14
31632 12
31640 18
31641 1
31650 12
31656 13
31661 12
31667 18
31668 3
31674 5
31680 14
31687 18
31688 2
31698 16
31700 12
31707 17
31709 20
31711 20
31713 4
31719 18
31720 8
31723 15
31725 17
31727 19
31729 8
31732 16
31734 11
31740 8
31742 12
31748 17
31750 17
31752 12
31759 12
31767 11
31773 10
31775 8
31777 5
31783 16
31785 2
31794 14
31800 18
31801 19
31803 18
31804 3
31811 9
31812 15
31814 2
31824 7
31826 17
31828 15
31830 13
31835 4
31842 12
31850 12
31856 20
31858 13
31863 1
31873 20
31875 2
31885 14
31890 21
31894 9
31895 12
31903 20
31905 14
31912 1
31921 18
31922 14
31928 9
31929 3
31935 16
31937 21
31941 19
31943 4
31950 7
31952 8
31955 4
31962 17
31964 11
31971 12
31978 16
31980 18
31981 1
31991 17
31993 19
31995 8
31998 14
32005 11
32012 15
32014 18
32015 5
32021 4
32029 6
32036 18
32037 12
32045 21
32049 19
32051 7
32054 5
32060 12
32067 11
32074 18
32075 3
32082 6
32090 2
32100 4
32106 5
32113 14
32119 21
32123 5
32129 8
32132 21
32136 21
32140 14
32145 14
32151 10
32153 7
32156 13
32162 12
32168 13
32173 11
32179 9
32181 20
32183 16
32185 21
32189 19
32191 10
32193 12
32201 3
32207 5
32213 11
32219 8
32222 12
32229 11
32235 13
32240 12
32248 5
32255 4
32261 12
32269 20
32271 17
32273 12
32281 15
32283 6
32290 19
32292 2
32302 19
32304 2
32314 17
32316 12
32322 3
32328 10
32330 5
32337 12
32344 1
32353 4
32360 12
32367 17
32369 20
32371 3
32377 11
32383 21
32387 10
32390 18
32391 21
32395 15
32397 12
32403 5
32410 11
32417 1
32427 11
32434 11
32440 6
32446 15
32448 13
32454 2
32465 11
32471 11
32477 2
32487 11
32494 21
32498 11
32504 2
32514 8
32518 11
32525 10
32527 5
32533 21
32537 12
32544 17
32546 1
32555 18
32556 6
32563 15
32565 18
32566 1
32575 13
32580 1
32589 15
32591 7
32593 9
32595 11
32602 9
32603 21
32607 21
32611 7
32614 11
32620 1
32629 19
32631 5
32638 3
32645 8
32647 12
32655 9
32657 2
32667 5
32674 12
32681 20
32683 11
32689 9
32691 10
32693 17
32695 11
32701 17
32703 5
32710 12
32717 12
32725 18
32726 3
32732 12
32739 19
32741 7
32743 18
32744 9
32746 16
32748 9
32749 19
32751 4
32758 15
32760 6
32767 19
32769 13
32774 7
32777 17
32779 19
32781 20
32783 14
32789 19
32791 12
32799 9
32800 1
32809 18
32810 7
32813 21
32817 12
32824 3
32831 9
32833 4
32839 4
32847 2
32857 11
32864 10
32867 19
32869 2
32880 11
32886 5
32893 9
32894 18
32895 9
32897 10
32900 16
32902 4
32910 11
32916 9
32918 11
32925 15
32927 17
32929 17
32931 12
32939 2
32950 13
32955 8
32959 11
32966 7
32968 17
32970 14
32977 20
32979 1
32988 2
32999 2
33010 18
33011 12
33017 18
33018 12
33026 12
33033 14
33039 16
33041 11
33048 12
33056 4
33064 16
33066 8
33070 8
33073 2
33083 15
33085 9
33087 11
33094 1
33104 12
33110 2
33119 20
33121 7
33124 20
33126 8
33130 4
33136 12
33142 2
33153 4
33161 6
33169 11
33175 14
33181 19
33183 2
33193 8
33196 20
33198 9
33199 20
33201 21
33205 11
33211 1
33220 1
33230 6
33238 12
33245 16
33247 21
33251 17
33253 13
33259 17
33261 12
33267 9
33269 11
33276 14
33282 11
33288 11
33294 20
33296 9
33298 19
33300 21
33304 3
33311 8
33313 10
33315 10
33316 11
33323 18
33324 18
33325 1
33335 3
33341 3
33347 14
33352 15
33354 14
33360 1
33369 17
33371 5
33378 2
33389 4
33397 11
33403 15
33405 11
33411 5
33417 21
33421 20
33423 3
33429 16
33431 13
33437 20
33439 11
33446 12
33452 14
33459 13
33464 13
33469 20
33471 7
33474 6
33481 18
33482 16
33484 11
33490 11
33496 12
33503 3
33510 9
33511 6
33519 21
33523 20
33525 2
33535 12
33542 19
33544 17
33546 18
33547 12
33554 1
33564 19
33566 5
33572 12
33578 19
33580 21
33584 2
33593 4
33600 6
33607 12
33614 1
33623 1
33633 13
33638 12
33645 11
33652 1
33662 6
33669 11
33675 12
33681 11
33688 4
33695 1
33705 20
33707 5
33714 12
33720 18
33721 4
33728 15
33730 4
33736 19
33738 13
33744 16
33746 11
33753 15
33755 13
33761 11
33767 21
33771 18
33772 6
33779 4
33787 11
33793 16
33795 1
33804 12
33811 14
33816 3
33823 11
33829 7
33831 11
33838 11
33844 3
33850 19
33852 4
33859 11
33866 12
33872 17
33874 21
33878 11
33885 17
33887 12
33893 17
33895 17
33897 9
33899 14
33905 6
33911 1
33921 11
33928 16
33930 16
33932 8
33936 11
33943 7
33946 20
33948 5
33955 3
33961 7
33963 14
33970 9
33972 20
33974 12
33982 10
33984 11
33991 21
33995 8
33998 15
34000 12
34007 15
34009 18
34010 17
34012 15
34014 5
34020 6
34028 4
34036 20
34038 21
34042 6
34050 6
34056 16
34058 12
34064 11
34070 3
34076 18
34077 12
34085 18
34086 6
34092 7
34095 2
34106 21
34110 15
34112 19
34114 12
34121 8
34123 11
34129 13
34134 11
34141 3
34147 18
34148 11
34154 4
34161 18
34162 14
34168 5
34174 5
34181 13
34186 9
34187 1
34197 7
34199 18
34200 21
34204 20
34206 8
34210 9
34211 12
34218 10
34220 5
34227 18
34228 13
34233 18
34234 3
34240 21
34244 14
34250 12
34257 18
34258 13
34264 14
34269 3
34276 11
34282 11
34289 2
34299 12
34305 9
34306 7
34308 4
34314 14
34320 2
34329 1
34339 11
34346 9
34348 12
34355 15
34357 21
34361 16
34363 18
34364 4
34371 18
34372 18
34373 17
34375 9
34376 4
34383 4
34390 9
34391 18
34392 20
34394 16
34396 9
34397 11
34404 12
34411 1
34421 8
34424 11
34430 17
34432 9
34433 15
34435 2
34445 4
34453 6
34459 5
34466 20
34468 16
34470 16
34472 11
34478 21
34482 9
34483 18
34484 15
34486 12
34493 4
34501 6
34509 13
34515 4
34522 11
34528 6
34535 11
34542 18
34543 5
34549 21
34553 18
34554 2
34564 12
34571 19
34573 4
34579 17
34581 14
34586 18
34587 3
34593 11
34599 1
34609 11
34615 21
34619 11
34625 1
34634 17
34636 21
34640 14
34646 2
34657 19
34659 11
34666 11
34672 11
34678 19
34680 9
34681 6
34688 3
34695 10
34698 18
34699 9
34701 16
34703 19
34705 16
34707 16
34709 7
34711 16
34713 16
34715 15
34717 10
34720 15
34722 15
34724 17
34726 11
34733 1
34743 18
34744 1
34754 14
34759 11
34765 3
34771 19
34773 10
34775 21
34779 11
34785 3
34791 6
34799 18
34800 5
34807 21
34811 12
34818 7
34820 2
34829 12
34836 11
34843 18
34844 21
34848 11
34854 19
34856 19
34858 17
34860 12
34868 4
34875 11
34882 18
34883 11
34890 20
34892 10
34894 7
34897 3
34903 12
34909 12
34916 17
34918 15
34920 21
34924 7
34927 7
34929 5
34936 13
34942 1
34951 2
34961 19
34963 11
34969 7
34971 12
34977 10
34979 6
34986 15
34988 9
34989 18
34990 10
34992 3
34998 20
35000 6
35008 7
35010 16
35012 14
35017 20
35019 11
35025 1
35035 11
35042 16
35044 8
35048 18
35049 3
35055 12
35062 1
35072 6
35080 16
35082 11
35088 8
35091 20
35093 9
35094 3
35100 15
35102 1
35111 17
35113 1
35123 18
35124 20
35126 11
35132 9
35134 16
35136 5
35143 18
35144 12
35151 21
35155 4
35161 10
35164 17
35166 13
35171 20
35173 2
35183 5
35190 14
35195 11
35202 20
35204 11
35211 11
35217 21
35221 10
35223 11
35230 12
35237 13
35243 18
35244 19
35246 1
35255 11
35261 11
35267 18
35268 2
35279 13
35284 9
35285 10
35287 20
35289 14
35295 15
35297 17
35299 16
35301 7
35303 12
35309 2
35319 19
35321 13
35327 3
35334 18
35335 17
35337 1
35347 12
35354 2
35363 11
35369 15
35371 7
35373 8
35376 18
35377 12
35384 12
35392 18
35393 6
35400 5
35406 8
35408 12
35415 8
35418 9
35420 11
35426 7
35429 11
35436 21
35440 14
35446 6
35452 1
35461 11
35467 5
35473 2
35483 19
35485 19
35487 14
35492 15
35494 12
35501 15
35503 1
35512 21
35516 11
35522 6
35530 1
35539 18
35540 11
35546 10
35548 20
35550 12
35557 9
35558 18
35559 15
35561 9
35562 8
35564 13
35569 6
35576 3
35582 12
35588 17
35590 17
35592 19
35594 3
35601 17
35603 9
35605 11
35611 1
35620 11
35627 19
35629 13
35634 10
35637 13
35643 7
35645 4
35652 20
35654 16
35656 11
35662 17
35664 12
35670 13
35675 6
35683 6
35690 3
35696 11
35703 2
35713 12
35719 11
35725 11
35731 11
35737 11
35743 1
35753 9
35755 5
35761 12
35767 3
35774 11
35781 1
35790 9
35792 2
35801 11
35807 10
35809 7
35811 14
35817 21
35821 17
35823 13
35828 11
35834 12
35840 12
35848 15
35850 7
35852 19
35854 18
35855 13
35860 3
35866 3
35873 8
35876 16
35878 15
35880 11
35886 20
35888 2
35899 11
35905 7
35907 15
35909 3
35916 18
35917 14
35923 5
35929 18
35930 11
35937 20
35939 12
35947 11
35954 15
35956 18
35957 10
35959 6
35966 8
35968 12
35975 16
35977 11
35983 12
35990 1
36000 18
36001 9
36002 2
36012 18
36013 15
36015 1
36025 6
36032 20
36034 1
36043 11
36049 12
36057 18
36058 3
36064 16
36066 11
36072 15
36074 8
36077 11
36084 12
36092 8
36095 12
36103 5
36110 5
36117 15
36119 18
36120 7
36123 1
36133 20
36135 12
36141 8
36143 10
36145 18
36146 15
36148 3
36155 4
36163 11
36169 11
36175 15
36177 20
36179 7
36181 17
36183 10
36185 11
36192 7
36195 11
36201 1
36210 4
36216 11
36223 5
36229 9
36230 16
36232 11
36238 14
36244 12
36251 11
36258 1
36268 9
36270 11
36277 4
36283 10
36285 12
36292 11
36298 20
36300 11
36306 11
36312 5
36319 8
36321 18
36322 5
36329 12
36336 2
36346 6
36352 2
36361 5
36368 13
36373 17
36375 18
36376 20
36378 18
36379 20
36381 13
36386 11
36393 12
36400 17
36402 18
36403 12
36410 9
36411 9
36413 18
36414 3
36421 6
36428 12
36435 4
36441 6
36449 15
36451 11
36457 19
36459 11
36465 18
36466 1
36476 12
36482 15
36484 16
36486 10
36487 16
36489 1
36499 11
36506 11
36513 11
36519 13
36525 12
36532 7
36534 12
36542 14
36548 2
36557 14
36563 7
36566 20
36568 15
36570 12
36578 2
36588 11
36594 16
36596 10
36597 11
36604 11
36610 7
36613 12
36620 5
36627 4
36633 12
36640 9
36642 14
36649 2
36658 18
36659 12
36666 18
36667 11
36674 14
36679 16
36681 16
36683 2
36693 11
36699 18
36700 15
36702 18
36703 11
36710 14
36716 15
36718 20
36720 13
36725 18
36726 5
36733 16
36735 5
36742 9
36743 18
36744 13
36750 11
36757 18
36758 3
36765 11
36772 14
36779 4
36785 18
36786 6
36793 14
36799 11
36806 1
36815 11
36822 5
36829 12
36836 3
36842 11
36848 11
36854 12
36861 11
36868 7
36871 15
36873 12
36879 6
36885 6
36892 15
36894 11
36900 15
36902 7
36905 18
36906 12
36913 12
36919 11
36926 12
36933 3
36940 11
36946 4
36952 16
36954 11
36961 21
36965 5
36971 11
36978 7
36980 20
36982 20
36984 14
36990 1
36999 11
37005 4
37012 2
37022 4
37029 6
37036 3
37042 4
37049 11
37056 7
37058 12
37065 11
37072 15
37074 15
37076 10
37077 6
37084 12
37092 16
37094 15
37096 16
37098 4
37105 21
37109 21
37113 17
37115 14
37120 12
37127 12
37133 16
37135 17
37137 3
37144 9
37145 7
37148 18
37149 12
37156 20
37158 8
37160 16
37162 11
37168 13
37173 17
37175 1
37184 19
37186 18
37187 1
37197 6
37204 18
37205 14
37211 18
37212 11
37219 5
37225 16
37227 3
37234 13
37239 14
37244 15
37246 3
37253 3
37260 2
37271 16
37273 15
37275 11
37282 21
37286 12
37294 21
37298 9
37299 19
37301 4
37308 9
37310 11
37316 18
37317 12
37325 13
37331 7
37333 18
37334 10
37337 2
37347 21
37351 12
37358 18
37359 7
37362 16
37364 3
37370 5
37376 8
37379 11
37386 10
37388 14
37393 21
37397 17
37399 4
37406 11
37413 11
37420 14
37426 3
37432 7
37435 11
37442 2
37453 20
37455 18
37456 9
37457 20
37459 13
37465 4
37472 11
37478 12
37485 13
37490 12
37497 14
37502 17
37504 13
37510 16
37512 10
37514 10
37516 2
37526 15
37528 10
37529 1
37539 4
37546 12
37553 11
37560 7
37563 16
37565 14
37572 17
37574 17
37576 20
37578 18
37579 10
37581 7
37584 14
37591 21
37595 9
37596 9
37598 5
37605 13
37610 1
37619 17
37621 9
37623 20
37625 17
37627 3
37634 12
37640 18
37641 21
37645 9
37646 5
37652 2
37662 1
37672 20
37674 16
37676 8
37679 4
37685 7
37688 5
37695 17
37697 14
37703 6
37711 12
37719 9
37721 4
37728 2
37737 14
37743 6
37750 17
37752 12
37759 12
37766 13
37772 19
37774 18
37775 5
37782 18
37783 13
37788 2
37797 9
37799 16
37801 11
37807 9
37808 5
37814 2
37824 9
37825 16
37827 3
37834 2
37844 12
37852 8
37855 13
37860 12
37867 21
37871 15
37873 14
37879 13
37885 20
37887 17
37889 18
37890 5
37897 18
37898 20
37900 12
37908 5
37914 21
37918 8
37921 1
37930 4
37938 13
37944 16
37946 9
37947 8
37951 2
37960 2
37970 9
37972 16
37974 21
37978 15
37980 12
37987 10
37989 18
37990 11
37997 16
37999 13
38005 18
38006 11
38013 8
38016 13
38021 9
38022 11
38028 3
38034 20
38036 12
38044 12
38051 15
38053 15
38055 6
38062 12
38069 19
38071 3
38078 4
38085 15
38087 4
38094 19
38096 9
38097 12
38104 11
38111 15
38113 11
38120 14
38126 20
38128 9
38130 11
38136 12
38142 8
38146 13
38152 7
38154 9
38155 9
38157 1
38166 2
38175 6
38183 15
38185 4
38191 4
38199 1
38208 17
38210 12
38216 13
38221 21
38225 17
38227 1
38237 12
38243 19
38245 11
38251 19
38253 18
38254 10
38256 7
38259 16
38261 11
38267 12
38274 3
38280 11
38286 13
38292 11
38299 21
38303 15
38305 3
38312 12
38318 1
38328 2
38338 1
38348 19
38350 12
38356 14
38361 20
38363 14
38369 5
38376 17
38378 1
38387 8
38391 12
38398 14
38404 20
38406 11
38413 11
38420 4
38428 11
38435 12
38443 7
38445 12
38452 3
38459 15
38461 9
38462 11
38469 4
38476 17
38478 5
38485 16
38487 20
38489 12
38495 8
38497 6
38505 5
38511 13
38517 20
38519 4
38526 3
38532 11
38539 11
38545 2
38555 11
38562 18
38563 2
38573 15
38575 21
38579 21
38583 1
38593 8
38597 12
38604 13
38610 9
38611 18
38612 15
38614 17
38616 12
38623 7
38626 21
38630 2
38640 8
38643 11
38650 11
38656 12
38664 12
38671 16
38673 6
38680 19
38682 8
38686 5
38692 16
38694 5
38700 1
38709 6
38716 12
38723 3
38730 9
38731 9
38732 5
38738 11
38745 19
38747 7
38750 11
38756 17
38758 19
38760 12
38766 2
38776 2
38787 15
38789 5
38795 19
38797 9
38799 10
38801 12
38808 13
38813 12
38820 11
38827 16
38829 12
38836 6
38842 1
38852 9
38853 5
38859 11
38865 6
38871 11
38877 1
38886 4
38893 11
38900 18
38901 9
38903 13
38908 20
38910 18
38911 18
38912 20
38914 20
38916 5
38923 4
38931 16
38933 16
38935 21
38939 19
38941 2
38950 11
38957 11
38964 12
38972 18
38973 17
38975 15
38977 6
38983 21
38987 10
38990 13
38995 11
39001 14
39007 12
39013 2
39024 18
39025 11
39032 11
39039 2
39048 16
39050 12
39057 9
39059 11
39066 19
39068 3
39075 9
39077 11
39084 11
39091 7
39094 1
39103 16
39105 12
39113 7
39116 9
39117 8
39120 21
39124 19
39126 3
39133 4
39139 16
39141 18
39142 12
39149 4
39155 7
39158 16
39160 12
39167 11
39174 1
39183 16
39185 12
39192 18
39193 16
39195 11
39201 19
39203 13
39209 2
39218 11
39224 8
39227 15
39229 12
39237 20
39239 9
39241 7
39243 10
39244 10
39247 16
39249 15
39251 18
39252 11
39258 11
39265 5
39272 10
39273 7
39275 15
39277 18
39278 6
39286 21
39290 14
39296 9
39298 6
39306 3
39313 15
39315 20
39317 4
39323 20
39325 1
39334 10
39335 15
39337 14
39343 10
39345 1
39354 5
39360 17
39362 11
39369 19
39371 21
39375 12
39382 4
39389 15
39391 10
39392 8
39396 3
39403 12
39410 20
39412 12
39419 13
39424 4
39431 17
39433 2
39443 9
39445 12
39453 10
39455 19
39457 19
39459 11
39466 13
39472 14
39478 17
39480 9
39481 6
39488 20
39490 14
39495 12
39502 3
39508 18
39509 11
39516 12
39523 12
39531 5
39537 11
39544 18
39545 18
39546 10
39548 12
39554 15
39556 5
39563 17
39565 7
39568 19
39570 7
39572 20
39574 14
39580 20
39582 3
39589 19
39591 8
39594 2
39605 12
39612 12
39619 12
39626 7
39629 15
39631 7
39633 2
39643 4
39649 9
39651 17
39653 18
39654 8
39656 11
39663 7
39666 3
39673 12
39680 18
39681 11
39688 14
39693 10
39694 8
39698 1
39708 20
39710 5
39717 19
39719 11
39725 9
39726 12
39732 3
39738 11
39744 7
39746 9
39747 11
39753 16
39755 4
39761 12
39767 11
39774 1
39784 11
39791 13
39797 1
39806 14
39812 2
39822 4
39830 18
39831 11
39837 2
39847 12
39853 17
39855 13
39860 20
39862 18
39863 12
39869 6
39875 6
39883 12
39890 18
39891 11
39898 18
39899 1
39909 6
39916 15
39918 12
39925 20
39927 15
39929 17
39931 2
39940 15
39942 3
39948 11
39955 18
39956 11
39963 1
39972 2
39983 18
39984 8
39987 17
39989 18
39990 15
39992 1
40001 15
40003 8
40006 18
40007 14
40013 11
40019 12
40025 18
40026 3
40033 12
40039 5
40045 15
40047 4
40054 19
40056 17
40058 5
40065 12
40072 11
40078 20
40080 1
40089 13
40094 21
40098 18
40099 9
40101 11
40108 17
40110 17
40112 7
40114 21
40118 12
40124 9
40126 21
40130 18
40131 15
40133 11
40140 8
40142 8
40144 21
40148 17
40150 11
40157 11
40164 14
40170 14
40177 18
40178 14
40185 5
40191 7
40193 3
40200 8
40204 12
40212 6
40219 8
40222 12
40229 18
40230 18
40231 9
40232 8
40236 16
40238 11
40244 21
40248 6
40255 12
40262 11
40269 11
40276 11
40283 3
40289 12
40295 18
40296 20
40298 11
40305 11
40311 3
40318 6
40326 13
40332 5
40338 21
40342 18
40343 7
40346 6
40353 20
40355 11
40361 18
40362 20
40364 11
40371 9
40372 12
40379 9
40380 11
40387 18
40388 20
40390 11
40397 11
40404 10
40405 9
40406 2
40415 15
40417 11
40423 19
40425 1
40434 12
40441 12
40449 17
40451 15
40453 11
40460 9
40461 6
40468 4
40476 17
40478 6
40486 13
40491 7
40493 6
40501 18
40502 1
40511 15
40513 20
40515 17
40517 13
40522 6
40530 3
40537 18
40538 17
40540 13
40545 20
40547 21
40551 16
40553 11
40559 20
40561 18
40562 10
40564 17
40566 10
40567 15
40569 11
40576 15
40578 5
40585 3
40591 4
40598 10
40600 5
40606 17
40608 11
40615 11
40621 6
40629 19
40631 20
40633 8
40636 1
40645 2
40655 7
40657 4
40665 3
40672 16
40674 19
40676 1
40685 21
40689 19
40691 6
40697 5
40703 21
40707 18
40708 11
40714 21
40718 11
40725 21
40729 16
40731 3
40737 10
40739 5
40746 1
40756 7
40758 4
40764 3
40771 16
40773 10
40775 7
40777 9
40778 18
40779 2
40788 9
40789 17
40791 18
40792 11
40798 21
40802 11
40809 5
40816 19
40818 12
40824 18
40825 12
40831 12
40838 4
40845 16
40847 10
40849 9
40851 4
40857 21
40861 7
40864 11
40870 3
40876 8
40879 18
40880 16
40882 6
40889 20
40891 9
40892 21
40896 6
40904 11
40910 5
40916 1
40925 1
40935 16
40937 8
40940 11
40947 11
40953 10
40954 12
40962 11
40969 15
40971 6
40977 10
40979 14
40985 12
40991 20
40993 15
40995 9
40996 12
41004 13
41009 20
41011 8
41015 16
41017 19
41019 1
41029 12
41036 1
41045 3
41052 13
41058 18
41059 21
41063 3
41070 4
41077 11
41083 14
41090 7
41093 15
41095 4
41102 18
41103 6
41111 11
41117 3
41123 19
41125 17
41127 13
41133 2
41144 13
41150 9
41152 20
41154 12
41160 9
41162 9
41163 1
41172 20
41174 7
41177 12
41185 4
41193 2
41202 2
41212 15
41214 18
41215 3
41222 10
41224 21
41228 10
41231 18
41232 12
41239 9
41241 15
41243 15
41245 3
41251 20
41253 12
41260 14
41265 1
41275 1
41284 9
41286 21
41290 15
41292 15
41294 11
41301 3
41307 11
41313 2
41323 1
41332 11
41338 4
41346 12
41352 11
41358 7
41360 18
41361 9
41363 16
41365 18
41366 2
41375 15
41377 11
41383 18
41384 21
41388 16
41390 7
41393 21
41397 2
41407 11
41413 4
41419 15
41421 9
41423 18
41424 18
41425 11
41432 1
41442 1
41451 20
41453 11
41460 4
41467 4
41473 13
41478 11
41484 15
41486 10
41488 18
41489 11
41496 8
41499 4
41506 21
41510 12
41517 13
41523 19
41525 9
41527 12
41534 11
41541 11
41547 14
41554 9
41555 12
41563 11
41570 1
41579 12
41586 21
41590 2
41600 14
41606 7
41609 7
41612 9
41613 5
41620 12
41626 12
41634 20
41636 14
41642 14
41649 7
41651 10
41653 20
41655 15
41657 10
41659 17
41661 11
41667 14
41672 13
41678 16
41680 11
41687 18
41688 18
41689 18
41690 1
41700 14
41705 11
41711 13
41716 13
41722 11
41729 3
41736 4
41743 18
41744 11
41751 5
41757 5
41764 5
41771 3
41777 12
41784 12
41791 18
41792 11
41799 3
41806 2
41815 17
41817 21
41821 15
41823 6
41831 9
41833 8
41835 12
41842 17
41844 21
41848 6
41854 3
41860 18
41861 13
41866 2
41876 14
41882 12
41888 11
41894 8
41898 12
41904 6
41910 17
41912 16
41914 2
41925 11
41931 21
41935 18
41936 9
41938 5
41944 7
41946 7
41949 7
41952 7
41954 7
41957 12
41964 18
41965 9
41967 6
41973 20
41975 11
41982 8
41985 18
41986 10
41989 8
41992 11
41999 20
42001 5
42008 5
42015 1
42025 10
42026 14
42032 20
42034 5
42040 13
42046 18
42047 5
42054 8
42057 12
42065 15
42067 18
42068 18
42069 20
42071 11
42077 14
42083 15
42085 10
42086 3
42092 2
42101 1
42111 12
42119 19
42121 12
42127 12
42134 11
42140 3
42147 6
42154 11
42160 10
42163 17
42165 12
42173 3
42179 4
42185 15
42187 7
42189 11
42195 13
42201 5
42207 8
42210 19
42212 16
42214 14
42221 5
42227 18
42228 14
42234 6
42240 2
42249 4
42257 11
42263 21
42267 16
42269 11
42276 8
42278 10
42281 16
42283 16
42285 11
42291 14
42297 4
42305 4
42313 7
42316 12
42322 6
42329 8
42332 10
42334 9
42336 4
42343 12
42349 12
42355 12
42361 1
42371 8
42374 14
42379 10
42381 14
42386 9
42387 9
42388 21
42392 12
42398 10
42400 9
42402 16
42404 4
42410 14
42416 20
42418 8
42422 17
42424 17
42426 12
42433 12
42440 2
42449 12
42456 11
42462 16
42464 10
42467 12
42474 13
42480 17
42482 18
42483 11
42489 16
42491 18
42492 8
42495 7
42498 18
42499 18
42500 6
42507 10
42508 4
42516 3
42523 21
42527 8
42530 18
42531 21
42535 6
42543 14
42549 5
42556 11
42562 1
42572 11
42579 15
42581 11
42588 21
42592 10
42594 6
42601 11
42607 9
42608 4
42614 20
42616 11
42622 11
42629 7
42632 21
42636 12
42642 19
42644 6
42651 7
42654 11
42660 21
42664 6
42672 18
42673 8
42675 7
42678 16
42680 12
42686 18
42687 3
42693 19
42695 18
42696 7
42699 11
42705 12
42713 12
42720 6
42728 3
42735 1
42744 14
42750 10
42751 13
42756 18
42757 18
42758 15
42760 11
42767 12
42773 8
42776 3
42782 8
42785 12
42793 18
42794 7
42797 15
42799 16
42801 19
42803 5
42809 16
42811 14
42816 17
42818 19
42820 3
42827 5
42833 16
42835 12
42843 9
42844 7
42847 5
42853 10
42854 1
42863 19
42865 5
42871 5
42878 3
42885 12
42892 11
42898 10
42901 16
42903 1
42913 21
42917 2
42928 15
42930 1
42939 18
42940 12
42947 11
42953 18
42954 18
42955 12
42962 19
42964 16
42966 7
42968 12
42974 21
42978 4
42986 13
42991 15
42993 19
42995 13
43001 12
43009 12
43016 9
43018 1
43028 13
43034 11
43040 11
43047 18
43048 7
43051 12
43057 11
43064 11
43070 6
43078 11
43085 11
43092 11
43099 14
43106 19
43108 4
43116 14
43121 2
43131 12
43137 11
43144 2
43154 4
43160 12
43167 12
43174 9
43176 11
43183 20
43185 14
43190 16
43192 12
43200 6
43207 15
43209 21
43213 6
43221 15
43223 7
43225 20
43227 4
43233 10
43235 9
43237 12
43245 18
43246 9
43247 10
43249 5
43256 18
43257 17
43259 12
43267 20
43269 4
43276 18
43277 19
43279 10
43280 4
43288 7
43290 20
43292 16
43294 9
43296 6
43303 8
43306 3
43313 8
43316 13
43321 8
43325 5
43331 20
43333 12
43340 3
43347 7
43349 20
43351 20
43353 12
43360 11
43366 1
43376 15
43378 17
43380 15
43382 16
43384 11
43391 11
43397 11
43403 20
43405 9
43407 16
43409 21
43413 19
43415 7
43417 15
43419 18
43420 5
43426 6
43433 17
43435 21
43439 21
43443 10
43446 12
43453 6
43460 20
43462 7
43465 2
43476 12
43482 1
43492 4
43499 12
43505 15
43507 7
43509 16
43511 1
43521 18
43522 15
43524 11
43531 7
43534 6
43541 16
43543 18
43544 12
43551 14
43558 3
43565 21
43569 12
43576 4
43582 14
43588 19
43590 5
43597 12
43603 14
43609 16
43611 2
43621 12
43629 16
43631 5
43637 2
43646 2
43657 15
43659 8
43662 12
43669 15
43671 11
43678 2
43688 1
43698 19
43700 3
43707 13
43713 18
43714 11
43720 8
43723 11
43729 8
43732 3
43739 6
43746 11
43753 19
43755 6
43761 11
43767 7
43770 5
43777 2
43787 17
43789 2
43799 20
43801 20
43803 12
43811 12
43817 10
43819 14
43826 11
43833 5
43840 11
43847 12
43854 3
43861 4
43869 19
43871 18
43872 9
43873 1
43883 7
43885 16
43887 6
43895 17
43897 9
43898 1
43908 21
43912 10
43914 11
43920 12
43928 4
43934 5
43940 5
43947 19
43949 17
43951 11
43957 15
43959 18
43960 7
43962 21
43966 21
43970 11
43977 11
43983 10
43984 21
43988 12
43996 2
44006 6
44013 11
44019 4
44026 3
44032 12
44039 7
44042 2
44052 2
44063 3
44069 6
44076 14
44082 16
44084 12
44091 15
44093 19
44095 15
44097 11
44103 18
44104 8
44106 16
44108 11
44114 9
44116 11
44123 10
44126 11
44133 12
44141 3
44148 15
44150 16
44152 7
44154 5
44161 15
44163 1
44173 12
44180 17
44182 20
44184 20
44186 2
44196 12
44204 3
44210 6
44217 12
44224 16
44226 13
44231 11
44238 18
44239 8
44242 10
44243 3
44249 17
44251 10
44252 5
44259 20
44261 1
44271 3
44278 2
44287 4
44295 16
44297 11
44303 21
44307 21
44311 11
44317 11
44323 11
44329 13
44335 15
44337 1
44347 10
44348 3
44355 16
44357 15
44359 11
44366 11
44372 20
44374 13
44379 4
44387 20
44389 4
44396 18
44397 5
44404 17
44406 18
44407 12
44414 11
44420 18
44421 11
44428 11
44435 1
44444 18
44445 11
44452 17
44454 11
44461 15
44463 6
44470 18
44471 20
44473 12
44479 2
44488 17
44490 13
44496 7
44499 18
44500 12
44507 2
44518 10
44520 11
44527 8
44531 11
44537 4
44544 11
44550 1
44559 6
44566 13
44571 20
44573 18
44574 12
44581 11
44588 16
44590 2
44600 10
44602 19
44604 18
44605 18
44606 9
44608 12
44614 21
44618 2
44627 19
44629 19
44631 16
44633 2
44642 14
44647 9
44648 10
44650 7
44652 3
44659 17
44661 16
44663 17
44665 3
44672 21
44676 14
44682 12
44689 8
44691 12
44698 3
44704 11
44710 21
44714 16
44716 21
44720 18
44721 21
44725 12
44733 7
44735 21
44739 10
44741 16
44743 17
44745 14
44752 1
44761 11
44768 11
44774 8
44777 1
44786 11
44793 5
44800 11
44807 6
44814 18
44815 6
44823 16
44825 9
44826 6
44833 13
44838 6
44844 8
44846 16
44848 11
44854 18
44855 15
44857 4
44863 13
44868 12
44875 2
44884 13
44890 10
44891 16
44893 18
44894 18
44895 7
44897 15
44899 19
44901 11
44907 6
44915 9
44917 12
44924 2
44933 18
44934 21
44938 19
44940 13
44945 21
44949 18
44950 10
44953 11
44959 17
44961 6
44968 15
44970 7
44973 20
44975 9
44976 2
44986 3
44992 5
44999 9
45000 13
45005 12
45012 11
45019 20
45021 8
45025 16
45027 9
45029 3
45036 15
45038 17
45040 11
45047 7
45050 3
45057 7
45059 8
45063 11
45069 16
45071 19
45073 12
45080 9
45081 3
45088 16
45090 19
45092 11
45098 15
45100 13
45105 16
45107 11
45114 5
45120 15
45122 7
45124 19
45126 14
45132 12
45140 16
45142 14
45147 12
45155 7
45157 20
45159 11
45166 5
45173 3
45179 8
45183 19
45185 9
45186 21
45190 5
45197 12
45203 21
45207 5
45213 4
45221 2
45231 5
45237 4
45245 12
45251 11
45258 4
45264 9
45265 12
45272 17
45274 17
45276 7
45279 14
45284 7
45287 12
45294 12
45301 18
45302 4
45310 12
45317 15
45319 2
45330 12
45337 11
45344 9
45346 11
45352 12
45360 20
45362 18
45363 5
45369 17
45371 16
45373 14
45379 18
45380 13
45386 16
45388 11
45395 17
45397 11
45404 7
45407 5
45413 18
45414 13
45420 18
45421 7
45424 1
45434 11
45440 11
45447 9
45448 13
45453 9
45454 1
45464 12
45472 12
45478 12
45484 11
45491 9
45492 8
45494 18
45495 12
45502 13
45507 12
45515 17
45517 1
45526 5
45532 6
45539 9
45540 11
45546 15
45548 12
45556 18
45557 13
45562 4
45569 21
45573 1
45582 10
45584 9
45586 18
45587 2
45597 11
45604 6
45611 11
45617 20
45619 19
45621 12
45629 11
45636 2
45647 17
45649 21
45653 16
45655 12
45662 17
45664 16
45666 13
45672 6
45678 20
45680 12
45686 3
45692 18
45693 20
45695 11
45702 21
45706 7
45709 18
45710 14
45716 21
45720 13
45725 9
45726 14
45733 4
45741 16
45743 1
45753 8
45757 15
45759 21
45763 12
45771 12
45778 18
45779 11
45786 15
45788 15
45790 7
45793 14
45798 21
45802 19
45804 9
45805 18
45806 20
45808 4
45815 11
45821 11
45827 15
45829 17
45831 12
45839 4
45847 1
45857 20
45859 16
45861 6
45868 16
45870 10
45872 18
45873 7
45876 21
45880 1
45890 14
45895 8
45897 6
45905 9
45906 1
45915 4
45922 6
45928 8
45931 7
45934 16
45936 8
45940 5
45946 15
45948 2
45958 2
45968 3
45974 7
45977 16
45979 15
45981 12
45989 5
45995 9
45996 10
45998 14
46003 12
46011 18
46012 10
46015 21
46019 6
46026 14
46032 1
46041 7
46044 7
46046 6
46053 15
46055 1
46065 10
46067 11
46074 14
46081 13
46086 16
46088 2
46097 12
46104 13
46110 18
46111 18
46112 13
46118 16
46120 20
46122 15
46124 15
46126 19
46128 2
46138 13
46143 3
46149 16
46151 11
46157 13
46163 18
46164 11
46171 5
46177 2
46186 11
46192 13
46197 15
46199 7
46202 15
46204 4
46211 15
46213 12
46220 4
46227 2
46238 6
46245 1
46255 11
46261 1
46270 11
46277 12
46283 11
46290 4
46296 16
46298 21
46302 7
46305 13
46310 7
46312 11
46318 6
46326 15
46328 12
46336 8
46339 11
46345 1
46355 4
46363 7
46365 20
46367 21
46371 6
46378 13
46384 15
46386 18
46387 10
46390 12
46397 16
46399 10
46400 12
46407 15
46409 16
46411 13
46417 3
46424 13
46430 16
46432 17
46434 12
46441 15
46443 15
46445 3
46451 15
46453 14
46459 12
46467 12
46473 10
46475 11
46482 8
46485 11
46492 8
46495 2
46506 6
46512 17
46514 3
46521 21
46525 12
46531 18
46532 11
46539 12
46547 13
46553 9
46554 8
46558 9
46560 16
46562 14
46567 14
46574 12
46581 10
46582 1
46592 13
46597 18
46598 6
46606 19
46608 20
46610 5
46617 11
46623 18
46624 20
46626 11
46633 19
46635 3
46641 13
46647 7
46650 1
46660 3
46667 2
46678 4
46685 8
46687 2
46697 8
46701 11
46708 4
46716 12
46723 9
