10000
1 11
7 6
11 17
13 20
15 16
17 16
19 13
24 21
28 11
32 8
34 13
39 11
46 21
50 20
51 9
53 13
59 6
63 8
67 16
69 17
71 10
72 14
77 2
88 10
91 11
97 10
98 11
103 1
111 8
115 1
125 11
130 16
132 4
140 11
144 18
145 11
150 5
157 18
158 8
160 1
170 13
174 13
179 12
185 20
186 12
190 11
197 16
199 17
201 5
208 11
215 11
221 9
223 10
224 14
228 6
232 3
239 12
247 11
253 16
255 11
262 18
263 18
264 11
270 17
272 2
281 17
283 18
284 16
286 17
288 4
294 12
298 12
304 11
310 18
311 11
318 5
323 20
324 14
330 2
339 9
341 18
342 19
344 18
345 15
347 11
352 5
356 11
361 12
367 14
373 21
377 11
384 11
391 11
397 11
403 1
412 12
418 7
421 12
427 15
429 5
436 1
444 19
446 11
453 5
460 19
461 8
463 7
465 11
472 8
474 16
476 18
477 17
479 5
483 12
491 17
493 11
499 19
501 19
502 19
504 6
512 10
513 10
516 15
518 12
522 11
526 10
529 2
538 18
539 20
540 14
545 4
551 3
556 19
558 20
559 20
560 15
562 12
568 7
570 6
576 6
582 17
584 3
589 18
590 18
591 20
593 12
601 18
602 10
605 10
608 21
612 4
618 11
622 11
626 8
630 7
632 8
634 16
636 18
637 8
641 8
643 10
646 3
652 7
655 12
659 7
661 21
665 11
670 21
674 20
675 19
677 12
681 5
687 1
697 18
698 18
699 2
706 18
707 11
714 9
715 18
716 4
720 1
729 12
737 15
739 12
745 21
749 11
753 16
755 6
763 1
773 3
778 11
785 17
787 16
789 2
796 8
800 6
804 8
808 1
816 21
820 4
824 11
831 21
835 21
839 9
841 8
845 6
849 9
851 21
855 1
864 12
868 9
869 15
871 11
878 16
880 3
884 18
885 11
892 9
893 6
901 18
902 18
903 5
907 11
911 3
916 6
920 20
922 11
928 20
930 11
935 13
941 19
942 19
943 15
945 12
951 4
955 10
956 11
960 4
966 8
970 11
974 8
976 16
978 12
984 15
986 1
993 10
994 14
998 11
1003 5
1008 5
1015 18
1016 18
1017 1
1027 15
1029 11
1033 2
1040 18
1041 14
1046 6
1050 21
1054 20
1055 21
1059 12
1063 10
1066 20
1068 4
1074 20
1075 18
1076 4
1080 15
1082 21
1086 9
1087 16
1089 11
1095 16
1097 11
1101 14
1108 19
1110 12
1116 19
1117 2
1128 20
1129 12
1135 9
1136 11
1143 3
1150 7
1152 6
1158 11
1162 11
1168 9
1170 13
1174 3
1180 12
1184 1
1191 12
1197 9
1199 4
1205 6
1211 15
1213 16
1215 13
1219 15
1221 6
1229 11
1233 12
1239 2
1248 16
1250 10
1253 15
1255 20
1256 14
1261 11
1266 8
1268 11
1273 11
1279 14
1284 11
1291 18
1292 11
1298 16
1300 4
1306 13
1311 16
1313 5
1317 13
1321 15
1323 11
1329 12
1333 21
1337 7
1339 17
1341 10
1342 11
1349 11
1356 19
1357 9
1359 1
1368 11
1373 11
1380 1
1389 18
1390 10
1391 6
1397 2
1404 6
1410 20
1412 10
1413 17
1415 1
1423 18
1424 21
1428 1
1436 19
1437 11
1441 19
1442 11
1446 17
1448 17
1450 6
1454 6
1458 14
1465 3
1469 3
1475 12
1481 21
1485 21
1489 18
1490 4
1496 6
1504 20
1506 1
1515 12
1523 11
1529 6
1535 16
1537 11
1542 16
1544 13
1549 12
1553 20
1554 20
1556 8
1558 8
1560 1
1569 8
1573 11
1580 13
1585 8
1589 11
1593 6
1601 18
1602 10
1605 10
1606 4
1614 11
1619 17
1621 11
1626 11
1633 21
1637 15
1639 13
1645 12
1651 5
1655 9
1656 15
1658 3
1665 18
1666 3
1671 12
1677 6
1683 11
1687 17
1689 11
1695 11
1702 18
1703 6
1711 18
1712 6
1718 18
1719 17
1721 18
1722 13
1728 16
1730 18
1731 4
1739 18
1740 12
1746 1
1753 4
1759 16
1761 19
1763 15
1765 1
1775 3
1779 15
1781 6
1789 15
1791 14
1798 7
1800 12
1806 13
1812 6
1818 21
1822 14
1829 12
1835 12
1841 7
1843 16
1845 3
1852 8
1854 11
1859 21
1863 5
1870 11
1874 5
1879 18
1880 16
1882 15
1884 20
1885 18
1886 18
1887 13
1892 13
1896 11
1903 11
1909 7
1912 17
1914 19
1915 9
1916 2
1927 1
1936 10
1939 12
1943 5
1947 13
1953 12
1959 21
1963 7
1965 19
1966 10
1967 10
1968 20
1969 12
1975 16
1977 12
1983 16
1985 11
1991 18
1992 18
1993 11
1997 7
2000 12
2006 16
2008 18
2009 18
2010 16
2012 21
2016 16
2018 11
2024 13
2029 12
2037 21
2041 11
2048 21
2052 11
2059 2
2068 12
2074 19
2075 16
2077 1
2086 12
2090 12
2098 12
2104 21
2108 1
2115 5
2120 18
2121 7
2123 17
2125 9
2126 12
2132 5
2136 7
2139 13
2144 16
2146 21
2150 18
2151 5
2156 18
2157 13
2161 10
2162 12
2166 13
2172 11
2177 12
2181 21
2185 9
2187 1
2196 9
2197 3
2204 9
2206 14
2213 1
2221 12
2227 7
2230 11
2236 14
2243 18
2244 18
2245 12
2249 18
2250 12
2254 7
2256 12
2262 3
2268 17
2270 12
2274 16
2276 21
2280 13
2284 2
2291 16
2293 1
2302 12
2306 12
2312 1
2319 18
2320 11
2326 8
2330 19
2332 18
2333 12
2339 19
2341 14
2348 12
2354 3
2358 20
2359 16
2361 8
2365 16
2367 20
2368 18
2369 13
2373 19
2375 2
2384 8
2386 6
2392 10
2395 13
2400 14
2407 16
2409 8
2413 12
2421 18
2422 11
2427 17
2429 16
2431 11
2436 19
2437 5
2442 7
2444 9
2446 11
2451 17
2453 11
2460 10
2461 14
2468 6
2476 5
2483 12
2487 4
2493 11
2499 21
2503 5
2509 21
2513 10
2516 15
2518 16
2520 2
2527 1
2536 15
2538 18
2539 11
2544 12
2550 19
2551 15
2553 12
2559 12
2565 11
2569 5
2573 6
2577 2
2586 5
2593 19
2594 15
2596 8
2600 11
2607 18
2608 1
2616 14
2621 14
2626 8
2630 12
2638 11
2645 12
2651 15
2653 7
2655 7
2657 15
2659 11
2664 3
2671 9
2672 11
2676 5
2680 19
2681 2
2688 11
2695 11
2701 17
2703 15
2705 12
2711 5
2717 2
2726 8
2730 8
2734 12
2740 2
2749 1
2756 19
2757 11
2763 11
2767 1
2777 11
2784 11
2789 7
2791 21
2795 13
2800 11
2807 3
2813 2
2820 11
2825 12
2829 15
2831 9
2832 17
2834 19
2836 15
2838 11
2844 7
2846 3
2850 9
2851 12
2857 17
2859 4
2863 1
2872 18
2873 12
2879 19
2881 16
2883 12
2891 11
2896 13
2901 16
2903 11
2910 13
2915 13
2919 5
2926 4
2932 3
2939 21
2943 19
2944 5
2950 11
2955 16
2957 6
2961 12
2967 14
2972 21
2976 21
2980 5
2986 15
2988 8
2990 17
2992 14
2997 11
3003 6
3009 8
3013 19
3014 11
3020 12
3026 1
3036 14
3041 15
3043 6
3049 5
3053 12
3061 11
3067 20
3069 5
3075 16
3077 11
3081 5
3085 11
3092 13
3097 15
3099 8
3103 11
3110 12
3116 18
3117 12
3125 12
3131 1
3140 11
3144 7
3146 17
3148 6
3154 18
3155 14
3159 8
3161 21
3165 7
3168 1
3176 8
3180 5
3187 4
3193 17
3195 18
3196 13
3202 12
3208 8
3210 11
3217 6
3221 8
3223 4
3229 8
3231 4
3239 2
3248 12
3256 18
3257 10
3260 5
3267 14
3273 15
3275 12
3283 12
3291 18
3292 5
3296 18
3297 6
3303 4
3311 15
3313 11
3318 12
3324 16
3326 16
3328 12
3336 21
3340 12
3346 15
3348 15
3350 16
3352 16
3354 14
3359 11
3366 18
3367 15
3369 1
3377 11
3384 9
3386 7
3388 7
3391 11
3398 12
3404 11
3411 5
3415 12
3419 16
3421 12
3427 12
3433 4
3439 9
3441 17
3443 8
3447 12
3455 3
3462 12
3468 5
3475 2
3486 12
3490 18
3491 16
3493 4
3499 13
3503 10
3506 21
3510 11
3516 11
3522 3
3528 21
3532 18
3533 18
3534 6
3542 9
3544 11
3548 16
3550 11
3557 16
3559 14
3564 11
3570 1
3579 16
3581 21
3585 6
3589 4
3597 14
3604 14
3610 17
3612 18
3613 21
3617 13
3622 3
3626 12
3632 1
3640 18
3641 7
3643 12
3647 20
3649 5
3655 19
3656 17
3658 3
3665 15
3667 4
3671 20
3672 18
3673 4
3681 7
3684 18
3685 1
3692 11
3697 12
3703 18
3704 14
3710 12
3714 3
3721 6
3727 18
3728 12
3732 20
3733 16
3735 13
3740 9
3742 14
3747 11
3751 20
3752 21
3756 9
3758 19
3759 18
3760 14
3765 12
3773 14
3780 10
3783 12
3789 21
3793 16
3795 14
3801 1
3811 9
3812 21
3816 9
3817 11
3822 8
3826 16
3828 11
3832 21
3836 16
3838 11
3843 18
3844 19
3845 15
3847 2
3856 8
3860 17
3862 2
3871 16
3873 19
3875 18
3876 16
3878 11
3885 12
3891 8
3895 19
3896 7
3898 7
3901 11
3906 7
3908 21
3912 20
3913 18
3914 13
3918 11
3922 11
3926 12
3930 17
3932 18
3933 4
3939 13
3944 4
3950 2
3959 11
3963 1
3970 6
3976 2
3985 19
3987 7
3990 4
3996 3
4003 1
4013 16
4015 18
4016 8
4018 16
4020 12
4024 8
4026 12
4032 5
4037 20
4038 17
4040 11
4045 19
4046 13
4052 18
4053 11
4057 13
4063 3
4068 9
4070 1
4080 21
4084 19
4086 3
4093 17
4095 16
4097 7
4099 3
4104 11
4111 13
4115 15
4117 5
4121 20
4123 12
4131 12
4135 5
4142 11
4149 18
4150 10
4153 16
4155 20
4156 14
4163 9
4164 21
4168 11
4173 11
4178 12
4184 9
4185 14
4189 20
4191 11
4197 17
4199 2
4208 14
4213 11
4219 17
4221 16
4223 2
4232 12
4238 11
4243 10
4246 18
4247 21
4251 16
4253 20
4254 9
4256 18
4257 15
4259 18
4260 20
4261 4
4267 20
4268 20
4270 4
4278 5
4284 21
4288 12
4294 11
4300 5
4307 8
4311 15
4313 1
4321 2
4330 13
4334 1
4344 12
4350 11
4354 2
4361 6
4365 21
4369 21
4373 10
4374 8
4376 10
4377 1
4387 13
4392 5
4396 3
4401 19
4402 10
4403 21
4407 13
4412 11
4419 18
4420 19
4421 4
4427 3
4432 4
4440 12
4446 21
4450 7
4452 11
4457 20
4458 9
4460 13
4465 11
4470 15
4472 12
4478 8
4480 8
4482 1
4492 15
4494 11
4499 1
4506 11
4511 12
4517 11
4524 12
4528 18
4529 2
4538 2
4545 12
4553 7
4556 5
4563 16
4565 11
4572 14
4578 12
4586 5
4590 6
4596 11
4603 5
4607 11
4611 8
4613 15
4615 6
4619 10
4620 5
4625 12
4633 11
4637 17
4639 5
4644 9
4646 16
4648 3
4654 13
4659 12
4663 12
4669 9
4670 17
4672 6
4676 16
4678 18
4679 17
4681 14
4687 12
4695 3
4702 11
4707 15
4709 3
4716 18
4717 11
4724 10
4727 11
4733 21
4737 12
4743 16
4745 13
4750 13
4756 20
4758 11
4765 12
4771 11
4775 12
4781 18
4782 11
4786 6
4794 19
4795 12
4801 1
4809 18
4810 12
4816 16
4818 11
4825 12
4829 14
4833 6
4839 4
4847 10
4848 10
4849 19
4851 5
4856 5
4863 21
4867 7
4869 2
4876 2
4885 13
4890 19
4891 8
4893 21
4897 15
4899 9
4901 11
4908 19
4909 18
4910 9
4911 7
4914 18
4915 11
4919 11
4925 12
4933 19
4935 14
4941 4
4947 11
4953 18
4954 3
4960 7
4962 11
4969 21
4973 5
4980 16
4982 15
4984 12
4990 9
4991 8
4993 2
5002 18
5003 1
5013 17
5015 6
5023 19
5024 12
5030 11
5035 15
5037 3
5044 3
5048 12
5054 11
5059 17
5061 11
5065 7
5068 18
5069 5
5074 10
5075 17
5077 7
5080 5
5084 13
5090 16
5092 12
5100 19
5101 6
5109 1
5119 15
5121 18
5122 12
5126 13
5132 18
5133 21
5137 13
5141 8
5145 11
5149 14
5155 13
5161 8
5163 18
5164 12
5170 11
5177 18
5178 12
5182 5
5186 12
5194 6
5200 2
5209 5
5215 6
5221 16
5223 16
5225 20
5226 15
5228 11
5235 12
5241 17
5243 17
5245 11
5252 14
5258 17
5260 12
5264 19
5266 14
5271 15
5273 18
5274 11
5281 7
5284 1
5291 3
5295 15
5297 7
5300 2
5307 11
5314 5
5319 20
5320 4
5328 16
5330 19
5332 12
5338 9
5339 18
5340 5
5345 21
5349 18
5350 12
5358 5
5362 18
5363 18
5364 13
5370 8
5374 20
5375 21
5379 11
5385 9
5386 6
5392 10
5393 18
5394 14
5401 18
5402 15
5404 4
5410 18
5411 5
5417 16
5419 17
5421 12
5425 12
5433 21
5437 17
5439 18
5440 3
5444 6
5452 9
5453 5
5460 11
5465 8
5467 12
5471 11
5478 6
5486 18
5487 11
5491 5
5498 18
5499 11
5504 7
5506 15
5508 8
5512 11
5517 5
5522 3
5528 17
5530 12
5536 10
5537 17
5539 20
5540 11
5546 11
5553 2
5564 18
5565 12
5571 1
5580 16
5582 16
5584 19
5585 11
5592 4
5598 18
5599 13
5604 11
5608 13
5614 19
5615 11
5621 1
5630 21
5634 8
5638 12
5644 7
5646 7
5648 20
5650 12
5654 10
5657 17
5659 17
5661 15
5663 18
5664 11
5670 1
5679 6
5687 11
5694 8
5698 18
5699 11
5706 2
5713 8
5717 19
5719 6
5727 10
5730 19
5732 17
5734 1
5744 19
5745 19
5747 10
5750 18
5751 6
5757 16
5759 21
5763 1
5773 11
5778 5
5784 12
5790 18
5791 10
5792 13
5798 11
5805 3
5812 7
5815 6
5819 18
5820 1
5827 14
5831 18
5832 3
5837 18
5838 17
5840 11
5845 19
5847 1
5857 20
5858 5
5862 9
5863 3
5869 14
5873 17
5875 18
5876 13
5881 11
5887 3
5893 11
5900 2
5911 4
5919 5
5923 9
5925 13
5930 1
5938 16
5940 13
5946 15
5948 11
5953 13
5958 13
5963 7
5965 11
5970 14
5975 6
5981 18
5982 20
5983 5
5989 9
5990 15
5992 11
5996 14
6000 14
6007 7
6009 6
6015 12
6021 12
6027 15
6029 17
6031 18
6032 3
6039 15
6041 3
6045 16
6047 6
6051 14
6055 3
6060 12
6068 15
6070 16
6072 4
6078 1
6088 9
6089 6
6097 18
6098 21
6102 14
6108 10
6109 14
6114 1
6121 18
6122 11
6129 17
6131 18
6132 15
6134 13
6139 14
6146 14
6151 18
6152 11
6156 12
6162 6
6168 15
6170 20
6171 16
6173 11
6179 15
6181 5
6187 1
6196 1
6204 19
6205 16
6207 17
6209 1
6217 21
6221 2
6230 13
6235 18
6236 11
6242 11
6248 4
6252 9
6253 13
6258 2
6267 15
6269 10
6270 16
6272 3
6279 6
6285 9
6286 21
6290 15
6292 8
6294 9
6296 7
6299 12
6305 5
6312 12
6318 4
6324 6
6330 1
6340 12
6346 7
6349 11
6354 4
6358 4
6364 12
6370 12
6374 11
6378 20
6380 14
6384 16
6386 21
6390 4
6396 11
6401 18
6402 6
6406 7
6408 21
6412 10
6413 9
6414 3
6419 11
6423 16
6425 11
6432 19
6434 20
6436 11
6443 12
6451 9
6453 18
6454 15
6456 11
6460 18
6461 15
6463 5
6468 18
6469 11
6475 17
6477 14
6484 17
6486 17
6488 9
6489 11
6496 9
6497 18
6498 18
6499 11
6505 3
6509 12
6513 18
6514 10
6517 10
6518 14
6523 14
6530 5
6536 1
6545 11
6552 1
6560 20
6561 4
6565 3
6572 11
6578 2
6589 11
6595 11
6601 10
6602 7
6604 2
6613 16
6615 4
6623 16
6625 9
6627 20
6628 2
6639 11
6643 2
6652 12
6656 15
6658 16
6660 16
6662 4
6670 4
6678 5
6685 6
6689 7
6692 10
6695 18
6696 18
6697 11
6704 16
6706 18
6707 12
6713 11
6717 7
6719 15
6721 1
6729 10
6730 18
6731 12
6739 16
6741 11
6745 3
6749 11
6753 19
6755 11
6762 16
6764 17
6766 6
6772 1
6782 21
6786 13
6790 15
6792 16
6794 16
6796 11
6801 10
6804 15
6806 18
6807 21
6811 1
6819 8
6821 16
6823 21
6827 12
6831 12
6839 9
6840 21
6844 7
6847 14
6853 3
6860 13
6865 7
6867 12
6873 9
6875 11
6879 9
6881 21
6885 3
6889 9
6890 18
6891 12
6897 6
6905 8
6907 11
6912 15
6914 2
6923 11
6930 6
6936 18
6937 12
6943 11
6947 1
6954 4
6960 11
6967 6
6975 5
6979 1
6989 18
6990 14
6994 10
6995 8
6999 11
7003 13
7009 6
7015 4
7021 12
7025 7
7027 18
7028 5
7033 9
7034 4
7042 3
7047 16
7049 4
7055 18
7056 21
7060 11
7067 15
7069 21
7073 6
7079 11
7083 21
7087 15
7089 4
7095 11
7099 17
7101 11
7108 20
7109 4
7117 8
7119 13
7123 21
7127 12
7135 17
7137 6
7141 11
7145 17
7147 20
7149 17
7151 10
7154 1
7163 5
7167 11
7172 18
7173 12
7181 15
7183 9
7185 12
7191 7
7194 16
7196 11
7202 12
7208 1
7216 12
7220 14
7224 1
7232 10
7233 14
7239 21
7243 7
7245 16
7247 15
7249 2
7260 16
7262 5
7267 17
7269 9
7271 10
7274 18
7275 12
7283 8
7285 11
7290 17
7292 12
7298 5
7304 19
7306 9
7307 15
7309 20
7310 11
7315 13
7320 7
7322 16
7324 1
7333 20
7335 2
7344 4
7348 11
7355 18
7356 9
7358 6
7362 11
7368 19
7370 5
7377 3
7382 18
7383 13
7389 3
7393 11
7397 4
7401 9
7403 8
7407 14
7411 15
7413 11
7418 19
7420 11
7426 21
7430 11
7435 2
7444 10
7445 9
7446 6
7452 10
7453 13
7458 3
7465 14
7472 11
7479 7
7482 11
7489 18
7490 3
7496 17
7498 2
7509 12
7515 16
7517 20
7518 19
7519 11
7523 12
7529 12
7535 8
7537 10
7540 18
7541 8
7545 16
7547 5
7554 4
7558 11
7563 19
7564 2
7575 11
7580 20
7582 3
7587 3
7591 3
7598 11
7605 20
7606 12
7610 15
7612 20
7614 12
7620 15
7622 1
7629 2
7640 18
7641 9
7642 19
7643 11
7649 7
7652 19
7654 4
7658 8
7662 11
7667 9
7669 1
7677 7
7680 6
7686 20
7688 13
7692 2
7701 11
7706 20
7707 19
7708 18
7709 15
7711 11
7717 11
7723 14
7728 6
7736 7
7738 7
7740 2
7749 12
7755 12
7763 9
7764 21
7768 10
7769 6
7775 7
7777 18
7778 12
7784 14
7791 12
7795 8
7797 7
7799 1
7807 2
7814 7
7816 8
7820 11
7825 12
7833 21
7837 18
7838 14
7844 18
7845 20
7847 21
7851 3
7855 1
7862 3
7867 10
7870 5
7876 11
7883 20
7884 13
7888 18
7889 4
7895 14
7900 21
7904 11
7910 11
7916 2
7927 4
7933 9
7934 11
7940 11
7946 9
7947 3
7951 18
7952 11
7957 16
7959 9
7960 20
7962 7
7964 15
7966 13
7971 21
7975 3
7981 20
7982 7
7984 15
7986 18
7987 18
7988 6
7996 9
7997 6
8005 9
8006 11
8012 12
8018 20
8020 9
8021 16
8023 20
8024 11
8031 13
8035 18
8036 17
8038 5
8043 11
8049 12
8053 12
8059 14
8064 21
8068 19
8069 11
8073 13
8078 7
8080 17
8082 4
8088 11
8093 3
8098 2
8105 5
8112 8
8114 17
8116 1
8123 11
8129 18
8130 18
8131 8
8133 12
8139 12
8143 7
8146 13
8151 18
8152 20
8154 21
8158 3
8162 15
8164 12
8170 16
8172 10
8175 15
8177 18
8178 13
8183 12
8189 15
8191 1
8199 4
8205 21
8209 12
8217 14
8223 6
8229 19
8230 3
8235 5
8240 12
8248 15
8250 12
8256 3
8260 20
8261 13
8267 15
8269 9
8271 18
8272 13
8276 6
8284 4
8290 2
8297 10
8298 10
8299 18
8300 20
8302 4
8310 15
8312 12
8316 6
8324 1
8332 12
8338 5
8344 10
8345 7
8347 10
8350 1
8359 12
8363 11
8370 11
8375 1
8385 11
8389 11
8396 18
8397 20
8398 5
8403 12
8411 18
8412 11
8418 18
8419 20
8421 1
8429 8
8433 16
8435 16
8437 19
8439 11
8445 1
8455 17
8457 8
8459 3
8465 1
8473 11
8478 5
8484 5
8489 12
8495 14
8500 9
8502 13
8507 12
8511 17
8513 15
8515 18
8516 9
8517 13
8522 13
8527 11
8534 5
8539 4
8545 1
8554 4
8558 12
8562 19
8563 20
8564 4
8570 19
8571 11
8577 20
8579 2
8588 2
8597 11
8601 1
8611 1
8620 6
8628 2
8635 11
8641 5
8646 1
8654 13
8658 7
8660 13
8665 8
8669 1
8677 11
8682 1
8689 6
8695 13
8700 21
8704 4
8710 17
8712 15
8714 3
8721 15
8723 5
8729 1
8737 1
8745 20
8746 11
8752 6
8760 11
8766 17
8768 11
8772 15
8774 1
8783 20
8784 17
8786 7
8788 11
8792 8
8794 16
8796 19
8797 8
8799 5
8805 14
8809 12
8817 16
8819 4
8825 16
8827 5
8832 12
8838 8
8842 21
8846 21
8850 10
8853 9
8855 15
8857 11
8862 16
8864 11
8868 15
8870 17
8872 12
8878 1
8888 5
8895 17
8897 6
8905 13
8910 14
8915 6
8919 16
8921 6
8927 9
8928 12
8936 19
8937 3
8942 19
8943 3
8950 20
8951 16
8953 7
8955 20
8957 7
8959 12
8963 5
8970 18
8971 10
8972 8
8976 9
8978 5
8984 17
8986 7
8989 3
8994 17
8996 6
9002 15
9004 12
9010 15
9012 14
9017 6
9023 15
9025 5
9030 5
9034 12
9040 13
9044 20
9046 12
9050 11
9057 14
9064 5
9069 7
9072 21
9076 4
9084 8
9088 18
9089 11
9095 10
9098 17
9100 8
9102 3
9106 15
9108 2
9117 3
9123 7
9126 3
9130 21
9134 16
9136 11
9142 6
9148 16
9150 19
9152 10
9153 11
9159 12
9165 3
9170 4
9176 21
9180 12
9186 8
9188 17
9190 15
9192 4
9200 9
9202 17
9204 6
9208 9
9210 11
9217 11
9223 5
9230 17
9232 10
9235 19
9237 6
9243 18
9244 3
9249 12
9255 3
9260 8
9264 19
9265 16
9267 19
9269 18
9270 15
9272 10
9275 6
9283 2
9294 6
9300 15
9302 12
9308 18
9309 1
9317 18
9318 11
9324 12
9330 5
9336 16
9338 14
9344 8
9346 6
9354 6
9360 6
9366 10
9367 4
9371 1
9381 11
9388 12
9396 11
9402 5
9406 13
9412 21
9416 5
9420 16
9422 11
9427 3
9434 18
9435 15
9437 11
9442 17
9444 11
9450 8
9454 16
9456 18
9457 18
9458 18
9459 16
9461 17
9463 14
9470 10
9471 16
9473 2
9482 8
9484 3
9491 3
9495 18
9496 19
9497 8
9499 13
9504 12
9512 16
9514 1
9523 15
9525 5
9531 11
9536 17
9538 14
9545 4
9551 10
9554 1
9563 10
9566 9
9567 12
9573 3
9579 4
9583 14
9588 12
9594 20
9596 9
9597 12
9603 14
9608 17
9610 13
9616 2
9625 1
9634 12
9638 19
9639 11
9643 18
9644 18
9645 4
9649 12
9655 2
9664 16
9666 16
9668 19
9669 11
9675 6
9681 11
9686 8
9688 3
9693 21
9697 21
9701 21
9705 13
9709 18
9710 21
9714 11
9720 12
9728 13
9734 2
9743 13
9748 12
9754 2
9763 20
9764 12
9770 15
9772 13
9778 18
9779 8
9783 1
9793 15
9795 11
9800 21
9804 2
9813 3
9817 19
9819 11
9823 17
9825 13
9831 20
9833 16
9835 11
9841 7
9844 13
9849 13
9854 1
9862 20
9863 15
9865 5
9872 12
9876 18
9877 11
9882 21
9886 12
9892 16
9894 3
9899 16
9901 4
9907 5
9911 1
9918 8
9920 17
9922 13
9928 19
9929 11
9936 9
9938 1
9947 2
9958 12
9962 11
9969 12
9975 2
9984 1
9992 16
9994 12
10000 18
10001 16
10003 11
10010 3
10015 20
10016 18
10017 7
10019 20
10021 6
10027 4
10031 20
10032 10
10033 15
10035 18
10036 4
10042 9
10044 15
10046 11
10051 12
10059 15
10061 19
10063 17
10065 1
10073 14
10080 12
10088 5
10092 11
10097 12
10101 19
10102 13
10106 7
10108 19
10109 12
10115 11
10120 15
10122 2
10131 5
10136 10
10137 19
10138 3
10145 16
10147 16
10149 1
10157 21
10161 12
10167 7
10169 11
10176 17
10178 18
10179 11
10184 2
10193 11
10200 2
10211 21
10215 12
10221 1
10231 15
10233 2
10242 12
10246 16
10248 20
10250 4
10256 16
10258 18
10259 2
10268 9
10269 13
10274 13
10279 2
10288 13
10292 21
10296 7
10298 2
10307 12
10315 7
10317 9
10318 1
10325 17
10327 18
10328 5
10335 5
10342 5
10348 11
10353 7
10355 19
10356 6
10362 12
10370 20
10372 11
10378 8
10380 18
10381 11
10387 16
10389 18
10390 4
10394 21
10398 21
10402 16
10404 17
10406 4
10410 21
10414 18
10415 18
10416 19
10417 16
10419 1
10426 15
10428 4
10434 19
10436 10
10437 18
10438 4
10444 9
10446 12
10450 11
10456 11
10462 14
10467 12
10473 21
10477 6
10481 18
10482 18
10483 16
10485 7
10488 18
10489 12
10495 2
10506 13
10512 14
10518 1
10526 16
10528 11
10534 14
10538 19
10540 7
10543 14
10548 21
10552 18
10553 14
10558 17
10560 2
10567 4
10575 10
10576 21
10580 5
10585 9
10586 12
10590 12
10598 18
10599 5
10605 1
10612 9
10614 19
10616 10
10617 2
10624 9
10625 18
10626 12
10634 10
10635 10
10636 6
10642 16
10644 6
10652 1
10661 18
10662 12
10668 8
10670 5
10676 15
10678 4
10686 13
10691 3
10698 18
10699 12
10705 5
10711 18
10712 12
10718 20
10720 15
10722 13
10727 19
10728 1
10738 6
10746 18
10747 12
10751 7
10753 12
10759 20
10761 9
10762 19
10764 12
10772 12
10778 18
10779 5
10783 12
10789 3
10794 18
10795 18
10796 21
10800 12
10804 14
10810 21
10814 12
10820 4
10826 3
10831 2
10842 2
10851 21
10855 20
10856 13
10861 20
10863 2
10870 4
10876 2
10883 5
10889 12
10897 15
10899 8
10901 11
10907 8
10909 6
10915 12
10921 3
10926 4
10930 9
10931 7
10934 10
10937 14
10943 16
10945 12
10951 11
10958 4
10964 19
10965 11
10971 11
10975 7
10978 11
10985 21
10989 17
10991 12
10999 1
11007 20
11009 19
11011 12
11017 11
11024 17
11026 12
11032 18
11033 3
11038 5
11044 1
11052 11
11057 15
11059 18
11060 6
11068 18
11069 3
11073 4
11079 12
11087 3
11094 4
11100 15
11102 18
11103 20
11104 14
11108 20
11110 13
11115 8
11117 2
11124 15
11126 20
11128 7
11130 6
11134 12
11138 5
11142 2
11153 12
11159 16
11161 12
11169 13
11174 14
11179 11
11184 12
11192 18
11193 7
11195 18
11196 1
11204 4
11210 5
11214 2
11223 11
11230 6
11236 20
11237 6
11243 19
11245 12
11251 18
11252 2
11263 6
11267 3
11274 13
11279 13
11285 18
11286 3
11290 12
11296 18
11297 18
11298 12
11304 16
11306 17
11308 9
11309 7
11312 11
11318 12
11326 11
11333 15
11335 4
11341 3
11348 13
11354 11
11358 1
11368 12
11374 18
11375 10
11376 1
11383 14
11390 14
11395 12
11401 12
11405 18
11406 20
11407 15
11409 10
11412 11
11418 17
11420 17
11422 7
11424 11
11429 17
11431 5
11436 4
11442 12
11448 17
11450 8
11452 11
11457 11
11463 17
11465 4
11471 10
11474 1
11482 16
11484 14
11489 1
11498 7
11501 20
11502 19
11504 4
11510 11
11515 12
11523 18
11524 14
11528 16
11530 20
11531 10
11534 1
11541 17
11543 5
11550 8
11552 12
11558 10
11559 18
11560 11
11567 12
11571 12
11577 11
11584 11
11589 15
11591 9
11593 3
11600 11
11607 8
11611 6
11617 15
11619 11
11625 4
11633 12
11639 5
11646 4
11654 14
11660 11
11666 17
11668 21
11672 12
11678 15
11680 7
11683 5
11687 15
11689 12
11693 14
11698 9
11700 2
11707 19
11709 2
11716 3
11720 12
11726 8
11728 9
11730 2
11737 17
11739 12
11745 19
11747 7
11749 20
11751 17
11753 19
11754 12
11762 13
11767 15
11769 7
11772 18
11773 19
11774 8
11778 8
11782 4
11786 20
11788 1
11797 8
11799 1
11809 8
11811 8
11815 19
11816 5
11823 1
11830 17
11832 10
11833 8
11835 12
11839 3
11843 11
11848 20
11849 15
11851 12
11855 16
11857 1
11867 17
11869 11
11874 18
11875 12
11883 19
11885 12
11891 19
11893 7
11895 17
11897 11
11902 2
11911 5
11915 1
11922 21
11926 1
11936 8
11938 15
11940 1
11950 2
11959 9
11960 19
11962 5
11967 12
11973 8
11975 19
11977 18
11978 12
11982 10
11983 2
11994 14
12001 12
12007 11
12011 12
12015 12
12021 5
12025 15
12027 12
12035 6
12041 8
12043 1
12052 13
12057 18
12058 1
12065 11
12071 11
12075 18
12076 14
12083 11
12090 17
12092 10
12095 17
12097 17
12099 18
12100 20
12102 5
12106 14
12111 2
12120 7
12123 11
12130 13
12135 5
12140 13
12145 4
12153 7
12155 4
12163 11
12170 2
12179 3
12185 1
12193 1
12201 11
12207 16
12209 7
12212 12
12216 1
12223 4
12231 9
12233 17
12235 17
12237 3
12241 3
12246 12
12252 16
12254 20
12256 7
12259 11
12266 7
12269 16
12271 19
12273 9
12274 11
12281 4
12287 12
12295 18
12296 4
12304 8
12306 14
12311 15
12313 17
12315 18
12316 3
12323 10
12324 4
12330 12
12338 12
12344 18
12345 11
12350 2
12359 11
12366 11
12373 4
12381 8
12385 9
12387 4
12393 11
12398 10
12401 4
12407 19
12408 12
12414 11
12420 18
12421 11
12427 10
12428 7
12431 11
12436 16
12438 11
12442 12
12450 1
12457 11
12463 7
12466 18
12467 10
12470 16
12472 11
12479 18
12480 5
12486 15
12488 12
12494 11
12498 12
12502 12
12510 7
12512 19
12513 14
12518 7
12521 12
12525 12
12529 11
12533 10
12534 13
12539 14
12545 19
12546 11
12552 5
12557 1
12567 15
12569 7
12571 21
12575 6
12579 5
12585 13
12590 16
12592 7
12595 6
12603 2
12612 12
12616 21
12620 21
12624 12
12632 7
12635 19
12637 12
12641 8
12643 9
12644 10
12645 10
12648 11
12654 20
12656 5
12661 18
12662 12
12668 6
12676 8
12680 18
12681 14
12685 1
12695 12
12703 20
12705 18
12706 9
12707 17
12709 12
12713 1
12720 20
12721 16
12723 15
12725 12
12731 5
12735 15
12737 11
12741 5
12745 20
12747 11
12751 2
12760 1
12769 20
12770 1
12780 21
12784 10
12787 1
12796 1
12806 9
12808 12
12814 1
12824 14
12830 14
12834 16
12836 18
12837 15
12839 14
12843 14
12847 11
12851 12
12857 3
12863 11
12869 18
12870 18
12871 16
12873 12
12879 18
12880 2
12889 6
12897 16
12899 9
12901 2
12910 17
12912 9
12914 12
12922 13
12927 15
12929 2
12938 17
12940 13
12944 14
12951 11
12957 15
12959 12
12965 11
12970 12
12974 14
12979 8
12981 12
12989 12
12997 1
13004 19
13006 10
13009 11
13016 11
13020 18
13021 15
13023 12
13027 11
13033 6
13039 11
13044 2
13053 11
13058 11
13063 6
13067 15
13069 15
13071 6
13075 12
13081 18
13082 13
13088 5
13093 6
13099 5
13103 8
13107 18
13108 18
13109 11
13113 13
13118 9
13120 1
13129 13
13134 9
13136 14
13141 16
13143 17
13145 9
13146 5
13152 17
13154 1
13164 7
13167 12
13171 5
13178 17
13180 12
13184 11
13190 9
13191 17
13193 16
13195 5
13199 19
13200 17
13202 5
13206 1
13213 13
13218 11
13222 1
13229 15
13231 18
13232 12
13238 18
13239 19
13240 11
13247 18
13248 17
13250 5
13257 16
13259 21
13263 11
13270 12
13276 4
13282 12
13286 12
13290 1
13299 19
13300 8
13304 14
13311 18
13312 14
13317 12
13325 5
13331 6
13335 20
13336 16
13338 14
13345 17
13347 11
13354 7
13357 4
13363 18
13364 12
13370 15
13372 2
13379 21
13383 14
13390 2
13397 13
13402 7
13405 11
13412 11
13416 19
13417 5
13424 7
13427 12
13431 9
13433 9
13434 1
13443 20
13445 14
13450 18
13451 6
13457 16
13459 14
13464 20
13465 18
13466 16
13468 21
13472 3
13479 12
13487 4
13493 9
13495 13
13501 14
13507 2
13516 11
13520 18
13521 18
13522 14
13529 11
13536 4
13542 4
13548 16
13550 5
13557 2
13566 7
13568 2
13575 11
13581 12
13589 12
13593 15
13595 16
13597 18
13598 12
13602 4
13608 16
13610 9
13612 12
13616 1
13625 21
13629 6
13635 16
13637 13
13642 3
13649 18
13650 9
13651 4
13657 15
13659 5
13666 8
13670 4
13674 4
13680 2
13689 18
13690 2
13699 12
13705 11
13711 20
13712 12
13716 6
13722 7
13725 18
13726 13
13732 13
13738 8
13742 2
13751 6
13757 1
13766 20
13768 16
13770 19
13772 12
13778 6
13784 8
13786 13
13790 2
13799 7
13801 19
13802 17
13804 16
13806 11
13812 10
13813 4
13821 11
13825 9
13827 10
13830 11
13834 7
13836 11
13840 11
13844 15
13846 21
13850 5
13857 4
13863 20
13865 2
13874 13
13878 13
13884 12
13888 1
13898 8
13902 7
13904 19
13906 20
13907 11
13911 6
13917 16
13919 1
13927 6
13931 5
13937 19
13939 11
13944 12
13950 17
13952 18
13953 12
13957 1
13965 1
13972 18
13973 4
13979 7
13982 21
13986 12
13992 19
13994 13
14000 11
14004 21
14008 18
14009 12
14015 16
14017 1
14027 18
14028 14
14033 6
14039 12
14045 2
14052 16
14054 2
14065 17
14067 4
14071 4
14075 10
14076 3
14081 9
14083 18
14084 11
14091 18
14092 9
14093 2
14100 18
14101 11
14106 18
14107 4
14115 10
14118 12
14124 12
14128 8
14130 16
14132 18
14133 15
14135 1
14145 14
14151 12
14157 20
14159 18
14160 20
14161 12
14169 11
14175 15
14177 12
14183 14
14189 20
14190 6
14196 16
14198 20
14199 5
14206 16
14208 6
14216 2
14225 16
14227 13
14233 15
14235 7
14237 11
14244 21
14248 21
14252 1
14259 17
14261 19
14262 12
14268 18
14269 21
14273 13
14278 4
14284 8
14286 14
14293 12
14297 2
14306 6
14314 7
14316 8
14318 11
14325 5
14331 13
14335 4
14341 7
14344 20
14345 8
14347 8
14351 11
14356 15
14358 10
14359 3
14363 3
14370 21
14374 14
14379 20
14381 1
14391 10
14394 17
14396 14
14401 21
14405 2
14414 10
14415 16
14417 11
14422 8
14424 1
14434 14
14441 8
14445 5
14451 18
14452 21
14456 2
14465 20
14466 14
14471 12
14477 2
14486 11
14493 16
14495 18
14496 12
14502 6
14506 9
14507 19
14508 12
14512 18
14513 2
14520 11
14526 20
14528 3
14534 8
14538 6
14544 18
14545 20
14546 6
14552 14
14559 8
14563 18
14564 18
14565 18
14566 7
14568 21
14572 17
14574 19
14576 11
14581 11
14588 18
14589 11
14594 21
14598 18
14599 12
14607 12
14613 15
14615 21
14619 16
14621 12
14627 20
14628 9
14630 11
14636 12
14642 11
14646 18
14647 21
14651 4
14659 7
14662 12
14668 19
14670 3
14674 18
14675 12
14681 7
14683 17
14685 15
14687 11
14691 17
14693 8
14697 9
14698 3
14705 11
14709 10
14712 14
14718 6
14724 17
14726 18
14727 18
14728 2
14737 20
14739 9
14741 6
14747 3
14751 7
14754 20
14756 6
14762 7
14764 18
14765 21
14769 13
14774 18
14775 5
14780 11
14786 12
14794 8
14798 9
14799 20
14801 14
14806 9
14808 20
14809 13
14813 17
14815 14
14821 12
14827 10
14828 11
14834 19
14836 8
14838 8
14840 5
14846 12
14852 9
14853 7
14856 15
14858 11
14865 12
14871 21
14875 15
14877 18
14878 8
14882 15
14884 12
14892 18
14893 19
14895 11
14901 13
14907 11
14913 20
14915 12
14923 12
14929 16
14931 6
14939 12
14947 14
14954 1
14961 14
14968 15
14970 2
14977 12
14983 12
14991 14
14995 18
14996 16
14998 6
15006 12
15010 19
15012 13
15018 6
15026 18
15027 15
15029 7
15031 18
15032 21
15036 9
15037 14
15042 6
15048 3
15052 1
15061 14
15068 6
15072 21
15076 13
15081 2
15092 11
15099 5
15106 11
15111 20
15113 19
15115 15
15117 11
15121 2
15128 12
15134 15
15136 1
15146 19
15147 15
15149 17
15151 10
15154 12
15160 4
15168 20
15170 11
15177 11
15184 21
15188 7
15191 16
15193 8
15195 9
15197 4
15203 18
15204 8
15208 18
15209 20
15211 13
15216 11
15223 16
15225 6
15231 3
15238 12
15244 12
15250 13
15254 19
15256 6
15262 2
15269 7
15271 7
15274 14
15278 18
15279 10
15282 15
15284 6
15290 21
15294 19
15295 18
15296 11
15302 3
15309 16
15311 12
15317 4
15323 18
15324 17
15326 21
15330 14
15335 9
15336 10
15339 20
15341 15
15343 7
15345 7
15347 17
15349 19
15350 4
15356 7
15358 5
15364 12
15370 14
15376 12
15382 14
15386 6
15392 12
15400 14
15405 7
15407 10
15408 13
15412 16
15414 11
15418 4
15424 11
15430 17
15432 20
15434 11
15440 17
15442 11
15447 4
15453 19
15455 11
15459 8
15463 2
15474 11
15479 18
15480 11
15486 6
15492 15
15494 8
15498 12
15504 2
15513 18
15514 16
15516 19
15518 15
15520 6
15526 19
15527 4
15533 14
15538 3
15543 13
15548 4
15554 11
15558 14
15563 14
15570 21
15574 16
15576 14
15580 17
15582 8
15586 6
15592 3
15597 12
15605 4
15611 17
15613 15
15615 16
15617 12
15625 12
15631 8
15633 11
15637 12
15641 21
15645 6
15649 11
15653 12
15661 17
15663 19
15664 8
15666 8
15670 11
15677 5
15684 3
15690 19
15691 17
15693 11
15697 8
15699 11
15704 1
15713 7
15715 18
15716 1
15723 11
15728 10
15731 9
15732 7
15735 20
15736 19
15737 21
15741 11
15746 5
15751 5
15758 9
15760 13
15766 10
15769 12
15777 5
15783 1
15791 15
15793 3
15798 21
15802 21
15806 18
15807 17
15809 15
15811 18
15812 18
15813 5
15817 1
15825 15
15827 6
15833 16
15835 12
15841 21
15845 11
15850 10
15853 12
15857 18
15858 2
15867 15
15869 11
15876 12
15884 11
15888 11
15895 18
15896 12
15902 2
15913 15
15915 3
15920 5
15926 12
15934 11
15938 16
15940 11
15947 10
15948 20
15950 20
15952 3
15958 11
15965 11
15969 18
15970 6
15976 6
15980 2
15989 6
15995 10
15998 15
16000 11
16005 9
16006 19
16008 12
16014 8
16018 8
16022 6
16026 1
16036 21
16040 11
16045 7
16048 19
16049 11
16053 13
16058 8
16062 16
16064 13
16069 11
16073 12
16079 21
16083 12
16089 18
16090 12
16098 2
16109 18
16110 11
16114 1
16124 12
16130 8
16132 11
16139 8
16143 11
16150 13
16155 4
16159 16
16161 3
16167 13
16172 17
16174 12
16178 16
16180 11
16184 9
16186 13
16191 5
16198 1
16206 1
16213 21
16217 2
16228 7
16230 5
16237 12
16243 16
16245 2
16254 2
16261 3
16267 11
16271 11
16278 19
16279 5
16286 5
16290 10
16291 3
16296 5
16302 5
16309 21
16313 11
16318 10
16321 11
16328 16
16330 11
16334 11
16341 6
16347 14
16352 19
16354 1
16363 11
16370 16
16372 11
16377 8
16379 1
16388 4
16392 2
16403 12
16407 11
16412 12
16418 12
16422 8
16426 9
16428 4
16432 15
16434 19
16436 6
16440 8
16442 12
16450 11
16457 11
16462 17
16464 11
16468 15
16470 20
16471 16
16473 7
16475 11
16479 3
16483 12
16489 6
16495 20
16496 6
16500 19
16502 11
16508 10
16511 1
16519 10
16522 3
16528 2
16535 11
16542 4
16548 3
16554 15
16556 20
16558 7
16561 9
16562 12
16568 4
16572 11
16579 5
16583 9
16584 5
16588 2
16599 12
16607 11
16611 21
16615 19
16616 7
16619 21
16623 14
16629 19
16630 7
16632 6
16640 15
16642 11
16648 2
16655 12
16661 11
16668 21
16672 6
16678 16
16680 12
16686 18
16687 15
16689 7
16691 1
16699 11
16706 11
16713 18
16714 21
16718 16
16720 20
16721 20
16723 4
16731 18
16732 8
16734 17
16736 8
16740 15
16742 17
16744 17
16746 8
16748 5
16755 5
16759 19
16760 4
16766 7
16769 15
16771 4
16775 9
16776 18
16777 11
16781 11
16785 9
16787 11
16791 10
16794 7
16797 3
16804 12
16810 1
16817 19
16818 4
16824 12
16832 12
16836 19
16837 11
16841 9
16843 12
16849 21
16853 16
16855 12
16861 4
16869 12
16877 11
16884 12
16892 16
16894 11
16899 11
16903 7
16905 9
16907 5
16911 13
16917 19
16919 6
16925 12
16931 7
16934 14
16941 12
16947 3
16952 18
16953 3
16958 15
16960 11
16964 17
16966 11
16972 7
16974 11
16978 11
16985 17
16987 4
16995 12
17003 10
17006 16
17008 13
17012 8
17014 12
17020 3
17024 21
17028 11
17035 18
17036 5
17040 21
17044 21
17048 21
17052 8
17054 12
17062 6
17068 11
17072 20
17074 19
17076 11
17080 8
17084 8
17088 17
17090 2
17097 11
17101 17
17103 14
17109 21
17113 21
17117 18
17118 13
17124 5
17130 8
17134 2
17145 9
17146 9
17148 13
17152 19
17154 15
17156 16
17158 17
17160 13
17166 14
17170 1
17177 12
17181 8
17185 15
17187 4
17193 20
17195 13
17200 17
17202 20
17204 20
17206 21
17210 13
17214 19
17215 18
17216 3
17220 20
17221 20
17223 3
17229 14
17233 11
17239 10
17242 8
17244 11
17251 17
17253 5
17257 12
17261 10
17264 21
17268 18
17269 18
17270 18
17271 6
17277 3
17282 3
17288 20
17290 13
17296 9
17297 12
17305 7
17308 18
17309 18
17310 11
17316 7
17319 2
17330 20
17332 12
17340 18
17341 14
17346 11
17352 10
17353 13
17359 12
17365 6
17369 1
17376 20
17378 3
17385 18
17386 11
17392 13
17397 13
17401 17
17403 21
17407 5
17413 1
17421 17
17423 19
17425 16
17427 18
17428 12
17432 7
17434 12
17438 3
17442 11
17448 12
17454 3
17459 11
17465 2
17474 9
17475 15
17477 11
17483 5
17489 18
17490 11
17497 15
17499 11
17505 12
17511 6
17517 11
17521 6
17527 11
17534 13
17539 13
17545 16
17547 15
17549 10
17552 12
17558 12
17562 1
17569 13
17574 18
17575 17
17577 2
17584 3
17590 6
17596 17
17598 11
17604 20
17606 18
17607 18
17608 11
17613 12
17619 5
17625 6
17633 2
17642 2
17651 13
17656 3
17661 3
17667 13
17672 6
17680 9
17681 11
17687 9
17689 1
17696 16
17698 12
17704 4
17710 14
17715 14
17721 13
17726 20
17728 12
17734 3
17741 11
17745 3
17750 8
17752 11
17756 4
17762 13
17767 6
17773 18
17774 8
17778 10
17781 6
17787 7
17790 19
17792 4
17798 4
17804 11
17808 13
17814 10
17817 7
17820 12
17828 16
17830 11
17837 20
17838 12
17844 4
17850 15
17852 7
17855 13
17861 1
17871 20
17872 11
17878 14
17882 9
17884 13
17890 19
17892 11
17897 11
17904 8
17908 12
17914 16
17916 7
17919 6
17925 15
17927 13
17932 9
17934 1
17941 15
17943 11
17950 20
17951 17
17953 12
17959 13
17964 3
17970 15
17972 4
17976 12
17982 9
17984 16
17986 11
17991 13
17996 9
17998 15
18000 15
18002 17
18004 4
18012 8
18014 18
18015 16
18017 6
18021 8
18023 1
18033 13
18039 20
18040 16
18042 7
18045 4
18053 1
18062 14
18066 16
18068 20
18070 13
18074 13
18079 11
18084 15
18086 18
18087 15
18089 17
18091 12
18095 4
18101 11
18105 12
18113 9
18114 14
18119 12
18127 14
18133 8
18135 16
18137 5
18143 8
18145 7
18148 14
18153 5
18157 9
18158 15
18160 21
18164 18
18165 13
18169 11
18174 3
18180 6
18184 5
18191 16
18193 14
18200 1
18210 19
18211 12
18217 7
18219 18
18220 11
18224 11
18231 21
18235 8
18239 19
18241 2
18250 16
18252 14
18257 12
18261 12
18267 10
18270 13
18276 15
18278 11
18283 5
18289 4
18297 16
18299 5
18305 5
18311 12
18319 8
18321 18
18322 1
18332 9
18334 11
18338 2
18349 3
18353 5
18360 14
18364 15
18366 11
18371 8
18375 12
18379 12
18385 16
18387 2
18398 20
18399 6
18405 2
18412 6
18416 4
18422 21
18426 21
18430 21
18434 16
18436 18
18437 19
18438 4
18444 15
18446 21
18450 9
18451 13
18456 9
18457 1
18467 17
18469 2
18476 3
18480 12
18486 4
18494 12
18500 4
18506 14
18512 1
18520 19
18522 15
18524 3
18531 17
18533 9
18535 16
18537 7
18539 5
18546 9
18547 16
18549 12
18553 10
18554 3
18558 12
18562 12
18568 11
18573 4
18581 9
18582 11
18586 3
18592 16
18594 3
18601 2
18610 11
18614 2
18621 1
18628 19
18629 18
18630 2
18639 17
18641 8
18645 15
18647 10
18650 12
18656 15
18658 18
18659 1
18667 18
18668 11
18672 17
18674 16
18676 21
18680 11
18686 18
18687 13
18691 13
18697 19
18699 20
18701 5
18706 15
18708 13
18714 19
18716 4
18720 1
18729 16
18731 19
18733 12
18737 4
18741 7
18743 11
18750 16
18752 13
18758 11
18762 5
18769 13
18774 4
18780 10
18783 19
18784 9
18785 11
18791 20
18792 11
18799 11
18806 6
18814 6
18822 4
18828 8
18830 1
18839 12
18847 19
18849 3
18853 11
18859 16
18861 6
18865 4
18871 11
18876 12
18882 18
18883 5
18887 18
18888 14
18892 11
18898 15
18900 13
18904 14
18910 11
18916 21
18920 5
18927 11
18933 6
18939 19
18940 16
18942 9
18944 6
18948 17
18950 18
18951 11
18958 12
18964 14
18968 9
18969 6
18977 6
18983 3
18989 17
18991 11
18995 18
18996 13
19001 13
19006 6
19010 2
19019 5
19025 19
19027 7
19030 11
19035 9
19037 11
19041 11
19046 18
19047 10
19048 13
19053 11
19059 13
19064 18
19065 1
19072 18
19073 19
19075 3
19079 9
19081 11
19086 16
19088 12
19096 18
19097 6
19105 9
19107 10
19108 2
19117 18
19118 20
19119 18
19120 19
19121 18
19122 2
19131 13
19137 17
19139 15
19141 16
19143 1
19152 3
19157 15
19159 10
19162 16
19164 13
19169 14
19174 13
19180 12
19186 19
19187 4
19191 18
19192 21
19196 14
19201 7
19203 19
19204 7
19207 1
19215 2
19224 18
19225 14
19230 15
19232 3
19236 11
19242 17
19244 7
19247 4
19253 4
19259 15
19261 11
19265 19
19266 10
19267 12
19273 10
19274 18
19275 18
19276 9
19278 11
19283 11
19287 10
19290 9
19291 13
19295 13
19300 10
19303 21
19307 7
19309 16
19311 7
19314 3
19319 11
19326 10
19327 8
19331 10
19332 13
19337 17
19339 12
19345 15
19347 5
19353 20
19355 18
19356 11
19360 17
19362 4
19368 12
19374 3
19379 21
19383 11
19388 12
19396 20
19398 20
19400 8
19404 7
19406 20
19407 11
19413 9
19414 5
19420 10
19421 6
19429 20
19430 10
19431 10
19432 9
19434 7
19436 12
19440 4
19446 3
19452 3
19457 11
19461 15
19463 18
19464 11
19469 12
19477 20
19479 18
19480 11
19485 13
19490 12
19496 1
19503 6
19507 20
19508 3
19513 14
19519 9
19521 12
19525 8
19529 2
19536 18
19537 7
19539 13
19545 20
19546 4
19552 8
19556 14
19563 16
19565 11
19571 7
19574 18
19575 12
19583 16
19585 15
19587 2
19596 9
19597 4
19603 8
19607 2
19616 1
19623 6
19627 8
19629 14
19636 10
19637 12
19641 9
19642 11
19647 15
19649 20
19651 16
19653 5
19659 19
19661 18
19662 12
19668 18
19669 18
19670 12
19674 1
19683 18
19684 2
19695 19
19697 1
19707 9
19708 16
19710 5
19716 5
19723 21
19727 9
19729 16
19731 12
19739 4
19745 8
19749 15
19751 14
19756 2
19763 16
19765 10
19768 18
19769 7
19772 20
19774 9
19776 9
19777 4
19781 18
19782 5
19787 6
19795 21
19799 18
19800 1
19809 12
19815 12
19821 11
19825 18
19826 1
19833 2
19842 11
19848 2
19857 8
19861 17
19863 2
19870 14
19877 11
19882 15
19884 11
19890 19
19892 10
19895 4
19901 16
19903 11
19908 8
19910 15
19912 7
19915 14
19921 14
19926 3
19933 14
19940 11
19944 15
19946 9
19947 1
19955 17
19957 19
19958 12
19964 5
19968 1
19977 2
19988 16
19990 6
19994 14
19999 9
20001 2
20010 4
20018 18
20019 21
20023 17
20025 1
20033 9
20034 16
20036 9
20038 12
20044 9
20045 5
20050 7
20053 16
20055 5
20061 8
20063 2
20072 12
20080 17
20082 1
20091 15
20093 2
20100 18
20101 3
20105 8
20109 17
20111 18
20112 17
20114 21
20118 18
20119 8
20123 16
20125 18
20126 12
20132 1
20139 9
20141 5
20147 17
20149 6
20155 7
20157 12
20163 12
20171 16
20173 9
20174 1
20181 10
20182 11
20188 19
20190 21
20194 2
20205 21
20209 14
20213 1
20223 7
20225 12
20231 11
20238 12
20244 11
20248 11
20253 11
20258 14
20262 10
20265 7
20267 17
20269 12
20273 1
20281 16
20283 11
20289 7
20291 6
20295 13
20300 15
20302 12
20308 1
20316 18
20317 6
20323 14
20329 19
20331 11
20338 9
20340 13
20346 14
20352 16
20354 11
20361 8
20365 4
20373 14
20378 17
20380 11
20384 4
20390 17
20392 11
20399 19
20400 4
20406 2
20413 13
20418 7
20420 5
20426 13
20431 10
20434 6
20440 4
20446 11
20453 12
20459 17
20461 12
20469 2
20480 11
20485 10
20486 13
20492 12
20496 18
20497 11
20503 16
20505 12
20513 12
20519 19
20520 19
20521 9
20522 11
20527 11
20531 12
20539 9
20540 10
20541 8
20543 2
20552 16
20554 13
20559 11
20566 6
20574 11
20578 20
20580 5
20586 7
20588 15
20590 3
20594 3
20599 2
20608 14
20613 16
20615 11
20620 4
20628 16
20630 12
20638 15
20640 3
20646 19
20647 12
20651 8
20653 7
20656 1
20666 19
20668 3
20672 12
20680 7
20683 21
20687 12
20695 4
20703 4
20709 7
20711 10
20714 11
20720 3
20726 18
20727 18
20728 18
20729 21
20733 1
20740 18
20741 10
20742 11
20749 7
20751 6
20757 12
20761 6
20767 17
20769 18
20770 9
20771 14
20777 14
20782 4
20788 1
20796 5
20803 17
20805 12
20811 5
20817 12
20823 17
20825 20
20827 12
20835 18
20836 15
20838 11
20843 14
20850 16
20852 19
20853 17
20855 14
20859 18
20860 11
20866 18
20867 11
20874 19
20876 2
20887 4
20891 20
20892 1
20899 9
20901 13
20905 10
20908 10
20909 13
20914 16
20916 17
20918 2
20927 2
20934 14
20938 12
20944 18
20945 11
20949 4
20953 5
20960 2
20969 12
20975 21
20979 16
20981 11
20985 13
20991 6
20997 21
21001 1
21008 3
21014 2
21021 15
21023 12
21029 18
21030 15
21032 2
21041 10
21042 19
21044 9
21046 16
21048 17
21050 16
21052 16
21054 12
21058 7
21061 15
21063 18
21064 7
21066 8
21070 12
21076 3
21083 21
21087 10
21088 3
21092 18
21093 11
21098 11
21103 16
21105 8
21107 7
21110 21
21114 17
21116 13
21122 10
21123 11
21128 2
21135 12
21143 4
21149 3
21155 12
21161 11
21165 20
21167 3
21172 12
21176 20
21178 14
21185 21
21189 12
21195 20
21196 10
21199 21
21203 16
21205 13
21211 6
21219 1
21228 16
21230 19
21231 21
21235 15
21237 20
21239 20
21241 10
21242 11
21246 2
21255 18
21256 1
21265 4
21273 12
21279 13
21285 21
21289 1
21298 13
21304 21
21308 11
21313 17
21315 18
21316 1
21326 3
21331 4
21337 8
21341 5
21345 1
21353 9
21355 10
21358 10
21359 3
21364 7
21366 4
21370 12
21376 10
21379 15
21381 11
21387 16
21389 10
21390 16
21392 18
21393 8
21397 7
21400 2
21409 7
21411 21
21415 14
21420 13
21425 4
21431 1
21439 9
21441 1
21449 14
21455 19
21456 14
21461 3
21466 11
21472 12
21478 9
21480 11
21487 12
21495 14
21501 11
21506 14
21513 18
21514 5
21520 11
21525 10
21526 11
21531 13
21536 21
21540 8
21542 6
21548 12
21552 11
21556 2
21567 11
21571 16
21573 4
21581 3
21587 12
21595 7
21598 11
21603 14
21609 14
21615 12
21621 5
21625 8
21627 8
21629 11
21636 12
21644 3
21651 11
21655 13
21660 2
21667 11
21671 18
21672 3
21678 14
21684 2
21693 19
21694 20
21696 2
21703 4
21709 2
21718 7
21721 12
21725 5
21729 11
21733 17
21735 4
21741 11
21748 16
21750 8
21752 2
21759 13
21764 12
21770 3
21774 8
21776 17
21778 11
21782 1
21789 14
21794 18
21795 13
21799 18
21800 5
21807 5
21811 11
21818 9
21819 2
21828 12
21834 17
21836 18
21837 16
21839 12
21845 19
21846 21
21850 21
21854 6
21858 19
21860 3
21865 14
21872 11
21878 11
21882 16
21884 12
21890 8
21892 16
21894 7
21896 11
21901 12
21905 18
21906 4
21912 21
21916 3
21922 7
21924 12
21928 11
21934 4
21940 11
21946 12
21952 5
21956 15
21958 10
21959 5
21966 13
21971 16
21973 4
21979 4
21985 6
21991 11
21998 20
22000 16
22002 21
22006 18
22007 16
22009 11
22016 8
22018 18
22019 18
22020 4
22024 9
22025 18
22026 19
22027 17
22029 5
22034 11
22041 4
22047 3
22054 13
22060 7
22062 6
22068 12
22074 11
22080 21
22084 6
22092 14
22096 12
22102 11
22106 8
22110 11
22117 9
22119 12
22123 18
22124 12
22132 8
22136 11
22140 16
22142 19
22143 10
22144 3
22150 12
22158 12
22164 14
22171 11
22176 13
22180 1
22190 11
22194 6
22200 18
22201 13
22205 19
22207 15
22209 1
22217 6
22225 10
22226 11
22231 3
22235 12
22241 6
22249 15
22251 1
22259 12
22265 15
22267 1
22274 2
22283 16
22285 18
22286 18
22287 11
22294 20
22295 11
22299 19
22300 9
22302 12
22306 11
22311 6
22319 11
22324 11
22331 21
22335 14
22340 11
22344 11
22349 17
22351 8
22353 11
22360 12
22364 6
22370 11
22375 17
22377 19
22379 6
22385 12
22393 1
22403 18
22404 18
22405 2
22414 21
22418 18
22419 11
22423 11
22430 6
22436 4
22440 8
22442 11
22446 20
22447 8
22451 6
22457 21
22461 18
22462 4
22466 18
22467 2
22474 15
22476 21
22480 1
22489 12
22495 13
22501 9
22503 16
22505 15
22507 7
22509 12
22515 21
22519 1
22529 10
22532 3
22539 15
22541 12
22547 21
22551 19
22553 19
22555 8
22559 17
22561 17
22563 14
22568 19
22569 12
22575 16
22577 21
22581 6
22587 9
22588 5
22595 16
22597 2
22606 16
22608 19
22610 7
22612 19
22614 12
22620 12
22624 2
22633 11
22637 11
22643 10
22644 12
22648 19
22650 9
22652 16
22654 18
22655 15
22657 20
22658 11
22663 18
22664 10
22667 2
22674 6
22682 1
22690 15
22692 19
22693 1
22700 4
22708 15
22710 2
22719 18
22720 18
22721 21
22725 8
22729 1
22736 16
22738 12
22742 16
22744 11
22750 17
22752 12
22756 12
22764 2
22773 18
22774 13
22780 12
22786 11
22791 4
22795 6
22801 2
22812 10
22813 4
22819 5
22826 11
22832 19
22834 3
22840 16
22842 15
22844 1
22852 11
22858 16
22860 12
22866 10
22869 16
22871 8
22873 13
22878 19
22880 8
22884 18
22885 12
22893 14
22897 11
22902 18
22903 18
22904 17
22906 14
22912 4
22916 18
22917 11
22923 21
22927 17
22929 11
22933 1
22943 13
22948 10
22951 14
22958 14
22965 5
22969 17
22971 10
22974 6
22982 19
22983 13
22988 16
22990 16
22992 19
22994 9
22995 12
22999 9
23001 10
23004 14
23011 19
23012 4
23018 7
23020 10
23021 1
23028 5
23034 2
23043 7
23045 3
23051 8
23055 11
23059 20
23061 14
23065 16
23067 21
23071 12
23077 11
23081 5
23085 3
23090 3
23094 17
23096 3
23102 8
23104 3
23109 9
23111 14
23117 5
23123 20
23125 12
23133 5
23139 15
23141 7
23143 8
23147 2
23156 18
23157 10
23158 16
23160 13
23166 21
23170 5
23174 12
23180 1
23188 10
23189 10
23190 18
23191 7
23193 18
23194 17
23196 12
23202 13
23206 8
23208 11
23214 12
23220 21
23224 10
23225 20
23227 18
23228 1
23235 5
23241 2
23252 8
23254 20
23256 12
23262 8
23264 3
23271 2
23280 10
23283 12
23289 20
23290 19
23291 18
23292 11
23299 4
23307 7
23310 21
23314 11
23319 7
23322 16
23324 19
23326 16
23328 10
23329 18
23330 19
23332 15
23334 11
23339 20
23341 6
23347 11
23351 13
23357 18
23358 11
23364 10
23365 12
23371 11
23377 14
23382 12
23390 9
23392 13
23397 12
23401 11
23405 11
23409 15
23411 10
23412 13
23417 1
23427 4
23433 11
23439 12
23443 3
23448 17
23450 10
23453 11
23457 13
23462 21
23466 19
23467 8
23471 10
23474 6
23478 18
23479 11
23484 20
23486 8
23490 11
23494 20
23495 5
23502 4
23508 4
23514 2
23523 11
23529 1
23537 18
23538 8
23542 1
23549 7
23551 17
23553 16
23555 4
23559 11
23563 18
23564 7
23566 9
23567 4
23573 11
23578 14
23582 14
23587 9
23589 11
23595 20
23597 18
23598 10
23601 20
23603 12
23609 11
23616 15
23618 11
23625 2
23634 16
23636 6
23642 21
23646 2
23655 18
23656 1
23665 11
23671 7
23673 11
23679 5
23685 15
23687 21
23691 3
23698 8
23702 12
23706 11
23713 2
23722 11
23727 7
23730 19
23731 16
23733 19
23734 11
23739 17
23741 12
23747 6
23755 21
23759 18
23760 2
23771 1
23780 11
23786 17
23788 12
23794 6
23798 6
23802 12
23808 7
23810 11
23814 16
23816 19
23818 12
23824 12
23830 14
23834 18
23835 12
23839 18
23840 18
23841 11
23846 16
23848 20
23850 16
23852 2
23861 3
23865 12
23871 13
23876 18
23877 5
23883 9
23885 14
23892 11
23899 11
23905 5
23909 21
23913 17
23915 8
23919 1
23929 18
23930 16
23932 15
23934 21
23938 12
23942 6
23948 5
23953 8
23957 14
23963 11
23970 13
23974 1
23981 12
23987 11
23994 14
23998 11
24003 13
24008 19
24009 4
24017 18
24018 18
24019 9
24020 19
24021 11
24025 2
24032 21
24036 9
24038 21
24042 13
24047 8
24051 7
24053 1
24060 10
24061 18
24062 12
24066 5
24071 14
24075 11
24082 18
24083 21
24087 11
24091 1
24099 15
24101 7
24103 17
24105 13
24110 15
24112 5
24116 6
24124 12
24130 11
24135 4
24141 7
24144 14
24148 15
24150 21
24154 2
24163 9
24165 4
24171 2
24180 11
24184 2
24193 18
24194 3
24201 4
24209 13
24213 4
24217 9
24219 6
24227 2
24238 14
24245 11
24252 14
24257 11
24261 21
24265 8
24267 20
24269 14
24275 12
24281 14
24287 7
24289 6
24293 6
24301 18
24302 15
24304 16
24306 5
24310 9
24311 15
24313 8
24317 12
24321 16
24323 11
24328 17
24330 4
24336 9
24338 12
24342 7
24344 2
24351 13
24356 10
24359 18
24360 6
24366 8
24368 13
24373 3
24380 2
24391 12
24399 21
24403 7
24405 3
24409 1
24416 6
24422 15
24424 20
24425 5
24430 12
24436 18
24437 6
24445 13
24451 8
24455 6
24459 17
24461 6
24467 21
24471 7
24474 8
24478 14
24485 4
24489 21
24493 6
24501 13
24507 12
24515 21
24519 19
24521 7
24523 11
24530 6
24538 7
24541 12
24547 9
24548 16
24550 18
24551 18
24552 1
24561 3
24565 18
24566 4
24572 14
24578 1
24585 11
24590 1
24599 12
24605 21
24609 20
24611 17
24613 4
24619 5
24625 19
24626 3
24631 14
24635 11
24642 5
24649 13
24653 7
24655 1
24662 19
24663 8
24667 5
24674 1
24683 20
24685 19
24686 17
24688 14
24694 19
24695 8
24697 10
24700 16
24702 9
24703 15
24705 20
24706 4
24712 18
24713 2
24724 5
24728 6
24736 4
24742 18
24743 11
24748 1
24755 9
24757 12
24763 18
24764 1
24772 4
24778 21
24782 21
24786 11
24793 9
24795 15
24797 8
24801 3
24808 12
24814 3
24818 2
24827 11
24832 3
24836 13
24840 7
24842 20
24843 12
24849 18
24850 15
24852 9
24853 5
24858 16
24860 2
24869 11
24875 20
24876 18
24877 17
24879 14
24884 19
24885 9
24887 21
24891 10
24894 15
24896 21
24900 18
24901 12
24905 20
24906 1
24915 14
24922 18
24923 16
24925 5
24931 16
24933 15
24935 14
24942 3
24946 11
24953 20
24955 1
24964 20
24966 3
24973 13
24977 17
24979 19
24981 6
24989 12
24995 2
25004 18
25005 12
25011 4
25017 11
25024 5
25028 13
25033 5
25039 12
25045 3
25050 14
25054 13
25059 11
25063 20
25064 21
25068 4
25076 19
25078 1
25087 16
25089 6
25095 15
25097 11
25104 7
25107 4
25113 9
25114 9
25115 11
25119 2
25126 12
25130 15
25132 2
25139 17
25141 11
25146 5
25150 20
25151 2
25158 20
25159 21
25163 12
25169 14
25174 17
25176 8
25180 11
25187 21
25191 11
25198 21
25202 16
25204 6
25212 1
25221 3
25227 21
25231 18
25232 12
25236 17
25238 17
25240 16
25242 12
25246 8
25250 4
25254 12
25260 18
25261 7
25263 13
25268 6
25274 9
25275 15
25277 2
25286 11
25290 2
25301 18
25302 8
25304 9
25306 16
25308 9
25309 19
25311 3
25318 1
25325 19
25327 20
25329 18
25330 6
25336 19
25337 12
25343 19
25344 4
25348 7
25350 3
25357 19
25358 12
25362 15
25364 1
25371 4
25375 2
25386 5
25391 3
25398 11
25403 1
25412 4
25418 4
25424 1
25434 6
25440 5
25445 19
25447 19
25449 17
25451 10
25452 13
25457 17
25459 4
25465 3
25471 18
25472 4
25480 9
25482 13
25487 1
25497 18
25498 1
25505 16
25507 13
25512 11
25517 11
25521 12
25529 12
25537 3
25542 20
25544 12
25550 11
25555 5
25562 3
25568 7
25570 15
25572 4
25578 4
25586 11
25591 21
25595 3
25599 19
25600 10
25601 21
25605 8
25607 17
25609 13
25614 11
25621 2
25630 11
25634 10
25637 12
25645 12
25651 15
25653 6
25657 14
25662 17
25664 4
25668 10
25669 21
25673 15
25675 5
25680 10
25683 18
25684 12
25690 21
25694 16
25696 12
25702 14
25709 4
25715 8
25717 11
25723 17
25725 3
25732 10
25733 10
25734 2
25741 6
25747 11
25754 10
25757 7
25759 15
25761 18
25762 6
25770 9
25771 15
25773 13
25779 20
25781 12
25785 12
25793 12
25799 9
25800 14
25807 5
25812 3
25817 12
25821 17
25823 2
25832 12
25836 19
25837 16
25839 11
25844 2
25855 11
25859 18
25860 11
25866 3
25873 3
25877 9
25878 11
25885 4
25889 8
25893 18
25894 8
25898 16
25900 6
25906 19
25907 19
25908 9
25909 11
25915 11
25919 15
25921 16
25923 11
25929 21
25933 18
25934 10
25937 11
25943 12
25947 13
25951 14
25958 14
25962 7
25965 21
25969 16
25971 16
25973 8
25977 16
25979 11
25984 19
25986 18
25987 3
25992 9
25993 5
25998 13
26004 2
26013 19
26014 11
26019 6
26023 16
26025 2
26034 20
26036 9
26037 18
26038 4
26046 17
26048 6
26052 12
26056 6
26064 12
26068 8
26070 12
26078 15
26080 12
26084 12
26088 12
26092 18
26093 12
26097 11
26104 9
26105 7
26107 12
26113 6
26121 14
26126 18
26127 5
26131 3
26138 19
26140 11
26144 12
26150 8
26152 18
26153 3
26158 13
26162 12
26170 18
26171 12
26179 13
26183 11
26189 10
26190 19
26191 15
26193 4
26197 7
26200 15
26202 10
26205 15
26207 8
26209 18
26210 17
26212 11
26218 12
26224 17
26226 16
26228 15
26230 9
26232 4
26240 2
26249 15
26251 16
26253 18
26254 17
26256 11
26261 20
26263 12
26269 15
26271 10
26272 6
26276 18
26277 12
26281 18
26282 6
26286 11
26290 19
26291 2
26300 8
26302 16
26304 11
26310 12
26316 4
26320 11
26326 1
26334 7
26336 12
26342 5
26346 3
26351 12
26359 18
26360 10
26361 9
26362 11
26366 11
26370 14
26376 5
26383 9
26384 11
26390 15
26392 11
26396 4
26402 4
26410 11
26416 12
26420 17
26422 12
26430 6
26434 1
26442 12
26450 11
26454 12
26458 9
26459 1
26469 5
26474 10
26477 12
26483 11
26487 5
26493 3
26498 12
26502 18
26503 20
26504 9
26505 5
26511 8
26515 13
26520 16
26522 12
26528 6
26536 5
26540 2
26549 18
26550 18
26551 14
26556 11
26561 11
26567 8
26569 1
26579 6
26583 18
26584 13
26590 20
26592 4
26600 1
26608 16
26610 7
26613 19
26614 10
26617 4
26623 5
26628 1
26635 4
26643 12
26649 10
26650 18
26651 1
26658 21
26662 18
26663 11
26667 11
26673 18
26674 21
26678 11
26685 8
26687 12
26691 4
26699 11
26705 18
26706 21
26710 13
26715 18
26716 21
26720 8
26722 11
26729 1
26738 11
26742 15
26744 3
26751 11
26757 6
26763 18
26764 18
26765 13
26771 5
26777 5
26782 13
26787 18
26788 16
26790 18
26791 1
26801 2
26810 20
26812 7
26814 14
26818 4
26822 15
26824 11
26829 11
26835 3
26841 16
26843 3
26848 2
26859 9
26860 6
26866 12
26872 12
26878 15
26880 9
26881 18
26882 14
26887 10
26888 18
26889 12
26895 3
26902 11
26908 12
26912 12
26918 18
26919 6
26927 1
26937 13
26943 8
26945 10
26946 6
26952 21
26956 8
26960 5
26967 12
26973 9
26974 9
26975 19
26976 10
26977 14
26982 9
26983 7
26986 21
26990 6
26998 21
27002 21
27006 4
27010 6
27016 7
27018 20
27019 12
27025 4
27031 1
27041 16
27043 5
27049 4
27055 4
27061 7
27063 15
27065 3
27071 12
27077 14
27083 17
27085 20
27086 21
27090 16
27092 9
27094 11
27098 15
27100 16
27102 10
27103 4
27107 16
27109 18
27110 12
27116 3
27122 11
27126 4
27130 11
27136 7
27138 10
27139 12
27143 12
27151 6
27157 20
27159 10
27160 4
27168 3
27175 6
27181 2
27190 14
27196 12
27202 3
27209 13
27213 13
27219 2
27228 11
27235 9
27237 12
27241 1
27249 18
27250 7
27253 17
27255 12
27259 7
27262 1
27271 14
27278 3
27283 3
27287 18
27288 18
27289 3
27293 16
27295 18
27296 11
27302 5
27306 2
27315 8
27317 16
27319 19
27320 15
27322 2
27329 9
27331 11
27335 2
27342 16
27344 20
27345 8
27349 12
27353 19
27354 12
27360 15
27362 9
27363 15
27365 7
27367 11
27371 15
27373 19
27375 9
27376 3
27382 21
27386 9
27387 12
27393 5
27398 18
27399 15
27401 11
27406 21
27410 11
27417 10
27418 6
27424 6
27432 21
27436 5
27442 6
27446 10
27449 5
27454 7
27456 9
27457 1
27464 18
27465 1
27475 7
27478 18
27479 1
27489 15
27491 7
27494 11
27501 13
27506 18
27507 21
27511 6
27517 11
27524 5
27530 12
27536 15
27538 2
27545 2
27556 11
27561 18
27562 3
27569 19
27571 18
27572 15
27574 10
27575 11
27579 2
27588 8
27590 12
27596 6
27600 15
27602 3
27607 12
27615 9
27617 18
27618 11
27624 13
27629 12
27633 2
27642 15
27644 7
27646 13
27650 12
27658 17
27660 17
27662 19
27663 17
27665 12
27671 17
27673 18
27674 14
27681 11
27688 17
27690 12
27696 3
27703 12
27709 20
27710 11
27717 18
27718 2
27727 12
27735 4
27741 10
27742 11
27749 15
27751 19
27753 4
27759 6
27765 1
27774 2
27781 17
27783 15
27785 18
27786 12
27794 15
27796 11
27802 18
27803 11
27809 16
27811 13
27816 11
27823 9
27824 8
27826 7
27828 9
27830 16
27832 9
27833 16
27835 4
27841 12
27845 13
27851 5
27856 9
27858 12
27864 12
27870 7
27872 9
27874 4
27882 1
27890 14
27897 10
27900 5
27904 20
27905 1
27913 13
27918 2
27925 15
27927 16
27929 10
27930 11
27936 13
27941 11
27947 14
27951 11
27955 20
27957 16
27959 2
27966 12
27970 19
27971 13
27976 9
27977 12
27983 19
27985 1
27992 1
28002 8
28006 18
28007 2
28014 19
28015 14
28022 17
28024 17
28026 15
28028 12
28036 17
28038 19
28039 12
28045 12
28051 11
28056 12
28064 7
28066 16
28068 17
28070 7
28072 17
28074 9
28075 10
28078 21
28082 5
28087 4
28091 11
28098 15
28100 18
28101 12
28107 18
28108 11
28112 12
28118 11
28125 4
28129 20
28131 11
28137 12
28143 18
28144 4
28150 18
28151 10
28154 2
28165 8
28169 19
28170 19
28171 17
28173 12
28177 11
28182 11
28186 14
28191 8
28193 18
28194 7
28197 16
28199 11
28205 11
28211 1
28219 12
28225 12
28233 12
28239 11
28245 21
28249 11
28256 20
28257 13
28262 8
28264 10
28265 3
28272 15
28274 6
28282 5
28287 13
28291 20
28293 5
28298 20
28300 6
28304 1
28314 10
28317 11
28321 18
28322 20
28324 8
28328 1
28336 6
28340 13
28346 6
28354 10
28357 7
28360 5
28366 16
28368 6
28376 2
28385 7
28388 7
28390 11
28397 11
28404 12
28410 17
28412 19
28413 15
28415 20
28417 21
28421 2
28430 9
28431 12
28439 14
28443 17
28445 11
28450 7
28452 10
28455 13
28460 6
28468 7
28471 19
28472 12
28476 16
28478 6
28486 18
28487 12
28491 11
28496 8
28500 11
28504 19
28506 5
28513 8
28517 2
28528 2
28537 11
28544 12
28550 19
28551 18
28552 19
28553 1
28560 20
28562 9
28563 18
28564 12
28570 19
28571 21
28575 17
28577 6
28581 11
28587 19
28589 6
28595 7
28597 4
28605 20
28606 19
28607 14
28613 12
28617 3
28623 7
28625 12
28631 2
28642 3
28646 11
28653 6
28657 2
28666 12
28674 12
28680 18
28681 10
28684 3
28691 15
28693 1
28701 3
28706 7
28708 13
28714 6
28720 11
28727 18
28728 10
28729 11
28733 11
28739 17
28741 20
28742 8
28744 9
28745 12
28749 8
28753 5
28758 2
28767 6
28771 12
28777 16
28779 14
28785 12
28789 15
28791 5
28796 9
28797 9
28798 11
28803 12
28809 7
28812 11
28819 10
28822 9
28824 19
28826 6
28830 15
28832 19
28833 7
28836 2
28845 12
28851 17
28853 11
28859 2
28870 10
28871 11
28875 10
28876 5
28881 2
28890 6
28898 19
28899 11
28904 18
28905 12
28911 12
28917 2
28926 14
28931 19
28933 11
28938 12
28944 21
28948 1
28958 19
28959 11
28963 11
28967 14
28972 18
28973 18
28974 3
28980 3
28985 3
28991 10
28994 13
28998 9
28999 8
29003 20
29005 15
29007 15
29009 14
29013 10
29016 15
29018 12
29022 18
29023 11
29029 9
29031 21
29035 5
29039 4
29047 12
29053 16
29055 13
29059 2
29068 13
29073 2
29082 11
29086 7
29088 9
29090 12
29094 11
29099 11
29106 17
29108 11
29112 21
29116 10
29117 5
29121 20
29122 11
29126 12
29134 4
29140 11
29144 18
29145 11
29149 11
29153 11
29160 5
29166 21
29170 12
29176 7
29178 8
29180 2
29189 9
29190 17
29192 5
29197 18
29198 14
29205 11
29211 15
29213 13
29217 12
29225 20
29227 4
29235 21
29239 6
29245 20
29247 21
29251 8
29255 12
29259 18
29260 6
29266 14
29272 18
29273 18
29274 15
29276 9
29278 15
29280 14
29287 20
29288 1
29296 7
29298 16
29300 21
29304 7
29307 14
29312 9
29314 18
29315 10
29318 15
29320 20
29321 14
29328 16
29330 15
29332 11
29337 19
29339 12
29345 4
29351 11
29358 11
29365 9
29367 11
29372 8
29374 11
29380 20
29381 12
29385 1
29395 12
29403 12
29407 19
29409 7
29411 4
29415 18
29416 18
29417 11
29423 7
29425 18
29426 14
29432 19
29433 5
29439 18
29440 8
29442 19
29444 16
29446 18
29447 11
29451 18
29452 8
29454 14
29461 16
29463 12
29469 12
29473 11
29477 17
29479 11
29485 15
29487 21
29491 14
29498 16
29500 18
29501 18
29502 7
29504 1
29512 11
29519 15
29521 16
29523 9
29524 19
29525 2
29534 11
29539 5
29546 2
29555 10
29556 20
29558 3
29563 3
29569 20
29571 6
29575 11
29579 11
29583 15
29585 6
29591 6
29599 17
29601 16
29603 11
29608 7
29611 9
29613 13
29618 6
29624 16
29626 11
29632 15
29634 21
29638 12
29644 3
29650 7
29652 7
29655 16
29657 11
29661 18
29662 17
29664 16
29666 12
29672 12
29678 20
29679 11
29685 12
29689 8
29693 13
29699 10
29700 10
29703 7
29705 11
29712 3
29717 21
29721 9
29722 12
29730 15
29732 18
29733 20
29735 9
29737 12
29743 15
29745 8
29749 4
29753 12
29759 5
29763 1
29772 19
29773 18
29774 1
29784 7
29787 19
29788 10
29791 5
29795 12
29799 5
29805 11
29809 11
29813 15
29815 10
29818 2
29825 19
29826 21
29830 12
29838 7
29841 11
29847 8
29851 14
29858 5
29862 5
29866 19
29867 12
29873 11
29877 7
29879 18
29880 19
29881 19
29882 11
29888 11
29893 10
29894 13
29899 15
29901 12
29905 5
29912 5
29918 2
29925 19
29927 18
29928 3
29935 17
29937 10
29938 21
29942 16
29944 6
29950 18
29951 18
29952 8
29956 11
29960 9
29961 21
29965 12
29971 10
29974 21
29978 7
29981 11
29988 11
29993 14
30000 15
30002 20
30003 12
30009 8
30011 1
30020 6
30026 12
30032 12
30036 3
30040 15
30042 18
30043 11
30049 3
30054 21
30058 8
30062 9
30063 7
30066 17
30068 13
30073 17
30075 4
30081 3
30087 12
30093 8
30095 18
30096 1
30104 12
30110 21
30114 14
30119 3
30125 11
30129 18
30130 11
30134 6
30142 4
30146 1
30155 7
30157 13
30162 3
30167 12
30173 2
30184 7
30187 20
30189 4
30195 4
30203 16
30205 6
30209 6
30215 2
30222 17
30224 5
30231 15
30233 14
30237 10
30240 11
30246 7
30248 6
30256 7
30258 1
30265 13
30270 15
30272 14
30279 17
30281 17
30283 18
30284 4
30290 18
30291 18
30292 9
30293 6
30299 4
30305 5
30312 16
30314 8
30316 19
30318 15
30320 2
30329 13
30334 4
30340 11
30346 1
30355 11
30361 15
30363 13
30369 21
30373 12
30377 13
30381 11
30388 3
30394 18
30395 19
30397 18
30398 5
30402 18
30403 15
30405 18
30406 10
30409 17
30411 11
30418 11
30422 20
30423 9
30425 1
30433 21
30437 16
30439 7
30441 18
30442 13
30448 21
30452 11
30457 16
30459 16
30461 21
30465 8
30469 2
30478 11
30482 12
30490 5
30494 12
30502 8
30506 18
30507 7
30509 20
30511 11
30515 14
30520 2
30529 12
30537 6
30543 10
30544 4
30550 11
30555 6
30559 21
30563 21
30567 21
30571 16
30573 7
30575 12
30579 6
30585 14
30589 7
30592 3
30599 12
30603 10
30604 5
30610 21
30614 20
30616 19
30617 18
30618 16
30620 12
30624 14
30631 2
30640 10
30641 18
30642 2
30651 3
30657 9
30659 2
30668 4
30674 21
30678 17
30680 14
30685 16
30687 18
30688 4
30696 8
30698 16
30700 12
30704 4
30710 21
30714 3
30721 11
30728 10
30729 21
30733 12
30737 12
30741 18
30742 11
30748 17
30750 18
30751 1
30760 7
30763 11
30768 13
30772 11
30779 13
30785 21
30789 13
30795 14
30799 10
30800 9
30802 12
30808 19
30809 7
30811 21
30815 3
30822 11
30826 12
30832 20
30834 18
30835 10
30836 4
30842 10
30845 15
30847 11
30851 16
30853 17
30855 17
30857 1
30865 8
30869 6
30875 8
30879 21
30883 18
30884 10
30885 11
30890 11
30896 13
30901 4
30905 5
30910 21
30914 4
30920 10
30921 12
30925 19
30926 1
30935 9
30937 2
30946 12
30950 11
30954 2
30963 12
30967 17
30969 21
30973 9
30974 5
30980 12
30988 12
30994 8
30996 3
31001 16
31003 14
31010 5
31017 16
31019 10
31020 13
31025 21
31029 11
31034 12
31038 11
31042 18
31043 11
31050 4
31058 2
31067 19
31069 12
31073 10
31076 17
31078 6
31084 20
31085 3
31090 3
31096 16
31098 18
31099 4
31105 2
31114 4
31120 7
31123 4
31129 18
31130 7
31132 17
31134 14
31140 18
31141 11
31147 16
31149 3
31154 18
31155 18
31156 15
31158 17
31160 6
31166 12
31172 11
31176 2
31187 6
31195 16
31197 13
31203 19
31205 9
31206 20
31208 8
31212 5
31218 20
31220 1
31227 2
31236 11
31241 15
31243 4
31249 1
31258 17
31260 11
31265 15
31267 2
31274 9
31275 12
31281 9
31282 15
31284 12
31292 11
31299 9
31301 12
31309 19
31311 20
31313 21
31317 9
31319 10
31320 12
31326 2
31335 13
31340 10
31341 1
31348 8
31350 13
31355 5
31359 17
31361 5
31366 12
31372 4
31378 18
31379 11
31383 3
31389 16
31391 12
31397 17
31399 19
31401 21
31405 14
31412 20
31414 2
31423 12
31429 7
31431 6
31435 2
31444 5
31448 12
31452 12
31458 12
31466 8
31470 4
31478 17
31480 18
31481 5
31487 9
31489 20
31490 8
31494 7
31496 17
31498 17
31500 16
31502 10
31503 18
31504 19
31505 10
31508 7
31510 11
31514 19
31515 1
31524 20
31525 1
31533 1
31541 12
31547 6
31553 5
31557 15
31559 4
31563 14
31569 19
31571 11
31578 10
31579 6
31585 6
31589 15
31591 14
31595 3
31600 6
31608 11
31612 4
31616 12
31622 16
31624 11
31629 11
31635 11
31639 6
31645 3
31649 9
31651 18
31652 2
31661 19
31663 10
31666 2
31675 3
31680 16
31682 21
31686 6
31692 11
31698 12
31704 12
31710 11
31714 13
31720 10
31723 21
31727 20
31729 20
31731 12
31739 5
31745 12
31751 6
31759 10
31760 18
31761 14
31767 20
31768 4
31774 15
31776 11
31782 8
31786 11
31793 3
31800 2
31809 1
31817 6
31821 7
31824 18
31825 18
31826 12
31830 9
31831 5
31838 7
31840 6
31846 11
31850 18
31851 12
31857 17
31859 4
31865 3
31869 6
31877 10
31880 11
31884 11
31890 6
31896 12
31902 19
31904 13
31909 13
31913 10
31916 19
31918 3
31923 1
31930 1
31937 4
31943 15
31945 7
31948 18
31949 11
31954 10
31955 19
31956 12
31962 11
31967 12
31971 12
31977 3
31982 1
31992 9
31993 2
32002 20
32004 9
32005 20
32007 11
32014 6
32020 5
32027 11
32033 16
32035 12
32041 12
32047 17
32049 13
32054 6
32062 18
32063 11
32067 18
32068 9
32069 2
32080 9
32082 21
32086 6
32090 11
32096 17
32098 11
32103 18
32104 5
32109 14
32114 11
32121 5
32126 15
32128 1
32137 18
32138 1
32148 3
32154 11
32158 16
32160 12
32168 16
32170 12
32174 18
32175 15
32177 12
32183 18
32184 13
32188 12
32192 12
32198 19
32200 11
32205 2
32214 8
32216 18
32217 16
32219 12
32225 7
32228 21
32232 16
32234 14
32238 12
32242 19
32244 2
32255 14
32261 13
32266 18
32267 10
32270 12
32276 10
32279 12
32285 11
32289 12
32295 15
32297 19
32299 11
32303 10
32306 19
32308 13
32314 9
32316 21
32320 21
32324 1
32332 6
32340 14
32344 4
32348 21
32352 8
32354 19
32356 10
32357 6
32363 8
32367 17
32369 18
32370 17
32372 7
32374 19
32376 3
32382 16
32384 10
32387 11
32393 11
32397 12
32403 4
32407 9
32409 7
32412 15
32414 6
32420 12
32426 21
32430 11
32437 5
32443 8
32445 12
32449 4
32455 11
32462 12
32470 16
32472 4
32476 6
32482 19
32484 17
32486 13
32492 2
32501 5
32505 14
32511 12
32517 1
32526 19
32527 7
32529 13
32533 14
32537 5
32542 12
32550 21
32554 1
32561 21
32565 15
32567 1
32574 5
32581 11
32586 12
32592 1
32602 11
32606 5
32610 12
32618 9
32620 15
32622 12
32628 14
32635 17
32637 3
32644 18
32645 8
32649 12
32657 11
32664 19
32666 7
32668 9
32669 18
32670 17
32672 5
32676 6
32682 15
32684 9
32686 7
32689 13
32693 18
32694 12
32700 10
32701 9
32702 6
32706 3
32711 10
32714 4
32720 12
32726 15
32728 8
32730 16
32732 13
32737 5
32742 11
32747 13
32752 9
32753 11
32757 12
32761 11
32766 7
32769 2
32778 7
32781 8
32785 1
32793 11
32799 4
32805 18
32806 10
32809 20
32811 9
32813 14
32820 4
32826 21
32830 1
32840 7
32843 4
32851 5
32858 18
32859 12
32867 11
32871 8
32873 14
32880 18
32881 10
32882 7
32885 18
32886 16
32888 4
32894 18
32895 19
32897 7
32899 4
32907 18
32908 15
32910 10
32911 13
32916 20
32917 18
32918 12
32926 6
32934 8
32938 3
32944 11
32949 5
32953 1
32962 1
32970 7
32973 17
32975 6
32979 10
32980 6
32986 2
32997 6
33005 6
33011 11
33018 18
33019 19
33021 11
33028 1
33036 15
33038 16
33040 18
33041 5
33047 4
33053 11
33057 20
33059 11
33064 11
33068 10
33069 5
33075 2
33084 11
33091 10
33094 8
33098 5
33103 2
33112 20
33114 18
33115 15
33117 5
33123 3
33127 21
33131 13
33135 11
33139 2
33150 8
33154 12
33162 11
33169 2
33180 2
33187 11
33194 8
33196 5
33200 16
33202 1
33209 15
33211 10
33214 5
33220 3
33224 20
33226 3
33232 16
33234 7
33236 12
33240 4
33246 19
33247 7
33249 19
33250 8
33252 1
33260 1
33269 1
33278 17
33280 17
33282 14
33288 12
33294 1
33304 19
33305 12
33309 12
33313 14
33320 12
33326 20
33327 1
33335 11
33340 12
33348 21
33352 21
33356 2
33367 21
33371 21
33375 17
33377 1
33385 9
33387 15
33389 12
33395 12
33399 13
33404 15
33406 21
33410 11
33416 16
33418 21
33422 18
33423 15
33425 18
33426 1
33436 12
33442 12
33448 13
33453 17
33455 13
33459 8
33463 18
33464 7
33466 7
33469 12
33475 8
33477 11
33484 18
33485 7
33488 18
33489 18
33490 20
33491 20
33492 11
33498 18
33499 6
33507 14
33512 13
33516 8
33518 17
33520 18
33521 15
33523 21
33527 15
33529 19
33531 12
33535 19
33536 6
33542 12
33548 11
33555 14
33562 12
33568 1
33577 11
33583 12
33591 20
33592 2
33601 18
33602 8
33606 10
33609 16
33611 19
33613 19
33615 15
33617 11
33623 15
33625 10
33626 6
33630 17
33632 11
33639 15
33641 18
33642 18
33643 10
33646 12
33654 18
33655 17
33657 10
33660 16
33662 3
33669 7
33671 10
33672 3
33677 21
33681 15
33683 5
33689 14
33696 21
33700 11
33705 17
33707 8
33709 11
33714 21
33718 13
33723 12
33731 20
33733 12
33739 4
33745 19
33747 1
33756 8
33760 20
33762 15
33764 20
33765 20
33766 6
33770 5
33777 11
33784 1
33791 11
33796 9
33797 10
33798 11
33805 15
33807 9
33809 6
33817 21
33821 18
33822 18
33823 12
33829 6
33837 11
33842 11
33847 4
33853 3
33857 19
33858 12
33864 5
33870 8
33874 11
33879 9
33881 3
33886 15
33888 12
33892 14
33896 1
33904 4
33910 18
33911 14
33918 9
33920 6
33928 11
33934 7
33936 11
33941 21
33945 13
33950 12
33954 7
33956 4
33962 18
33963 4
33969 10
33970 2
33979 13
33984 12
33992 2
33999 11
34004 21
34008 16
34010 12
34014 8
34018 12
34022 10
34023 2
34030 15
34032 7
34035 18
34036 12
34042 20
34043 4
34047 20
34049 6
34053 12
34059 19
34061 14
34068 15
34070 4
34076 12
34082 7
34085 4
34091 11
34095 15
34097 13
34103 15
34105 11
34111 17
34113 9
34114 13
34120 11
34126 11
34131 12
34137 15
34139 13
34144 12
34148 14
34155 14
34161 21
34165 5
34172 11
34178 6
34186 15
34188 12
34196 9
34198 11
34205 15
34207 4
34215 19
34217 15
34219 21
34223 17
34225 1
34232 4
34240 12
34248 1
34256 2
34263 11
34270 11
34274 20
34276 11
34283 12
34287 18
34288 2
34299 18
34300 9
34301 20
34302 13
34308 8
34310 2
34319 19
34320 21
34324 3
34328 14
34333 17
34335 6
34339 11
34343 9
34345 6
34349 19
34350 18
34351 15
34353 18
34354 9
34355 21
34359 10
34360 5
34366 20
34367 12
34373 20
34374 13
34378 12
34386 12
34392 16
34394 12
34398 12
34402 21
34406 4
34412 18
34413 12
34417 16
34419 19
34421 4
34427 2
34438 11
34443 8
34445 8
34449 4
34455 19
34457 15
34459 15
34461 21
34465 17
34467 18
34468 7
34470 9
34471 15
34473 12
34481 21
34485 14
34492 10
34493 7
34495 17
34497 8
34501 15
34503 10
34506 16
34508 4
34512 4
34518 21
34522 20
34523 18
34524 15
34526 14
34531 12
34535 10
34536 10
34539 11
34544 18
34545 5
34550 4
34558 9
34559 6
34565 11
34569 12
34575 7
34577 13
34581 17
34583 10
34586 12
34592 14
34596 5
34600 13
34605 13
34611 18
34612 15
34614 19
34615 9
34617 1
34624 15
34626 1
34635 16
34637 6
34643 16
34645 4
34651 11
34655 11
34660 15
34662 18
34663 3
34669 13
34674 17
34676 14
34683 9
34685 18
34686 18
34687 8
34689 12
34693 17
34695 14
34700 12
34708 8
34710 18
34711 19
34713 12
34717 21
34721 9
34723 15
34725 7
34727 13
34733 12
34739 1
34747 18
34748 12
34754 5
34761 13
34767 11
34772 11
34778 15
34780 14
34785 16
34787 12
34793 19
34795 16
34797 2
34804 5
34809 16
34811 12
34819 10
34822 12
34830 3
34834 1
34843 8
34847 11
34851 9
34853 11
34859 12
34867 18
34868 18
34869 14
34874 21
34878 19
34879 10
34880 10
34881 15
34883 11
34888 18
34889 1
34898 3
34902 11
34907 8
34911 18
34912 9
34914 2
34925 2
34934 18
34935 19
34937 12
34945 15
34947 20
34948 13
34953 16
34955 19
34956 12
34960 19
34961 17
34963 4
34971 12
34979 11
34984 15
34986 18
34987 19
34989 15
34991 11
34996 4
35002 4
35008 9
35010 12
35014 4
35020 20
35022 18
35023 2
35034 20
35036 9
35038 12
35046 16
35048 7
35051 12
35059 12
35063 12
35071 14
35076 11
35080 3
35086 6
35090 19
35091 4
35095 11
35100 4
35106 20
35107 16
35109 8
35113 3
35118 15
35120 18
35121 20
35122 11
35126 14
35130 7
35132 9
35134 2
35143 12
35147 12
35151 3
35156 12
35164 12
35172 11
35177 9
35179 15
35181 3
35185 17
35187 8
35191 1
35201 5
35207 4
35213 4
35221 6
35227 4
35235 2
35246 12
35252 8
35256 2
35265 5
35270 16
35272 10
35273 18
35274 6
35280 18
35281 11
35288 11
35294 10
35297 6
35301 5
35307 11
35314 14
35318 4
35326 11
35333 4
35339 21
35343 10
35344 13
35349 18
35350 17
35352 19
35354 3
35360 12
35364 5
35369 2
35380 11
35387 13
35392 4
35400 18
35401 15
35403 12
35409 5
35415 11
35422 6
35426 15
35428 11
35435 11
35441 16
35443 18
35444 13
35450 4
35456 9
35457 21
35461 11
35466 2
35477 11
35482 12
35486 1
35494 11
35501 4
35509 13
35514 6
35518 10
35521 19
35522 1
35531 2
35538 4
35546 12
35552 13
35556 9
35558 14
35563 16
35565 20
35566 1
35573 18
35574 19
35576 15
35578 19
35580 9
35581 17
35583 17
35585 12
35593 21
35597 14
35602 12
35606 10
35609 18
35610 16
35612 10
35615 20
35617 11
35622 11
35628 3
35632 17
35634 12
35640 11
35646 14
35652 15
35654 15
35656 9
35657 6
35663 18
35664 9
35666 9
35667 13
35672 21
35676 19
35678 9
35679 11
35683 12
35689 11
35695 10
35696 13
35701 6
35709 20
35710 2
35719 2
35728 5
35734 19
35735 19
35737 4
35743 14
35747 18
35748 19
35749 13
35753 12
35761 6
35767 4
35773 5
35779 18
35780 8
35784 11
35791 1
35799 20
35801 9
35803 19
35804 1
35812 10
35813 18
35814 18
35815 16
35817 11
35821 12
35825 12
35829 11
35836 14
35843 21
35847 18
35848 11
35854 3
35861 10
35864 17
35866 2
35875 11
35882 8
35884 11
35891 18
35892 2
35901 2
35908 8
35912 14
35917 19
35919 20
35920 18
35921 8
35925 8
35927 6
35933 8
35937 15
35939 14
35943 17
35945 1
35953 5
35957 13
35962 18
35963 7
35966 1
35974 14
35979 18
35980 7
35983 11
35987 17
35989 19
35990 13
35995 18
35996 12
36004 16
36006 13
36010 10
36011 4
36017 17
36019 6
36027 18
36028 18
36029 12
36033 18
36034 18
36035 19
36036 7
36039 18
36040 21
36044 12
36052 7
36055 18
36056 18
36057 11
36061 11
36065 12
36071 7
36073 7
36076 1
36083 2
36094 4
36100 17
36102 18
36103 6
36111 19
36113 9
36115 9
36117 20
36118 15
36120 12
36128 2
36137 7
36140 18
36141 18
36142 15
36144 6
36148 19
36150 18
36151 15
36153 19
36154 11
36161 14
36165 11
36172 7
36174 12
36182 12
36188 2
36199 18
36200 12
36208 13
36213 15
36215 12
36221 2
36230 14
36237 14
36242 12
36248 17
36250 7
36252 11
36259 11
36263 18
36264 8
36266 10
36269 9
36271 12
36277 16
36279 15
36281 1
36290 15
36292 11
36297 19
36298 18
36299 3
36303 15
36305 14
36309 12
36315 10
36316 2
36323 20
36324 4
36328 3
36334 12
36338 11
36342 20
36344 9
36345 4
36351 12
36359 13
36363 8
36365 16
36367 15
36369 7
36372 11
36379 4
36385 20
36386 1
36394 12
36398 9
36399 4
36403 13
36408 15
36410 2
36417 2
36424 12
36432 10
36435 11
36441 16
36443 21
36447 14
36451 6
36457 14
36463 16
36465 16
36467 18
36468 5
36472 18
36473 11
36480 1
36488 5
36493 11
36499 12
36505 11
36511 13
36516 18
36517 3
36521 4
36527 15
36529 6
36533 14
36538 11
36544 17
36546 21
36550 14
36557 18
36558 12
36564 4
36570 18
36571 3
36577 21
36581 15
36583 19
36584 5
36588 11
36592 5
36598 16
36600 15
36602 11
36608 8
36612 21
36616 3
36622 2
36631 3
36638 2
36649 19
36651 4
36657 18
36658 11
36665 3
36671 10
36672 2
36683 18
36684 11
36690 12
36694 2
36703 18
36704 12
36712 9
36714 20
36716 1
36726 2
36735 3
36740 14
36746 3
36750 1
36758 8
36762 11
36767 19
36768 18
36769 1
36777 21
36781 2
36790 10
36791 16
36793 13
36798 12
36806 3
36812 11
36818 3
36824 4
36832 4
36838 16
36840 16
36842 1
36850 19
36851 9
36853 11
36857 8
36859 10
36860 14
36867 20
36868 15
36870 6
36876 12
36884 12
36892 6
36900 11
36905 17
36907 4
36915 10
36916 1
36924 21
36928 16
36930 5
36935 11
36942 9
36943 6
36951 11
36958 1
36966 20
36967 16
36969 11
36973 10
36976 16
36978 12
36984 8
36988 6
36996 4
37002 18
37003 20
37005 18
37006 15
37008 18
37009 17
37011 5
37017 12
37021 5
37025 9
37027 8
37029 1
37039 2
37050 7
37052 12
37060 11
37065 10
37068 1
37076 1
37084 3
37088 16
37090 11
37096 10
37097 12
37101 6
37107 9
37108 14
37115 10
37116 13
37122 4
37128 8
37132 3
37136 14
37142 13
37148 11
37155 12
37161 12
37165 4
37171 16
37173 12
37181 12
37189 4
37195 1
37202 8
37204 12
37210 18
37211 18
37212 9
37214 20
37216 14
37222 11
37229 9
37231 6
37237 7
37239 18
37240 5
37244 9
37246 5
37250 14
37255 12
37261 11
37265 1
37275 20
37276 9
37277 5
37282 7
37284 12
37288 11
37293 7
37296 11
37301 15
37303 12
37311 7
37314 14
37319 12
37325 6
37333 5
37339 6
37347 7
37349 3
37356 1
37363 11
37367 17
37369 11
37374 13
37379 3
37383 17
37385 12
37391 1
37400 12
37406 3
37413 19
37415 5
37420 1
37428 5
37433 15
37435 1
37442 12
37446 6
37452 15
37454 3
37461 17
37463 21
37467 5
37472 18
37473 4
37477 11
37484 9
37485 8
37489 19
37490 11
37494 12
37500 7
37502 15
37504 4
37510 18
37511 12
37519 2
37528 15
37530 9
37532 2
37539 6
37543 21
37547 1
37556 4
37560 19
37562 11
37569 8
37571 6
37579 7
37582 18
37583 11
37590 4
37598 9
37599 2
37610 16
37612 7
37614 16
37616 9
37618 21
37622 18
37623 2
37630 5
37634 12
37642 15
37644 3
37651 6
37655 9
37657 15
37659 20
37661 16
37663 20
37665 18
37666 11
37671 14
37675 18
37676 11
37681 12
37689 2
37696 7
37699 18
37700 5
37706 2
37715 9
37717 2
37726 4
37734 15
37736 21
37740 16
37742 20
37743 1
37751 2
37760 5
37764 5
37771 1
37779 18
37780 2
37791 18
37792 11
37799 4
37807 4
37813 19
37815 20
37817 8
37821 10
37822 9
37823 14
37828 5
37833 21
37837 15
37839 21
37843 1
37851 10
37852 8
37854 16
37856 6
37862 12
37870 14
37876 11
37880 12
37886 20
37887 3
37894 15
37896 16
37898 1
37907 10
37908 16
37910 15
37912 11
37917 18
37918 7
37920 11
37927 12
37935 12
37941 10
37944 9
37945 21
37949 10
37950 12
37956 8
37958 18
37959 11
37964 18
37965 19
37967 15
37969 13
37975 13
37979 18
37980 15
37982 3
37987 19
37989 16
37991 12
37997 8
38001 16
38003 1
38012 3
38016 15
38018 11
38022 10
38023 17
38025 7
38028 1
38036 4
38042 8
38046 10
38047 21
38051 12
38057 13
38062 20
38064 1
38071 11
38076 4
38084 10
38085 1
38095 11
38101 17
38103 20
38105 15
38107 18
38108 12
38114 8
38116 16
38118 12
38124 4
38132 8
38134 8
38138 21
38142 16
38144 11
38148 10
38149 14
38154 12
38160 18
38161 12
38167 9
38168 6
38176 11
38181 11
38187 1
38194 1
38201 5
38205 19
38207 11
38213 15
38215 11
38219 9
38221 12
38227 15
38229 3
38235 10
38236 4
38242 6
38246 3
38251 5
38257 17
38259 9
38261 8
38263 2
38272 20
38273 18
38274 12
38280 12
38286 5
38292 14
38299 12
38307 17
38309 14
38315 21
38319 12
38325 12
38333 7
38336 12
38342 12
38346 5
38353 11
38360 20
38362 4
38370 11
38377 11
38384 11
38390 7
38392 16
38394 7
38396 21
38400 9
38402 13
38406 6
38412 2
38421 18
38422 12
38426 1
38434 4
38442 4
38448 10
38449 19
38451 3
38456 18
38457 14
38464 18
38465 12
38471 6
38477 12
38481 1
38489 7
38491 18
38492 15
38494 19
38495 11
38499 8
38501 5
38508 9
38510 21
38514 21
38518 9
38519 19
38521 12
38525 11
38530 10
38531 18
38532 14
38538 21
38542 17
38544 8
38546 4
38552 6
38558 9
38559 14
38564 2
38575 5
38581 7
38584 15
38586 12
38592 12
38598 18
38599 7
38601 11
38605 16
38607 20
38608 11
38612 4
38618 3
38622 12
38628 4
38636 15
38638 10
38639 12
38643 2
38652 18
38653 11
38658 6
38662 12
38670 17
38672 17
38674 18
38675 21
38679 7
38681 6
38689 20
38690 12
38694 16
38696 15
38698 15
38700 4
38706 3
38711 8
38715 16
38717 16
38719 19
38721 4
38729 18
38730 12
38734 16
38736 11
38740 15
38742 19
38744 10
38745 5
38752 5
38758 15
38760 2
38769 4
38773 12
38779 13
38785 10
38788 16
38790 2
38801 18
38802 21
38806 4
38812 9
38813 2
38822 4
38830 12
38836 6
38842 12
38848 14
38852 3
38859 21
38863 12
38869 18
38870 7
38872 13
38877 18
38878 20
38879 11
38886 13
38891 21
38895 17
38897 12
38903 13
38908 18
38909 19
38910 13
38915 4
38921 12
38929 8
38933 8
38937 19
38939 21
38943 5
38950 4
38958 21
38962 17
38964 19
38965 10
38966 20
38968 8
38972 8
38974 7
38976 10
38977 17
38979 13
38984 18
38985 4
38989 17
38991 14
38998 19
38999 2
39008 7
39011 11
39018 18
39019 8
39023 18
39024 11
39029 10
39030 11
39035 10
39036 15
39038 2
39047 14
39051 9
39053 15
39055 15
39057 20
39059 3
39063 14
39068 15
39070 8
39074 4
39078 3
39085 11
39089 11
39095 5
39100 2
39107 12
39113 12
39117 14
39124 1
39131 12
39135 11
39142 13
39146 19
39147 18
39148 18
39149 11
39153 11
39159 9
39161 7
39164 2
39171 14
39178 11
39182 12
39186 18
39187 21
39191 11
39198 15
39200 14
39206 10
39207 11
39211 21
39215 3
39222 12
39228 19
39230 8
39232 9
39233 11
39239 15
39241 7
39243 17
39245 11
39249 7
39252 11
39258 8
39260 15
39262 14
39269 4
39277 12
39281 21
39285 7
39287 6
39293 8
39295 11
39302 17
39304 15
39306 2
39315 16
39317 13
39322 21
39326 7
39329 2
39340 4
39346 11
39350 7
39352 7
39354 15
39356 15
39358 15
39360 21
39364 18
39365 11
39372 1
39379 5
39383 18
39384 18
39385 18
39386 15
39388 20
39389 2
39400 12
39404 14
39409 18
39410 5
39415 11
39421 13
39426 14
39430 15
39432 17
39434 6
39440 18
39441 3
39448 19
39450 7
39453 10
39454 19
39456 9
39458 9
39459 12
39463 18
39464 13
39469 16
39471 12
39477 20
39479 2
39488 15
39490 4
39496 19
39497 18
39498 1
39507 12
39515 10
39516 12
39524 12
39532 10
39533 10
39534 3
39541 10
39542 17
39544 10
39547 12
39553 11
39557 12
39561 16
39563 14
39570 19
39572 12
39576 15
39578 19
39579 18
39580 12
39584 21
39588 3
39593 11
39597 21
39601 18
39602 8
39604 2
39611 19
39612 6
39616 15
39618 6
39624 7
39626 1
39635 11
39640 12
39646 18
39647 11
39651 18
39652 3
39658 3
39662 21
39666 12
39672 21
39676 16
39678 3
39683 12
39689 2
39698 9
39700 17
39702 1
39711 5
39717 10
39720 4
39724 5
39731 15
39733 8
39737 11
39742 11
39747 13
39752 10
39753 11
39758 10
39761 13
39766 11
39770 2
39779 3
39784 21
39788 18
39789 15
39791 12
39795 12
39799 16
39801 20
39803 12
39811 12
39815 12
39823 19
39824 20
39825 19
39827 20
39829 21
39833 8
39835 11
39839 4
39847 6
39855 16
39857 15
39859 1
39866 18
39867 17
39869 18
39870 5
39876 12
39880 14
39884 5
39888 11
39893 12
39899 7
39901 9
39902 12
39908 16
39910 1
39919 15
39921 1
39931 6
39937 17
39939 5
39945 9
39947 16
39949 15
39951 7
39954 11
39958 11
39964 9
39966 10
39969 13
39975 16
39977 15
39979 11
39985 14
39991 21
39995 15
39997 12
40003 18
40004 1
40014 16
40016 6
40020 12
40026 4
40032 2
40041 20
40042 7
40045 20
40046 11
40052 1
40060 8
40064 21
40068 16
40070 19
40072 8
40074 12
40082 21
40086 20
40088 15
40090 13
40095 19
40096 3
40103 12
40109 10
40112 11
40119 5
40124 7
40127 7
40129 8
40131 11
40137 16
40139 14
40145 19
40146 7
40149 14
40155 11
40161 9
40163 11
40170 11
40174 4
40182 2
40193 12
40201 12
40209 11
40215 16
40217 14
40223 6
40229 5
40235 7
40238 16
40240 12
40246 15
40248 20
40249 10
40252 14
40258 12
40264 7
40266 20
40267 15
40269 21
40273 19
40275 14
40281 2
40292 5
40296 1
40304 1
40314 19
40315 18
40316 5
40323 11
40328 4
40334 1
40344 1
40351 21
40355 7
40358 12
40364 11
40370 1
40377 20
40379 19
40380 1
40387 20
40388 18
40389 3
40395 15
40397 12
40401 19
40403 7
40405 3
40410 12
40416 7
40418 11
40425 9
40426 4
40430 7
40432 3
40437 9
40438 9
40439 9
40440 10
40443 11
40449 1
40459 21
40463 19
40465 15
40467 12
40473 19
40474 6
40480 9
40481 11
40486 10
40487 12
40495 10
40496 21
40500 6
40506 12
40510 6
40516 9
40517 1
40526 9
40528 6
40534 15
40536 3
40540 3
40545 4
40549 21
40553 12
40559 11
40563 7
40565 11
40569 13
40574 17
40576 3
40581 12
40587 2
40596 18
40597 2
40608 19
40609 20
40610 7
40612 11
40618 4
40624 1
40632 19
40633 11
40640 8
40644 18
40645 21
40649 12
40653 16
40655 12
40663 20
40665 4
40673 11
40679 16
40681 2
40690 7
40692 10
40693 12
40697 11
40704 2
40713 12
40717 17
40719 7
40722 8
40726 4
40732 12
40738 17
40740 5
40744 11
40749 11
40754 20
40755 13
40760 8
40764 20
40766 19
40767 21
40771 14
40778 12
40786 6
40790 11
40797 8
40801 10
40802 5
40807 8
40809 2
40820 13
40826 5
40832 3
40839 10
40840 5
40845 14
40852 12
40858 12
40864 12
40870 13
40875 20
40877 13
40882 6
40886 20
40888 18
40889 14
40894 6
40902 15
40904 11
40911 18
40912 12
40918 12
40926 20
40927 13
40933 10
40936 21
40940 6
40946 19
40947 7
40949 21
40953 18
40954 15
40956 7
40958 20
40960 11
40965 10
40966 6
40972 13
40977 6
40983 12
40989 8
40993 13
40998 12
41002 11
41006 3
41010 11
41014 12
41020 19
41022 11
41026 19
41027 2
41038 21
41042 6
41048 18
41049 21
41053 12
41059 6
41067 19
41068 14
41075 8
41077 9
41078 1
41088 11
41095 3
41100 11
41107 2
41116 5
41123 8
41125 10
41126 11
41131 13
41136 10
41139 5
41143 11
41149 11
41155 9
41157 11
41161 5
41167 12
41171 13
41176 2
41185 4
41191 6
41197 12
41203 20
41204 6
41208 4
41214 14
41218 21
41222 3
41227 10
41230 16
41232 7
41235 16
41237 11
41244 9
41245 12
41253 18
41254 2
41261 12
41267 9
41269 6
41273 2
41282 12
41286 1
41296 15
41298 12
41304 9
41306 2
41313 11
41317 5
41324 21
41328 1
41337 11
41342 9
41343 2
41352 15
41354 7
41356 13
41361 10
41362 1
41372 10
41373 7
41376 12
41384 12
41390 20
41391 1
41398 18
41399 11
41403 5
41407 11
41411 1
41420 2
41427 12
41433 5
41438 12
41444 6
41450 12
41456 13
41460 12
41468 11
41473 12
41479 16
41481 7
41484 18
41485 10
41488 20
41489 1
41498 8
41502 17
41504 11
41509 15
41511 21
41515 6
41519 20
41521 1
41528 19
41529 12
41537 14
41541 14
41548 8
41552 8
41556 12
41560 1
41569 8
41571 7
41573 18
41574 3
41579 20
41580 15
41582 7
41584 18
41585 4
41591 18
41592 8
41594 11
41598 3
41603 16
41605 21
41609 1
41618 12
41622 11
41626 18
41627 5
41633 18
41634 18
41635 10
41636 9
41637 3
41642 14
41649 17
41651 10
41652 17
41654 18
41655 9
41656 15
41658 15
41660 20
41662 14
41667 15
41669 3
41676 12
41680 15
41682 7
41684 11
41689 19
41691 9
41693 7
41695 4
41701 5
41706 11
41713 18
41714 7
41717 12
41723 13
41728 17
41730 14
41736 15
41738 11
41743 14
41748 15
41750 3
41755 11
41760 6
41766 11
41772 2
41781 19
41783 3
41787 7
41789 11
41795 2
41804 3
41808 11
41815 12
41821 19
41822 8
41826 8
41830 15
41832 16
41834 19
41835 1
41845 4
41851 7
41853 19
41855 1
41862 1
41872 18
41873 8
41877 1
41885 20
41887 18
