10000
1 12
8 13
13 9
14 3
21 9
23 8
26 16
28 12
36 13
42 5
48 12
55 6
62 19
64 19
66 1
75 18
76 17
78 19
80 21
84 1
93 9
94 7
96 20
98 15
100 18
101 11
108 8
112 11
119 12
127 21
131 18
132 11
139 19
141 8
144 8
147 10
150 4
158 7
160 8
162 5
168 14
173 11
180 16
182 18
183 17
185 12
191 11
197 20
199 19
201 2
210 4
217 18
218 16
220 1
230 8
233 6
240 13
245 4
252 11
258 7
260 12
268 18
269 10
272 13
278 3
285 13
291 15
293 17
295 19
297 12
303 10
306 12
314 6
320 19
322 12
328 18
329 4
335 3
341 13
346 8
349 18
350 19
352 9
354 1
363 5
370 4
377 20
379 18
380 6
387 10
389 18
390 14
396 5
403 1
412 8
415 10
416 4
423 2
433 9
434 6
440 3
447 3
454 12
461 12
468 17
470 6
476 13
482 11
488 1
498 12
505 11
512 11
518 18
519 7
521 2
530 9
532 11
538 13
543 8
547 8
549 9
551 7
554 11
560 16
562 11
569 14
576 7
578 6
585 10
587 9
589 11
595 5
602 15
604 9
605 14
612 8
615 7
617 14
623 20
625 1
634 17
636 14
641 1
650 11
656 11
662 11
669 15
671 3
677 3
684 8
688 15
690 15
692 7
695 18
696 20
698 15
700 17
702 3
709 16
711 13
716 14
722 15
724 18
725 6
731 16
733 9
734 4
741 3
747 14
753 4
760 11
767 18
768 20
770 11
776 12
782 18
783 19
785 5
791 11
797 7
800 9
802 12
810 9
811 7
814 2
825 11
832 18
833 21
837 16
839 7
842 5
848 14
853 7
856 7
859 11
866 3
872 7
874 11
880 2
890 8
894 19
896 4
903 19
905 5
912 13
918 12
925 9
927 18
928 5
935 10
937 11
943 11
950 18
951 18
952 15
954 2
964 5
971 20
973 10
975 4
981 9
983 12
990 11
997 1
1006 6
1012 4
1019 12
1026 3
1032 11
1039 18
1040 1
1050 10
1051 12
1059 16
1061 11
1068 15
1070 1
1080 12
1087 8
1089 21
1093 11
1100 13
1106 21
1110 18
1111 15
1113 5
1119 3
1126 14
1132 12
1138 17
1140 18
1141 6
1148 11
1154 18
1155 3
1161 1
1170 3
1176 14
1183 8
1185 18
1186 18
1187 4
1195 5
1202 2
1212 9
1213 16
1215 10
1218 11
1224 5
1231 9
1232 14
1238 10
1241 13
1246 18
1247 14
1253 15
1255 7
1258 1
1267 5
1274 5
1281 19
1283 1
1293 1
1302 10
1305 11
1311 12
1318 6
1325 17
1327 12
1335 11
1341 18
1342 19
1344 14
1350 4
1357 18
1358 18
1359 6
1365 7
1367 12
1374 8
1377 7
1380 7
1382 16
1384 9
1385 2
1395 5
1401 13
1407 12
1414 6
1421 17
1423 7
1425 13
1431 9
1433 21
1437 3
1444 9
1446 15
1448 8
1452 16
1454 20
1456 17
1458 8
1461 5
1467 15
1469 11
1475 8
1477 20
1479 17
1481 8
1485 9
1487 14
1493 18
1494 20
1496 12
1502 12
1508 12
1515 2
1526 11
1532 20
1534 20
1536 12
1543 9
1544 6
1551 5
1558 4
1565 10
1568 11
1574 18
1575 14
1581 4
1587 1
1597 3
1603 16
1605 1
1614 8
1618 5
1624 7
1627 14
1634 6
1640 17
1642 16
1644 5
1651 9
1653 12
1660 11
1667 6
1674 7
1676 7
1678 17
1680 21
1684 12
1691 4
1698 3
1704 18
1705 11
1711 2
1722 12
1728 10
1731 16
1733 20
1735 1
1745 5
1751 10
1753 15
1755 10
1758 21
1762 7
1764 15
1766 12
1773 6
1780 19
1782 17
1784 18
1785 17
1787 15
1789 17
1791 7
1794 13
1799 21
1803 7
1806 17
1808 1
1817 16
1819 13
1825 6
1833 12
1840 2
1851 9
1852 19
1854 9
1856 15
1858 12
1866 12
1874 14
1881 6
1887 17
1889 4
1895 16
1897 11
1904 12
1912 3
1918 11
1925 9
1927 19
1929 16
1931 20
1933 14
1938 12
1944 11
1950 4
1957 12
1964 8
1968 10
1971 12
1979 9
1981 5
1988 5
1995 12
2003 1
2012 11
2019 10
2022 12
2029 11
2035 15
2037 5
2043 21
2047 13
2053 6
2061 2
2071 13
2077 5
2083 16
2085 21
2089 19
2091 12
2098 4
2106 11
2113 8
2115 20
2117 18
2118 2
2127 9
2129 21
2133 12
2141 10
2143 6
2149 11
2156 12
2162 18
2163 19
2165 17
2167 5
2173 9
2174 12
2181 21
2185 4
2192 10
2194 11
2200 9
2202 12
2209 13
2214 15
2216 3
2222 3
2229 11
2236 5
2242 11
2248 18
2249 9
2250 15
2252 7
2255 15
2257 12
2264 16
2266 6
2272 12
2279 12
2285 4
2293 19
2295 14
2302 11
2308 9
2309 2
2318 5
2325 16
2327 10
2329 19
2331 10
2334 12
2342 6
2348 20
2350 5
2356 16
2358 6
2365 5
2371 16
2373 6
2381 20
2383 16
2385 15
2387 15
2389 11
2395 18
2396 7
2399 6
2407 14
2414 12
2422 16
2424 10
2425 11
2432 11
2439 11
2445 9
2446 17
2448 20
2450 1
2460 4
2467 11
2473 16
2475 12
2482 9
2484 16
2486 17
2488 9
2490 3
2496 6
2503 11
2509 11
2516 11
2523 11
2530 13
2536 6
2543 17
2545 1
2554 19
2556 12
2562 21
2566 3
2573 15
2575 20
2577 9
2578 4
2584 13
2590 19
2592 11
2599 18
2600 11
2606 12
2612 15
2614 13
2619 14
2624 18
2625 17
2627 20
2629 1
2639 19
2641 4
2649 11
2655 9
2657 2
2666 4
2672 11
2678 10
2680 1
2690 17
2692 3
2698 15
2700 11
2707 9
2708 11
2715 19
2717 16
2719 9
2721 13
2726 16
2728 18
2729 2
2739 18
2740 4
2747 18
2748 20
2750 20
2752 21
2756 14
2762 12
2768 11
2775 4
2783 8
2785 12
2793 19
2795 1
2804 14
2810 2
2819 18
2820 4
2827 10
2830 5
2837 1
2847 3
2854 15
2856 4
2862 14
2868 21
2872 12
2878 16
2880 3
2886 20
2888 18
2889 11
2895 15
2897 2
2907 12
2914 11
2920 11
2926 4
2933 4
2941 6
2949 12
2956 9
2958 8
2960 4
2967 8
2969 20
2971 12
2979 4
2987 15
2989 14
2995 16
2997 19
2999 11
3006 11
3012 2
3022 3
3028 14
3034 13
3040 11
3046 21
3050 12
3058 7
3060 11
3066 11
3072 15
3074 12
3081 8
3084 6
3091 1
3101 6
3107 14
3113 21
3117 3
3123 15
3125 4
3133 9
3135 19
3137 12
3145 11
3152 3
3159 13
3165 12
3172 1
3181 15
3183 8
3185 19
3187 12
3195 4
3203 4
3210 19
3212 13
3217 11
3224 19
3226 14
3233 7
3235 3
3242 11
3248 11
3255 5
3262 16
3264 12
3271 13
3277 9
3278 4
3286 13
3292 19
3294 12
3300 12
3306 18
3307 13
3312 20
3314 15
3316 5
3323 15
3325 8
3328 18
3329 14
3335 11
3341 11
3348 17
3350 12
3358 11
3364 6
3372 4
3380 10
3382 11
3389 21
3393 4
3400 21
3404 15
3406 1
3416 4
3422 12
3428 12
3434 7
3436 6
3444 12
3451 11
3458 21
3462 4
3470 13
3476 11
3483 10
3486 14
3493 12
3499 11
3505 17
3507 4
3514 12
3521 4
3527 9
3528 11
3535 4
3541 11
3548 11
3555 12
3562 20
3564 7
3567 11
3573 3
3579 12
3585 14
3591 12
3598 13
3604 2
3615 5
3621 5
3628 21
3632 12
3638 6
3645 19
3647 13
3652 12
3660 5
3667 18
3668 21
3672 16
3674 1
3683 7
3686 1
3695 16
3697 17
3699 12
3706 12
3713 15
3715 11
3721 18
3722 12
3729 14
3735 12
3742 12
3750 10
3753 13
3758 2
3768 12
3775 14
3780 2
3791 10
3794 3
3800 10
3802 14
3809 8
3811 9
3812 2
3822 11
3829 21
3833 1
3843 10
3846 19
3848 18
3849 8
3853 7
3855 16
3857 3
3864 11
3871 13
3876 18
3877 18
3878 3
3884 16
3886 12
3894 3
3900 21
3904 3
3911 12
3919 12
3926 12
3934 1
3943 11
3950 9
3951 2
3960 10
3962 6
3970 13
3975 18
3976 2
3986 18
3987 11
3993 12
4001 18
4002 1
4012 3
4019 18
4020 14
4027 9
4028 14
4034 17
4036 3
4043 18
4044 19
4046 2
4056 16
4058 8
4060 20
4062 5
4069 19
4071 14
4077 9
4078 1
4087 7
4089 3
4096 19
4098 12
4105 12
4111 20
4113 2
4122 5
4129 11
4135 19
4137 18
4138 11
4144 14
4150 14
4156 20
4158 18
4159 5
4166 18
4167 11
4173 21
4177 19
4179 11
4185 12
4193 16
4195 20
4197 2
4208 3
4214 6
4222 5
4229 17
4231 19
4233 6
4240 18
4241 11
4247 4
4254 18
4255 7
4258 17
4260 6
4268 13
4274 14
4280 12
4287 11
4294 15
4296 14
4301 13
4306 19
4308 8
4310 2
4321 19
4323 19
4325 11
4331 12
4337 15
4339 1
4348 17
4350 16
4352 13
4358 1
4367 12
4374 9
4375 18
4376 12
4383 17
4385 4
4392 1
4402 16
4404 11
4410 8
4413 5
4419 1
4428 8
4430 9
4431 20
4433 15
4435 9
4437 13
4442 8
4445 17
4447 16
4449 12
4456 10
4457 12
4463 14
4470 1
4479 12
4485 12
4491 18
4492 20
4494 13
4499 3
4506 16
4508 20
4510 10
4511 18
4512 12
4518 12
4525 21
4529 15
4531 11
4538 6
4544 5
4550 1
4559 11
4565 15
4567 12
4574 4
4581 17
4583 18
4584 12
4592 3
4598 11
4605 20
4607 21
4611 18
4612 11
4618 18
4619 13
4625 10
4627 3
4634 18
4635 21
4639 11
4646 12
4653 20
4655 17
4657 12
4664 12
4671 21
4675 18
4676 10
4677 16
4679 10
4681 18
4682 5
4689 6
4695 8
4699 11
4705 2
4716 6
4723 6
4730 18
4731 12
4738 11
4745 5
4752 11
4758 15
4760 18
4761 4
4767 15
4769 19
4771 7
4773 19
4775 11
4782 19
4784 2
4793 18
4794 9
4796 8
4800 4
4807 11
4814 15
4816 9
4817 11
4824 5
4830 12
4837 7
4840 2
4850 1
4860 8
4864 18
4865 12
4871 5
4877 12
4885 10
4886 11
4892 7
4895 14
4901 16
4903 13
4909 11
4915 17
4917 11
4924 19
4926 5
4932 15
4934 18
4935 5
4941 11
4948 5
4955 15
4957 10
4960 20
4962 12
4968 14
4973 14
4978 4
4985 11
4991 1
5000 13
5006 2
5016 18
5017 11
5023 15
5025 18
5026 2
5036 7
5039 11
5046 12
5053 10
5056 12
5063 7
5066 5
5072 12
5078 16
5080 5
5086 12
5093 4
5101 11
5107 11
5114 7
5117 8
5121 19
5123 17
5125 19
5127 14
5133 6
5139 3
5145 20
5147 4
5153 17
5155 12
5162 6
5169 20
5171 15
5173 6
5181 12
5187 7
5189 20
5191 11
5198 16
5200 6
5207 11
5213 15
5215 11
5222 16
5224 8
5227 9
5229 19
5231 8
5235 9
5237 21
5241 7
5243 21
5247 3
5254 16
5256 5
5262 4
5270 19
5272 11
5279 5
5285 1
5295 15
5297 18
5298 12
5305 15
5307 2
5316 10
5319 11
5326 3
5333 18
5334 3
5340 18
5341 9
5342 1
5351 5
5358 12
5365 10
5368 12
5376 19
5378 6
5385 4
5391 4
5397 11
5404 2
5415 11
5422 18
5423 9
5425 17
5427 18
5428 16
5430 17
5432 6
5439 12
5446 17
5448 1
5458 15
5460 16
5462 19
5464 20
5466 20
5468 6
5475 20
5477 19
5479 7
5481 13
5487 17
5489 1
5499 20
5501 19
5503 11
5510 12
5518 14
5523 19
5525 13
5530 11
5536 11
5542 12
5549 4
5556 15
5558 12
5564 16
5566 13
5571 11
5578 7
5581 17
5583 16
5585 9
5587 1
5597 2
5606 16
5608 13
5613 11
5619 9
5621 4
5628 15
5630 6
5638 19
5640 4
5647 6
5653 3
5659 11
5666 9
5668 3
5675 4
5682 5
5688 8
5691 12
5697 5
5703 4
5709 10
5711 20
5713 6
5720 18
5721 11
5728 10
5730 18
5731 18
5732 11
5738 11
5744 8
5748 21
5752 11
5758 18
5759 15
5761 7
5764 9
5765 10
5768 7
5771 12
5778 16
5780 1
5790 2
5799 12
5806 9
5808 6
5815 11
5822 14
5828 7
5831 12
5839 9
5840 10
5842 17
5844 13
5849 4
5857 12
5865 4
5872 18
5873 9
5875 16
5877 18
5878 5
5885 6
5892 17
5894 9
5895 6
5903 3
5909 6
5915 17
5917 15
5919 8
5921 12
5928 7
5931 16
5933 5
5939 13
5945 17
5947 16
5949 14
5955 11
5962 1
5972 17
5974 2
5984 8
5986 1
5995 4
6002 6
6009 12
6017 10
6019 11
6026 12
6033 16
6035 12
6042 7
6045 11
6051 13
6056 13
6062 12
6068 20
6070 4
6077 18
6078 16
6080 12
6088 1
6097 1
6107 21
6111 5
6117 1
6126 17
6128 12
6135 18
6136 21
6140 1
6149 8
6152 12
6159 12
6167 20
6169 8
6172 18
6173 19
6175 7
6178 8
6182 19
6184 6
6192 7
6195 1
6205 6
6213 17
6215 14
6221 11
6227 18
6228 4
6235 19
6237 13
6243 18
6244 18
6245 10
6247 17
6249 16
6251 3
6258 12
6265 12
6273 13
6278 4
6284 9
6286 11
6292 18
6293 20
6295 1
6305 17
6307 18
6308 12
6314 15
6316 17
6318 20
6320 11
6327 9
6328 10
6330 11
6336 2
6346 1
6356 1
6366 3
6372 15
6374 11
6381 13
6386 18
6387 11
6393 9
6394 19
6396 13
6401 12
6407 19
6409 20
6411 16
6413 16
6415 3
6422 5
6429 10
6430 20
6432 2
6441 12
6448 16
6450 12
6457 4
6463 8
6465 21
6469 1
6479 4
6486 15
6488 18
6489 20
6491 12
6497 16
6499 6
6507 3
6514 20
6516 18
6517 15
6519 2
6530 11
6537 11
6543 11
6550 10
6552 12
6559 17
6561 4
6567 11
6574 18
6575 11
6582 18
6583 10
6585 1
6594 8
6597 11
6604 18
6605 11
6612 6
6618 13
6623 6
6631 12
6638 7
6640 16
6642 13
6648 3
6654 14
6659 14
6665 16
6667 19
6669 13
6674 5
6680 13
6685 20
6687 20
6689 11
6695 19
6697 5
6704 9
6706 11
6713 8
6715 1
6724 11
6731 21
6735 7
6738 19
6740 2
6750 8
6752 6
6759 18
6760 19
6762 14
6768 3
6775 10
6777 15
6779 13
6784 12
6790 11
6796 12
6803 13
6808 21
6812 9
6814 15
6816 12
6823 14
6829 4
6837 12
6845 1
6855 12
6863 4
6870 11
6876 1
6886 14
6893 19
6895 6
6901 10
6903 18
6904 10
6907 13
6913 1
6922 12
6928 11
6935 12
6942 20
6944 5
6950 15
6952 14
6958 2
6967 21
6971 12
6978 19
6980 3
6987 17
6989 21
6993 12
7000 13
7005 12
7013 18
7014 15
7016 16
7018 11
7024 6
7032 21
7036 12
7043 12
7050 17
7052 12
7059 11
7065 9
7067 15
7069 13
7074 9
7075 15
7077 10
7080 15
7082 16
7084 9
7085 14
7091 20
7093 10
7095 4
7101 16
7103 11
7110 14
7116 20
7118 7
7121 2
7130 11
7137 17
7139 18
7140 11
7146 9
7147 12
7153 14
7159 18
7160 1
7170 11
7176 19
7178 20
7180 8
7184 15
7186 3
7192 2
7201 11
7208 18
7209 10
7212 2
7223 11
7229 1
7239 9
7240 20
7242 4
7249 21
7253 9
7255 9
7257 11
7264 8
7266 12
7274 20
7276 10
7277 4
7285 2
7296 13
7301 20
7303 16
7305 3
7312 8
7314 13
7319 13
7325 21
7329 7
7332 18
7333 2
7344 20
7346 1
7355 10
7356 10
7358 12
7366 15
7368 1
7378 11
7384 9
7386 16
7388 11
7395 12
7403 5
7410 8
7413 18
7414 2
7425 12
7433 12
7441 12
7448 20
7450 18
7451 15
7453 1
7463 8
7466 21
7470 15
7472 4
7479 6
7487 17
7489 11
7495 20
7497 10
7498 19
7500 10
7502 18
7503 11
7510 11
7516 9
7518 18
7519 2
7530 18
7531 12
7537 19
7539 17
7541 21
7545 7
7548 12
7555 16
7557 15
7559 14
7565 11
7571 7
7574 16
7576 10
7579 12
7586 6
7593 18
7594 6
7600 3
7607 19
7609 21
7613 10
7615 11
7621 3
7627 3
7634 14
7640 16
7642 4
7649 6
7656 17
7658 8
7661 4
7668 18
7669 16
7671 8
7674 3
7680 18
7681 13
7686 21
7690 11
7697 4
7703 15
7705 20
7707 20
7709 11
7716 7
7719 15
7721 5
7727 19
7729 17
7731 13
7737 16
7739 11
7746 16
7748 18
7749 14
7755 18
7756 16
7758 16
7760 17
7762 18
7763 11
7769 20
7771 10
7773 19
7775 18
7776 2
7786 11
7792 7
7794 13
7800 5
7806 18
7807 12
7814 17
7816 10
7818 18
7819 21
7823 20
7825 16
7827 11
7833 2
7843 14
7849 1
7858 11
7865 11
7872 2
7881 18
7882 7
7884 7
7887 15
7889 14
7895 11
7902 21
7906 1
7916 12
7924 8
7927 16
7929 15
7931 20
7933 18
7934 18
7935 6
7942 3
7949 5
7956 11
7962 21
7966 13
7971 6
7977 21
7981 15
7983 21
7987 16
7989 11
7996 9
7997 11
8004 18
8005 2
8015 13
8021 8
8023 9
8024 11
8031 2
8041 12
8048 19
8050 1
8059 20
8061 12
8068 11
8075 18
8076 6
8083 18
8084 11
8090 3
8097 16
8099 21
8103 12
8109 17
8111 6
8118 5
8124 11
8130 8
8133 6
8141 1
8150 14
8157 16
8159 18
8160 15
8162 10
8164 3
8170 7
8173 19
8175 10
8177 8
8180 2
8189 17
8191 21
8195 6
8202 4
8208 20
8210 15
8212 12
8218 15
8220 18
8221 15
8223 8
8227 11
8234 15
8236 1
8246 21
8250 11
8257 15
8259 13
8265 18
8266 16
8268 18
8269 7
8272 15
8274 2
8285 5
8292 8
8295 13
8300 8
8303 12
8309 21
8313 10
8314 18
8315 9
8316 5
8323 7
8326 12
8333 4
8340 11
8346 3
8353 11
8360 12
8366 12
8373 16
8375 17
8377 20
8379 16
8381 17
8383 13
8388 5
8394 15
8396 17
8398 20
8400 12
8408 3
8414 18
8415 6
8421 5
8428 12
8436 6
8444 4
8450 9
8451 19
8453 1
8462 10
8465 8
8468 10
8470 10
8473 4
8480 18
8481 17
8483 20
8485 11
8491 6
8498 12
8506 11
8512 18
8513 12
8520 1
8530 2
8541 14
8546 18
8547 18
8548 12
8555 16
8557 16
8559 2
8569 2
8579 11
8585 12
8592 18
8593 18
8594 13
8599 8
8601 9
8602 1
8611 4
8619 18
8620 17
8622 5
8628 18
8629 1
8639 15
8641 11
8647 15
8649 9
8651 5
8657 7
8659 11
8665 11
8672 2
8683 16
8685 18
8686 2
8696 11
8702 11
8709 16
8711 13
8717 4
8724 11
8730 18
8731 5
8738 15
8740 8
8744 15
8746 10
8747 21
8751 7
8753 10
8756 12
8763 9
8764 18
8765 10
8767 1
8777 5
8784 11
8791 21
8795 4
8801 13
8806 15
8808 13
8814 2
8825 16
8827 2
8836 12
8844 5
8850 12
8856 16
8858 2
8868 11
8874 12
8880 19
8882 18
8883 1
8893 16
8895 12
8902 15
8904 11
8910 18
8911 13
8917 18
8918 19
8920 12
8927 12
8935 2
8946 12
8953 10
8954 10
8956 9
8957 3
8964 2
8974 21
8978 13
8984 7
8986 1
8996 4
9003 19
9005 16
9007 7
9009 14
9016 10
9017 5
9023 15
9025 4
9031 11
9037 7
9039 5
9046 20
9048 19
9050 11
9056 15
9058 16
9060 11
9066 18
9067 20
9069 7
9072 11
9079 11
9085 1
9095 21
9099 12
9106 12
9114 19
9116 10
9117 18
9118 11
9125 1
9134 3
9140 1
9150 11
9157 15
9159 4
9166 3
9172 1
9181 19
9183 11
9190 12
9197 15
9199 2
9210 21
9214 12
9221 18
9222 3
9228 4
9236 16
9238 9
9240 1
9249 15
9251 11
9258 9
9260 16
9262 13
9267 7
9269 18
9270 9
9272 20
9274 11
9280 10
9282 18
9283 10
9284 8
9287 16
9289 1
9298 13
9304 7
9307 19
9309 11
9316 5
9323 15
9325 7
9328 14
9335 9
9336 21
9340 4
9348 4
9356 8
9359 11
9365 1
9374 13
9380 7
9383 10
9386 10
9389 11
9396 12
9402 5
9408 11
9414 16
9416 12
9423 8
9426 12
9433 16
9435 6
9442 11
9448 4
9456 7
9458 7
9461 13
9466 12
9473 8
9477 10
9479 12
9486 18
9487 11
9494 16
9496 16
9498 13
9503 18
9504 4
9511 2
9521 17
9523 11
9529 21
9533 12
9539 10
9541 4
9549 15
9551 16
9553 18
9554 5
9561 7
9563 12
9571 19
9573 10
9575 21
9579 21
9583 14
9589 11
9596 5
9603 4
9611 10
9614 21
9618 12
9624 1
9633 5
9639 20
9641 3
9647 2
9656 12
9663 1
9672 14
9677 10
9678 16
9680 10
9683 18
9684 13
9690 11
9697 11
9704 4
9711 19
9713 18
9714 18
9715 13
9720 2
9730 12
9737 18
9738 21
9742 21
9746 1
9755 15
9757 16
9759 5
9766 13
9771 17
9773 8
9777 4
9785 15
9787 3
9793 8
9795 2
9805 12
9811 11
9817 4
9823 18
9824 1
9833 15
9835 3
9841 11
9848 12
9856 16
9858 21
9862 12
9868 16
9870 1
9879 1
9889 11
9895 2
9905 11
9912 16
9914 6
9921 5
9927 18
9928 20
9930 3
9936 9
9937 12
9943 19
9945 2
9955 5
9962 12
9969 20
9971 6
9978 14
9983 14
9989 5
9996 11
10002 9
10004 14
10010 1
10019 10
10021 5
10027 18
10028 4
10035 18
10036 21
10040 12
10047 12
10054 11
10061 7
10064 11
10070 5
10076 14
10083 18
10084 10
10086 4
10094 13
10100 8
10102 11
10109 12
10115 1
10124 7
10126 12
10132 14
10137 14
10143 10
10146 9
10148 20
10150 21
10154 12
10161 1
10171 9
10172 18
10173 18
10174 11
10180 1
10189 3
10196 18
10197 11
10203 12
10210 11
10216 9
10218 11
10224 11
10230 11
10236 3
10242 2
10251 11
10257 12
10264 17
10266 12
10273 12
10280 20
10282 7
10284 18
10285 10
10287 2
10298 11
10305 12
10313 16
10315 19
10317 17
10319 18
10320 13
10325 2
10336 2
10345 1
10354 13
10360 1
10370 12
10377 20
10379 19
10381 1
10390 18
10391 11
10398 10
10400 4
10406 12
10413 7
10415 12
10421 11
10428 17
10430 9
10431 20
10433 20
10435 16
10437 11
10443 14
10449 3
10456 10
10457 12
10465 19
10467 9
10468 7
10471 2
10481 18
10482 1
10492 13
10498 12
10505 11
10512 16
10514 7
10516 11
10523 15
10525 6
10533 9
10535 11
10542 19
10544 14
10550 2
10560 10
10562 20
10564 16
10566 10
10567 18
10568 11
10574 11
10581 11
10588 19
10590 17
10592 15
10594 9
10596 1
10605 9
10607 16
10609 5
10615 11
10621 20
10623 11
10630 18
10631 12
10639 16
10641 9
10642 16
10644 9
10645 14
10650 4
10657 18
10658 11
10664 4
10671 3
10677 5
10683 18
10684 7
10686 12
10693 1
10703 17
10705 18
10706 14
10712 17
10714 16
10716 19
10718 8
10721 21
10725 11
10731 3
10737 19
10739 14
10745 1
10755 19
10757 10
10760 11
10766 12
10772 4
10779 11
10786 1
10795 11
10801 18
10802 5
10808 17
10810 9
10812 1
10822 5
10829 1
10838 8
10841 11
10847 4
10855 2
10866 3
10872 21
10876 16
10878 1
10888 11
10895 11
10902 11
10909 21
10913 12
10920 12
10927 20
10929 11
10936 8
10939 13
10945 11
10952 19
10954 2
10964 9
10966 19
10968 14
10975 9
10976 5
10982 16
10984 11
10991 15
10993 11
10999 6
11007 12
11013 16
11015 11
11021 1
11031 7
11033 18
11034 7
11037 19
11039 18
11040 12
11046 17
11048 1
11058 1
11067 14
11073 17
11075 21
11079 17
11081 18
11082 6
11089 16
11091 19
11093 4
11101 12
11108 18
11109 3
11116 2
11126 20
11128 4
11135 19
11137 15
11139 14
11145 4
11151 12
11158 2
11169 5
11176 11
11182 1
11192 7
11195 8
11197 1
11206 11
11212 11
11218 3
11225 16
11227 16
11229 19
11231 1
11240 2
11250 11
11257 19
11259 11
11266 4
11272 13
11278 5
11285 19
11287 8
11290 12
11297 11
11303 2
11314 12
11321 10
11323 2
11334 12
11341 11
11347 11
11354 10
11355 11
11361 6
11367 2
11377 17
11379 9
11381 13
11386 21
11390 21
11394 9
11396 11
11403 9
11404 6
11411 5
11418 21
11422 14
11428 11
11434 12
11441 12
11448 21
11452 18
11453 19
11455 11
11461 4
11468 1
11478 16
11480 11
11487 14
11493 3
11499 12
11506 12
11514 12
11521 13
11527 11
11534 9
11535 14
11541 16
11543 12
11551 6
11559 12
11566 3
11572 7
11575 11
11582 11
11589 15
11591 11
11597 8
11600 11
11606 6
11613 9
11615 13
11621 18
11622 6
11629 12
11636 10
11638 12
11646 8
11650 10
11651 12
11658 14
11664 18
11665 7
11667 13
11673 11
11680 11
11686 4
11693 17
11695 18
11696 21
11700 6
11707 19
11709 12
11715 15
11717 11
11723 5
11729 16
11731 13
11737 21
11741 6
11748 20
11750 11
11757 7
11760 2
11771 20
11773 14
11780 13
11785 12
11791 13
11797 14
11803 15
11805 12
11813 9
11815 9
11817 18
11818 18
11819 2
11830 10
11832 4
11839 10
11841 12
11849 4
11855 18
11856 11
11863 18
11864 15
11866 2
11876 18
11877 18
11878 15
11880 20
11882 18
11883 18
11884 2
11893 18
11894 15
11896 15
11898 17
11900 8
11902 12
11910 12
11916 11
11922 6
11930 17
11932 18
11933 20
11935 5
11942 12
11948 14
11953 14
11959 19
11961 12
11968 2
11979 18
11980 11
11986 6
11994 11
12000 20
12002 11
12008 7
12011 15
12013 6
12021 13
12027 10
12029 11
12035 10
12036 7
12039 3
12046 18
12047 18
12048 12
12056 3
12062 21
12066 7
12069 4
12076 1
12085 8
12088 1
12098 11
12104 11
12111 3
12117 14
12123 9
12125 20
12127 20
12129 15
12131 10
12132 13
12138 1
12147 17
12149 5
12156 10
12158 11
12165 2
12174 11
12181 14
12187 10
12189 11
12196 12
12204 11
12211 12
12218 11
12225 13
12230 20
12232 13
12237 11
12244 10
12247 11
12254 13
12259 11
12265 8
12268 5
12275 4
12281 12
12289 11
12295 21
12299 16
12301 4
12308 7
12310 10
12312 10
12314 14
12320 1
12330 9
12331 16
12333 9
12334 11
12340 11
12347 17
12349 1
12359 9
12361 7
12364 5
12371 5
12377 11
12383 10
12384 9
12386 13
12392 7
12394 11
12400 17
12402 16
12404 15
12406 14
12412 19
12414 9
12415 12
12421 1
12431 9
12432 7
12434 1
12444 1
12453 20
12455 17
12457 5
12464 6
12470 5
12476 10
12478 10
12481 8
12484 3
12490 17
12492 10
12494 18
12495 20
12497 11
12503 19
12505 15
12507 20
12509 20
12511 16
12513 3
12519 11
12526 14
12532 21
12536 16
12538 10
12540 12
12547 12
12555 11
12561 11
12567 12
12574 11
12581 21
12585 20
12587 18
12588 4
12595 15
12597 21
12601 11
12607 12
12614 3
12621 19
12623 12
12630 20
12632 19
12634 11
12640 14
12646 5
12652 17
12654 11
12660 6
12668 9
12670 17
12672 15
12674 4
12681 11
12687 17
12689 3
12696 1
12706 17
12708 5
12715 4
12721 11
12727 8
12729 7
12731 16
12733 11
12740 15
12742 17
12744 1
12754 12
12761 14
12766 5
12773 20
12775 8
12779 4
12787 16
12789 17
12791 11
12798 15
12800 11
12806 12
12813 15
12815 18
12816 4
12824 11
12830 2
12840 9
12842 4
12848 10
12850 6
12857 21
12861 12
12868 4
12875 12
12882 14
12888 11
12894 10
12896 20
12898 11
12904 1
12913 11
12920 11
12927 6
12934 20
12936 4
12944 9
12945 15
12947 10
12949 1
12959 5
12966 15
12968 21
12972 11
12978 7
12980 5
12986 7
12989 15
12991 12
12997 21
13001 11
13008 5
13014 10
13016 11
13023 14
13029 1
13039 16
13041 11
13047 15
13049 8
13051 4
13059 18
13060 7
13062 13
13067 15
13069 12
13077 5
13084 4
13091 12
13097 14
13103 7
13105 6
13113 15
13115 20
13117 17
13119 9
13121 3
13128 12
13135 18
13136 4
13143 7
13145 9
13146 19
13148 12
13155 18
13156 12
13163 4
13170 20
13172 3
13179 6
13186 11
13193 5
13199 8
13202 17
13204 12
13211 19
13213 13
13219 3
13226 17
13228 11
13234 12
13241 2
13251 1
13260 11
13267 18
13268 14
13274 19
13276 15
13278 3
13284 5
13291 14
13297 4
13305 5
13311 5
13318 1
13327 19
13329 11
13336 2
13347 7
13349 9
13351 16
13353 18
13354 11
13360 12
13367 14
13374 21
13378 3
13384 8
13387 11
13393 12
13400 13
13406 18
13407 11
13413 3
13420 9
13421 12
13429 14
13435 2
13446 11
13453 19
13455 15
13457 8
13460 8
13464 8
13468 18
13469 7
13472 20
13474 18
13475 11
13482 13
13487 4
13495 15
13497 5
13503 4
13510 11
13517 16
13519 18
13520 17
13522 12
13528 5
13535 11
13542 11
13548 9
13549 18
13550 12
13558 8
13562 11
13569 15
13571 10
13574 20
13576 12
13584 17
13586 3
13592 10
13594 12
13601 16
13603 18
13604 12
13612 12
13618 8
13622 13
13627 18
13628 12
13634 13
13639 3
13645 1
13654 13
13660 4
13668 11
13674 18
13675 15
13677 15
13679 13
13685 18
13686 6
13692 11
13698 20
13700 2
13711 18
13712 5
13719 17
13721 2
13732 8
13735 11
13742 1
13751 12
13758 15
13760 10
13762 9
13764 18
13765 11
13772 11
13778 12
13785 5
13791 11
13798 17
13800 2
13809 20
13811 18
13812 19
13814 7
13816 17
13818 4
13825 12
13833 11
13839 11
13846 13
13852 11
13859 21
13863 21
13867 20
13869 18
13870 7
13873 20
13875 10
13877 6
13885 4
13891 3
13897 16
13899 21
13903 12
13909 2
13920 4
13927 12
13933 1
13942 12
13949 8
13952 10
13953 3
13959 11
13966 2
13976 12
13983 2
13992 14
13998 6
14005 18
14006 7
14008 3
14014 13
14019 7
14022 8
14024 11
14030 12
14037 19
14039 5
14045 4
14053 4
14061 1
14070 9
14071 9
14073 18
14074 15
14076 2
14086 2
14095 14
14102 5
14108 1
14117 18
14118 14
14125 6
14133 6
14140 19
14142 13
14147 3
14153 18
14154 5
14160 18
14161 11
14168 15
14170 18
14171 8
14174 11
14181 4
14188 10
14190 15
14192 12
14198 18
14199 11
14206 11
14213 16
14215 21
14219 11
14226 4
14232 7
14235 7
14237 13
14242 11
14248 8
14251 1
14261 9
14263 10
14264 13
14269 10
14271 9
14273 11
14280 17
14282 12
14290 14
14296 18
14297 8
14301 11
14308 18
14309 20
14311 18
14312 8
14314 11
14321 14
14328 5
14334 10
14336 12
14342 6
14349 1
14358 17
14360 12
14367 9
14369 14
14374 11
14380 9
14381 17
14383 7
14385 5
14392 16
14394 18
14395 1
14404 4
14410 12
14417 21
14421 11
14428 18
14429 1
14439 14
14445 10
14447 15
14449 5
14456 13
14462 4
14469 19
14471 11
14478 2
14488 20
14490 18
14491 16
14493 20
14495 2
14505 12
14512 17
14514 17
14516 4
14522 11
14529 5
14536 5
14543 4
14549 11
14555 14
14561 1
14570 19
14572 12
14580 11
14587 18
14588 16
14590 19
14592 18
14593 20
14595 20
14597 1
14606 18
14607 20
14609 12
14616 17
14618 18
14619 20
14621 13
14626 6
14634 11
14641 8
14645 3
14651 6
14659 11
14666 13
14671 8
14673 18
14674 19
14676 11
14682 2
14691 18
14692 5
14699 15
14701 17
14703 9
14704 10
14706 3
14712 15
14714 6
14721 11
14728 14
14734 7
14736 11
14743 2
14752 16
14754 9
14756 21
14760 12
14767 2
14777 8
14781 9
14782 1
14792 17
14794 19
14796 12
14802 10
14803 11
14810 2
14820 11
14827 13
14832 17
14834 15
14836 11
14842 2
14852 18
14853 11
14860 3
14866 15
14868 16
14870 18
14871 10
14873 18
14874 12
14880 15
14882 4
14889 5
14895 1
14904 18
14905 15
14907 11
14914 11
14921 13
14927 11
14934 12
14942 5
14948 10
14950 5
14957 18
14958 15
14960 15
14962 11
14969 8
14972 18
14973 12
14980 19
14982 16
14984 6
14991 11
14998 11
15005 12
15012 17
15014 11
15020 11
15026 5
15032 4
15039 7
15041 12
15048 21
15052 13
15058 11
15065 2
15075 18
15076 11
15083 8
15085 18
15086 11
15093 4
15099 2
15109 12
15116 4
15122 3
15129 10
15132 11
15138 6
15144 1
15153 11
15160 12
15166 16
15168 7
15170 12
15176 20
15178 20
15180 8
15183 16
15185 7
15187 13
15193 1
15203 20
15205 18
15206 11
15212 8
15215 20
15217 11
15224 16
15226 11
15232 19
15234 15
15236 3
15243 10
15245 9
15246 2
15255 20
15257 12
15264 7
15267 11
15273 2
15282 2
15292 1
15301 3
15307 18
15308 18
15309 12
15316 8
15320 4
15327 8
15330 15
15332 7
15334 15
15336 9
15338 10
15340 7
15343 2
15353 7
15356 9
15357 14
15363 10
15365 20
15367 12
15375 14
15381 18
15382 5
15389 10
15391 11
15398 7
15400 1
15410 12
15417 11
15424 17
15426 6
15433 19
15435 4
15442 19
15444 2
15453 4
15461 12
15467 20
15469 12
15475 1
15485 13
15491 6
15499 9
15501 3
15508 3
15515 3
15521 12
15527 11
15533 9
15535 9
15536 7
15539 6
15546 8
15549 13
15554 4
15561 5
15568 7
15571 18
15572 18
15573 12
15579 7
15582 9
15584 18
15585 18
15586 20
15588 18
15589 11
15596 11
15602 11
15608 15
15610 12
15616 4
15624 12
15630 3
15636 20
15638 10
15641 19
15643 14
15649 2
15659 7
15662 13
15668 12
15675 7
15678 3
15685 9
15687 9
15688 1
15698 12
15706 12
15713 17
15715 17
15717 9
15719 17
15721 10
15723 21
15727 8
15729 5
15735 10
15737 15
15739 9
15741 19
15743 17
15745 18
15746 14
15752 17
15754 14
15760 18
15761 18
15762 4
15770 1
15780 18
15781 15
15783 13
15788 10
15790 18
15791 12
15798 16
15800 1
15809 12
15817 21
15821 16
15823 8
15826 2
15835 7
15837 18
15838 9
15840 16
15842 18
15843 13
15849 6
15856 18
15857 4
15864 11
15871 12
15878 11
15884 7
15886 5
15892 12
15899 8
15902 21
15906 15
15908 13
15914 19
15916 8
15918 12
15924 11
15931 12
15938 1
15947 19
15949 4
15957 1
15967 17
15969 17
15971 5
15978 11
15985 10
15988 11
15995 7
15998 19
16000 6
16008 19
16010 7
16012 15
16014 11
16021 7
16023 11
16029 2
16039 13
16045 11
16052 2
16061 4
16067 11
16074 19
16076 9
16078 5
16085 16
16087 2
16097 6
16105 12
16112 21
16116 12
16123 17
16125 7
16127 4
16134 8
16137 2
16148 1
16158 18
16159 12
16166 18
16167 11
16174 11
16180 12
16187 9
16189 12
16196 15
16198 12
16206 11
16212 8
16215 21
16219 16
16221 14
16228 21
16232 10
16233 21
16237 12
16244 14
16250 13
16255 8
16258 18
16259 2
16268 17
16270 15
16272 19
16274 11
16281 7
16284 5
16291 2
16300 11
16306 18
16307 11
16313 20
16315 15
16317 15
16319 13
16324 12
16331 12
16339 17
16341 17
16343 6
16350 12
16357 16
16359 11
16366 3
16372 5
16379 4
16387 1
16396 4
16403 8
16405 20
16407 9
16409 8
16413 4
16419 11
16425 5
16432 14
16438 12
16446 16
16448 6
16455 12
16461 20
16463 19
16465 6
16473 14
16480 9
16481 9
16483 18
16484 7
16486 11
16492 18
16493 9
16495 12
16502 16
16504 21
16508 8
16511 12
16517 16
16519 6
16526 2
16536 12
16542 5
16549 19
16551 3
16557 12
16565 20
16567 12
16574 9
16575 21
16579 18
16580 10
16583 3
16589 11
16595 18
16596 11
16602 1
16611 12
16618 13
16623 18
16624 9
16626 2
16635 11
16642 8
16645 11
16651 2
16661 11
16667 9
16669 11
16676 6
16683 11
16689 19
16691 5
16698 9
16700 18
16701 14
16708 12
16715 2
16724 16
16726 19
16728 12
16736 1
16745 11
16751 18
16752 16
16754 12
16762 12
16769 9
16771 2
16781 19
16783 14
16789 6
16795 11
16801 6
16808 19
16810 12
16817 14
16822 4
16829 12
16835 7
16838 20
16840 6
16847 20
16849 11
16855 18
16856 7
16859 21
16863 20
16865 5
16872 18
16873 13
16878 5
16885 11
16891 18
16892 16
16894 16
16896 16
16898 18
16899 11
16905 17
16907 21
16911 7
16913 20
16915 12
16922 16
16924 7
16927 19
16929 10
16930 2
16940 18
16941 1
16950 2
16960 11
16967 1
16976 12
16983 6
16990 7
16993 3
17000 5
17007 3
17014 13
17020 16
17022 4
17029 13
17035 4
17042 18
17043 19
17045 10
17047 18
17048 3
17055 6
17062 15
17064 2
17074 5
17080 1
17089 11
17095 15
17097 15
17099 20
17101 20
17103 11
17110 7
17113 8
17115 1
17125 21
17129 19
17131 3
17137 21
17141 16
17143 15
17145 8
17148 12
17155 1
17164 5
17171 6
17178 3
17185 10
17187 6
17193 20
17195 2
17206 12
17214 1
17224 12
17230 12
17236 4
17242 18
17243 15
17245 17
17247 15
17249 16
17251 2
17261 19
17263 10
17265 17
17267 21
17271 11
17278 19
17280 19
17282 12
17289 8
17291 18
17292 21
17296 16
17298 5
17305 18
17306 14
17312 10
17314 6
17320 2
17330 15
17332 12
17338 11
17344 19
17346 12
17352 18
17353 18
17354 18
17355 20
17357 9
17358 11
17365 5
17372 6
17379 21
17383 17
17385 11
17391 7
17394 17
17396 12
17404 5
17410 1
17419 21
17423 8
17426 19
17428 9
17429 14
17434 15
17436 12
17443 12
17449 12
17455 11
17462 1
17472 7
17475 17
17477 3
17483 17
17485 12
17492 11
17498 3
17505 5
17511 11
17518 9
17520 11
17527 11
17534 18
17535 15
17537 8
17539 11
17546 11
17553 15
17555 21
17559 12
17567 7
17570 11
17576 6
17584 6
17592 20
17594 14
17601 9
17602 11
17609 3
17616 17
17618 2
17627 11
17633 12
17639 19
17641 12
17649 2
17659 2
17669 11
17675 13
17681 16
17683 10
17686 19
17688 18
17689 8
17691 16
17693 7
17695 11
17701 17
17703 19
17705 13
17711 3
17717 6
17723 9
17724 18
17725 12
17732 11
17739 11
17745 10
17747 4
17754 3
17760 12
17766 15
17768 12
17776 2
17786 13
17791 20
17793 14
17798 19
17800 11
17807 4
17813 12
17820 6
17827 18
17828 15
17830 15
17832 14
17839 13
17845 7
17848 16
17850 21
17854 21
17858 2
17867 5
17874 2
17884 19
17886 10
17887 9
17888 8
17890 11
17897 3
17904 13
17909 11
17915 7
17917 12
17924 4
17930 21
17934 7
17936 15
17938 11
17944 11
17951 5
17957 19
17959 19
17961 5
17967 11
17974 14
17979 4
17986 20
17988 12
17995 21
17999 9
18001 15
18003 7
18005 20
18007 9
18008 14
18013 21
18017 14
18023 21
18027 13
18033 5
18039 4
18045 21
18049 21
18053 10
18055 11
18061 4
18068 9
18069 19
18071 21
18075 7
18077 12
18083 18
18084 17
18086 11
18093 12
18101 7
18103 3
18110 13
18115 16
18117 19
18119 20
18121 12
18128 20
18130 12
18138 19
18140 8
18144 11
18151 4
18157 10
18160 5
18167 18
18168 3
18175 11
18182 17
18184 21
18188 19
18190 6
18197 18
18198 17
18200 18
18201 18
18202 20
18204 13
18210 21
18214 20
18216 20
18218 21
18222 7
18224 1
18234 10
18235 12
18241 21
18245 19
18247 8
18250 8
18252 9
18254 13
18260 16
18262 11
18269 17
18271 20
18273 11
18280 11
18286 11
18293 16
18295 11
18301 13
18307 7
18310 6
18317 18
18318 1
18327 18
18328 13
18334 11
18340 8
18343 11
18349 18
18350 11
18357 16
18359 18
18360 20
18362 8
18365 17
18367 18
18368 18
18369 17
18371 11
18378 11
18385 11
18391 14
18396 18
18397 15
18399 12
18406 8
18409 12
18417 5
18423 16
18425 2
18435 12
18442 11
18448 7
18450 20
18452 13
18458 21
18462 11
18469 20
18471 12
18477 5
18483 11
18489 9
18490 18
18491 7
18493 16
18495 20
18497 5
18503 1
18513 18
18514 2
18523 11
18530 2
18539 3
18545 15
18547 4
18554 17
18556 18
18557 21
18561 20
18563 4
18570 1
18579 1
18589 4
18595 18
18596 19
18598 7
18601 17
18603 11
18610 9
18611 4
18617 2
18627 4
18634 12
18640 18
18641 5
18647 13
18653 18
18654 10
18656 8
18660 18
18661 5
18667 5
18673 1
18682 1
18691 8
18694 16
18696 19
18698 16
18700 8
18703 1
18713 21
18717 20
18719 17
18721 4
18727 20
18729 21
18733 3
18740 6
18748 7
18750 14
18756 15
18758 17
18760 17
18762 11
18769 21
18773 18
18774 16
18776 7
18778 12
18784 18
18785 16
18787 12
18794 11
18801 2
18811 4
18817 6
18823 3
18829 7
18832 7
18834 5
18840 5
18847 12
18854 11
18861 20
18863 11
18870 6
18876 17
18878 10
18880 12
18886 4
18893 7
18896 7
18899 20
18901 12
18908 5
18914 1
18923 3
18930 12
18936 10
18938 19
18940 15
18942 4
18949 10
18950 12
18957 9
18958 2
18969 20
18971 18
18972 14
18977 15
18979 18
18980 10
18983 7
18986 18
18987 16
18989 11
18995 5
19001 19
19003 2
19013 19
19015 7
19017 12
19024 2
19033 18
19034 11
19041 13
19047 2
19058 21
19062 5
19068 4
19076 18
19077 2
19086 12
19092 17
19094 19
19096 15
19098 7
19101 1
19110 4
19118 15
19120 12
19128 9
19130 11
19137 3
19143 16
19145 12
19152 14
19159 3
19166 21
19170 17
19172 20
19174 3
19181 1
19190 13
19195 11
19202 10
19205 12
19213 12
19220 12
19228 20
19230 13
19235 6
19243 14
19249 8
19253 6
19260 17
19262 11
19269 2
19278 12
19285 1
19294 12
19300 12
19308 1
19318 18
19319 10
19320 17
19322 18
19323 8
19327 4
19334 11
19341 2
19350 5
19356 6
19364 15
19366 3
19373 4
19379 11
19386 11
19393 6
19401 12
19408 19
19410 10
19412 18
19413 6
19419 16
19421 4
19427 18
19428 16
19430 10
19432 11
19438 11
19445 18
19446 9
19448 12
19454 11
19460 2
19470 8
19472 14
19478 16
19480 21
19484 6
19491 7
19494 8
19496 8
19499 12
19506 13
19512 5
19518 12
19526 6
19533 11
19539 7
19542 11
19549 2
19558 3
19565 12
19572 8
19575 19
19577 11
19584 4
19591 11
19598 2
19607 18
19608 16
19610 3
19617 20
19619 3
19626 11
19632 1
19641 16
19643 13
19649 13
19654 21
19658 10
19661 13
19666 20
19668 17
19670 11
19677 20
19679 12
19686 7
19688 12
19695 13
19701 20
19703 10
19706 7
19709 18
19710 1
19719 5
19726 7
19729 17
19731 5
19737 8
19741 12
19747 4
19754 19
19756 11
19762 16
19764 17
19766 11
19773 16
19775 8
19779 14
19785 12
19793 12
19800 1
19810 11
19817 11
19824 13
19830 14
19837 8
19841 15
19843 21
19847 5
19853 15
19855 17
19857 11
19864 6
19872 4
19879 4
19887 3
19894 7
19897 21
19901 19
19903 8
19905 12
19913 11
19920 6
19926 16
19928 12
19936 18
19937 2
19947 21
19951 21
19955 11
19961 5
19968 8
19970 15
19972 14
19979 12
19987 8
19990 18
19991 6
19999 17
20001 13
20006 12
20013 7
20016 4
20023 7
20025 7
20028 3
20035 2
20045 13
20050 16
20052 8
20054 6
20060 16
20062 18
20063 1
20073 11
20080 4
20088 11
20095 13
20100 6
20107 15
20109 15
20111 17
20113 12
20119 9
20121 14
20126 21
20130 18
20131 10
20132 6
20140 8
20144 12
20151 5
20158 4
20166 8
20170 16
20172 9
20174 18
20175 4
20182 11
20189 6
20195 17
20197 18
20198 12
20206 21
20210 9
20212 13
20218 18
20219 9
20220 19
20222 11
20228 18
20229 2
20240 12
20247 9
20248 15
20250 18
20251 8
20253 5
20259 18
20260 16
20262 15
20264 2
20274 7
20276 21
20280 5
20286 17
20288 3
20294 1
20303 14
20309 8
20312 13
20318 11
20325 16
20327 20
20329 21
20333 17
20335 16
20337 18
20338 13
20343 8
20345 16
20347 18
20348 6
20354 7
20356 12
20363 20
20365 3
20372 12
20380 15
20382 1
20391 11
20398 15
20400 11
20406 12
20413 21
20417 17
20419 11
20426 12
20432 2
20442 2
20453 1
20463 12
20469 19
20471 1
20481 11
20487 10
20488 17
20490 11
20497 21
20501 9
20502 5
20508 2
20518 1
20528 3
20534 7
20536 12
20544 3
20551 4
20559 2
20569 2
20579 14
20584 3
20590 2
20599 19
20601 21
20605 6
20613 10
20616 8
20619 11
20625 14
20631 15
20633 18
20634 20
20636 6
20644 12
20651 12
20657 21
20661 5
20667 13
20672 11
20679 6
20686 10
20688 11
20694 20
20696 12
20704 8
20706 11
20713 3
20719 13
20724 7
20727 3
20733 11
20739 7
20741 16
20743 12
20750 9
20752 9
20753 13
20758 21
20762 2
20773 3
20779 18
20780 11
20786 11
20793 13
20799 18
20800 18
20801 9
20803 3
20810 1
20820 12
20826 2
20836 17
20838 12
20844 9
20846 18
20847 10
20848 4
20855 3
20862 5
20869 12
20877 12
20885 11
20892 6
20900 4
20908 8
20911 9
20913 11
20919 15
20921 4
20929 21
20933 2
20944 12
20951 10
20953 5
20960 11
20966 2
20976 1
20985 8
20988 6
20994 12
21001 18
21002 15
21004 8
21007 11
21014 18
21015 2
21026 13
21031 13
21037 6
21043 7
21045 3
21051 15
21053 20
21055 9
21056 12
21064 15
21066 9
21067 5
21074 21
21078 4
21085 7
21087 4
21095 10
21097 2
21107 11
21113 18
21114 1
21123 12
21131 12
21137 10
21138 15
21140 13
21145 18
21146 18
21147 16
21149 11
21155 6
21162 3
21168 18
21169 5
21176 9
21178 4
21185 12
21191 15
21193 9
21194 1
21203 3
21209 3
21215 11
21221 15
21223 20
21225 8
21228 1
21238 8
21241 12
21248 11
21255 9
21257 13
21262 18
21263 4
21269 3
21276 15
21278 20
21280 11
21286 20
21288 11
21294 13
21300 7
21302 7
21305 12
21312 11
21318 12
21324 6
21331 12
21337 2
21347 1
21357 13
21363 17
21365 17
21367 12
21375 7
21378 6
21385 7
21387 20
21389 11
21395 7
21398 4
21406 12
21413 17
21415 14
21422 3
21428 3
21435 11
21442 20
21444 7
21447 15
21449 17
21451 3
21458 17
21460 15
21462 8
21465 11
21472 15
21474 21
21478 11
21484 3
21491 18
21492 11
21498 16
21500 11
21507 15
21509 15
21511 11
21517 16
21519 13
21524 15
21526 8
21528 12
21534 12
21541 1
21551 17
21553 11
21560 16
21562 2
21572 1
21581 6
21588 17
21590 6
21597 17
21599 8
21603 6
21610 10
21611 1
21621 14
21627 12
21634 19
21636 20
21638 21
21642 3
21648 18
21649 15
21651 11
21658 2
21667 8
21670 2
21680 7
21683 8
21685 10
21687 11
21694 6
21701 12
21708 13
21713 14
21719 21
21723 11
21729 21
21733 16
21735 15
21737 11
21743 4
21751 11
21757 21
21761 20
21763 17
21765 15
21767 18
21768 13
21773 11
21779 13
21784 9
21786 1
21795 1
21805 10
21808 11
21814 3
21820 12
21828 16
21830 3
21836 11
21842 11
21849 11
21856 17
21858 3
21864 18
21865 1
21874 13
21880 19
21882 21
21886 11
21892 2
21902 5
21909 6
21916 11
21922 2
21933 21
21937 16
21939 5
21945 1
21954 15
21956 21
21960 9
21962 2
21972 11
21979 5
21986 11
21993 11
21999 10
22001 11
22007 11
22014 6
22021 21
22025 4
22033 19
22035 10
22037 13
22042 12
22048 11
22054 11
22061 10
22063 19
22065 5
22072 13
22078 5
22085 3
22091 4
22098 6
22106 15
22108 11
22115 4
22122 12
22129 11
22135 5
22141 6
22149 7
22151 14
22157 12
22164 13
22169 10
22170 14
22176 11
22182 11
22189 17
22191 3
22197 15
22199 14
22205 19
22207 8
22210 19
22212 8
22214 12
22221 11
22228 16
22230 11
22236 4
22242 7
22244 8
22246 4
22253 9
22254 15
22256 20
22258 13
22264 17
22266 11
22272 17
22274 21
22278 12
22286 18
22287 12
22294 15
22296 12
22303 3
22310 4
22318 19
22320 3
22326 15
22328 3
22334 12
22341 12
22349 5
22355 16
22357 12
22364 7
22366 17
22368 7
22371 18
22372 1
22381 12
22388 12
22395 9
22396 11
22403 1
22412 9
22413 16
22415 12
22421 2
22432 18
22433 7
22436 5
22442 11
22449 15
22451 8
22453 3
22459 2
22468 12
22476 3
22483 17
22485 16
22487 8
22491 7
22494 12
22502 2
22512 12
22520 12
22527 11
22533 8
22537 1
22547 5
22554 21
22558 14
22565 3
22571 1
22581 11
22588 4
22594 11
22600 3
22606 5
22613 12
22619 16
22621 18
22622 16
22624 18
22625 1
22635 1
22644 12
22651 7
22653 11
22659 12
22667 3
22674 20
22676 11
22683 21
22687 1
22697 12
22703 12
22710 11
22717 12
22725 17
22727 2
22738 18
22739 15
22741 8
22744 7
22747 19
22749 17
22751 12
22757 17
22759 15
22761 11
22767 11
22773 6
22780 10
22781 7
22783 15
22785 18
22786 9
22788 18
22789 3
22795 1
22804 10
22805 21
22809 17
22811 13
22817 12
22823 11
22830 11
22837 4
22844 21
22848 4
22856 7
22858 18
22859 2
22869 21
22873 8
22877 16
22879 20
22881 1
22890 12
22896 9
22897 6
22904 10
22905 18
22906 15
22908 21
22912 21
22916 11
22923 11
22929 16
22931 2
22941 5
22948 11
22955 11
22962 14
22969 13
22974 15
22976 9
22977 20
22979 20
22981 5
22988 18
22989 17
22991 2
23002 20
23004 9
23005 16
23007 11
23013 10
23015 11
23022 11
23029 7
23032 4
23039 21
23043 10
23045 14
23051 15
23053 16
23055 2
23064 2
23075 8
23078 3
23085 18
23086 3
23093 12
23101 12
23108 3
23115 18
23116 19
23118 16
23120 21
23124 18
23125 19
23127 18
23128 12
23135 3
23141 21
23145 10
23147 11
23154 10
23156 1
23166 19
23168 3
23174 13
23179 11
23186 12
23194 16
23196 11
23202 14
23208 1
23218 7
23221 12
23228 6
23235 11
23241 9
23242 12
23250 16
23252 4
23260 12
23266 21
23270 11
23276 1
23286 19
23288 3
23294 18
23295 12
23301 16
23303 2
23312 6
23319 2
23329 15
23331 10
23333 11
23340 12
23348 4
23356 12
23363 18
23364 2
23374 12
23381 3
23387 3
23393 18
23394 12
23400 14
23406 19
23408 12
23415 7
23418 1
23428 5
23434 12
23441 4
23447 14
23453 18
23454 15
23456 6
23463 5
23470 9
23471 5
23477 5
23484 11
23490 18
23491 21
23495 17
23497 11
23503 5
23509 18
23510 6
23518 12
23524 18
23525 4
23532 19
23534 10
23535 15
23537 20
23539 6
23546 6
23554 1
23563 12
23570 3
23576 17
23578 11
23585 20
23587 19
23589 4
23596 11
23603 19
23605 12
23612 12
23619 21
23623 1
23632 21
23636 6
23644 18
23645 18
23646 4
23654 3
23661 13
23666 2
23677 16
23679 1
23688 2
23698 1
23707 18
23708 7
23710 12
23717 12
23724 17
23726 21
23730 14
23736 2
23746 12
23753 2
23764 11
23771 21
23775 3
23782 20
23784 18
23785 18
23786 7
23788 19
23790 8
23792 8
23796 9
23798 1
23808 5
23814 17
23816 4
23823 15
23825 7
23827 5
23834 19
23836 21
23840 12
23847 11
23854 21
23858 10
23860 7
23862 11
23869 12
23876 12
23883 16
23885 7
23887 18
23888 1
23897 7
23899 11
23906 4
23913 4
23920 18
23921 4
23929 1
23938 9
23939 20
23941 12
23947 18
23948 21
23952 11
23958 3
23964 18
23965 21
23969 12
23975 14
23982 18
23983 16
23985 1
23995 10
23998 7
24001 19
24003 18
24004 11
24011 1
24021 17
24023 12
24030 7
24032 12
24040 2
24050 20
24052 21
24056 11
24062 16
24064 12
24071 6
24078 4
24086 3
24093 4
24101 12
24108 5
24114 12
24122 4
24129 2
24139 11
24145 14
24151 1
24160 13
24166 1
24176 15
24178 10
24179 13
24185 17
24187 13
24192 3
24198 18
24199 12
24206 9
24207 19
24209 11
24216 6
24222 12
24230 11
24237 16
24239 18
24240 1
24249 5
24255 9
24257 16
24259 1
24269 11
24276 19
24278 4
24285 15
24287 12
24294 19
24296 12
24302 19
24304 12
24310 18
24311 12
24317 11
24323 2
24332 2
24342 19
24344 1
24353 13
24359 5
24365 7
24368 14
24375 11
24382 14
24388 16
24390 9
24391 16
24393 8
24396 8
24399 21
24403 14
24409 19
24411 5
24417 13
24422 13
24427 9
24428 2
24438 11
24444 12
24451 9
24453 9
24455 10
24457 14
24463 6
24469 11
24476 13
24482 6
24490 18
24491 11
24498 12
24506 11
24513 17
24515 1
24524 15
24526 18
24527 12
24534 6
24541 5
24547 1
24557 11
24563 12
24571 16
24573 20
24575 13
24581 11
24587 17
24589 2
24600 21
24604 13
24609 15
24611 6
24617 5
24623 14
24630 5
24636 8
24639 11
24645 18
24646 14
24653 17
24655 11
24661 11
24668 6
24674 13
24680 4
24688 18
24689 18
24690 11
24697 11
24704 11
24711 9
24712 7
24715 18
24716 17
24718 12
24725 5
24732 18
24733 4
24740 14
24747 11
24754 7
24757 12
24764 16
24766 3
24773 3
24779 14
24784 10
24785 9
24787 1
24797 5
24803 14
24809 20
24811 17
24813 1
24823 12
24830 3
24836 6
24843 20
24845 19
24847 11
24854 2
24864 15
24866 19
24868 1
24877 5
24883 11
24889 16
24891 21
24895 8
24898 15
24900 11
24907 12
24914 3
24921 8
24925 17
24927 12
24934 10
24936 5
24943 7
24946 11
24953 3
24960 6
24967 10
24970 2
24980 19
24982 11
24989 21
24993 9
24994 11
25001 8
25003 18
25004 9
25006 17
25008 12
25015 16
25017 18
25018 7
25021 17
25023 12
25031 3
25038 17
25040 20
25042 15
25044 6
25051 12
25058 11
25064 11
25070 10
25071 3
25078 19
25080 16
25082 11
25088 11
25095 4
25101 7
25103 12
25110 4
25117 12
25124 15
25126 1
25136 12
25143 21
25147 17
25149 12
25156 11
25163 19
25165 14
25170 12
25177 1
25187 12
25194 17
25196 21
25200 12
25206 3
25213 10
25214 15
25216 3
25223 13
25228 3
25235 19
25237 5
25244 8
25247 4
25254 18
25255 10
25257 21
25261 14
25267 16
25269 21
25273 18
25274 11
25280 12
25287 17
25289 11
25296 5
25303 16
25305 20
25307 17
25309 19
25311 1
25320 10
25322 8
25325 11
25332 16
25334 15
25336 6
25343 12
25349 9
25350 18
25351 19
25353 9
25354 1
25363 19
25365 18
25366 18
25367 20
25369 21
25373 18
25374 17
25376 11
25383 3
25390 13
25396 2
25406 16
25408 15
25410 6
25417 18
25418 5
25425 20
25427 16
25429 21
25433 6
25441 11
25447 12
25454 18
25455 8
25458 3
25464 7
25466 8
25468 14
25475 13
25481 12
25488 12
25495 4
25503 4
25510 12
25517 7
25520 19
25522 8
25524 12
25530 3
25537 20
25539 7
25541 19
25543 17
25545 14
25550 20
25552 12
25559 11
25565 19
25567 9
25568 5
25575 1
25585 1
25595 7
25598 7
25600 12
25607 2
25618 5
25625 3
25631 4
25638 7
25641 11
25648 15
25650 5
25657 1
25666 20
25668 12
25676 5
25682 18
25683 10
25685 20
25687 12
25695 15
25697 8
25700 18
25701 16
25703 17
25705 12
25712 10
25714 14
25720 21
25724 7
25727 14
25733 19
25735 12
25743 7
25746 18
25747 19
25749 12
25757 13
25762 18
25763 13
25768 14
25775 10
25777 8
25779 3
25786 1
25795 12
25801 11
25808 11
25815 13
25821 4
25829 17
25831 1
25841 19
25843 11
25849 16
25851 11
25858 12
25866 1
25876 11
25882 6
25888 10
25891 7
25893 14
25900 9
25901 12
25908 17
25910 9
25912 15
25914 3
25921 21
25925 15
25927 11
25933 19
25935 14
25941 11
25948 10
25949 17
25951 14
25957 15
25959 18
25960 11
25967 12
25974 21
25978 16
25980 21
25984 12
25992 3
25998 12
26006 17
26008 16
26010 15
26012 18
26013 5
26020 9
26021 5
26027 3
26034 12
26042 18
26043 3
26050 3
26057 4
26064 6
26071 18
26072 3
26078 6
26085 2
26094 6
26101 11
26107 10
26109 6
26117 19
26119 11
26126 12
26132 7
26134 1
26144 11
26150 20
26152 14
26158 12
26166 9
26167 7
26170 8
26173 13
26178 21
26182 9
26183 11
26190 11
26196 11
26203 11
26209 1
26218 1
26228 18
26229 12
26237 16
26239 18
26240 6
26247 11
26253 17
26255 13
26260 9
26262 12
26269 20
26271 5
26277 10
26280 15
26282 9
26284 12
26292 9
26294 5
26300 5
26307 1
26316 10
26317 20
26319 11
26326 13
26332 17
26334 2
26344 10
26346 21
26350 6
26356 16
26358 7
26360 3
26367 11
26373 17
26375 5
26381 11
26387 19
26389 11
26396 8
26399 2
26408 16
26410 21
26414 1
26424 18
26425 6
26432 8
26435 15
26437 18
26438 5
26445 18
26446 13
26451 1
26461 15
26463 9
26465 3
26472 12
26480 18
26481 7
26484 10
26486 14
26492 2
26502 12
26508 9
26509 15
26511 12
26518 8
26522 10
26523 1
26533 3
26540 18
26541 18
26542 2
26552 16
26554 20
26556 11
26562 17
26564 3
26570 6
26576 14
26581 18
26582 10
26584 19
26586 3
26592 7
26595 18
26596 15
26598 1
26608 12
26616 4
26623 16
26625 11
26632 18
26633 13
26638 7
26641 7
26643 10
26645 3
26651 11
26657 7
26659 14
26665 10
26667 7
26669 6
26676 11
26682 7
26685 4
26692 10
26693 9
26695 9
26697 21
26701 5
26707 18
26708 11
26715 16
26717 5
26723 17
26725 9
26727 12
26735 4
26743 18
26744 20
26746 11
26752 6
26758 18
26759 18
26760 18
26761 11
26767 16
26769 11
26776 7
26779 6
26787 2
26798 16
26800 18
26801 1
26811 11
26818 15
26820 15
26822 6
26828 7
26831 15
26833 10
26835 7
26838 15
26840 12
26846 16
26848 11
26854 16
26856 18
26857 7
26859 15
26861 12
26868 15
26870 16
26872 21
26876 12
26882 12
26889 3
26896 5
26902 17
26904 6
26910 6
26916 17
26918 8
26922 6
26929 6
26936 21
26940 9
26942 13
26948 17
26950 12
26957 12
26965 17
26967 21
26971 2
26982 8
26985 12
26992 18
26993 16
26995 12
27001 20
27003 17
27005 2
27016 11
27023 6
27031 7
27034 15
27036 13
27042 11
27049 11
27056 13
27062 17
27064 1
27073 5
27079 12
27087 6
27094 11
27101 4
27109 6
27115 17
27117 15
27119 16
27121 11
27128 18
27129 10
27130 15
27132 17
27134 16
27136 3
27143 14
27148 14
27155 1
27164 7
27166 4
27174 13
27179 21
27183 4
27190 5
27197 21
27201 7
27203 4
27209 8
27212 21
27216 12
27223 8
27225 13
27231 18
27232 20
27234 15
27236 21
27240 13
27246 2
27256 11
27263 11
27269 5
27276 12
27282 16
27284 2
27295 9
27297 11
27304 20
27306 11
27313 21
27317 12
27324 10
27327 12
27333 11
27339 6
27346 1
27356 14
27363 12
27370 16
27372 1
27382 6
27389 18
27390 18
27391 20
27393 11
27399 19
27401 11
27408 7
27411 11
27418 20
27420 11
27427 2
27438 2
27448 2
27459 11
27465 3
27471 18
27472 6
27479 16
27481 20
27483 2
27494 20
27496 8
27499 1
27508 3
27515 13
27521 17
27523 9
27524 12
27532 4
27539 17
27541 5
27548 8
27551 19
27553 10
27554 15
27556 21
27560 11
27567 1
27576 1
27586 1
27595 1
27605 6
27613 7
27615 8
27619 13
27625 21
27629 3
27635 12
27642 10
27644 4
27650 18
27651 11
27657 12
27664 13
27670 11
27677 9
27679 13
27684 15
27686 16
27688 6
27694 5
27701 8
27704 18
27705 7
27707 21
27711 14
27717 11
27724 12
27732 5
27739 20
27741 12
27748 6
27754 15
27756 12
27763 12
27770 4
27778 4
27784 10
27786 9
27788 20
27790 2
27799 6
27806 10
27808 10
27811 2
27822 3
27828 1
27838 18
27839 7
27842 5
27848 12
27856 15
27858 11
27864 12
27870 13
27876 12
27883 7
27886 12
27893 18
27894 12
27900 17
27902 12
27909 2
27919 14
27926 14
27931 10
27934 17
27936 21
27940 19
27942 13
27947 14
27952 17
27954 1
27964 14
27969 16
27971 18
27972 12
27979 5
27985 12
27992 9
27993 18
27994 4
28001 19
28003 17
28005 14
28011 2
28021 16
28023 21
28027 11
28034 2
28044 10
28045 19
28047 6
28053 4
28061 17
28063 2
28073 9
28075 12
28082 9
28083 11
28090 19
28092 10
28094 7
28096 11
28102 7
28104 12
28111 5
28117 6
28124 16
28126 18
28127 2
28137 21
28141 9
28142 11
28149 19
28151 13
28157 4
28163 6
28170 12
28178 18
28179 15
28181 15
28183 17
28185 18
28186 2
28196 12
28204 13
28209 11
28216 11
28222 2
28233 18
28234 18
28235 9
28237 9
28238 18
28239 14
28244 10
28246 21
28250 16
28252 6
28259 18
28260 8
28262 21
28266 11
28273 11
28280 2
28290 1
28300 12
28307 12
28314 11
28320 8
28322 17
28324 14
28329 14
28335 11
28341 2
28352 16
28354 21
28358 18
28359 16
28361 4
28368 17
28370 12
28377 3
28384 12
28392 12
28399 9
28401 12
28408 21
28412 5
28418 4
28426 18
28427 2
28438 11
28445 2
28455 11
28462 1
28472 9
28473 12
28480 16
28482 14
28488 3
28494 11
28501 18
28502 4
28510 6
28517 1
28527 7
28529 20
28531 17
28533 14
28540 18
28541 6
28547 2
28558 3
28565 11
28571 18
28572 19
28574 4
28580 18
28581 9
28582 11
28589 10
28591 16
28593 3
28599 11
28605 12
28611 21
28615 9
28616 18
28617 9
28619 11
28626 1
28636 6
28642 11
28649 16
28651 5
28658 11
28664 18
28665 2
28675 5
28681 11
28688 16
28690 18
28691 2
28700 17
28702 4
28709 8
28711 21
28715 8
28718 1
28728 10
28730 20
28732 15
28734 18
28735 12
28742 21
28746 18
28747 1
28757 12
28765 18
28766 13
28771 10
28773 4
28779 15
28781 16
28783 12
28791 17
28793 20
28795 6
28802 8
28804 14
28810 20
28812 18
28813 18
28814 9
28815 18
28816 11
28822 13
28828 10
28831 4
28837 3
28843 12
28850 4
28858 9
28859 16
28861 5
28867 3
28874 7
28877 21
28881 2
28891 11
28898 17
28900 11
28906 1
28915 2
28926 6
28934 12
28941 9
28942 12
28949 17
28951 11
28957 6
28963 6
28970 17
28972 11
28978 19
28980 12
28988 2
28998 18
28999 19
29001 4
29009 18
29010 11
29016 13
29022 6
29029 1
29038 21
29042 11
29049 3
29056 12
29063 11
29069 15
29071 11
29077 16
29079 18
29080 12
29087 8
29091 8
29093 12
29099 18
29100 1
29109 12
29116 11
29123 6
29129 18
29130 1
29140 2
29150 8
29152 16
29154 17
29156 4
29163 11
29169 20
29171 18
29172 9
29174 17
29176 2
29186 4
29193 12
29199 15
29201 15
29203 13
29209 2
29219 20
29221 9
29223 14
29228 11
29234 21
29238 20
29240 17
29242 18
29243 10
29246 1
29256 18
29257 15
29259 11
29265 11
29272 15
29274 9
29276 13
29282 12
29288 19
29290 11
29296 17
29298 6
29306 12
29314 19
29316 11
29323 11
29329 13
29335 11
29342 11
29348 18
29349 18
29350 12
29357 11
29364 21
29368 7
29370 12
29377 1
29387 11
29393 9
29395 12
29402 11
29408 17
29410 18
29411 14
29417 12
29423 7
29426 18
29427 8
29430 21
29434 9
29436 18
29437 14
29442 12
29449 21
29453 14
29459 21
29463 11
29470 11
29477 6
29483 3
29489 18
29490 6
29497 19
29499 14
29505 11
29511 12
29517 2
29528 8
29532 6
29539 12
29545 2
29556 11
29562 12
29570 5
29576 9
29577 11
29583 6
29590 16
29592 16
29594 21
29598 11
29605 15
29607 18
29608 18
29609 11
29615 2
29625 12
29633 9
29635 8
29638 11
29644 12
29650 7
29653 11
29659 12
29665 9
29666 5
29672 12
29678 9
29680 21
29684 12
29692 13
29698 5
29705 12
29711 7
29713 20
29715 18
29716 12
29724 9
29726 11
29732 13
29737 11
29743 5
29749 9
29750 18
29751 9
29752 16
29754 18
29755 5
29762 18
29763 12
29770 11
29777 12
29785 21
29789 12
29795 18
29796 2
29807 8
29810 11
29816 12
29822 9
29823 12
29830 1
29839 15
29841 4
29849 1
29858 3
29864 12
29871 7
29873 18
29874 11
29881 12
29888 7
29891 10
29894 14
29900 18
29901 6
29909 9
29911 11
29918 19
29920 16
29922 15
29924 3
29930 20
29932 11
29939 4
29945 11
29952 18
29953 10
29955 7
29957 19
29959 2
29969 15
29971 12
29978 15
29980 18
29981 12
29989 6
29997 18
29998 18
29999 21
30003 11
30009 11
30016 5
30022 1
30031 12
30039 15
30041 5
30048 5
30054 11
30060 5
30067 19
30069 3
30075 9
30076 15
30078 12
30084 12
30090 20
30092 12
30099 14
30105 11
30111 4
30119 16
30121 11
30127 11
30134 15
30136 4
30143 11
30149 20
30151 12
30159 11
30165 5
30171 16
30173 18
30174 9
30175 18
30176 12
30184 12
30190 17
30192 18
30193 11
30200 4
30207 18
30208 6
30215 19
30217 21
30221 12
30228 8
30231 14
30237 9
30238 2
30247 11
30253 1
30263 20
30265 17
30267 2
30276 3
30283 10
30285 10
30287 13
30293 7
30296 9
30297 11
30304 14
30310 17
30312 15
30314 12
30320 10
30322 18
30323 3
30329 12
30336 13
30342 2
30351 10
30352 1
30362 8
30365 11
30371 18
30372 11
30379 12
30387 16
30389 10
30392 21
30396 18
30397 8
30401 7
30403 11
30410 16
30412 19
30414 17
30416 1
30426 17
30428 1
30438 16
30440 17
30442 21
30446 1
30455 13
30460 2
30469 9
30470 21
30474 6
30481 13
30486 19
30488 19
30490 10
30492 18
30493 7
30496 8
30499 18
30500 3
30507 3
30513 18
30514 16
30516 6
30524 16
30526 16
30528 13
30533 15
30535 10
30538 10
30540 15
30542 11
30548 8
30550 12
30556 19
30558 6
30565 5
30572 12
30579 2
30589 12
30596 5
30603 9
30604 17
30606 5
30613 16
30615 12
30622 9
30624 10
30627 18
30628 2
30638 10
30640 15
30642 12
30650 3
30657 3
30664 12
30671 5
30677 11
30684 13
30690 7
30692 4
30698 21
30702 9
30704 20
30706 17
30708 13
30714 8
30717 6
30725 15
30727 12
30734 21
30738 12
30745 11
30751 12
30758 1
30768 6
30776 20
30778 15
30780 5
30786 21
30790 17
30792 13
30798 19
30800 12
30807 7
30809 3
30816 21
30820 12
30827 14
30832 4
30839 5
30846 7
30849 11
30856 10
30858 19
30860 10
30861 1
30870 18
30871 11
30878 8
30881 6
30888 1
30898 4
30905 11
30912 21
30916 21
30920 10
30922 9
30923 14
30930 13
30935 8
30938 18
30939 12
30947 15
30949 12
30955 10
30956 12
30964 6
30971 10
30974 4
30982 1
30992 12
30998 12
31004 19
31006 5
31013 8
31016 20
31018 3
31025 7
31028 2
31039 11
31045 7
31048 15
31050 20
31052 18
31053 19
31055 13
31061 6
31068 12
31074 12
31081 13
31087 12
31094 11
31101 12
31108 16
31110 21
31114 21
31118 6
31125 18
31126 9
31127 5
31133 19
31135 5
31142 21
31146 19
31148 6
31155 5
31161 17
31163 13
31168 5
31174 2
31184 8
31187 12
31194 3
31200 17
31202 5
31209 19
31211 10
31213 8
31215 2
31226 3
31233 5
31240 17
31242 19
31244 8
31247 18
31248 10
31249 16
31251 17
31253 19
31255 9
31256 5
31263 15
31265 17
31267 12
31273 12
31279 11
31286 12
31292 13
31298 11
31304 2
31313 10
31315 15
31317 9
31318 1
31328 11
31335 3
31341 13
31347 7
31349 19
31351 18
31352 3
31359 20
31361 11
31368 19
31370 2
31380 16
31382 15
31384 21
31388 11
31395 18
31396 11
31402 20
31404 5
31411 13
31416 9
31417 16
31419 11
31426 4
31433 16
31435 10
31436 2
31447 1
31457 5
31464 2
31474 10
31476 16
31478 19
31480 12
31486 5
31493 6
31501 14
31506 11
31513 1
31523 10
31524 19
31526 15
31528 11
31534 18
31535 18
31536 14
31543 17
31545 12
31551 8
31555 3
31561 16
31563 12
31571 15
31573 14
31579 6
31587 15
31589 2
31599 19
31601 21
31605 18
31606 7
31609 11
31616 9
31618 15
31620 8
31622 5
31629 16
31631 18
31632 12
31638 11
31644 18
31645 17
31647 18
31648 12
31655 15
31657 2
31667 13
31672 6
31680 20
31682 2
31692 15
31694 15
31696 9
31698 4
31706 11
31713 15
31715 1
31724 11
31730 2
31740 1
31749 4
31755 16
31757 11
31763 11
31769 19
31771 20
31773 6
31780 9
31782 10
31784 18
31785 11
31791 12
31798 1
31808 7
31810 11
31817 20
31819 17
31821 7
31824 13
31829 4
31835 18
31836 16
31838 12
31846 3
31852 4
31860 11
31866 6
31873 11
31880 17
31882 6
31888 11
31895 12
31902 11
31909 11
31915 4
31923 10
31925 11
31931 2
31942 15
31944 5
31950 9
31952 3
31959 18
31960 12
31968 16
31970 12
31977 11
31984 15
31986 10
31988 19
31990 14
31996 20
31998 5
32004 1
32013 20
32015 12
32023 4
32029 16
32031 11
32037 11
32043 5
32049 7
32051 13
32056 18
32057 19
32059 11
32066 2
32077 1
32087 5
32093 16
32095 20
32097 14
32102 12
32110 18
32111 6
32118 18
32119 10
32120 18
32121 20
32123 21
32127 15
32129 4
32137 9
32139 4
32146 7
32148 18
32149 15
32151 19
32153 11
32159 12
32166 20
32168 1
32177 7
32179 11
32186 4
32194 12
32201 18
32202 14
32207 8
32210 3
32217 16
32219 15
32221 8
32223 12
32229 2
32238 1
32248 15
32250 2
32260 21
32264 18
32265 9
32267 9
32269 11
32275 16
32277 1
32287 12
32295 5
32301 14
32308 16
32310 9
32311 21
32315 13
32320 10
32322 15
32324 14
32331 8
32334 11
32340 12
32347 2
32358 11
32364 11
32371 11
32377 12
32385 21
32389 11
32396 11
32402 12
32410 11
32416 16
32418 14
32424 20
32426 19
32428 3
32435 17
32437 18
32438 12
32446 11
32452 12
32458 11
32464 17
32466 12
32474 12
32480 12
32488 12
32495 1
32504 18
32505 9
32506 9
32507 17
32509 2
32519 12
32527 13
32533 14
32539 20
32541 11
32547 18
32548 7
32551 7
32554 17
32556 11
32563 9
32564 21
32568 6
32575 18
32576 12
32583 18
32584 14
32590 9
32591 1
32601 21
32605 20
32607 18
32608 19
32610 1
32619 18
32620 16
32622 11
32629 15
32631 21
32635 17
32637 7
32640 17
32642 16
32644 21
32648 11
32655 11
32661 12
32668 16
32670 10
32672 21
32676 8
32678 14
32685 16
32687 10
32689 15
32691 14
32697 6
32704 18
32705 12
32711 11
32717 9
32718 8
32721 3
32728 11
32734 12
32742 21
32746 11
32752 12
32759 5
32765 10
32767 18
32768 12
32775 9
32777 17
32779 2
32789 18
32790 17
32792 12
32799 13
32805 13
32811 21
32815 18
32816 13
32822 18
32823 12
32829 6
32837 4
32844 3
32850 21
32854 9
32856 19
32858 12
32864 15
32866 11
32873 6
32880 7
32883 15
32885 7
32887 8
32891 19
32893 15
32895 1
32904 11
32910 12
32917 2
32928 12
32936 12
32943 7
32945 18
32946 19
32948 20
32950 2
32960 21
32964 5
32970 18
32971 11
32977 1
32986 18
32987 12
32995 7
32997 14
33003 12
33009 16
33011 12
33018 5
33024 6
33030 21
33034 12
33041 18
33042 20
33044 21
33048 15
33050 12
33058 17
33060 4
33068 8
33072 7
33074 14
33079 17
33081 3
33088 12
33094 19
33096 16
33098 5
33104 15
33106 20
33108 11
33115 13
33121 15
33123 13
33129 11
33136 12
33142 15
33144 18
33145 18
33146 9
33147 18
33148 20
33150 4
33157 19
33159 12
33166 8
33168 21
33172 8
33176 11
33182 11
33189 20
33191 5
33198 7
33200 3
33206 6
33213 11
33220 1
33230 11
33237 12
33243 18
33244 8
33248 16
33250 13
33256 4
33262 10
33264 9
33265 11
33272 18
33273 16
33275 11
33282 4
33290 6
33297 2
33307 12
33315 6
33321 4
33328 11
33335 9
33337 4
33344 11
33350 10
33352 12
33359 11
33366 7
33368 5
33374 11
33380 10
33381 12
33389 18
33390 9
33391 19
33393 21
33397 12
33403 21
33407 12
33414 15
33416 15
33418 18
33419 12
33427 6
33434 2
33444 9
33446 11
33453 7
33455 21
33459 20
33461 14
33468 16
33470 9
33471 6
33478 17
33480 6
33488 8
33491 12
33498 13
33503 11
33510 12
33517 16
33519 19
33521 3
33527 21
33531 3
33537 11
33544 14
33550 18
33551 14
33558 11
33565 21
33569 18
33570 15
33572 13
33577 13
33582 4
33589 11
33596 14
33602 1
33611 11
33618 1
33628 17
33630 16
33632 12
33639 21
33643 7
33646 20
33648 15
33650 9
33651 18
33652 15
33654 19
33656 16
33658 14
33665 5
33672 17
33674 15
33676 11
33682 8
33684 8
33687 18
33688 17
33690 16
33692 11
33698 4
33704 9
33705 9
33706 12
33714 15
33716 5
33722 2
33732 12
33739 4
33747 2
33757 20
33759 6
33766 14
33773 15
33775 19
33777 14
33784 20
33786 14
33792 11
33798 9
33800 13
33805 17
33807 9
33808 18
33809 7
33811 7
33814 11
33820 11
33826 20
33828 11
33834 10
33836 21
33840 15
33842 5
33848 14
33853 10
33854 12
33861 2
33872 17
33874 14
33879 1
33888 12
33895 11
33902 21
33906 12
33914 5
33921 21
33925 18
33926 14
33933 12
33940 7
33943 12
33950 14
33956 21
33960 16
33962 6
33969 5
33976 5
33983 10
33986 12
33993 19
33995 12
34001 11
34008 17
34010 18
34011 17
34013 17
34015 7
34017 4
34023 7
34026 2
34036 3
34043 6
34051 16
34053 13
34058 2
34067 12
34073 18
34074 17
34076 17
34078 12
34084 11
34090 9
34091 9
34093 16
34095 4
34103 19
34105 20
34107 6
34113 13
34118 5
34124 3
34131 3
34137 11
34144 19
34146 11
34152 5
34159 11
34165 11
34172 16
34174 15
34176 14
34182 19
34184 20
34186 12
34192 9
34193 3
34199 12
34207 10
34209 8
34213 2
34222 16
34224 19
34226 10
34229 18
34230 11
34237 2
34248 12
34256 9
34258 20
34260 21
34264 11
34270 18
34271 17
34273 7
34275 15
34277 6
34284 18
34285 12
34292 18
34293 13
34299 11
34306 10
34309 3
34315 15
34317 3
34323 11
34329 12
34335 18
34336 5
34343 7
34346 13
34351 15
34353 7
34355 7
34358 20
34360 18
34361 11
34367 21
34371 7
34374 7
34377 7
34379 12
34387 3
34394 18
34395 15
34397 18
34398 18
34399 5
34406 3
34412 12
34419 11
34426 13
34432 12
34438 19
34440 17
34442 18
34443 8
34446 10
34448 10
34450 5
34456 6
34464 17
34466 1
34476 13
34481 11
34487 5
34493 13
34499 15
34501 10
34503 11
34510 8
34513 19
34515 19
34517 16
34519 11
34525 7
34528 21
34532 9
34534 14
34540 16
34542 5
34549 5
34555 3
34561 12
34567 11
34574 2
34583 14
34590 5
34597 12
34604 19
34606 5
34613 11
34619 9
34621 11
34628 13
34634 15
34636 11
34643 18
34644 4
34651 20
34653 11
34659 15
34661 5
34668 5
34674 21
34678 12
34685 8
34688 14
34695 10
34698 18
34699 12
34706 15
34708 5
34715 16
34717 6
34723 18
34724 11
34730 1
34739 1
34749 15
34751 5
34757 13
34762 9
34763 19
34765 5
34771 20
34773 3
34780 11
34786 5
34792 12
34799 19
34801 18
34802 20
34804 19
34806 17
34808 10
34810 2
34820 13
34826 7
34828 2
34839 13
34844 17
34846 11
34852 1
34862 6
34869 9
34871 11
34878 17
34880 7
34883 19
34885 9
34887 5
34894 8
34896 11
34902 10
34904 21
34908 14
34914 21
34918 21
34922 18
34923 2
34934 8
34938 5
34944 12
34951 3
34957 13
34963 18
34964 14
34971 2
34980 9
34981 12
34987 20
34989 8
34992 10
34994 13
35000 9
35001 17
35003 14
35009 17
35011 15
35013 11
35020 11
35027 18
35028 9
35029 8
35032 20
35034 11
35040 12
35047 3
35054 2
35063 8
35066 12
35072 5
35078 18
35079 12
35086 9
35087 2
35097 15
35099 1
35108 20
35110 10
35112 12
35119 12
35126 7
35128 6
35134 17
35136 4
35143 1
35152 18
35153 15
35155 16
35157 12
35164 18
35165 17
35167 18
35168 10
35170 17
35172 8
35176 6
35182 8
35184 9
35186 2
35195 11
35201 15
35203 20
35205 11
35212 7
35215 4
35222 12
35229 13
35235 2
35245 17
35247 1
35256 18
35257 18
35258 18
35259 17
35261 11
35267 16
35269 1
35279 11
35286 12
35292 15
35294 20
35296 2
35305 12
35312 2
35322 14
35329 9
35331 18
35332 3
35339 15
35341 2
35350 11
35356 9
35357 18
35358 17
35360 11
35367 2
35377 11
35384 18
35385 15
35387 2
35397 2
35407 3
35413 13
35418 14
35423 15
35425 13
35431 17
35433 5
35440 12
35446 19
35448 13
35453 12
35459 8
35461 12
35468 14
35473 18
35474 21
35478 5
35485 9
35486 7
35488 15
35490 15
35492 2
35502 14
35508 19
35510 8
35513 15
35515 19
35517 3
35524 7
35526 14
35531 11
35538 6
35545 5
35552 1
35561 19
35563 16
35565 9
35567 11
35574 15
35576 16
35578 11
35584 2
35594 20
35596 2
35607 7
35610 1
35619 13
35624 21
35628 18
35629 17
35631 6
35638 10
35640 18
35641 10
35644 20
35646 12
35653 11
35660 11
35666 11
35673 19
35675 20
35677 15
35679 11
35685 18
35686 3
35693 1
35702 10
35705 2
35715 12
35721 18
35722 16
35724 15
35726 16
35728 18
35729 17
35731 7
35734 1
35743 4
35750 4
35757 12
35764 20
35766 18
35767 19
35769 18
35770 12
35777 20
35779 11
35786 11
35792 19
35794 7
35797 11
35803 18
35804 11
35811 9
35812 12
35818 2
35828 5
35834 2
35844 11
35850 5
35856 13
35862 11
35868 20
35870 10
35873 15
35875 20
35877 6
35884 8
35887 16
35889 18
35890 16
35892 18
35893 19
35895 12
35902 15
35904 20
35906 10
35907 14
35914 21
35918 12
35926 21
35930 6
35937 11
35943 18
35944 13
35950 16
35952 14
35957 13
35962 14
35968 15
35970 11
35977 10
35980 10
35982 11
35988 12
35995 18
35996 21
36000 15
36002 3
36008 11
36015 11
36022 13
36028 7
36030 17
36032 21
36036 17
36038 11
36045 11
36051 4
36058 12
36065 18
36066 15
36068 18
36069 15
36071 12
36077 14
36082 20
36084 12
36091 21
36095 8
36098 18
36099 12
36106 7
36108 19
36110 18
36111 10
36113 11
36120 17
36122 11
36129 1
36139 8
36143 11
36149 11
36155 5
36162 19
36164 14
36169 17
36171 9
36172 18
36173 12
36180 13
36186 1
36196 12
36203 2
36212 8
36215 12
36223 20
36225 12
36231 6
36238 5
36244 2
36255 5
36261 18
36262 6
36268 12
36274 4
36280 9
36281 3
36288 18
36289 7
36292 18
36293 11
36300 14
36305 5
36312 20
36314 2
36324 18
36325 9
36326 3
36332 18
36333 12
36341 4
36348 19
36350 12
36356 13
36362 1
36372 4
36378 11
36385 15
36387 17
36389 7
36391 18
36392 12
36399 11
36406 3
36413 5
36420 7
36422 17
36424 7
36427 5
36434 14
36441 11
36447 11
36454 11
36460 4
36468 12
36475 10
36477 14
36484 21
36488 15
36490 13
36496 18
36497 14
36503 11
36509 3
36516 8
36519 5
36526 11
36532 21
36536 11
36543 11
36550 11
36556 21
36560 19
36562 17
36564 11
36570 18
36571 11
36577 15
36579 6
36586 13
36592 11
36598 4
36606 6
36613 16
36615 7
36617 21
36621 7
36624 2
36635 19
36637 14
36643 17
36645 12
36652 6
36659 2
36670 18
36671 2
36681 18
36682 19
36684 1
36693 10
36695 12
36703 12
36710 11
36716 7
36719 13
36724 13
36730 2
36740 17
36742 11
36749 7
36752 11
36759 13
36765 3
36772 16
36774 3
36780 13
36786 12
36793 18
36794 12
36800 11
36806 21
36810 18
36811 15
36813 2
36824 10
36827 16
36829 6
36836 9
36837 12
36843 12
36850 7
36853 11
36860 11
36866 9
36867 11
36873 18
36874 13
36879 19
36881 10
36882 13
36887 12
36893 11
36899 3
36905 18
36906 11
36913 19
36915 8
36918 17
36920 13
36925 11
36932 12
36939 21
36943 19
36945 13
36951 1
36960 13
36966 19
36968 21
36972 10
36974 11
36981 3
36988 13
36993 11
36999 13
37005 17
37007 3
37014 8
37017 11
37024 15
37026 6
37034 12
37041 19
37043 12
37051 12
37059 14
37066 6
37072 13
37077 15
37079 6
37086 18
37087 19
37089 10
37091 3
37097 15
37099 11
37105 13
37111 12
37118 10
37119 11
37125 5
37131 16
37133 20
37135 21
37139 5
37146 4
37152 21
37156 11
37162 16
37164 17
37166 17
37168 12
37175 7
37177 2
37187 19
37189 20
37191 14
37197 7
37200 1
37209 11
37216 6
37222 11
37229 11
37236 12
37243 3
37249 21
37253 10
37256 16
37258 9
37259 7
37262 3
37269 5
37276 2
37286 15
37288 3
37294 12
37301 18
37302 10
37304 12
37311 13
37317 7
37319 9
37321 12
37328 13
37333 10
37336 2
37345 5
37351 19
37353 4
37360 21
37364 12
37372 14
37378 2
37389 17
37391 11
37397 12
37404 3
37411 2
37422 20
37424 20
37426 17
37428 18
37429 17
37431 19
37433 18
37434 10
37435 11
37441 12
37447 1
37456 1
37466 11
37473 12
37481 12
37489 11
37496 12
37503 12
37510 12
37517 1
37526 1
37535 2
37545 19
37547 6
37555 3
37562 20
37564 13
37570 13
37576 10
37578 4
37585 5
37591 8
37595 20
37597 3
37604 1
37613 21
37617 5
37624 5
37630 14
37635 8
37637 20
37639 6
37647 2
37657 11
37664 8
37666 7
37669 21
37673 20
37675 16
37677 20
37679 3
37685 11
37691 3
37697 18
37698 12
37705 7
37708 15
37710 20
37712 8
37714 4
37721 11
37728 16
37730 15
37732 11
37738 21
37742 18
37743 8
37746 9
37747 16
37749 18
37750 19
37752 20
37754 12
37761 13
37767 11
37774 6
37781 15
37783 3
37789 3
37795 21
37799 11
37806 3
37813 20
37815 12
37821 11
37827 9
37828 8
37831 3
37837 1
37847 11
37854 5
37861 13
37866 11
37872 12
37880 18
37881 1
37891 7
37894 17
37896 6
37903 16
37905 10
37906 19
37908 7
37911 16
37913 11
37919 13
37925 11
37932 13
37937 6
37944 5
37951 4
37959 11
37966 16
37968 5
37974 15
37976 12
37982 2
37992 18
37993 18
37994 11
38000 2
38011 3
38017 10
38018 3
38025 11
38031 11
38038 3
38044 17
38046 20
38048 4
38055 11
38062 18
38063 12
38069 19
38071 9
38072 13
38078 20
38080 18
38081 15
38083 6
38090 3
38097 4
38104 14
38109 2
38120 11
38127 12
38135 20
38137 8
38141 10
38143 7
38145 18
38146 5
38152 12
38159 6
38167 6
38173 17
38175 15
38177 14
38183 19
38185 19
38187 17
38189 4
38196 11
38202 19
38204 16
38206 4
38214 11
38221 17
38223 8
38225 11
38232 12
38239 20
38241 12
38247 16
38249 11
38255 10
38257 21
38261 2
38270 9
38271 9
38273 12
38280 18
38281 11
38288 17
38290 12
38297 12
38303 8
38305 6
38311 11
38318 11
38325 11
38332 19
38334 4
38341 17
38343 1
38352 12
38358 11
38364 19
38366 17
38368 12
38376 3
38383 21
38387 16
38389 12
38397 3
38404 2
38414 14
38420 11
38427 10
38429 12
38436 6
38443 20
38445 1
38454 3
38461 11
38467 11
38473 5
38479 20
38481 11
38487 15
38489 13
38494 10
38497 4
38505 5
38511 5
38517 18
38518 10
38520 3
38526 16
38528 13
38533 8
38536 15
38538 11
38545 9
38547 1
38556 21
38560 9
38561 3
38568 12
38574 20
38576 15
38578 6
38584 10
38586 18
38587 12
38594 18
38595 17
38597 5
38603 9
38605 12
38611 16
38613 20
38615 20
38617 20
38619 1
38628 11
38634 21
38638 18
38639 12
38645 1
38654 3
38661 11
38667 12
38675 10
38676 16
38678 17
38680 3
38687 18
38688 11
38695 8
38698 16
38700 11
38707 4
38714 9
38715 18
38716 16
38718 7
38720 3
38727 5
38734 10
38735 15
38737 5
38743 17
38745 21
38749 3
38756 18
38757 11
38763 11
38769 1
38779 3
38785 3
38791 18
38792 8
38795 12
38802 11
38808 11
38814 5
38821 6
38827 9
38828 18
38829 12
38836 16
38838 6
38845 18
38846 3
38853 7
38855 21
38859 18
38860 11
38867 1
38876 12
38883 6
38891 11
38897 7
38899 10
38900 2
38910 9
38911 4
38919 19
38921 7
38924 4
38930 15
38932 12
38940 10
38942 7
38944 11
38951 12
38958 14
38965 11
38971 14
38977 1
38987 19
38989 12
38996 6
39004 6
39011 17
39013 21
39017 4
39024 14
39029 5
39036 1
39045 15
39047 2
39056 7
39059 15
39061 11
39067 16
39069 11
39075 12
39081 2
39091 7
39093 11
39099 20
39101 2
39111 11
39117 13
39123 16
39125 9
39126 12
39133 19
39135 5
39142 11
39148 12
39155 9
39156 12
39163 5
39169 7
39171 17
39173 12
39181 2
39191 5
39198 12
39205 18
39206 18
39207 11
39214 5
39220 16
39222 16
39224 2
39235 11
39241 18
39242 11
39249 7
39252 16
39254 5
39261 19
39263 1
39273 20
39275 11
39281 2
39291 1
39300 7
39303 11
39310 20
39312 16
39314 4
39320 1
39329 5
39335 6
39342 3
39348 11
39354 18
39355 12
39363 10
39365 1
39374 7
39376 21
39380 20
39382 16
39384 15
39386 10
39388 11
39394 12
39400 11
39406 2
39416 12
39423 17
39425 6
39431 18
39432 12
39440 11
39446 21
39450 15
39452 17
39454 12
39461 21
39465 2
39476 18
39477 11
39483 4
39490 17
39492 18
39493 9
39494 8
39497 3
39503 12
39510 12
39517 7
39520 16
39522 11
39529 3
39536 3
39542 18
39543 8
39546 21
39550 11
39556 11
39563 20
39565 8
39569 9
39571 11
39577 11
39584 13
39589 9
39591 6
39597 7
39600 12
39606 15
39608 20
39610 16
39612 2
39622 11
39628 18
39629 5
39635 1
39644 2
39653 11
39659 6
39666 11
39673 11
39679 11
39686 11
39692 7
39695 11
39702 12
39710 1
39720 21
39724 13
39729 11
39735 8
39739 12
39746 8
39749 8
39752 2
39763 11
39770 1
39779 13
39784 5
39790 17
39792 18
39793 11
39800 3
39806 11
39812 16
39814 1
39823 12
39830 1
39839 13
39844 14
39850 12
39857 20
39859 11
39865 13
39871 19
39873 12
39881 3
39888 20
39890 12
39896 12
39902 3
39908 21
39912 14
39918 19
39920 3
39927 18
39928 9
39930 9
39931 6
39938 19
39940 13
39945 5
39952 2
39962 11
39968 9
39970 19
39972 11
39978 11
39984 11
39990 11
39996 10
39998 2
40008 3
40014 20
40016 9
40018 14
40023 16
40025 18
40026 12
40034 11
40041 18
40042 14
40048 12
40056 1
40066 2
40076 16
40078 13
40084 6
40092 13
40098 17
40100 4
40106 16
40108 9
40109 18
40110 4
40118 9
40120 11
40126 14
40131 6
40137 18
40138 4
40145 18
40146 15
40148 14
40154 18
40155 2
40165 16
40167 18
40168 5
40175 6
40183 18
40184 7
40187 7
40189 13
40194 1
40204 11
40210 5
40217 8
40221 10
40222 12
40229 4
40237 19
40239 7
40242 11
40248 18
40249 17
40251 18
40252 9
40254 18
40255 13
40260 5
40266 15
40268 8
40272 15
40274 19
40276 4
40284 1
40294 11
40300 19
40302 11
40308 9
40310 14
40315 16
40317 4
40325 16
40327 11
40334 17
40336 8
40339 6
40346 18
40347 9
40348 2
40357 8
40359 8
40363 11
40369 11
40376 11
40383 11
40390 12
40397 11
40404 12
40412 11
40419 11
40425 12
40433 10
40434 17
40436 3
40443 12
40449 9
40450 2
40459 20
40461 17
40463 13
40469 11
40475 3
40482 12
40489 8
40492 9
40494 16
40496 16
40498 12
40505 17
40507 16
40509 19
40511 15
40513 20
40515 6
40523 5
40529 18
40530 7
40533 2
40543 17
40545 11
40552 16
40554 2
40564 2
40573 4
40580 18
40581 2
40592 5
40598 10
40601 12
40608 3
40614 11
40620 13
40626 15
40628 10
40629 17
40631 21
40635 6
40642 5
40649 14
40655 19
40657 10
40660 10
40662 3
40668 15
40670 5
40676 11
40682 12
40689 12
40696 18
40697 20
40699 16
40701 10
40702 19
40704 18
40705 2
40715 5
40721 19
40723 18
40724 14
40729 4
40735 18
40736 9
40738 13
40744 4
40750 9
40752 10
40753 21
40757 16
40759 11
40766 20
40768 20
40770 2
40781 15
40783 18
40784 9
40786 11
40793 15
40795 13
40801 9
40803 1
40813 17
40815 21
40819 4
40827 12
40834 20
40836 18
40837 15
40839 16
40841 21
40845 16
40847 6
40854 11
40861 18
40862 8
40866 3
40872 13
40877 20
40879 11
40885 16
40887 21
40891 11
40898 3
40905 8
40909 12
40917 12
40925 7
40927 4
40935 17
40937 15
40939 11
40945 4
40952 10
40953 15
40955 21
40959 5
40966 21
40970 3
40977 15
40979 6
40986 18
40987 19
40989 12
40996 15
40998 13
41004 10
41006 18
41007 14
41014 16
41016 2
41026 2
41036 5
41043 17
41045 2
41054 1
41063 3
41069 3
41075 18
41076 11
41082 6
41090 13
41095 15
41097 9
41099 11
41106 18
41107 18
41108 7
41111 11
41118 11
41125 12
41132 21
41136 6
41142 11
41149 17
41151 9
41153 6
41161 8
41164 7
41167 15
41169 21
41173 7
41175 9
41177 8
41181 1
41190 13
41195 4
41202 14
41207 12
41215 9
41217 6
41224 2
41234 13
41239 21
41243 8
41247 19
41249 6
41257 15
41259 11
41266 11
41272 7
41275 19
41277 6
41283 20
41285 15
41287 7
41290 11
41297 5
41303 8
41306 8
41310 13
41315 14
41321 11
41328 6
41334 21
41338 16
41340 18
41341 8
41345 15
41347 10
41349 1
41358 12
41365 13
41371 20
41373 13
41379 1
41388 18
41389 15
41391 10
41394 10
41396 10
41399 14
41405 20
41407 2
41417 16
41419 18
41420 12
41428 3
41434 17
41436 19
41438 13
41444 18
41445 9
41446 9
41447 12
41453 11
41459 4
41466 4
41473 11
41480 13
41485 14
41490 18
41491 15
41493 18
41494 10
41496 3
41502 12
41509 10
41510 5
41516 11
41523 16
41525 15
41527 11
41534 21
41538 11
41544 13
41550 20
41552 11
41558 8
41561 18
41562 12
41569 16
41571 4
41579 15
41581 13
41586 5
41592 5
41599 1
41609 11
41616 21
41620 12
41628 7
41630 11
41637 12
41645 18
41646 21
41650 12
41658 9
41659 12
41666 20
41668 10
41671 16
41673 12
41681 10
41683 20
41685 17
41687 21
41691 21
41695 10
41698 16
41700 11
41707 21
41711 18
41712 10
41713 9
41715 5
41721 10
41723 7
41725 16
41727 12
41733 4
41739 7
41742 2
41753 11
41760 19
41762 11
41769 9
41770 9
41772 21
41776 15
41778 11
41785 15
41787 12
41795 13
41800 11
41806 1
41816 19
41818 11
41825 20
41827 12
41834 10
41837 18
41838 12
41845 16
41847 8
41851 18
41852 21
41856 18
41857 12
41864 15
41866 3
41872 18
41873 11
41880 6
41887 4
41895 16
41897 9
41898 21
41902 3
41909 11
41915 12
41922 12
41928 12
41934 4
41940 12
41948 6
41955 9
41957 15
41959 9
41960 11
41966 12
41974 1
41984 4
41991 13
41997 7
42000 15
42002 13
42008 12
42015 17
42017 15
42019 4
42026 11
42032 12
42039 9
42040 21
42044 14
42050 19
42052 12
42060 1
42070 19
42072 11
42079 11
42086 18
42087 12
42095 16
42097 5
42103 10
42106 8
42108 11
42114 21
42118 12
42124 20
42126 5
42133 7
42135 10
42137 9
42139 11
42146 13
42151 18
42152 14
42158 13
42164 20
42166 9
42168 3
42175 13
42181 9
42183 21
42187 11
42193 9
42194 6
42202 9
42203 18
42204 15
42206 5
42213 8
42215 3
42222 8
42226 16
42228 11
42235 17
42237 16
42239 12
42245 10
42247 6
42253 8
42257 8
42259 18
42260 11
42266 10
42268 19
42270 11
42277 11
42284 4
42291 14
42298 14
42303 3
42310 12
42317 11
42324 18
42325 11
42332 18
42333 7
42336 20
42338 20
42340 12
42347 18
42348 11
42354 18
42355 13
42361 12
42368 11
42375 21
42379 18
42380 5
42386 9
42387 3
42394 20
42396 8
42399 15
42401 12
42408 6
42415 18
42416 4
42423 19
42425 18
42426 1
42435 17
42437 19
42439 3
42446 11
42453 17
42455 11
42461 6
42469 4
42477 12
42484 19
42486 11
42493 14
42498 11
42505 15
42507 19
42509 20
42511 11
42518 18
42519 18
42520 18
42521 21
42525 11
42532 8
42535 3
42541 2
42552 8
42555 8
42558 15
42560 12
42568 14
42574 20
42576 17
42578 16
42580 17
42582 17
42584 5
42591 7
42593 18
42594 13
42599 9
42601 4
42607 10
42610 10
42612 14
42619 11
42626 5
42632 9
42634 12
42642 15
42644 13
42650 21
42654 11
42660 5
42666 11
42672 12
42679 11
42685 16
42687 18
42688 9
42690 13
42695 14
42702 2
42711 9
42713 11
42719 11
42725 9
42727 11
42734 8
42737 7
42740 15
42742 18
42743 9
42744 20
42746 12
42753 8
42755 20
42757 2
42766 11
42773 16
42775 4
42783 8
42785 11
42791 6
42798 19
42800 17
42802 18
42803 21
42807 12
42814 11
42820 4
42827 20
42829 12
42836 14
42841 10
42843 20
42845 18
42846 8
42849 12
42856 11
42863 12
42869 10
42871 14
42877 20
42879 18
42880 11
42886 10
42887 12
42894 11
42900 11
42906 18
42907 12
42914 7
42916 11
42922 12
42929 18
42930 20
42932 5
42939 20
42941 20
42943 12
42950 8
42954 15
42956 18
42957 6
42963 16
42965 5
42971 14
42978 18
42979 18
42980 16
42982 11
42989 12
42995 20
42997 18
42998 20
43000 16
43002 7
43004 21
43008 20
43010 19
43012 7
43014 1
43023 11
43030 6
43037 14
43043 11
43050 12
43056 12
43062 12
43069 9
43070 21
43074 4
43081 3
43088 9
43090 10
43091 6
43098 12
43105 5
43111 10
43113 5
43120 11
43127 11
43134 17
43136 16
43138 17
43140 19
43142 18
43143 17
43145 12
43153 9
43155 4
43162 4
43169 8
43171 12
43178 15
43180 15
43182 11
43188 11
43195 3
43202 7
43204 13
43210 8
43214 10
43215 18
43216 17
43218 13
43224 12
43231 19
43233 10
43234 1
43244 12
43252 1
43262 6
43268 6
43274 4
43281 8
43284 21
43288 4
43294 12
43301 18
43302 20
43304 2
43314 2
43323 7
43325 20
43327 12
43335 17
43337 1
43346 4
43353 6
43360 15
43362 6
43368 21
43372 1
43381 15
43383 13
43389 10
43392 5
43399 12
43406 14
43413 3
43420 8
43423 6
43431 6
43437 16
43439 8
43443 17
43445 3
43452 12
43459 11
43466 11
43472 10
43473 14
43479 4
43486 17
43488 18
43489 18
43490 11
43497 11
43503 12
43510 8
43512 12
43520 4
43527 10
43529 11
43535 1
43544 15
43546 8
43550 9
43552 12
43559 8
43562 21
43566 12
43573 11
43579 18
43580 10
43583 13
43588 15
43590 2
43600 17
43602 20
43604 9
43605 1
43614 5
43620 4
43628 19
43630 9
43632 12
43639 16
43641 1
43651 10
43652 5
43658 5
43664 13
43670 4
43676 11
43682 15
43684 4
43692 18
43693 6
43700 12
43707 10
43710 12
43717 9
43719 19
43721 11
43728 11
43734 15
43736 18
43737 16
43739 11
43746 4
43752 12
43760 12
43768 18
43769 12
43777 6
43784 16
43786 19
43788 3
43794 12
43802 2
43812 12
43818 5
43824 14
43830 11
43837 8
43839 2
43849 20
43851 11
43857 16
43859 9
43860 20
43862 12
43870 17
43872 17
43874 11
43881 1
43890 12
43898 21
43902 12
43908 17
43910 20
43912 10
43914 2
43924 8
43927 11
43934 4
43941 7
43943 14
43948 10
43949 18
43950 4
43958 6
43965 18
43966 12
43974 3
43980 11
43986 11
43992 12
44000 12
44007 13
44013 21
44017 18
44018 7
44020 11
44026 11
44033 17
44035 12
44042 12
44048 3
44054 18
44055 7
44057 3
44063 12
44069 18
44070 18
44071 9
44072 6
44079 9
44081 7
44084 1
44094 18
44095 12
44101 12
44107 11
44114 14
44119 4
44126 20
44128 1
44137 16
44139 4
44147 19
44149 2
44160 20
44162 11
44168 19
44170 15
44172 16
44174 1
44184 13
44190 20
44192 13
44198 8
44201 8
44204 2
44214 15
44216 11
44223 12
44230 12
44236 18
44237 2
44248 15
44250 7
44253 11
44260 11
44266 12
44272 6
44278 11
44285 20
44287 18
44288 21
44292 12
44299 8
44301 13
44306 12
44312 11
44319 19
44321 7
44323 21
44327 9
44328 15
44330 8
44334 9
44336 11
44343 10
44346 12
44352 11
44359 19
44361 20
44363 11
44370 18
44371 9
44373 9
44375 13
44381 15
44383 17
44385 19
44387 21
44391 16
44393 12
44400 19
44402 4
44409 18
44410 2
44419 11
44426 15
44428 6
44435 8
44437 2
44446 7
44448 13
44454 4
44460 11
44467 4
44473 11
44480 10
44483 10
44486 8
44490 17
44492 17
44494 15
44496 21
44500 1
44510 12
44517 1
44526 11
44532 5
44539 3
44545 20
44547 5
44554 5
44560 15
44562 11
44569 2
44579 3
44586 2
44596 3
44602 8
44606 2
44617 18
44618 19
44620 17
44622 1
44631 9
44632 11
44639 10
44641 11
44648 12
44654 21
44658 21
44662 18
44663 16
44665 9
44667 3
44673 6
44680 11
44687 11
44694 6
44701 12
44709 11
44715 20
44717 15
44719 15
44721 12
44729 9
44731 12
44738 6
44745 13
44750 15
44752 20
44754 11
44761 18
44762 10
44765 7
44768 6
44776 7
44778 16
44780 12
44786 17
44788 16
44790 6
44797 12
44804 20
44806 11
44812 21
44816 18
44817 21
44821 21
44825 7
44828 8
44831 8
44834 20
44836 3
44843 2
44853 7
44855 1
44865 13
44870 18
44871 4
44877 11
44883 1
44893 12
44901 8
44905 18
44906 18
44907 19
44909 18
44910 9
44911 14
44917 14
44922 11
44928 7
44930 3
44936 19
44938 11
44945 5
44952 11
44959 10
44961 5
44967 10
44969 20
44971 6
44977 5
44983 13
44989 11
44996 18
44997 15
44999 8
45002 11
45008 17
45010 4
45017 20
45019 20
45021 8
45024 1
45034 9
45036 11
45042 2
45052 7
45055 9
45057 9
45059 12
45067 9
45069 8
45072 15
45074 14
45081 6
45088 2
45098 6
45104 12
45111 12
45118 11
45124 3
45131 4
45138 9
45139 12
45146 6
45152 6
45159 9
45160 4
45168 11
45175 2
45185 1
45194 11
45200 8
45202 11
45208 19
45210 14
45216 8
45218 18
45219 9
45221 2
45231 16
45233 15
45235 21
45239 11
45245 9
45247 20
45249 10
45251 21
45255 21
45259 15
45261 6
45268 20
45270 21
45274 11
45280 19
45282 12
45290 10
45291 18
45292 3
45298 19
45300 17
45302 3
45309 11
45316 11
45322 12
45329 14
45335 5
45342 15
45344 5
45350 5
45357 7
45360 8
45363 7
45365 12
45372 12
45378 4
45384 12
45392 14
45397 5
45403 5
45410 9
45412 12
45418 8
45421 9
45423 10
45425 21
45429 11
45436 7
45438 9
45439 13
45444 11
45450 15
45452 13
45458 10
45459 12
45466 18
45467 8
45469 12
45475 11
45482 9
45483 9
45485 11
45492 21
45496 9
45498 18
45499 14
45504 1
45514 20
45516 19
45518 11
45524 12
45530 3
45537 12
45543 20
45545 16
45547 1
45557 11
45564 16
45566 10
45568 17
45570 8
45573 13
45579 13
45585 18
45586 10
45587 9
45589 13
45595 2
45605 16
45607 16
45609 8
45611 14
45617 19
45619 7
45621 19
45623 16
45625 10
45626 4
45634 18
45635 5
45641 13
45646 13
45651 9
45652 21
45656 2
45666 11
45672 11
45679 11
45685 18
45686 3
45692 9
45694 16
45696 11
45702 10
45705 2
45715 6
45722 7
45724 12
45731 18
45732 16
45734 18
45735 10
45737 18
45738 21
45742 17
45744 9
45745 2
45756 4
45764 5
45770 18
45771 12
45779 16
45781 15
45783 1
45793 2
45803 11
45809 9
45811 12
45818 7
45821 11
45827 11
45834 3
45841 11
45847 13
45852 14
45858 20
45860 6
45867 18
45868 16
45870 4
45878 21
45882 11
45889 5
45896 13
45902 11
45908 9
45909 11
45916 11
45922 3
45929 17
45931 15
45933 12
45941 16
45943 18
45944 12
45951 12
45958 21
45962 17
45964 12
45970 16
45972 10
45974 7
45977 11
45984 3
45991 4
45998 1
46007 10
46010 14
46015 19
46017 2
46026 14
46032 1
46041 3
46047 6
46055 15
46057 11
46063 10
46065 20
46067 17
46069 13
46075 21
46079 4
46086 3
46092 12
46099 1
46109 14
46115 20
46117 8
46120 5
46126 4
46133 14
46139 18
46140 1
46149 17
46151 16
46153 8
46156 6
46164 20
46166 21
46170 12
46177 18
46178 13
46183 5
46190 21
46194 2
46205 18
46206 18
46207 9
46208 16
46210 16
46212 21
46216 11
46222 2
46232 11
46238 2
46247 11
46253 2
46264 21
46268 13
46274 12
46280 6
46286 12
46293 9
46294 20
46296 15
46298 18
46299 11
46305 14
46311 9
46312 11
46319 10
46322 12
46329 11
46336 11
46342 3
46348 3
46354 19
46356 20
46358 2
46368 2
46378 15
46380 13
46386 11
46393 10
46396 21
46400 1
46410 10
46412 16
46414 13
46419 19
46421 16
46423 2
46433 18
46434 11
46441 21
46445 20
46447 16
46449 4
46456 2
46467 14
46474 8
46478 13
46484 10
46486 20
46488 16
46490 19
46492 11
46499 5
46506 12
46513 5
46520 8
46522 3
46528 10
46529 13
46534 14
46541 11
46547 6
46554 11
46560 11
46566 18
46567 2
46577 11
46583 11
46590 1
46600 10
46602 12
46609 4
46617 20
46619 19
46621 21
46625 16
46627 8
46630 12
46638 12
46646 18
46647 13
46653 12
46660 19
46662 9
46664 1
46673 13
46678 8
46681 21
46685 6
46691 18
46692 13
46698 11
46705 4
46712 5
46718 5
46725 11
46731 18
46732 5
46738 6
46745 11
46752 16
46754 9
46755 12
46763 20
46765 18
46766 15
46768 11
46775 19
46777 20
46779 2
46789 2
46799 2
46809 10
46810 18
46811 13
46817 12
46824 8
46827 16
46829 2
46839 9
46840 17
46842 18
46843 3
46850 12
46856 11
46862 5
46869 16
46871 3
46878 4
46884 12
46890 20
46892 3
46899 12
46905 11
46912 21
46916 7
46919 18
46920 12
46928 9
46929 13
46934 9
46935 6
46943 12
46949 17
46951 19
46953 11
46959 11
46965 11
46971 14
46976 11
46983 13
46989 18
46990 18
46991 10
46992 17
46994 9
46996 18
46997 6
47003 11
47009 3
47015 11
47021 19
47023 20
47025 17
47027 21
