10000
1 13
7 5
13 21
17 18
18 12
25 19
27 11
33 8
35 7
37 9
38 20
40 4
48 12
55 18
56 21
60 5
67 16
69 9
71 20
73 14
79 20
81 1
91 6
97 12
104 10
106 11
112 21
116 10
118 14
125 11
132 14
139 11
146 12
153 11
159 18
160 18
161 11
167 13
172 11
178 19
180 10
181 13
187 4
195 14
201 11
207 19
209 11
216 11
223 16
225 20
227 17
229 4
236 9
237 9
238 5
245 13
250 3
256 12
263 16
265 10
268 12
276 2
285 12
292 12
299 18
300 1
309 9
311 5
318 8
321 8
325 9
326 19
328 9
329 16
331 5
337 19
339 8
343 21
347 11
353 12
361 18
362 11
369 12
376 4
383 11
389 12
396 21
400 6
408 13
413 20
415 18
416 13
421 16
423 9
424 12
431 3
438 20
440 3
446 6
454 21
458 10
461 14
466 12
473 11
480 19
482 19
484 8
487 12
494 21
498 20
500 15
502 12
509 16
511 12
518 17
520 9
521 16
523 15
525 13
530 18
531 21
535 15
537 11
544 12
550 20
552 2
562 8
565 16
567 16
569 7
572 6
579 20
581 18
582 11
588 9
589 12
595 9
597 3
604 1
613 20
615 4
621 8
624 12
630 7
632 10
633 20
635 3
641 11
647 13
652 13
658 12
665 15
667 11
674 12
681 15
683 12
690 9
691 21
695 19
697 20
699 8
702 12
709 9
711 7
714 11
720 12
727 17
729 15
731 7
733 14
739 11
745 18
746 5
752 1
761 11
768 5
774 5
781 21
785 3
791 4
798 11
804 18
805 21
809 12
816 8
818 7
821 19
823 9
825 2
836 11
843 7
846 21
850 5
856 9
857 21
861 10
863 17
865 3
872 13
878 14
885 8
888 13
894 19
896 9
898 10
901 2
911 3
917 5
924 10
925 8
928 3
934 12
941 11
947 1
957 7
959 10
961 11
968 4
975 6
982 9
983 18
984 16
986 16
988 5
994 9
996 13
1001 6
1009 13
1015 18
1016 18
1017 8
1019 11
1025 9
1026 18
1027 11
1034 18
1035 14
1041 19
1043 11
1049 21
1053 11
1060 9
1062 18
1063 20
1065 11
1071 8
1074 2
1083 12
1089 12
1096 11
1102 13
1107 1
1116 8
1119 18
1120 1
1130 21
1134 3
1141 10
1143 8
1146 3
1152 3
1158 21
1162 14
1169 21
1173 6
1179 19
1181 21
1185 21
1189 11
1196 11
1203 11
1209 12
1216 16
1218 9
1219 14
1225 12
1233 11
1239 3
1246 3
1252 11
1259 15
1261 10
1262 19
1264 9
1265 18
1266 10
1267 3
1273 19
1275 7
1277 16
1279 14
1285 12
1292 13
1298 2
1308 17
1310 10
1312 19
1314 18
1315 15
1317 8
1320 18
1321 11
1327 21
1331 18
1332 13
1338 3
1344 18
1345 14
1352 12
1358 17
1360 4
1367 21
1371 11
1377 5
1383 6
1390 16
1392 5
1399 15
1401 3
1407 6
1415 12
1421 11
1427 18
1428 21
1432 8
1435 9
1437 2
1447 6
1454 1
1464 11
1471 11
1478 20
1480 4
1486 20
1488 10
1490 21
1494 7
1496 21
1500 7
1503 19
1505 14
1511 15
1513 9
1514 13
1519 12
1526 3
1532 4
1539 3
1546 15
1548 2
1558 19
1560 8
1562 21
1566 11
1573 5
1580 9
1582 15
1584 7
1587 12
1593 9
1595 4
1602 19
1604 4
1610 11
1617 12
1624 13
1630 17
1632 12
1640 18
1641 11
1648 7
1651 18
1652 16
1654 11
1661 7
1663 9
1664 13
1669 2
1679 8
1682 19
1684 3
1690 18
1691 10
1693 21
1697 4
1705 15
1707 14
1713 4
1721 12
1729 1
1739 6
1747 15
1749 1
1758 20
1760 3
1767 15
1769 2
1779 6
1787 18
1788 18
1789 20
1791 21
1795 11
1802 16
1804 18
1805 5
1812 3
1819 1
1829 17
1831 11
1837 17
1839 18
1840 2
1850 8
1853 15
1855 15
1857 3
1863 6
1870 6
1877 11
1884 7
1887 3
1893 10
1895 14
1902 11
1909 2
1918 7
1920 2
1931 19
1933 2
1943 8
1946 9
1947 18
1948 12
1955 7
1957 8
1960 11
1967 4
1973 20
1975 16
1977 12
1983 13
1988 19
1990 6
1997 16
1999 18
2000 6
2006 17
2008 12
2016 17
2018 12
2024 11
2030 10
2032 10
2034 11
2040 10
2041 11
2048 18
2049 18
2050 18
2051 20
2053 11
2060 15
2062 5
2068 12
2075 5
2082 9
2084 6
2091 3
2098 17
2100 18
2101 16
2103 17
2105 16
2107 4
2114 4
2121 17
2123 12
2129 1
2138 2
2147 10
2149 10
2151 12
2159 2
2169 16
2171 5
2178 11
2185 13
2190 10
2193 7
2195 12
2201 15
2203 7
2205 8
2209 3
2215 12
2221 2
2230 3
2237 14
2242 9
2243 7
2245 12
2252 21
2256 1
2266 12
2272 2
2282 8
2284 12
2291 9
2292 10
2293 11
2299 13
2304 12
2311 1
2320 20
2322 11
2328 2
2338 3
2345 21
2349 8
2353 13
2358 6
2364 8
2366 14
2372 1
2382 5
2388 14
2394 6
2402 16
2404 11
2411 17
2413 3
2420 15
2422 11
2428 11
2434 8
2437 17
2439 20
2441 15
2443 15
2445 1
2455 2
2465 12
2473 1
2482 21
2486 11
2492 6
2499 11
2505 11
2511 12
2518 11
2524 11
2531 10
2534 11
2541 11
2548 19
2550 21
2554 15
2556 8
2559 18
2560 18
2561 19
2563 16
2565 12
2571 10
2573 19
2575 19
2577 19
2579 11
2586 12
2594 5
2601 4
2609 13
2615 4
2623 14
2630 12
2638 18
2639 9
2641 12
2648 11
2655 2
2666 18
2667 7
2670 18
2671 16
2673 11
2680 10
2683 3
2689 3
2696 11
2703 15
2705 11
2711 12
2717 5
2723 9
2725 3
2732 21
2736 3
2743 13
2749 20
2751 9
2752 2
2762 9
2764 4
2771 9
2772 1
2782 3
2788 21
2792 18
2793 11
2799 10
2801 5
2808 11
2815 16
2817 12
2824 13
2830 7
2832 5
2838 18
2839 9
2840 3
2847 10
2849 15
2851 5
2858 11
2864 15
2866 17
2868 11
2874 12
2881 18
2882 21
2886 20
2888 2
2899 5
2905 6
2912 10
2914 14
2920 11
2926 5
2933 6
2940 9
2942 12
2950 5
2957 2
2967 11
2973 5
2980 18
2981 9
2982 15
2984 13
2989 21
2993 8
2996 9
2997 19
2999 5
3006 7
3008 12
3015 5
3021 11
3027 8
3031 15
3033 5
3040 10
3042 12
3049 7
3052 1
3061 15
3063 2
3073 9
3074 11
3081 18
3082 12
3089 17
3091 21
3095 4
3102 20
3104 11
3110 15
3112 15
3114 12
3120 12
3127 9
3129 19
3131 12
3138 14
3144 10
3145 3
3152 11
3158 21
3162 17
3164 12
3171 1
3181 7
3184 7
3186 12
3193 8
3196 5
3202 16
3204 1
3214 3
3220 13
3226 2
3235 10
3236 7
3238 11
3244 8
3248 11
3255 11
3261 7
3264 2
3274 18
3275 9
3276 1
3286 8
3288 20
3290 5
3296 12
3303 7
3305 3
3311 4
3319 12
3326 10
3329 4
3336 2
3346 12
3354 19
3356 15
3358 7
3360 11
3366 11
3372 14
3378 10
3381 11
3388 9
3390 4
3397 20
3399 10
3401 16
3403 4
3410 3
3416 12
3422 11
3429 15
3431 11
3437 12
3443 11
3449 11
3455 2
3464 18
3465 1
3475 17
3477 1
3486 3
3492 10
3493 8
3496 11
3502 21
3506 6
3513 19
3515 7
3518 7
3520 19
3522 5
3529 18
3530 6
3536 8
3539 17
3541 20
3543 4
3550 8
3553 6
3559 11
3566 2
3576 12
3583 18
3584 21
3588 7
3590 4
3597 18
3598 20
3600 7
3603 2
3614 14
3620 4
3626 16
3628 5
3634 20
3636 18
3637 7
3640 1
3649 12
3655 12
3663 9
3664 18
3665 18
3666 8
3669 10
3671 17
3673 7
3676 15
3678 12
3684 18
3685 21
3689 18
3690 14
3696 7
3698 18
3699 21
3703 7
3705 15
3707 13
3713 3
3719 13
3725 9
3727 12
3735 14
3741 5
3748 10
3750 2
3760 16
3762 11
3769 13
3775 20
3777 11
3784 18
3785 11
3791 9
3793 11
3799 11
3805 4
3812 4
3818 3
3824 4
3832 3
3839 11
3845 15
3847 6
3853 5
3860 7
3863 7
3865 12
3872 15
3874 16
3876 12
3883 20
3885 10
3887 11
3893 21
3897 20
3899 13
3904 11
3911 11
3918 17
3920 11
3926 7
3929 12
3935 12
3942 11
3949 11
3955 7
3957 21
3961 6
3968 20
3970 13
3976 1
3985 20
3987 1
3997 18
3998 11
4004 1
4013 9
4015 9
4016 9
4017 17
4019 17
4021 17
4023 18
4024 6
4030 16
4032 1
4041 2
4050 3
4057 19
4059 2
4069 12
4075 11
4082 12
4089 5
4096 16
4098 3
4105 7
4107 12
4114 13
4119 16
4121 14
4128 2
4138 6
4145 6
4152 2
4162 7
4165 12
4172 18
4173 7
4176 13
4181 11
4187 15
4189 16
4191 11
4198 13
4204 5
4211 13
4216 5
4222 12
4230 18
4231 9
4232 11
4238 11
4244 4
4251 9
4252 12
4259 4
4267 1
4276 14
4282 19
4284 2
4294 11
4301 20
4303 21
4307 4
4313 3
4319 9
4321 11
4327 9
4329 19
4331 9
4333 11
4340 21
4344 7
4347 13
4352 16
4354 12
4362 3
4369 16
4371 18
4372 7
4375 1
4385 14
4391 11
4398 20
4400 17
4402 11
4408 11
4415 11
4421 17
4423 18
4424 6
4430 6
4437 12
4444 21
4448 12
4455 14
4460 7
4462 1
4471 18
4472 4
4479 11
4485 8
4488 21
4492 17
4494 14
4499 19
4501 2
4511 17
4513 3
4519 2
4530 12
4536 8
4539 12
4547 15
4549 11
4556 19
4558 7
4560 18
4561 12
4568 12
4575 20
4577 1
4586 13
4592 20
4594 11
4601 21
4605 12
4613 10
4615 11
4622 1
4631 18
4632 18
4633 18
4634 12
4640 2
4650 11
4656 20
4658 2
4668 13
4673 10
4675 16
4677 15
4679 17
4681 16
4683 11
4689 8
4693 20
4695 7
4698 7
4700 8
4704 2
4714 3
4721 19
4723 11
4729 19
4731 17
4733 21
4737 9
4738 8
4740 8
4743 17
4745 15
4747 15
4749 17
4751 10
4754 17
4756 11
4762 12
4768 12
4776 12
4783 12
4791 11
4798 15
4800 18
4801 2
4810 2
4820 12
4827 5
4833 16
4835 18
4836 17
4838 17
4840 11
4847 19
4849 15
4851 1
4860 14
4867 9
4868 2
4878 12
4886 4
4893 11
4900 12
4908 2
4918 19
4920 2
4930 8
4934 11
4941 12
4947 6
4954 15
4956 12
4962 15
4964 12
4971 18
4972 9
4973 4
4980 8
4982 18
4983 12
4990 21
4994 8
4996 10
4998 21
5002 18
5003 15
5005 2
5015 11
5022 17
5024 16
5026 13
5032 2
5042 21
5046 6
5054 6
5061 10
5064 6
5071 12
5079 3
5086 13
5092 11
5099 21
5103 11
5110 3
5116 14
5122 8
5126 21
5130 11
5137 13
5142 2
5152 15
5154 13
5159 14
5165 5
5172 7
5175 16
5177 18
5178 20
5180 19
5182 1
5192 11
5198 6
5205 5
5212 21
5216 12
5222 11
5229 2
5239 11
5245 19
5247 8
5251 11
5258 15
5260 7
5263 17
5265 5
5272 17
5274 14
5280 6
5288 17
5290 21
5294 9
5295 6
5301 8
5304 18
5305 16
5307 20
5309 6
5315 17
5317 21
5321 9
5322 14
5329 20
5331 4
5338 14
5345 7
5347 21
5351 18
5352 1
5361 21
5365 19
5367 10
5369 9
5370 11
5376 21
5380 9
5382 4
5390 19
5392 12
5399 11
5406 20
5408 14
5414 18
5415 9
5416 11
5422 5
5428 8
5432 14
5439 17
5441 8
5443 11
5450 11
5457 18
5458 11
5464 12
5471 6
5478 18
5479 21
5483 18
5484 11
5490 21
5494 17
5496 16
5498 11
5505 12
5512 5
5518 8
5521 3
5527 2
5537 8
5539 14
5545 12
5552 20
5554 14
5560 12
5566 2
5577 7
5580 11
5587 12
5594 12
5601 17
5603 6
5609 8
5613 19
5615 12
5622 12
5630 13
5635 21
5639 16
5641 7
5644 18
5645 13
5650 11
5657 8
5659 18
5660 16
5662 8
5664 12
5672 7
5675 7
5677 11
5683 19
5685 12
5692 20
5694 20
5696 2
5705 11
5712 7
5714 1
5724 5
5730 10
5732 3
5738 12
5745 12
5751 19
5753 7
5756 5
5763 15
5765 11
5771 20
5773 11
5780 13
5785 14
5791 21
5795 20
5797 13
5802 3
5808 20
5810 12
5817 6
5825 11
5832 15
5834 11
5841 11
5848 12
5856 20
5858 11
5864 18
5865 11
5871 14
5878 11
5885 12
5893 12
5899 15
5901 10
5902 18
5903 11
5909 4
5916 15
5918 18
5919 12
5925 12
5933 21
5937 9
5938 1
5948 6
5955 14
5962 11
5969 1
5978 20
5980 20
5982 4
5989 10
5991 7
5994 17
5996 11
6003 10
6006 18
6007 18
6008 11
6015 11
6021 12
6027 21
6031 15
6033 20
6035 18
6036 9
6038 21
6042 14
6047 3
6054 17
6056 2
6065 9
6066 5
6072 18
6073 20
6075 3
6081 11
6088 17
6090 12
6096 11
6102 12
6109 17
6111 1
6121 15
6123 1
6132 5
6139 13
6145 1
6155 12
6162 15
6164 7
6166 18
6167 15
6169 14
6174 14
6179 14
6186 4
6194 9
6196 12
6204 21
6208 12
6215 13
6221 11
6228 12
6235 8
6237 5
6244 18
6245 13
6250 12
6258 6
6265 9
6266 4
6272 5
6279 2
6289 20
6291 12
6298 14
6304 18
6305 11
6312 12
6319 12
6326 20
6328 10
6330 15
6332 1
6341 20
6343 3
6350 11
6356 6
6362 15
6364 11
6371 6
6379 17
6381 15
6383 8
6386 7
6388 12
6395 19
6397 15
6399 20
6401 21
6405 7
6408 20
6410 12
6416 17
6418 13
6424 21
6428 8
6431 18
6432 10
6434 10
6437 11
6443 15
6445 17
6447 12
6453 18
6454 10
6456 9
6457 2
6467 16
6469 20
6471 16
6473 20
6475 18
6476 12
6483 9
6485 18
6486 11
6492 5
6499 11
6506 15
6508 11
6515 19
6517 18
6518 4
6524 12
6531 14
6538 18
6539 3
6546 15
6548 21
6552 11
6558 9
6560 12
6567 12
6574 8
6578 20
6580 17
6582 16
6584 21
6588 7
6591 12
6597 18
6598 11
6604 18
6605 9
6607 21
6611 7
6614 12
6620 2
6630 8
6633 6
6641 5
6647 18
6648 9
6649 1
6658 3
6665 11
6672 4
6680 11
6687 15
6689 9
6691 2
6702 9
6703 20
6705 1
6715 16
6717 16
6719 20
6721 9
6723 16
6725 2
6736 14
6741 15
6743 11
6749 16
6751 8
6753 16
6755 16
6757 20
6759 21
6763 8
6766 15
6768 4
6774 4
6782 20
6784 15
6786 20
6788 11
6795 13
6801 14
6807 7
6810 4
6818 21
6822 2
6833 19
6835 16
6837 20
6839 13
6844 7
6846 15
6848 6
6855 12
6861 16
6863 7
6866 17
6868 20
6870 20
6872 4
6878 5
6884 17
6886 1
6895 2
6905 3
6911 17
6913 15
6915 15
6917 11
6924 10
6926 16
6928 11
6934 21
6938 17
6940 19
6942 21
6946 20
6948 4
6956 5
6963 11
6969 6
6976 3
6983 4
6990 9
6991 14
6996 3
7002 8
7006 19
7008 12
7015 21
7019 5
7026 19
7028 12
7036 5
7043 21
7047 13
7053 2
7063 19
7065 2
7074 3
7081 15
7083 10
7084 15
7086 16
7088 14
7094 14
7101 18
7102 14
7109 3
7115 18
7116 1
7125 20
7127 16
7129 11
7136 3
7143 16
7145 13
7151 2
7160 14
7166 12
7173 2
7182 15
7184 4
7191 12
7199 3
7205 2
7215 7
7218 18
7219 11
7225 12
7232 21
7236 4
7242 15
7244 14
7250 2
7260 11
7267 4
7274 18
7275 8
7279 16
7281 4
7288 11
7295 20
7297 3
7304 12
7311 14
7317 9
7319 15
7321 1
7330 18
7331 20
7333 5
7340 18
7341 13
7346 21
7350 3
7356 7
7358 13
7364 15
7366 20
7368 4
7375 20
7377 18
7378 18
7379 4
7386 10
7389 11
7396 11
7402 1
7411 14
7418 11
7425 7
7427 20
7429 11
7435 13
7441 13
7446 12
7452 8
7455 6
7462 6
7470 21
7474 4
7481 12
7488 15
7490 3
7497 1
7506 6
7512 9
7514 16
7516 20
7518 14
7524 5
7531 18
7532 4
7540 17
7542 6
7549 4
7555 11
7562 11
7568 11
7575 4
7582 2
7592 19
7594 6
7601 14
7607 7
7610 16
7612 10
7614 8
7618 3
7625 15
7627 19
7629 8
7631 20
7633 21
7637 12
7644 12
7651 19
7653 11
7659 19
7661 18
7662 8
7665 18
7666 20
7668 3
7674 4
7680 12
7686 3
7692 13
7698 15
7700 12
7707 6
7714 4
7720 18
7721 10
7722 19
7724 16
7726 20
7728 4
7735 11
7741 2
7751 11
7758 8
7760 18
7761 15
7763 2
7774 11
7780 21
7784 21
7788 5
7795 8
7799 11
7806 10
7808 15
7810 4
7816 7
7818 11
7824 6
7831 16
7833 13
7838 12
7844 4
7851 4
7858 4
7865 20
7867 11
7874 11
7880 4
7888 10
7891 12
7898 8
7902 16
7904 12
7911 19
7913 7
7915 14
7920 16
7922 10
7925 1
7934 11
7941 15
7943 3
7949 21
7953 6
7961 17
7963 12
7970 11
7976 18
7977 3
7984 6
7991 4
7997 16
7999 12
8007 18
8008 9
8010 20
8012 20
8014 8
8018 16
8020 12
8027 12
8034 16
8036 9
8037 11
8043 6
8050 15
8052 12
8059 12
8066 8
8069 11
8076 19
8078 14
8084 5
8090 5
8097 18
8098 11
8105 8
8108 11
8115 18
8116 12
8123 14
8129 9
8131 15
8133 10
8135 14
8141 3
8148 15
8150 1
8160 19
8162 11
8169 15
8171 4
8178 9
8179 13
8185 2
8195 6
8202 18
8203 8
8206 6
8212 17
8214 11
8220 13
8225 17
8227 6
8234 7
8236 2
8247 5
8253 19
8255 5
8262 5
8268 8
8271 14
8276 11
8282 7
8284 15
8286 21
8290 12
8297 2
8306 17
8308 15
8310 14
8316 11
8322 15
8324 1
8333 17
8335 8
8339 6
8346 8
8350 4
8356 11
8363 20
8365 6
8373 13
8378 19
8380 18
8381 11
8388 11
8395 14
8400 12
8407 4
8414 1
8423 16
8425 14
8430 10
8431 1
8441 1
8450 2
8459 6
8466 21
8470 3
8477 12
8483 9
8484 14
8489 14
8495 17
8497 7
8500 11
8506 11
8513 19
8515 17
8517 6
8524 21
8528 15
8530 11
8537 11
8543 20
8545 12
8552 9
8553 11
8560 12
8566 12
8572 6
8579 16
8581 3
8588 21
8592 3
8599 2
8609 9
8610 12
8618 16
8620 4
8628 20
8630 19
8632 12
8640 13
8645 17
8647 11
8653 19
8655 14
8662 20
8664 11
8671 19
8673 6
8681 14
8688 20
8690 17
8692 4
8699 2
8710 1
8719 10
8721 3
8727 18
8728 11
8734 15
8736 21
8740 7
8743 11
8750 17
8752 18
8753 4
8760 17
8762 20
8764 17
8766 10
8768 10
8770 18
8771 11
8777 12
8783 11
8789 11
8795 11
8801 12
8808 6
8814 15
8816 12
8822 15
8824 18
8825 10
8827 4
8835 3
8841 21
8845 5
8852 21
8856 19
8858 11
8864 16
8866 15
8868 15
8870 10
8871 16
8873 20
8875 10
8877 15
8879 10
8880 11
8886 2
8895 1
8904 12
8910 12
8917 20
8919 21
8923 17
8925 12
8933 11
8940 1
8949 14
8954 13
8960 14
8967 14
8973 5
8979 18
8980 11
8987 3
8993 10
8994 10
8996 11
9002 3
9009 15
9011 17
9013 4
9020 13
9026 8
9029 12
9035 16
9037 3
9043 21
9047 15
9049 8
9053 11
9059 14
9065 15
9067 11
9074 15
9076 5
9082 16
9084 19
9086 12
9093 12
9100 16
9102 20
9104 13
9110 19
9112 11
9119 8
9122 12
9129 5
9136 12
9142 15
9144 11
9151 5
9158 1
9168 15
9170 2
9180 16
9182 14
9189 7
9191 14
9198 4
9204 21
9208 18
9209 18
9210 6
9217 12
9225 10
9227 16
9229 6
9236 16
9238 5
9245 10
9247 16
9249 21
9253 19
9255 9
9257 8
9259 14
9264 1
9274 12
9281 8
9284 19
9286 18
9287 8
9290 11
9296 12
9304 20
9306 7
9309 14
9315 2
9325 6
9333 21
9337 8
9341 6
9348 13
9353 9
9355 19
9357 16
9359 5
9366 14
9372 17
9374 8
9377 3
9383 11
9390 5
9397 12
9404 8
9407 18
9408 16
9410 1
9419 11
9425 11
9431 17
9433 7
9436 3
9443 3
9449 11
9455 5
9462 11
9468 10
9469 18
9470 12
9477 11
9484 12
9491 1
9500 7
9502 12
9509 11
9515 12
9522 1
9531 12
9539 13
9545 9
9547 8
9549 6
9556 19
9558 12
9566 5
9573 1
9583 10
9586 4
9594 3
9601 2
9611 19
9613 7
9616 4
9623 9
9625 3
9631 20
9633 17
9635 15
9637 11
9643 15
9645 12
9652 21
9656 10
9657 8
9659 19
9661 11
9667 5
9674 11
9681 6
9687 12
9695 14
9701 1
9710 18
9711 3
9717 13
9722 7
9724 11
9730 11
9737 5
9743 3
9749 12
9755 3
9761 19
9763 1
9773 3
9779 21
9783 1
9792 15
9794 21
9798 4
9805 4
9812 6
9819 17
9821 11
9827 10
9830 8
9833 15
9835 10
9837 20
9839 11
9846 14
9851 11
9857 6
9864 3
9870 17
9872 4
9878 14
9883 12
9890 4
9896 11
9902 11
9909 10
9910 7
9913 8
9916 4
9922 20
9924 11
9930 20
9932 11
9939 16
9941 2
9951 11
9957 4
9964 6
9971 1
9980 12
9988 12
9995 10
9997 10
10000 20
10002 1
10011 12
10018 18
10019 16
10021 6
10027 17
10029 4
10037 10
10039 18
10040 11
10047 16
10049 13
10054 11
10061 12
10068 5
10074 12
10081 11
10087 18
10088 4
10095 19
10097 12
10105 18
10106 3
10112 18
10113 12
10120 3
10126 8
10129 13
10135 2
10145 18
10146 12
10153 11
10160 18
10161 20
10163 20
10165 2
10175 11
10181 4
10189 8
10192 11
10199 12
10206 12
10212 15
10214 11
10220 4
10227 10
10228 9
10229 11
10235 3
10242 11
10249 5
10256 11
10262 8
10264 8
10267 11
10274 9
10275 15
10277 18
10278 7
10281 1
10291 9
10293 17
10295 1
10304 18
10305 11
10312 12
10318 11
10325 9
10326 12
10333 6
10340 18
10341 8
10345 3
10352 7
10355 9
10357 19
10359 8
10362 11
10368 20
10370 11
10377 10
10378 18
10379 9
10381 14
10387 21
10391 13
10397 12
10403 8
10406 14
10412 19
10414 11
10421 19
10423 10
10424 10
10425 17
10427 20
10429 21
10433 8
10436 20
10438 11
10444 19
10446 16
10448 17
10450 3
10456 7
10458 5
10465 7
10467 11
10474 8
10478 18
10479 8
10482 5
10489 18
10490 18
10491 5
10497 12
10504 6
10510 12
10517 13
10523 21
10527 17
10529 11
10536 19
10538 11
10544 20
10546 2
10557 12
10565 11
10571 8
10573 19
10575 9
10577 7
10579 12
10586 13
10592 11
10598 15
10600 16
10602 14
10609 8
10611 8
10614 12
10621 4
10628 21
10632 3
10639 11
10645 13
10651 4
10659 11
10665 18
10666 14
10672 1
10681 16
10683 2
10692 13
10698 18
10699 2
10710 21
10714 21
10718 11
10725 21
10729 11
10735 13
10740 17
10742 10
10744 20
10746 12
10752 13
10757 12
10763 21
10767 21
10771 17
10773 10
10776 6
10782 19
10784 11
10790 13
10796 12
10803 11
10809 21
10813 10
10815 18
10816 12
10824 1
10833 12
10840 9
10842 21
10846 12
10852 12
10859 11
10865 12
10873 16
10875 2
10885 18
10886 13
10892 11
10899 11
10905 7
10907 11
10914 21
10918 13
10923 18
10924 2
10934 12
10940 10
10942 15
10944 17
10946 14
10952 13
10958 2
10968 2
10977 5
10983 12
10990 18
10991 6
10999 20
11001 11
11007 11
11013 17
11015 20
11017 8
11019 11
11025 12
11032 5
11038 6
11045 15
11047 11
11053 2
11064 13
11070 9
11071 11
11078 10
11080 20
11082 3
11089 4
11096 14
11102 9
11103 13
11108 11
11115 4
11122 11
11129 5
11136 18
11137 17
11139 11
11145 12
11151 4
11157 3
11163 2
11174 11
11181 7
11184 13
11189 5
11195 2
11205 2
11215 7
11218 12
11226 21
11230 9
11232 1
11241 9
11243 7
11246 19
11248 3
11255 3
11261 5
11267 1
11276 20
11278 12
11284 11
11291 1
11301 20
11303 5
11309 13
11314 15
11316 2
11327 12
11334 20
11336 7
11338 11
11344 12
11351 6
11358 14
11363 4
11369 7
11371 11
11377 11
11384 11
11391 16
11393 12
11399 21
11403 17
11405 13
11410 17
11412 20
11414 12
11421 18
11422 3
11429 6
11437 12
11444 3
11450 18
11451 4
11459 9
11461 2
11471 9
11472 1
11481 2
11492 1
11501 13
11506 1
11515 20
11517 1
11527 12
11533 11
11540 14
11545 9
11547 1
11557 14
11563 16
11565 19
11567 15
11569 15
11571 17
11573 14
11579 6
11587 4
11594 9
11595 11
11601 16
11603 21
11607 19
11609 1
11618 12
11624 19
11626 18
11627 12
11633 6
11640 3
11646 14
11653 15
11655 18
11656 17
11658 19
11660 15
11662 10
11664 16
11666 1
11675 12
11682 1
11692 5
11699 14
11705 9
11707 7
11709 7
11712 18
11713 16
11715 21
11719 2
11730 1
11739 18
11740 11
11746 20
11748 14
11755 21
11759 15
11761 19
11763 12
11770 15
11772 11
11778 4
11784 10
11786 20
11788 10
11789 18
11790 14
11796 16
11798 18
11799 6
11806 3
11812 1
11822 2
11833 15
11835 17
11837 10
11838 16
11840 15
11842 5
11849 11
11856 12
11863 12
11870 5
11876 15
11878 9
11880 11
11887 5
11894 19
11896 1
11906 8
11909 16
11911 15
11913 10
11915 17
11917 19
11919 11
11926 11
11933 2
11942 11
11949 18
11950 18
11951 12
11958 5
11964 15
11966 17
11968 9
11969 21
11973 1
11983 5
11990 6
11997 5
12003 21
12007 7
12010 9
12011 17
12013 18
12014 14
12021 18
12022 21
12026 11
12033 11
12040 12
12047 14
12054 14
12059 18
12060 9
12062 9
12063 14
12069 21
12073 18
12074 15
12076 2
12086 17
12088 2
12099 12
12106 3
12112 19
12114 8
12117 3
12123 12
12130 19
12132 11
12139 1
12149 4
12156 8
12160 18
12161 9
12163 5
12169 7
12171 15
12173 21
12177 6
12183 3
12190 9
12192 11
12198 19
12200 11
12206 18
12207 11
12214 5
12221 10
12223 18
12224 11
12230 1
12239 10
12240 1
12249 11
12256 11
12262 12
12270 9
12272 18
12273 2
12282 16
12284 2
12294 20
12296 17
12298 12
12306 3
12313 18
12314 17
12316 17
12318 12
12325 8
12327 4
12335 3
12342 16
12344 15
12346 21
12350 12
12357 6
12364 12
12371 3
12378 8
12381 10
12384 5
12390 7
12392 11
12398 21
12402 18
12403 12
12409 21
12413 14
12419 11
12425 11
12432 19
12434 1
12444 11
12451 7
12454 3
12461 18
12462 3
12468 11
12474 7
12476 5
12483 8
12486 12
12494 10
12496 8
12500 12
12507 16
12509 4
12515 3
12522 13
12528 19
12530 17
12532 15
12534 10
12536 17
12538 21
12542 7
12544 12
12551 16
12553 9
12555 6
12562 1
12572 9
12574 5
12580 9
12581 11
12588 12
12596 2
12607 14
12614 10
12617 18
12618 1
12628 21
12632 4
12640 11
12647 13
12652 14
12658 14
12664 12
12672 14
12678 11
12684 10
12685 15
12687 11
12694 11
12701 20
12703 13
12709 10
12710 9
12711 9
12713 20
12715 8
12718 17
12720 9
12721 13
12727 11
12734 2
12743 19
12745 17
12747 1
12757 12
12763 3
12770 20
12772 3
12778 16
12780 11
12786 19
12788 16
12790 19
12792 21
12796 7
12798 11
12805 18
12806 8
12809 11
12815 11
12822 20
12824 19
12826 20
12828 7
12830 5
12837 12
12843 6
12850 4
12857 2
12866 12
12872 21
12876 11
12883 16
12885 18
12886 15
12888 13
12893 17
12895 21
12899 2
12910 13
12916 11
12922 18
12923 1
12932 18
12933 9
12935 6
12941 9
12943 13
12948 16
12950 17
12952 1
12961 9
12962 6
12968 11
12975 17
12977 18
12978 18
12979 16
12981 18
12982 19
12984 12
12990 9
12992 18
12993 13
12998 5
13005 3
13012 5
13018 18
13019 9
13021 9
13022 12
13030 12
13036 18
13037 20
13039 16
13041 5
13047 12
13055 4
13063 16
13065 5
13072 12
13079 20
13081 10
13082 6
13090 18
13091 17
13093 11
13099 6
13105 9
13107 2
13116 12
13122 7
13124 18
13125 19
13127 2
13137 13
13142 5
13148 9
13150 15
13152 12
13159 19
13161 8
13164 5
13171 7
13174 12
13181 2
13192 10
13195 6
13202 20
13204 4
13211 17
13213 18
13214 15
13216 18
13217 1
13227 11
13233 21
13237 2
13247 11
13254 7
13257 15
13259 7
13262 12
13268 7
13270 18
13271 15
13273 11
13279 11
13285 17
13287 15
13289 11
13296 2
13307 1
13317 18
13318 20
13320 14
13327 18
13328 3
13334 8
13337 11
13344 21
13348 11
13355 8
13357 11
13363 10
13365 20
13367 13
13372 14
13378 7
13380 10
13383 12
13389 16
13391 6
13398 12
13404 10
13405 14
13411 11
13418 13
13424 6
13432 18
13433 5
13440 7
13443 19
13445 7
13447 5
13454 12
13460 18
13461 10
13463 1
13472 18
13473 3
13480 14
13485 11
13491 12
13497 9
13498 13
13504 8
13506 12
13512 12
13519 18
13520 11
13527 4
13535 20
13537 13
13542 10
13545 7
13547 13
13552 12
13560 4
13566 13
13572 12
13578 12
13585 5
13592 18
13593 12
13600 16
13602 13
13608 11
13614 11
13620 20
13622 18
13623 11
13630 11
13636 9
13637 12
13643 1
13652 17
13654 16
13656 9
13658 12
13665 8
13668 11
13675 18
13676 15
13678 10
13681 12
13688 21
13692 16
13694 11
13700 12
13707 5
13713 15
13715 13
13720 13
13725 21
13729 10
13731 17
13733 5
13739 16
13741 14
13747 2
13757 14
13763 11
13770 11
13777 2
13786 11
13793 4
13800 15
13802 20
13804 12
13811 4
13817 10
13818 15
13820 11
13827 14
13833 11
13840 12
13846 6
13853 10
13854 3
13861 14
13867 4
13874 12
13881 11
13888 14
13895 7
13897 7
13899 12
13907 13
13913 6
13919 6
13925 2
13936 12
13942 18
13943 6
13950 16
13952 17
13954 9
13955 16
13957 11
13964 12
13972 11
13978 14
13985 18
13986 15
13988 3
13994 10
13996 10
13999 11
14006 5
14013 4
14021 1
14030 3
14037 13
14042 7
14045 14
14051 11
14057 1
14067 16
14069 1
14078 12
14085 20
14087 15
14089 4
14095 3
14102 17
14104 3
14111 18
14112 17
14114 12
14121 11
14128 20
14130 11
14137 5
14143 11
14150 2
14159 18
14160 18
14161 17
14163 8
14166 11
14173 2
14183 1
14192 11
14199 7
14201 16
14203 7
14206 14
14212 8
14215 7
14218 12
14225 17
14227 15
14229 9
14230 12
14237 6
14244 11
14251 5
14258 11
14264 14
14270 12
14278 15
14280 12
14287 17
14289 17
14291 18
14292 11
14299 2
14308 9
14309 5
14316 1
14325 11
14331 13
14336 13
14342 9
14343 1
14352 13
14358 11
14365 14
14372 12
14378 2
14388 6
14396 11
14403 5
14409 4
14415 11
14422 6
14429 3
14436 2
14447 11
14453 4
14460 9
14461 7
14463 1
14473 14
14479 8
14482 15
14484 11
14491 21
14495 4
14502 17
14504 15
14506 20
14508 10
14511 10
14513 10
14515 6
14522 12
14529 10
14530 12
14537 17
14539 11
14545 10
14546 12
14554 11
14561 3
14568 15
14570 11
14577 16
14579 20
14581 11
14588 13
14594 10
14595 4
14603 12
14609 9
14611 12
14618 3
14625 11
14632 16
14634 19
14636 6
14643 7
14646 12
14652 19
14654 12
14662 6
14670 12
14678 13
14684 5
14691 8
14694 9
14695 18
14696 3
14702 18
14703 9
14705 12
14711 10
14713 6
14721 7
14723 18
14724 12
14731 6
14739 1
14748 4
14754 5
14761 7
14764 14
14769 12
14775 13
14780 17
14782 15
14784 12
14791 21
14795 20
14797 12
14805 13
14810 19
14812 1
14821 6
14828 12
14835 12
14842 12
14849 8
14852 4
14859 18
14860 13
14865 17
14867 15
14869 4
14875 18
14876 2
14885 18
14886 18
14887 1
14897 18
14898 11
14905 11
14911 15
14913 11
14919 8
14921 20
14923 5
14930 18
14931 6
14938 7
14941 11
14947 19
14949 15
14951 12
14958 5
14965 7
14968 11
14975 15
14977 11
14984 4
14990 8
14993 11
14999 2
15008 18
15009 11
15016 15
15018 9
15020 20
15022 21
15026 11
15032 20
15034 10
15036 4
15043 13
15049 2
15059 2
15068 6
15075 15
15077 15
15079 20
15081 11
15088 8
15091 18
15092 16
15094 11
15101 12
15107 21
15111 16
15113 11
15119 21
15123 13
15128 8
15131 12
15137 12
15145 7
15148 8
15152 5
15158 8
15161 8
15164 1
15174 16
15176 21
15180 14
15187 8
15191 15
15193 10
15195 11
15202 21
15206 12
15214 19
15216 18
15217 15
15219 17
15221 12
15228 7
15230 18
15231 13
15237 2
15247 10
15249 21
15253 7
15256 13
15262 7
15265 18
15266 11
15272 10
15273 16
15275 3
15281 16
15283 15
15285 6
15292 11
15299 9
15300 12
15307 5
15314 18
15315 15
15317 12
15323 16
15325 9
15327 14
15333 19
15335 19
15337 18
15338 11
15344 3
15351 15
15353 9
15355 11
15362 12
15369 4
15376 16
15378 11
15385 12
15393 11
15399 18
15400 11
15407 6
15414 12
15422 4
15430 13
15435 14
15441 14
15446 4
15453 8
15455 21
15459 1
15469 17
15471 12
15478 16
15480 2
15490 18
15491 3
15497 14
15503 18
15504 9
15505 3
15512 11
15519 8
15521 12
15528 18
15529 2
15539 8
15541 20
15543 20
15545 1
15554 13
15559 2
15569 3
15576 20
15578 10
15579 6
15587 12
15595 1
15604 12
15610 6
15616 6
15624 14
15629 1
15639 4
15646 13
15651 11
15657 15
15659 11
15665 18
15666 18
15667 18
15668 19
15670 9
15671 18
15672 8
15674 17
15676 20
15678 9
15679 18
15680 12
15687 21
15691 18
15692 1
15701 3
15708 10
15711 4
15718 6
15725 3
15732 6
15738 12
15746 6
15753 11
15760 9
15762 11
15768 12
15775 11
15782 8
15784 6
15790 3
15796 10
15799 2
15809 4
15816 12
15822 8
15826 8
15828 1
15838 18
15839 11
15845 11
15851 19
15853 11
15859 11
15865 13
15870 6
15877 8
15880 15
15882 12
15888 21
15892 19
15894 11
15901 12
15909 11
15916 1
15925 1
15934 12
15941 6
15948 6
15955 9
15957 7
15960 18
15961 12
15968 17
15970 2
15980 10
15982 13
15988 14
15994 6
16000 4
16008 3
16015 18
16016 1
16026 18
16027 2
16037 12
16044 10
16045 13
16050 15
16052 11
16058 11
16064 14
16069 12
16075 8
16079 8
16081 19
16083 5
16089 17
16091 5
16098 11
16104 16
16106 19
16108 13
16114 17
16116 20
16118 11
16125 20
16127 18
16128 12
16135 1
16145 5
16152 20
16154 12
16161 14
16168 11
16174 4
16181 15
16183 12
16191 19
16193 12
16200 6
16206 4
16212 6
16219 12
16226 12
16233 16
16235 11
16241 18
16242 15
16244 21
16248 18
16249 18
16250 5
16257 2
16268 18
16269 19
16271 18
16272 2
16282 1
16292 18
16293 7
16296 11
16302 2
16312 1
16321 10
16322 11
16328 16
16330 14
16336 18
16337 16
16339 12
16346 6
16353 3
16360 1
16370 16
16372 12
16379 14
16385 11
16391 18
16392 7
16394 14
16400 14
16405 15
16407 12
16413 14
16418 3
16425 18
16426 11
16432 19
16434 1
16444 6
16451 8
16454 12
16461 20
16463 17
16465 12
16473 21
16477 19
16479 17
16481 11
16487 12
16493 8
16497 16
16499 10
16501 21
16505 1
16515 9
16516 15
16518 15
16520 1
16530 13
16536 9
16538 3
16544 3
16551 6
16558 18
16559 16
16561 5
16567 5
16574 21
16578 4
16584 12
16592 14
16597 7
16599 12
16606 4
16612 21
16616 16
16618 19
16620 12
16628 9
16630 10
16632 11
16638 15
16640 12
16647 13
16653 12
16660 10
16663 12
16670 19
16672 5
16678 11
16685 11
16691 6
16698 15
16700 11
16706 12
16714 12
16721 17
16723 14
16729 2
16739 8
16741 21
16745 4
16752 9
16753 7
16756 1
16766 8
16769 8
16772 17
16774 2
16784 11
16790 20
16792 14
16798 1
16807 12
16814 7
16816 12
16822 9
16824 18
16825 12
16833 12
16841 14
16848 13
16854 18
16855 3
16862 12
16868 4
16875 11
16882 16
16884 1
16893 3
16899 15
16901 14
16907 11
16913 7
16915 19
16917 10
16918 3
16924 7
16926 11
16933 7
16936 4
16943 11
16950 18
16951 12
16958 21
16962 19
16964 9
16966 7
16969 15
16971 18
16972 4
16979 8
16983 2
16993 8
16995 6
17001 10
17003 15
17005 15
17007 4
17014 8
17017 21
17021 2
17031 12
17037 15
17039 14
17045 1
17055 16
17057 19
17059 18
17060 9
17061 13
17067 8
17070 4
17077 17
17079 7
17082 12
17090 4
17097 6
17103 10
17105 12
17112 3
17119 18
17120 20
17122 3
17128 2
17139 2
17149 15
17151 12
17158 15
17160 21
17164 15
17166 20
17168 11
17174 6
17181 10
17182 10
17185 13
17191 12
17199 18
17200 11
17206 11
17213 14
17220 12
17226 13
17231 10
17234 14
17240 18
17241 11
17248 2
17257 8
17261 3
17267 21
17271 11
17278 5
17284 4
17292 2
17303 17
17305 17
17307 16
17309 18
17310 17
17312 15
17314 2
17325 10
17326 7
17329 11
17335 19
17337 14
17343 11
17349 21
17353 6
17359 9
17360 19
17362 12
17369 12
17377 13
17383 2
17393 14
17399 12
17405 16
17407 15
17409 6
17417 20
17419 6
17426 10
17427 8
17430 16
17432 4
17440 2
17449 11
17456 18
17457 1
17467 20
17469 10
17471 21
17475 12
17482 4
17490 21
17494 10
17496 12
17504 18
17505 12
17513 18
17514 3
17521 5
17528 16
17530 11
17537 11
17543 17
17545 7
17547 18
17548 12
17554 16
17556 3
17562 2
17572 10
17574 13
17579 18
17580 2
17589 5
17596 11
17603 16
17605 10
17607 11
17614 5
17620 11
17627 11
17634 7
17637 10
17639 21
17643 20
17645 12
17652 9
17653 13
17659 14
17665 21
17669 18
17670 12
17678 3
17685 8
17687 2
17697 14
17702 6
17709 1
17719 21
17723 11
17730 10
17732 17
17734 2
17744 11
17750 11
17757 2
17767 1
17777 12
17785 11
17791 5
17798 12
17805 7
17807 1
17817 3
17824 4
17831 7
17834 18
17835 14
17842 17
17844 3
17850 4
17856 11
17863 1
17872 7
17874 16
17876 6
17884 21
17888 7
17890 16
17892 18
17893 15
17895 14
17901 10
17902 2
17911 9
17913 12
17919 21
17923 7
17925 12
17932 18
17933 19
17935 18
17936 19
17938 12
17946 21
17950 11
17957 14
17963 11
17970 3
17976 7
17978 21
17982 18
17983 21
17987 7
17990 11
17996 1
18005 12
18013 16
18015 9
18017 12
18024 13
18029 11
18036 5
18042 21
18046 2
18057 10
18059 2
18069 11
18075 13
18080 3
18086 10
18089 17
18091 19
18093 11
18100 10
18103 12
18110 9
18111 7
18114 11
18120 2
18131 4
18138 18
18139 8
18142 15
18144 17
18146 20
18148 2
18157 12
18164 18
18165 5
18171 1
18181 1
18191 15
18193 20
18195 13
18200 4
18207 11
18213 18
18214 11
18221 4
18228 16
18230 16
18232 16
18234 21
18238 3
18245 1
18255 12
18263 12
18269 19
18271 18
18272 6
18280 19
18282 9
18283 4
18290 1
18299 18
18300 10
18302 13
18307 12
18314 19
18316 5
18323 15
18325 4
18331 18
18332 5
18338 11
18345 19
18347 11
18353 17
18355 19
18357 5
18364 18
18365 11
18372 18
18373 1
18382 18
18383 11
18390 9
18392 17
18394 18
18395 18
18396 19
18398 12
18406 13
18412 11
18419 13
18424 12
18430 18
18431 3
18438 12
18444 16
18446 11
18452 10
18454 1
18463 5
18470 12
18477 18
18478 7
18480 18
18481 17
18483 14
18489 16
18491 2
18502 11
18509 12
18516 10
18517 4
18524 12
18532 13
18538 8
18541 3
18547 1
18556 2
18566 9
18568 4
18576 9
18577 11
18583 12
18591 11
18598 18
18599 11
18606 20
18608 12
18615 10
18618 16
18620 16
18622 2
18632 11
18638 2
18647 3
18653 15
18655 14
18661 11
18667 8
18670 7
18673 14
18679 18
18680 14
18685 11
18691 18
18692 21
18696 12
18703 7
18705 15
18707 12
18714 7
18717 5
18724 6
18731 9
18732 8
18735 21
18739 20
18741 11
18747 9
18748 1
18757 12
18763 3
18770 15
18772 7
18775 1
18785 13
18791 11
18798 10
18800 14
18805 15
18807 14
18814 6
18820 5
18827 15
18829 12
18836 19
18838 11
18844 9
18845 13
18850 20
18852 6
18859 4
18865 12
18871 11
18878 17
18880 6
18886 18
18887 3
18893 18
18894 2
18904 13
18910 18
18911 19
18913 2
18923 6
18930 10
18932 19
18934 12
18942 8
18945 14
18951 10
18953 14
18960 18
18961 15
18963 1
18972 6
18979 7
18982 6
18989 13
18995 13
19000 15
19002 4
19010 8
19012 18
19013 11
19020 3
19026 16
19028 5
19035 16
19037 8
19040 2
19050 4
19057 14
19064 1
19073 2
19082 18
19083 6
19090 15
19092 20
19094 4
19101 18
19102 5
19108 14
19113 6
19120 8
19124 10
19126 11
19132 12
19140 11
19147 1
19156 18
19157 12
19165 21
19169 9
19170 13
19176 16
19178 12
19184 3
19190 7
19192 9
19194 10
19196 11
19203 14
19209 20
19211 18
19212 16
19214 19
19216 21
19220 7
19223 12
19229 11
19235 3
19241 1
19251 16
19253 15
19255 10
19257 11
19263 12
19269 18
19270 21
19274 9
19275 11
19281 5
19287 18
19288 1
19297 19
19299 8
19302 11
19308 19
19310 11
19317 9
19319 20
19321 20
19323 18
19324 1
19333 3
19339 12
19347 14
19353 13
19358 1
19368 18
19369 12
19377 12
19383 12
19391 5
19398 1
19408 20
19410 4
19418 12
19425 9
19426 8
19429 12
19436 6
19442 9
19444 15
19446 15
19448 10
19450 14
19457 18
19458 3
19464 21
19468 3
19475 12
19483 20
19485 4
19492 2
19501 20
19503 18
19504 11
19510 18
19511 4
19518 16
19520 21
19524 10
19526 17
19528 5
19534 18
19535 13
19540 12
19547 4
19554 5
19561 10
19562 20
19564 12
19571 15
19573 11
19580 10
19582 2
19593 15
19595 4
19601 9
19602 19
19604 1
19613 11
19619 17
19621 11
19627 10
19630 15
19632 7
19634 11
19641 9
19643 18
19644 18
19645 20
19647 14
19654 18
19655 12
19663 11
19669 18
19670 8
19674 12
19680 17
19682 12
19689 15
19691 15
19693 10
19695 12
19701 1
19711 11
19717 18
19718 5
19724 7
19727 17
19729 2
19739 12
19747 11
19753 16
19755 11
19762 11
19769 20
19771 1
19781 7
19784 10
19786 4
19793 18
19794 21
19798 19
19800 15
19802 12
19809 1
19818 17
19820 18
19821 12
19829 5
19835 11
19842 4
19849 16
19851 20
19853 21
19857 19
19859 16
19861 14
19867 11
19873 18
19874 3
19880 11
19886 11
19892 11
19898 12
19905 7
19907 16
19909 14
19915 3
19922 21
19926 16
19928 21
19932 5
19939 6
19947 8
19950 8
19953 12
19960 2
19970 12
19977 15
19979 12
19986 11
19993 17
19995 13
20000 11
20007 17
20009 11
20016 8
20019 20
20021 21
20025 11
20031 9
20032 7
20035 12
20042 17
20044 3
20051 2
20060 16
20062 13
20067 5
20073 13
20078 11
20085 18
20086 21
20090 18
20091 8
20093 1
20102 1
20111 6
20117 9
20118 12
20125 3
20132 12
20140 16
20142 9
20143 18
20144 18
20145 10
20147 15
20149 8
20151 18
20152 11
20158 6
20165 14
20170 3
20177 15
20179 4
20187 4
20194 7
20197 7
20199 5
20206 10
20208 15
20210 17
20212 15
20214 1
20224 8
20227 12
20234 3
20241 21
20245 12
20253 7
20256 15
20258 21
20262 17
20264 12
20271 6
20278 20
20280 5
20286 17
20288 3
20295 20
20297 11
20304 13
20309 10
20311 9
20313 11
20319 6
20326 9
20328 21
20332 12
20340 9
20342 3
20349 15
20351 18
20352 2
20362 16
20364 21
20368 9
20370 12
20378 13
20383 3
20389 18
20390 12
20397 10
20399 18
20400 10
20401 14
20406 12
20414 12
20421 5
20427 16
20429 6
20436 1
20445 19
20447 8
20450 15
20452 12
20458 20
20460 12
20467 18
20468 17
20470 16
20472 12
20480 2
20489 9
20490 7
20492 10
20493 2
20504 13
20510 11
20517 3
20524 16
20526 6
20533 7
20535 21
20539 2
20549 9
20551 21
20555 15
20557 7
20560 6
20567 14
20573 11
20579 15
20581 2
20591 13
20597 10
20599 19
20601 12
20608 2
20617 16
20619 8
20622 15
20624 20
20626 9
20627 13
20632 11
20638 18
20639 18
20640 4
20646 18
20647 8
20650 3
20656 4
20663 1
20672 9
20674 13
20679 16
20681 10
20684 7
20687 11
20693 16
20695 20
20697 17
20699 5
20706 10
20708 8
20711 11
20718 10
20721 14
20726 4
20733 11
20740 13
20745 17
20747 18
20748 18
20749 11
20756 14
20761 1
20770 20
20772 12
20780 11
20787 11
20793 11
20799 15
20801 10
20802 21
20806 13
20811 15
20813 14
20820 21
20824 18
20825 9
20826 11
20833 2
20842 15
20844 6
20852 18
20853 5
20860 12
20867 18
20868 7
20871 2
20881 12
20887 18
20888 6
20895 3
20902 9
20904 10
20907 12
20914 9
20915 1
20924 21
20928 17
20930 15
20932 6
20940 11
20946 7
20949 4
20956 12
20963 7
20965 18
20966 16
20968 15
20970 10
20972 3
20978 8
20980 21
20984 3
20990 18
20991 12
20998 17
21000 11
21006 12
21014 11
21020 15
21022 11
21029 17
21031 16
21033 20
21035 2
21045 13
21050 16
21052 4
21059 14
21065 18
21066 5
21072 18
21073 12
21081 12
21087 20
21089 8
21091 19
21093 12
21100 16
21102 6
21109 21
21113 20
21115 18
21116 11
21122 18
21123 6
21129 16
21131 4
21138 20
21140 4
21148 13
21154 20
21156 13
21161 15
21163 20
21165 7
21168 8
21171 8
21174 11
21181 12
21189 6
21196 14
21202 17
21204 13
21209 12
21217 10
21218 18
21219 20
21221 11
21228 19
21230 8
21233 12
21240 13
21246 18
21247 3
21253 11
21260 11
21267 13
21273 2
21282 15
21284 11
21291 11
21298 2
21308 12
21314 4
21320 9
21322 3
21328 9
21329 16
21331 16
21333 14
21339 2
21348 12
21354 11
21360 17
21362 5
21369 7
21371 21
21375 14
21381 18
21382 9
21384 14
21390 11
21396 11
21403 15
21405 8
21407 13
21412 1
21421 4
21427 14
21434 5
21440 21
21444 15
21446 12
21453 16
21455 5
21461 17
21463 13
21468 12
21475 8
21478 11
21485 13
21491 11
21497 6
21503 2
21513 19
21515 7
21517 8
21520 12
21527 15
21529 18
21530 14
21536 16
21538 9
21540 11
21547 4
21554 1
21563 19
21565 18
21566 21
21570 12
21577 12
21584 3
21591 1
21600 15
21602 4
21610 17
21612 20
21614 16
21616 9
21617 11
21624 6
21632 11
21639 18
21640 11
21646 17
21648 8
21650 11
21656 13
21662 10
21664 9
21665 19
21667 17
21669 12
21677 5
21684 11
21691 17
21693 20
21695 11
21701 10
21704 4
21712 9
21714 2
21725 16
21727 1
21737 4
21744 14
21751 8
21754 10
21757 11
21764 11
21770 8
21772 18
21773 4
21780 19
21782 9
21783 12
21791 17
21793 13
21798 17
21800 16
21802 19
21804 18
21805 17
21807 6
21814 21
21818 11
21825 11
21831 3
21838 18
21839 18
21840 11
21846 18
21847 12
21854 10
21856 1
21865 11
21872 11
21879 13
21885 14
21891 2
21902 13
21907 9
21908 16
21910 19
21912 18
21913 1
21923 3
21929 11
21936 13
21942 12
21949 1
21959 8
21962 11
21969 14
21976 2
21986 12
21993 12
22000 16
22002 2
22012 6
22020 2
22030 13
22036 12
22043 5
22050 21
22054 11
22060 19
22062 8
22065 11
22072 21
22076 11
22082 12
22090 19
22092 18
22093 11
22100 20
22102 18
22103 16
22105 11
22112 12
22119 11
22126 4
22133 11
22139 9
22141 5
22148 6
22155 2
22166 9
22168 4
22174 9
22175 18
22176 12
22183 18
22184 21
22188 12
22196 17
22198 7
22201 4
22208 8
22211 9
22212 2
22221 11
22227 8
22231 18
22232 10
22235 19
22237 16
22239 8
22242 14
22248 12
22255 4
22263 12
22270 20
22272 8
22276 7
22279 13
22284 11
22290 12
22298 12
22306 13
22312 8
22315 15
22317 7
22319 17
22321 10
22323 18
22324 6
22331 18
22332 4
22339 6
22346 10
22348 12
22356 9
22358 4
22365 21
22369 18
22370 11
22376 12
22382 16
22384 6
22391 2
22401 16
22403 12
22410 15
22412 20
22414 2
22424 12
22431 11
22438 2
22447 12
22453 11
22459 18
22460 15
22462 1
22472 11
22478 16
22480 13
22485 5
22491 8
22494 20
22496 16
22498 18
22499 1
22509 11
22515 18
22516 5
22522 1
22532 17
22534 20
22536 12
22543 18
22544 15
22546 9
22548 15
22550 5
22557 12
22565 12
22571 12
22578 11
22584 7
22586 12
22592 19
22594 6
22600 6
22608 14
22614 19
22616 12
22622 3
22629 18
22630 18
22631 12
22637 18
22638 20
22640 9
22641 19
22643 18
22644 18
22645 4
22653 10
22656 11
22662 4
22669 11
22675 6
22681 4
22689 9
22691 1
22701 20
22703 12
22710 13
22716 14
22722 8
22724 15
22726 4
22733 17
22735 17
22737 11
22743 11
22749 3
22756 9
22758 11
22765 13
22771 10
22773 7
22776 13
22782 16
22784 18
22785 12
22793 16
22795 5
22802 7
22805 11
22811 12
22818 2
22828 4
22836 19
22838 2
22848 17
22850 11
22857 11
22863 13
22869 18
22870 20
22872 5
22878 19
22880 13
22885 21
22889 8
22892 21
22896 11
22902 12
22908 13
22913 6
22921 11
22928 11
22935 14
22941 21
22945 19
22947 7
22949 21
22953 11
22960 15
22962 2
22972 9
22974 18
22975 18
22976 20
22978 5
22984 3
22990 11
22996 11
23002 4
23009 4
23017 9
23019 8
23023 11
23030 13
23035 10
23038 21
23042 11
23048 21
23052 18
23053 12
23059 16
23061 8
23064 11
23071 13
23076 17
23078 21
23082 17
23084 16
23086 14
23091 1
23100 19
23102 20
23104 11
23111 7
23114 18
23115 11
23122 11
23128 12
23134 18
23135 11
23141 16
23143 10
23146 17
23148 11
23154 11
23160 11
23167 19
23169 16
23171 5
23178 16
23180 2
23190 12
23197 15
23199 20
23201 15
23203 19
23205 14
23212 7
23215 18
23216 12
23223 16
23225 16
23227 8
23230 3
23237 11
23244 18
23245 19
23247 16
23249 15
23251 5
23258 11
23264 6
23272 18
23273 17
23275 17
23277 16
23279 12
23287 11
23293 9
23294 15
23296 13
23302 15
23304 4
23311 17
23313 7
23315 2
23324 15
23326 5
23333 20
23335 15
23337 2
23347 18
23348 6
23355 16
23357 7
23359 5
23366 1
23376 5
23382 11
23388 9
23389 13
23394 9
23396 11
23402 8
23405 1
23414 2
23424 16
23426 19
23428 7
23430 12
23437 10
23440 7
23443 5
23449 16
23451 19
23453 12
23459 5
23465 10
23467 11
23473 12
23479 14
23484 10
23486 1
23495 18
23496 18
23497 8
23500 11
23507 10
23508 5
23515 12
23522 6
23528 17
23530 1
23540 12
23547 11
23554 20
23556 10
23559 11
23565 12
23573 11
23579 6
23586 19
23588 16
23590 15
23592 16
23594 12
23600 8
23603 11
23610 9
23611 8
23614 15
23616 13
23622 11
23628 18
23629 15
23631 11
23638 14
23643 8
23645 6
23652 1
23661 17
23663 11
23670 12
23678 12
23686 10
23687 15
23689 4
23697 3
23703 6
23709 9
23710 19
23712 8
23716 11
23723 12
23730 11
23737 3
23744 7
23746 4
23753 15
23755 16
23757 19
23759 7
23762 21
23766 3
23772 1
23782 1
23792 20
23794 15
23796 11
23802 5
23808 18
23809 14
23814 12
23821 11
23827 13
23833 5
23839 2
23849 2
23859 16
23861 10
23862 12
23869 14
23874 7
23877 10
23879 12
23886 7
23889 1
23898 12
23904 16
23906 17
23908 13
23914 2
23924 20
23926 9
23927 2
23937 12
23944 8
23948 19
23950 18
23951 16
23953 19
23955 3
23962 20
23964 13
23970 9
23971 15
23973 18
23974 11
23981 14
23987 2
23998 20
24000 2
24010 8
24013 9
24014 16
24016 6
24022 18
24023 3
24030 6
24037 9
24038 4
24045 15
24047 18
24048 5
24054 21
24058 21
24062 19
24064 18
24065 4
24073 21
24077 20
24079 12
24085 16
24087 4
24093 18
24094 7
24097 6
24105 15
24107 6
24113 11
24120 21
24124 16
24126 6
24133 20
24135 13
24140 18
24141 12
24148 12
24155 4
24162 7
24165 16
24167 11
24174 21
24178 10
24180 11
24187 19
24189 13
24194 8
24198 12
24205 16
24207 12
24213 13
24219 16
24221 11
24227 1
24237 7
24240 18
24241 13
24246 14
24251 11
24258 8
24261 11
24268 11
24275 4
24282 11
24288 19
24290 17
24292 10
24295 17
24297 11
24303 20
24305 15
24307 11
24313 14
24318 9
24320 16
24322 2
24333 15
24335 10
24337 7
24339 16
24341 6
24349 11
24355 8
24357 8
24360 10
24362 8
24366 18
24367 8
24369 11
24376 13
24382 8
24385 18
24386 19
24388 11
24394 9
24395 13
24401 7
24403 11
24409 16
24411 14
24417 3
24424 11
24431 7
24434 5
24441 17
24443 6
24450 14
24457 2
24467 12
24473 12
24481 20
24483 11
24489 19
24491 6
24498 14
24504 3
24511 5
24517 19
24519 3
24525 18
24526 4
24532 8
24535 14
24542 4
24549 15
24551 10
24552 16
24554 9
24555 17
24557 16
24559 14
24564 7
24566 21
24570 18
24571 9
24572 17
24574 3
24580 15
24582 9
24583 19
24585 12
24592 12
24600 6
24608 11
24615 18
24616 8
24618 20
24620 13
24625 2
24636 11
24642 19
24644 15
24646 4
24653 20
24655 12
24662 19
24664 5
24670 20
24672 13
24678 20
24680 18
24681 4
24687 5
24694 18
24695 4
24702 11
24708 4
24716 7
24718 10
24721 20
24723 12
24729 12
24737 10
24738 5
24744 13
24749 19
24751 18
24752 4
24758 1
24768 8
24770 15
24772 4
24780 5
24787 3
24794 21
24798 13
24804 7
24806 3
24813 16
24815 4
24822 11
24829 12
24836 17
24838 14
24843 17
24845 12
24853 14
24858 11
24865 17
24867 5
24873 7
24876 12
24883 14
24889 11
24896 7
24898 13
24904 16
24906 1
24916 2
24925 13
24931 11
24938 6
24945 15
24947 2
24958 17
24960 15
24962 4
24969 16
24971 2
24981 17
24983 2
24993 10
24994 16
24996 14
25003 18
25004 11
25010 18
25011 11
25017 13
25023 21
25027 3
25034 12
25040 20
25042 2
25052 19
25054 12
25061 20
25063 15
25065 12
25072 15
25074 16
25076 19
25078 17
25080 5
25087 11
25093 14
25098 6
25104 14
25109 13
25114 17
25116 21
25120 13
25125 7
25127 8
25130 14
25135 2
25144 18
25145 21
25149 2
25160 4
25166 8
25169 18
25170 5
25176 19
25178 18
25179 5
25186 3
25193 14
25198 19
25200 12
25206 11
25212 20
25214 2
25223 16
25225 11
25232 9
25234 12
25241 6
25249 11
25255 18
25256 11
25262 9
25264 15
25266 9
25267 17
25269 11
25275 12
25281 14
25286 18
25287 10
25290 3
25296 13
25301 17
25303 21
25307 12
25314 13
25320 11
25326 17
25328 21
25332 18
25333 9
25335 4
25342 8
25344 12
25350 12
25356 4
25362 12
25369 3
25376 10
25377 19
25379 9
25381 18
25382 9
25384 5
25391 7
25393 11
25399 11
25406 10
25408 7
25411 13
25416 3
25422 7
25424 8
25428 18
25429 18
25430 5
25437 16
25439 4
25446 9
25447 9
25449 15
25451 9
25452 16
25454 18
25455 4
25461 3
25467 12
25474 9
25476 17
25478 11
25485 11
25491 13
25496 18
25497 14
25502 11
25508 12
25515 9
25516 13
25522 8
25524 12
25532 21
25536 4
25544 18
25545 15
25547 16
25549 3
25555 1
25565 18
25566 11
25573 5
25579 15
25581 3
25587 2
25598 19
25600 11
25607 14
25613 17
25615 14
25621 14
25627 13
25633 12
25640 16
25642 11
25649 14
25655 11
25661 15
25663 11
25669 19
25671 9
25673 15
25675 11
25681 11
25688 15
25690 5
25697 16
25699 2
25709 15
25711 16
25713 11
25719 2
25729 13
25735 20
25737 11
25744 12
25752 18
25753 12
25761 11
25768 18
25769 6
25777 6
25784 7
25787 7
25789 3
25796 13
25801 11
25807 2
25817 16
25819 19
25821 11
25827 7
25829 9
25830 16
25832 5
25838 11
25845 15
25847 11
25853 2
25864 10
25866 11
25873 5
25880 17
25882 19
25884 8
25888 12
25894 11
25900 11
25906 11
25913 11
25919 6
25926 20
25928 5
25935 1
25945 4
25952 11
25958 12
25964 1
25973 12
25979 8
25982 2
25992 1
26002 18
26003 2
26013 12
26020 14
26026 1
26035 9
26036 8
26040 2
26049 19
26051 10
26053 5
26059 21
26063 16
26065 10
26066 12
26073 3
26079 1
26089 16
26091 2
26101 19
26103 11
26110 6
26116 18
26117 5
26123 9
26125 14
26131 3
26137 14
26143 20
26145 18
26146 18
26147 19
26149 12
26156 17
26158 18
26159 19
26161 20
26163 6
26169 14
26176 19
26178 9
26179 17
26181 1
26191 17
26193 14
26199 11
26206 6
26213 2
26222 6
26229 14
26236 9
26237 12
26243 5
26250 20
26252 14
26257 11
26264 19
26266 10
26269 18
26270 6
26278 12
26285 7
26288 18
26289 3
26295 17
26297 2
26307 13
26312 2
26323 10
26324 10
26326 18
26327 11
26334 6
26340 2
26349 12
26355 11
26362 12
26369 5
26375 11
26381 15
26383 2
26393 13
26398 20
26400 19
26402 20
26404 12
26411 17
26413 16
26415 4
26422 12
26429 15
26431 9
26432 19
26434 12
26441 6
26447 18
26448 14
26454 2
26464 21
26468 11
26475 14
26481 7
26484 15
26486 5
26492 10
26494 8
26497 12
26505 2
26514 1
26523 3
26529 11
26535 5
26542 4
26548 14
26553 10
26554 8
26558 14
26564 12
26572 1
26582 17
26584 10
26585 13
26590 7
26593 7
26596 6
26603 18
26604 4
26612 19
26614 11
26620 2
26630 21
26634 11
26640 1
26649 11
26655 1
26665 12
26672 3
26679 3
26685 18
26686 2
26695 8
26697 21
26701 18
26702 12
26708 18
26709 16
26711 3
26717 19
26719 17
26721 20
26723 7
26725 20
26727 7
26729 11
26735 18
26736 17
26738 1
26748 14
26754 18
26755 9
26757 8
26759 7
26762 15
26764 12
26771 10
26773 6
26780 18
26781 19
26783 18
26784 11
26791 6
26798 5
26805 1
26815 11
26822 3
26829 11
26835 5
26841 3
26847 13
26852 2
26862 17
26864 2
26874 3
26880 3
26887 10
26889 16
26891 20
26893 17
26895 16
26897 8
26899 16
26901 2
26911 18
26912 2
26923 11
26929 14
26935 14
26941 16
26943 12
26951 7
26954 6
26960 19
26962 10
26965 20
26967 18
26968 14
26975 21
26979 18
26980 3
26986 21
26990 4
26998 5
27005 20
27007 1
27017 17
27019 5
27025 9
27026 11
27033 11
27039 1
27048 11
27054 17
27056 8
27060 5
27066 12
27073 4
27079 11
27086 15
27088 3
27094 7
27096 11
27103 8
27105 18
27106 17
27108 14
27114 3
27121 5
27128 2
27139 5
27145 10
27147 19
27149 11
27156 13
27161 5
27168 17
27170 2
27179 10
27181 12
27189 17
27191 14
27198 16
27200 18
27201 8
27203 7
27206 13
27211 18
27212 11
27218 1
27228 7
27231 3
27238 11
27244 17
27246 21
27250 2
27259 7
27261 5
27268 4
27275 13
27281 16
27283 9
27285 12
27292 7
27295 7
27297 9
27298 12
27305 18
27306 12
27313 15
27315 13
27321 4
27328 3
27335 5
27341 8
27344 1
27354 18
27355 9
27356 11
27363 12
27371 3
27377 12
27385 4
27391 13
27396 12
27403 3
27409 13
27415 15
27417 3
27424 12
27431 19
27433 10
27435 12
27442 1
27452 2
27462 14
27469 8
27471 6
27477 12
27484 3
27491 1
27500 15
27502 16
27504 13
27509 9
27511 19
27513 1
27523 12
27529 7
27531 14
27538 17
27540 7
27542 12
27550 1
27560 11
27567 14
27573 18
27574 4
27582 11
27589 8
27591 8
27595 13
27600 13
27605 15
27607 2
27618 8
27622 11
27629 9
27630 5
27637 21
27641 18
27642 1
27651 12
27658 5
27665 19
27667 4
27674 1
27684 11
27690 18
27691 6
27699 11
27706 4
27713 8
27716 14
27722 5
27729 4
27735 15
27737 6
27745 19
27747 13
27753 11
27759 4
27766 11
27772 8
27775 11
27781 14
27787 8
27790 16
27792 11
27798 13
27804 7
27807 1
27817 15
27819 11
27826 8
27830 9
27832 21
27836 19
27838 11
27844 12
27852 4
27859 2
27869 12
27875 4
27882 17
27884 5
27890 15
27892 15
27894 4
27901 13
27906 9
27908 14
27914 6
27920 12
27927 9
27929 10
27930 1
27940 9
27942 2
27952 20
27954 18
27955 11
27961 8
27963 11
27970 5
27976 3
27982 5
27989 1
27999 4
28007 12
28014 12
28021 14
28027 8
28029 10
28031 11
28038 12
28045 7
28047 11
28053 12
28059 12
28066 14
28071 21
28075 5
28082 6
28088 16
28090 16
28092 9
28094 4
28101 15
28103 2
28113 13
28119 11
28126 11
28132 14
28139 1
28148 11
28155 12
28163 6
28170 18
28171 4
28179 12
28185 6
28192 4
28198 12
28205 2
28216 11
28222 14
28228 5
28235 10
28237 17
28239 1
28249 5
28256 10
28258 14
28265 20
28267 6
28275 11
28282 11
28288 3
28295 18
28296 4
28303 8
28305 2
28315 11
28321 8
28325 19
28327 15
28329 20
28331 11
28338 1
28348 17
28350 9
28352 17
28354 11
28360 18
28361 6
28367 11
28373 18
28374 5
28380 4
28387 12
28394 5
28401 12
28407 12
28415 8
28418 2
28429 2
28439 3
28446 1
28455 7
28458 11
28465 14
28470 4
28476 2
28486 1
28495 10
28498 9
28500 17
28502 8
28504 11
28510 15
28512 7
28514 11
28520 19
28522 14
28528 5
28534 13
28539 20
28541 11
28547 2
28557 19
28559 19
28561 1
28571 18
28572 11
28579 13
28585 16
28587 21
28591 3
28598 12
28605 11
28611 18
28612 16
28614 18
28615 8
28619 6
28626 8
28629 16
28631 16
28633 11
28640 1
28650 17
28652 6
28659 14
28665 18
28666 8
28669 11
28676 12
28683 18
28684 11
28691 17
28693 8
28697 2
28707 8
28709 4
28716 12
28723 6
28729 14
28736 13
28742 20
28744 10
28745 2
28755 12
28761 12
28769 1
28779 4
28786 5
28793 10
28794 15
28796 1
28806 9
28808 21
28812 7
28814 19
28816 16
28818 2
28829 18
28830 11
28836 12
28843 11
28850 20
28852 21
28856 20
28858 7
28860 12
28867 11
28874 10
28876 6
28882 11
28888 11
28894 6
28900 13
28905 11
28912 7
28915 3
28922 12
28929 4
28937 18
28938 2
28947 15
28949 11
28956 11
28962 12
28969 14
28975 2
28986 11
28992 17
28994 11
29000 12
29006 1
29016 17
29018 12
29024 11
29030 16
29032 11
29039 16
29041 13
29046 11
29052 19
29054 6
29062 3
29068 11
29074 20
29076 7
29079 12
29086 11
29092 11
29098 17
29100 12
29106 20
29108 7
29111 6
29118 17
29120 11
29127 21
29131 20
29133 3
29139 14
29145 12
29152 21
29156 18
29157 18
29158 10
29161 18
29162 1
29171 9
29172 7
29175 19
29177 21
29181 18
29182 7
29184 8
29188 18
29189 9
29191 11
29197 16
29199 14
29206 18
29207 16
29209 12
29217 8
29221 8
29225 11
29232 16
29234 9
29236 10
29238 14
29244 15
29246 18
29247 17
29249 14
29255 11
29262 8
29266 15
29268 16
29270 19
29272 15
29274 19
29276 21
29280 1
29290 20
29292 11
29299 5
29305 3
29312 20
29314 18
29315 20
29317 15
29319 16
29321 11
29327 15
29329 20
29331 2
29341 19
29343 16
29345 7
29347 20
29349 11
29356 8
29360 1
29370 5
29377 18
29378 8
29382 20
29384 7
29386 20
29388 10
29389 17
29391 10
29394 18
29395 4
29402 8
29404 18
29405 17
29407 17
29409 4
29416 11
29422 9
29423 4
29430 3
29437 11
29443 16
29445 20
29447 2
29457 21
29461 3
29467 4
29474 13
29479 4
29485 7
29488 20
29490 7
29492 17
29494 20
29496 9
29498 4
29506 15
29508 16
29510 9
29511 12
29518 11
29524 11
29531 13
29537 11
29543 17
29545 19
29547 12
29554 21
29558 19
29560 9
29562 10
29564 16
29566 10
29567 12
29575 12
29583 18
29584 13
29590 5
29597 1
29607 9
29609 19
29611 11
29617 8
29621 20
29623 14
29628 11
29634 11
29641 11
29647 8
29651 7
29654 9
29656 17
29658 12
29664 11
29671 12
29677 20
29679 14
29684 4
29691 17
29693 18
29694 12
29701 2
29712 11
29718 17
29720 8
29723 6
29731 14
29737 16
29739 14
29745 12
29752 18
29753 11
29760 19
29762 10
29765 19
29767 9
29768 20
29770 2
29780 17
29782 17
29784 17
29786 11
29793 19
29795 14
29801 6
29809 21
29813 12
29820 10
29823 11
29830 2
29839 4
29846 12
29853 18
29854 6
29861 6
29868 13
29874 11
29880 3
29887 20
29889 11
29896 4
29903 6
29910 13
29915 21
29919 7
29922 4
29928 3
29935 12
29942 12
29949 8
29953 2
29964 14
29971 15
29973 3
29979 19
29981 18
29982 1
29992 19
29994 3
30001 12
30008 13
30014 11
30020 14
30025 10
30027 4
30034 18
30035 6
30042 8
30045 21
30049 20
30051 11
30058 1
30068 12
30075 15
30077 13
30083 13
30088 11
30094 18
30095 12
30103 12
30109 4
30115 11
30121 2
30131 20
30133 1
30143 20
30145 4
30152 4
30159 2
30169 13
30175 18
30176 16
30178 18
30179 7
30181 11
30187 16
30189 20
30191 6
30197 2
30207 11
30214 18
30215 12
30223 21
30227 12
30234 18
30235 12
30243 14
30250 13
30256 18
30257 18
30258 4
30264 12
30271 16
30273 3
30279 15
30281 1
30291 21
30295 14
30300 11
30306 5
30312 21
30316 1
30326 12
30334 13
30339 11
30346 9
30347 18
30348 14
30354 17
30356 8
30359 11
30365 12
30372 21
30376 5
30382 5
30388 6
30395 10
30396 11
30402 7
30404 16
30406 11
30412 18
30413 15
30415 1
30424 18
30425 18
30426 18
30427 10
30428 19
30430 11
30436 9
30438 2
30447 18
30448 5
30454 15
30456 12
30463 1
30472 8
30474 1
30484 10
30486 7
30488 21
30492 1
30502 17
30504 8
30507 20
30509 5
30516 11
30522 21
30526 18
30527 5
30534 14
30539 8
30541 11
30548 14
30555 3
30562 6
30568 11
30574 11
30580 18
30581 1
30591 9
30593 21
30597 5
30604 14
30609 3
30616 19
30618 6
30624 13
30629 14
30635 1
30644 6
30651 8
30655 5
30661 15
30663 20
30665 18
30666 14
30672 17
30674 9
30676 7
30679 12
30687 11
30694 11
30701 16
30703 9
30704 15
30706 20
30708 4
30715 10
30717 14
30723 19
30725 9
30726 15
30728 14
30735 14
30741 13
30747 5
30754 4
30762 7
30765 19
30767 17
30769 4
30776 11
30782 10
30785 17
30787 3
30793 3
30800 1
30810 14
30816 9
30817 18
30818 18
30819 11
30826 20
30828 8
30832 14
30837 7
30839 5
30845 17
30847 3
30853 12
30861 11
30867 9
30868 17
30870 7
30873 1
30883 20
30885 16
30887 19
30889 5
30895 19
30897 3
30903 14
30909 7
30911 2
30921 5
30927 7
30929 20
30931 12
30939 3
30946 7
30949 11
30956 12
30962 2
30972 20
30974 1
30983 8
30986 10
30987 5
30993 10
30996 13
31002 20
31004 13
31009 5
31015 3
31021 20
31023 12
31030 2
31039 13
31044 21
31048 14
31054 3
31060 5
31066 19
31068 5
31075 21
31079 11
31085 11
31091 18
31092 14
31098 18
31099 1
31108 1
31117 12
31125 21
31129 11
31135 2
31146 10
31147 4
31154 9
31155 1
31165 12
31173 7
31175 8
31177 9
31178 4
31184 20
31186 7
31188 12
31195 10
31197 14
31204 17
31206 17
31208 16
31210 12
31217 18
31218 3
31225 3
31231 4
31237 14
31244 21
31248 6
31256 12
31264 5
31270 11
31276 8
31279 21
31283 21
31287 18
31288 2
31297 20
31299 18
31300 18
31301 18
31302 18
31303 8
31305 21
31309 6
31317 9
31318 18
31319 9
31320 13
31326 18
31327 21
31331 19
31333 10
31336 1
31346 7
31348 16
31350 12
31356 9
31358 11
31364 5
31371 6
31378 18
31379 6
31385 7
31387 19
31389 21
31393 11
31399 15
31401 21
31405 15
31407 5
31414 1
31424 12
31431 20
31433 21
31437 16
31439 4
31446 21
31450 17
31452 20
31454 13
31460 19
31462 11
31469 11
31476 7
31478 16
31480 1
31489 10
31491 18
31492 20
31494 21
31498 18
31499 15
31501 10
31502 9
31504 2
31514 9
31515 4
31523 9
31524 15
31526 11
31533 11
31539 18
31540 1
31549 18
31550 14
31557 8
31560 4
31567 10
31570 13
31575 21
31579 4
31586 12
31594 10
31596 11
31602 19
31604 12
31612 3
31618 15
31620 12
31627 21
31631 9
31633 6
31641 1
31650 12
31657 18
31658 8
31661 12
31668 11
31675 1
31685 8
31688 4
31694 5
31701 15
31703 14
31709 12
31715 14
31721 2
31730 11
31737 1
31747 7
31750 3
31756 18
31757 14
31763 21
31767 18
31768 5
31775 19
31777 11
31784 12
31791 14
31797 21
31801 11
31807 18
31808 10
31810 17
31812 20
31814 12
31822 5
31829 3
31836 11
31843 18
31844 18
31845 7
31848 14
31854 19
31856 5
31862 20
31864 12
31871 17
31873 4
31880 13
31886 10
31887 2
31896 4
31902 13
31908 3
31914 19
31916 13
31922 15
31924 6
31931 14
31938 12
31944 18
31945 11
31952 5
31958 5
31965 12
31971 5
31978 7
31980 5
31987 2
31996 9
31998 2
32007 4
32014 12
32020 6
32026 12
32034 12
32041 7
32044 1
32053 19
32055 12
32062 11
32068 10
32070 12
32077 11
32083 11
32089 4
32095 4
32101 17
32103 3
32110 3
32116 5
32123 2
32134 9
32136 2
32146 17
32148 3
32155 10
32156 4
32164 5
32170 1
32179 11
32186 2
32196 12
32204 3
32210 12
32216 4
32223 3
32230 1
32240 21
32244 20
32246 20
32248 2
32259 14
32265 20
32267 7
32270 17
32272 11
32278 12
32286 19
32288 21
32292 11
32299 11
32305 5
32311 10
32312 12
32320 18
32321 16
32323 11
32329 4
32336 18
32337 4
32345 12
32352 17
32354 16
32356 20
32358 18
32359 15
32361 9
32363 16
32365 8
32367 1
32377 13
32382 18
32383 18
32384 4
32391 2
32401 7
32404 20
32406 17
32408 12
32416 9
32418 10
32420 12
32427 2
32436 13
32442 14
32449 8
32453 14
32458 20
32460 12
32467 2
32477 7
32480 10
32481 18
32482 14
32488 18
32489 11
32496 6
32504 18
32505 12
32513 17
32515 14
32521 1
32530 13
32536 13
32541 16
32543 18
32544 1
32554 6
32561 11
32568 3
32575 17
32577 8
32580 18
32581 7
32583 11
32590 8
32593 5
32599 13
32605 5
32611 11
32618 3
32624 11
32630 10
32632 12
32638 4
32645 12
32652 11
32659 12
32666 3
32673 20
32675 17
32677 6
32684 15
32686 18
32687 18
32688 5
32694 11
32701 21
32705 21
32709 17
32711 19
32713 17
32715 18
32716 2
32726 11
32732 11
32738 20
32740 7
32743 15
32745 16
32747 18
32748 20
32750 12
32756 5
32763 4
32769 1
32779 21
32783 20
32785 18
32786 18
32787 12
32794 14
32800 11
32806 12
32812 7
32814 15
32816 9
32817 12
32824 11
32831 6
32838 12
32845 15
32847 19
32849 11
32855 13
32861 11
32868 18
32869 16
32871 9
32873 18
32874 12
32882 12
32889 3
32896 5
32903 16
32905 15
32907 11
32914 13
32919 3
32926 15
32928 19
32930 11
32936 8
32938 17
32940 11
32946 11
32953 5
32960 2
32970 4
32976 6
32983 21
32987 6
32995 12
33003 15
33005 10
33008 16
33010 7
33012 1
33021 7
33024 2
33034 17
33036 15
33038 17
33040 11
33047 4
33054 12
33061 12
33067 14
33073 11
33080 9
33081 10
33084 12
33092 6
33100 15
33102 1
33111 2
33121 13
33126 11
33132 12
33138 5
33145 21
33149 18
33150 1
33159 4
33165 4
33173 21
33177 19
33179 1
33188 14
33195 2
33204 17
33206 12
33213 11
33219 20
33221 7
33224 9
33226 18
33227 10
33229 6
33236 15
33238 2
33248 11
33255 17
33257 21
33261 21
33265 11
33271 18
33272 16
33274 12
33282 9
33284 10
33286 16
33288 2
33297 8
33301 13
33306 2
33316 10
33317 3
33324 11
33330 18
33331 10
33334 18
33335 6
33342 2
33352 12
33360 10
33362 12
33368 14
33375 13
33380 8
33384 10
33385 19
33387 15
33389 12
33397 9
33398 3
33405 11
33412 11
33419 21
33423 18
33424 9
33426 8
33428 20
33430 7
33433 11
33440 14
33446 19
33448 12
33454 20
33456 1
33466 11
33473 19
33475 13
33480 6
33487 17
33489 4
33495 2
33505 9
33507 1
33516 4
33524 12
33531 15
33533 12
33540 11
33547 8
33551 10
33553 4
33559 2
33568 15
33570 19
33572 12
33579 6
33586 19
33588 17
33590 13
33595 7
33598 11
33605 7
33607 3
33613 13
33618 20
33620 9
33621 12
33628 11
33634 9
33636 4
33643 3
33650 20
33652 11
33658 1
33668 8
33670 8
33672 12
33679 7
33682 11
33688 1
33697 9
33698 8
33701 9
33703 18
33704 21
33708 12
33714 4
33722 7
33725 18
33726 9
33728 17
33730 11
33736 11
33742 1
33751 7
33753 12
33760 15
33762 21
33766 11
33773 13
33778 14
33785 17
33787 12
33794 9
33796 12
33804 1
33813 7
33816 18
33817 5
33824 3
33830 10
33832 18
33833 19
33835 12
33843 21
33847 11
33853 12
33859 7
33861 5
33867 8
33870 18
33871 18
33872 15
33874 11
33880 5
33887 7
33890 19
33892 15
33894 20
33896 17
33898 4
33906 12
33914 18
33915 12
33921 11
33927 12
33935 3
33941 3
33948 14
33954 6
33962 19
33964 17
33966 6
33972 14
33979 17
33981 16
33983 18
33984 7
33987 14
33992 5
33998 5
34004 6
34011 2
34021 7
34024 8
34028 17
34030 12
34038 11
34045 15
34047 11
34053 10
34054 11
34061 6
34068 18
34069 5
34076 12
34083 19
34085 3
34091 9
34093 12
34099 1
34109 2
34118 17
34120 19
34122 18
34123 5
34130 14
34137 20
34139 20
34141 19
34143 15
34145 12
34153 18
34154 17
34156 19
34158 21
34162 6
34169 13
34174 2
34183 7
34185 7
34188 16
34190 8
34194 11
34200 3
34207 18
34208 11
34215 5
34221 11
34228 11
34234 9
34235 2
34245 8
34248 15
34250 2
34261 8
34263 14
34269 21
34273 20
34275 19
34277 14
34284 5
34290 2
34301 20
34303 2
34314 20
34316 11
34322 21
34326 19
34328 1
34338 11
34344 13
34349 11
34355 15
34357 7
34359 12
34367 12
34374 10
34375 17
34377 14
34383 15
34385 1
34395 15
34397 21
34401 12
34408 11
34415 10
34416 11
34422 9
34424 19
34426 11
34433 9
34434 20
34436 19
34438 11
34445 19
34447 15
34449 15
34451 9
34453 12
34461 11
34467 10
34470 5
34476 13
34481 4
34488 15
34490 11
34496 21
34500 15
34502 15
34504 2
34515 21
34519 11
34526 12
34533 17
34535 6
34541 11
34547 5
34553 9
34554 11
34561 14
34566 18
34567 7
34570 4
34576 1
34586 12
34593 4
34600 1
34610 10
34611 15
34613 7
34616 10
34618 3
34625 7
34628 1
34637 9
34638 18
34639 12
34647 6
34654 9
34655 6
34661 3
34668 18
34669 12
34675 8
34679 2
34688 3
34695 6
34703 18
34704 20
34706 1
34716 13
34721 11
34727 17
34729 13
34734 21
34738 10
34741 15
34743 18
34744 18
34745 21
34749 18
34750 19
34752 18
34753 17
34755 2
34765 5
34771 14
34777 1
34787 1
34796 18
34797 12
34803 12
34810 20
34812 19
34814 4
34821 11
34828 18
34829 10
34831 12
34838 7
34840 12
34846 10
34847 17
34849 2
34859 16
34861 9
34863 12
34870 1
34879 1
34888 11
34894 7
34897 1
34907 21
34911 1
34920 19
34922 17
34924 9
34926 13
34931 19
34933 3
34940 18
34941 11
34947 11
34954 16
34956 14
34962 13
34967 13
34972 9
34974 7
34976 12
34983 11
34989 5
34995 16
34997 14
35002 19
35004 5
35010 11
35016 12
35023 13
35028 11
35034 15
35036 15
35038 9
35039 12
35045 12
35053 19
35055 17
35057 17
35059 5
35065 3
35071 21
35075 18
35076 18
35077 9
35078 3
35084 4
35091 19
35093 9
35094 17
35096 3
35103 6
35110 3
35117 17
35119 5
35126 13
35132 12
35139 21
35143 14
35149 13
35155 16
35157 6
35164 7
35166 7
35168 14
35174 11
35180 14
35186 15
35188 12
35194 13
35200 11
35207 18
35208 9
35209 19
35211 6
35218 15
35220 5
35226 8
35229 20
35231 11
35237 4
35243 12
35249 11
35256 11
35263 4
35270 16
35272 7
35275 12
35283 2
35293 6
35301 18
35302 12
35309 18
35310 13
35316 17
35318 4
35326 21
35330 10
35332 12
35339 2
35348 16
35350 10
35352 11
35359 4
35366 7
35368 19
35370 18
35371 8
35375 3
35381 9
35383 10
35384 18
35385 11
35392 18
35393 11
35400 12
35408 13
35414 16
35416 21
35420 12
35428 15
35430 17
35432 21
35436 13
35442 15
35444 20
35446 17
35448 18
35449 10
35451 1
35461 17
35463 10
35464 15
35466 9
35467 3
35473 12
35479 15
35481 3
35487 13
35492 1
35502 11
35509 15
35511 12
35517 3
35523 8
35526 11
35533 18
35534 9
35536 19
35538 9
35539 8
35542 12
35549 16
35551 7
35554 18
35555 17
35557 3
35564 9
35566 11
35572 8
35575 12
35583 20
35585 7
35588 5
35594 12
35601 6
35608 12
35616 11
35623 18
35624 11
35630 12
35638 4
35644 21
35648 10
35651 3
35658 9
35660 19
35662 2
35672 13
35677 11
35683 1
35693 2
35703 3
35710 10
35713 1
35722 12
35729 10
35730 10
35732 20
35734 12
35742 19
35744 16
35746 11
35753 3
35759 12
35767 11
35773 15
35775 14
35781 5
35787 5
35793 11
35799 12
35807 18
35808 11
35815 15
35817 11
35823 1
35833 12
35840 14
35846 3
35853 12
35859 11
35866 10
35869 10
35872 9
35874 13
35880 15
35882 11
35888 18
35889 9
35891 3
35897 13
35903 2
35912 11
35919 3
35926 11
35932 21
35936 6
35943 11
35950 1
35960 12
35966 12
35973 11
35979 1
35988 7
35991 16
35993 13
35998 21
36002 20
36004 9
36006 6
36012 18
36013 16
36015 4
36022 2
36033 2
36043 11
36049 11
36055 11
36062 1
36071 6
36078 1
36087 19
36089 20
36091 9
36092 19
36094 5
36101 11
36107 4
36114 11
36120 4
36126 4
36133 19
36135 21
36139 16
36141 5
36147 19
36149 8
36153 5
36160 17
36162 16
36164 15
36166 19
36168 15
36170 16
36172 11
36179 12
36185 18
36186 15
36188 4
36195 2
36206 19
36208 14
36215 11
36222 9
36224 15
36226 1
36235 7
36237 7
36239 9
36241 12
36248 7
36250 13
36255 21
36259 9
36260 17
36262 6
36270 8
36274 1
36284 11
36290 8
36293 12
36299 19
36301 12
36308 11
36315 17
36317 8
36321 8
36324 1
36334 19
36336 7
36339 4
36345 20
36347 21
36351 18
36352 9
36353 1
36363 19
36365 11
36371 6
36377 7
36379 18
36380 16
36382 15
36384 3
36391 9
36392 1
36402 15
36404 10
36406 16
36408 21
36412 11
36419 10
36421 12
36428 13
36434 1
36443 12
36450 11
36457 15
36459 7
36462 5
36468 4
36474 11
36481 1
36491 14
36498 12
36505 8
36509 8
36512 14
36519 2
36529 8
36532 11
36538 8
36540 18
36541 8
36544 12
36551 19
36553 12
36560 20
36562 11
36569 6
36576 17
36578 21
36582 1
36591 17
36593 10
36596 18
36597 18
36598 19
36600 9
36601 5
36607 19
36609 12
36615 13
36620 12
36627 19
36629 8
36632 15
36634 11
36641 8
36644 1
36654 16
36656 12
36663 18
36664 11
36671 21
36675 15
36677 12
36683 6
36690 21
36694 18
36695 21
36699 7
36702 20
36704 12
36712 17
36714 16
36716 20
36718 18
36719 8
36721 11
36727 8
36729 11
36735 20
36737 18
36738 16
36740 13
36746 17
36748 12
36755 12
36762 2
36773 11
36780 10
36782 12
36789 10
36790 10
36792 10
36793 16
36795 12
36802 8
36805 11
36812 10
36815 20
36817 6
36824 12
36831 1
36840 20
36842 15
36844 19
36846 12
36852 6
36859 18
36860 19
36862 18
36863 12
36870 12
36878 6
36885 18
36886 6
36893 20
36895 11
36902 17
36904 17
36906 19
36908 12
36915 13
36920 17
36922 13
36927 13
36933 3
36940 11
36946 20
36948 16
36950 6
36956 18
36957 18
36958 18
36959 17
36961 7
36964 13
36970 15
36972 15
36974 12
36982 20
36984 2
36994 6
37002 16
37004 16
37006 3
37012 5
37019 17
37021 12
37028 19
37030 11
37037 13
37043 3
37050 12
37057 12
37063 8
37065 7
37068 6
37074 15
37076 2
37086 4
37093 8
37096 11
37102 11
37109 7
37111 21
37115 21
37119 19
37121 15
37123 12
37130 19
37132 11
37138 10
37139 20
37141 2
37151 18
37152 18
37153 6
37159 4
37165 11
37172 5
37179 17
37181 12
37188 12
37194 11
37200 11
37206 12
37213 14
37219 19
37221 12
37227 1
37236 18
37237 12
37244 1
37254 12
37261 7
37264 13
37270 11
37277 18
37278 10
37279 10
37282 2
37292 16
37294 10
37297 18
37298 12
37305 20
37307 11
37314 6
37320 21
37324 18
37325 20
37327 14
37333 16
37335 17
37337 4
37343 18
37344 17
37346 10
37348 12
37354 18
37355 11
37361 14
37366 6
37373 17
37375 12
37382 12
37390 17
37392 11
37399 12
37406 13
37411 3
37418 20
37420 17
37422 4
37428 17
37430 8
37434 10
37436 12
37444 14
37449 12
37456 18
37457 15
37459 19
37461 5
37468 9
37470 11
37477 12
37483 2
37494 18
37495 9
37496 12
37503 16
37505 6
37513 13
37519 21
37523 20
37525 19
37527 14
37533 17
37535 12
37542 6
37548 5
37554 7
37556 15
37558 12
37565 15
37567 12
37574 10
37576 4
37582 12
37589 1
37598 12
37604 16
37606 12
37613 5
37620 14
37625 11
37631 16
37633 11
37639 8
37642 8
37644 11
37651 11
37658 8
37661 18
37662 20
37664 11
37671 9
37672 3
37679 8
37683 3
37690 2
37700 9
37701 12
37707 12
37715 12
37721 7
37723 12
37731 12
37739 11
37746 19
37748 17
37750 7
37752 9
37754 14
37761 2
37772 15
37774 7
37777 12
37784 2
37795 16
37797 3
37803 3
37809 16
37811 6
37819 20
37821 7
37824 16
37826 15
37828 18
37829 12
37836 9
37838 11
37844 11
37851 13
37856 8
37859 6
37867 20
37869 19
37871 18
37872 6
37879 20
37881 2
37890 8
37892 16
37894 3
37901 19
37903 4
37910 5
37916 4
37923 21
37927 21
37931 3
37937 14
37942 12
37949 14
37955 18
37956 3
37963 3
37970 18
37971 16
37973 4
37980 1
37989 5
37995 5
38002 11
38009 7
38012 4
38019 11
38026 4
38034 3
38041 12
38049 20
38051 9
38053 8
38056 12
38062 16
38064 21
38068 15
38070 21
38074 17
38076 17
38078 11
38084 16
38086 18
38087 8
38091 11
38097 18
38098 13
38103 11
38109 18
38110 16
38112 19
38114 3
38120 13
38125 12
38132 12
38138 17
38140 16
38142 1
38152 21
38156 10
38158 12
38165 1
38175 14
38182 17
38184 4
38191 5
38197 8
38200 5
38207 7
38209 2
38220 2
38230 12
38236 18
38237 6
38245 7
38247 11
38254 13
38259 18
38260 8
38262 14
38268 17
38270 21
38274 11
38280 18
38281 2
38292 12
38300 18
38301 20
38303 14
38309 1
38318 18
38319 14
38325 14
38332 2
38341 7
38343 11
38350 6
38357 11
38364 12
38371 10
38373 18
38374 15
38376 14
38383 1
38392 5
38398 16
38400 15
38402 15
38404 2
38415 12
38421 11
38428 12
38436 12
38442 3
38448 10
38449 8
38453 16
38455 7
38458 5
38464 12
38472 8
38474 8
38476 16
38478 2
38488 2
38497 9
38498 2
38508 20
38510 10
38511 17
38513 20
38515 8
38518 12
38525 11
38531 2
38541 10
38543 10
38545 5
38551 18
38552 7
38554 8
38557 2
38568 11
38574 18
38575 5
38582 11
38588 6
38595 8
38598 11
38604 1
38614 20
38616 18
38617 20
38619 3
38626 1
38635 15
38637 1
38646 5
38653 17
38655 11
38662 19
38664 12
38671 15
38673 8
38676 15
38678 11
38685 11
38692 21
38696 9
38698 10
38700 20
38702 9
38703 18
38704 12
38710 8
38712 1
38721 21
38725 9
38727 6
38733 21
38737 18
38738 21
38742 21
38746 12
38753 19
38755 15
38757 5
38764 9
38765 12
38773 11
38779 13
38784 15
38786 15
38788 21
38792 13
38797 3
38803 21
38807 17
38809 18
38810 18
38811 20
38813 5
38819 4
38825 20
38827 8
38830 1
38840 11
38847 14
38854 10
38857 9
38858 7
38860 7
38863 12
38870 6
38878 14
38884 4
38891 10
38893 21
38897 6
38903 5
38910 11
38917 6
38924 12
38930 16
38932 17
38934 16
38936 11
38942 15
38944 12
38951 4
38959 16
38961 11
38968 18
38969 11
38975 16
38977 5
38984 18
38985 12
38991 18
38992 4
38998 10
39001 19
39003 16
39005 11
39012 11
39018 8
39022 8
39024 10
39026 1
39036 9
39038 20
39040 3
39046 1
39056 12
39064 7
39067 16
39069 13
39074 18
39075 11
39082 8
39086 9
39088 12
39095 18
39096 6
39104 15
39106 7
39109 19
39111 11
39117 6
39124 5
39131 12
39138 10
39141 7
39143 11
39149 15
39151 12
39158 17
39160 9
39162 10
39163 13
39168 15
39170 7
39172 14
39178 8
39181 15
39183 17
39185 12
39193 9
39195 10
39198 4
39205 15
39207 11
39214 12
39221 1
39230 19
39232 12
39240 17
39242 3
39248 11
39254 3
39260 4
39266 9
39267 8
39271 9
39273 9
39275 10
39277 12
39284 4
39291 19
39293 16
39295 16
39297 3
39304 11
39310 17
39312 18
39313 11
39319 7
39322 1
39331 14
39336 11
39343 1
39352 3
39358 2
39368 9
39369 5
39375 9
39376 3
39383 7
39385 6
39393 16
39395 15
39397 11
39403 19
39405 11
39411 11
39417 4
39423 1
39433 1
39443 12
39449 5
39455 20
39457 15
39459 11
39466 14
39473 17
39475 12
39481 8
39484 7
39487 12
39494 8
39498 16
39500 20
39502 13
39508 6
39515 9
39517 2
39527 11
39534 18
39535 5
39542 16
39544 18
39545 21
39549 10
39551 12
39558 7
39560 12
39567 1
39577 14
39584 11
39591 12
39597 6
39604 21
39608 12
39615 12
39621 12
39628 4
39634 11
39640 17
39642 4
39649 11
39655 19
39657 12
39664 12
39670 14
39675 20
39677 7
39680 12
39686 18
39687 18
39688 4
39694 4
39701 2
39711 12
39717 3
39723 19
39725 14
39732 13
39738 12
39745 18
39746 5
39752 5
39759 5
39765 12
39772 9
39773 13
39778 12
39786 16
39788 11
39794 12
39801 11
39807 20
39809 5
39815 9
39816 9
39817 16
39819 12
39826 19
39828 20
39830 12
39838 12
39845 4
39851 12
39858 20
39860 21
39864 5
39871 6
39877 15
39879 18
39880 12
39886 6
39894 8
39898 11
39905 12
39911 1
39920 15
39922 14
39928 3
39934 6
39941 8
39945 9
39946 14
39953 11
39960 18
39961 18
39962 8
39965 21
39969 8
39972 7
39975 6
39983 7
39985 2
39995 8
39997 18
39998 12
40005 18
40006 11
40012 9
40014 1
40023 18
40024 12
40032 17
40034 15
40036 4
40044 14
40050 6
40056 6
40063 10
40065 2
40074 12
40080 15
40082 19
40084 12
40091 16
40093 3
40099 18
40100 2
40109 17
40111 18
40112 20
40114 1
40123 12
40130 10
40131 14
40138 18
40139 13
40145 2
40156 21
40160 21
40164 20
40166 19
40168 11
40174 16
40176 6
40182 9
40184 5
40191 21
40195 9
40196 8
40200 18
40201 7
40204 16
40206 19
40208 18
40209 11
40216 17
40218 4
40224 18
40225 13
40230 17
40232 18
40233 11
40239 12
40246 11
40252 19
40254 2
40264 3
40270 12
40276 9
40278 17
40280 11
40287 18
40288 18
40289 3
40296 6
40304 20
40306 8
40310 11
40316 18
40317 11
40324 15
40326 3
40332 13
40337 19
40339 5
40346 12
40354 11
40361 12
40369 15
40371 17
40373 19
40375 12
40381 17
40383 21
40387 10
40389 8
40392 20
40394 18
40395 18
40396 16
40398 15
40400 19
40402 18
40403 18
40404 15
40406 12
40413 15
40415 11
40421 16
40423 12
40429 11
40436 9
40438 15
40440 2
40449 8
40452 11
40459 4
40465 19
40467 5
40473 6
40479 6
40485 7
40488 14
40494 17
40496 3
40502 13
40508 5
40514 11
40521 7
40524 8
40527 15
40529 11
40535 4
40542 4
40549 14
40555 5
40561 17
40563 18
40564 11
40571 14
40576 11
40582 18
40583 5
40590 7
40593 15
40595 11
40601 2
40612 8
40616 11
40622 21
40626 19
40628 20
40630 8
40634 5
40640 15
40642 9
40644 11
40650 3
40657 12
40664 6
40672 5
40678 1
40688 11
40695 11
40701 18
40702 18
40703 18
40704 18
40705 1
40714 15
40716 20
40718 15
40720 7
40723 9
40725 11
40732 15
40734 12
40741 11
40747 11
40754 15
40756 11
40762 18
40763 3
40770 18
40771 18
40772 15
40774 11
40780 2
40791 19
40793 14
40798 16
40800 15
40802 12
40809 11
40815 13
40821 16
40823 20
40825 2
40834 2
40844 12
40851 6
40859 6
40865 12
40873 12
40879 3
40886 7
40888 10
40889 9
40890 17
40892 11
40899 2
40908 11
40915 5
40922 12
40929 11
40936 12
40943 20
40945 18
40946 18
40947 4
40953 2
40963 15
40965 13
40970 6
40977 16
40979 7
40981 8
40983 11
40990 18
40991 6
40999 17
41001 16
41003 16
41005 7
41008 5
41014 11
41021 12
41029 12
41036 3
41042 7
41045 12
41052 6
41059 15
41061 9
41063 18
41064 7
41067 12
41074 21
41078 2
41088 15
41090 11
41097 11
41104 16
41106 4
41112 5
41118 18
41119 18
41120 12
41126 9
41127 3
41134 12
41140 8
41143 20
41145 1
41155 21
41159 6
41166 12
41174 6
41182 11
41189 14
41195 3
41201 16
41203 13
41208 20
41210 7
41213 20
41215 10
41217 18
41218 19
41220 15
41222 19
41224 14
41230 17
41232 9
41234 11
41241 2
41251 11
41258 21
41262 20
41264 21
41268 12
41275 21
41279 18
41280 14
41287 11
41294 12
41301 4
41308 3
41314 21
41318 14
41323 20
41325 17
41327 11
41334 2
41343 5
41350 2
41360 15
41362 5
41369 5
41376 19
41378 14
41384 17
41386 5
41392 18
41393 2
41402 6
41409 4
41415 5
41421 3
41428 8
41431 11
41437 8
41440 5
41447 18
41448 6
41455 15
41457 11
41463 11
41470 7
41472 18
41473 10
41475 4
41483 5
41490 21
41494 12
41501 16
41503 9
41505 8
41508 19
41510 12
41517 11
41524 12
41531 11
41537 1
41547 5
41554 3
41560 20
41562 6
41569 5
41576 16
41578 11
41585 11
41591 11
41598 15
41600 16
41602 20
41604 21
41608 21
41612 11
41619 8
41621 17
41623 11
41630 17
41632 9
41633 12
41640 12
41648 9
41649 18
41650 11
41656 11
41663 2
41672 1
41681 3
41688 12
41695 10
41697 18
41698 9
41700 6
41707 4
41715 18
41716 6
41723 5
41729 2
41739 12
41747 18
41748 9
41749 8
41751 11
41758 16
41760 11
41766 4
41773 16
41775 5
41782 16
41784 21
41788 12
41794 20
41796 9
41798 17
41800 11
41807 6
41814 17
41816 17
41818 8
41822 5
41829 11
41835 8
41838 14
41843 6
41850 5
41856 16
41858 10
41860 2
41870 11
41877 5
41884 19
41886 7
41889 19
41891 19
41893 6
41900 20
41902 19
41904 4
41911 14
41918 6
41925 8
41928 4
41935 18
41936 5
41942 21
41946 11
41952 16
41954 17
41956 21
41960 1
41969 5
41976 12
41982 17
41984 19
41986 13
41992 15
41994 14
42000 1
42010 21
42014 11
42020 2
42031 20
42033 11
42039 14
42045 7
42047 2
42057 15
42059 5
42066 11
42072 20
42074 11
42080 4
42088 11
42095 4
42102 15
42104 4
42110 15
42112 11
42118 20
42120 5
42126 13
42132 9
42134 11
42141 4
42149 21
42153 1
42163 21
42167 11
42173 21
42177 21
42181 17
42183 15
42185 18
42186 4
42193 11
42199 19
42201 21
42205 11
42211 11
42218 15
42220 1
42229 12
42237 21
42241 15
42243 5
42249 3
42255 14
42261 6
42268 8
42270 3
42276 13
42282 12
42288 15
42290 1
42299 10
42301 20
42303 2
42312 10
42314 17
42316 11
42323 17
42325 20
42327 1
42337 6
42345 11
42352 3
42359 10
42360 11
42366 15
42368 16
42370 8
42374 11
42380 10
42381 9
42383 7
42386 16
42388 11
42394 11
42401 5
42408 18
42409 21
42413 3
42419 1
42428 8
42430 8
42432 21
42436 4
42443 2
42454 2
42463 7
42465 9
42466 12
42472 15
42474 9
42475 18
42476 7
42479 3
42485 1
42495 3
42501 1
42511 18
42512 5
42518 2
42527 8
42531 4
42539 12
42547 12
42554 12
42561 11
42567 11
42573 3
42579 5
42585 10
42587 20
42589 19
42591 15
42593 4
42600 11
42606 19
42608 19
42610 11
42617 2
42626 11
42633 12
42640 15
42642 11
42648 7
42650 13
42656 18
42657 20
42659 7
42662 1
42672 18
42673 8
42677 10
42680 10
42682 5
42688 20
42690 3
42697 15
42699 5
42705 6
42712 12
42718 9
42720 14
42725 4
42732 11
42738 6
42745 20
42747 10
42748 7
42751 21
42755 18
42756 8
42759 10
42760 18
42761 11
42768 8
42770 2
42779 15
42781 12
42788 12
42796 3
42803 15
42805 17
42807 1
42816 12
42823 3
42829 14
42835 14
42842 4
42849 9
42851 11
42857 14
42863 18
42864 1
42874 12
42881 11
42888 11
42894 20
42896 7
42899 13
42904 7
42907 13
42913 15
42915 18
42916 18
42917 19
42919 17
42921 11
42928 7
42930 1
42939 21
42943 6
42950 6
42957 2
42966 17
42968 2
42979 7
42982 4
42990 5
42997 19
42999 13
43005 8
43008 4
43016 10
43018 20
43020 7
43023 8
43025 20
43027 16
43029 15
43031 9
43033 12
43039 11
43045 11
43052 6
43059 12
43065 11
43072 9
43074 21
43078 12
43086 20
43088 17
43090 9
43092 10
43095 9
43097 10
43098 21
43102 20
43104 20
43106 12
43113 9
43114 3
43120 11
43127 18
43128 19
43130 10
43131 3
43137 8
43139 3
43145 21
43149 3
43156 12
43162 13
43167 13
43172 18
43173 4
43179 13
43185 1
43195 13
43201 11
43207 4
43213 13
43218 21
43222 4
43228 11
43234 14
43241 16
43243 7
43245 10
43246 18
43247 15
43249 3
43255 8
43258 11
43264 21
43268 15
43270 16
43272 5
43278 12
43285 7
43287 13
43293 21
43297 1
43307 13
43313 10
43316 21
43320 2
43329 13
43334 11
43340 19
43342 7
43345 6
43351 3
43358 11
43364 9
43366 19
43368 19
43370 18
43371 9
43373 9
43375 5
43382 20
43384 5
43390 12
43397 14
43403 8
43406 12
43412 11
43418 2
43427 15
43429 1
43439 11
43446 12
43453 6
43461 12
43469 16
43471 16
43473 7
43476 16
43478 18
43479 6
43487 12
43495 12
43501 5
43507 9
43508 2
43518 17
43520 15
43522 1
43532 11
43539 10
43541 18
43542 5
43549 17
43551 11
43558 12
43564 20
43566 7
43569 14
43575 13
43581 11
43587 15
43589 11
43596 6
43604 18
43605 8
43607 12
43614 18
43615 13
43620 19
43622 4
43630 7
43632 17
43634 1
43644 12
43651 15
43653 12
43661 17
43663 6
43669 9
43670 17
43672 4
43678 2
43687 11
43693 6
43700 19
43702 16
43704 14
43710 1
43719 11
43726 20
43728 11
43735 6
43741 19
43743 3
43750 12
43756 6
43763 12
43771 19
43773 20
43775 4
43783 13
43789 12
43796 2
43805 11
43812 11
43819 10
43821 9
43822 4
43830 17
43832 12
43839 15
43841 9
43842 4
43849 11
43856 11
43862 14
43869 14
43876 19
43878 12
43886 7
43889 9
43890 6
43897 14
43902 18
43903 11
43910 12
43917 8
43920 18
43921 11
43927 14
43933 9
43935 9
43937 9
43938 13
43944 6
43951 5
43958 14
43964 15
43966 9
43968 11
43975 17
43977 4
43983 16
43985 20
43987 14
43994 16
43996 12
44004 9
44006 10
44009 2
44018 12
44025 16
44027 11
44033 18
44034 9
44036 8
44040 20
44042 11
44048 8
44051 4
44058 11
44065 14
44071 3
44077 7
44080 6
44087 1
44096 21
44100 7
44102 12
44109 11
44116 3
44123 11
44130 4
44137 13
44143 11
44149 11
44155 18
44156 18
44157 21
44161 8
44163 14
44169 14
44176 12
44183 7
44185 6
44193 15
44195 4
44201 4
44209 18
44210 19
44212 17
44214 4
44222 12
44229 8
44233 16
44235 16
44237 8
44240 17
44242 6
44250 18
44251 5
44257 3
44264 17
44266 14
44272 11
44278 16
44280 12
44287 11
44294 12
44302 11
44309 14
44315 10
44317 21
44321 11
44328 9
44329 20
44331 6
44339 16
44341 16
44343 15
44345 18
44346 19
44348 5
44354 19
44356 21
44360 7
44362 16
44364 18
44365 18
44366 15
44368 12
44376 19
44378 2
44389 10
44391 20
44393 11
44400 3
44407 14
44414 18
44415 11
44422 19
44424 3
44431 11
44437 4
44444 15
44446 14
44453 4
44460 19
44462 12
44468 4
44475 15
44477 17
44479 14
44485 21
44489 7
44491 11
44497 17
44499 16
44501 13
44507 3
44513 21
44517 16
44519 7
44522 10
44525 4
44533 9
44535 5
44541 12
44549 9
44551 4
44558 20
44560 15
44562 7
44565 4
44571 12
44579 8
44582 14
44588 12
44595 11
44601 7
44603 4
44609 10
44610 5
44616 12
44622 12
44628 20
44630 6
44637 12
44645 17
44647 12
44654 5
44660 14
44666 12
44674 1
44683 10
44685 1
44694 5
44700 2
44710 17
44712 5
44719 7
44721 11
44727 21
44731 18
44732 15
44734 11
44741 3
44747 12
44753 1
44763 19
44765 15
44767 11
44773 11
44780 15
44782 11
44789 11
44795 8
44798 1
44807 18
44808 2
44818 3
44824 16
44826 8
44829 16
44831 1
44841 2
44852 3
44859 3
44865 6
44873 11
44880 8
44883 9
44884 12
44891 17
44893 11
44899 7
44901 2
44912 11
44918 19
44920 4
44926 21
44930 10
44931 18
44932 4
44940 20
44942 18
44943 11
44950 3
44956 4
44963 2
44973 15
44975 20
44977 15
44979 6
44986 11
44992 9
44993 1
45002 16
45004 12
45010 11
45017 15
45019 17
45021 18
45022 15
45024 4
45032 18
45033 11
45040 11
45047 18
45048 20
45050 11
45056 4
45062 11
45069 17
45071 15
45073 3
45080 11
45086 11
45092 12
45098 18
45099 11
45105 20
45107 20
45109 10
45110 6
45117 4
45124 11
45131 1
45140 6
45147 20
45149 18
45150 17
45152 11
45159 3
45165 1
45175 9
45176 13
45182 3
45189 15
45191 7
45193 2
45204 11
45211 11
45217 16
45219 4
45227 15
45229 12
45236 2
45246 7
45249 4
45255 4
45262 12
45270 15
45272 2
45281 21
45285 11
45291 6
45299 6
45306 13
45312 16
45314 7
45317 3
45324 4
45331 12
45338 21
45342 12
45349 6
45356 4
45362 15
45364 2
45375 18
45376 10
45378 2
45388 15
45390 20
45392 7
45395 7
45397 12
45404 18
45405 15
45407 11
45413 12
45420 20
45422 4
45428 14
45435 18
45436 12
45443 11
45449 19
45451 16
45453 10
45455 4
45463 9
45465 3
45472 5
45478 16
45480 7
45482 11
45489 17
45491 17
45493 11
45499 13
45504 16
45506 14
45511 2
45521 5
45527 11
45533 5
45539 12
45545 10
45547 19
45549 11
45556 5
45563 6
45569 1
45578 15
45580 17
45582 21
45586 2
45597 12
45605 4
45612 9
45614 6
45621 3
45627 16
45629 11
45636 12
45644 15
45646 13
45651 11
45657 1
45667 6
45675 11
45681 20
45683 7
45685 12
45691 11
45697 10
45698 1
45708 19
45710 2
45719 21
45723 17
45725 17
45727 4
45733 16
45735 13
45741 19
45743 21
45747 11
45753 19
45755 8
45757 19
45759 16
45761 11
45767 19
45769 8
45772 11
45779 12
45787 21
45791 11
45797 14
45803 16
45805 12
45812 6
45820 20
45822 2
45832 21
45836 8
45840 8
45842 3
45849 7
45852 11
45859 9
45860 18
45861 10
45863 2
45873 21
45877 16
45879 3
45886 9
45888 16
45890 12
45897 15
45899 8
45901 4
45907 19
45909 17
45911 13
45917 21
45921 8
45924 18
45925 12
45932 8
45936 13
45941 3
45947 6
45953 15
45955 16
45957 17
45959 15
45961 21
45965 9
45966 12
45972 2
45983 6
45989 3
45995 11
46002 9
46004 11
46011 7
46013 18
46014 19
46016 2
46026 11
46032 3
46038 18
46039 11
46046 18
46047 6
46055 12
46061 20
46063 4
46071 20
46073 15
46075 11
46081 3
46088 2
46097 11
46104 4
46111 14
46117 12
46124 13
46130 12
46137 7
46140 18
46141 10
46144 16
46146 15
46148 4
46155 12
46162 13
46167 19
46169 1
46179 20
46181 18
46182 13
46188 5
46195 9
46197 11
46203 9
46205 1
46215 9
46216 12
46224 13
46229 7
46231 21
46235 14
46241 11
46247 16
46249 20
46251 15
46253 3
46260 18
46261 18
46262 17
46264 8
46268 11
46275 1
46285 10
46287 16
46289 10
46292 18
46293 6
46301 13
46306 12
46312 2
46323 11
46330 14
46335 8
46338 11
46345 2
46354 12
46361 20
46363 14
46368 9
46369 9
46370 11
46377 5
46384 17
46386 12
46393 15
46395 17
46397 3
46404 7
46407 3
46414 6
46422 9
46424 13
46430 19
46432 6
46439 12
46446 18
46447 18
46448 9
46450 17
46452 6
46460 11
46467 2
46478 13
46484 11
46491 8
46495 21
46499 21
46503 13
46509 11
46516 11
46523 13
46529 14
46535 11
46542 4
46549 4
46557 12
46565 7
46567 6
46574 3
46581 11
46587 19
46589 14
46594 5
46601 8
46603 12
46610 21
46614 18
46615 19
46617 16
46619 6
46627 16
46629 9
46631 5
46637 10
46639 18
46640 17
46642 9
46644 12
46652 12
46659 11
46666 4
46674 16
46676 11
46683 11
46690 6
46697 18
46698 19
46700 12
46707 11
46714 17
46716 17
46718 21
46722 9
46723 13
46728 9
46730 11
46736 11
46742 2
46751 11
46757 1
46766 3
46773 2
46782 11
46789 4
46797 4
46804 13
46809 19
46811 11
46817 17
46819 7
46821 15
46823 18
46824 9
46825 15
46827 7
46829 14
46835 14
46842 12
46848 4
