10000
1 13
6 5
10 21
14 18
15 12
21 19
23 11
29 8
31 7
33 9
34 20
36 4
44 12
50 18
51 21
55 5
60 16
62 9
64 20
65 14
71 20
73 1
83 6
87 12
93 10
96 11
100 21
104 10
105 14
112 11
119 14
126 11
133 12
139 11
145 18
146 18
147 11
153 13
158 11
162 19
163 10
164 13
170 4
178 14
183 11
187 19
188 11
195 11
202 16
204 20
206 17
208 4
214 9
215 9
216 5
223 13
227 3
233 12
239 16
241 10
244 12
252 2
259 12
265 12
271 18
272 1
279 9
281 5
286 8
290 8
294 9
295 19
296 9
297 16
299 5
305 19
306 8
310 21
314 11
318 12
326 18
327 11
332 12
338 4
344 11
350 12
356 21
360 6
368 13
373 20
374 18
375 13
379 16
381 9
382 12
388 3
395 20
396 3
402 6
410 21
414 10
417 14
421 12
427 11
434 19
436 19
437 8
441 12
447 21
451 20
453 15
455 12
461 16
463 12
469 17
471 9
472 16
474 15
476 13
480 18
481 21
485 15
487 11
494 12
498 20
500 2
509 8
513 16
515 16
517 7
520 6
526 20
527 18
528 11
532 9
533 12
537 9
539 3
546 1
553 20
554 4
558 8
562 12
566 7
568 10
569 20
570 3
574 11
580 13
584 13
589 12
595 15
597 11
604 12
610 15
612 12
618 9
619 21
623 19
624 20
625 8
629 12
635 9
637 7
640 11
646 12
652 17
654 15
656 7
658 14
663 11
667 18
668 5
672 1
681 11
688 5
694 5
701 21
705 3
709 4
715 11
719 18
720 21
724 12
730 8
732 7
735 19
737 9
739 2
750 11
757 7
760 21
764 5
768 9
769 21
773 10
776 17
778 3
783 13
788 14
795 8
797 13
803 19
804 9
806 10
809 2
818 3
822 5
827 10
828 8
830 3
836 12
842 11
846 1
856 7
858 10
859 11
866 4
872 6
878 9
879 18
880 16
882 16
884 5
888 9
890 13
894 6
902 13
908 18
909 18
910 8
912 11
918 9
919 18
920 11
927 18
928 14
934 19
936 11
940 21
944 11
951 9
953 18
954 20
955 11
961 8
963 2
970 12
974 12
980 11
986 13
990 1
997 8
1001 18
1002 1
1012 21
1016 3
1023 10
1026 8
1030 3
1036 3
1042 21
1046 14
1053 21
1057 6
1061 19
1062 21
1066 21
1070 11
1077 11
1082 11
1088 12
1094 16
1096 9
1097 14
1103 12
1111 11
1117 3
1124 3
1130 11
1137 15
1139 10
1140 19
1141 9
1142 18
1143 10
1144 3
1148 19
1150 7
1152 16
1154 14
1160 12
1166 13
1172 2
1181 17
1183 10
1186 19
1188 18
1189 15
1191 8
1195 18
1196 11
1200 21
1204 18
1205 13
1210 3
1216 18
1217 14
1224 12
1228 17
1230 4
1236 21
1240 11
1244 5
1250 6
1256 16
1258 5
1265 15
1267 3
1273 6
1281 12
1285 11
1289 18
1290 21
1294 8
1298 9
1300 2
1309 6
1315 1
1325 11
1330 11
1337 20
1338 4
1342 20
1343 10
1346 21
1350 7
1352 21
1356 7
1359 19
1360 14
1366 15
1368 9
1369 13
1374 12
1380 3
1386 4
1392 3
1397 15
1399 2
1408 19
1409 8
1411 21
1415 11
1420 5
1427 9
1429 15
1431 7
1434 12
1438 9
1440 4
1446 19
1447 4
1451 11
1456 12
1462 13
1467 17
1469 12
1477 18
1478 11
1485 7
1488 18
1489 16
1491 11
1496 7
1498 9
1499 13
1503 2
1512 8
1514 19
1516 3
1520 18
1521 10
1524 21
1528 4
1536 15
1538 14
1544 4
1552 12
1560 1
1568 6
1576 15
1578 1
1585 20
1586 3
1593 15
1595 2
1604 6
1612 18
1613 18
1614 20
1616 21
1620 11
1625 16
1627 18
1628 5
1633 3
1638 1
1646 17
1648 11
1654 17
1656 18
1657 2
1666 8
1670 15
1672 15
1674 3
1678 6
1684 6
1690 11
1697 7
1700 3
1706 10
1707 14
1714 11
1721 2
1728 7
1730 2
1741 19
1742 2
1751 8
1753 9
1754 18
1755 12
1761 7
1763 8
1765 11
1772 4
1776 20
1777 16
1779 12
1783 13
1788 19
1789 6
1795 16
1797 18
1798 6
1802 17
1804 12
1812 17
1814 12
1818 11
1822 10
1823 10
1824 11
1830 10
1831 11
1836 18
1837 18
1838 18
1839 20
1841 11
1846 15
1848 5
1852 12
1858 5
1865 9
1867 6
1873 3
1880 17
1882 18
1883 16
1885 17
1887 16
1889 4
1895 4
1901 17
1903 12
1907 1
1916 2
1923 10
1924 10
1925 12
1933 2
1942 16
1944 5
1949 11
1956 13
1960 10
1963 7
1965 12
1969 15
1971 7
1973 8
1977 3
1981 12
1985 2
1992 3
1999 14
2003 9
2004 7
2006 12
2012 21
2016 1
2024 12
2028 2
2037 8
2039 12
2045 9
2046 10
2047 11
2053 13
2057 12
2063 1
2072 20
2074 11
2080 2
2089 3
2094 21
2098 8
2102 13
2106 6
2110 8
2112 14
2117 1
2127 5
2131 14
2136 6
2144 16
2146 11
2151 17
2153 3
2158 15
2160 11
2166 11
2172 8
2174 17
2176 20
2178 15
2180 15
2182 1
2190 2
2199 12
2207 1
2214 21
2218 11
2224 6
2230 11
2234 11
2240 12
2246 11
2250 11
2257 10
2260 11
2267 11
2274 19
2276 21
2280 15
2282 8
2286 18
2287 18
2288 19
2290 16
2292 12
2296 10
2299 19
2300 19
2302 19
2303 11
2310 12
2318 5
2323 4
2331 13
2337 4
2345 14
2352 12
2360 18
2361 9
2363 12
2369 11
2376 2
2387 18
2388 7
2391 18
2392 16
2394 11
2399 10
2402 3
2408 3
2413 11
2420 15
2422 11
2428 12
2432 5
2436 9
2438 3
2443 21
2447 3
2452 13
2457 20
2458 9
2459 2
2468 9
2470 4
2476 9
2477 1
2485 3
2489 21
2493 18
2494 11
2498 10
2501 5
2508 11
2513 16
2515 12
2521 13
2526 7
2528 5
2532 18
2533 9
2534 3
2539 10
2540 15
2542 5
2549 11
2553 15
2555 17
2557 11
2563 12
2569 18
2570 21
2574 20
2575 2
2586 5
2592 6
2598 10
2599 14
2604 11
2610 5
2615 6
2621 9
2623 12
2631 5
2638 2
2647 11
2653 5
2660 18
2661 9
2662 15
2664 13
2669 21
2673 8
2675 9
2676 19
2677 5
2684 7
2686 12
2692 5
2696 11
2700 8
2704 15
2706 5
2713 10
2714 12
2720 7
2723 1
2730 15
2732 2
2741 9
2742 11
2747 18
2748 12
2754 17
2756 21
2760 4
2766 20
2767 11
2773 15
2775 15
2777 12
2781 12
2787 9
2789 19
2790 12
2796 14
2801 10
2802 3
2807 11
2811 21
2815 17
2817 12
2823 1
2833 7
2836 7
2838 12
2844 8
2848 5
2852 16
2854 1
2864 3
2868 13
2874 2
2881 10
2882 7
2884 11
2890 8
2894 11
2901 11
2907 7
2910 2
2919 18
2920 9
2921 1
2931 8
2933 20
2935 5
2941 12
2947 7
2949 3
2955 4
2963 12
2969 10
2972 4
2978 2
2987 12
2995 19
2997 15
2999 7
3001 11
3005 11
3009 14
3014 10
3017 11
3022 9
3024 4
3030 20
3031 10
3032 16
3034 4
3040 3
3046 12
3050 11
3057 15
3059 11
3063 12
3067 11
3071 11
3075 2
3082 18
3083 1
3093 17
3095 1
3104 3
3108 10
3109 8
3111 11
3115 21
3119 6
3125 19
3126 7
3129 7
3131 19
3133 5
3140 18
3141 6
3145 8
3147 17
3149 20
3151 4
3157 8
3161 6
3165 11
3172 2
3181 12
3187 18
3188 21
3192 7
3194 4
3200 18
3201 20
3203 7
3206 2
3217 14
3222 4
3226 16
3228 5
3234 20
3235 18
3236 7
3239 1
3248 12
3252 12
3260 9
3261 18
3262 18
3263 8
3267 10
3270 17
3272 7
3275 15
3277 12
3281 18
3282 21
3286 18
3287 14
3293 7
3295 18
3296 21
3300 7
3302 15
3304 13
3310 3
3314 13
3320 9
3322 12
3330 14
3335 5
3340 10
3341 2
3350 16
3352 11
3357 13
3363 20
3364 11
3371 18
3372 11
3378 9
3380 11
3384 11
3388 4
3394 4
3398 3
3402 4
3410 3
3415 11
3419 15
3421 6
3425 5
3432 7
3435 7
3437 12
3443 15
3445 16
3447 12
3453 20
3454 10
3457 11
3461 21
3465 20
3467 13
3471 11
3476 11
3483 17
3485 11
3491 7
3494 12
3498 12
3504 11
3509 11
3513 7
3515 21
3519 6
3525 20
3527 13
3532 1
3541 20
3542 1
3550 18
3551 11
3557 1
3566 9
3568 9
3569 9
3570 17
3572 17
3574 17
3576 18
3577 6
3581 16
3583 1
3592 2
3599 3
3604 19
3605 2
3614 12
3618 11
3625 12
3631 5
3636 16
3638 3
3645 7
3647 12
3653 13
3657 16
3659 14
3666 2
3675 6
3681 6
3687 2
3696 7
3699 12
3705 18
3706 7
3709 13
3713 11
3717 15
3719 16
3721 11
3726 13
3731 5
3736 13
3740 5
3746 12
3754 18
3755 9
3756 11
3762 11
3768 4
3774 9
3775 12
3781 4
3789 1
3798 14
3804 19
3806 2
3815 11
3822 20
3824 21
3828 4
3832 3
3836 9
3838 11
3844 9
3846 19
3848 9
3850 11
3857 21
3861 7
3864 13
3868 16
3870 12
3878 3
3885 16
3887 18
3888 7
3891 1
3899 14
3904 11
3911 20
3912 17
3914 11
3918 11
3923 11
3929 17
3931 18
3932 6
3936 6
3942 12
3948 21
3952 12
3958 14
3962 7
3964 1
3973 18
3974 4
3980 11
3984 8
3986 21
3990 17
3992 14
3996 19
3998 2
4007 17
4009 3
4015 2
4026 12
4030 8
4032 12
4040 15
4042 11
4047 19
4049 7
4051 18
4052 12
4058 12
4064 20
4065 1
4074 13
4079 20
4081 11
4088 21
4092 12
4100 10
4103 11
4110 1
4117 18
4118 18
4119 18
4120 12
4124 2
4133 11
4137 20
4138 2
4147 13
4152 10
4155 16
4157 15
4159 17
4161 16
4163 11
4169 8
4173 20
4174 7
4177 7
4179 8
4183 2
4192 3
4197 19
4198 11
4204 19
4206 17
4208 21
4212 9
4213 8
4215 8
4219 17
4221 15
4223 15
4225 17
4227 10
4230 17
4232 11
4236 12
4240 12
4248 12
4254 12
4262 11
4269 15
4271 18
4272 2
4279 2
4288 12
4294 5
4300 16
4302 18
4303 17
4305 17
4307 11
4312 19
4314 15
4316 1
4323 14
4330 9
4331 2
4340 12
4348 4
4354 11
4361 12
4369 2
4378 19
4380 2
4389 8
4393 11
4400 12
4404 6
4410 15
4412 12
4416 15
4418 12
4424 18
4425 9
4426 4
4432 8
4434 18
4435 12
4441 21
4445 8
4447 10
4450 21
4454 18
4455 15
4457 2
4466 11
4471 17
4473 16
4475 13
4481 2
4490 21
4494 6
4502 6
4508 10
4511 6
4517 12
4525 3
4530 13
4536 11
4543 21
4547 11
4554 3
4560 14
4566 8
4570 21
4574 11
4581 13
4585 2
4594 15
4596 13
4600 14
4606 5
4613 7
4616 16
4618 18
4619 20
4620 19
4622 1
4632 11
4638 6
4644 5
4649 21
4653 12
4657 11
4662 2
4671 11
4675 19
4676 8
4680 11
4687 15
4689 7
4692 17
4694 5
4699 17
4701 14
4707 6
4715 17
4717 21
4721 9
4722 6
4726 8
4730 18
4731 16
4733 20
4735 6
4739 17
4741 21
4745 9
4746 14
4753 20
4755 4
4761 14
4768 7
4770 21
4774 18
4775 1
4784 21
4788 19
4790 10
4793 9
4794 11
4800 21
4804 9
4806 4
4814 19
4816 12
4822 11
4829 20
4831 14
4837 18
4838 9
4839 11
4845 5
4851 8
4855 14
4862 17
4864 8
4866 11
4871 11
4878 18
4879 11
4885 12
4891 6
4897 18
4898 21
4902 18
4903 11
4909 21
4913 17
4915 16
4917 11
4922 12
4928 5
4934 8
4938 3
4944 2
4953 8
4955 14
4960 12
4966 20
4968 14
4973 12
4977 2
4988 7
4991 11
4998 12
5004 12
5010 17
5012 6
5016 8
5020 19
5021 12
5027 12
5035 13
5040 21
5044 16
5046 7
5049 18
5050 13
5054 11
5061 8
5063 18
5064 16
5066 8
5068 12
5076 7
5079 7
5081 11
5087 19
5088 12
5094 20
5095 20
5097 2
5104 11
5111 7
5113 1
5123 5
5127 10
5130 3
5134 12
5140 12
5144 19
5145 7
5148 5
5153 15
5155 11
5161 20
5163 11
5170 13
5175 14
5181 21
5185 20
5186 13
5191 3
5195 20
5197 12
5203 6
5211 11
5218 15
5220 11
5225 11
5232 12
5240 20
5241 11
5245 18
5246 11
5250 14
5257 11
5262 12
5270 12
5274 15
5276 10
5277 18
5278 11
5284 4
5290 15
5292 18
5293 12
5297 12
5305 21
5309 9
5310 1
5318 6
5324 14
5331 11
5338 1
5347 20
5348 20
5349 4
5355 10
5356 7
5359 17
5361 11
5366 10
5369 18
5370 18
5371 11
5376 11
5380 12
5384 21
5388 15
5390 20
5392 18
5393 9
5395 21
5399 14
5403 3
5410 17
5412 2
5419 9
5420 5
5424 18
5425 20
5427 3
5431 11
5438 17
5440 12
5444 11
5450 12
5456 17
5458 1
5468 15
5470 1
5477 5
5482 13
5487 1
5497 12
5503 15
5505 7
5507 18
5508 15
5510 14
5514 14
5518 14
5525 4
5533 9
5535 12
5543 21
5547 12
5553 13
5559 11
5566 12
5572 8
5574 5
5579 18
5580 13
5584 12
5592 6
5598 9
5599 4
5603 5
5610 2
5619 20
5620 12
5626 14
5631 18
5632 11
5637 12
5643 12
5649 20
5651 10
5654 15
5656 1
5665 20
5666 3
5671 11
5675 6
5679 15
5681 11
5688 6
5696 17
5698 15
5700 8
5704 7
5706 12
5712 19
5714 15
5716 20
5717 21
5721 7
5724 20
5725 12
5729 17
5731 13
5736 21
5740 8
5742 18
5743 10
5744 10
5747 11
5751 15
5753 17
5755 12
5759 18
5760 10
5763 9
5764 2
5773 16
5775 20
5776 16
5778 20
5779 18
5780 12
5786 9
5788 18
5789 11
5795 5
5800 11
5805 15
5807 11
5812 19
5814 18
5815 4
5819 12
5825 14
5832 18
5833 3
5838 15
5840 21
5844 11
5850 9
5852 12
5858 12
5864 8
5868 20
5869 17
5871 16
5873 21
5877 7
5880 12
5884 18
5885 11
5891 18
5892 9
5894 21
5898 7
5901 12
5905 2
5914 8
5918 6
5926 5
5930 18
5931 9
5932 1
5941 3
5946 11
5951 4
5959 11
5966 15
5968 9
5970 2
5981 9
5982 20
5984 1
5994 16
5996 16
5998 20
5999 9
6001 16
6003 2
6014 14
6018 15
6020 11
6026 16
6028 8
6030 16
6032 16
6034 20
6035 21
6039 8
6043 15
6045 4
6049 4
6057 20
6058 15
6060 20
6061 11
6066 13
6072 14
6078 7
6081 4
6089 21
6093 2
6104 19
6106 16
6108 20
6110 13
6115 7
6117 15
6119 6
6125 12
6129 16
6131 7
6134 17
6136 20
6138 20
6139 4
6143 5
6149 17
6151 1
6160 2
6169 3
6175 17
6177 15
6179 15
6181 11
6186 10
6189 16
6191 11
6197 21
6201 17
6203 19
6205 21
6209 20
6211 4
6219 5
6224 11
6228 6
6234 3
6239 4
6245 9
6246 14
6250 3
6256 8
6260 19
6261 12
6267 21
6271 5
6278 19
6280 12
6288 5
6295 21
6299 13
6305 2
6314 19
6315 2
6322 3
6327 15
6329 10
6330 15
6332 16
6334 14
6340 14
6347 18
6348 14
6355 3
6361 18
6362 1
6369 20
6371 16
6373 11
6380 3
6387 16
6389 13
6394 2
6401 14
6407 12
6413 2
6420 15
6422 4
6428 12
6436 3
6440 2
6449 7
6452 18
6453 11
6457 12
6463 21
6467 4
6471 15
6473 14
6478 2
6487 11
6492 4
6498 18
6499 8
6503 16
6505 4
6511 11
6518 20
6520 3
6525 12
6531 14
6537 9
6539 15
6541 1
6548 18
6549 20
6551 5
6556 18
6557 13
6562 21
6566 3
6570 7
6572 13
6577 15
6579 20
6581 4
6587 20
6588 18
6589 18
6590 4
6596 10
6599 11
6604 11
6610 1
6619 14
6626 11
6631 7
6633 20
6635 11
6641 13
6646 13
6650 12
6654 8
6658 6
6664 6
6672 21
6676 4
6682 12
6688 15
6690 3
6695 1
6702 6
6706 9
6708 16
6710 20
6712 14
6717 5
6722 18
6723 4
6731 17
6733 6
6739 4
6743 11
6750 11
6754 11
6759 4
6765 2
6774 19
6776 6
6782 14
6788 7
6791 16
6793 10
6794 8
6798 3
6805 15
6807 19
6808 8
6810 20
6812 21
6816 12
6822 12
6828 19
6830 11
6836 19
6837 18
6838 8
6842 18
6843 20
6844 3
6850 4
6854 12
6858 3
6864 13
6870 15
6872 12
6878 6
6884 4
6888 18
6889 10
6890 19
6891 16
6893 20
6895 4
6901 11
6905 2
6914 11
6919 8
6921 18
6922 15
6924 2
6935 11
6941 21
6945 21
6949 5
6954 8
6958 11
6965 10
6968 15
6970 4
6974 7
6976 11
6980 6
6986 16
6988 13
6992 12
6996 4
7002 4
7008 4
7014 20
7016 11
7023 11
7027 4
7035 10
7038 12
7044 8
7048 16
7050 12
7056 19
7057 7
7059 14
7063 16
7065 10
7068 1
7075 11
7082 15
7084 3
7088 21
7092 6
7100 17
7102 12
7108 11
7114 18
7115 3
7122 6
7128 4
7132 16
7134 12
7142 18
7143 9
7145 20
7147 20
7149 8
7153 16
7155 12
7161 12
7167 16
7169 9
7170 11
7174 6
7180 15
7182 12
7188 12
7194 8
7196 11
7203 19
7205 14
7210 5
7214 5
7219 18
7220 11
7227 8
7229 11
7234 18
7235 12
7241 14
7246 9
7248 15
7250 10
7251 14
7257 3
7262 15
7264 1
7272 19
7273 11
7280 15
7282 4
7288 9
7289 13
7294 2
7303 6
7309 18
7310 8
7314 6
7318 17
7320 11
7326 13
7330 17
7332 6
7338 7
7340 2
7351 5
7357 19
7358 5
7365 5
7369 8
7373 14
7377 11
7383 7
7385 15
7387 21
7391 12
7397 2
7404 17
7406 15
7408 14
7414 11
7420 15
7422 1
7431 17
7433 8
7437 6
7443 8
7447 4
7451 11
7456 20
7457 6
7465 13
7469 19
7471 18
7472 11
7479 11
7486 14
7490 12
7496 4
7502 1
7511 16
7513 14
7517 10
7518 1
7526 1
7535 2
7542 6
7548 21
7552 3
7559 12
7563 9
7564 14
7568 14
7574 17
7576 7
7579 11
7585 11
7590 19
7592 17
7594 6
7600 21
7604 15
7606 11
7613 11
7619 20
7620 12
7626 9
7627 11
7632 12
7636 12
7640 6
7646 16
7648 3
7655 21
7659 3
7664 2
7673 9
7674 12
7682 16
7684 4
7692 20
7694 19
7696 12
7704 13
7708 17
7710 11
7716 19
7718 14
7725 20
7727 11
7734 19
7736 6
7744 14
7751 20
7752 17
7754 4
7760 2
7771 1
7778 10
7781 3
7787 18
7788 11
7792 15
7794 21
7798 7
7801 11
7806 17
7808 18
7809 4
7815 17
7817 20
7819 17
7821 10
7824 10
7827 18
7828 11
7832 12
7836 11
7840 11
7844 11
7848 12
7854 6
7858 15
7860 12
7864 15
7866 18
7867 10
7870 4
7878 3
7884 21
7888 5
7895 21
7899 19
7900 11
7906 16
7908 15
7910 15
7912 10
7913 16
7915 20
7916 10
7919 15
7921 10
7922 11
7928 2
7935 1
7942 12
7946 12
7952 20
7954 21
7958 17
7960 12
7968 11
7975 1
7984 14
7988 13
7993 14
8000 14
8005 5
8009 18
8010 11
8017 3
8023 10
8024 10
8027 11
8033 3
8040 15
8042 17
8044 4
8050 13
8055 8
8059 12
8063 16
8065 3
8069 21
8073 15
8075 8
8079 11
8085 14
8091 15
8093 11
8100 15
8102 5
8106 16
8108 19
8109 12
8115 12
8121 16
8123 20
8124 13
8129 19
8131 11
8138 8
8142 12
8148 5
8155 12
8159 15
8161 11
8166 5
8173 1
8183 15
8185 2
8194 16
8196 14
8203 7
8205 14
8212 4
8216 21
8220 18
8221 18
8222 6
8228 12
8236 10
8237 16
8239 6
8245 16
8247 5
8252 10
8255 16
8257 21
8261 19
8263 9
8265 8
8267 14
8271 1
8281 12
8287 8
8291 19
8292 18
8293 8
8297 11
8303 12
8311 20
8313 7
8316 14
8322 2
8331 6
8339 21
8343 8
8347 6
8353 13
8357 9
8359 19
8361 16
8363 5
8368 14
8374 17
8376 8
8378 3
8382 11
8387 5
8394 12
8400 8
8402 18
8403 16
8405 1
8412 11
8418 11
8424 17
8426 7
8429 3
8436 3
8440 11
8446 5
8453 11
8457 10
8458 18
8459 12
8465 11
8472 12
8478 1
8487 7
8489 12
8495 11
8499 12
8505 1
8512 12
8520 13
8525 9
8527 8
8529 6
8535 19
8537 12
8545 5
8552 1
8562 10
8565 4
8573 3
8578 2
8587 19
8588 7
8591 4
8597 9
8599 3
8603 20
8604 17
8606 15
8608 11
8612 15
8614 12
8620 21
8624 10
8625 8
8627 19
8628 11
8632 5
8639 11
8644 6
8648 12
8656 14
8661 1
8670 18
8671 3
8675 13
8679 7
8681 11
8687 11
8694 5
8700 3
8706 12
8710 3
8714 19
8716 1
8724 3
8730 21
8734 1
8741 15
8743 21
8747 4
8753 4
8759 6
8765 17
8767 11
8773 10
8776 8
8778 15
8780 10
8781 20
8782 11
8789 14
8793 11
8799 6
8805 3
8811 17
8813 4
8817 14
8821 12
8827 4
8831 11
8835 11
8840 10
8841 7
8844 8
8848 4
8852 20
8854 11
8858 20
8859 11
8864 16
8866 2
8875 11
8881 4
8887 6
8893 1
8902 12
8910 12
8916 10
8919 10
8922 20
8923 1
8932 12
8938 18
8939 16
8941 6
8945 17
8947 4
8955 10
8958 18
8959 11
8964 16
8966 13
8971 11
8978 12
8984 5
8988 12
8994 11
8998 18
8999 4
9005 19
9006 12
9014 18
9015 3
9019 18
9020 12
9026 3
9032 8
9036 13
9041 2
9050 18
9051 12
9057 11
9064 18
9065 20
9066 20
9068 2
9077 11
9083 4
9091 8
9093 11
9098 12
9104 12
9108 15
9110 11
9114 4
9120 10
9121 9
9122 11
9128 3
9135 11
9140 5
9147 11
9153 8
9155 8
9159 11
9164 9
9165 15
9167 18
9168 7
9171 1
9181 9
9183 17
9185 1
9192 18
9193 11
9198 12
9202 11
9209 9
9210 12
9216 6
9222 18
9223 8
9227 3
9232 7
9235 9
9237 19
9239 8
9241 11
9247 20
9248 11
9253 10
9254 18
9255 9
9257 14
9262 21
9266 13
9272 12
9276 8
9278 14
9284 19
9286 11
9293 19
9295 10
9296 10
9297 17
9299 20
9300 21
9304 8
9308 20
9309 11
9313 19
9314 16
9316 17
9318 3
9322 7
9324 5
9329 7
9331 11
9338 8
9342 18
9343 8
9347 5
9352 18
9353 18
9354 5
9360 12
9366 6
9370 12
9376 13
9382 21
9386 17
9388 11
9393 19
9395 11
9399 20
9401 2
9412 12
9420 11
9424 8
9426 19
9428 9
9430 7
9432 12
9438 13
9444 11
9448 15
9450 16
9452 14
9459 8
9461 8
9465 12
9471 4
9477 21
9481 3
9488 11
9492 13
9498 4
9506 11
9510 18
9511 14
9516 1
9523 16
9525 2
9532 13
9538 18
9539 2
9550 21
9554 21
9558 11
9563 21
9567 11
9573 13
9578 17
9580 10
9583 20
9584 12
9588 13
9593 12
9597 21
9601 21
9605 17
9607 10
9610 6
9614 19
9616 11
9620 13
9626 12
9632 11
9636 21
9640 10
9641 18
9642 12
9650 1
9659 12
9665 9
9667 21
9671 12
9675 12
9681 11
9687 12
9695 16
9697 2
9706 18
9707 13
9712 11
9719 11
9723 7
9725 11
9732 21
9736 13
9741 18
9742 2
9751 12
9755 10
9758 15
9760 17
9762 14
9767 13
9772 2
9781 2
9788 5
9794 12
9800 18
9801 6
9809 20
9811 11
9817 11
9821 17
9823 20
9824 8
9826 11
9832 12
9838 5
9844 6
9850 15
9852 11
9856 2
9867 13
9872 9
9873 11
9880 10
9883 20
9885 3
9892 4
9898 14
9903 9
9904 13
9908 11
9915 4
9921 11
9926 5
9931 18
9932 17
9934 11
9940 12
9944 4
9948 3
9952 2
9963 11
9970 7
9973 13
9978 5
9982 2
9991 2
10000 7
10003 12
10011 21
10015 9
10017 1
10026 9
10028 7
10031 19
10032 3
10039 3
10043 5
10049 1
10056 20
10057 12
10061 11
10068 1
10078 20
10079 5
10085 13
10090 15
10092 2
10103 12
10109 20
10110 7
10112 11
10116 12
10122 6
10128 14
10132 4
10136 7
10138 11
10142 11
10149 11
10154 16
10156 12
10160 21
10164 17
10166 13
10170 17
10172 20
10173 12
10179 18
10180 3
10187 6
10195 12
10201 3
10207 18
10208 4
10216 9
10218 2
10227 9
10228 1
10235 2
10246 1
10255 13
10260 1
10269 20
10270 1
10278 12
10282 11
10289 14
10293 9
10295 1
10305 14
10310 16
10312 19
10313 15
10315 15
10317 17
10319 14
10324 6
10332 4
10338 9
10339 11
10345 16
10347 21
10351 19
10352 1
10359 12
10363 19
10365 18
10366 12
10370 6
10376 3
10380 14
10387 15
10389 18
10390 17
10392 19
10393 15
10395 10
10396 16
10398 1
10407 12
10413 1
10423 5
10428 14
10433 9
10435 7
10437 7
10440 18
10441 16
10443 21
10447 2
10458 1
10465 18
10466 11
10472 20
10473 14
10480 21
10484 15
10486 19
10487 12
10493 15
10495 11
10499 4
10503 10
10504 20
10505 10
10506 18
10507 14
10513 16
10515 18
10516 6
10522 3
10526 1
10536 2
10547 15
10549 17
10551 10
10552 16
10554 15
10556 5
10561 11
10566 12
10572 12
10578 5
10582 15
10584 9
10586 11
10591 5
10598 19
10599 1
10609 8
10611 16
10613 15
10615 10
10616 17
10618 19
10620 11
10625 11
10630 2
10637 11
10642 18
10643 18
10644 12
10650 5
10654 15
10656 17
10658 9
10659 21
10663 1
10671 5
10676 6
10682 5
10688 21
10692 7
10695 9
10696 17
10698 18
10699 14
10706 18
10707 21
10711 11
10716 11
10723 12
10729 14
10736 14
10740 18
10741 9
10743 9
10744 14
10750 21
10754 18
10755 15
10757 2
10766 17
10768 2
10779 12
10785 3
10791 19
10793 8
10797 3
10803 12
10809 19
10811 11
10816 1
10826 4
10832 8
10836 18
10837 9
10839 5
10845 7
10847 15
10849 21
10853 6
10857 3
10862 9
10864 11
10868 19
10870 11
10876 18
10877 11
10882 5
10887 10
10890 18
10891 11
10897 1
10906 10
10907 1
10914 11
10921 11
10925 12
10933 9
10935 18
10936 2
10943 16
10945 2
10954 20
10956 17
10958 12
10966 3
10973 18
10974 17
10976 17
10978 12
10984 8
10986 4
10994 3
10999 16
11001 15
11003 21
11007 12
11013 6
11019 12
11025 3
11032 8
11034 10
11037 5
11041 7
11043 11
11049 21
11053 18
11054 12
11058 21
11062 14
11067 11
11073 11
11078 19
11080 1
11090 11
11095 7
11098 3
11103 18
11104 3
11110 11
11116 7
11118 5
11123 8
11125 12
11133 10
11136 8
11140 12
11146 16
11148 4
11152 3
11159 13
11165 19
11167 17
11169 15
11171 10
11174 17
11176 21
11180 7
11182 12
11188 16
11190 9
11192 6
11198 1
11208 9
11210 5
11216 9
11217 11
11224 12
11232 2
11243 14
11250 10
11253 18
11254 1
11262 21
11266 4
11274 11
11281 13
11286 14
11292 14
11298 12
11306 14
11311 11
11317 10
11318 15
11320 11
11327 11
11332 20
11333 13
11338 10
11339 9
11340 9
11342 20
11343 8
11347 17
11349 9
11350 13
11356 11
11361 2
11368 19
11370 17
11372 1
11382 12
11386 3
11393 20
11394 3
11398 16
11400 11
11406 19
11408 16
11410 19
11412 21
11416 7
11418 11
11423 18
11424 8
11426 11
11432 11
11437 20
11439 19
11441 20
11442 7
11444 5
11449 12
11453 6
11459 4
11465 2
11472 12
11476 21
11480 11
11485 16
11487 18
11488 15
11490 13
11495 17
11497 21
11501 2
11512 13
11517 11
11523 18
11524 1
11533 18
11534 9
11536 6
11540 9
11542 13
11546 16
11548 17
11550 1
11559 9
11560 6
11564 11
11571 17
11573 18
11574 18
11575 16
11577 18
11578 19
11580 12
11584 9
11586 18
11587 13
11591 5
11598 3
11603 5
11607 18
11608 9
11610 9
11611 12
11619 12
11623 18
11624 20
11625 16
11627 5
11631 12
11639 4
11647 16
11649 5
11654 12
11660 20
11661 10
11662 6
11670 18
11671 17
11673 11
11679 6
11683 9
11685 2
11692 12
11696 7
11698 18
11699 19
11701 2
11710 13
11714 5
11718 9
11720 15
11722 12
11728 19
11730 8
11732 5
11737 7
11740 12
11746 2
11757 10
11760 6
11766 20
11768 4
11774 17
11776 18
11777 15
11779 18
11780 1
11790 11
11796 21
11800 2
11809 11
11816 7
11819 15
11821 7
11824 12
11828 7
11830 18
11831 15
11833 11
11837 11
11843 17
11845 15
11847 11
11852 2
11863 1
11871 18
11872 20
11874 14
11881 18
11882 3
11886 8
11890 11
11895 21
11899 11
11904 8
11906 11
11910 10
11911 20
11912 13
11917 14
11922 7
11924 10
11927 12
11931 16
11933 6
11939 12
11943 10
11944 14
11950 11
11955 13
11960 6
11968 18
11969 5
11976 7
11979 19
11980 7
11982 5
11987 12
11991 18
11992 10
11995 1
12004 18
12005 3
12010 14
12014 11
12020 12
12024 9
12025 13
12031 8
12033 12
12037 12
12043 18
12044 11
12051 4
12059 20
12061 13
12065 10
12068 7
12070 13
12075 12
12083 4
12087 13
12092 12
12096 12
12102 5
12107 18
12108 12
12114 16
12116 13
12121 11
12127 11
12133 20
12134 18
12135 11
12140 11
12146 9
12147 12
12151 1
12158 17
12160 16
12162 9
12164 12
12170 8
12172 11
12177 18
12178 15
12180 10
12183 12
12189 21
12193 16
12195 11
12199 12
12205 5
12211 15
12213 13
12217 13
12222 21
12226 10
12227 17
12229 5
12233 16
12235 14
12241 2
12250 14
12255 11
12262 11
12269 2
12276 11
12283 4
12289 15
12291 20
12293 12
12299 4
12303 10
12304 15
12306 11
12313 14
12319 11
12326 12
12330 6
12336 10
12337 3
12344 14
12350 4
12356 12
12362 11
12369 14
12376 7
12378 7
12380 12
12388 13
12394 6
12398 6
12402 2
12413 12
12417 18
12418 6
12424 16
12426 17
12428 9
12429 16
12431 11
12438 12
12446 11
12450 14
12457 18
12458 15
12460 3
12464 10
12465 10
12468 11
12473 5
12478 4
12486 1
12493 3
12500 13
12504 7
12507 14
12513 11
12519 1
12529 16
12531 1
12538 12
12544 20
12546 15
12548 4
12552 3
12559 17
12561 3
12568 18
12569 17
12571 12
12577 11
12584 20
12585 11
12590 5
12596 11
12601 2
12608 18
12609 18
12610 17
12612 8
12616 11
12623 2
12632 1
12639 11
12644 7
12646 16
12648 7
12651 14
12657 8
12661 7
12664 12
12670 17
12672 15
12674 9
12675 12
12681 6
12687 11
12692 5
12699 11
12703 14
12708 12
12716 15
12718 12
12724 17
12726 17
12728 18
12729 11
12736 2
12743 9
12744 5
12749 1
12756 11
12762 13
12767 13
12773 9
12774 1
12781 13
12787 11
12792 14
12799 12
12803 2
12812 6
12820 11
12825 5
12829 4
12833 11
12840 6
12846 3
12853 2
12864 11
12870 4
12876 9
12877 7
12879 1
12889 14
12894 8
12898 15
12900 11
12907 21
12911 4
12917 17
12919 15
12921 20
12923 10
12926 10
12927 10
12928 6
12934 12
12940 10
12941 12
12947 17
12949 11
12953 10
12954 12
12962 11
12967 3
12972 15
12974 11
12979 16
12981 20
12983 11
12988 13
12994 10
12995 4
13003 12
13007 9
13009 12
13015 3
13022 11
13029 16
13031 19
13032 6
13038 7
13041 12
13045 19
13046 12
13054 6
13062 12
13070 13
13075 5
13082 8
13084 9
13085 18
13086 3
13092 18
13093 9
13095 12
13099 10
13100 6
13108 7
13110 18
13111 12
13117 6
13125 1
13134 4
13138 5
13143 7
13146 14
13150 12
13154 13
13158 17
13160 15
13162 12
13168 21
13172 20
13174 12
13182 13
13186 19
13187 1
13194 6
13200 12
13206 12
13212 12
13218 8
13222 4
13228 18
13229 13
13234 17
13236 15
13238 4
13242 18
13243 2
13250 18
13251 18
13252 1
13260 18
13261 11
13266 11
13270 15
13272 11
13278 8
13280 20
13281 5
13288 18
13289 6
13295 7
13298 11
13302 19
13304 15
13306 12
13312 5
13319 7
13322 11
13327 15
13329 11
13336 4
13340 8
13342 11
13348 2
13355 18
13356 11
13363 15
13365 9
13367 20
13368 21
13372 11
13378 20
13379 10
13382 4
13388 13
13393 2
13402 2
13409 6
13415 15
13417 15
13419 20
13421 11
13426 8
13428 18
13429 16
13431 11
13436 12
13440 21
13444 16
13446 11
13450 21
13454 13
13458 8
13462 12
13466 12
13474 7
13477 8
13481 5
13485 8
13489 8
13493 1
13501 16
13503 21
13507 14
13514 8
13518 15
13520 10
13523 11
13530 21
13534 12
13542 19
13544 18
13545 15
13547 17
13549 12
13555 7
13557 18
13558 13
13564 2
13573 10
13574 21
13578 7
13581 13
13587 7
13590 18
13591 11
13595 10
13596 16
13598 3
13604 16
13606 15
13608 6
13614 11
13619 9
13620 12
13626 5
13633 18
13634 15
13636 12
13640 16
13642 9
13644 14
13649 19
13650 19
13652 18
13653 11
13659 3
13664 15
13666 9
13668 11
13675 12
13681 4
13687 16
13689 11
13696 12
13704 11
13708 18
13709 11
13716 6
13722 12
13730 4
13738 13
13743 14
13748 14
13752 4
13758 8
13760 21
13764 1
13774 17
13776 12
13782 16
13784 2
13793 18
13794 3
13800 14
13805 18
13806 9
13807 3
13812 11
13819 8
13821 12
13827 18
13828 2
13837 8
13839 20
13840 20
13842 1
13851 13
13855 2
13864 3
13871 20
13873 10
13874 6
13882 12
13890 1
13899 12
13903 6
13907 6
13915 14
13919 1
13927 4
13933 13
13937 11
13941 15
13943 11
13947 18
13948 18
13949 18
13950 19
13951 9
13952 18
13953 8
13955 17
13957 20
13959 9
13960 18
13961 12
13967 21
13971 18
13972 1
13979 3
13984 10
13987 4
13993 6
13999 3
14004 6
14008 12
14016 6
14022 11
14027 9
14029 11
14035 12
14041 11
14048 8
14050 6
14054 3
14060 10
14063 2
14072 4
14078 12
14082 8
14086 8
14088 1
14098 18
14099 11
14105 11
14111 19
14113 11
14117 11
14123 13
14127 6
14133 8
14137 15
14139 12
14143 21
14147 19
14149 11
14154 12
14162 11
14167 1
14174 1
14183 12
14189 6
14195 6
14201 9
14203 7
14206 18
14207 12
14213 17
14215 2
14224 10
14225 13
14231 14
14237 6
14241 4
14249 3
14256 18
14257 1
14267 18
14268 2
14277 12
14283 10
14284 13
14288 15
14290 11
14294 11
14300 14
14304 12
14308 8
14312 8
14314 19
14315 5
14321 17
14323 5
14330 11
14334 16
14336 19
14337 13
14342 17
14344 20
14345 11
14352 20
14353 18
14354 12
14360 1
14370 5
14375 20
14376 12
14382 14
14389 11
14393 4
14399 15
14401 12
14409 19
14411 12
14417 6
14421 4
14425 6
14431 12
14437 12
14443 16
14445 11
14451 18
14452 15
14454 21
14458 18
14459 18
14460 5
14465 2
14476 18
14477 19
14478 18
14479 2
14488 1
14496 18
14497 7
14500 11
14504 2
14513 1
14522 10
14523 11
14527 16
14529 14
14534 18
14535 16
14537 12
14543 6
14549 3
14556 1
14566 16
14568 12
14574 14
14580 11
14586 18
14587 7
14589 14
14594 14
14598 15
14600 12
14604 14
14608 3
14613 18
14614 11
14620 19
14621 1
14629 6
14635 8
14637 12
14643 20
14644 17
14646 12
14654 21
14658 19
14660 17
14662 11
14666 12
14670 8
14674 16
14676 10
14677 21
14681 1
14689 9
14690 15
14692 15
14694 1
14704 13
14710 9
14712 3
14716 3
14723 6
14729 18
14730 16
14732 5
14736 5
14743 21
14747 4
14751 12
14759 14
14763 7
14765 12
14771 4
14775 21
14779 16
14781 19
14783 12
14791 9
14793 10
14794 11
14798 15
14800 12
14806 13
14811 12
14817 10
14820 12
14826 19
14827 5
14831 11
14838 11
14844 6
14850 15
14852 11
14858 12
14866 12
14872 17
14874 14
14880 2
14889 8
14891 21
14895 4
14901 9
14902 7
14905 1
14913 8
14915 8
14919 17
14921 2
14930 11
14936 20
14938 14
14943 1
14950 12
14956 7
14958 12
14962 9
14964 18
14965 12
14973 12
14981 14
14988 13
14993 18
14994 3
15001 12
15005 4
15011 11
15016 16
15018 1
15025 3
15029 15
15031 14
15036 11
15040 7
15042 19
15044 10
15045 3
15049 7
15051 11
15056 7
15059 4
15065 11
15072 18
15073 12
15079 21
15083 19
15084 9
15086 7
15089 15
15091 18
15092 4
15098 8
15102 2
15111 8
15113 6
15117 10
15118 15
15120 15
15122 4
15128 8
15132 21
15136 2
15145 12
15149 15
15151 14
15157 1
15165 16
15167 19
15169 18
15170 9
15171 13
15177 8
15179 4
15185 17
15187 7
15190 12
15198 4
15204 6
15208 10
15211 12
15217 3
15224 18
15225 20
15226 3
15230 2
15241 2
15250 15
15252 12
15258 15
15260 21
15264 15
15266 20
15267 11
15273 6
15279 10
15280 10
15283 13
15288 12
15296 18
15297 11
15303 11
15308 14
15315 12
15319 13
15323 10
15326 14
15331 18
15332 11
15339 2
15346 8
15350 3
15354 21
15358 11
15363 5
15369 4
15377 2
15388 17
15390 17
15392 16
15394 18
15395 17
15397 15
15399 2
15410 10
15411 7
15414 11
15418 19
15420 14
15426 11
15432 21
15436 6
15440 9
15441 19
15443 12
15449 12
15457 13
15462 2
15471 14
15476 12
15480 16
15482 15
15484 6
15492 20
15494 6
15500 10
15501 8
15505 16
15507 4
15515 2
15522 11
15527 18
15528 1
15536 20
15537 10
15540 21
15544 12
15550 4
15558 21
15562 10
15563 12
15571 18
15572 12
15580 18
15581 3
15586 5
15591 16
15593 11
15598 11
15602 17
15604 7
15606 18
15607 12
15611 16
15613 3
15619 2
15628 10
15629 13
15633 18
15634 2
15641 5
15648 11
15653 16
15655 10
15656 11
15661 5
15665 11
15672 11
15679 7
15682 10
15685 21
15689 20
15691 12
15697 9
15698 13
15704 14
15710 21
15714 18
15715 12
15723 3
15730 8
15732 2
15741 14
15745 6
15751 1
15759 21
15763 11
15770 10
15773 17
15775 2
15784 11
15790 11
15797 2
15806 1
15814 12
15822 11
15828 5
15835 12
15841 7
15843 1
15853 3
15858 4
15864 7
15867 18
15868 14
15875 17
15877 3
15883 4
15887 11
15894 1
15903 7
15905 16
15907 6
15915 21
15919 7
15921 16
15923 18
15924 15
15926 14
15932 10
15933 2
15940 9
15942 12
15946 21
15950 7
15952 12
15958 18
15959 19
15961 18
15962 19
15964 12
15972 21
15976 11
15983 14
15988 11
15993 3
15997 7
15999 21
16003 18
16004 21
16008 7
16011 11
16017 1
16024 12
16032 16
16034 9
16036 12
16042 13
16046 11
16053 5
16057 21
16061 2
16072 10
16073 2
16082 11
16088 13
16092 3
16098 10
16101 17
16103 19
16105 11
16112 10
16115 12
16121 9
16122 7
16125 11
16131 2
16142 4
16148 18
16149 8
16151 15
16153 17
16155 20
16156 2
16163 12
16169 18
16170 5
16174 1
16182 1
16190 15
16192 20
16194 13
16199 4
16205 11
16211 18
16212 11
16217 4
16223 16
16225 16
16227 16
16229 21
16233 3
16238 1
16246 12
16254 12
16258 19
16260 18
16261 6
16269 19
16271 9
16272 4
16278 1
16287 18
16288 10
16289 13
16294 12
16300 19
16301 5
16306 15
16308 4
16312 18
16313 5
16317 11
16322 19
16324 11
16328 17
16330 19
16332 5
16339 18
16340 11
16347 18
16348 1
16355 18
16356 11
16361 9
16363 17
16365 18
16366 18
16367 19
16369 12
16377 13
16382 11
16387 13
16392 12
16396 18
16397 3
16402 12
16406 16
16408 11
16414 10
16417 1
16426 5
16431 12
16437 18
16438 7
16440 18
16441 17
16443 14
16449 16
16451 2
16462 11
16469 12
16475 10
16476 4
16482 12
16490 13
16496 8
16500 3
16504 1
16513 2
16522 9
16524 4
16532 9
16533 11
16539 12
16547 11
16554 18
16555 11
16560 20
16561 12
16567 10
16570 16
16572 16
16574 2
16583 11
16587 2
16594 3
16598 15
16600 14
16605 11
16611 8
16615 7
16618 14
16623 18
16624 14
16628 11
16634 18
16635 21
16639 12
16645 7
16647 15
16649 12
16655 7
16658 5
16663 6
16669 9
16670 8
16672 21
16676 20
16678 11
16682 9
16683 1
16690 12
16694 3
16699 15
16701 7
16704 1
16712 13
16717 11
16724 10
16725 14
16729 15
16731 14
16738 6
16742 5
16749 15
16751 12
16757 19
16758 11
16764 9
16765 13
16770 20
16771 6
16777 4
16781 12
16785 11
16790 17
16792 6
16796 18
16797 3
16803 18
16804 2
16813 13
16819 18
16820 19
16821 2
16830 6
16836 10
16837 19
16839 12
16847 8
16851 14
16857 10
16860 14
16867 18
16868 15
16870 1
16879 6
16885 7
16888 6
16894 13
16900 13
16905 15
16907 4
16915 8
16917 18
16918 11
16925 3
16929 16
16931 5
16936 16
16938 8
16940 2
16949 4
16955 14
16962 1
16969 2
16976 18
16977 6
16983 15
16985 20
16987 4
16993 18
16994 5
16998 14
17002 6
17008 8
17012 10
17015 11
17021 12
17029 11
17034 1
17041 18
17042 12
17050 21
17054 9
17055 13
17061 16
17063 12
17067 3
17071 7
17073 9
17075 10
17076 11
17083 14
17088 20
17089 18
17090 16
17092 19
17093 21
17097 7
17100 12
17104 11
17108 3
17114 1
17122 16
17124 15
17126 10
17129 11
17135 12
17139 18
17140 21
17144 9
17145 11
17151 5
17157 18
17158 1
17165 19
17167 8
17171 11
17175 19
17176 11
17181 9
17183 20
17185 20
17186 18
17187 1
17196 3
17202 12
17210 14
17215 13
17219 1
17229 18
17230 12
17238 12
17242 12
17250 5
17257 1
17267 20
17269 4
17277 12
17283 9
17284 8
17288 12
17294 6
17298 9
17300 15
17302 15
17304 10
17307 14
17314 18
17315 3
17321 21
17325 3
17330 12
17338 20
17339 4
17345 2
17352 20
17353 18
17354 11
17360 18
17361 4
17367 16
17369 21
17373 10
17374 17
17376 5
17380 18
17381 13
17386 12
17392 4
17398 5
17405 10
17406 20
17408 12
17414 15
17416 11
17421 10
17424 2
17435 15
17437 4
17441 9
17442 19
17443 1
17450 11
17454 17
17456 11
17460 10
17463 15
17465 7
17467 11
17474 9
17476 18
17477 18
17478 20
17480 14
17487 18
17488 12
17496 11
17500 18
17501 8
17505 12
17509 17
17511 12
17517 15
17519 15
17521 10
17522 12
17526 1
17536 11
17540 18
17541 5
17547 7
17550 17
17552 2
17561 12
17569 11
17573 16
17575 11
17580 11
17587 20
17588 1
17598 7
17601 10
17602 4
17608 18
17609 21
17613 19
17614 15
17616 12
17622 1
17629 17
17631 18
17632 12
17640 5
17644 11
17651 4
17657 16
17659 20
17661 21
17665 19
17666 16
17668 14
17673 11
17677 18
17678 3
17684 11
17690 11
17696 11
17700 12
17706 7
17708 16
17710 14
17715 3
17720 21
17724 16
17726 21
17730 5
17735 6
17743 8
17747 8
17749 12
17755 2
17764 12
17770 15
17772 12
17778 11
17783 17
17785 13
17789 11
17794 17
17796 11
17801 8
17805 20
17806 21
17810 11
17814 9
17815 7
17818 12
17824 17
17826 3
17831 2
17838 16
17840 13
17845 5
17849 13
17854 11
17859 18
17860 21
17864 18
17865 8
17867 1
17876 1
17883 6
17887 9
17888 12
17894 3
17901 12
17909 16
17911 9
17912 18
17913 18
17914 10
17915 15
17917 8
17919 18
17920 11
17926 6
17932 14
17936 3
17943 15
17945 4
17953 4
17959 7
17962 7
17964 5
17971 10
17974 15
17976 17
17978 15
17980 1
17988 8
17992 12
17998 3
18005 21
18009 12
18017 7
18020 15
18022 21
18026 17
18028 12
18034 6
18040 20
18041 5
18047 17
18049 3
18056 20
18057 11
18064 13
18068 10
18071 9
18073 11
18077 6
18083 9
18085 21
18089 12
18097 9
18099 3
18106 15
18108 18
18109 2
18118 16
18120 21
18124 9
18126 12
18134 13
18139 3
18145 18
18146 12
18152 10
18153 18
18154 10
18155 14
18159 12
18167 12
18173 5
18177 16
18179 6
18185 1
18194 19
18196 8
18198 15
18200 12
18204 20
18205 12
18211 18
18212 17
18214 16
18216 12
18224 2
18231 9
18232 7
18234 10
18235 2
18246 13
18252 11
18259 3
18264 16
18266 6
18272 7
18274 21
18278 2
18287 9
18289 21
18293 15
18295 7
18298 6
18304 14
18310 11
18314 15
18316 2
18325 13
18330 10
18333 19
18334 12
18340 2
18347 16
18349 8
18353 15
18355 20
18357 9
18358 13
18362 11
18366 18
18367 18
18368 4
18372 18
18373 8
18375 3
18381 4
18387 1
18394 9
18396 13
18401 16
18403 10
18406 7
18409 11
18415 16
18417 20
18419 17
18421 5
18426 10
18427 8
18431 11
18436 10
18439 14
18443 4
18449 11
18456 13
18460 17
18462 18
18463 18
18464 11
18469 14
18473 1
18480 20
18482 12
18490 11
18495 11
18499 11
18503 15
18505 10
18506 21
18510 13
18514 15
18516 14
18523 21
18527 18
18528 9
18529 11
18536 2
18543 15
18545 6
18553 18
18554 5
18559 12
18565 18
18566 7
18569 2
18578 12
18582 18
18583 6
18589 3
18594 9
18596 10
18599 12
18605 9
18606 1
18613 21
18617 17
18619 15
18621 6
18629 11
18635 7
18638 4
18644 12
18650 7
18652 18
18653 16
18655 15
18657 10
18660 3
18664 8
18666 21
18670 3
18674 18
18675 12
18681 17
18683 11
18689 12
18697 11
18701 15
18703 11
18708 17
18710 16
18712 20
18713 2
18722 13
18727 16
18729 4
18735 14
18740 18
18741 5
18747 18
18748 12
18756 12
18760 20
18761 8
18763 19
18764 12
18770 16
18772 6
18778 21
18782 20
18783 18
18784 11
18790 18
18791 6
18795 16
18797 4
18803 20
18804 4
18812 13
18818 20
18819 13
18824 15
18826 20
18828 7
18831 8
18835 8
18839 11
18844 12
18852 6
18858 14
18863 17
18865 13
18869 12
18877 10
18878 18
18879 20
18881 11
18886 19
18887 8
18889 12
18895 13
18900 18
18901 3
18905 11
18912 11
18917 13
18923 2
18930 15
18932 11
18939 11
18944 2
18953 12
18957 4
18961 9
18963 3
18967 9
18968 16
18970 16
18972 14
18978 2
18985 12
18989 11
18995 17
18997 5
19002 7
19004 21
19008 14
19014 18
19015 9
19017 14
19022 11
19028 11
19033 15
19035 8
19037 13
19041 1
19050 4
19054 14
19061 5
19065 21
19069 15
19071 12
19077 16
19079 5
19083 17
19085 13
19090 12
19096 8
19098 11
19103 13
19108 11
19114 6
19118 2
19127 19
19128 7
19130 8
19134 12
19140 15
19142 18
19143 14
19148 16
19150 9
19152 11
19157 4
19163 1
19172 19
19174 18
19175 21
19179 12
19185 12
19191 3
19198 1
19205 15
19207 4
19215 17
19217 20
19219 16
19221 9
19222 11
19229 6
19237 11
19244 18
19245 11
19249 17
19251 8
19253 11
19257 13
19262 10
19263 9
19264 19
19266 17
19268 12
19276 5
19283 11
19288 17
19290 20
19291 11
19295 10
19298 4
19306 9
19308 2
19319 16
19321 1
19329 4
19335 14
19342 8
19344 10
19347 11
19354 11
19358 8
19360 18
19361 4
19367 19
19369 9
19370 12
19378 17
19380 13
19384 17
19386 16
19388 19
19390 18
19391 17
19393 6
19399 21
19403 11
19408 11
19412 3
19417 18
19418 18
19419 11
19425 18
19426 12
19432 10
19433 1
19442 11
19447 11
19452 13
19458 14
19464 2
19475 13
19479 9
19480 16
19482 19
19483 18
19484 1
19492 3
19496 11
19501 13
19506 12
19512 1
19520 8
19522 11
19529 14
19536 2
19545 12
19551 12
19557 16
19559 2
19568 6
19576 2
19585 13
19590 12
19596 5
19603 21
19607 11
19611 19
19612 8
19616 11
19621 21
19625 11
19631 12
19639 19
19640 18
19641 11
19648 20
19650 18
19651 16
19653 11
19658 12
19664 11
19671 4
19677 11
19683 9
19685 5
19690 6
19696 2
19707 9
19709 4
19713 9
19714 18
19715 12
19721 18
19722 21
19726 12
19734 17
19736 7
19739 4
19745 8
19749 9
19750 2
19757 11
19763 8
19767 18
19768 10
19771 19
19772 16
19774 8
19776 14
19782 12
19788 4
19796 12
19802 20
19803 8
19807 7
19810 13
19814 11
19820 12
19828 12
19836 13
19842 8
19844 15
19846 7
19848 17
19850 10
19851 18
19852 6
19858 18
19859 4
19865 6
19871 10
19872 12
19880 9
19882 4
19888 21
19892 18
19893 11
19899 12
19903 16
19905 6
19911 2
19920 16
19922 12
19928 15
19930 20
19931 2
19940 12
19946 11
19953 2
19960 12
19964 11
19970 18
19971 15
19973 1
19981 11
19987 16
19989 13
19993 5
19999 8
20001 20
20002 16
20004 18
20005 1
20013 11
20017 18
20018 5
20022 1
20032 17
20034 20
20036 12
20042 18
20043 15
20045 9
20047 15
20049 5
20054 12
20062 12
20066 12
20072 11
20078 7
20080 12
20084 19
20086 6
20090 6
20098 14
20103 19
20104 12
20108 3
20113 18
20114 18
20115 12
20119 18
20120 20
20122 9
20123 19
20125 18
20126 18
20127 4
20135 10
20138 11
20142 4
20148 11
20152 6
20156 4
20164 9
20166 1
20176 20
20178 12
20184 13
20190 14
20196 8
20198 15
20200 4
20206 17
20208 17
20210 11
20214 11
20218 3
20223 9
20225 11
20230 13
20236 10
20237 7
20240 13
20245 16
20247 18
20248 12
20256 16
20258 5
20263 7
20266 11
20270 12
20276 2
20285 4
20293 19
20295 2
20304 17
20306 11
20313 11
20319 13
20324 18
20325 20
20327 5
20331 19
20332 13
20336 21
20340 8
20342 21
20346 11
20352 12
20356 13
20360 6
20368 11
20373 11
20380 14
20386 21
20390 19
20392 7
20394 21
20398 11
20403 15
20405 2
20414 9
20416 18
20417 18
20418 20
20420 5
20426 3
20432 11
20436 11
20440 4
20446 4
20454 9
20456 8
20460 11
20465 13
20470 10
20473 21
20477 11
20483 21
20487 18
20488 12
20492 16
20494 8
20498 11
20505 13
20509 17
20511 21
20515 17
20517 16
20519 14
20523 1
20530 19
20532 20
20534 11
20541 7
20544 18
20545 11
20550 11
20554 12
20558 18
20559 11
20563 16
20565 10
20568 17
20570 11
20576 11
20582 11
20587 19
20589 16
20591 5
20596 16
20598 2
20607 12
20613 15
20615 20
20616 15
20618 19
20620 14
20627 7
20630 18
20631 12
20637 16
20639 16
20641 8
20645 3
20652 11
20659 18
20660 19
20662 16
20664 15
20666 5
20671 11
20677 6
20685 18
20686 17
20688 17
20690 16
20692 12
20700 11
20706 9
20707 15
20709 13
20715 15
20717 4
20723 17
20725 7
20727 2
20734 15
20736 5
20743 20
20744 15
20746 2
20755 18
20756 6
20762 16
20764 7
20766 5
20771 1
20779 5
20783 11
20787 9
20788 13
20792 9
20794 11
20801 8
20803 1
20813 2
20822 16
20824 19
20825 7
20827 12
20833 10
20834 7
20837 5
20843 16
20845 19
20846 12
20852 5
20859 10
20862 11
20866 12
20874 14
20881 10
20884 1
20892 18
20893 18
20894 8
20898 11
20902 10
20905 5
20911 12
20915 6
20921 17
20923 1
20932 12
20938 11
20945 20
20946 10
20949 11
20953 12
20961 11
20965 6
20971 19
20972 16
20974 15
20976 16
20978 12
20982 8
20986 11
20993 9
20994 8
20996 15
20998 13
21004 11
21008 18
21009 15
21011 11
21018 14
21023 8
21025 6
21031 1
21038 17
21040 11
21047 12
21055 12
21061 10
21062 15
21064 4
21070 3
21075 6
21081 9
21083 19
21084 8
21088 11
21092 12
21098 11
21102 3
21109 7
21112 4
21116 15
21118 16
21120 19
21121 7
21123 21
21127 3
21134 1
21141 1
21149 20
21151 15
21153 11
21160 5
21164 18
21165 14
21170 12
21178 11
21183 13
21188 5
21192 2
21203 2
21212 16
21214 10
21217 12
21223 14
21230 7
21232 10
21233 12
21239 7
21242 1
21251 12
21257 16
21259 17
21261 13
21267 2
21274 20
21276 9
21277 2
21286 12
21292 8
21294 19
21295 18
21296 16
21298 19
21300 3
21305 20
21307 13
21313 9
21315 15
21317 18
21318 11
21322 14
21328 2
21335 20
21337 2
21348 8
21350 9
21351 16
21353 6
21357 18
21358 3
21362 6
21370 9
21371 4
21377 15
21379 18
21380 5
21385 21
21389 21
21393 19
21395 18
21396 4
21400 21
21404 20
21406 12
21412 16
21414 4
21420 18
21421 7
21424 6
21430 15
21432 6
21440 11
21444 21
21448 16
21450 6
21456 20
21457 13
21462 18
21463 12
21469 12
21475 4
21481 7
21484 16
21486 11
21491 21
21495 10
21498 11
21503 19
21504 13
21509 8
21511 12
21519 16
21521 12
21525 13
21529 16
21531 11
21537 1
21545 7
21547 18
21548 13
21554 14
21559 11
21563 8
21567 11
21572 11
21576 4
21582 11
21587 19
21588 17
21590 10
21591 17
21593 11
21598 20
21599 15
21601 11
21605 14
21611 9
21613 16
21615 2
21626 15
21628 10
21631 7
21634 16
21636 6
21640 11
21647 8
21649 8
21651 10
21654 8
21658 18
21659 8
21663 11
21670 13
21675 8
21677 18
21678 19
21680 11
21685 9
21686 13
21692 7
21695 11
21700 16
21702 14
21706 3
21713 11
21719 7
21722 5
21727 17
21729 6
21737 14
21741 2
21748 12
21756 12
21760 20
21762 11
21768 19
21770 6
21776 14
21782 3
21787 5
21791 19
21793 3
21800 18
21801 4
21807 8
21809 14
21815 4
21819 15
21821 10
21822 16
21824 9
21826 17
21828 16
21830 14
21836 7
21839 21
21843 18
21844 9
21845 17
21847 3
21852 15
21854 9
21855 19
21856 12
21864 12
21870 6
21876 11
21883 18
21884 8
21888 20
21889 13
21895 2
21904 11
21908 19
21909 15
21911 4
21915 20
21917 12
21923 19
21924 5
21930 20
21931 13
21937 20
21939 18
21940 4
21946 5
21950 18
21951 4
21959 11
21963 4
21967 7
21969 10
21970 20
21972 12
21976 12
21980 10
21983 5
21988 13
21992 19
21993 18
21994 4
21998 1
22008 8
22010 15
22012 4
22016 5
22021 3
22025 21
22029 13
22033 7
22036 3
22043 16
22045 4
22049 11
22055 12
22063 17
22065 14
22069 17
22071 12
22075 14
22080 11
22085 17
22087 5
22091 7
22094 12
22100 14
22106 11
22113 7
22116 13
22120 16
22122 1
22131 2
22142 13
22146 11
22151 6
22155 15
22157 2
22166 17
22168 15
22170 4
22176 16
22178 2
22185 17
22187 2
22194 10
22195 16
22197 14
22204 18
22205 11
22211 18
22212 11
22216 13
22220 21
22224 3
22231 12
22237 20
22239 2
22248 19
22249 12
22257 20
22259 15
22261 12
22267 15
22269 16
22271 19
22273 17
22275 5
22281 11
22285 14
22289 6
22297 14
22302 13
22307 17
22309 21
22313 13
22319 7
22322 8
22324 14
22329 2
22340 18
22341 21
22345 2
22354 4
22362 8
22364 18
22365 5
22372 19
22373 18
22374 5
22380 3
22386 14
22390 19
22392 12
22398 11
22403 20
22404 2
22411 16
22413 11
22417 9
22419 12
22425 6
22431 11
22438 18
22439 11
22446 9
22447 15
22449 9
22450 17
22452 11
22459 12
22463 14
22469 18
22470 10
22471 3
22478 13
22484 17
22486 21
22490 12
22494 13
22499 11
22505 17
22507 21
22511 18
22512 9
22514 4
22518 8
22520 12
22526 12
22530 4
22536 12
22542 3
22546 10
22549 19
22550 9
22551 18
22552 9
22553 5
22559 7
22562 11
22569 11
22575 10
22578 7
22580 13
22585 3
22590 7
22592 8
22594 18
22595 18
22596 5
22603 16
22605 4
22611 9
22613 9
22615 15
22617 9
22618 16
22620 18
22621 4
22629 3
22636 12
22644 9
22646 17
22648 11
22654 11
22660 13
22665 18
22666 14
22673 11
22678 12
22684 9
22685 13
22690 8
22694 12
22700 21
22704 4
22712 18
22713 15
22715 16
22717 3
22722 1
22731 18
22732 11
22738 5
22742 15
22744 3
22749 2
22756 19
22758 11
22763 14
22770 17
22772 14
22777 14
22782 13
22787 12
22791 16
22793 11
22798 14
22804 11
22811 15
22813 11
22819 19
22821 9
22823 15
22825 11
22829 11
22835 15
22837 5
22844 16
22846 2
22853 15
22855 16
22857 11
22863 2
22872 13
22876 20
22877 11
22881 12
22885 18
22886 12
22892 11
22896 18
22897 6
22901 6
22907 7
22910 7
22913 3
22919 13
22924 11
22929 2
22940 16
22942 19
22943 11
22950 7
22953 9
22954 16
22956 5
22963 11
22970 15
22972 11
22977 2
22986 10
22989 11
22993 5
22998 17
23000 19
23001 8
23003 12
23009 11
23013 11
23019 11
23026 11
23032 6
23038 20
23040 5
23046 1
23053 4
23061 11
23066 12
23072 1
23081 12
23085 8
23089 2
23098 1
23106 18
23107 2
23116 12
23120 14
23126 1
23135 9
23136 8
23140 2
23147 19
23148 10
23151 5
23157 21
23161 16
23163 10
23166 12
23174 3
23178 1
23185 16
23187 2
23196 19
23198 11
23204 6
23210 18
23211 5
23215 9
23216 14
23220 3
23227 14
23231 20
23233 18
23234 18
23235 19
23236 12
23244 17
23246 18
23247 19
23248 20
23249 6
23255 14
23260 19
23261 9
23262 17
23264 1
23272 17
23274 14
23278 11
23283 6
23291 2
23300 6
23304 14
23308 9
23310 12
23316 5
23323 20
23325 14
23331 11
23335 19
23337 10
23338 18
23339 6
23345 12
23351 7
23353 18
23354 3
23361 17
23363 2
23370 13
23376 2
23387 10
23388 10
23389 18
23390 11
23395 6
23401 2
23410 12
23414 11
23419 12
23423 5
23428 11
23433 15
23435 2
23446 13
23450 20
23451 19
23452 20
23454 12
23460 17
23462 16
23464 4
23470 12
23478 15
23480 9
23481 19
23483 12
23491 6
23497 18
23498 14
23504 2
23515 21
23519 11
23524 14
23530 7
23532 15
23534 5
23540 10
23543 8
23545 12
23549 2
23556 1
23566 3
23572 11
23579 5
23586 4
23592 14
23598 10
23599 8
23603 14
23610 12
23616 1
23625 17
23627 10
23630 13
23635 7
23638 7
23641 6
23649 18
23650 4
23656 19
23658 11
23664 2
23673 21
23677 11
23684 1
23691 11
23697 1
23706 12
23712 3
23719 3
23723 18
23724 2
23733 8
23735 21
23739 18
23740 12
23746 18
23747 16
23749 3
23756 19
23758 17
23760 20
23761 7
23764 20
23766 7
23768 11
23772 18
23773 17
23775 1
23783 14
23790 18
23791 9
23793 8
23795 7
23797 15
23799 12
23803 10
23804 6
23812 18
23813 19
23815 18
23816 11
23823 6
23827 5
23832 1
23842 11
23848 3
23855 11
23862 5
23867 3
23871 13
23875 2
23884 17
23886 2
23893 3
23897 3
23901 10
23902 16
23904 20
23905 17
23907 16
23909 8
23911 16
23913 2
23924 18
23925 2
23936 11
23942 14
23947 14
23953 16
23955 12
23959 7
23961 6
23965 19
23967 10
23970 20
23972 18
23973 14
23979 21
23983 18
23984 3
23988 21
23992 4
23998 5
24005 20
24006 1
24016 17
24018 5
24022 9
24024 11
24031 11
24035 1
24044 11
24051 17
24053 8
24057 5
24064 12
24068 4
24074 11
24079 15
24081 3
24085 7
24088 11
24094 8
24098 18
24099 17
24101 14
24105 3
24111 5
24118 2
24125 5
24132 10
24135 19
24137 11
24142 13
24147 5
24152 17
24154 2
24163 10
24164 12
24168 17
24170 14
24175 16
24177 18
24178 8
24182 7
24185 13
24190 18
24191 11
24195 1
24205 7
24207 3
24214 11
24218 17
24220 21
24224 2
24231 7
24233 5
24239 4
24245 13
24250 16
24252 9
24254 12
24258 7
24261 7
24263 9
24264 12
24270 18
24271 12
24275 15
24277 13
24282 4
24288 3
24295 5
24300 8
24302 1
24309 18
24310 9
24311 11
24315 12
24321 3
24328 12
24332 4
24340 13
24346 12
24352 3
24356 13
24360 15
24362 3
24366 12
24372 19
24373 10
24374 12
24378 1
24388 2
24397 14
24402 8
24406 6
24412 12
24416 3
24422 1
24430 15
24432 16
24434 13
24440 9
24442 19
24444 1
24452 12
24458 7
24461 14
24467 17
24469 7
24472 12
24476 1
24485 11
24490 14
24494 18
24495 4
24499 11
24506 8
24508 8
24510 13
24516 13
24520 15
24522 2
24531 8
24535 11
24542 9
24544 5
24549 21
24553 18
24554 1
24564 12
24570 5
24576 19
24577 4
24583 1
24592 11
24596 18
24597 6
24605 11
24612 4
24620 8
24624 14
24630 5
24636 4
24644 15
24646 6
24652 19
24654 13
24660 11
24664 4
24670 11
24674 8
24678 11
24683 14
24689 8
24693 16
24695 11
24700 13
24706 7
24709 1
24717 15
24719 11
24726 8
24728 9
24730 21
24734 19
24736 11
24740 12
24748 4
24752 2
24761 12
24767 4
24773 17
24775 5
24779 15
24781 15
24783 4
24787 13
24792 9
24794 14
24799 6
24807 12
24811 9
24813 10
24816 1
24826 9
24827 2
24836 20
24838 18
24839 11
24845 8
24847 11
24854 5
24861 3
24867 5
24874 1
24884 4
24890 12
24898 12
24904 14
24908 8
24910 10
24911 11
24917 12
24923 7
24926 11
24930 12
24936 12
24942 14
24949 21
24953 5
24958 6
24966 16
24968 16
24970 9
24971 4
24977 15
24979 2
24990 13
24996 11
25001 11
25006 14
25013 1
25022 11
25026 12
25034 6
25040 18
25041 4
25047 12
25053 6
25061 4
25067 12
25075 2
25082 11
25086 14
25091 5
25095 10
25098 17
25100 1
25109 5
25114 10
25115 14
25122 20
25124 6
25132 11
25139 11
25144 3
25151 18
25152 4
25158 8
25162 2
25171 11
25175 8
25179 19
25181 15
25183 20
25185 11
25189 1
25196 17
25198 9
25200 17
25202 11
25207 18
25208 6
25214 11
25219 18
25220 5
25227 4
25235 12
25241 5
25246 12
25254 12
25262 8
25266 2
25273 2
25282 3
25289 1
25299 7
25302 11
25308 14
25313 4
25319 2
25328 1
25335 10
25336 9
25338 17
25340 8
25342 11
25347 15
25349 7
25352 11
25357 19
25358 14
25364 5
25368 13
25372 20
25373 11
25377 2
25388 19
25389 19
25391 1
25398 18
25399 11
25403 13
25407 16
25409 21
25413 3
25418 12
25426 11
25430 18
25431 16
25433 18
25434 8
25438 6
25444 8
25446 16
25448 16
25450 11
25455 1
25465 17
25467 6
25475 14
25481 18
25482 8
25484 11
25491 12
25497 18
25498 11
25504 17
25506 8
25508 2
25517 8
25521 4
25529 12
25533 6
25537 14
25541 13
25546 20
25547 10
25550 2
25559 12
25567 12
25575 1
25583 4
25589 5
25594 10
25595 15
25597 1
25605 9
25606 21
25610 7
25612 19
25614 16
25616 2
25623 18
25624 11
25629 12
25635 11
25642 20
25644 21
25648 20
25650 7
25653 12
25659 11
25665 10
25668 6
25676 11
25682 11
25689 6
25695 13
25700 11
25704 7
25707 3
25714 12
25722 4
25726 18
25727 2
25736 15
25738 11
25744 11
25748 12
25752 14
25757 2
25766 11
25773 17
25775 11
25781 12
25785 1
25795 17
25797 12
25801 11
25805 16
25807 11
25814 16
25816 13
25822 11
25827 19
25828 6
25836 3
25842 11
25847 20
25849 7
25851 12
25855 11
25859 11
25863 17
25865 12
25869 20
25871 7
25874 6
25878 17
25880 11
25887 21
25891 20
25892 3
25898 14
25903 12
25909 21
25913 18
25914 18
25915 10
25918 18
25919 1
25928 9
25929 7
25932 19
25933 21
25937 18
25938 7
25941 8
25943 18
25944 9
25946 11
25952 16
25954 14
25958 18
25959 16
25961 12
25969 8
25971 8
25975 11
25979 16
25981 9
25982 10
25983 14
25989 15
25991 18
25992 17
25994 14
26000 11
26007 8
26011 15
26013 16
26015 19
26016 15
26018 19
26020 21
26024 1
26031 20
26033 11
26037 5
26041 3
26046 20
26047 18
26048 20
26050 15
26052 16
26054 11
26061 15
26063 20
26064 2
26075 19
26077 16
26079 7
26082 20
26084 11
26091 8
26093 1
26103 5
26110 18
26111 8
26115 20
26116 7
26119 20
26120 10
26121 17
26123 10
26124 18
26125 4
26131 8
26135 18
26136 17
26138 17
26140 4
26148 11
26155 9
26157 4
26161 3
26168 11
26173 16
26175 20
26177 2
26184 21
26188 3
26192 4
26196 13
26200 4
26204 7
26207 20
26208 7
26210 17
26212 20
26214 9
26216 4
26222 15
26224 16
26226 9
26227 12
26233 11
26238 11
26244 13
26249 11
26256 17
26258 19
26259 12
26267 21
26271 19
26272 9
26274 10
26275 16
26277 10
26280 12
26286 12
26290 18
26291 13
26296 5
26302 1
26311 9
26313 19
26314 11
26318 8
26320 20
26321 14
26326 11
26332 11
26336 11
26340 8
26342 7
26345 9
26346 17
26348 12
26352 11
26356 12
26362 20
26364 14
26369 4
26377 17
26379 18
26380 12
26386 2
26395 11
26401 17
26403 8
26407 6
26413 14
26418 16
26420 14
26425 12
26429 18
26430 11
26434 19
26435 10
26438 19
26440 9
26441 20
26442 2
26453 17
26455 17
26457 17
26459 11
26466 19
26467 14
26473 6
26481 21
26485 12
26489 10
26492 11
26496 2
26503 4
26507 12
26513 18
26514 6
26522 6
26528 13
26533 11
26540 3
26545 20
26547 11
26552 4
26558 6
26562 13
26566 21
26570 7
26572 4
26578 3
26585 12
26593 12
26601 8
26605 2
26614 14
26618 15
26620 3
26625 19
26627 18
26628 1
26636 19
26638 3
26644 12
26652 13
26657 11
26663 14
26668 10
26671 4
26675 18
26676 6
26680 8
26682 21
26686 20
26687 11
26694 1
26702 12
26708 15
26710 13
26715 13
26720 11
26726 18
26727 12
26733 12
26741 4
26745 11
26749 2
26756 20
26758 1
26768 20
26770 4
26774 4
26780 2
26787 13
26792 18
26793 16
26795 18
26796 7
26798 11
26802 16
26804 20
26806 6
26812 2
26821 11
26825 18
26826 12
26834 21
26838 12
26842 18
26843 12
26847 14
26852 13
26857 18
26858 18
26859 4
26865 12
26873 16
26875 3
26879 15
26881 1
26891 21
26895 14
26901 11
26908 5
26915 21
26919 1
26928 12
26932 13
26938 11
26943 9
26945 18
26946 14
26952 17
26954 8
26958 11
26964 12
26968 21
26972 5
26977 5
26981 6
26987 10
26988 11
26992 7
26995 16
26997 11
27002 18
27003 15
27005 1
27012 18
27013 18
27014 18
27015 10
27018 19
27020 11
27024 9
27026 2
27035 18
27036 5
27041 15
27043 12
27049 1
27058 8
27062 1
27071 10
27072 7
27074 21
27078 1
27086 17
27088 8
27090 20
27092 5
27098 11
27105 21
27109 18
27110 5
27116 14
27122 8
27124 11
27128 14
27135 3
27142 6
27148 11
27154 11
27161 18
27162 1
27169 9
27170 21
27174 5
27181 14
27187 3
27194 19
27195 6
27199 13
27205 14
27210 1
27219 6
27225 8
27227 5
27233 15
27235 20
27236 18
27237 14
27244 17
27246 9
27248 7
27251 12
27255 11
27259 11
27264 16
27266 9
27268 15
27270 20
27271 4
27275 10
27278 14
27283 19
27285 9
27287 15
27289 14
27296 14
27303 13
27309 5
27313 4
27319 7
27322 19
27323 17
27325 4
27333 11
27339 10
27342 17
27344 3
27351 3
27358 1
27368 14
27375 9
27377 18
27378 18
27379 11
27384 20
27385 8
27387 14
27393 7
27396 5
27400 17
27402 3
27406 12
27414 11
27418 9
27420 17
27422 7
27424 1
27434 20
27436 16
27438 19
27439 5
27444 19
27446 3
27450 14
27454 7
27457 2
27466 5
27471 7
27474 20
27475 12
27481 3
27487 7
27490 11
27497 12
27503 2
27510 20
27512 1
27522 8
27526 10
27529 5
27534 10
27537 13
27542 20
27544 13
27550 5
27555 3
27562 20
27564 12
27570 2
27579 13
27585 21
27589 14
27595 3
27599 5
27604 19
27606 5
27612 21
27616 11
27621 11
27628 18
27629 14
27633 18
27634 1
27641 1
27651 12
27657 21
27661 11
27668 2
27679 10
27682 4
27690 9
27692 1
27702 12
27706 7
27709 8
27713 9
27715 4
27719 20
27720 7
27723 12
27727 10
27728 14
27735 17
27737 17
27739 16
27741 12
27745 18
27746 3
27751 3
27756 4
27762 14
27768 21
27772 6
27776 12
27782 5
27787 11
27791 8
27793 21
27797 21
27801 18
27802 2
27809 20
27810 18
27811 18
27812 18
27813 18
27814 8
27818 21
27822 6
27826 9
27828 18
27829 9
27830 13
27835 18
27836 21
27840 19
27841 10
27842 1
27850 7
27852 16
27854 12
27860 9
27862 11
27867 5
27873 6
27879 18
27880 6
27886 7
27888 19
27890 21
27894 11
27900 15
27902 21
27906 15
27908 5
27914 1
27924 12
27930 20
27931 21
27935 16
27937 4
27943 21
27947 17
27949 20
27950 13
27956 19
27957 11
27964 11
27968 7
27970 16
27972 1
27982 10
27983 18
27984 20
27986 21
27990 18
27991 15
27993 10
27996 9
27997 2
28006 9
28008 4
28014 9
28016 15
28018 11
28023 11
28030 18
28031 1
28038 18
28039 14
28046 8
28048 4
28054 10
28057 13
28063 21
28067 4
28071 12
28077 10
28078 11
28085 19
28087 12
28091 3
28095 15
28097 12
28103 21
28107 9
28109 6
28117 1
28127 12
28131 18
28132 8
28136 12
28144 11
28151 1
28161 8
28163 4
28171 5
28178 15
28180 14
28187 12
28191 14
28198 2
28207 11
28211 1
28221 7
28223 3
28230 18
28231 14
28237 21
28241 18
28242 5
28246 19
28248 11
28255 12
28261 14
28268 21
28272 11
28279 18
28280 10
28283 17
28285 20
28286 12
28292 5
28299 3
28305 11
28310 18
28311 18
28312 7
28314 14
28321 19
28323 5
28329 20
28330 12
28336 17
28338 4
28344 13
28349 10
28352 2
28361 4
28369 13
28374 3
28379 19
28380 13
28384 15
28386 6
28392 14
28398 12
28404 18
28405 11
28409 5
28413 5
28417 12
28425 5
28431 7
28434 5
28441 2
28448 9
28450 2
28457 4
28463 12
28469 6
28475 12
28481 12
28487 7
28490 1
28499 19
28500 12
28508 11
28515 10
28518 12
28522 11
28528 11
28532 4
28538 4
28546 17
28548 3
28552 3
28557 5
28562 2
28569 9
28571 2
28580 17
28582 3
28589 10
28592 4
28598 5
28603 1
28611 11
28616 2
28625 12
28629 3
28634 12
28640 4
28646 3
28650 1
28658 21
28662 20
28663 20
28664 2
28673 14
28679 20
28680 7
28683 17
28685 11
28690 12
28696 19
28697 21
28701 11
28706 11
28711 5
28715 10
28718 12
28722 18
28723 16
28725 11
28730 4
28736 18
28737 4
28741 12
28749 17
28751 16
28753 20
28755 18
28756 15
28758 9
28759 16
28761 8
28765 1
28772 13
28777 18
28778 18
28779 4
28783 2
28790 7
28793 20
28795 17
28797 12
28803 9
28804 10
28805 12
28811 2
28822 13
28827 14
28833 8
28835 14
28841 20
28843 12
28847 2
28856 7
28859 10
28862 18
28863 14
28869 18
28870 11
28875 6
28881 18
28882 12
28890 17
28892 14
28896 1
28905 13
28910 13
28914 16
28916 18
28917 1
28926 6
28930 11
28937 3
28944 17
28946 8
28948 18
28949 7
28951 11
28955 8
28957 5
28964 13
28970 5
28974 11
28978 3
28984 11
28989 10
28992 12
29000 4
29006 12
29012 11
29019 12
29025 3
29031 20
29033 17
29035 6
29039 15
29041 18
29042 18
29043 5
29050 11
29055 21
29059 21
29063 17
29065 19
29067 17
29069 18
29070 2
29081 11
29087 11
29091 20
29092 7
29095 15
29097 16
29099 18
29100 20
29102 12
29108 5
29114 4
29120 1
29130 21
29134 20
29135 18
29136 18
29137 12
29143 14
29147 11
29152 12
29156 7
29159 15
29161 9
29163 12
29169 11
29175 6
29183 12
29189 15
29191 19
29193 11
29199 13
29203 11
29209 18
29210 16
29212 9
29213 18
29214 12
29220 12
29226 3
29233 5
29240 16
29242 15
29244 11
29251 13
29256 3
29263 15
29265 19
29266 11
29272 8
29276 17
29278 11
29282 11
29288 5
29293 2
29302 4
29310 6
29318 21
29322 6
29326 12
29332 15
29334 10
29337 16
29339 7
29342 1
29350 7
29352 2
29361 17
29363 15
29365 17
29367 11
29372 4
29378 12
29384 12
29392 14
29399 11
29403 9
29404 10
29407 12
29411 6
29419 15
29421 1
29430 2
29439 13
29445 11
29449 12
29453 5
29460 21
29464 18
29465 1
29472 4
29478 4
29484 21
29488 19
29489 1
29499 14
29506 2
29515 17
29517 12
29525 11
29530 20
29532 7
29535 9
29537 18
29538 10
29541 6
29547 15
29549 2
29556 11
29561 17
29563 21
29567 21
29571 11
29578 18
29579 16
29581 12
29585 9
29586 10
29587 16
29589 2
29596 8
29598 13
29603 2
29610 10
29611 3
29616 11
29621 18
29622 10
29625 18
29626 6
29632 2
29643 12
29647 10
29650 12
29658 14
29662 13
29667 8
29669 10
29672 19
29674 15
29676 12
29682 9
29684 3
29688 11
29694 11
29700 21
29704 18
29705 9
29707 8
29709 20
29710 7
29713 11
29717 14
29724 19
29725 12
29731 20
29732 1
29740 11
29747 19
29749 13
29754 6
29762 17
29764 4
29768 2
29775 9
29776 1
29783 4
29791 12
29795 15
29797 12
29803 11
29807 8
29809 10
29812 4
29820 2
29829 15
29831 19
29833 12
29839 6
29843 19
29844 17
29846 13
29852 7
29854 11
29860 7
29863 3
29869 13
29873 20
29875 9
29877 12
29883 11
29887 9
29889 4
29895 3
29901 20
29903 11
29908 1
29917 8
29921 8
29923 12
29929 7
29932 11
29936 1
29945 9
29947 8
29949 9
29951 18
29952 21
29956 12
29964 4
29970 7
29972 18
29973 9
29974 17
29976 11
29980 11
29987 1
29996 7
29998 12
30004 15
30006 21
30010 11
30015 13
30019 14
30025 17
30027 12
30035 9
30036 12
30044 1
30054 7
30057 18
30058 5
30063 3
30067 10
30068 18
30069 19
30070 12
30078 21
30082 11
30087 12
30095 7
30097 5
30102 8
30104 18
30105 18
30106 15
30108 11
30114 5
30121 7
30124 19
30126 15
30128 20
30129 17
30131 4
30135 12
30139 18
30140 12
30146 11
30151 12
30157 3
30161 3
30167 14
30174 6
30178 19
30180 17
30182 6
30190 14
30197 17
30199 16
30201 18
30202 7
30205 14
30209 5
30214 5
30221 6
30229 2
30238 7
30241 8
30243 17
30245 12
30251 11
30256 15
30258 11
30263 10
30266 11
30270 6
30276 18
30277 5
30284 12
30290 19
30292 3
30297 9
30298 12
30306 1
30315 2
30322 17
30324 19
30326 18
30327 5
30332 14
30338 20
30340 20
30341 19
30342 15
30344 12
30348 18
30349 17
30351 19
30353 21
30357 6
30363 13
30368 2
30379 7
30382 7
30384 16
30386 8
30388 11
30395 3
30400 18
30401 11
30406 5
30410 11
30414 11
30419 9
30420 2
30431 8
30433 15
30435 2
30442 8
30446 14
30450 21
30454 20
30456 19
30458 14
30464 5
30470 2
30481 20
30482 2
30491 20
30493 11
30500 21
30504 19
30505 1
30515 11
30519 13
30524 11
30530 15
30532 7
30535 12
30541 12
30547 10
30550 17
30552 14
30559 15
30561 1
30568 15
30570 21
30574 12
30580 11
30587 10
30588 11
30593 9
30594 19
30596 11
30600 9
30601 20
30603 19
30605 11
30609 19
30610 15
30612 15
30614 9
30615 12
30619 11
30624 10
30625 5
30630 13
30635 4
30639 15
30641 11
30645 21
30649 15
30651 15
30653 2
30662 21
30666 11
30673 12
30679 17
30681 6
30689 11
30693 5
30697 9
30699 11
30704 14
30711 18
30712 7
30714 4
30720 1
30729 12
30735 4
30741 1
30751 10
30752 15
30754 7
30756 10
30759 3
30763 7
30765 1
30773 9
30775 18
30776 12
30782 6
30788 9
30790 6
30798 3
30802 18
30803 12
30811 8
30815 2
30824 3
30828 6
30832 18
30833 20
30835 1
30843 13
30848 11
30854 17
30856 13
30861 21
30865 10
30866 15
30868 18
30869 18
30870 21
30874 18
30875 19
30876 18
30877 17
30879 2
30890 5
30897 14
30903 1
30911 1
30921 18
30922 12
30930 12
30938 20
30940 19
30941 4
30947 11
30954 18
30955 10
30956 12
30962 7
30965 12
30973 10
30974 17
30976 2
30987 16
30989 9
30991 12
30999 1
31006 1
31013 11
31018 7
31020 1
31030 21
31034 1
31044 19
31045 17
31047 9
31049 13
31054 19
31055 3
31059 18
31060 11
31065 11
31072 16
31074 14
31081 13
31086 13
31092 9
31094 7
31096 12
31100 11
31106 5
31110 16
31112 14
31117 19
31118 5
31125 11
31129 12
31137 13
31142 11
31149 15
31151 15
31153 9
31154 12
31160 12
31166 19
31167 17
31169 17
31171 5
31177 3
31183 21
31187 18
31188 18
31189 9
31191 3
31195 4
31203 19
31205 9
31206 17
31208 3
31215 6
31223 3
31229 17
31231 5
31237 13
31242 12
31250 21
31254 14
31260 13
31264 16
31266 6
31270 7
31272 7
31275 14
31280 11
31284 14
31290 15
31292 12
31298 13
31302 11
31307 18
31308 9
31310 19
31312 6
31316 15
31318 5
31323 8
31325 20
31327 11
31333 4
31341 12
31345 11
31352 11
31356 4
31362 16
31364 7
31367 12
31375 2
31386 6
31392 18
31393 12
31399 18
31400 13
31405 17
31407 4
31413 21
31417 10
31418 12
31424 2
31433 16
31435 10
31438 11
31442 4
31448 7
31451 19
31452 18
31453 8
31455 3
31460 9
31461 10
31462 18
31463 11
31467 18
31468 11
31473 12
31479 13
31484 16
31486 21
31490 12
31494 15
31496 17
31498 21
31502 13
31507 15
31509 20
31510 17
31512 18
31513 10
31514 1
31522 17
31524 10
31525 15
31527 9
31528 3
31534 12
31538 15
31540 3
31545 13
31549 1
31559 11
31563 15
31565 12
31571 3
31578 8
31582 11
31586 18
31587 9
31589 19
31591 9
31593 8
31597 12
31601 16
31603 7
31605 18
31606 17
31608 3
31614 9
31616 11
31621 8
31623 12
31627 20
31628 7
31630 5
31635 12
31639 6
31645 12
31653 11
31659 18
31660 11
31665 12
31669 4
31675 21
31679 10
31682 3
31686 9
31687 19
31689 2
31696 13
31701 11
31708 1
31718 2
31727 3
31734 10
31737 1
31746 12
31754 10
31757 10
31758 20
31759 12
31763 19
31765 16
31767 11
31774 3
31779 12
31785 11
31790 15
31792 14
31797 5
31802 5
31806 11
31811 12
31817 18
31818 11
31825 15
31827 11
31831 1
31838 12
31844 14
31851 3
31855 12
31859 11
31863 10
31864 10
31865 9
31866 13
31871 15
31873 11
31879 18
31880 9
31881 3
31888 13
31893 2
31904 11
31911 3
31918 11
31922 21
31926 6
31932 11
31936 1
31945 12
31951 12
31959 11
31963 1
31970 7
31973 16
31975 13
31979 21
31983 20
31984 9
31986 6
31992 18
31993 16
31995 4
31999 2
32008 2
32019 11
32026 11
32030 11
32036 1
32045 6
32053 1
32062 19
32064 20
32065 9
32067 19
32068 5
32074 11
32079 4
32085 11
32092 4
32098 4
32106 19
32108 21
32112 16
32114 5
32120 19
32122 8
32126 5
32133 17
32135 16
32137 15
32139 19
32141 15
32143 16
32145 11
32150 12
32156 18
32157 15
32159 4
32163 2
32174 19
32176 14
32181 11
32188 9
32190 15
32192 1
32200 7
32203 7
32205 9
32207 12
32213 7
32216 13
32222 21
32226 9
32228 17
32230 6
32236 8
32238 1
32248 11
32254 8
32258 12
32266 19
32267 12
32273 11
32279 17
32281 8
32283 8
32285 1
32293 19
32294 7
32296 4
32302 20
32304 21
32308 18
32309 9
32310 1
32319 19
32321 11
32328 6
32334 7
32336 18
32337 16
32339 15
32341 3
32346 9
32348 1
32357 15
32359 10
32360 16
32362 21
32366 11
32373 10
32376 12
32382 13
32386 1
32395 12
32403 11
32410 15
32412 7
32415 5
32420 4
32424 11
32431 1
32440 14
32447 12
32453 8
32457 8
32459 14
32465 2
32472 8
32474 11
32479 8
32481 18
32482 8
32484 12
32488 19
32490 12
32494 20
32496 11
32500 6
32506 17
32508 21
32512 1
32521 17
32523 10
32526 18
32527 18
32528 19
32529 9
32530 5
32536 19
32538 12
32544 13
32549 12
32555 19
32557 8
32561 15
32563 11
32569 8
32573 1
32580 16
32582 12
32588 18
32589 11
32596 21
32600 15
32602 12
32608 6
32614 21
32618 18
32619 21
32623 7
32626 20
32627 12
32631 17
32633 16
32635 20
32637 18
32638 8
32642 11
32649 8
32653 11
32657 20
32658 18
32659 16
32661 13
32665 17
32667 12
32673 12
32681 2
32688 11
32694 10
32697 12
32703 10
32706 10
32709 10
32712 16
32714 12
32720 8
32724 11
32730 10
32731 20
32733 6
32739 12
32745 1
32753 20
32754 15
32756 19
32757 12
32763 6
32769 18
32770 19
32771 18
32772 12
32780 12
32786 6
32794 18
32795 6
32799 20
32800 11
32805 17
32807 17
32809 19
32810 12
32814 13
32818 17
32820 13
32824 13
32829 3
32833 11
32838 20
32840 16
32842 6
32848 18
32849 18
32850 18
32851 17
32853 7
32856 13
32862 15
32864 15
32866 12
32874 20
32875 2
32882 6
32888 16
32890 16
32892 3
32898 5
32904 17
32906 12
32910 19
32911 11
32917 13
32923 3
32929 12
32935 12
32941 8
32943 7
32946 6
32950 15
32952 2
32959 4
32963 8
32967 11
32972 11
32977 7
32979 21
32983 21
32987 19
32988 15
32990 12
32996 19
32998 11
33002 10
33003 20
33004 2
33013 18
33014 18
33015 6
33021 4
33027 11
33032 5
33037 17
33039 12
33045 12
33051 11
33056 11
33060 12
33064 14
33069 19
33071 12
33077 1
33085 18
33086 12
33090 1
33097 12
33103 7
33105 13
33109 11
33115 18
33116 10
33117 10
33120 2
33129 16
33131 10
33134 18
33135 12
33141 20
33142 11
33148 6
33154 21
33158 18
33159 20
33161 14
33165 16
33167 17
33169 4
33173 18
33174 17
33176 10
33179 12
33185 18
33186 11
33193 14
33197 6
33201 17
33203 12
33207 12
33213 17
33215 11
33222 12
33228 13
33234 3
33240 20
33241 17
33243 4
33249 17
33251 8
33253 10
33256 12
33264 14
33269 12
33275 18
33276 15
33278 19
33280 5
33284 9
33286 11
33291 12
33299 2
33310 18
33311 9
33312 12
33318 16
33320 6
33326 13
33331 21
33335 20
33337 19
33339 14
33343 17
33345 12
33351 6
33359 5
33365 7
33367 15
33369 12
33373 15
33375 12
33381 10
33382 4
33390 12
33394 1
33404 12
33408 16
33410 12
33416 5
33420 14
33426 11
33432 16
33434 11
33439 8
33441 8
33445 11
33449 11
33456 8
33460 18
33461 20
33463 11
33470 9
33472 3
33476 8
33478 3
33483 2
33490 9
33492 12
33496 12
33500 12
33506 7
33508 12
33514 12
33520 11
33524 19
33525 17
33527 7
33529 9
33530 14
33537 2
33544 15
33546 7
33549 12
33555 2
33564 16
33566 3
33570 3
33574 16
33576 6
33582 20
33584 7
33586 16
33588 15
33590 18
33591 12
33599 9
33601 11
33608 11
33613 13
33619 8
33623 6
33631 20
33632 19
33634 18
33635 6
33639 20
33641 2
33650 8
33652 16
33654 3
33660 19
33662 4
33666 5
33672 4
33678 21
33682 21
33686 3
33690 14
33694 12
33698 14
33705 18
33706 3
33712 3
33719 18
33720 16
33722 4
33728 1
33738 5
33743 5
33750 11
33757 7
33760 4
33766 11
33771 4
33777 3
33781 12
33785 20
33787 9
33788 8
33792 12
33798 16
33800 21
33804 15
33806 21
33810 17
33812 17
33814 11
33820 16
33822 18
33823 8
33825 11
33830 18
33831 13
33836 11
33843 18
33844 16
33846 19
33847 3
33851 13
33857 12
33865 12
33871 17
33873 16
33875 1
33882 21
33886 10
33889 12
33893 1
33902 14
33906 17
33908 4
33914 5
33920 8
33924 5
33929 7
33931 2
33942 2
33953 12
33959 18
33960 6
33968 7
33970 11
33975 13
33980 18
33981 8
33985 14
33991 17
33993 21
33997 11
34004 18
34005 2
34016 12
34022 18
34023 20
34025 14
34030 1
34039 18
34040 14
34045 14
34050 2
34059 7
34062 11
34068 6
34072 11
34076 12
34082 10
34083 18
34084 15
34086 14
34091 1
34100 5
34105 16
34107 15
34109 15
34111 2
34120 12
34128 11
34133 12
34137 12
34145 3
34152 10
34153 8
34157 16
34159 7
34161 5
34165 12
34171 8
34173 8
34175 16
34177 2
34184 2
34191 9
34192 2
34199 20
34201 10
34204 17
34206 20
34208 8
34212 12
34218 11
34223 2
34230 10
34233 10
34234 5
34239 18
34240 7
34242 8
34246 2
34255 11
34261 18
34262 5
34266 11
34271 6
34275 8
34279 11
34285 1
34295 20
34297 18
34298 20
34299 3
34305 1
34314 15
34316 1
34323 5
34329 17
34331 11
34335 19
34337 12
34345 15
34347 8
34349 15
34351 11
34356 11
34360 21
34364 9
34366 10
34367 20
34369 9
34370 18
34371 12
34377 8
34379 1
34386 21
34390 9
34391 6
34397 21
34401 18
34402 21
34406 21
34410 12
34416 19
34417 15
34419 5
34424 9
34425 12
34431 11
34438 13
34443 15
34445 15
34447 21
34451 13
34456 3
34462 21
34466 17
34468 18
34469 18
34470 20
34471 5
34477 4
34483 20
34485 8
34487 1
34496 11
34501 14
34506 10
34509 9
34510 7
34513 7
34515 12
34519 6
34527 14
34534 4
34538 10
34541 21
34545 6
34551 5
34557 11
34561 6
34565 12
34571 16
34573 17
34575 16
34577 11
34581 15
34583 12
34591 4
34597 16
34599 11
34605 18
34606 11
34611 16
34613 5
34617 18
34618 12
34626 18
34627 4
34635 10
34636 19
34637 16
34639 11
34646 11
34652 8
34654 8
34658 10
34659 1
34666 9
34667 20
34668 3
34674 1
34681 12
34687 7
34690 16
34692 13
34697 18
34698 11
34703 8
34707 9
34708 12
34714 18
34715 6
34721 15
34723 7
34726 19
34727 11
34732 6
34738 5
34745 12
34751 10
34754 7
34757 11
34762 15
34764 12
34770 17
34772 9
34774 10
34775 13
34780 15
34782 7
34785 14
34791 8
34793 15
34795 17
34797 12
34805 9
34807 10
34808 4
34816 15
34818 11
34822 12
34828 1
34835 19
34837 12
34845 17
34847 3
34852 11
34858 3
34864 4
34868 9
34870 8
34872 9
34874 9
34876 10
34879 12
34883 4
34887 19
34888 16
34890 16
34892 3
34898 11
34902 17
34904 18
34905 11
34910 7
34913 1
34920 14
34927 11
34934 1
34943 3
34949 2
34958 9
34959 5
34966 9
34967 3
34972 7
34975 6
34981 16
34983 15
34985 11
34989 19
34991 11
34995 11
35000 4
35004 1
35012 1
35022 12
35028 5
35032 20
35034 15
35036 11
35043 14
35048 17
35050 12
35056 8
35060 7
35062 12
35066 8
35068 16
35070 20
35072 13
35078 6
35082 9
35083 2
35090 11
35097 18
35098 5
35102 16
35104 18
35105 21
35109 10
35110 12
35116 7
35119 12
35127 1
35136 14
35143 11
35147 12
35155 6
35163 21
35167 12
35171 12
35175 12
35179 4
35185 11
35190 17
35192 4
35196 11
35202 19
35203 12
35207 12
35213 14
35219 20
35220 7
35223 12
35231 18
35232 18
35233 4
35237 4
35243 2
35252 12
35260 3
35265 19
35266 14
35272 13
35278 12
35284 18
35285 5
35290 5
35297 5
35303 12
35309 9
35310 13
35315 12
35319 16
35321 11
35328 12
35336 11
35342 20
35343 5
35349 9
35351 9
35352 16
35354 12
35360 19
35361 20
35363 12
35369 12
35377 4
35385 12
35389 20
35390 21
35394 5
35400 6
35406 15
35408 18
35409 12
35415 6
35423 8
35425 11
35430 12
35436 1
35446 15
35448 14
35453 3
35458 6
35466 8
35468 9
35470 14
35476 11
35483 18
35484 18
35485 8
35487 21
35491 8
35493 7
35496 6
35502 7
35504 2
35511 8
35515 18
35516 12
35524 18
35525 11
35530 9
35532 1
35539 18
35540 12
35546 17
35548 15
35550 4
35556 14
35562 6
35568 6
35574 10
35577 2
35586 12
35594 15
35596 19
35598 12
35604 16
35606 3
35613 18
35614 2
35623 17
35625 18
35626 20
35628 1
35635 12
35639 10
35642 14
35647 18
35648 13
35653 2
35662 21
35666 21
35670 20
35671 19
35672 11
35679 16
35681 6
35687 9
35689 5
35696 21
35700 9
35702 8
35704 18
35705 7
35707 16
35709 19
35710 18
35711 11
35715 17
35717 4
35721 18
35722 13
35728 17
35730 18
35731 11
35737 12
35743 11
35749 19
35750 2
35759 3
35766 12
35772 9
35774 17
35776 11
35780 18
35781 18
35782 3
35786 6
35792 20
35793 8
35795 11
35800 18
35801 11
35807 15
35809 3
35816 13
35822 19
35824 5
35831 12
35837 11
35844 12
35850 15
35852 17
35854 19
35856 12
35860 17
35862 21
35866 10
35869 8
35873 20
35875 18
35876 18
35877 16
35879 15
35881 19
35882 18
35883 18
35884 15
35886 12
35892 15
35894 11
35901 16
35903 12
35907 11
35914 9
35916 15
35918 2
35925 8
35929 11
35934 4
35940 19
35941 5
35947 6
35951 6
35957 7
35960 14
35964 17
35966 3
35972 13
35977 5
35984 11
35988 7
35990 8
35992 15
35994 11
35999 4
36003 4
36009 14
36013 5
36018 17
36020 18
36021 11
36026 14
36030 11
36037 18
36038 5
36042 7
36044 15
36046 11
36050 2
36057 8
36061 11
36068 21
36072 19
36073 20
36074 8
36076 5
36083 15
36085 9
36087 11
36091 3
36096 12
36104 6
36110 5
36114 1
36123 11
36127 11
36134 18
36135 18
36136 18
36137 18
36138 1
36147 15
36149 20
36150 15
36152 7
36154 9
36156 11
36161 15
36163 12
36169 11
36176 11
36181 15
36183 11
36189 18
36190 3
36195 18
36196 18
36197 15
36199 11
36203 2
36214 19
36215 14
36220 16
36222 15
36224 12
36230 11
36234 13
36240 16
36242 20
36243 2
36252 2
36261 12
36269 6
36277 6
36285 12
36291 12
36297 3
36302 7
36304 10
36307 9
36309 17
36311 11
36315 2
36322 11
36327 5
36331 12
36337 11
36343 12
36349 20
36351 18
36352 18
36353 4
36357 2
36364 15
36366 13
36371 6
36375 16
36377 7
36380 8
36382 11
36386 18
36387 6
36393 17
36395 16
36397 16
36399 7
36402 5
36409 11
36415 12
36419 12
36427 3
36433 7
36436 12
36442 6
36450 15
36452 9
36454 18
36455 7
36457 12
36463 21
36467 2
36478 15
36480 11
36485 11
36489 16
36491 4
36499 5
36506 18
36507 18
36508 12
36514 9
36516 3
36522 12
36528 8
36532 20
36534 1
36542 21
36546 6
36554 12
36558 6
36564 11
36568 14
36574 3
36580 16
36582 13
36588 20
36590 7
36593 20
36594 10
36595 18
36596 19
36598 15
36600 19
36602 14
36609 17
36611 9
36613 11
36619 2
36630 11
36637 21
36641 20
36642 21
36646 12
36652 21
36656 18
36657 14
36662 11
36668 12
36674 4
36680 3
36684 21
36688 14
36693 20
36694 17
36696 11
36701 2
36708 5
36713 2
36722 15
36724 5
36731 5
36736 19
36737 14
36744 17
36746 5
36752 18
36753 2
36760 6
36766 4
36772 5
36778 3
36784 8
36788 11
36792 8
36794 5
36799 18
36800 6
36806 15
36808 11
36813 11
36820 7
36823 18
36824 10
36827 4
36835 5
36842 21
36846 12
36852 16
36854 9
36855 8
36857 19
36858 12
36864 11
36871 12
36875 11
36879 1
36887 5
36893 3
36899 20
36900 6
36904 5
36911 16
36913 11
36919 11
36923 11
36930 15
36932 16
36934 20
36935 21
36939 21
36943 11
36947 8
36949 17
36951 11
36955 17
36957 9
36959 12
36965 12
36971 9
36972 18
36973 11
36977 11
36982 2
36989 1
36997 3
37003 12
37011 10
37012 18
37013 9
37014 6
37020 4
37024 18
37025 6
37031 5
37036 2
37045 12
37051 18
37052 9
37053 8
37055 11
37062 16
37064 11
37070 4
37076 16
37078 5
37083 16
37085 21
37089 12
37093 20
37094 9
37095 17
37097 11
37102 6
37108 17
37110 17
37112 8
37114 5
37118 11
37122 8
37124 14
37131 6
37139 5
37144 16
37146 10
37149 2
37160 11
37165 5
37169 19
37170 7
37172 19
37174 19
37175 6
37179 20
37180 19
37182 4
37190 14
37194 6
37198 8
37202 4
37208 18
37209 5
37216 21
37220 11
37227 16
37229 17
37231 21
37235 1
37243 5
37248 12
37254 17
37256 19
37257 13
37261 15
37263 14
37267 1
37276 21
37280 11
37286 2
37297 20
37298 11
37304 14
37309 7
37311 2
37318 15
37320 5
37324 11
37330 20
37331 11
37337 4
37341 11
37345 4
37349 15
37351 4
37357 15
37359 11
37365 20
37367 5
37373 13
37379 9
37381 11
37388 4
37392 21
37396 1
37403 21
37407 11
37411 21
37415 21
37419 17
37421 15
37423 18
37424 4
37430 11
37437 19
37439 21
37443 11
37448 11
37454 15
37456 1
37464 12
37468 21
37472 15
37474 5
37480 3
37487 14
37493 6
37499 8
37503 3
37509 13
37514 12
37520 15
37522 1
37529 10
37530 20
37531 2
37542 10
37543 17
37545 11
37550 17
37552 20
37553 1
37563 6
37567 11
37573 3
37577 10
37578 11
37583 15
37585 16
37587 8
37589 11
37595 10
37598 9
37600 7
37603 16
37605 11
37609 11
37616 5
37623 18
37624 21
37628 3
37633 1
37640 8
37644 8
37646 21
37650 4
37656 2
37665 2
37674 7
37677 9
37678 12
37684 15
37686 9
37688 18
37689 7
37691 3
37696 1
37705 3
37710 1
37718 18
37719 5
37725 2
37732 8
37734 4
37740 12
37746 12
37752 12
37758 11
37764 11
37769 3
37776 5
37781 10
37784 20
37785 19
37787 15
37789 4
37795 11
37802 19
37803 19
37804 11
37809 2
37818 11
37822 12
37828 15
37830 11
37836 7
37838 13
37842 18
37843 20
37845 7
37847 1
37856 18
37857 8
37861 10
37862 10
37865 5
37869 20
37870 3
37877 15
37879 5
37884 6
37892 12
37898 9
37899 14
37903 4
37909 11
37916 6
37922 20
37923 10
37924 7
37927 21
37931 18
37932 8
37934 10
37935 18
37936 11
37942 8
37946 2
37955 15
37957 12
37965 12
37969 3
37974 15
37976 17
37978 1
37986 12
37992 3
37997 14
38004 14
38011 4
38017 9
38018 11
38025 14
38031 18
38032 1
38041 12
38049 11
38054 11
38058 20
38060 7
38062 13
38066 7
38068 13
38072 15
38074 18
38075 18
38076 19
38077 17
38079 11
38085 7
38088 1
38097 21
38101 6
38107 6
38111 2
38118 17
38120 2
38129 7
38131 4
38135 5
38141 19
38142 13
38146 8
38148 4
38156 10
38157 20
38158 7
38161 8
38163 20
38164 16
38166 15
38168 9
38169 12
38175 11
38181 11
38188 6
38194 12
38198 11
38205 9
38207 21
38211 12
38219 20
38220 17
38222 9
38224 10
38227 9
38228 10
38229 21
38233 20
38234 20
38235 12
38239 9
38240 3
38244 11
38248 18
38249 19
38251 10
38254 3
38258 8
38262 3
38269 21
38273 3
38280 12
38288 13
38294 13
38298 18
38299 4
38305 13
38311 1
38321 13
38326 11
38332 4
38336 13
38341 21
38345 4
38349 11
38354 14
38358 16
38360 7
38362 10
38363 18
38364 15
38366 3
38373 8
38375 11
38381 21
38385 15
38387 16
38389 5
38393 12
38399 7
38402 13
38407 21
38411 1
38420 13
38425 10
38426 21
38430 2
38439 13
38444 11
38448 19
38450 7
38453 6
38459 3
38466 11
38473 9
38474 19
38475 19
38477 18
38478 9
38480 9
38481 5
38485 20
38487 5
38492 12
38498 14
38505 8
38507 12
38515 11
38520 2
38529 15
38531 1
38538 11
38544 12
38548 6
38554 12
38562 16
38564 16
38566 7
38569 16
38571 18
38572 6
38578 12
38586 12
38594 5
38598 9
38599 2
38606 17
38608 15
38610 1
38620 11
38627 10
38630 18
38631 5
38635 17
38637 11
38643 12
38649 20
38650 7
38652 14
38659 13
38665 11
38671 15
38673 11
38679 6
38685 18
38686 8
38690 12
38696 18
38697 13
38702 19
38704 4
38710 7
38713 17
38715 1
38722 12
38726 15
38728 12
38736 17
38738 6
38742 9
38743 17
38745 4
38749 2
38758 11
38762 6
38770 19
38771 16
38773 14
38777 1
38784 11
38788 20
38789 11
38796 6
38802 19
38804 3
38809 12
38815 6
38819 12
38827 19
38828 20
38829 4
38833 13
38839 12
38847 2
38858 11
38865 11
38872 10
38873 9
38875 4
38881 17
38883 12
38891 15
38893 9
38894 4
38898 11
38904 11
38910 14
38914 14
38918 19
38919 12
38923 7
38926 9
38927 6
38933 14
38939 18
38940 11
38946 12
38952 8
38956 18
38957 11
38961 14
38968 9
38969 9
38971 9
38973 13
38978 6
38982 5
38989 14
38995 15
38997 9
38999 11
39003 17
39005 4
39011 16
39013 20
39015 14
39020 16
39022 12
39026 9
39027 10
39028 2
39037 12
39041 16
39043 11
39049 18
39050 9
39051 8
39055 20
39057 11
39061 8
39063 4
39069 11
39074 14
39078 3
39083 7
39085 6
39089 1
39096 21
39100 7
39102 12
39106 11
39113 3
39118 11
39123 4
39129 13
39134 11
39138 11
39142 18
39143 18
39144 21
39148 8
39152 14
39159 14
39163 12
39169 7
39171 6
39179 15
39181 4
39187 4
39193 18
39194 19
39196 17
39198 4
39206 12
39212 8
39214 16
39216 16
39218 8
39220 17
39222 6
39228 18
39229 5
39236 3
39242 17
39244 14
39250 11
39254 16
39256 12
39264 11
39271 12
39277 11
39283 14
39287 10
39290 21
39294 11
39298 9
39299 20
39301 6
39307 16
39309 16
39311 15
39313 18
39314 19
39316 5
39321 19
39323 21
39327 7
39329 16
39331 18
39332 18
39333 15
39335 12
39343 19
39345 2
39354 10
39355 20
39357 11
39364 3
39371 14
39378 18
39379 11
39385 19
39386 3
39393 11
39399 4
39407 15
39409 14
39414 4
39420 19
39421 12
39425 4
39429 15
39431 17
39433 14
39439 21
39443 7
39446 11
39453 17
39455 16
39457 13
39463 3
39469 21
39473 16
39475 7
39478 10
39479 4
39485 9
39487 5
39491 12
39495 9
39497 4
39503 20
39504 15
39506 7
39508 4
39512 12
39516 8
39518 14
39525 12
39533 11
39538 7
39541 4
39547 10
39550 5
39554 12
39558 12
39564 20
39566 6
39572 12
39578 17
39580 12
39586 5
39593 14
39600 12
39604 1
39611 10
39614 1
39623 5
39627 2
39634 17
39636 5
39641 7
39643 11
39649 21
39653 18
39654 15
39656 11
39660 3
39667 12
39673 1
39681 19
39683 15
39685 11
39691 11
39696 15
39698 11
39702 11
39708 8
39710 1
39718 18
39719 2
39728 3
39732 16
39734 8
39736 16
39738 1
39748 2
39759 3
39766 3
39772 6
39778 11
39784 8
39788 9
39790 12
39796 17
39798 11
39805 7
39808 2
39819 11
39826 19
39827 4
39831 21
39835 10
39836 18
39837 4
39841 20
39843 18
39844 11
39848 3
39852 4
39858 2
39869 15
39871 20
39872 15
39874 6
39882 11
39887 9
39888 1
39898 16
39900 12
39906 11
39913 15
39915 17
39917 18
39918 15
39920 4
39926 18
39927 11
39933 11
39938 18
39939 20
39940 11
39945 4
39951 11
39957 17
39959 15
39961 3
39965 11
39972 11
39978 12
39984 18
39985 11
39992 20
39993 20
39995 10
39996 6
40004 4
40010 11
40017 1
40026 6
40030 20
40032 18
40033 17
40035 11
40039 3
40043 1
40053 9
40055 13
40060 3
40066 15
40068 7
40071 2
40080 11
40084 11
40088 16
40090 4
40096 15
40098 12
40104 2
40113 7
40116 4
40124 4
40132 12
40136 15
40138 2
40147 21
40151 11
40158 6
40162 6
40168 13
40173 16
40175 7
40178 3
40183 4
40189 12
40193 21
40197 12
40203 6
40209 4
40217 15
40219 2
40228 18
40229 10
40232 2
40243 15
40245 20
40247 7
40249 7
40252 12
40258 18
40259 15
40261 11
40266 12
40272 20
40273 4
40281 14
40287 18
40288 12
40294 11
40300 19
40301 16
40303 10
40306 4
40314 9
40315 3
40320 5
40326 16
40328 7
40330 11
40335 17
40337 17
40339 11
40346 13
40350 16
40352 14
40356 2
40365 5
40369 11
40375 5
40380 12
40386 10
40387 19
40389 11
40396 5
40402 6
40408 1
40415 15
40417 17
40419 21
40423 2
40432 12
40438 4
40442 9
40443 6
40451 3
40458 16
40460 11
40464 12
40468 15
40470 13
40475 11
40480 1
40487 6
40493 11
40500 20
40502 7
40504 12
40512 11
40519 10
40520 1
40530 19
40531 2
40542 21
40546 17
40548 17
40550 4
40554 16
40556 13
40562 19
40563 21
40567 11
40571 19
40573 8
40577 19
40578 16
40580 11
40584 19
40585 8
40589 11
40596 12
40602 21
40606 11
40612 14
40618 16
40620 12
40628 6
40634 20
40635 2
40644 21
40648 8
40652 8
40656 3
40663 7
40665 11
40669 9
40670 18
40671 10
40674 2
40681 21
40685 16
40687 3
40691 9
40692 16
40694 12
40700 15
40702 8
40706 4
40710 19
40711 17
40713 13
40719 21
40723 8
40725 18
40726 12
40730 8
40734 13
40738 3
40742 6
40748 15
40750 16
40752 17
40754 15
40756 21
40760 9
40762 12
40768 2
40775 6
40781 3
40786 11
40790 9
40792 11
40799 7
40801 18
40802 19
40803 2
40812 11
40819 3
40825 18
40826 11
40833 18
40834 6
40840 12
40846 20
40848 4
40852 20
40854 15
40856 11
40862 3
40867 2
40876 11
40880 4
40886 14
40893 12
40897 13
40901 12
40905 7
40908 18
40909 10
40912 16
40914 15
40916 4
40922 12
40928 13
40933 19
40934 1
40943 20
40945 18
40946 13
40951 5
40955 9
40956 11
40962 9
40963 1
40973 9
40974 12
40982 13
40987 7
40990 21
40994 14
40998 11
41003 16
41005 20
41006 15
41008 3
41012 18
41013 18
41014 17
41016 8
41020 11
41025 1
41035 10
41038 16
41040 10
41041 18
41042 6
41046 13
41051 12
41057 2
41068 11
41074 14
41078 8
41082 11
41088 2
41097 12
41101 20
41102 14
41108 9
41110 9
41112 11
41116 5
41122 17
41124 12
41128 15
41130 17
41132 3
41138 7
41141 3
41147 6
41151 9
41152 13
41157 19
41158 6
41162 12
41166 18
41167 18
41168 9
41169 17
41171 6
41177 11
41183 2
41192 13
41197 11
41202 8
41204 21
41208 21
41212 13
41218 11
41224 11
41231 13
41235 14
41241 11
41248 4
41254 4
41262 12
41268 7
41271 6
41279 3
41283 11
41288 19
41289 14
41295 5
41301 8
41305 12
41309 21
41313 18
41314 19
41315 16
41317 6
41323 16
41325 9
41326 5
41330 10
41333 18
41334 17
41336 9
41338 12
41342 12
41346 11
41351 4
41355 16
41357 11
41364 11
41370 6
41376 18
41377 19
41379 12
41385 11
41390 17
41392 17
41394 21
41398 9
41400 13
41406 9
41407 11
41414 11
41418 2
41425 11
41431 1
41440 3
41447 2
41456 11
41463 4
41467 4
41473 13
41478 19
41479 11
41486 17
41488 7
41491 15
41493 18
41494 9
41495 15
41497 7
41499 14
41505 14
41512 12
41518 4
