10000
1 8
3 21
7 4
14 12
21 14
28 14
34 16
36 15
38 9
40 12
47 19
49 9
51 8
54 7
57 11
63 18
64 3
70 18
71 12
79 11
85 21
89 20
91 3
98 12
105 12
113 19
115 5
122 14
128 4
135 11
142 11
148 10
151 20
153 3
159 7
162 11
168 10
169 6
176 11
182 21
186 5
193 14
200 21
204 18
205 18
206 19
208 11
215 3
222 16
224 5
231 11
238 11
245 15
247 18
248 13
253 1
262 17
264 15
266 1
275 12
283 10
285 12
291 12
298 8
301 15
303 8
306 18
307 19
309 9
311 2
321 12
329 14
335 3
342 21
346 3
352 2
362 18
363 5
370 6
378 18
379 21
383 9
385 18
386 1
395 19
397 11
403 9
405 1
414 3
420 12
426 7
429 15
431 19
433 11
439 15
441 16
443 3
449 11
455 18
456 16
458 20
460 15
462 11
468 9
469 19
471 13
476 5
483 18
484 5
491 16
493 2
503 15
505 12
512 9
514 11
520 16
522 8
526 21
530 11
537 20
539 4
545 9
546 1
556 15
558 13
563 16
565 1
574 17
576 10
578 8
581 11
587 11
594 14
600 11
607 11
613 18
614 20
616 19
618 11
625 20
627 8
629 1
638 15
640 11
646 12
652 9
654 5
660 10
662 21
666 16
668 19
670 12
677 1
686 8
690 6
697 12
704 15
706 2
716 2
726 5
732 14
738 12
745 11
751 11
758 11
764 4
770 15
772 15
774 2
783 3
789 8
791 13
796 18
797 15
799 15
801 2
810 12
816 4
823 12
831 4
839 8
842 13
847 12
854 18
855 13
860 7
863 18
864 11
870 2
881 19
883 9
884 9
885 18
886 8
889 15
891 15
893 9
895 11
902 11
909 21
913 2
924 6
930 12
937 11
943 11
950 1
960 18
961 5
968 4
974 20
976 20
978 2
988 21
992 18
993 9
995 6
1002 1
1012 2
1021 5
1027 12
1035 2
1044 19
1046 17
1048 18
1049 11
1056 9
1057 14
1064 6
1071 15
1073 12
1079 12
1087 19
1089 15
1091 7
1094 10
1096 18
1097 2
1106 15
1108 6
1114 16
1116 15
1118 20
1120 12
1127 15
1129 5
1136 5
1142 11
1149 14
1155 8
1157 12
1164 1
1174 12
1181 18
1182 18
1183 1
1193 10
1196 18
1197 20
1199 12
1206 11
1213 10
1216 19
1218 5
1225 20
1227 11
1233 5
1240 12
1248 6
1255 19
1257 8
1260 3
1266 10
1269 4
1275 21
1279 11
1285 11
1292 7
1294 11
1301 17
1303 12
1310 1
1319 12
1326 2
1336 18
1337 16
1339 7
1342 17
1344 17
1346 4
1352 11
1358 13
1363 9
1364 14
1370 18
1371 3
1377 11
1384 12
1391 11
1397 14
1404 16
1406 11
1413 20
1415 1
1424 7
1426 7
1428 20
1430 12
1438 2
1449 12
1457 8
1460 15
1462 11
1468 5
1474 12
1481 18
1482 21
1486 17
1488 3
1495 4
1501 17
1503 13
1508 14
1514 2
1525 1
1534 20
1536 2
1545 8
1548 6
1554 11
1560 20
1562 15
1564 7
1566 14
1571 8
1575 11
1581 8
1584 16
1586 1
1595 12
1601 18
1602 10
1603 12
1611 6
1618 11
1625 13
1631 8
1633 8
1635 9
1636 9
1638 15
1640 3
1646 17
1648 11
1654 11
1661 12
1667 20
1669 18
1670 11
1676 18
1677 3
1683 20
1685 9
1686 12
1692 11
1699 13
1705 13
1711 11
1718 20
1720 18
1721 1
1730 5
1737 12
1744 7
1746 18
1747 20
1749 7
1751 2
1761 14
1766 12
1773 12
1781 18
1782 14
1788 5
1794 6
1802 6
1810 5
1816 21
1820 8
1822 19
1824 12
1832 1
1841 6
1848 15
1850 12
1858 18
1859 8
1862 16
1864 18
1865 9
1867 20
1869 11
1875 5
1881 6
1888 13
1894 11
1901 3
1907 21
1911 21
1915 4
1923 20
1925 20
1927 20
1929 11
1936 12
1942 21
1946 11
1953 15
1955 18
1956 7
1959 16
1961 14
1966 2
1976 18
1977 13
1983 12
1991 18
1992 14
1997 12
2005 6
2012 8
2015 2
2026 18
2027 1
2037 9
2039 13
2045 11
2051 17
2053 21
2057 4
2064 11
2070 1
2080 14
2085 6
2093 3
2099 15
2101 12
2108 11
2114 6
2122 14
2129 4
2136 14
2143 8
2145 10
2147 7
2149 8
2152 11
2159 10
2161 18
2162 8
2165 10
2167 18
2168 9
2169 11
2176 16
2178 12
2185 8
2188 4
2196 9
2197 5
2204 16
2206 11
2212 5
2218 16
2220 21
2224 21
2228 19
2230 19
2232 6
2239 4
2247 8
2250 18
2251 4
2259 16
2261 7
2263 11
2269 6
2276 19
2278 20
2280 16
2282 15
2284 20
2286 9
2288 9
2290 11
2296 19
2298 11
2304 8
2307 10
2309 8
2312 21
2316 12
2323 17
2325 11
2332 12
2339 12
2347 4
2354 21
2358 15
2360 14
2366 11
2372 7
2375 11
2382 12
2389 4
2395 17
2397 12
2405 2
2415 11
2422 12
2429 18
2430 10
2432 8
2435 20
2437 12
2444 12
2451 9
2453 19
2455 5
2462 12
2470 3
2476 6
2483 13
2489 12
2496 20
2498 7
2500 6
2508 7
2510 6
2517 4
2524 10
2527 12
2535 14
2541 11
2547 8
2551 12
2559 11
2566 14
2573 16
2575 9
2576 11
2583 1
2592 19
2594 11
2600 20
2602 5
2609 19
2611 15
2613 11
2619 10
2621 1
2631 15
2633 16
2635 19
2637 21
2641 18
2642 9
2644 20
2646 1
2655 18
2656 5
2663 9
2665 11
2671 2
2681 15
2683 18
2684 5
2690 19
2692 18
2693 3
2699 18
2700 12
2706 16
2708 8
2710 8
2713 11
2719 13
2725 20
2727 10
2729 4
2735 11
2741 19
2743 9
2745 19
2747 10
2749 21
2753 12
2759 6
2765 16
2767 3
2773 6
2781 4
2788 15
2790 13
2796 11
2802 12
2809 17
2811 11
2817 19
2819 1
2828 4
2835 19
2837 16
2839 18
2840 21
2844 6
2851 12
2858 2
2868 21
2872 8
2874 2
2884 3
2890 21
2894 11
2901 11
2908 15
2910 16
2912 5
2919 14
2924 16
2926 11
2933 11
2940 7
2942 10
2945 10
2947 11
2953 12
2960 10
2961 19
2963 6
2969 20
2971 7
2973 18
2974 18
2975 8
2977 8
2979 6
2986 4
2993 20
2995 6
3002 16
3004 4
3012 20
3014 21
3018 10
3020 7
3022 14
3027 21
3031 15
3033 12
3041 14
3047 14
3052 2
3063 10
3065 7
3068 18
3069 4
3076 11
3082 10
3084 4
3091 11
3098 2
3108 6
3115 16
3117 6
3123 11
3129 7
3131 18
3132 18
3133 18
3134 21
3138 6
3146 2
3155 4
3161 12
3168 15
3170 19
3172 20
3174 16
3176 18
3177 6
3184 10
3186 12
3194 3
3200 19
3202 21
3206 3
3212 18
3213 20
3215 16
3217 14
3222 18
3223 18
3224 21
3228 13
3233 12
3240 2
3249 11
3255 11
3261 13
3266 15
3268 16
3270 11
3276 15
3278 6
3284 15
3286 11
3293 4
3299 17
3301 14
3307 2
3318 11
3324 4
3331 12
3339 5
3345 11
3351 18
3352 11
3359 1
3369 6
3376 11
3382 7
3385 1
3394 5
3401 9
3403 12
3410 17
3412 5
3418 1
3428 8
3431 21
3435 16
3437 12
3444 7
3446 20
3448 6
3455 18
3456 11
3462 8
3464 5
3470 8
3473 3
3479 10
3481 9
3483 15
3485 12
3492 1
3502 13
3507 8
3509 5
3516 3
3522 10
3524 12
3531 11
3538 4
3546 6
3552 12
3559 16
3561 11
3568 21
3572 2
3583 11
3590 3
3597 10
3599 14
3604 18
3605 13
3611 9
3612 11
3618 14
3624 8
3627 11
3634 11
3641 12
3648 20
3650 17
3652 14
3658 4
3666 3
3672 12
3679 18
3680 16
3682 1
3692 8
3694 3
3700 10
3702 10
3705 4
3711 4
3717 8
3721 9
3723 2
3733 18
3734 12
3741 18
3742 18
3743 18
3744 19
3746 9
3747 10
3750 1
3759 11
3765 5
3771 18
3772 7
3775 12
3782 14
3788 3
3795 12
3803 5
3810 13
3816 18
3817 12
3824 11
3831 16
3833 11
3839 7
3841 13
3846 18
3847 8
3849 11
3856 17
3858 19
3860 6
3867 9
3868 6
3876 16
3878 11
3885 18
3886 13
3891 4
3897 1
3907 17
3909 11
3915 11
3921 18
3922 2
3933 1
3943 9
3945 20
3947 14
3952 21
3956 12
3962 9
3963 16
3965 20
3967 10
3970 8
3974 5
3980 18
3981 11
3988 17
3990 9
3992 7
3994 7
3997 17
3999 11
4006 1
4016 3
4023 6
4029 12
4035 12
4042 13
4047 3
4053 5
4059 12
4066 4
4073 10
4075 12
4083 3
4089 20
4091 13
4096 17
4098 16
4100 12
4106 1
4116 21
4120 12
4127 17
4129 7
4131 11
4137 1
4147 7
4150 11
4156 21
4160 6
4166 21
4170 13
4176 10
4177 11
4183 9
4185 11
4191 6
4197 3
4203 8
4206 7
4208 7
4210 8
4213 9
4215 13
4220 14
4226 2
4235 4
4243 11
4250 3
4256 17
4258 16
4260 18
4261 11
4267 11
4273 20
4275 11
4281 12
4288 17
4290 20
4292 13
4297 14
4303 3
4309 2
4319 8
4321 18
4322 20
4324 11
4331 2
4341 10
4343 19
4345 16
4347 15
4349 19
4351 5
4358 10
4360 4
4368 14
4375 19
4377 2
4388 11
4395 11
4401 9
4402 4
4409 10
4411 9
4412 4
4420 13
4425 3
4432 15
4434 11
4440 4
4446 5
4453 9
4454 12
4461 11
4468 12
4475 15
4477 11
4484 10
4486 11
4493 5
4499 4
4506 18
4507 6
4515 12
4521 16
4523 4
4530 5
4537 1
4547 18
4548 1
4558 8
4562 7
4565 16
4567 3
4574 8
4578 6
4585 16
4587 20
4589 11
4595 2
4606 12
4614 3
4621 12
4628 15
4630 18
4631 6
4638 1
4647 15
4649 8
4651 6
4659 11
4665 21
4669 1
4679 3
4685 17
4687 2
4698 18
4699 12
4707 2
4717 18
4718 6
4725 18
4726 21
4730 13
4735 3
4741 17
4743 3
4750 12
4758 12
4765 13
4771 14
4777 3
4783 18
4784 11
4790 18
4791 13
4796 4
4803 18
4804 5
4811 10
4812 21
4816 18
4817 11
4823 21
4827 4
4835 17
4837 4
4844 11
4851 5
4858 17
4860 11
4867 17
4869 19
4871 19
4873 15
4875 11
4882 14
4888 19
4890 19
4892 4
4900 15
4902 14
4909 6
4916 12
4924 12
4931 15
4933 18
4934 21
4938 12
4945 9
4947 5
4954 4
4961 1
4970 9
4971 12
4979 8
4982 15
4984 6
4991 2
5002 16
5004 11
5010 2
5021 9
5023 18
5024 14
5031 14
5037 9
5038 11
5044 3
5051 17
5053 4
5059 15
5061 11
5067 1
5076 11
5083 13
5089 9
5091 11
5097 15
5099 18
5100 18
5101 4
5109 9
5110 2
5120 18
5121 11
5127 11
5133 1
5143 11
5149 1
5158 11
5165 11
5171 11
5177 20
5179 18
5180 2
5190 17
5192 1
5201 14
5206 9
5207 15
5209 16
5211 10
5212 3
5219 14
5225 9
5226 11
5232 12
5238 12
5244 5
5251 10
5254 11
5261 10
5263 8
5265 8
5268 20
5270 3
5277 9
5278 13
5284 12
5292 6
5300 10
5302 11
5309 5
5315 4
5321 11
5328 13
5334 20
5336 21
5340 12
5347 14
5353 11
5360 5
5367 5
5373 7
5376 21
5380 5
5386 14
5392 11
5399 6
5406 8
5409 6
5416 4
5424 19
5426 4
5433 1
5443 13
5448 6
5456 7
5459 11
5466 6
5473 9
5475 7
5477 13
5482 16
5484 8
5488 1
5498 2
5509 6
5516 8
5518 12
5526 4
5532 3
5539 14
5544 12
5550 14
5556 5
5563 11
5570 8
5573 4
5580 10
5582 12
5589 4
5596 21
5600 21
5604 8
5606 5
5613 11
5620 9
5622 12
5629 9
5631 18
5632 4
5639 1
5648 1
5658 17
5660 10
5662 19
5664 7
5666 18
5667 13
5672 2
5682 18
5683 8
5686 19
5688 5
5695 12
5701 11
5708 11
5714 9
5716 11
5722 13
5728 21
5732 3
5739 18
5740 18
5741 16
5743 7
5745 21
5749 3
5756 1
5765 16
5767 20
5769 1
5778 12
5784 1
5793 18
5794 8
5796 3
5802 5
5808 9
5809 1
5819 21
5823 9
5825 1
5834 11
5840 11
5847 5
5854 15
5856 9
5857 9
5859 11
5866 20
5868 17
5870 9
5872 8
5876 8
5878 4
5885 11
5891 5
5898 18
5899 8
5902 14
5907 12
5915 2
5926 17
5928 20
5930 9
5931 9
5933 16
5935 13
5941 1
5951 18
5952 11
5958 19
5960 20
5962 2
5972 7
5974 1
5983 11
5990 16
5992 12
5999 18
6000 9
6002 6
6008 12
6014 18
6015 16
6017 7
6020 12
6027 12
6035 11
6042 15
6044 7
6047 5
6053 13
6058 8
6061 11
6067 11
6074 11
6081 11
6087 20
6089 18
6090 11
6096 21
6100 16
6102 13
6108 14
6113 12
6120 16
6122 4
6128 2
6138 9
6139 2
6149 12
6157 1
6167 12
6174 17
6176 18
6177 11
6184 11
6190 11
6196 6
6203 1
6212 18
6213 11
6219 8
6223 12
6230 20
6232 3
6239 12
6246 11
6253 8
6256 11
6263 20
6265 1
6275 17
6277 17
6279 8
6282 12
6289 11
6295 9
6296 6
6302 18
6303 2
6313 7
6315 19
6317 11
6323 11
6329 12
6336 18
6337 2
6348 8
6351 7
6353 15
6355 17
6357 12
6363 14
6369 10
6371 13
6377 8
6380 15
6382 13
6387 11
6393 5
6399 4
6406 12
6412 11
6419 6
6427 4
6435 13
6441 16
6443 12
6450 18
6451 16
6453 19
6455 10
6456 12
6463 19
6465 18
6466 11
6472 10
6475 12
6482 16
6484 8
6486 12
6494 2
6505 21
6509 10
6511 6
6518 7
6521 12
6527 5
6533 11
6539 11
6546 1
6555 16
6557 18
6558 15
6560 5
6566 13
6572 18
6573 13
6579 17
6581 12
6588 15
6590 21
6594 11
6601 21
6605 18
6606 17
6608 21
6612 6
6620 20
6622 11
6628 12
6634 12
6641 18
6642 7
6645 12
6653 21
6657 7
6660 20
6662 10
6664 4
6671 3
6678 14
6684 5
6690 17
6692 20
6694 10
6697 7
6700 6
6707 18
6708 17
6710 8
6713 10
6716 8
6719 4
6727 18
6728 12
6735 7
6737 2
6748 18
6749 12
6756 15
6758 3
6765 4
6771 12
6778 12
6784 9
6786 14
6793 11
6800 18
6801 12
6809 18
6810 20
6812 20
6814 20
6816 11
6823 12
6830 18
6831 8
6835 4
6842 12
6849 6
6856 14
6862 16
6864 13
6870 21
6874 18
6875 3
6881 5
6887 13
6892 10
6894 12
6900 16
6902 2
6912 12
6918 7
6920 16
6922 7
6925 4
6932 15
6934 11
6940 2
6950 15
6952 6
6958 18
6959 10
6961 17
6963 14
6969 2
6980 5
6986 13
6992 10
6995 21
6999 8
7001 20
7003 9
7005 19
7007 11
7013 11
7020 12
7028 16
7030 11
7036 18
7037 12
7044 7
7047 11
7053 4
7059 5
7065 12
7071 20
7073 8
7077 18
7078 15
7080 20
7082 18
7083 18
7084 14
7090 3
7097 20
7099 14
7106 11
7113 16
7115 11
7122 18
7123 13
7128 11
7135 12
7143 20
7145 2
7155 9
7157 12
7164 15
7166 8
7169 14
7176 14
7182 18
7183 8
7186 12
7192 20
7194 12
7201 11
7208 10
7209 10
7211 14
7218 14
7224 11
7231 6
7237 4
7243 2
7253 13
7259 1
7268 11
7274 11
7280 3
7287 7
7289 18
7290 11
7297 9
7298 18
7299 3
7305 6
7311 11
7318 11
7325 5
7331 11
7338 17
7340 12
7347 10
7348 11
7354 10
7357 17
7359 4
7367 11
7374 17
7376 12
7382 6
7389 10
7391 11
7398 12
7405 2
7414 1
7423 21
7427 11
7433 19
7435 20
7437 5
7444 12
7451 7
7453 12
7461 8
7465 18
7466 9
7467 11
7474 11
7481 7
7484 18
7485 21
7489 6
7496 2
7507 15
7509 5
7515 1
7525 19
7527 17
7529 11
7535 11
7542 1
7552 9
7553 9
7554 7
7557 18
7558 1
7568 11
7574 11
7580 15
7582 11
7588 13
7594 8
7598 2
7609 2
7618 15
7620 7
7623 3
7630 11
7637 20
7639 5
7645 16
7647 21
7651 20
7653 13
7658 1
7668 10
7671 12
7678 8
7682 12
7688 16
7690 11
7697 14
7702 11
7709 11
7716 15
7718 2
7728 11
7735 15
7737 2
7746 18
7747 18
7748 6
7755 1
7764 2
7774 10
7777 14
7783 11
7790 17
7792 7
7794 17
7796 12
7802 9
7803 12
7811 2
7821 2
7832 21
7836 11
7843 14
7849 11
7856 17
7858 20
7860 19
7862 5
7868 2
7878 19
7880 20
7882 3
7889 11
7896 2
7907 18
7908 15
7910 11
7917 3
7924 14
7930 11
7936 11
7942 8
7944 17
7946 11
7952 4
7960 9
7962 6
7970 3
7976 4
7983 7
7986 20
7988 5
7995 10
7998 6
8006 1
8015 11
8022 12
8029 12
8036 9
8038 14
8045 2
8056 20
8058 20
8060 6
8068 12
8075 18
8076 10
8078 15
8080 11
8087 13
8092 3
8098 16
8100 19
8102 15
8104 11
8110 1
8120 10
8121 15
8123 11
8130 6
8137 13
8142 14
8148 10
8150 19
8152 20
8154 20
8156 16
8158 6
8165 8
8169 2
8179 4
8186 15
8188 11
8194 12
8201 14
8207 2
8217 6
8224 15
8226 20
8228 18
8229 5
8236 18
8237 10
8238 9
8239 8
8242 18
8243 20
8245 12
8251 8
8253 16
8255 13
8260 19
8262 13
8267 7
8270 18
8271 15
8273 17
8275 20
8277 12
8283 20
8285 18
8286 20
8288 14
8294 7
8296 3
8303 18
8304 17
8306 3
8312 20
8314 11
8321 10
8324 19
8326 4
8333 18
8334 18
8335 3
8341 15
8343 12
8351 16
8353 17
8355 4
8361 16
8363 11
8369 1
8378 18
8379 1
8388 3
8394 11
8400 4
8406 3
8412 21
8416 7
8418 18
8419 21
8423 7
8426 18
8427 11
8433 10
8435 19
8437 5
8443 19
8445 12
8452 19
8454 15
8456 20
8458 7
8460 4
8468 3
8475 12
8482 11
8489 11
8495 9
8496 18
8497 11
8503 16
8505 15
8507 20
8509 7
8512 12
8519 21
8523 3
8529 8
8531 18
8532 13
8537 12
8543 18
8544 14
8549 14
8554 5
8560 16
8562 17
8564 2
8573 12
8580 12
8587 4
8595 8
8598 17
8600 12
8606 13
8612 18
8613 3
8620 15
8622 2
8632 18
8633 10
8636 14
8643 18
8644 20
8646 18
8647 18
8648 12
8656 11
8662 16
8664 4
8671 10
8672 12
8679 4
8685 12
8691 7
8694 1
8703 21
8707 12
8713 14
8719 2
8730 8
8733 13
8738 11
8745 2
8755 18
8756 20
8758 19
8760 21
8764 17
8766 9
8768 6
8775 11
8782 9
8784 17
8786 9
8787 18
8788 4
8795 16
8797 11
8803 4
8810 13
8815 13
8820 18
8821 3
8827 7
8830 19
8832 7
8834 12
8840 13
8846 8
8849 11
8856 21
8860 12
8866 18
8867 6
8875 11
8882 10
8884 19
8886 12
8893 19
8895 19
8897 20
8899 21
8903 2
8912 12
8918 3
8924 19
8926 11
8933 19
8935 1
8945 14
8951 12
8957 5
8964 9
8966 4
8972 5
8979 12
8986 12
8993 18
8994 12
9000 14
9007 6
9014 5
9020 2
9030 5
9036 17
9038 6
9044 18
9045 1
9054 8
9057 1
9067 4
9074 7
9077 16
9079 18
9080 18
9081 14
9088 19
9090 9
9091 2
9101 9
9103 16
9105 11
9112 17
9114 1
9124 18
9125 18
9126 9
9128 12
9135 18
9136 3
9142 12
9150 5
9157 18
9158 20
9160 17
9162 20
9164 15
9166 19
9168 12
9175 3
9182 1
9191 11
9197 11
9203 14
9208 6
9214 2
9225 11
9232 18
9233 17
9235 21
9239 12
9247 12
9255 8
9258 21
9262 9
9263 18
9264 11
9270 3
9276 13
9282 16
9284 11
9290 15
9292 20
9294 13
9299 13
9305 6
9311 15
9313 7
9315 5
9321 12
9327 11
9333 14
9340 18
9341 17
9343 19
9345 11
9352 14
9358 15
9360 1
9370 18
9371 12
9378 12
9385 16
9387 17
9389 18
9390 7
9393 11
9399 19
9401 11
9408 2
9419 17
9421 4
9427 18
9428 12
9436 14
9441 2
9451 11
9457 10
9458 2
9468 5
9474 18
9475 11
9482 9
9483 6
9490 18
9491 19
9493 19
9495 10
9497 13
9503 14
9509 16
9511 12
9518 15
9520 8
9523 1
9533 18
9534 9
9536 10
9539 10
9542 20
9544 11
9551 5
9558 11
9565 19
9567 13
9573 2
9584 4
9591 3
9597 12
9603 14
9608 15
9610 11
9617 18
9618 3
9625 11
9632 1
9641 18
9642 11
9648 12
9655 17
9657 11
9664 17
9666 21
9670 21
9674 19
9676 1
9686 1
9695 11
9702 11
9709 18
9710 10
9711 15
9713 9
9714 18
9715 8
9719 11
9726 17
9728 11
9734 19
9736 15
9738 7
9740 11
9746 9
9748 9
9749 17
9751 3
9758 21
9762 10
9764 18
9765 11
9772 10
9773 11
9780 19
9782 5
9789 12
9797 5
9803 10
9805 21
9809 15
9811 13
9817 4
9825 3
9831 10
9832 12
9838 16
9840 12
9846 13
9851 8
9853 2
9864 11
9871 6
9878 6
9884 7
9887 12
9894 15
9896 18
9897 20
9899 3
9905 12
9912 9
9913 5
9919 2
9930 5
9937 19
9939 12
9946 8
9949 20
9951 18
9952 19
9954 21
9958 11
9964 3
9971 18
9972 15
9974 8
9977 2
9987 8
9990 10
9993 12
10001 8
10005 11
10012 1
10022 7
10025 17
10027 8
10030 11
10037 11
10043 8
10045 13
10050 7
10053 16
10055 5
10061 18
10062 8
10066 3
10073 20
10075 17
10077 16
10079 10
10080 6
10088 5
10095 19
10097 14
10103 11
10110 5
10117 11
10124 20
10126 7
10129 6
10137 9
10138 6
10144 11
10151 8
10155 12
10162 15
10164 3
10171 17
10173 11
10179 5
10186 18
10187 11
10194 7
10197 15
10199 20
10201 17
10203 12
10211 18
10212 2
10222 2
10232 17
10234 6
10240 20
10242 11
10248 11
10254 11
10261 15
10263 10
10265 16
10267 11
10273 8
10277 21
10281 11
10288 19
10290 12
10296 21
10300 21
10304 8
10308 17
10310 8
10313 19
10315 16
10317 18
10318 1
10328 12
10335 10
10337 5
10344 8
10347 6
10354 18
10355 5
10362 11
10368 9
10370 20
10372 11
10378 14
10383 1
10392 18
10393 16
10395 16
10397 8
10400 12
10407 4
10414 4
10421 14
10427 5
10434 9
10435 11
10442 12
10448 3
10454 18
10455 18
10456 3
10462 9
10463 1
10472 16
10474 19
10476 6
10483 18
10484 11
10490 2
10501 3
10508 11
10515 3
10521 12
10528 4
10535 15
10537 10
10539 11
10545 16
10547 12
10554 8
10557 13
10562 20
10564 3
10570 12
10578 11
10585 12
10592 11
10599 21
10603 2
10614 5
10620 19
10622 3
10628 20
10630 2
10640 20
10642 14
10649 9
10651 1
10661 11
10667 11
10674 15
10676 12
10682 16
10684 1
10694 15
10696 4
10704 3
10710 6
10717 6
10725 11
10731 12
10737 16
10739 12
10746 11
10753 18
10754 3
10760 11
10767 4
10774 19
10776 2
10786 8
10790 15
10792 21
10796 5
10803 12
10809 11
10816 6
10824 4
10830 17
10832 7
10834 20
10836 17
10838 6
10844 18
10845 12
10852 18
10853 13
10859 9
10860 20
10862 13
10868 8
10870 8
10872 11
10879 9
10881 2
10891 21
10895 7
10898 18
10899 10
10901 20
10903 17
10905 11
10912 11
10918 14
10923 2
10934 1
10943 15
10945 4
10951 7
10954 19
10956 4
10963 2
10973 11
10980 8
10982 11
10989 20
10991 12
10998 1
11007 19
11009 2
11018 10
11019 11
11025 7
11028 10
11031 19
11033 4
11041 18
11042 3
11048 10
11050 20
11052 12
11059 18
11060 1
11070 20
11072 8
11075 19
11077 11
11084 3
11091 17
11093 7
11095 5
11102 13
11108 11
11115 13
11121 17
11123 12
11130 9
11132 10
11134 15
11136 9
11138 1
11147 13
11153 18
11154 21
11158 11
11165 11
11171 1
11181 11
11188 18
11189 12
11197 5
11203 20
11205 12
11212 11
11218 21
11222 11
11229 4
11235 1
11245 18
11246 18
11247 12
11253 6
11261 15
11263 15
11265 9
11266 1
11275 10
11277 10
11278 21
11282 10
11283 12
11289 3
11295 11
11301 19
11303 15
11305 20
11307 1
11317 20
11319 2
11329 20
11331 9
11333 12
11340 8
11343 12
11351 21
11355 11
11362 17
11364 13
11370 18
11371 21
11375 6
11381 1
11391 15
11393 5
11399 18
11400 6
11407 17
11409 17
11411 11
11417 21
11421 12
11428 1
11437 18
11438 11
11445 16
11447 11
11453 5
11459 14
11465 12
11472 13
11478 3
11485 11
11491 5
11498 13
11504 12
11511 21
11515 16
11517 8
11520 12
11527 5
11533 2
11543 12
11551 1
11560 18
11561 7
11564 11
11570 13
11575 6
11581 18
11582 13
11588 2
11598 4
11604 3
11611 9
11612 11
11618 21
11622 11
11629 11
11635 9
11636 6
11643 13
11649 6
11656 21
11660 18
11661 17
11663 16
11665 3
11671 12
11679 11
11686 11
11692 11
11699 5
11705 21
11709 15
11711 1
11721 17
11723 11
11729 8
11732 18
11733 3
11739 8
11741 9
11742 1
11752 18
11753 14
11760 10
11763 5
11769 9
11771 18
11772 3
11779 8
11781 1
11790 18
11791 1
11801 12
11807 14
11813 12
11819 11
11825 14
11831 10
11833 15
11835 13
11840 6
11848 7
11851 3
11857 17
11859 11
11866 16
11868 7
11871 16
11873 18
11874 11
11881 11
11887 11
11894 17
11896 2
11907 17
11909 1
11919 4
11926 3
11933 21
11937 13
11943 11
11949 11
11956 18
11957 12
11964 20
11966 12
11973 11
11980 1
11990 3
11996 8
11998 20
12000 7
12002 7
12004 11
12010 4
12016 21
12020 15
12022 15
12024 14
12030 11
12036 5
12043 18
12044 10
12045 12
12051 4
12058 12
12065 11
12072 1
12081 11
12087 10
12089 14
12095 21
12099 19
12101 7
12104 14
12111 11
12118 11
12124 15
12126 9
12128 9
12130 2
12140 15
12142 21
12146 7
12149 15
12151 17
12153 18
12154 17
12156 21
12160 12
12166 2
12176 5
12182 12
12189 21
12193 12
12199 7
12201 12
12209 18
12210 8
12214 12
12221 11
12228 11
12235 3
12241 17
12243 2
12252 7
12255 13
12261 21
12265 18
12266 18
12267 12
12275 20
12277 8
12280 14
12285 8
12288 18
12289 4
12297 5
12303 13
12308 6
12315 11
12322 10
12324 11
12331 10
12334 19
12336 20
12338 18
12339 17
12341 9
12343 5
12349 4
12356 2
12366 12
12373 18
12374 7
12376 9
12378 2
12389 5
12395 6
12403 18
12404 18
12405 11
12412 12
12418 15
12420 12
12427 12
12434 11
12440 1
12450 9
12451 16
12453 15
12455 13
12461 10
12464 2
12473 8
12475 8
12477 18
12478 12
12485 11
12492 2
12502 1
12511 2
12522 18
12523 16
12525 16
12527 18
12528 14
12534 6
12541 5
12548 10
12550 5
12557 2
12567 14
12574 15
12576 10
12578 17
12580 11
12586 8
12589 18
12590 18
12591 6
12598 15
12600 17
12602 5
12608 11
12615 21
12619 20
12621 12
12629 14
12635 2
12646 16
12648 8
12652 8
12655 7
12658 16
12660 12
12667 12
12674 19
12676 7
12678 8
12681 3
12688 18
12689 16
12691 14
12697 6
12704 8
12707 16
12709 12
12715 5
12721 16
12723 20
12725 3
12732 7
12735 14
12740 11
12746 3
12753 16
12755 17
12757 11
12763 12
12770 11
12777 5
12784 1
12794 12
12801 9
12803 2
12814 17
12816 3
12823 15
12825 12
12832 16
12834 12
12842 16
12844 12
12852 11
12859 8
12862 21
12866 12
12873 3
12879 21
12883 11
12889 13
12894 10
12896 6
12903 19
12905 19
12907 13
12913 21
12917 2
12927 19
12929 12
12936 4
12942 18
12943 12
12951 4
12957 1
12967 10
12968 12
12975 11
12981 12
12989 21
12993 18
12994 9
12995 1
13004 16
13006 12
13014 19
13016 13
13022 12
13029 13
13035 19
13037 6
13044 11
13050 14
13056 6
13063 14
13069 19
13071 14
13076 5
13083 17
13085 10
13088 16
13090 13
13095 12
13102 10
13105 1
13114 19
13116 17
13118 15
13120 13
13125 7
13127 11
13133 16
13135 17
13137 19
13139 12
13145 16
13147 3
13153 12
13159 8
13162 12
13170 7
13172 15
13174 17
13176 9
13177 21
13181 12
13188 18
13189 11
13195 11
13201 11
13207 12
13214 10
13215 16
13217 19
13219 11
13225 11
13231 3
13237 9
13238 10
13240 15
13242 17
13244 1
13254 8
13258 12
13264 11
13270 4
13277 8
13279 8
13281 8
13285 11
13291 3
13297 19
13299 15
13301 18
13302 18
13303 10
13306 5
13313 17
13315 20
13317 11
13324 21
13328 11
13335 20
13337 11
13344 8
13347 1
13357 6
13364 17
13366 10
13367 15
13369 8
13372 6
13379 14
13384 2
13394 4
13401 20
13403 11
13409 4
13415 6
13422 11
13428 18
13429 15
13431 1
13441 13
13447 16
13449 4
13457 21
13461 21
13465 21
13469 3
13476 12
13483 21
13487 17
13489 9
13491 17
13493 2
13503 11
13510 17
13512 19
13514 7
13516 8
13518 13
13524 2
13534 18
13535 20
13537 2
13546 20
13548 20
13550 4
13557 17
13559 10
13560 5
13566 9
13567 17
13569 10
13572 21
13576 12
13583 8
13586 12
13593 2
13603 19
13605 19
13607 13
13613 10
13614 11
13621 20
13623 11
13630 9
13632 1
13641 8
13644 14
13650 11
13656 1
13666 3
13673 18
13674 9
13675 5
13682 1
13692 17
13694 14
13701 13
13707 13
13712 11
13719 11
13726 15
13728 11
13734 21
13738 2
13748 9
13749 8
13752 9
13753 11
13759 12
13766 16
13768 11
13774 10
13775 4
13782 2
13793 11
13799 15
13801 12
13809 11
13816 4
13823 14
13828 21
13832 18
13833 12
13841 2
13850 16
13852 12
13860 8
13862 11
13869 11
13876 12
13882 11
13889 12
13895 12
13902 21
13906 12
13913 5
13919 9
13921 12
13929 20
13931 11
13938 16
13940 1
13950 15
13952 17
13954 5
13961 11
13968 1
13978 11
13984 11
13991 15
13993 15
13995 19
13997 17
13999 6
14007 6
14014 11
14020 10
14023 14
14029 12
14035 6
14042 13
14048 10
14050 13
14055 21
14059 1
14068 12
14074 11
14080 13
14085 21
14089 2
14099 1
14109 5
14116 1
14126 7
14129 18
14130 16
14132 8
14135 1
14144 18
14145 19
14147 14
14153 12
14159 21
14163 6
14170 7
14173 9
14175 15
14177 18
14178 11
14184 9
14186 17
14188 17
14190 4
14196 11
14203 12
14211 8
14214 2
14224 20
14226 19
14228 14
14234 17
14236 12
14244 16
14246 6
14253 21
14257 8
14260 12
14267 15
14269 16
14271 13
14276 4
14283 5
14289 15
14291 11
14297 15
14299 20
14301 19
14303 5
14309 14
14315 2
14326 13
14331 9
14332 12
14339 18
14340 1
14350 11
14357 8
14361 11
14368 9
14370 6
14377 1
14387 9
14388 12
14396 13
14401 19
14403 2
14413 16
14415 12
14422 21
14426 7
14429 11
14435 11
14441 11
14447 6
14454 6
14462 7
14464 8
14466 2
14476 16
14478 6
14485 12
14491 6
14498 14
14504 18
14505 6
14512 12
14519 7
14521 18
14522 11
14529 9
14531 18
14532 17
14534 1
14543 12
14549 5
14555 16
14557 3
14563 18
14564 12
14571 16
14573 2
14583 6
14589 12
14595 13
14601 9
14602 19
14604 8
14607 13
14613 18
14614 2
14623 3
14629 6
14637 1
14646 11
14652 1
14661 3
14667 15
14669 8
14673 5
14679 8
14683 8
14685 20
14687 11
14694 15
14696 12
14702 21
14706 7
14709 15
14711 12
14718 7
14720 12
14727 11
14734 8
14736 18
14737 15
14739 9
14741 11
14747 2
14757 6
14765 14
14770 12
14776 16
14778 17
14780 7
14783 11
14790 5
14797 13
14803 19
14805 13
14810 18
14811 15
14813 11
14819 20
14821 10
14823 7
14825 5
14831 4
14838 1
14848 15
14850 3
14857 9
14858 16
14860 21
14864 18
14865 14
14871 19
14873 21
14877 2
14888 4
14894 15
14896 7
14898 14
14903 11
14910 18
14911 11
14918 18
14919 3
14926 12
14933 17
14935 14
14942 21
14946 20
14948 1
14957 14
14963 15
14965 9
14967 21
14971 9
14972 21
14976 2
14985 6
14992 2
15001 4
15009 15
15011 14
15018 7
15020 15
15022 9
15024 8
15027 3
15034 14
15041 16
15043 16
15045 4
15052 4
15060 5
15067 14
15072 3
15078 17
15080 21
15084 7
15087 16
15089 11
15096 11
15103 12
15111 11
15117 6
15124 14
15129 16
15131 15
15133 16
15135 12
15143 15
15145 18
15146 20
15148 12
15154 6
15161 9
15162 4
15169 11
15175 12
15183 18
15184 21
15188 11
15194 4
15200 17
15202 6
15210 4
15217 13
15222 3
15229 19
15231 12
15238 11
15244 16
15246 21
15250 12
15257 18
15258 6
15265 11
15272 12
15280 10
15282 12
15289 2
15299 11
15306 10
15307 14
15313 14
15320 3
15327 20
15329 5
15336 11
15342 11
15348 9
15349 5
15356 18
15357 21
15361 14
15368 18
15369 3
15375 13
15381 11
15388 12
15395 8
15398 21
15402 19
15404 16
15406 3
15413 14
15419 13
15424 18
15425 21
15429 17
15431 2
15441 21
15445 11
15452 18
15453 2
15463 9
15465 12
15472 8
15475 20
15477 14
15483 21
15487 15
15489 20
15491 10
15493 12
15500 7
15503 14
15508 18
15509 10
15511 12
15518 21
15522 12
15528 13
15534 8
15538 19
15540 16
15542 9
15544 8
15547 16
15549 4
15555 17
15557 2
15567 14
15572 3
15579 9
15580 16
15582 9
15584 14
15590 12
15598 11
15605 2
15615 14
15621 4
15627 5
15633 21
15637 8
15641 5
15648 18
15649 19
15651 15
15653 9
15654 2
15663 15
15665 12
15672 7
15675 4
15682 3
15689 17
15691 11
15698 12
15705 19
15707 21
15711 11
15717 2
15726 4
15733 12
15740 11
15747 11
15753 7
15756 11
15763 11
15770 18
15771 1
15780 21
15784 16
15786 17
15788 14
15795 20
15797 21
15801 9
15802 14
15809 9
15811 1
15821 11
15828 14
15835 20
15837 15
15839 18
15840 13
15845 10
15847 16
15849 11
15856 20
15858 5
15864 10
15865 4
15872 9
15874 5
15881 21
15885 17
15887 7
15890 11
15897 16
15899 6
15906 11
15912 6
15919 20
15921 20
15923 15
15925 13
15931 6
15937 21
15941 12
15948 12
15954 3
15960 18
15961 11
15967 19
15969 1
15979 12
15986 7
15989 16
15991 11
15998 12
16004 11
16011 3
16017 21
16021 7
16024 11
16030 2
16040 1
16049 6
16057 21
16061 14
16066 9
16067 12
16073 18
16074 4
16080 11
16086 14
16091 16
16093 17
16095 16
16097 10
16098 3
16104 3
16111 7
16114 17
16116 17
16118 20
16120 1
16130 3
16136 9
16138 7
16141 10
16144 16
16146 6
16154 11
16161 11
16167 19
16169 16
16171 5
16177 10
16178 12
16185 13
16191 20
16193 1
16203 4
16210 16
16212 15
16214 3
16221 14
16226 6
16233 18
16234 3
16240 16
16242 16
16244 18
16245 4
16252 18
16253 12
16259 10
16262 2
16271 20
16273 7
16275 13
16281 11
16287 9
16288 11
16294 12
16302 12
16309 11
16316 4
16323 19
16325 9
16327 3
16334 12
16341 18
16342 1
16351 4
16357 5
16363 4
16370 16
16372 8
16375 11
16381 12
16388 5
16394 8
16396 17
16398 20
16400 20
16402 15
16404 11
16411 19
16413 11
16420 15
16422 14
16428 14
16434 4
16442 10
16444 19
16446 17
16448 2
16457 13
16463 6
16470 4
16477 5
16484 13
16490 11
16497 11
16504 12
16511 5
16517 1
16527 18
16528 13
16534 13
16540 11
16546 11
16553 11
16560 8
16563 15
16565 6
16572 11
16578 16
16580 4
16586 5
16592 11
16598 8
16601 8
16603 1
16612 11
16618 6
16625 21
16629 16
16631 1
16641 1
16651 3
16657 12
16664 11
16670 12
16677 15
16679 18
16680 1
16689 12
16696 9
16697 18
16698 17
16700 11
16706 11
16713 9
16714 18
16715 11
16722 11
16729 12
16735 12
16742 11
16749 10
16750 5
16757 11
16763 17
16765 11
16772 6
16779 13
16785 10
16788 7
16791 18
16792 16
16794 12
16802 9
16803 4
16810 18
16811 19
16813 7
16815 12
16822 8
16825 7
16828 12
16834 13
16839 20
16841 4
16849 21
16853 8
16857 5
16864 3
16871 2
16880 11
16886 19
16888 1
16897 18
16898 11
16905 7
16908 12
16916 2
16925 2
16936 3
16943 5
16950 11
16957 12
16965 9
16967 3
16973 11
16979 12
16987 21
16991 21
16995 10
16998 17
17000 5
17007 1
17016 11
17022 11
17029 17
17031 11
17037 8
17039 2
17048 8
17051 18
17052 1
17061 19
17063 20
17065 3
17071 7
17074 21
17078 15
17080 17
17082 6
17089 1
17098 10
17101 18
17102 21
17106 19
17108 3
17114 11
17121 6
17128 14
17134 9
17136 3
17143 18
17144 17
17146 10
17148 11
17155 15
17157 12
17163 6
17170 17
17172 12
17179 3
17185 16
17187 12
17193 12
17201 6
17208 16
17210 12
17218 8
17220 17
17222 4
17228 15
17230 3
17236 11
17242 19
17244 18
17245 14
17251 11
17257 21
17261 20
17263 13
17268 11
17275 15
17277 15
17279 7
17281 4
17288 18
17289 11
17296 18
17297 3
17303 18
17304 21
17308 2
17317 15
17319 4
17325 3
17331 12
17338 11
17345 3
17352 2
17361 18
17362 3
17368 11
17375 17
17377 13
17383 11
17390 7
17392 12
17399 18
17400 1
17409 21
17413 6
17421 20
17423 4
17431 11
17438 17
17440 10
17442 10
17444 18
17445 6
17452 10
17453 4
17460 18
17461 11
17468 9
17470 1
17479 12
17486 15
17488 21
17492 15
17494 12
17500 17
17502 2
17513 6
17519 4
17527 1
17537 13
17542 18
17543 7
17545 18
17546 6
17554 11
17561 11
17568 14
17575 12
17582 2
17591 11
17597 20
17599 18
17600 15
17602 8
17605 21
17609 11
17615 18
17616 4
17623 13
17629 15
17631 2
17640 11
17646 18
17647 3
17653 16
17655 18
17656 6
17662 17
17664 12
17672 12
17678 16
17680 12
17687 18
17688 6
17694 7
17696 12
17704 5
17710 11
17717 18
17718 16
17720 11
17726 18
17727 14
17732 9
17734 1
17743 12
17750 2
17760 20
17762 20
17764 11
17771 20
17773 8
17775 5
17781 13
17787 2
17797 18
17798 11
17804 20
17806 13
17812 11
17818 4
17824 15
17826 16
17828 1
17837 1
17846 17
17848 17
17850 6
17857 18
17858 10
17860 12
17868 10
17870 12
17876 11
17883 11
17890 17
17892 15
17894 3
17900 14
17907 18
17908 4
17914 18
17915 4
17923 21
17927 1
17937 9
17939 20
17941 14
17948 20
17950 9
17951 17
17953 19
17955 14
17961 7
17964 12
17971 11
17978 10
17980 12
17986 6
17994 21
17998 15
18000 16
18002 2
18012 10
18015 12
18023 11
18030 17
18032 3
18038 11
18045 7
18048 18
18049 7
18052 12
18059 6
18066 15
18068 11
18074 11
18080 11
18087 4
18094 21
18098 11
18105 12
18111 2
18122 13
18128 14
18134 21
18138 10
18140 9
18142 19
18144 12
18152 21
18156 4
18163 12
18169 12
18175 8
18178 6
18185 20
18187 12
18193 3
18199 12
18205 18
18206 11
18213 7
18216 5
18223 18
18224 11
18230 15
18232 12
18239 14
18245 8
18248 18
18249 16
18251 3
18258 3
18265 15
18267 20
18269 3
18275 11
18282 9
18284 1
18293 17
18295 12
18302 9
18304 18
18305 2
18316 5
18323 11
18329 3
18335 17
18337 12
18344 12
18352 5
18359 15
18361 8
18364 11
18371 4
18378 20
18380 2
18391 19
18393 20
18395 20
18397 18
18398 2
18408 11
18415 14
18422 1
18431 12
18439 14
18444 12
18450 15
18452 11
18458 4
18464 18
18465 20
18467 17
18469 5
18475 8
18479 9
18480 11
18487 18
18488 13
18494 17
18496 6
18503 6
18510 16
18512 8
18514 1
18524 7
18526 17
18528 17
18530 7
18532 6
18539 20
18541 12
18548 11
18555 11
18562 4
18568 20
18570 3
18576 11
18583 3
18590 15
18592 19
18594 14
18599 11
18606 9
18608 19
18610 13
18615 17
18617 8
18620 5
18627 17
18629 8
18633 18
18634 4
18642 16
18644 6
18651 15
18653 18
18654 12
18662 18
18663 1
18672 11
18679 18
18680 12
18688 20
18690 15
18692 10
18693 17
18695 18
18696 17
18698 12
18705 20
18707 13
18712 11
18719 19
18721 7
18724 16
18726 4
18732 5
18739 2
18749 1
18758 11
18764 16
18766 21
18770 1
18780 16
18782 19
18784 20
18786 13
18791 6
18798 6
18805 18
18806 10
18808 11
18814 12
18820 18
18821 6
18827 16
18829 15
18831 13
18836 16
18838 21
18842 1
18851 18
18852 8
18854 2
18864 12
18870 4
18877 20
18879 12
18886 1
18895 18
18896 21
18900 19
18902 10
18904 11
18910 16
18912 18
18913 9
18915 13
18921 2
18930 13
18936 13
18941 14
18948 8
18951 16
18953 11
18959 21
18963 11
18970 20
18972 2
18982 20
18984 4
18991 3
18997 11
19004 12
19010 1
19019 13
19024 11
19031 2
19042 11
19049 18
19050 11
19056 8
19058 14
19065 10
19067 10
19069 17
19071 10
19073 7
19076 3
19082 14
19088 16
19090 15
19092 11
19098 11
19105 3
19112 11
19119 18
19120 18
19121 10
19122 2
19132 1
19141 20
19143 12
19150 12
19156 7
19158 11
19164 19
19166 12
19173 7
19175 20
19177 12
19184 3
19191 4
19199 3
19206 1
19216 19
19218 16
19220 2
19230 20
19232 15
19234 11
19240 11
19247 17
19249 1
19259 15
19261 6
19267 14
19273 11
19279 20
19281 21
19285 21
19289 16
19291 11
19298 21
19302 12
19309 11
19316 13
19322 11
19329 12
19336 3
19343 19
19345 17
19347 7
19349 12
19356 18
19357 18
19358 12
19365 1
19374 12
19381 7
19383 11
19389 9
19390 15
19392 12
19398 1
19407 14
19412 20
19414 5
19420 10
19422 1
19431 7
19433 11
19440 13
19445 1
19454 18
19455 9
19456 5
19463 4
19471 13
19477 11
19483 3
19489 15
19491 1
19501 20
19503 15
19505 15
19507 12
19514 13
19519 19
19521 20
19523 8
19525 11
19532 3
19539 11
19546 18
19547 14
19552 6
19560 1
19570 12
19577 17
19579 18
19580 18
19581 21
19585 16
19587 21
19591 20
19593 4
19601 10
19603 20
19605 17
19607 1
19616 15
19618 11
19625 14
19631 15
19633 21
19637 20
19639 15
19641 12
19647 16
19649 2
19658 1
19668 4
19675 11
19682 14
19688 11
19695 19
19697 9
19699 10
19701 16
19703 10
19704 12
19711 14
19716 12
19722 5
19728 14
19735 6
19742 20
19744 21
19748 11
19755 11
19761 19
19763 6
19771 1
19780 17
19782 15
19784 13
19790 13
19795 2
19804 1
19814 3
19821 1
19831 9
19833 20
19835 8
19838 16
19840 12
19847 2
19857 13
19862 17
19864 1
19873 16
19875 16
19877 13
19883 15
19885 18
19886 16
19888 4
19895 5
19902 10
19904 17
19906 7
19908 6
19915 12
19922 4
19929 10
19931 3
19938 2
19948 11
19954 1
19963 13
19968 14
19975 2
19986 14
19991 11
19997 13
20002 3
20008 2
20017 2
20027 18
20028 11
20034 17
20036 4
20043 14
20050 8
20053 12
20060 12
20067 12
20074 14
20080 14
20085 13
20090 3
20097 19
20099 2
20109 18
20110 19
20112 11
20119 20
20121 17
20123 19
20125 12
20131 10
20134 11
20141 7
20143 1
20152 12
20159 11
20166 11
20172 19
20174 10
20175 19
20177 13
20183 16
20185 13
20190 14
20195 11
20201 4
20207 19
20209 2
20219 16
20221 12
20228 8
20230 16
20232 12
20239 10
20241 16
20243 12
20251 2
20262 2
20273 12
20280 9
20281 5
20287 18
20288 20
20290 16
20292 10
20294 19
20296 2
20306 12
20313 17
20315 2
20325 2
20336 10
20339 16
20341 5
20348 2
20359 8
20362 3
20369 11
20375 4
20383 12
20390 11
20396 18
20397 20
20399 3
20405 2
20414 8
20417 11
20424 1
20433 14
20440 2
20449 11
20455 20
20457 9
20459 9
20461 2
20470 12
20477 2
20487 3
20494 19
20496 19
20498 2
20508 10
20509 12
20515 16
20517 20
20519 7
20521 19
20523 17
20525 11
20532 5
20538 12
20545 5
20552 18
20553 20
20555 16
20557 1
20567 7
20569 12
20576 18
20577 15
20579 12
20586 10
20587 15
20589 9
20591 12
20599 12
20606 13
20612 12
20619 9
20620 21
20624 1
20634 5
20641 12
20648 21
20652 9
20654 20
20656 10
20658 3
20664 11
20671 13
20677 12
20685 11
20691 11
20698 7
20701 12
20709 20
20711 9
20712 1
20722 14
20728 20
20730 8
20732 18
20733 11
20739 11
20746 8
20749 11
20755 18
20756 5
20763 14
20769 5
20776 8
20779 4
20787 7
20790 4
20797 19
20799 18
20800 21
20804 12
20810 12
20816 14
20822 5
20828 4
20835 11
20842 18
20843 17
20845 12
20853 9
20855 4
20861 14
20867 15
20869 1
20879 9
20880 14
20886 7
20889 8
20891 21
20895 10
20897 16
20899 5
20906 9
20908 11
20914 6
20921 4
20927 18
20928 20
20930 17
20932 8
20935 9
20937 15
20939 12
20947 11
20953 3
20960 20
20962 14
20968 12
20975 7
20977 12
20983 14
20988 20
20990 2
21000 7
21002 20
21004 14
21010 6
21017 18
21018 12
21025 5
21032 17
21034 15
21036 18
21037 16
21039 9
21040 18
21041 11
21047 14
21052 12
21059 13
21065 17
21067 18
21068 6
21074 7
21077 15
21079 20
21081 19
21083 13
21088 10
21090 13
21095 10
21096 9
21097 18
21098 7
21101 4
21107 8
21110 17
21112 11
21118 12
21126 11
21133 14
21138 21
21142 1
21151 15
21153 20
21155 11
21161 5
21168 5
21175 11
21182 15
21184 17
21186 2
21196 4
21204 18
21205 10
21206 17
21208 8
21211 4
21219 17
21221 8
21224 11
21230 19
21232 16
21234 15
21236 18
21237 16
21239 16
21241 18
21242 11
21248 1
21258 18
21259 8
21262 3
21269 13
21274 16
21276 19
21278 16
21280 7
21283 11
21289 18
21290 21
21294 12
21302 5
21308 9
21310 18
21311 18
21312 20
21314 15
21316 3
21322 5
21329 11
21336 17
21338 7
21340 16
21342 8
21345 12
21352 8
21354 4
21361 1
21371 18
21372 10
21373 1
21382 15
21384 18
21385 17
21387 11
21394 16
21396 4
21403 15
21405 21
21409 19
21411 11
21417 7
21419 19
21421 8
21424 21
21428 13
21434 18
21435 7
21438 3
21445 19
21447 11
21454 12
21461 12
21468 10
21470 11
21476 12
21483 5
21489 13
21495 11
21502 11
21509 15
21511 13
21516 9
21518 9
21520 13
21526 11
21532 2
21541 9
21542 16
21544 4
21552 11
21559 12
21565 9
21566 3
21573 10
21575 13
21580 16
21582 6
21589 10
21591 11
21598 18
21599 3
21606 11
21612 13
21618 5
21624 18
21625 4
21631 11
21638 20
21640 6
21648 5
21655 1
21665 4
21673 11
21680 8
21684 11
21691 10
21694 7
21696 12
21702 16
21704 4
21712 19
21714 15
21716 17
21718 13
21723 4
21730 20
21732 12
21740 17
21742 15
21744 5
21751 16
21753 6
21761 19
21763 21
21767 1
21776 7
21778 3
21785 8
21789 4
21796 3
21802 3
21809 11
21815 11
21821 11
21827 11
21834 11
21841 13
21846 12
21852 11
21859 10
21860 12
21868 13
21873 10
21876 21
21880 1
21889 13
21895 10
21898 13
21903 19
21905 16
21907 6
21915 9
21917 12
21923 11
21929 19
21931 18
21932 20
21934 10
21936 16
21938 10
21939 20
21941 18
21942 4
21950 8
21954 20
21956 20
21958 11
21965 1
21975 2
21986 14
21992 18
21993 12
22000 11
22007 19
22009 16
22011 13
22016 5
22022 4
22029 3
22036 11
22043 15
22045 21
22049 5
22056 16
22058 14
22065 15
22067 12
22074 10
22075 16
22077 11
22084 7
22086 7
22088 5
22095 15
22097 2
22108 16
22110 19
22112 11
22118 11
22125 12
22133 10
22135 10
22137 15
22139 8
22141 18
22142 12
22149 14
22155 2
22165 17
22167 19
22169 17
22171 18
22172 7
22174 13
22179 6
22186 18
22187 3
22193 21
22197 10
22198 14
22204 16
22206 18
22207 12
22214 11
22221 3
22227 1
22236 21
22240 19
22242 11
22248 11
22255 16
22257 6
22263 12
22270 12
22276 8
22279 13
22285 12
22293 2
22303 18
22304 11
22310 15
22312 9
22313 18
22314 19
22316 21
22320 16
22322 11
22328 12
22336 18
22337 19
22339 15
22341 12
22347 17
22349 18
22350 14
22356 16
22358 12
22365 14
22371 16
22373 6
22381 15
22383 13
22389 13
22394 5
22401 11
22408 6
22416 3
22423 9
22425 1
22434 8
22437 9
22439 1
22449 11
22455 6
22462 14
22467 11
22473 10
22475 11
22481 16
22483 12
22489 12
22496 17
22498 14
22503 12
22509 6
22516 2
22526 11
22533 2
22543 15
22545 13
22551 11
22558 18
22559 9
22560 12
22567 8
22571 18
22572 16
22574 6
22581 1
22590 11
22597 18
22598 7
22600 10
22603 18
22604 17
22606 5
22612 18
22613 1
22622 18
22623 10
22625 1
22635 20
22637 8
22640 4
22647 4
22654 10
22656 11
22662 16
22664 17
22666 17
22668 20
22670 5
22677 14
22683 15
22685 11
22692 11
22699 9
22700 18
22701 12
22709 1
22719 16
22721 17
22723 8
22727 12
22734 13
22740 6
22747 12
22754 8
22757 11
22764 15
22766 5
22773 11
22780 7
22783 13
22789 21
22793 3
22799 4
22806 14
22812 3
22818 10
22819 19
22821 20
22823 15
22825 17
22827 4
22833 11
22840 18
22841 19
22843 1
22853 1
22862 14
22868 19
22870 11
22877 19
22879 3
22886 13
22892 9
22893 11
22899 5
22905 11
22912 20
22914 7
22916 9
22918 13
22924 5
22930 20
22932 15
22934 2
22945 11
22952 5
22958 11
22965 12
22972 8
22974 17
22976 11
22982 11
22988 12
22995 12
23002 6
23008 18
23009 21
23013 17
23015 15
23017 16
23019 19
23021 7
23024 7
23026 7
23029 16
23031 12
23038 16
23040 21
23044 18
23045 15
23047 16
23049 11
23055 11
23062 3
23068 10
23069 12
23076 8
23078 18
23079 8
23083 6
23089 3
23095 6
23102 12
23109 3
23115 14
23122 18
23123 12
23130 10
23131 3
23138 2
23147 10
23148 17
23150 14
23155 5
23161 14
23167 11
23173 12
23181 17
23183 13
23188 4
23194 11
23200 9
23202 12
23208 20
23210 12
23218 18
23219 12
23226 20
23228 15
23230 16
23232 11
23238 9
23240 18
23241 11
23247 4
23255 7
23257 21
23261 3
23268 20
23270 11
23276 4
23284 11
23290 1
23300 7
23303 6
23310 12
23317 10
23320 14
23327 12
23333 10
23334 16
23336 10
23338 12
23345 21
23349 3
23355 9
23356 13
23361 15
23363 2
23372 21
23376 20
23378 16
23380 19
23382 15
23384 11
23391 11
23398 12
23406 19
23408 18
23409 2
23419 17
23421 14
23427 12
23435 14
23442 3
23448 4
23455 10
23458 20
23460 16
23462 18
23463 10
23465 3
23472 15
23474 5
23480 14
23487 18
23488 11
23495 18
23496 5
23502 16
23504 15
23506 18
23507 11
23514 18
23515 2
23525 14
23530 1
23540 7
23543 11
23549 3
23556 11
23563 6
23569 17
23571 2
23581 16
23583 20
23585 7
23588 2
23599 8
23601 9
23602 17
23604 5
23610 15
23612 18
23613 7
23615 11
23622 1
23632 3
23639 13
23645 5
23651 4
23658 18
23659 6
23667 9
23668 12
23676 13
23682 19
23684 20
23686 21
23690 11
23697 9
23698 2
23709 18
23710 11
23716 12
23723 16
23725 5
23732 11
23739 14
23744 14
23751 19
23753 9
23754 4
23761 16
23763 21
23767 9
23768 21
23772 19
23774 3
23780 21
23784 8
23788 5
23795 15
23797 1
23807 17
23809 12
23816 9
23817 7
23820 11
23826 6
23833 19
23835 12
23843 12
23851 13
23857 10
23860 7
23862 18
23863 20
23865 20
23867 4
23874 2
23885 5
23892 2
23903 3
23909 14
23915 16
23917 10
23919 11
23925 13
23930 2
23941 13
23946 11
23952 5
23958 12
23965 11
23972 19
23974 3
23981 11
23988 16
23990 12
23998 11
24004 8
24008 18
24009 4
24017 2
24026 20
24028 20
24030 18
24031 10
24034 17
24036 12
24042 21
24046 16
24048 3
24054 20
24056 16
24058 18
24059 12
24065 10
24067 12
24075 11
24082 18
24083 12
24089 1
24099 16
24101 8
24104 7
24107 3
24114 18
24115 16
24117 18
24118 18
24119 12
24126 15
24128 3
24134 18
24135 3
24141 12
24148 17
24150 17
24152 7
24155 12
24162 12
24169 2
24179 17
24181 14
24187 5
24194 8
24197 18
24198 14
24204 9
24205 11
24211 6
24218 10
24220 16
24222 10
24224 3
24230 16
24232 6
24240 16
24242 13
24247 15
24249 4
24256 3
24263 2
24272 17
24274 1
24283 11
24290 12
24298 12
24304 11
24311 10
24312 19
24314 5
24321 10
24323 8
24326 18
24327 18
24328 10
24329 18
24330 14
24336 5
24342 5
24348 5
24354 8
24358 3
24364 15
24366 10
24369 14
24376 13
24381 12
24389 4
24396 10
24398 11
24404 5
24410 16
24412 1
24421 14
24427 10
24428 10
24431 17
24433 4
24440 17
24442 19
24444 5
24451 17
24453 8
24456 2
24466 12
24473 16
24475 4
24482 16
24484 19
24486 12
24494 18
24495 6
24502 8
24506 15
24508 12
24516 5
24522 9
24524 3
24530 1
24539 1
24549 21
24553 15
24555 12
24561 4
24568 8
24570 5
24577 20
24579 17
24581 2
24592 17
24594 18
24595 12
24601 12
24607 5
24613 21
24617 12
24625 16
24627 18
24628 3
24634 11
24640 15
24642 18
24643 7
24645 21
24649 16
24651 17
24653 8
24655 18
24656 19
24658 18
24659 4
24666 6
24672 7
24675 21
24679 3
24686 11
24692 19
24694 1
24704 14
24710 9
24711 4
24718 14
24724 8
24727 4
24734 13
24740 21
24744 18
24745 13
24750 9
24752 21
24756 12
24763 16
24765 15
24767 3
24774 12
24781 10
24782 18
24783 12
24789 16
24791 16
24793 18
24794 7
24796 20
24798 13
24804 16
24806 12
24812 12
24819 7
24822 8
24826 11
24833 6
24841 20
24843 11
24849 21
24853 5
24859 12
24865 12
24872 16
24874 11
24880 11
24887 14
24892 16
24894 17
24896 18
24897 11
24903 2
24913 12
24920 7
24923 15
24925 1
24934 18
24935 11
24942 18
24943 19
24945 12
24952 13
24957 12
24964 3
24970 3
24976 7
24978 15
24980 7
24983 16
24985 12
24992 9
24994 21
24998 10
25000 11
25006 11
25012 12
25019 6
25025 7
25028 1
25037 18
25038 2
25048 11
25055 11
25062 12
25069 7
25072 14
25079 21
25083 18
25084 11
25090 11
25097 12
25103 9
25104 15
25106 18
25107 8
25110 18
25111 21
25115 13
25120 16
25122 13
25127 5
25134 2
25144 11
25151 20
25153 14
25158 13
25164 7
25167 11
25174 19
25176 11
25183 18
25184 11
25190 18
25191 9
25193 12
25201 18
25202 1
25212 1
25222 11
25228 5
25234 2
25244 13
25249 9
25250 15
25252 19
25254 15
25256 12
25263 16
25265 7
25268 5
25274 11
25281 18
25282 17
25284 1
25293 20
25295 12
25302 21
25306 6
25313 6
25321 15
25323 11
25329 11
25336 9
25337 6
25345 13
25351 3
25358 5
25365 12
25373 16
25375 17
25377 18
25378 20
25380 1
25389 19
25391 9
25393 1
25403 15
25405 11
25411 14
25417 6
25424 9
25426 7
25429 12
25436 6
25444 12
25451 11
25458 15
25460 10
25463 7
25466 12
25472 18
25473 13
25478 16
25480 15
25482 7
25484 4
25492 4
25499 5
25505 12
25512 19
25514 14
25520 11
25527 15
25529 17
25531 11
25538 4
25545 18
25546 11
25553 3
25560 7
25562 21
25566 4
25573 11
25580 14
25587 3
25594 4
25601 19
25603 20
25605 20
25607 10
25610 11
25617 8
25620 20
25622 11
25628 12
25635 4
25642 3
25648 8
25651 11
25658 18
25659 20
25661 18
25662 17
25664 3
25670 4
25677 17
25679 12
25686 15
25688 11
25694 9
25696 2
25706 11
25712 21
25716 11
25722 15
25724 11
25731 1
25741 15
25743 6
25750 21
25754 12
25761 9
25763 2
25773 16
25775 2
25785 18
25786 12
25793 13
25799 15
25801 11
25807 11
25814 6
25821 11
25827 3
25834 18
25835 6
25842 4
25850 20
25852 15
25854 13
25860 11
25867 20
25869 20
25871 19
25873 11
25880 15
25882 9
25883 4
25889 16
25891 13
25897 19
25899 6
25907 11
25914 14
25920 15
25922 5
25929 9
25931 12
25937 20
25939 4
25946 8
25949 6
25955 13
25960 12
25967 12
25975 12
25983 18
25984 1
25993 21
25997 19
25999 16
26001 12
26008 18
26009 18
26010 16
26012 13
26018 11
26024 11
26030 4
26036 10
26038 6
26045 9
26047 17
26049 3
26055 20
26057 20
26059 21
26063 20
26065 12
26073 4
26081 5
26087 8
26090 15
26092 18
26093 8
26096 18
26097 2
26107 13
26112 11
26118 4
26126 18
26127 4
26134 16
26136 12
26144 4
26151 3
26158 15
26160 14
26166 18
26167 5
26174 12
26181 7
26183 10
26185 19
26187 14
26192 6
26199 8
26201 6
26208 12
26215 21
26219 7
26222 8
26224 13
26230 4
26236 14
26243 8
26245 6
26253 20
26255 3
26261 8
26263 11
26269 4
26277 10
26279 13
26284 17
26286 13
26292 19
26294 12
26300 16
26302 12
26310 12
26317 12
26324 12
26332 11
26339 21
26343 21
26347 13
26353 19
26355 20
26357 20
26359 12
26365 12
26372 10
26374 11
26380 4
26388 13
26393 20
26395 13
26400 13
26405 18
26406 2
26416 4
26422 13
26428 10
26429 8
26433 18
26434 18
26435 8
26439 20
26441 18
26442 17
26444 18
26445 11
26451 3
26457 12
26465 16
26467 19
26469 5
26475 14
26481 14
26487 14
26493 18
26494 11
26500 18
26501 1
26510 21
26514 13
26519 12
26526 12
26533 14
26538 12
26545 8
26549 6
26556 20
26558 20
26560 6
26566 13
26572 2
26582 11
26588 15
26590 13
26596 15
26598 7
26601 3
26607 18
26608 16
26610 1
26619 10
26620 3
26626 21
26630 8
26633 11
26639 16
26641 20
26643 18
26644 11
26650 6
26657 18
26658 11
26664 9
26665 16
26667 11
26673 13
26678 15
26680 17
26682 5
26689 11
26695 16
26697 12
26704 17
26706 18
26707 11
26713 11
26719 11
26725 7
26727 9
26728 2
26738 20
26740 16
26742 3
26748 11
26755 11
26762 13
26768 6
26776 8
26778 7
26780 12
26787 16
26789 17
26791 11
26797 12
26805 18
26806 19
26808 2
26819 5
26825 11
26832 3
26838 8
26842 9
26844 14
26850 20
26852 5
26859 8
26862 12
26869 20
26871 10
26872 3
26878 16
26880 20
26882 11
26888 14
26893 7
26895 14
26902 14
26908 5
26915 12
26922 6
26929 7
26932 8
26935 11
26942 12
26949 5
26956 17
26958 5
26964 11
26970 8
26974 12
26982 15
26984 11
26990 14
26996 6
27003 12
27009 12
27017 5
27023 13
27029 16
27031 10
27033 19
27035 3
27042 11
27048 11
27054 13
27060 18
27061 11
27068 13
27073 5
27080 6
27088 3
27094 19
27096 18
27097 6
27104 12
27112 8
27115 8
27118 9
27120 17
27122 16
27124 12
27132 12
27140 5
27146 12
27154 9
27155 11
27162 20
27164 18
27165 15
27167 5
27174 21
27178 20
27180 8
27183 14
27190 11
27196 13
27201 16
27203 5
27209 18
27210 10
27213 12
27220 21
27224 7
27226 2
27236 19
27238 15
27240 19
27242 17
27244 1
27254 16
27256 12
27263 21
27267 12
27274 11
27281 4
27288 12
27296 17
27298 19
27300 18
27301 6
27308 9
27309 16
27311 19
27313 18
27314 9
27315 11
27321 6
27328 7
27331 10
27333 11
27340 10
27343 17
27345 6
27352 1
27362 21
27366 3
27373 21
27377 12
27384 15
27386 20
27388 6
27395 3
27401 3
27407 11
27413 18
27414 19
27416 12
27422 12
27429 11
27436 12
27443 11
27449 7
27452 11
27458 8
27461 21
27465 10
27466 12
27474 9
27476 4
27483 1
27492 8
27496 11
27502 14
27509 18
27510 13
27515 5
27521 6
27528 16
27530 12
27537 12
27544 7
27547 9
27548 11
27554 13
27560 2
27570 19
27572 18
27573 3
27580 3
27586 12
27593 8
27597 7
27599 5
27606 6
27613 16
27615 16
27617 11
27623 11
27629 7
27631 8
27634 15
27636 2
27647 11
27654 3
27661 8
27663 3
27669 7
27671 9
27673 15
27675 7
27678 8
27682 15
27684 4
27691 7
27693 11
27699 18
27700 4
27708 6
27716 1
27725 2
27734 20
27736 4
27742 10
27744 17
27746 18
27747 21
27751 3
27757 17
27759 4
27765 3
27771 13
27777 15
27779 9
27780 11
27786 19
27788 1
27797 4
27805 12
27812 9
27813 16
27815 20
27817 11
27823 16
27825 14
27832 5
27839 16
27841 11
27848 12
27855 8
27858 18
27859 20
27861 17
27863 16
27865 14
27871 14
27877 14
27882 21
27886 11
27893 17
27895 16
27897 17
27899 15
27901 13
27907 5
27914 16
27916 7
27919 8
27923 14
27929 1
27938 5
27944 9
27946 9
27947 14
27952 13
27957 12
27963 21
27967 1
27977 11
27984 7
27986 18
27987 11
27993 10
27995 11
28002 18
28003 5
28010 11
28016 7
28019 16
28021 6
28028 11
28034 12
28042 20
28044 12
28050 11
28056 11
28062 9
28063 11
28070 8
28073 7
28075 9
28077 11
28083 17
28085 9
28087 20
28089 13
28094 9
28096 1
28105 21
28109 10
28111 18
28112 4
28118 4
28125 3
28132 5
28138 10
28141 15
28143 17
28145 12
28151 18
28152 5
28159 8
28163 12
28170 3
28177 7
28179 9
28180 11
28187 17
28189 12
28196 17
28198 17
28200 11
28206 1
28215 15
28217 21
28221 8
28224 16
28226 8
28230 16
28232 15
28234 5
28241 8
28244 2
28255 3
28262 15
28264 11
28270 4
28277 9
28279 16
28281 21
28285 18
28286 16
28288 20
28290 11
28297 14
28304 8
28307 12
28315 12
28321 14
28327 9
28329 18
28330 15
28332 16
28334 21
28338 11
28345 7
28347 16
28349 19
28351 15
28353 18
28354 2
28364 7
28367 8
28371 4
28378 13
28384 4
28390 11
28396 3
28402 18
28403 8
28406 6
28413 11
28420 15
28422 2
28432 16
28434 10
28437 3
28444 12
28451 13
28456 15
28458 18
28459 7
28461 18
28462 5
28469 13
28474 8
28477 7
28479 12
28487 12
28495 6
28501 3
28508 15
28510 3
28516 13
28522 17
28524 15
28526 19
28528 12
28534 21
28538 3
28544 14
28550 17
28552 10
28554 1
28564 16
28566 3
28573 10
28575 1
28584 12
28591 1
28601 14
28606 7
28608 3
28614 14
28619 15
28621 12
28628 5
28635 11
28642 12
28648 12
28654 13
28659 17
28661 1
28670 11
28676 2
28687 2
28698 8
28701 5
28708 6
28715 19
28717 16
28719 17
28721 2
28730 10
28733 15
28735 11
28741 10
28743 8
28747 11
28753 1
28763 12
28769 17
28771 21
28775 15
28777 11
28783 11
28790 19
28792 20
28794 18
28795 16
28797 5
28804 2
28815 15
28817 13
28822 11
28829 12
28836 11
28842 20
28844 4
28852 20
28854 12
28862 8
28865 16
28867 11
28873 1
28882 9
28884 18
28885 18
28886 20
28888 16
28890 15
28892 9
28893 2
28903 12
28911 18
28912 12
28918 12
28926 13
28931 7
28933 13
28939 12
28945 6
28953 18
28954 16
28956 12
28964 17
28966 3
28972 11
28979 3
28985 13
28991 13
28996 9
28997 12
29004 21
29008 11
29015 4
29022 12
29029 21
29033 12
29040 14
29047 7
29049 14
29056 5
29062 19
29064 15
29066 6
29072 11
29079 17
29081 19
29083 3
29090 5
29097 1
29106 12
29113 2
29123 14
29128 12
29135 2
29146 3
29152 13
29158 12
29164 17
29166 11
29173 9
29174 12
29182 14
29188 11
29195 11
29201 12
29207 1
29217 2
29227 12
29235 7
29237 15
29239 3
29245 15
29247 12
29254 10
29255 8
29257 7
29259 7
29262 20
29264 5
29271 12
29279 11
29285 7
29287 3
29294 13
29299 12
29306 15
29308 12
29315 12
29322 11
29328 1
29337 7
29340 8
29343 2
29353 7
29355 10
29357 1
29367 6
29373 16
29375 17
29377 17
29379 10
29380 13
29386 11
29393 10
29396 16
29398 1
29407 14
29414 9
29415 12
29423 20
29425 18
29426 5
29432 18
29433 10
29435 9
29437 4
29443 20
29445 4
29453 6
29460 13
29466 18
29467 14
29474 11
29481 12
29488 20
29490 18
29491 4
29498 10
29500 5
29507 1
29517 16
29519 6
29527 2
29536 8
29539 12
29546 21
29550 7
29552 15
29554 8
29557 21
29561 19
29563 4
29571 6
29578 20
29580 15
29582 8
29586 12
29593 8
29596 4
29604 15
29606 5
29613 15
29615 13
29620 16
29622 5
29629 20
29631 12
29638 2
29648 4
29655 18
29656 21
29660 7
29662 11
29669 12
29675 19
29677 16
29679 11
29685 18
29686 6
29694 8
29697 16
29699 18
29700 4
29706 9
29708 8
29711 7
29713 21
29717 4
29725 20
29727 18
29728 5
29735 3
29741 16
29743 5
29750 3
29757 20
29759 12
29766 18
29767 7
29770 20
29772 7
29775 16
29777 2
29786 20
29788 19
29790 6
29797 12
29803 2
29813 11
29819 12
29826 11
29833 15
29835 6
29841 16
29843 4
29851 3
29857 1
29867 15
29869 2
29878 12
29884 15
29886 8
29889 6
29896 14
29903 21
29907 10
29909 20
29911 21
29915 5
29921 11
29927 11
29933 11
29939 12
29945 12
29953 2
29964 11
29970 11
29977 1
29987 12
29994 11
30001 15
30003 12
30009 11
30015 6
30022 14
30028 1
30038 12
30046 7
30049 17
30051 11
30058 3
30064 18
30065 18
30066 19
30068 7
30071 10
30073 11
30079 1
30088 16
30090 13
30095 15
30097 2
30106 8
30108 2
30118 12
30125 9
30126 9
30128 12
30135 13
30141 18
30142 11
30148 17
30150 20
30152 6
30159 9
30160 9
30162 12
30169 5
30176 5
30183 18
30184 4
30192 9
30193 17
30195 7
30197 11
30204 2
30213 18
30214 8
30218 21
30222 12
30230 5
30237 14
30242 21
30246 16
30248 12
30254 11
30260 11
30267 11
30274 8
30276 10
30278 8
30281 1
30291 17
30293 2
30303 13
30308 15
30310 11
30317 20
30319 18
30320 9
30321 18
30322 17
30324 10
30326 16
30328 8
30330 10
30332 8
30336 13
30341 10
30343 3
30350 17
30352 12
30358 19
30360 19
30362 19
30364 7
30367 11
30373 2
30383 18
30384 17
30386 13
30391 21
30395 1
30404 15
30406 7
30408 2
30418 14
30423 16
30425 10
30427 6
30434 12
30441 11
30447 15
30449 4
30456 15
30458 20
30460 11
30467 6
30474 8
30476 11
30483 4
30490 18
30491 7
30493 12
30499 13
30504 5
30510 16
30512 6
30520 11
30527 18
30528 20
30530 19
30532 13
30537 12
30544 18
30545 4
30552 21
30556 11
30563 20
30565 15
30567 18
30568 11
30575 21
30579 14
30585 7
30587 3
30594 3
30600 19
30602 8
30605 21
30609 7
30611 11
30618 7
30620 15
30622 18
30623 12
30630 18
30631 18
30632 13
30637 18
30638 4
30645 14
30651 11
30658 19
30660 9
30662 13
30667 8
30670 12
30677 2
30687 18
30688 12
30695 12
30703 12
30711 19
30713 16
30715 19
30717 18
30718 12
30725 17
30727 10
30729 12
30736 11
30742 12
30748 8
30751 4
30757 1
30766 14
30773 9
30774 2
30785 12
30792 2
30803 2
30812 4
30818 6
30825 11
30831 10
30833 9
30835 2
30845 12
30852 18
30853 6
30859 17
30861 6
30868 14
30874 8
30878 5
30884 16
30886 5
30892 12
30899 19
30901 8
30905 12
30912 11
30918 21
30922 15
30924 15
30926 19
30928 21
30932 19
30934 9
30935 18
30936 1
30945 11
30951 10
30954 15
30956 8
30959 11
30966 9
30967 16
30969 12
30975 1
30984 12
30990 16
30992 9
30994 13
30999 20
31001 8
31005 11
31011 7
31013 3
31020 20
31022 15
31024 9
31026 19
31028 20
31030 19
31032 18
31033 11
31039 9
31041 18
31042 16
31044 3
31050 12
31056 5
31063 17
31065 9
31067 9
31068 18
31069 1
31078 12
31085 12
31093 17
31095 21
31099 13
31105 8
31109 7
31111 5
31118 18
31119 6
31126 9
31127 12
31135 10
31137 11
31143 3
31149 21
31153 11
31159 1
31169 13
31174 8
31176 21
31180 16
31182 8
31184 15
31186 7
31189 20
31191 11
31198 11
31205 11
31212 13
31217 9
31218 18
31219 16
31221 18
31222 3
31229 18
31230 9
31231 4
31238 5
31244 18
31245 17
31247 10
31249 20
31251 1
31261 21
31265 12
31272 14
31278 21
31282 3
31289 10
31291 13
31297 1
31306 13
31311 7
31313 6
31319 18
31320 14
31326 10
31327 12
31334 16
31336 7
31339 20
31341 11
31348 9
31349 20
31351 19
31353 15
31355 16
31357 12
31364 13
31370 9
31372 4
31378 10
31380 3
31387 8
31390 5
31396 15
31398 3
31405 14
31410 1
31419 12
31426 11
31432 10
31434 3
31441 18
31442 8
31445 10
31447 1
31456 5
31462 20
31464 7
31467 7
31470 18
31471 13
31477 13
31483 11
31490 12
31498 11
31504 11
31510 4
31518 3
31524 14
31530 7
31532 1
31541 19
31543 8
31547 11
31553 12
31559 13
31565 4
31572 17
31574 21
31578 12
31585 13
31590 6
31596 2
31606 5
31612 2
31622 11
31628 10
31630 9
31631 19
31633 10
31636 16
31638 9
31639 20
31641 9
31643 16
31645 7
31648 11
31654 4
31662 4
31668 1
31677 15
31679 11
31685 1
31694 12
31702 21
31706 8
31708 12
31715 4
31722 2
31732 2
31742 7
31744 11
31751 13
31757 15
31759 12
31767 9
31769 18
31770 10
31772 6
31780 14
31786 12
31793 8
31796 16
31798 3
31805 3
31812 10
31815 3
31821 15
31823 16
31825 6
31833 14
31838 14
31843 4
31850 4
31858 10
31860 18
31861 12
31869 8
31871 12
31878 11
31885 11
31891 8
31894 6
31902 11
31909 6
31917 6
31925 18
31926 17
31928 18
31929 3
31935 7
31937 7
31939 16
31941 15
31943 4
31950 16
31952 6
31958 1
31967 13
31972 15
31974 18
31975 12
31983 2
31994 14
32000 12
32006 8
32009 6
32016 11
32022 6
32028 17
32030 18
32031 17
32033 12
32039 17
32041 19
32043 16
32045 21
32049 12
32055 18
32056 12
32062 13
32068 19
32070 19
32072 10
32075 7
32077 2
32088 6
32094 14
32099 15
32101 18
32102 4
32108 4
32114 2
32124 11
32130 6
32137 20
32139 12
32146 15
32148 11
32155 15
32157 5
32163 9
32165 4
32172 16
32174 10
32175 18
32176 5
32183 19
32185 11
32191 12
32199 4
32206 6
32214 1
32224 4
32231 11
32238 7
32240 4
32248 9
32249 10
32251 11
32257 8
32259 1
32269 3
32276 12
32283 11
32290 18
32291 18
32292 7
32295 9
32297 2
32307 11
32314 14
32320 7
32323 1
32333 12
32340 12
32346 6
32353 15
32355 12
32362 18
32363 19
32365 20
32367 11
32373 3
32380 11
32387 18
32388 11
32394 11
32401 11
32408 15
32410 10
32411 15
32413 19
32415 14
32420 12
32426 8
32429 11
32436 18
32437 7
32440 17
32442 13
32447 20
32449 16
32451 16
32453 4
32460 14
32467 11
32474 4
32482 18
32483 6
32490 9
32492 18
32493 14
32500 7
32503 8
32506 9
32508 12
32516 6
32524 11
32530 5
32537 20
32539 6
32546 21
32550 10
32551 10
32552 13
32557 12
32563 21
32567 9
32568 2
32579 21
32583 11
32590 10
32592 7
32595 11
32601 12
32608 21
32612 12
32619 11
32626 11
32632 16
32634 11
32640 12
32646 6
32652 21
32656 2
32666 19
32668 6
32676 10
32678 13
32683 8
32685 11
32691 1
32701 8
32705 5
32712 4
32718 20
32720 20
32722 12
32730 18
32731 1
32741 12
32748 6
32755 21
32759 11
32766 14
32773 18
32774 18
32775 11
32781 16
32783 9
32785 18
32786 21
32790 11
32796 10
32797 5
32803 13
32809 10
32810 19
32812 16
32814 11
32821 3
32828 4
32835 21
32839 9
32840 5
32846 7
32848 6
32855 16
32857 12
32864 16
32866 11
32872 18
32873 2
32883 14
32890 11
32896 12
32902 20
32904 10
32906 9
32907 12
32914 11
32921 2
32931 11
32937 18
32938 12
32946 18
32947 2
32958 18
32959 19
32961 20
32963 21
32967 2
32977 11
32983 5
32989 15
32991 12
32998 21
33002 4
33009 7
33011 4
33018 18
33019 18
33020 12
33028 18
33029 12
33035 9
33036 11
33043 18
33044 4
33051 11
33058 6
33064 10
33066 15
33068 12
33075 8
33078 18
33079 8
33082 4
33090 11
33096 19
33098 13
33103 14
33110 7
33113 11
33119 12
33125 17
33127 14
33132 5
33139 16
33141 11
33148 19
33150 6
33156 11
33162 2
33172 11
33179 21
33183 10
33184 20
33186 8
33189 13
33194 15
33196 16
33198 20
33200 12
33207 6
33215 21
33219 2
33229 11
33235 16
33237 14
33244 5
33251 15
33253 10
33256 21
33260 13
33265 10
33267 11
33273 6
33280 14
33286 5
33293 20
33295 13
33301 12
33307 9
33308 16
33310 14
33316 9
33317 11
33324 16
33326 11
33332 21
33336 10
33337 9
33338 11
33344 11
33350 19
33352 8
33355 20
33357 9
33359 5
33365 2
33375 18
33376 17
33378 11
33385 8
33388 8
33391 11
33398 12
33405 1
33414 13
33420 11
33427 11
33433 19
33435 12
33441 5
33447 13
33452 4
33459 15
33461 15
33463 9
33464 15
33466 11
33473 17
33475 2
33484 1
33493 2
33503 4
33511 17
33513 4
33520 10
33521 8
33523 18
33524 10
33526 8
33530 3
33536 11
33543 19
33545 2
33554 21
33558 3
33565 11
33572 18
33573 1
33583 18
33584 11
33590 14
33596 1
33606 9
33607 12
33615 12
33622 7
33625 5
33632 12
33638 18
33639 20
33641 11
33647 10
33648 21
33652 7
33654 12
33660 11
33666 18
33667 5
33674 11
33681 3
33688 6
33695 12
33703 7
33705 19
33707 10
33709 19
33711 11
33717 11
33723 12
33730 21
33734 16
33736 12
33744 11
33750 15
33752 19
33754 7
33756 18
33757 4
33764 4
33772 6
33779 7
33781 8
33785 12
33791 10
33793 2
33803 11
33810 14
33816 1
33826 6
33833 1
33843 10
33845 19
33847 11
33853 12
33860 16
33862 14
33869 4
33875 11
33881 20
33883 20
33885 9
33886 4
33893 18
33894 3
33901 11
33907 4
33913 11
33919 20
33921 11
33927 16
33929 3
33936 1
33946 15
33948 17
33950 11
33956 2
33966 17
33968 18
33969 18
33970 17
33972 11
33978 13
33984 15
33986 7
33989 18
33990 12
33996 12
34003 21
34007 1
34017 20
34019 4
34026 5
34033 6
34041 9
34042 21
34046 1
34055 18
34056 1
34065 6
34072 6
34079 5
34086 18
34087 4
34093 1
34103 12
34110 11
34116 4
34122 3
34129 10
34130 12
34137 3
34144 12
34152 11
34159 2
34169 11
34175 4
34183 16
34185 20
34187 16
34189 11
34196 17
34198 17
34200 19
34202 16
34204 19
34206 18
34207 7
34209 18
34210 15
34212 17
34214 8
34217 4
34223 16
34225 9
34227 18
34228 19
34230 20
34232 13
34238 7
34240 17
34242 8
34244 10
34247 19
34249 6
34257 19
34259 20
34261 11
34268 18
34269 18
34270 12
34278 7
34281 9
34283 16
34285 7
34287 15
34289 20
34291 7
34293 2
34303 14
34310 7
34313 8
34315 20
34317 20
34319 17
34321 1
34331 21
34335 10
34337 12
34343 15
34345 11
34352 13
34357 9
34358 1
34367 14
34373 19
34375 18
34376 21
34380 4
34388 10
34390 12
34397 18
34398 10
34401 16
34403 19
34405 10
34408 14
34415 17
34417 19
34419 4
34426 14
34433 7
34435 18
34436 12
34443 6
34450 12
34457 5
34463 11
34470 5
34477 8
34479 13
34484 15
34486 1
34495 11
34502 21
34506 14
34512 20
34514 10
34517 12
34523 9
34524 6
34531 12
34538 13
34544 4
34551 19
34553 19
34555 4
34561 1
34571 12
34579 17
34581 3
34588 18
34589 15
34591 11
34597 11
34603 21
34607 2
34617 8
34620 9
34622 15
34624 4
34631 11
34638 1
34648 14
34655 11
34662 12
34668 17
34670 11
34677 18
34678 10
34679 9
34681 4
34688 3
34694 11
34700 16
34702 12
34710 1
34719 12
34726 7
34729 7
34732 18
34733 16
34735 16
34737 11
34744 4
34750 6
34756 12
34763 21
34767 15
34769 18
34770 2
34780 15
34782 4
34788 10
34791 18
34792 7
34795 15
34797 9
34799 16
34801 11
34807 2
34816 10
34817 11
34824 7
34827 13
34833 12
34841 11
34848 12
34855 2
34866 17
34868 11
34874 6
34882 9
34884 16
34886 15
34888 10
34890 18
34891 12
34898 16
34900 20
34902 11
34908 13
34914 3
34920 3
34926 21
34930 15
34932 18
34933 11
34940 18
34941 18
34942 17
34944 21
34948 12
34956 1
34965 9
34967 2
34978 15
34980 9
34981 17
34983 18
34984 18
34985 15
34987 2
34997 3
35004 9
35005 4
35012 6
35018 21
35022 14
35028 13
35034 15
35036 7
35038 15
35040 2
35051 16
35053 9
35054 11
35060 12
35067 13
35072 11
35078 14
35085 12
35092 1
35102 9
35104 5
35111 6
35118 15
35120 12
35127 13
35132 15
35134 11
35141 17
35143 11
35150 8
35153 9
35155 17
35157 1
35167 9
35168 18
35169 19
35171 20
35173 5
35179 11
35185 1
35194 9
35196 18
35197 15
35199 7
35201 8
35203 9
35204 17
35206 6
35213 7
35215 13
35220 20
35222 11
35229 21
35233 21
35237 12
35244 11
35251 14
35257 11
35263 4
35270 11
35276 13
35282 20
35284 12
35292 17
35294 18
35295 2
35305 13
35311 18
35312 5
35318 11
35325 19
35327 12
35334 19
35336 17
35338 9
35340 4
35347 13
35352 20
35354 14
35361 12
35367 10
35368 21
35372 21
35376 19
35378 11
35384 8
35388 20
35390 8
35394 12
35402 3
35408 7
35411 5
35417 7
35419 12
35427 17
35429 14
35435 12
35443 14
35450 11
35456 18
35457 11
35464 14
35470 17
35472 9
35474 2
35484 17
35486 8
35489 10
35491 11
35498 9
35499 5
35506 16
35508 18
35509 20
35511 17
35513 5
35519 15
35521 20
35523 13
35528 21
35532 16
35534 14
35539 10
35542 14
35549 18
35550 12
35556 5
35563 11
35569 1
35578 8
35580 5
35586 20
35588 18
35589 5
35596 21
35600 4
35607 12
35614 3
35621 2
35631 18
35632 8
35634 6
35640 21
35644 19
35646 5
35653 13
35658 11
35665 20
35667 12
35674 16
35676 3
35683 20
35685 2
35696 14
35702 1
35712 17
35714 11
35720 1
35730 4
35736 7
35739 9
35740 12
35747 18
35748 7
35751 7
35753 4
35761 4
35767 12
35775 4
35782 10
35783 16
35785 11
35791 3
35797 2
35807 18
35808 13
35814 18
35815 10
35818 10
35820 11
35826 21
35830 11
35836 10
35838 3
35845 8
35847 12
35855 12
35861 20
35863 18
35864 21
35868 8
35872 12
35878 15
35880 12
35888 8
35891 11
35898 12
35906 1
35916 12
35924 20
35926 20
35928 10
35930 4
35938 10
35941 12
35948 11
35955 8
35958 19
35960 14
35966 11
35972 12
35978 2
35988 11
35994 15
35996 12
36004 2
36015 15
36017 12
36025 16
36027 21
36031 13
36036 3
36042 18
36043 10
36046 16
36048 21
36052 21
36056 9
36057 16
36059 1
36069 18
36070 20
36072 6
36079 16
36081 13
36087 16
36089 2
36099 13
36104 13
36110 7
36113 18
36114 12
36122 7
36125 13
36130 15
36132 7
36135 4
36143 20
36145 6
36152 18
36153 10
36155 6
36162 3
36169 18
36170 16
36172 12
36179 3
36186 20
36188 10
36190 17
36192 4
36198 13
36203 7
36205 14
36212 15
36214 9
36216 6
36223 21
36227 6
36233 20
36235 6
36241 9
36243 6
36249 18
36250 7
36252 18
36253 2
36263 11
36270 11
36277 7
36279 4
36286 15
36288 14
36294 11
36301 15
36303 12
36309 15
36311 19
36313 21
36317 13
36323 1
36333 17
36335 4
36341 17
36343 11
36350 15
36352 7
36355 1
36365 20
36367 17
36369 3
36376 1
36385 4
36392 4
36399 2
36409 8
36412 11
36418 19
36420 2
36430 16
36432 11
36438 15
36440 3
36447 7
36450 21
36454 20
36456 11
36463 12
36469 12
36476 11
36482 12
36488 11
36494 16
36496 11
36503 13
36509 12
36515 11
36522 15
36524 13
36529 21
36533 3
36540 2
36549 4
36557 6
36564 12
36572 1
36582 19
36584 2
36595 12
36602 12
36609 21
36613 20
36615 7
36617 4
36624 12
36630 11
36636 11
36642 21
36646 12
36653 9
36654 18
36655 14
36660 14
36666 8
36670 21
36674 15
36676 6
36683 6
36691 10
36693 18
36694 1
36704 16
36706 15
36708 16
36710 12
36717 6
36723 14
36728 12
36735 14
36741 7
36744 15
36746 1
36756 2
36766 7
36769 7
36772 2
36782 21
36786 13
36791 1
36800 14
36807 12
36813 12
36819 18
36820 16
36822 13
36827 11
36834 1
36844 9
36846 2
36855 21
36859 13
36865 11
36872 18
36873 5
36879 11
36886 16
36888 9
36889 10
36891 21
36895 14
36902 11
36909 8
36913 2
36924 21
36928 13
36933 9
36935 7
36938 18
36939 7
36942 4
36949 15
36951 18
36952 10
36955 19
36957 1
36967 18
36968 12
36974 16
36976 3
36982 3
36989 1
36999 4
37005 19
37007 21
37011 11
37017 4
37024 21
37028 5
37035 11
37042 12
37048 16
37050 11
37057 7
37060 7
37063 18
37064 19
37066 10
37068 9
37069 4
37076 6
37082 6
37089 8
37091 10
37093 14
37098 11
37105 19
37107 7
37110 1
37119 12
37127 10
37130 2
37140 21
37144 16
37146 4
37152 3
37158 19
37160 15
37162 6
37169 5
37175 12
37182 18
37183 9
37184 9
37186 11
37193 2
37203 12
37210 3
37216 14
37223 9
37224 1
37233 9
37234 4
37241 9
37242 15
37244 18
37245 17
37247 18
37248 19
37250 1
37260 14
37265 1
37274 4
37282 3
37289 18
37290 15
37292 19
37294 10
37295 16
37297 13
37302 6
37309 1
37319 13
37324 15
37326 3
37333 11
37339 12
37346 21
37350 8
37353 17
37355 16
37357 14
37364 4
37371 11
37378 8
37380 14
37387 12
37394 13
37400 7
37403 5
37410 12
37417 5
37424 21
37428 12
37435 20
37437 20
37439 13
37445 17
37447 20
37449 16
37451 10
37453 19
37455 16
37457 7
37460 11
37467 15
37469 13
37475 15
37477 18
37478 1
37488 7
37491 3
37498 11
37504 19
37506 8
37509 12
37517 5
37523 11
37530 11
37536 8
37538 12
37546 18
37547 1
37557 14
37563 6
37569 15
37571 11
37577 20
37579 19
37581 9
37583 1
37593 8
37596 18
37597 5
37604 13
37610 9
37611 17
37613 11
37620 16
37622 5
37629 9
37630 16
37632 20
37634 17
37636 7
37639 8
37641 14
37647 2
37657 13
37662 15
37664 10
37666 5
37672 2
37682 12
37689 4
37695 11
37702 1
37712 6
37719 5
37726 1
37736 6
37743 14
37749 12
37757 5
37764 9
37765 6
37772 16
37774 15
37776 6
37783 12
37791 16
37793 12
37800 5
37806 6
37813 2
37823 11
37830 12
37837 19
37839 16
37841 12
37849 5
37856 9
37858 20
37860 11
37866 20
37868 20
37870 12
37877 7
37880 12
37888 1
37897 10
37899 3
37906 16
37908 19
37910 18
37911 11
37917 18
37918 16
37920 8
37922 15
37924 18
37925 18
37926 12
37933 12
37941 20
37943 1
37952 12
37958 11
37964 15
37966 18
37967 14
37972 13
37977 13
37983 6
37989 7
37991 11
37997 2
38006 16
38008 1
38017 18
38018 9
38020 14
38027 6
38034 18
38035 6
38041 12
38048 11
38055 21
38059 15
38061 5
38068 11
38074 20
38076 18
38077 9
38079 18
38080 9
38082 21
38086 12
38093 10
38095 4
38102 12
38110 11
38117 13
38123 9
38124 1
38133 18
38134 14
38139 18
38140 10
38142 1
38151 7
38153 20
38155 12
38162 5
38169 12
38177 18
38178 16
38180 21
38184 8
38186 13
38192 18
38193 2
38202 3
38208 20
38210 6
38216 12
38223 18
38224 11
38231 14
38238 18
38239 8
38243 7
38245 12
38253 11
38260 15
38262 12
38269 18
38270 13
38276 18
38277 11
38284 15
38286 11
38293 11
38299 19
38301 19
38303 12
38310 5
38316 15
38318 19
38320 10
38322 19
38324 18
38325 6
38331 19
38333 16
38335 11
38342 17
38344 19
38346 6
38354 18
38355 9
38357 16
38359 11
38366 9
38367 5
38373 3
38380 19
38382 6
38388 11
38395 7
38398 8
38401 8
38403 12
38410 11
38417 6
38423 1
38432 9
38434 21
38438 10
38441 6
38448 10
38451 12
38458 12
38465 18
38466 8
38469 8
38472 11
38478 5
38485 8
38489 18
38490 6
38496 11
38503 12
38510 20
38512 5
38519 10
38521 14
38527 6
38534 13
38540 6
38547 13
38553 16
38555 5
38561 13
38566 10
38568 9
38570 16
38572 9
38573 13
38578 17
38580 20
38582 20
38584 7
38586 13
38592 21
38596 3
38603 17
38605 13
38611 5
38617 11
38623 12
38629 20
38631 9
38633 5
38640 11
38646 18
38647 1
38657 1
38666 12
38673 17
38675 20
38677 16
38679 11
38685 14
38692 18
38693 5
38700 14
38705 5
38711 18
38712 10
38714 19
38716 18
38717 13
38723 8
38726 19
38728 9
38730 5
38736 18
38737 7
38740 20
38742 9
38743 12
38750 18
38751 16
38753 13
38759 9
38761 4
38769 11
38776 2
38785 16
38787 18
38788 19
38790 6
38797 7
38799 19
38801 10
38803 10
38806 11
38813 9
38814 12
38820 15
38822 9
38823 19
38825 11
38832 5
38838 2
38849 6
38856 12
38862 6
38868 1
38877 14
38883 21
38887 12
38895 5
38901 2
38911 18
38912 11
38919 14
38926 5
38932 18
38933 19
38935 6
38943 3
38949 21
38953 7
38955 16
38957 21
38961 13
38967 20
38969 2
38978 17
38980 16
38982 18
38983 12
38990 6
38997 12
39004 12
39011 2
39021 16
39023 9
39025 21
39029 3
39035 18
39036 16
39038 4
39045 8
39048 21
39052 17
39054 4
39060 13
39066 19
39068 9
39070 11
39077 1
39087 1
39096 13
39102 15
39104 9
39106 11
39113 3
39120 11
39126 11
39132 19
39134 11
39140 20
39142 21
39146 6
39154 11
39160 16
39162 20
39164 19
39166 12
39173 11
39179 8
39183 4
39189 9
39191 14
39197 21
39201 12
39208 20
39210 19
39212 2
39223 9
39224 4
39231 20
39233 18
39234 13
39240 17
39242 10
39244 7
39247 14
39254 10
39257 11
39264 19
39266 11
39272 15
39274 12
39280 12
39287 15
39289 9
39290 18
39291 12
39298 12
39306 20
39308 12
39316 4
39323 21
39327 12
39335 21
39339 13
39344 2
39354 2
39364 7
39367 11
39373 12
39379 12
39387 20
39389 1
39398 18
39399 21
39403 11
39409 14
39414 17
39416 16
39418 16
39420 1
39430 15
39432 16
39434 8
39437 11
39444 12
39452 20
39454 18
39455 11
39461 18
39462 12
39470 2
39479 18
39480 15
39482 11
39488 4
39495 6
39501 18
39502 6
39509 5
39516 18
39517 10
39519 13
39525 11
39531 4
39538 19
39540 1
39549 12
39556 2
39566 14
39572 11
39578 10
39581 12
39588 3
39595 9
39596 11
39602 12
39609 3
39615 20
39617 12
39623 5
39629 2
39639 7
39641 11
39647 3
39653 8
39656 3
39663 12
39669 6
39677 10
39678 3
39684 18
39685 4
39692 17
39694 12
39701 12
39708 21
39712 9
39714 17
39716 20
39718 18
39719 6
39727 18
39728 12
39735 12
39742 11
39748 7
39750 2
39760 1
39770 21
39774 21
39778 6
39784 17
39786 18
39787 7
39789 2
39799 21
39803 19
39805 18
39806 15
39808 2
39818 20
39820 1
39830 11
39836 10
39838 11
39845 14
39851 6
39857 18
39858 17
39860 1
39870 4
39876 5
39883 8
39886 14
39891 15
39893 14
39899 12
39906 21
39910 11
39916 14
39922 10
39924 13
39929 6
39936 10
39939 13
39945 12
39953 19
39955 18
39956 10
39957 18
39958 7
39961 7
39964 4
39971 2
39982 18
39983 6
39991 6
39998 5
40005 8
40008 11
40014 16
40016 18
40017 10
40019 1
40028 12
40035 14
40040 14
40046 11
40052 13
40057 18
40058 18
40059 17
40061 17
40063 2
40073 5
40080 18
40081 18
40082 11
40089 9
40091 14
40097 17
40099 15
40101 12
40108 12
40115 8
40119 2
40129 17
40131 17
40133 20
40135 12
40142 10
40145 3
40151 21
40155 1
40164 1
40173 18
40174 12
40182 18
40183 3
40190 2
40200 5
40207 14
40214 21
40218 5
40225 11
40232 14
40238 15
40240 13
40246 11
40253 18
40254 15
40256 5
40263 15
40265 15
40267 8
40270 12
40278 20
40280 18
40281 18
40282 12
40289 18
40290 20
40292 2
40302 3
40308 11
40314 21
40318 17
40320 14
40326 6
40332 11
40339 16
40341 6
40347 3
40353 6
40361 3
40368 11
40374 19
40376 1
40386 2
40396 4
40403 9
40404 21
40408 6
40415 6
40423 12
40430 1
40440 3
40446 17
40448 12
40454 18
40455 12
40461 11
40468 2
40479 20
40481 1
40490 3
40497 9
40499 5
40505 11
40511 10
40512 20
40514 20
40516 11
40522 9
40524 19
40526 21
40530 18
40531 2
40540 13
40545 12
40552 2
40563 9
40565 18
40566 12
40572 7
40574 3
40580 5
40587 1
40596 6
40602 18
40603 11
40609 15
40611 19
40613 12
40620 14
40626 11
40632 17
40634 12
40641 21
40645 18
40646 8
40650 18
40651 14
40657 9
40659 12
40667 1
40676 12
40683 14
40690 2
40701 5
40708 21
40712 18
40713 1
40723 6
40730 2
40739 3
40745 18
40746 19
40748 12
40754 11
40761 9
40762 15
40764 11
40771 1
40781 11
40788 15
40790 3
40797 3
40803 4
40810 7
40812 12
40819 7
40821 11
40827 16
40829 21
40833 4
40840 19
40842 17
40844 18
40845 11
40851 6
40857 18
40858 13
40863 10
40866 3
40873 10
40875 5
40882 12
40889 12
40895 20
40897 11
40904 14
40909 14
40915 9
40916 4
40923 2
40933 5
40939 13
40945 18
40946 21
40950 5
40956 1
40966 1
40976 5
40983 11
40989 15
40991 11
40998 14
41005 4
41011 9
41013 11
41020 11
41026 9
41027 14
41034 4
41040 10
41043 10
41045 16
41047 20
41049 6
41056 12
41064 1
41073 14
41079 3
41085 7
41087 10
41088 11
41095 20
41097 6
41104 7
41106 10
41108 11
41115 18
41116 17
41118 16
41120 16
41122 9
41123 15
41125 8
41129 9
41131 15
41133 13
41138 4
41144 12
41150 4
41157 2
41168 8
41170 10
41173 6
41180 18
41181 1
41190 7
41192 11
41199 20
41201 6
41209 3
41215 11
41222 11
41228 5
41235 18
41236 13
41242 20
41244 15
41246 13
41251 14
41257 10
41258 1
41267 13
41272 3
41278 12
41284 6
41290 8
41293 11
41299 12
41307 15
41309 9
41310 5
41317 3
41323 18
41324 8
41327 11
41334 6
41340 14
41346 11
41353 11
41360 14
41366 19
41368 9
41370 20
41372 14
41377 8
41381 11
41388 21
41392 2
41403 11
41410 11
41416 20
41418 11
41425 7
41428 14
41434 11
41440 6
41446 21
41450 11
41456 12
41462 11
41469 20
41471 2
41480 11
41487 19
41489 12
41495 12
41501 12
41508 19
41510 4
41517 11
41524 14
41529 2
41540 18
41541 10
41543 16
41545 9
41547 1
41556 16
41558 6
41565 16
41567 9
41569 17
41571 2
41581 7
41584 12
41591 7
41594 3
41601 18
41602 15
41604 5
41611 14
41617 11
41623 5
41629 13
41635 11
41641 17
41643 5
41650 12
41657 19
41659 16
41661 12
41669 9
41670 12
41677 13
41682 12
41689 7
41692 14
41698 9
41700 12
41707 10
41709 4
41716 18
41717 8
41719 10
41720 20
41722 2
41732 5
41738 16
41740 9
41741 6
41749 13
41755 16
41757 11
41763 21
41767 3
41774 16
41776 4
41782 16
41784 19
41786 20
41788 21
41792 1
41802 10
41804 12
41811 5
41818 8
41821 11
41827 9
41829 2
41839 13
41845 2
41854 7
41857 14
41862 11
41869 14
41874 12
41880 11
41887 20
41889 19
41891 18
41892 3
41899 4
41906 18
41907 11
41913 18
41914 15
41916 16
41918 20
41920 9
41921 11
41927 2
41937 10
41939 14
41945 12
41952 14
41958 16
41960 14
41965 3
41971 14
41977 19
41979 4
41986 6
41994 5
42000 11
42006 15
42008 21
42012 19
42014 12
42021 12
42029 1
42038 21
42042 19
42044 20
42046 13
42052 4
42059 9
42060 9
42061 11
42067 5
42073 10
42076 11
42083 11
42090 9
42091 16
42093 3
42099 20
42101 1
42110 10
42112 11
42118 8
42120 8
42123 5
42130 19
42132 17
42134 12
42140 18
42141 21
42145 14
42152 14
42158 18
42159 21
42163 20
42165 12
42173 18
42174 2
42185 21
42189 17
42191 7
42194 12
42200 2
42211 11
42218 16
42220 12
42227 19
42229 9
42230 19
42232 4
42238 5
42244 20
42246 18
42247 13
42253 18
42254 8
42256 1
42266 12
42273 1
42283 20
42285 1
42295 2
42305 6
42313 18
42314 20
42316 18
42317 12
42324 1
42334 15
42336 4
42343 19
42345 4
42353 4
42360 18
42361 18
42362 17
42364 14
42369 1
42379 5
42385 12
42392 17
42394 13
42399 5
42405 13
42410 10
42413 3
42420 18
42421 9
42423 13
42428 3
42434 15
42436 6
42443 12
42450 1
42460 17
42462 16
42464 1
42473 12
42480 10
42483 14
42488 7
42490 9
42492 13
42498 3
42504 4
42512 20
42514 16
42516 1
42526 12
42533 12
42539 1
42549 12
42556 17
42558 12
42565 12
42572 10
42574 10
42576 7
42579 20
42581 17
42583 10
42585 11
42592 11
42599 20
42601 10
42603 21
42607 9
42609 11
42616 6
42623 21
42627 4
42634 1
42643 2
42653 14
42659 9
42660 5
42667 10
42669 11
42676 19
42678 3
42684 12
42691 6
42698 18
42699 20
42701 21
42705 9
42706 15
42708 14
42714 11
42721 7
42724 16
42726 19
42728 1
42737 12
42745 2
42754 11
42760 4
42766 5
42772 1
42782 1
42791 2
42802 12
42810 12
42818 6
42824 17
42826 1
42836 10
42839 11
42845 18
42846 12
42853 16
42855 10
42857 19
42859 14
42866 5
42872 8
42875 6
42882 12
42889 11
42896 11
42903 8
42905 20
42907 5
42914 12
42921 11
42927 7
42930 2
42940 1
42950 8
42952 12
42959 18
42960 12
42967 18
42968 11
42974 11
42981 17
42983 18
42984 9
42986 17
42988 18
42989 20
42991 1
43001 8
43004 13
43009 12
43017 2
43028 11
43034 12
43042 8
43045 6
43051 18
43052 15
43054 21
43058 8
43061 11
43067 19
43069 9
43070 12
43077 2
43086 9
43087 5
43094 3
43101 9
43102 16
43104 3
43111 19
43113 14
43119 1
43129 16
43131 5
43138 5
43144 17
43146 11
43152 15
43154 14
43159 4
43166 6
43173 3
43179 5
43186 18
43187 21
43191 15
43193 13
43198 11
43204 18
43205 12
43212 6
43219 2
43228 16
43230 11
43236 1
43246 20
43248 12
43255 6
43262 11
43269 17
43271 13
43276 8
43280 13
43286 12
43292 16
43294 11
43301 6
43308 19
43310 18
43311 11
43318 3
43324 19
43326 5
43333 2
43344 13
43349 21
43353 18
43354 4
43362 6
43370 13
43375 16
43377 6
43383 3
43389 11
43396 18
43397 20
43399 11
43405 21
43409 16
43411 4
43419 12
43426 11
43432 10
43434 8
43438 12
43444 20
43446 7
43449 1
43459 17
43461 18
43462 4
43468 1
43477 18
43478 11
43484 11
43491 19
43493 6
43499 1
43508 14
43514 18
43515 17
43517 17
43519 9
43520 11
43526 20
43528 19
43530 7
43533 9
43535 14
43540 8
43542 11
43548 12
43555 1
43565 11
43572 17
43574 16
43576 5
43583 9
43585 15
43587 1
43596 19
43598 9
43599 17
43601 11
43608 4
43615 17
43617 19
43619 4
43626 18
43627 6
43634 21
43638 6
43645 18
43646 11
43653 18
43654 20
43656 6
43664 9
43665 12
43673 11
43679 19
43681 19
43683 20
43685 14
43691 16
43693 11
43699 14
43706 1
43716 18
43717 14
43723 7
43726 1
43736 11
43743 12
43750 17
43752 8
43754 11
43761 12
43769 7
43772 12
43779 3
43786 20
43788 17
43790 17
43792 18
43793 11
43800 16
43802 13
43808 15
43810 7
43813 16
43815 10
43817 11
43824 19
43826 16
43828 2
43837 13
43842 14
43848 11
43855 16
43857 12
43864 18
43865 21
43869 18
43870 18
43871 12
43878 4
43885 13
43890 14
43895 11
43901 5
43908 11
43914 14
43919 21
43923 5
43930 2
43940 12
43948 12
43955 9
43956 15
43958 9
43959 1
43968 13
43973 11
43979 11
43985 11
43991 6
43998 15
44000 1
44009 4
44016 13
44022 11
44029 11
44036 12
44042 18
44043 19
44045 11
44052 14
44059 10
44062 3
44068 11
44074 12
44080 12
44088 1
44098 10
44100 3
44106 13
44112 11
44119 12
44125 12
44132 11
44139 9
44140 18
44141 11
44148 1
44158 5
44165 11
44172 17
44174 5
44180 7
44182 21
44186 10
44188 18
44189 18
44190 11
44196 14
44203 2
44213 12
44219 17
44221 2
44230 20
44232 11
44239 8
44241 16
44243 7
44246 16
44248 9
44249 17
44251 10
44252 15
44254 14
44260 8
44263 16
44265 12
44272 6
44278 19
44280 18
44281 21
44285 3
44292 14
44298 3
44304 11
44310 19
44312 15
44314 12
44321 14
44327 17
44329 21
44333 6
44340 14
44347 15
44349 7
44352 7
44354 14
44360 20
44362 14
44367 12
44374 6
44380 4
44387 2
44396 20
44398 10
44400 2
44410 11
44416 10
44418 15
44420 18
44421 9
44423 18
44424 6
44431 19
44433 20
44435 11
44442 14
44447 1
44456 12
44463 18
44464 18
44465 4
44472 8
44475 12
44482 12
44489 2
44499 16
44501 12
44508 19
44510 4
44517 3
44523 20
44525 12
44533 7
44535 12
44541 18
44542 17
44544 18
44545 11
44552 10
44554 20
44556 20
44558 2
44568 10
44570 8
44573 16
44575 6
44582 3
44589 14
44595 5
44602 15
44604 20
44606 12
44613 4
44620 7
44622 18
44623 8
44626 11
44633 17
44635 3
44641 18
44642 9
44644 9
44645 16
44647 19
44649 11
44656 2
44666 21
44670 20
44672 9
44673 20
44675 14
44681 19
44683 12
44689 12
44696 5
44703 5
44709 11
44716 15
44718 12
44725 21
44729 6
44736 11
44742 13
44748 5
44754 18
44755 7
44758 12
44766 15
44768 18
44769 10
44772 8
44774 1
44783 5
44789 8
44791 9
44793 20
44795 12
44803 5
44809 13
44814 11
44820 21
44824 18
44825 15
44827 2
44836 18
44837 12
44845 18
44846 11
44853 13
44859 11
44865 13
44870 19
44872 10
44874 11
44880 18
44881 11
44888 18
44889 12
44896 11
44902 5
44909 1
44919 13
44925 18
44926 3
44933 19
44935 1
44944 6
44951 17
44953 13
44958 1
44967 2
44977 5
44984 9
44985 16
44987 19
44989 1
44999 8
45002 16
45004 12
45012 15
45014 8
45016 19
45018 14
45024 3
45030 11
45036 10
45038 13
45043 8
45047 21
45051 11
45057 14
45062 11
45068 14
45074 8
45077 11
45083 18
45084 4
45090 15
45092 3
45098 15
45100 3
45107 12
45114 1
45123 16
45125 18
45126 21
45130 18
45131 21
45135 21
45139 6
45146 5
45153 6
45161 6
45168 7
45171 18
45172 5
45178 11
45185 11
45191 11
45197 10
45199 18
45200 13
45205 20
45207 18
45208 11
45215 18
45216 9
45217 3
45224 13
45230 3
45237 11
45244 18
45245 11
45252 12
45260 7
45263 11
45270 8
45272 21
45276 12
45283 11
45289 17
45291 11
45297 4
45304 11
45311 10
45312 18
45313 9
45314 12
45322 11
45328 15
45330 7
45333 2
45342 11
45349 1
45359 18
45360 8
45364 7
45367 18
45368 2
45377 4
45383 16
45385 9
45386 10
45388 18
45389 14
45394 3
45401 11
45408 8
45412 21
45416 18
45417 7
45419 11
45426 11
45433 15
45435 15
45437 4
45443 8
45446 19
45448 8
45451 17
45453 9
45455 12
45461 1
45471 13
45476 18
45477 18
45478 12
45485 4
45493 12
45500 20
45502 11
45508 9
45510 19
45512 9
45514 2
45524 12
45531 12
45537 4
45543 8
45546 5
45553 19
45555 2
45565 11
45572 6
45579 17
45581 5
45588 6
45595 3
45601 17
45603 15
45605 4
45611 9
45613 3
45620 11
45626 12
45633 19
45635 5
45641 11
45648 21
45652 18
45653 13
45658 12
45665 21
45669 8
45673 18
45674 15
45676 7
45678 12
45685 20
45687 17
45689 3
45696 11
45703 2
45712 4
45720 9
45721 12
45727 2
45737 20
45739 13
45744 21
45748 8
45751 16
45753 15
45755 11
45762 19
45764 9
45765 12
45772 8
45775 4
45783 16
45785 18
45786 11
45792 2
45802 7
45804 18
45805 3
45812 19
45814 8
45816 9
45817 16
45819 3
45826 12
45833 9
45834 18
45835 12
45841 15
45843 18
45844 12
45852 21
45856 4
45862 13
45868 12
45875 18
45876 15
45878 15
45880 12
45887 13
45892 10
45893 11
45900 1
45909 5
45915 9
45917 14
45923 9
45924 6
45931 20
45933 11
45940 15
45942 4
45949 6
45955 7
45957 8
45959 12
45966 12
45974 17
45976 15
45978 3
45984 2
45994 4
46001 8
46005 15
46007 12
46014 12
46021 17
46023 5
46030 1
46039 18
46040 19
46042 5
46049 11
46055 12
46062 19
46064 4
46070 1
46079 21
46083 7
46086 11
46093 6
46100 13
46105 11
46112 6
46119 14
46124 19
46126 15
46128 20
46130 5
46136 8
46140 7
46142 18
46143 10
46145 6
46152 11
46158 11
46165 11
46172 2
46182 20
46184 10
46186 19
46188 4
46195 12
46202 16
46204 4
46211 13
46217 10
46218 19
46220 12
46227 2
46238 4
46246 14
46251 11
46258 17
46260 1
46269 12
46276 16
46278 2
46288 15
46290 13
46295 13
46300 16
46302 14
46308 21
46312 12
46318 3
46325 19
46327 20
46329 18
46330 6
46337 8
46339 16
46341 7
46344 7
46347 18
46348 5
46355 12
46362 15
46364 9
46365 21
46369 21
46373 3
46379 4
46386 3
46392 6
46399 19
46401 18
46402 15
46404 11
46410 18
46411 17
46413 11
46419 11
46425 11
46432 1
46442 19
46444 12
46451 2
46462 16
46464 8
46467 15
46469 20
46471 12
46478 17
46480 9
46481 2
46491 11
46497 14
46503 11
46510 20
46512 4
46519 13
46525 17
46527 1
46536 11
46543 16
46545 11
46552 12
46558 18
46559 2
46568 18
46569 16
46571 8
46575 16
46577 1
46586 15
46588 20
46590 12
46597 11
46603 13
46608 12
46615 6
46622 1
46632 18
46633 6
46640 2
46650 3
46656 11
46662 11
46669 11
46676 12
46683 11
46690 6
46698 4
46704 14
46710 19
46712 14
46719 4
46726 12
46734 11
46741 14
46748 14
46754 6
46761 13
46766 12
46772 2
46782 10
46783 19
46785 10
