10000
1 16
3 9
5 12
12 15
14 15
16 16
18 12
26 7
29 9
30 11
36 12
44 4
50 11
57 10
59 4
65 15
67 12
73 13
78 10
80 18
81 1
90 4
96 8
100 8
102 9
104 8
106 19
108 8
112 20
114 10
116 13
121 20
123 18
124 19
126 1
136 14
142 12
149 3
156 4
164 1
173 16
175 4
182 12
189 17
191 11
198 2
209 6
216 8
218 2
228 18
229 15
231 5
238 8
242 1
251 16
253 19
255 11
261 14
267 16
269 17
271 12
277 6
283 11
289 13
294 1
304 4
311 5
318 2
328 11
335 14
341 18
342 11
348 12
355 17
357 18
358 3
364 11
371 20
373 3
379 2
388 12
395 8
398 11
404 7
406 16
408 13
413 9
414 19
416 15
418 12
424 19
426 16
428 11
434 21
438 3
445 13
450 18
451 11
457 11
464 8
467 7
469 5
476 12
484 6
491 5
498 4
505 15
507 20
509 11
515 11
521 11
528 11
534 12
541 11
547 11
554 5
560 1
569 8
571 10
574 20
576 11
582 14
588 3
595 2
605 6
611 8
615 18
616 11
623 12
631 11
637 7
639 11
646 3
653 19
655 3
661 11
668 5
674 12
682 16
684 1
693 12
701 4
708 16
710 10
712 14
718 14
725 11
731 10
732 20
734 14
740 17
742 1
751 17
753 20
755 18
756 5
763 11
769 19
771 11
778 12
786 12
793 10
795 4
801 12
807 11
813 12
820 3
826 18
827 10
828 8
830 12
837 3
843 20
845 19
847 18
848 6
856 3
862 13
868 5
875 9
877 19
879 7
882 10
883 7
886 11
893 14
899 1
909 11
915 12
922 12
929 7
931 15
933 6
940 11
947 5
953 16
955 5
962 16
964 11
971 5
978 5
985 14
991 20
993 11
1000 1
1009 16
1011 14
1018 19
1020 11
1026 12
1032 19
1034 9
1036 21
1040 16
1042 6
1050 6
1056 3
1063 20
1065 15
1067 7
1070 16
1072 6
1078 12
1085 18
1086 9
1088 3
1094 16
1096 11
1103 11
1109 10
1112 9
1114 20
1116 16
1118 2
1128 5
1134 8
1137 1
1147 7
1150 11
1156 13
1161 12
1168 11
1174 19
1176 4
1183 4
1189 6
1197 15
1199 21
1203 17
1205 3
1211 15
1213 7
1216 16
1218 18
1219 15
1221 12
1228 7
1231 2
1241 14
1246 4
1253 6
1260 4
1267 5
1274 14
1281 16
1283 1
1293 14
1300 11
1307 10
1310 15
1312 19
1314 13
1319 12
1327 20
1329 17
1331 11
1338 1
1347 20
1349 5
1355 19
1357 2
1367 12
1373 1
1382 14
1389 2
1399 11
1405 14
1410 21
1414 20
1416 19
1418 11
1425 8
1428 3
1435 4
1442 8
1445 7
1447 13
1452 6
1458 11
1465 18
1466 20
1468 21
1472 21
1476 8
1478 11
1484 10
1486 7
1489 12
1495 12
1503 10
1505 11
1511 2
1520 12
1527 9
1528 18
1529 11
1535 15
1537 19
1539 10
1542 7
1545 21
1549 13
1555 3
1562 3
1568 11
1575 6
1582 1
1592 5
1599 12
1606 12
1612 4
1620 17
1622 11
1629 20
1631 8
1635 17
1637 15
1639 13
1644 1
1653 10
1656 15
1658 1
1668 6
1675 14
1681 18
1682 2
1692 12
1699 9
1700 4
1708 12
1715 20
1717 4
1725 11
1731 16
1733 12
1741 12
1748 7
1750 16
1752 12
1759 12
1767 17
1769 8
1771 2
1782 18
1783 12
1791 16
1793 1
1803 12
1811 8
1814 19
1816 1
1826 19
1828 8
1832 16
1834 10
1835 17
1837 14
1843 21
1847 19
1849 7
1852 1
1862 20
1864 1
1874 3
1881 6
1888 1
1897 14
1903 21
1907 3
1913 7
1916 9
1917 6
1924 9
1925 18
1926 18
1927 17
1929 16
1931 14
1937 4
1943 12
1949 12
1955 14
1961 15
1963 9
1964 13
1970 7
1973 15
1975 3
1982 21
1986 11
1993 1
2003 19
2005 8
2009 8
2012 14
2017 11
2024 12
2031 3
2037 16
2039 9
2040 11
2046 12
2053 10
2056 9
2057 10
2058 4
2066 18
2067 18
2068 12
2074 15
2076 2
2086 3
2092 21
2096 2
2106 17
2108 13
2113 8
2117 18
2118 15
2120 8
2122 14
2128 7
2131 3
2138 1
2147 8
2149 2
2158 14
2165 7
2167 18
2168 8
2170 10
2171 12
2177 16
2179 15
2181 15
2183 6
2190 3
2196 10
2197 16
2199 18
2200 19
2202 16
2204 11
2210 3
2216 3
2222 3
2229 11
2236 4
2244 20
2246 4
2253 3
2259 9
2260 15
2262 6
2268 12
2274 13
2280 18
2281 8
2283 17
2285 7
2287 12
2294 12
2301 12
2309 12
2315 9
2316 21
2320 17
2322 17
2324 5
2331 11
2338 18
2339 5
2345 6
2351 10
2352 6
2360 12
2367 1
2376 21
2380 12
2386 17
2388 18
2389 20
2391 13
2397 19
2399 1
2408 11
2414 12
2420 2
2429 12
2437 6
2445 3
2451 7
2454 11
2461 7
2464 19
2466 11
2472 3
2478 11
2485 11
2491 6
2497 12
2504 9
2505 12
2511 12
2519 16
2521 11
2528 10
2529 17
2531 11
2537 12
2544 2
2555 11
2561 6
2567 7
2570 13
2576 12
2584 15
2586 2
2595 20
2597 6
2603 19
2605 21
2609 21
2613 10
2615 18
2616 13
2622 10
2625 18
2626 7
2629 12
2636 20
2638 1
2648 1
2657 15
2659 4
2666 11
2673 6
2679 2
2688 1
2698 18
2699 11
2706 15
2708 2
2717 9
2719 10
2721 11
2727 8
2731 2
2742 6
2749 17
2751 12
2758 21
2762 18
2763 16
2765 6
2772 12
2780 11
2786 6
2793 11
2800 6
2806 18
2807 16
2809 1
2819 19
2821 11
2827 15
2829 11
2836 18
2837 21
2841 14
2847 20
2849 6
2855 10
2857 20
2859 11
2866 11
2873 4
2880 16
2882 16
2884 7
2886 17
2888 18
2889 11
2895 13
2900 16
2902 13
2907 16
2909 7
2912 19
2914 12
2922 12
2929 15
2931 12
2938 8
2940 5
2946 12
2953 2
2964 5
2971 1
2980 11
2986 2
2996 19
2998 14
3005 12
3011 3
3018 15
3020 15
3022 13
3027 11
3033 5
3039 5
3046 11
3053 12
3059 12
3067 19
3069 12
3076 17
3078 11
3085 6
3093 5
3099 9
3100 11
3107 12
3114 21
3118 11
3124 11
3131 19
3133 16
3135 11
3142 3
3148 11
3154 12
3162 11
3168 17
3170 3
3177 6
3184 20
3186 12
3193 11
3200 19
3202 2
3211 6
3217 8
3219 3
3226 13
3231 14
3238 18
3239 7
3241 18
3242 10
3245 10
3247 6
3253 9
3254 12
3261 4
3268 14
3274 9
3275 18
3276 13
3282 2
3292 17
3294 17
3296 18
3297 11
3304 17
3306 7
3308 17
3310 17
3312 20
3314 19
3316 12
3323 21
3327 3
3333 20
3335 10
3337 12
3344 7
3347 19
3349 14
3355 3
3362 11
3369 6
3375 12
3382 14
3388 14
3393 17
3395 3
3402 10
3404 21
3408 6
3415 18
3416 14
3422 8
3425 11
3431 7
3433 8
3436 3
3443 18
3444 9
3445 4
3452 11
3458 8
3461 20
3463 5
3469 11
3475 11
3482 10
3484 13
3489 11
3495 10
3497 4
3504 18
3505 10
3507 1
3517 1
3527 14
3534 2
3544 17
3546 1
3556 8
3558 11
3564 16
3566 4
3572 8
3575 13
3580 5
3586 5
3592 20
3594 6
3600 7
3602 13
3608 19
3610 12
3617 13
3623 15
3625 11
3632 12
3639 12
3645 14
3650 16
3652 19
3654 11
3660 12
3666 18
3667 17
3669 11
3676 17
3678 8
3682 11
3688 1
3698 4
3705 13
3710 9
3712 2
3721 3
3727 20
3729 12
3735 13
3740 12
3746 5
3753 2
3762 19
3764 11
3770 19
3772 21
3776 11
3783 2
3792 17
3794 8
3797 6
3804 20
3806 6
3813 10
3815 5
3821 7
3824 13
3830 12
3836 12
3844 18
3845 12
3853 10
3855 5
3861 3
3868 20
3870 12
3877 11
3884 12
3890 19
3892 18
3893 1
3903 13
3908 12
3916 12
3924 18
3925 12
3933 12
3940 21
3944 15
3946 19
3948 12
3955 9
3957 12
3963 15
3965 10
3967 18
3968 11
3975 15
3977 2
3986 15
3988 3
3994 9
3996 18
3997 15
3999 3
4005 11
4011 2
4021 10
4023 7
4026 18
4027 10
4030 9
4031 2
4042 13
4048 11
4055 3
4062 6
4068 12
4076 18
4077 13
4082 5
4088 8
4091 10
4093 16
4095 18
4096 12
4104 17
4106 11
4113 18
4114 7
4117 12
4124 15
4126 8
4128 17
4130 21
4134 12
4141 8
4145 18
4146 18
4147 12
4155 21
4159 9
4161 12
4169 14
4175 17
4177 12
4185 7
4188 12
4195 14
4201 15
4203 14
4208 21
4212 17
4214 9
4216 6
4223 12
4230 3
4237 4
4245 1
4255 13
4260 5
4266 2
4277 2
4288 18
4289 16
4291 12
4299 15
4301 9
4302 11
4308 7
4311 12
4319 12
4326 15
4328 11
4334 8
4336 2
4345 19
4347 21
4351 11
4357 6
4365 20
4367 17
4369 12
4376 11
4382 17
4384 5
4391 21
4395 4
4402 15
4404 4
4411 6
4417 7
4420 12
4428 20
4430 13
4435 3
4442 20
4444 15
4446 20
4448 12
4455 1
4465 1
4475 18
4476 20
4478 2
4487 18
4488 13
4494 5
4500 3
4507 4
4513 11
4520 18
4521 12
4527 10
4529 3
4535 17
4537 21
4541 20
4543 11
4550 20
4552 11
4559 3
4565 11
4571 16
4573 3
4579 6
4585 12
4592 19
4594 1
4603 13
4609 12
4617 8
4620 15
4622 12
4629 9
4630 18
4631 19
4633 7
4635 17
4637 11
4644 14
4650 10
4652 8
4654 12
4660 6
4667 14
4672 3
4679 15
4681 15
4683 19
4685 11
4691 19
4693 10
4694 1
4703 12
4710 1
4719 11
4725 12
4731 11
4738 10
4740 3
4746 11
4752 16
4754 1
4764 11
4770 17
4772 12
4779 13
4785 12
4793 20
4795 9
4797 12
4804 19
4806 10
4809 4
4815 12
4821 11
4828 10
4830 11
4836 15
4838 12
4845 11
4852 12
4860 11
4866 3
4873 15
4875 7
4877 16
4879 15
4881 11
4887 7
4890 19
4892 13
4898 21
4902 13
4908 11
4914 4
4920 17
4922 15
4924 17
4926 4
4934 12
4942 20
4944 8
4947 13
4952 8
4954 2
4963 12
4969 21
4973 11
4979 17
4981 14
4986 12
4993 11
5000 17
5002 2
5013 7
5015 19
5017 7
5020 11
5026 15
5028 7
5030 15
5032 2
5041 11
5047 20
5049 10
5051 15
5053 12
5060 11
5066 4
5073 21
5077 11
5083 7
5086 2
5096 15
5098 12
5106 18
5107 14
5114 20
5116 16
5118 16
5120 9
5122 12
5128 7
5131 12
5137 1
5147 12
5153 12
5161 12
5168 13
5174 2
5184 6
5192 11
5199 13
5204 19
5206 20
5208 13
5214 11
5220 2
5230 14
5235 21
5239 14
5244 16
5246 9
5248 12
5255 5
5261 16
5263 15
5265 1
5274 2
5283 16
5285 11
5292 18
5293 15
5295 8
5298 11
5305 19
5307 15
5309 15
5311 11
5317 21
5321 3
5327 18
5328 7
5331 12
5337 5
5343 10
5344 19
5346 16
5348 9
5349 6
5357 5
5363 12
5371 20
5373 5
5380 20
5382 2
5391 4
5399 14
5405 11
5411 18
5412 2
5423 8
5425 4
5432 18
5433 4
5441 16
5443 6
5450 17
5452 8
5455 20
5457 1
5466 7
5468 21
5472 12
5479 12
5487 11
5493 18
5494 13
5500 15
5502 9
5504 11
5510 20
5512 17
5514 4
5521 5
5527 12
5533 12
5540 1
5550 20
5552 20
5554 15
5556 11
5563 9
5564 4
5571 14
5577 14
5584 9
5585 8
5589 17
5591 19
5593 15
5595 9
5596 3
5602 11
5609 5
5616 19
5618 13
5623 1
5632 7
5635 18
5636 17
5638 20
5640 7
5643 3
5649 3
5656 21
5660 5
5667 15
5669 14
5675 11
5682 15
5684 16
5686 12
5692 21
5696 13
5701 6
5708 16
5710 11
5717 7
5719 16
5721 17
5723 20
5725 18
5726 17
5728 11
5735 20
5737 19
5739 11
5745 2
5756 3
5762 5
5768 19
5770 16
5772 18
5773 15
5775 8
5778 19
5780 5
5787 2
5797 13
5802 21
5806 5
5813 17
5815 12
5823 11
5830 12
5837 6
5844 17
5846 11
5852 14
5858 6
5866 1
5876 5
5882 9
5883 21
5887 18
5888 17
5890 3
5896 16
5898 16
5900 20
5902 8
5906 14
5912 2
5922 11
5929 5
5936 11
5943 11
5950 6
5956 18
5957 8
5960 21
5964 20
5966 13
5971 12
5979 10
5980 3
5986 5
5992 2
6001 7
6004 20
6006 12
6013 15
6015 16
6017 9
6019 13
6025 19
6027 11
6033 15
6035 18
6036 12
6042 21
6046 6
6053 11
6059 11
6065 10
6067 12
6074 11
6080 20
6082 20
6084 19
6086 21
6090 2
6100 12
6108 12
6116 20
6118 15
6120 9
6122 14
6128 15
6130 13
6136 14
6142 14
6148 7
6150 16
6152 12
6159 15
6161 1
6170 12
6178 15
6180 11
6187 9
6188 8
6191 11
6197 3
6203 11
6210 13
6216 21
6220 1
6230 11
6236 7
6239 20
6241 11
6248 16
6250 10
6251 6
6259 5
6265 7
6268 12
6276 18
6277 21
6281 4
6288 16
6290 12
6297 11
6304 13
6310 14
6315 16
6317 5
6324 1
6333 12
6341 1
6350 20
6352 14
6358 21
6362 2
6372 15
6374 14
6381 15
6383 15
6385 9
6386 7
6388 2
6398 18
6399 13
6405 2
6415 6
6422 16
6424 12
6431 11
6438 15
6440 3
6447 21
6451 4
6458 14
6465 3
6472 21
6476 10
6477 15
6479 19
6481 11
6487 18
6488 17
6490 8
6493 12
6499 10
6501 7
6503 14
6509 13
6515 10
6517 16
6519 6
6526 21
6530 20
6532 11
6538 11
6545 8
6548 20
6550 19
6552 13
6558 15
6560 14
6567 21
6571 10
6574 8
6576 7
6579 18
6580 11
6587 11
6594 4
6600 12
6607 3
6613 5
6620 18
6621 1
6630 10
6633 14
6639 11
6645 11
6652 8
6655 12
6662 15
6664 7
6667 18
6668 12
6675 17
6677 9
6678 20
6680 16
6682 6
6689 12
6695 17
6697 12
6705 19
6707 21
6711 20
6713 21
6717 10
6719 19
6721 4
6728 13
6734 3
6741 19
6743 21
6747 5
6753 4
6759 14
6764 19
6766 13
6772 6
6778 15
6780 12
6786 11
6793 19
6795 10
6798 8
6801 4
6809 15
6811 18
6812 17
6814 18
6815 5
6822 5
6828 8
6831 6
6838 5
6844 18
6845 21
6849 12
6855 5
6862 10
6863 7
6866 18
6867 13
6873 4
6881 11
6888 17
6890 11
6897 2
6908 9
6910 10
6912 4
6919 12
6926 12
6933 3
6939 12
6947 6
6955 5
6962 7
6965 7
6968 18
6969 5
6976 17
6978 12
6985 13
6990 18
6991 12
6998 20
7000 16
7002 13
7008 6
7015 3
7021 1
7031 11
7037 15
7039 18
7040 3
7047 8
7050 5
7056 10
7059 14
7065 10
7066 11
7073 10
7075 6
7082 10
7084 11
7090 14
7095 16
7097 10
7100 11
7106 2
7116 11
7122 18
7123 12
7131 15
7133 18
7134 6
7142 8
7145 12
7152 12
7159 11
7166 1
7175 18
7176 21
7180 7
7182 20
7184 3
7191 11
7197 18
7198 14
7204 14
7209 11
7215 14
7220 11
7227 18
7228 11
7235 9
7237 8
7241 12
7248 11
7254 1
7264 11
7271 13
7277 2
7286 21
7290 12
7296 11
7303 15
7305 17
7307 10
7309 12
7315 9
7316 14
7321 18
7322 3
7329 18
7330 5
7337 7
7339 6
7347 21
7351 18
7352 7
7354 2
7364 5
7371 17
7373 21
7377 11
7384 15
7386 4
7394 11
7400 10
7403 7
7406 14
7413 8
7417 2
7428 1
7437 8
7439 20
7441 4
7449 3
7455 12
7463 19
7465 2
7475 21
7479 12
7485 21
7489 11
7496 7
7498 7
7500 18
7501 11
7507 21
7511 15
7513 11
7520 2
7531 6
7539 15
7541 15
7543 13
7549 4
7556 7
7559 11
7566 19
7568 8
7571 21
7575 5
7581 19
7583 15
7585 12
7592 17
7594 1
7603 18
7604 12
7612 3
7619 11
7626 18
7627 16
7629 21
7633 19
7635 12
7642 18
7643 16
7645 15
7647 10
7648 11
7655 11
7662 11
7669 12
7677 8
7681 6
7688 4
7695 7
7698 19
7700 15
7702 8
7705 12
7711 1
7720 15
7722 12
7729 12
7735 8
7738 12
7745 12
7751 10
7753 13
7758 11
7764 1
7774 11
7780 6
7787 11
7794 14
7800 9
7801 4
7809 2
7819 12
7827 14
7832 8
7835 7
7838 6
7844 11
7850 11
7856 11
7862 7
7864 7
7866 15
7868 10
7869 16
7871 4
7878 11
7884 12
7891 12
7899 9
7901 12
7909 11
7916 2
7927 15
7929 8
7931 9
7932 2
7942 14
7949 9
7951 6
7958 5
7965 2
7975 4
7982 17
7984 1
7993 9
7994 1
8003 18
8004 4
8011 20
8013 12
8020 3
8026 10
8028 3
8035 15
8037 18
8038 19
8040 11
8046 15
8048 11
8055 11
8062 20
8064 6
8071 14
8076 14
8083 10
8085 14
8091 19
8093 2
8103 12
8110 11
8116 5
8122 12
8129 12
8136 1
8146 11
8152 11
8159 14
8165 9
8166 4
8172 8
8176 11
8183 8
8186 3
8193 17
8195 21
8199 3
8205 19
8207 2
8216 18
8217 11
8224 9
8225 17
8227 10
8228 14
8234 2
8244 10
8247 7
8249 13
8254 5
8261 14
8267 18
8268 20
8270 13
8276 11
8283 11
8290 4
8297 18
8298 6
8305 3
8311 18
8312 14
8318 10
8320 13
8326 1
8336 18
8337 2
8347 7
8350 17
8352 2
8362 20
8364 16
8366 1
8376 11
8383 17
8385 10
8388 11
8394 18
8395 17
8397 6
8405 9
8407 1
8417 19
8419 16
8421 13
8427 11
8433 7
8436 11
8442 18
8443 3
8450 10
8451 7
8454 14
8460 14
8465 18
8466 16
8468 4
8475 8
8478 20
8480 8
8483 5
8490 21
8494 17
8496 2
8507 7
8509 3
8516 9
8517 4
8525 5
8531 2
8541 11
8547 20
8549 12
8557 3
8563 21
8567 12
8574 19
8576 9
8578 7
8580 11
8586 20
8588 12
8595 12
8603 14
8609 5
8616 18
8617 11
8624 14
8630 11
8637 8
8639 13
8644 12
8652 6
8660 2
8669 16
8671 9
8673 15
8675 17
8677 7
8679 11
8685 12
8692 2
8703 16
8705 6
8711 15
8713 19
8715 15
8717 21
8721 14
8728 19
8730 21
8734 21
8738 3
8744 15
8746 20
8748 11
8755 14
8761 8
8765 8
8769 10
8771 12
8778 15
8780 6
8787 12
8794 10
8796 5
8803 11
8810 6
8817 21
8821 7
8824 17
8826 1
8836 18
8837 18
8838 12
8845 2
8855 17
8857 20
8859 6
8867 15
8869 5
8876 14
8882 11
8889 11
8895 19
8897 6
8904 21
8908 18
8909 5
8915 18
8916 1
8926 12
8933 12
8940 2
8949 3
8955 14
8962 9
8964 20
8966 4
8974 17
8976 12
8982 11
8989 18
8990 20
8992 18
8993 16
8995 20
8997 8
9000 19
9002 13
9008 6
9015 7
9017 21
9021 5
9027 3
9034 9
9036 11
9042 20
9044 8
9047 9
9048 12
9055 21
9059 8
9063 19
9065 18
9066 18
9067 13
9073 12
9080 11
9087 6
9095 11
9102 19
9104 12
9111 11
9117 11
9123 9
9125 9
9127 7
9130 13
9136 21
9140 2
9149 9
9150 10
9153 17
9155 6
9162 1
9172 13
9177 3
9183 12
9191 7
9194 14
9200 11
9206 16
9208 12
9215 9
9216 10
9218 9
9219 5
9225 1
9235 18
9236 12
9244 18
9245 12
9251 9
9252 6
9260 15
9262 3
9269 10
9271 15
9273 10
9274 3
9281 8
9284 16
9286 7
9289 8
9293 10
9294 5
9301 21
9305 17
9307 12
9315 18
9316 20
9318 2
9328 1
9337 3
9344 11
9351 6
9358 15
9360 5
9366 18
9367 3
9373 1
9383 16
9385 4
9393 17
9395 9
9397 19
9399 12
9406 14
9412 14
9418 4
9426 5
9433 14
9439 12
9446 1
9456 18
9457 6
9465 11
9472 12
9480 11
9487 12
9495 12
9502 19
9504 15
9506 8
9510 18
9511 19
9513 12
9519 16
9521 2
9530 14
9536 8
9539 4
9546 1
9555 15
9557 1
9567 21
9571 20
9573 15
9575 16
9577 11
9584 10
9585 11
9592 18
9593 12
9599 18
9600 8
9603 8
9606 4
9612 2
9621 12
9628 3
9635 12
9642 12
9650 1
9660 5
9667 13
9672 21
9676 17
9678 12
9686 11
9692 19
9694 6
9700 4
9706 5
9712 18
9713 10
9715 19
9717 11
9723 5
9729 11
9735 11
9742 19
9744 12
9751 11
9757 15
9759 12
9765 12
9772 19
9774 19
9776 11
9783 12
9790 10
9792 11
9798 1
9808 16
9810 11
9816 14
9821 3
9828 11
9835 6
9843 11
9849 16
9851 12
9857 16
9859 17
9861 20
9863 21
9867 1
9877 2
9887 8
9889 15
9891 21
9895 8
9897 5
9904 14
9910 15
9912 1
9922 6
9930 9
9932 10
9933 2
9942 5
9948 14
9954 16
9956 17
9958 13
9963 4
9970 2
9980 11
9986 21
9990 7
9992 4
9999 5
10006 11
10013 13
10019 12
10026 11
10033 5
10040 2
10050 3
10057 11
10064 8
10068 14
10074 7
10076 9
10077 8
10080 2
10091 3
10098 15
10100 2
10109 11
10115 12
10121 7
10124 10
10126 21
10130 12
10137 11
10143 12
10151 11
10158 1
10168 3
10175 20
10177 10
10179 6
10186 14
10192 13
10197 5
10203 12
10209 11
10215 3
10221 6
10227 19
10229 12
10235 3
10242 6
10248 8
10251 2
10261 3
10268 11
10275 14
10282 10
10284 15
10286 10
10288 16
10290 18
10291 15
10293 11
10299 2
10310 19
10312 18
10313 9
10314 8
10318 12
10326 8
10329 9
10331 11
10337 1
10346 13
10351 2
10362 16
10364 8
10368 12
10374 14
10379 4
10386 1
10396 12
10404 8
10408 5
10414 20
10416 15
10418 6
10425 1
10434 1
10443 7
10445 9
10446 4
10452 14
10458 20
10460 19
10462 9
10463 12
10469 11
10475 5
10482 19
10484 18
10485 8
10488 12
10495 8
10499 11
10506 11
10512 12
10520 11
10526 14
10532 6
10539 2
10548 12
10554 11
10560 9
10561 19
10563 11
10569 4
10576 3
10583 21
10587 19
10589 12
10596 21
10600 21
10604 21
10608 18
10609 7
10612 19
10614 3
10621 9
10623 20
10625 17
10627 7
10630 5
10637 17
10639 12
10645 7
10648 8
10652 13
10658 11
10665 16
10667 18
10668 12
10676 18
10677 16
10679 19
10681 14
10688 16
10690 11
10697 17
10699 16
10701 11
10708 20
10710 21
10714 3
10720 12
10727 9
10729 12
10736 6
10742 12
10750 12
10757 6
10765 5
10772 20
10774 12
10780 20
10782 9
10784 12
10791 5
10797 20
10799 14
10805 4
10813 16
10815 12
10822 20
10824 8
10826 10
10829 2
10838 8
10841 21
10845 21
10849 7
10851 6
10858 2
10868 11
10875 2
10884 6
10891 18
10892 11
10898 12
10904 12
10911 5
10917 1
10927 14
10933 6
10940 20
10942 15
10944 11
10950 18
10951 11
10958 4
10966 8
10970 18
10971 21
10975 3
10982 10
10984 12
10991 6
10999 11
11006 7
11009 8
11012 11
11018 4
11025 4
11032 20
11034 21
11038 20
11040 11
11046 11
11053 5
11059 21
11063 16
11065 18
11066 2
11075 11
11082 17
11084 11
11091 1
11100 17
11102 10
11104 6
11110 21
11114 8
11116 6
11124 11
11130 18
11131 11
11138 2
11148 2
11159 5
11166 2
11175 1
11185 12
11192 1
11201 11
11207 20
11209 9
11211 21
11215 4
11222 4
11230 13
11235 19
11237 11
11243 3
11249 6
11257 12
11265 18
11266 18
11267 3
11273 6
11280 15
11282 21
11286 4
11294 19
11296 17
11298 10
11300 10
11302 20
11304 7
11306 11
11313 12
11321 12
11329 10
11332 14
11339 14
11345 18
11346 10
11347 2
11356 14
11362 20
11364 7
11367 16
11369 18
11370 20
11372 18
11373 11
11379 16
11381 7
11383 7
11385 13
11391 6
11398 18
11399 12
11405 13
11411 18
11412 8
11415 11
11422 11
11428 15
11430 13
11435 3
11442 6
11448 18
11449 5
11456 18
11457 9
11458 15
11460 11
11467 9
11468 7
11470 18
11471 11
11478 18
11479 11
11486 11
11492 4
11499 16
11501 10
11504 8
11507 3
11514 12
11521 8
11524 1
11534 4
11540 8
11543 11
11549 12
11555 16
11557 6
11564 20
11566 15
11568 2
11578 8
11581 11
11587 21
11591 5
11597 4
11604 12
11611 16
11613 17
11615 8
11618 12
11625 18
11626 11
11633 13
11638 9
11639 18
11640 8
11643 6
11650 8
11654 2
11664 7
11667 18
11668 7
11671 2
11680 5
11687 8
11690 18
11691 21
11695 16
11697 6
11704 12
11712 18
11713 2
11724 9
11725 12
11731 21
11735 1
11744 5
11751 6
11758 9
11760 18
11761 20
11763 12
11770 2
11780 11
11787 5
11793 14
11799 2
11809 14
11816 11
11823 12
11829 18
11830 13
11835 4
11841 12
11849 12
11856 3
11862 17
11864 8
11867 4
11874 13
11879 9
11881 21
11885 10
11887 12
11893 4
11900 11
11907 11
11913 7
11915 11
11922 9
11924 6
11931 19
11933 7
11936 21
11940 6
11946 11
11953 1
11962 16
11964 15
11966 13
11971 10
11973 11
11980 2
11989 7
11992 11
11999 16
12001 19
12003 1
12012 4
12020 4
12028 5
12034 7
12037 21
12041 12
12047 18
12048 20
12050 5
12056 7
12058 14
12063 6
12071 11
12077 16
12079 12
12086 5
12093 13
12098 12
12106 12
12113 9
12114 20
12116 6
12123 12
12130 13
12135 13
12141 3
12148 6
12155 11
12162 10
12163 11
12169 18
12170 12
12178 21
12182 13
12187 12
12194 6
12201 9
12203 13
12208 8
12210 15
12212 20
12214 18
12215 12
12223 8
12226 7
12228 15
12230 11
12237 11
12243 13
12248 16
12250 14
12257 8
12259 5
12266 15
12268 11
12275 16
12277 7
12280 14
12287 16
12289 21
12293 13
12298 14
12303 14
12309 8
12313 5
12319 12
12326 2
12336 2
12345 11
12352 19
12354 9
12356 15
12358 21
12362 18
12363 4
12371 10
12372 8
12374 4
12382 11
12388 13
12393 8
12395 11
12402 2
12411 10
12414 18
12415 6
12423 11
12430 15
12432 4
12439 8
12441 21
12445 10
12446 12
12454 11
12461 8
12464 11
12471 1
12480 12
12487 14
12494 18
12495 16
12497 7
12500 7
12502 10
12503 11
12510 4
12517 4
12523 8
12526 12
12532 5
12538 1
12547 4
12554 10
12557 1
12566 7
12568 13
12574 11
12580 11
12586 17
12588 18
12589 9
12591 11
12598 11
12605 21
12609 12
12615 4
12621 18
12622 3
12629 4
12636 11
12642 11
12648 18
12649 21
12653 20
12655 4
12662 12
12670 16
12672 9
12673 6
12679 12
12687 15
12689 14
12695 9
12696 21
12700 19
12702 7
12704 18
12705 19
12707 11
12713 3
12720 5
12727 2
12737 21
12741 12
12749 4
12757 20
12759 3
12765 16
12767 4
12774 12
12780 18
12781 10
12782 9
12784 16
12786 8
12789 13
12794 8
12797 21
12801 19
12803 2
12812 11
12819 4
12825 1
12834 15
12836 18
12837 4
12845 12
12851 18
12852 21
12856 1
12865 9
12866 3
12873 12
12880 2
12891 12
12899 11
12906 11
12913 18
12914 3
12921 18
12922 13
12927 5
12933 18
12934 9
12936 2
12946 19
12948 13
12953 10
12955 15
12957 12
12963 5
12969 14
12974 12
12982 20
12984 6
12990 19
12992 10
12993 11
12999 6
13005 18
13006 18
13007 11
13013 12
13021 10
13023 13
13029 18
13030 11
13036 11
13043 8
13045 10
13047 18
13048 18
13049 21
13053 20
13055 8
13059 1
13069 4
13076 11
13082 7
13084 20
13086 8
13090 5
13097 14
13103 21
13107 11
13113 8
13116 8
13119 18
13120 10
13122 10
13125 16
13127 6
13134 11
13140 5
13146 19
13148 12
13154 8
13156 3
13163 10
13165 5
13172 21
13176 18
13177 21
13181 13
13187 11
13194 12
13202 2
13213 12
13220 18
13221 19
13223 7
13226 3
13232 20
13234 11
13240 11
13247 18
13248 13
13254 16
13256 20
13258 18
13259 8
13263 19
13265 17
13267 2
13277 4
13283 4
13291 20
13293 9
13294 18
13295 3
13302 18
13303 16
13305 20
13307 21
13311 14
13316 9
13317 3
13323 11
13329 15
13331 11
13338 14
13344 6
13350 10
13352 1
13362 5
13369 12
13376 1
13385 13
13391 11
13398 21
13402 11
13409 1
13419 9
13421 11
13427 9
13429 16
13431 4
13438 13
13444 2
13454 12
13461 2
13471 10
13472 7
13475 3
13481 15
13483 6
13490 9
13492 5
13498 11
13505 11
13511 18
13512 15
13514 8
13517 11
13523 12
13530 7
13533 12
13540 5
13547 1
13557 6
13565 19
13567 5
13574 11
13581 18
13582 5
13588 6
13594 9
13595 7
13598 17
13600 4
13607 9
13608 7
13610 9
13611 6
13618 8
13621 15
13623 5
13629 6
13635 18
13636 16
13638 11
13644 12
13652 19
13654 10
13657 11
13664 1
13674 19
13676 15
13678 4
13686 18
13687 16
13689 7
13692 9
13694 12
13701 6
13707 7
13709 12
13716 16
13718 4
13725 13
13731 12
13738 3
13744 2
13754 18
13755 11
13761 16
13763 18
13764 15
13766 15
13768 7
13771 11
13777 7
13780 19
13782 18
13783 18
13784 19
13786 7
13788 1
13797 5
13803 11
13810 9
13811 21
13815 12
13822 6
13829 16
13831 11
13837 19
13839 12
13845 14
13851 11
13857 18
13858 9
13859 11
13865 12
13873 13
13879 14
13885 16
13887 11
13893 7
13895 9
13897 19
13899 3
13905 3
13911 11
13918 12
13926 9
13927 9
13928 13
13933 18
13934 8
13938 3
13945 4
13952 18
13953 6
13959 19
13961 18
13962 16
13964 12
13970 9
13971 9
13973 12
13981 12
13989 10
13991 17
13993 12
14001 4
14008 15
14010 12
14016 2
14026 10
14027 4
14033 13
14038 15
14040 1
14050 7
14052 12
14060 7
14062 1
14071 11
14077 6
14084 1
14094 16
14096 6
14103 9
14104 4
14112 1
14121 12
14127 8
14130 2
14141 19
14143 15
14145 14
14150 11
14157 8
14159 9
14161 21
14165 13
14170 11
14177 4
14185 8
14187 16
14189 11
14195 1
14205 11
14211 2
14221 21
14225 18
14226 1
14235 5
14241 20
14243 1
14252 14
14258 17
14260 18
14261 18
14262 11
14268 12
14274 18
14275 12
14282 11
14288 19
14290 6
14298 11
14305 11
14312 6
14319 12
14327 1
14337 14
14344 9
14346 11
14352 11
14358 9
14360 19
14362 11
14369 8
14372 14
14378 15
14380 20
14382 7
14385 16
14387 14
14392 12
14400 2
14409 1
14419 1
14429 15
14431 10
14433 4
14441 4
14448 1
14458 3
14465 10
14467 17
14469 18
14470 14
14476 15
14478 6
14485 15
14487 19
14489 8
14492 11
14499 9
14501 10
14504 17
14506 11
14513 21
14517 3
14523 11
14530 13
14535 17
14537 20
14539 12
14546 18
14547 12
14554 16
14556 12
14564 17
14566 10
14567 14
14573 17
14575 11
14582 7
14585 15
14587 13
14592 13
14597 21
14601 9
14602 19
14604 12
14611 15
14613 16
14615 9
14617 5
14624 11
14631 11
14637 13
14643 6
14651 11
14658 12
14665 15
14667 10
14669 12
14677 10
14678 15
14680 11
14686 11
14693 11
14699 14
14706 9
14707 12
14713 15
14715 12
14723 11
14730 10
14731 9
14733 9
14735 11
14742 11
14749 21
14753 15
14755 14
14761 16
14763 20
14765 20
14767 2
14777 6
14784 12
14792 21
14796 4
14803 3
14809 17
14811 14
14817 9
14818 5
14825 21
14829 11
14836 20
14838 11
14845 15
14847 21
14851 14
14857 21
14861 9
14862 6
14869 3
14875 14
14880 19
14882 7
14885 13
14890 21
14894 14
14899 1
14909 3
14916 9
14917 10
14919 7
14922 8
14925 12
14932 5
14939 6
14946 16
14948 4
14954 13
14959 12
14965 11
14972 15
14974 11
14980 6
14986 15
14988 20
14990 11
14996 12
15002 18
15003 5
15010 1
15019 6
15025 12
15033 3
15039 20
15041 4
15049 11
15056 5
15063 3
15070 18
15071 2
15081 2
15090 10
15092 11
15098 8
15102 18
15103 21
15107 10
15110 5
15116 7
15118 17
15120 11
15126 12
15132 21
15136 12
15143 6
15149 17
15151 21
15155 16
15157 11
15164 3
15171 11
15177 11
15183 10
15186 3
15193 3
15200 14
15206 12
15212 18
15213 12
15220 18
15221 8
15223 11
15230 4
15237 4
15244 11
15251 4
15259 14
15264 5
15270 9
15272 12
15280 9
15281 13
15287 13
15292 18
15293 5
15300 18
15301 11
15307 2
15316 12
15324 12
15331 20
15333 3
15339 15
15341 7
15344 2
15355 21
15359 18
15360 4
15367 11
15373 19
15375 12
15383 13
15388 3
15394 11
15401 11
15407 18
15408 12
15416 16
15418 21
15422 11
15428 12
15434 6
15441 9
15443 21
15447 9
15449 3
15456 17
15458 8
15460 19
15462 14
15468 5
15475 15
15477 12
15484 6
15491 18
15492 20
15494 9
15496 11
15503 15
15505 12
15512 17
15514 6
15521 17
15523 16
15525 9
15526 7
15528 18
15529 18
15530 9
15531 3
15538 5
15544 14
15550 1
15559 7
15561 11
15567 3
15573 17
15575 15
15577 21
15581 12
15588 18
15589 11
15595 21
15599 6
15607 12
15614 7
15617 9
15618 1
15628 17
15630 16
15632 11
15638 11
15644 18
15645 19
15647 8
15651 7
15654 16
15656 19
15658 12
15664 12
15672 7
15675 21
15679 16
15681 8
15683 10
15684 14
15690 15
15692 11
15699 17
15701 5
15707 18
15708 9
15710 12
15716 20
15718 12
15726 19
15728 3
15735 15
15737 13
15743 20
15745 6
15752 11
15758 13
15764 18
15765 11
15771 21
15775 2
15786 16
15788 2
15799 6
15807 21
15811 13
15817 21
15821 12
15828 5
15834 12
15841 20
15843 4
15851 4
15858 12
15864 4
15870 11
15876 9
15878 11
15885 8
15888 1
15897 14
15903 3
15909 11
15915 21
15919 10
15921 18
15922 8
15925 6
15933 12
15940 11
15947 11
15954 8
15957 9
15959 14
15965 12
15972 19
15974 19
15976 20
15978 5
15984 12
15990 16
15992 9
15993 17
15995 11
16002 16
16004 15
16006 10
16008 13
16013 18
16014 21
16018 2
16028 8
16032 10
16033 18
16034 2
16045 5
16051 21
16055 14
16061 2
16071 1
16081 1
16091 11
16097 3
16103 18
16104 11
16111 18
16112 15
16114 10
16116 18
16117 8
16120 12
16127 1
16137 11
16144 6
16150 2
16161 17
16163 2
16172 9
16174 11
16180 12
16188 11
16195 7
16198 10
16200 12
16208 18
16209 20
16211 6
16217 3
16223 14
16229 13
16235 13
16241 15
16243 9
16244 18
16245 10
16246 16
16248 19
16250 4
16257 2
16266 18
16267 6
16275 11
16282 13
16287 11
16294 12
16301 18
16302 15
16304 6
16310 12
16317 12
16324 11
16331 12
16338 20
16340 12
16347 17
16349 21
16353 11
16359 4
16366 6
16374 16
16376 4
16383 15
16385 18
16386 16
16388 8
16391 20
16393 11
16399 21
16403 20
16405 11
16412 3
16419 18
16420 4
16426 18
16427 18
16428 20
16430 12
16437 6
16445 14
16451 17
16453 16
16455 11
16461 12
16468 3
16475 11
16482 12
16489 20
16491 12
16498 18
16499 12
16506 10
16509 18
16510 8
16513 18
16514 1
16523 9
16524 21
16528 12
16535 3
16541 21
16545 18
16546 20
16548 6
16556 15
16558 13
16563 1
16573 18
16574 18
16575 2
16585 12
16593 6
16599 15
16601 12
16608 12
16615 17
16617 13
16623 12
16629 13
16635 4
16641 6
16648 11
16654 11
16661 9
16663 17
16665 6
16672 12
16680 11
16687 11
16693 7
16696 12
16703 19
16705 19
16707 11
16714 8
16716 3
16723 9
16725 18
16726 11
16732 15
16734 11
16740 7
16742 11
16749 9
16751 9
16753 5
16759 7
16762 18
16763 8
16766 19
16768 12
16776 19
16778 18
16779 19
16781 9
16782 1
16791 5
16797 8
16800 10
16802 16
16804 12
16811 19
16813 14
16820 19
16822 14
16829 10
16830 15
16832 20
16834 16
16836 6
16843 9
16844 3
16851 5
16858 20
16860 11
16866 15
16868 8
16872 17
16874 10
16877 8
16879 18
16880 15
16882 12
16889 20
16891 1
16901 18
16902 1
16911 7
16913 20
16915 3
16922 5
16929 4
16936 16
16938 15
16940 2
16951 11
16958 3
16965 11
16972 3
16979 16
16981 11
16987 12
16995 21
16999 11
17006 14
17012 16
17014 1
17023 12
17030 11
17037 10
17039 11
17045 10
17046 4
17054 16
17056 12
17063 5
17069 11
17076 12
17082 11
17089 16
17091 5
17097 10
17099 12
17107 12
17115 20
17117 13
17122 18
17123 8
17126 11
17133 13
17139 21
17143 2
17153 15
17155 15
17157 17
17159 13
17165 11
17171 12
17178 2
17187 5
17193 4
17200 11
17207 3
17214 19
17216 4
17223 1
17232 10
17234 19
17236 15
17238 1
17247 6
17254 18
17255 1
17264 11
17271 3
17277 15
17279 12
17287 18
17288 16
17290 11
17297 10
17299 15
17301 11
17308 15
17310 10
17312 18
17313 3
17319 11
17325 4
17332 12
17339 16
17341 11
17347 12
17353 21
17357 17
17359 18
17360 3
17367 10
17368 3
17375 11
17381 6
17388 2
17399 8
17401 9
17402 8
17406 11
17413 11
17420 18
17421 12
17427 3
17433 3
17439 12
17446 11
17453 5
17460 21
17464 11
17471 12
17478 1
17488 11
17494 20
17496 18
17497 13
17503 15
17505 7
17508 19
17510 10
17512 9
17514 14
17520 12
17527 5
17533 16
17535 17
17537 16
17539 15
17541 20
17543 11
17549 15
17551 21
17555 5
17562 3
17569 5
17575 11
17582 11
17589 21
17593 7
17595 9
17597 12
17604 7
17606 7
17609 21
17613 11
17619 16
17621 10
17623 4
17629 18
17630 13
17635 18
17636 11
17643 9
17644 9
17645 14
17651 13
17656 17
17658 19
17660 2
17670 13
17676 11
17683 20
17685 21
17689 2
17699 13
17704 20
17706 6
17713 20
17715 12
17723 11
17729 14
17735 21
17739 12
17746 19
17748 11
17755 2
17764 12
17771 18
17772 5
17779 15
17781 17
17783 12
17791 4
17797 11
17804 17
17806 12
17814 6
17822 11
17829 13
17835 5
17841 20
17843 3
17849 10
17852 11
17858 6
17866 9
17868 18
17869 6
17875 6
17882 12
17890 15
17892 6
17899 13
17904 17
17906 17
17908 12
17914 6
17920 14
17927 21
17931 3
17938 4
17946 12
17952 6
17959 4
17966 7
17968 15
17970 12
17976 12
17982 18
17983 21
17987 17
17989 8
17992 1
18001 1
18011 14
18018 21
18022 7
18025 11
18032 4
18039 6
18045 10
18048 18
18049 17
18051 8
18054 11
18060 10
18063 17
18065 16
18067 13
18072 12
18078 2
18087 11
18094 14
18100 11
18107 1
18117 21
18121 21
18125 13
18130 5
18137 16
18139 9
18140 2
18150 8
18153 13
18158 9
18159 16
18161 5
18167 12
18174 14
18181 12
18187 12
18194 2
18204 5
18210 18
18211 8
18213 17
18215 21
18219 8
18222 17
18224 18
18225 11
18232 11
18238 16
18240 3
18246 19
18248 19
18250 16
18252 2
18262 16
18264 4
18271 13
18276 10
18279 14
18285 7
18288 20
18290 18
18291 10
18294 7
18297 5
18304 2
18314 2
18323 17
18325 11
18331 12
18338 17
18340 3
18346 19
18348 8
18351 3
18357 2
18366 11
18373 8
18376 6
18383 13
18389 12
18396 10
18398 5
18404 5
18411 4
18417 9
18419 1
18428 11
18435 18
18436 16
18438 12
18446 14
18451 6
18457 2
18467 7
18469 3
18476 12
18483 3
18490 15
18492 7
18494 11
18500 12
18507 16
18509 14
18515 4
18522 20
18524 10
18527 16
18529 16
18531 10
18533 3
18540 15
18542 2
18551 11
18557 9
18558 9
18560 10
18562 5
18569 5
18575 15
18577 18
18578 19
18580 13
18585 15
18587 10
18589 3
18596 20
18598 19
18600 3
18606 10
18609 18
18610 18
18611 11
18617 12
18625 16
18627 1
18636 18
18637 15
18639 3
18646 12
18653 14
18659 11
18666 18
18667 14
18673 12
18681 14
18688 1
18698 21
18702 21
18706 4
18713 20
18715 11
18722 6
18729 21
18733 20
18735 7
18737 18
18738 15
18740 16
18742 12
18749 11
18755 21
18759 16
18761 11
18767 15
18769 1
18779 16
18781 1
18791 11
18798 18
18799 18
18800 12
18808 7
18810 12
18817 16
18819 15
18821 18
18822 3
18828 15
18830 14
18836 14
18842 19
18844 17
18846 13
18851 15
18853 18
18854 18
18855 15
18857 10
18858 6
18865 17
18867 11
18874 19
18876 14
18882 3
18888 5
18894 17
18896 1
18906 6
18912 19
18914 9
18916 12
18924 11
18930 13
18936 18
18937 18
18938 14
18944 20
18946 4
18953 21
18957 17
18959 12
18966 9
18968 12
18974 18
18975 6
18981 11
18988 18
18989 2
19000 19
19002 3
19009 9
19011 13
19016 15
19018 11
19024 21
19028 19
19030 8
19032 14
19038 9
19039 11
19046 17
19048 13
19054 2
19064 18
19065 4
19073 12
19080 8
19084 11
19090 4
19096 13
19102 2
19112 11
19118 18
19119 11
19126 11
19133 19
19135 7
19137 20
19139 18
19140 11
19146 21
19150 6
19156 3
19162 21
19166 18
19167 1
19177 21
19181 20
19183 8
19186 1
19195 9
19197 15
19199 12
19207 3
19214 12
19220 11
19227 11
19233 11
19240 17
19242 11
19248 15
19250 3
19257 9
19259 18
19260 12
19267 18
19268 10
19269 9
19271 18
19272 14
19278 2
19288 17
19290 12
19297 21
19301 18
19302 11
19308 14
19315 11
19321 18
19322 13
19327 8
19331 21
19335 17
19337 16
19339 10
19341 2
19351 7
19353 3
19360 21
19364 5
19370 11
19377 6
19385 6
19392 10
19394 7
19397 11
19404 19
19406 13
19411 21
19415 7
19417 5
19423 2
19433 19
19435 11
19441 2
19450 6
19458 18
19459 17
19461 6
19468 15
19470 8
19473 2
19484 16
19486 8
19489 6
19495 9
19496 6
19502 7
19504 16
19506 21
19510 14
19516 18
19517 18
19518 17
19520 3
19526 21
19530 17
19532 9
19533 14
19538 16
19540 16
19542 20
19544 1
19553 11
19560 6
19568 20
19570 18
19571 9
19572 12
19579 6
19585 18
19586 21
19590 5
19597 14
19604 14
19611 11
19617 11
19623 1
19633 19
19635 5
19642 20
19644 19
19646 1
19655 12
19662 16
19664 9
19666 5
19673 17
19675 19
19677 12
19684 1
19693 12
19699 12
19706 11
19712 18
19713 16
19715 11
19721 1
19731 7
19733 11
19740 18
19741 16
19743 15
19745 4
19751 5
19758 14
19764 16
19766 14
19771 18
19772 2
19782 5
19788 13
19793 12
19801 11
19808 8
19811 17
19813 9
19814 16
19816 4
19823 10
19826 11
19832 1
19841 11
19848 15
19850 18
19851 11
19858 2
19867 17
19869 2
19879 16
19881 6
19888 12
19895 11
19902 17
19904 1
19914 8
19918 17
19920 3
19926 17
19928 19
19930 18
19931 4
19938 1
19948 18
19949 11
19955 2
19965 2
19974 15
19976 11
19982 17
19984 17
19986 5
19992 11
19998 12
20005 2
20016 12
20022 3
20028 12
20035 9
20037 3
20043 20
20045 12
20053 18
20054 2
20064 1
20074 20
20076 21
20080 11
20086 18
20087 1
20096 20
20098 18
20099 18
20100 12
20107 21
20111 12
20119 18
20120 6
20127 3
20133 9
20134 17
20136 15
20138 16
20140 13
20145 12
20152 10
20154 12
20162 11
20168 5
20175 2
20185 9
20186 12
20193 5
20200 1
20210 17
20212 10
20214 19
20216 15
20218 21
20222 13
20228 3
20235 18
20236 11
20243 4
20250 15
20252 5
20258 18
20259 7
20262 20
20264 7
20267 20
20269 8
20272 19
20274 12
20280 10
20282 6
20289 18
20290 11
20296 12
20303 21
20307 19
20309 18
20310 18
20311 9
20313 16
20315 21
20319 18
20320 14
20327 17
20329 1
20339 18
20340 14
20345 7
20347 16
20349 11
20356 4
20362 9
20364 18
20365 18
20366 13
20372 12
20379 11
20386 10
20387 11
20394 18
20395 19
20397 12
20404 10
20406 9
20407 12
20414 2
20424 21
20428 16
20430 4
20438 17
20440 11
20446 11
20453 21
20457 14
20463 7
20465 8
20468 18
20469 11
20476 18
20477 12
20484 7
20486 11
20492 12
20500 4
20507 12
20514 5
20520 11
20526 15
20528 6
20534 17
20536 3
20542 13
20547 11
20554 6
20561 11
20568 10
20570 17
20572 11
20579 1
20589 16
20591 6
20598 17
20600 15
20602 5
20609 13
20614 15
20616 5
20623 11
20630 4
20637 2
20646 17
20648 1
20657 10
20660 6
20666 2
20675 2
20684 14
20691 16
20693 12
20700 12
20707 14
20713 5
20719 20
20721 10
20724 12
20730 21
20734 7
20736 14
20742 11
20748 2
20758 3
20765 12
20771 5
20778 18
20779 20
20781 14
20786 17
20788 11
20794 12
20801 7
20804 16
20806 5
20813 15
20815 14
20820 3
20827 4
20834 20
20836 11
20842 12
20848 3
20855 20
20857 2
20866 5
20873 10
20876 20
20878 20
20880 17
20882 8
20885 18
20886 7
20889 5
20896 16
20898 18
20899 11
20906 18
20907 1
20917 13
20922 12
20928 12
20935 12
20941 18
20942 7
20944 4
20950 3
20956 11
20962 5
20969 11
20976 11
20982 5
20989 11
20995 12
21002 11
21009 1
21018 2
21028 16
21030 15
21032 11
21039 17
21041 15
21043 19
21045 11
21052 12
21059 13
21065 9
21067 13
21072 21
21076 2
21086 20
21088 12
21095 11
21101 12
21108 15
21110 9
21112 1
21122 15
21124 20
21126 7
21128 21
21132 9
21133 13
21139 4
21145 17
21147 20
21149 17
21151 11
21157 18
21158 8
21162 11
21169 18
21170 20
21172 12
21178 10
21181 2
21191 18
21192 8
21195 20
21197 1
21207 18
21208 11
21214 8
21217 6
21224 9
21226 13
21231 11
21237 7
21240 15
21242 17
21244 12
21252 11
21259 7
21261 6
21267 18
21268 10
21271 18
21272 15
21274 2
21285 20
21287 12
21295 21
21299 20
21301 8
21304 18
21305 2
21314 11
21320 17
21322 15
21324 4
21331 14
21338 18
21339 14
21344 10
21346 11
21353 11
21360 8
21364 3
21370 21
21374 12
21380 5
21386 9
21387 16
21389 9
21390 18
21391 19
21393 9
21394 5
21401 13
21407 7
21409 15
21411 9
21413 18
21414 3
21420 15
21422 17
21424 5
21431 11
21438 13
21444 8
21447 17
21449 2
21459 12
21466 18
21467 5
21474 1
21483 12
21490 8
21494 12
21500 12
21506 10
21508 4
21515 11
21522 8
21525 13
21531 3
21537 21
21541 11
21547 12
21554 6
21561 18
21562 12
21570 9
21571 7
21573 11
21580 12
21587 8
21589 2
21599 20
21601 4
21608 10
21609 11
21615 12
21623 12
21631 11
21637 18
21638 19
21640 12
21647 11
21653 9
21655 1
21664 5
21671 14
21676 10
21678 17
21680 10
21681 7
21684 12
21690 8
21693 9
21694 2
21704 8
21706 11
21713 18
21714 9
21716 17
21718 7
21721 4
21728 15
21730 4
21737 17
21739 11
21746 1
21756 6
21763 11
21770 12
21777 12
21784 17
21786 11
21792 12
21800 5
21806 3
21812 14
21818 5
21824 9
21825 11
21832 12
21840 12
21847 19
21849 14
21854 17
21856 13
21861 1
21870 16
21872 11
21878 13
21883 17
21885 1
21895 12
21902 18
21903 4
21909 6
21916 14
21922 4
21928 21
21932 4
21939 19
21941 21
21945 12
21953 18
21954 14
21959 17
21961 11
21967 9
21969 11
21975 15
21977 17
21979 16
21981 2
21990 11
21997 8
22001 2
22010 13
22016 1
22025 13
22030 11
22036 19
22038 1
22048 11
22054 12
22060 20
22062 1
22072 19
22074 4
22081 9
22083 18
22084 11
22090 18
22091 18
22092 16
22094 4
22100 1
22110 12
22118 12
22124 7
22127 8
22129 7
22132 4
22139 18
22140 16
22142 6
22150 4
22158 3
22165 11
22171 11
22178 5
22184 10
22186 12
22193 10
22196 8
22200 9
22202 11
22209 2
22219 12
22225 12
22233 12
22239 4
22245 18
22246 7
22249 9
22251 15
22253 3
22259 4
22265 14
22271 12
22278 8
22282 12
22289 21
22293 13
22299 21
22303 12
22311 6
22318 8
22320 20
22322 11
22329 1
22339 21
22343 12
22351 18
22352 3
22359 6
22366 10
22368 3
22374 4
22381 7
22384 7
22386 8
22388 19
22390 18
22391 5
22398 21
22402 16
22404 21
22408 14
22415 17
22417 16
22419 21
22423 21
22427 7
22429 21
22433 3
22440 3
22447 9
22448 11
22454 15
22456 9
22457 10
22460 6
22467 20
22469 1
22479 14
22485 20
22487 20
22489 2
22500 14
22506 7
22508 12
22515 14
22520 2
22530 9
22532 16
22534 17
22536 21
22540 14
22546 11
22553 14
22559 15
22561 12
22569 16
22571 11
22577 21
22581 3
22587 12
22595 14
22601 13
22607 11
22614 13
22620 15
22622 13
22628 16
22630 18
22631 2
22640 11
22646 19
22648 15
22650 19
22652 21
22656 11
22663 12
22671 2
22682 14
22689 1
22699 9
22700 18
22701 18
22702 5
22708 16
22710 10
22712 5
22719 16
22721 14
22727 15
22729 4
22735 21
22739 7
22741 20
22743 19
22745 15
22747 11
22754 14
22760 3
22767 16
22769 17
22771 4
22778 18
22779 12
22787 7
22789 13
22795 15
22797 18
22798 21
22802 14
22809 8
22812 9
22814 7
22817 11
22823 16
22825 19
22827 9
22829 16
22831 12
22838 16
22840 5
22846 15
22848 7
22851 17
22853 9
22854 17
22856 5
22863 1
22872 19
22874 17
22876 16
22878 6
22885 2
22895 15
22897 9
22898 15
22900 18
22901 11
22908 10
22911 9
22913 6
22919 11
22926 4
22933 18
22934 18
22935 15
22937 18
22938 17
22940 19
22942 21
22946 21
22950 20
22952 9
22953 11
22960 12
22968 1
22977 18
22978 18
22979 18
22980 20
22982 17
22984 21
22988 21
22992 18
22993 4
22999 16
23001 17
23003 12
23009 20
23011 9
23012 12
23019 13
23024 6
23030 18
23031 9
23032 19
23034 8
23038 2
23048 3
23055 13
23060 11
23066 12
23073 18
23074 4
23080 18
23081 11
23088 16
23090 3
23096 13
23101 1
23111 12
23117 12
23123 1
23133 14
23138 12
23146 7
23149 4
23156 12
23163 11
23170 18
23171 3
23178 16
23180 13
23186 12
23193 2
23203 9
23204 1
23213 2
23223 12
23230 3
23237 18
23238 6
23245 20
23247 13
23252 11
23259 6
23266 11
23272 5
23278 12
23284 10
23285 19
23287 19
23289 12
23296 19
23298 18
23299 13
23305 11
23312 12
23319 19
23321 17
23323 18
23324 21
23328 16
23330 12
23338 7
23340 12
23347 8
23349 13
23354 20
23356 18
23357 16
23359 10
23361 11
23367 14
23373 15
23375 13
23381 12
23388 5
23395 9
23397 9
23399 3
23405 18
23406 20
23408 12
23415 9
23417 9
23418 12
23426 21
23430 11
23436 21
23440 12
23447 11
23453 5
23459 16
23461 7
23463 20
23465 20
23467 11
23474 4
23481 12
23487 5
23493 9
23494 14
23500 13
23506 3
23512 4
23519 13
23524 18
23525 9
23527 12
23535 19
23537 10
23539 3
23545 9
23547 4
23554 9
23555 11
23562 5
23569 16
23571 10
23573 13
23578 12
23586 11
23592 14
23599 17
23601 7
23603 17
23605 13
23610 6
23617 11
23623 8
23625 15
23627 18
23628 11
23634 14
23640 20
23642 12
23648 18
23649 16
23651 17
23653 11
23659 11
23666 11
23673 5
23679 18
23680 12
23686 7
23688 11
23695 3
23701 21
23705 16
23707 8
23709 21
23713 1
23722 17
23724 10
23726 6
23733 4
23740 21
23744 21
23748 9
23750 6
23756 12
23764 13
23769 15
23771 14
23777 6
23784 4
23790 16
23792 3
23798 7
23800 12
23807 10
23809 7
23812 8
23815 9
23816 18
23817 11
23824 6
23832 21
23836 20
23838 12
23845 20
23847 2
23856 16
23858 18
23859 9
23861 7
23863 11
23869 15
23871 11
23877 3
23884 5
23890 13
23896 7
23899 18
23900 18
23901 16
23903 3
23909 19
23911 18
23912 6
23919 15
23921 3
23928 13
23934 21
23938 1
23947 19
23949 14
23955 9
23957 1
23967 10
23969 6
23975 9
23977 11
23983 12
23991 1
24001 1
24011 8
24015 12
24021 13
24027 17
24029 13
24034 3
24040 8
24043 11
24049 5
24056 17
24058 11
24065 3
24072 3
24078 5
24085 11
24092 1
24101 10
24102 21
24106 3
24113 19
24115 17
24117 18
24118 19
24120 4
24128 13
24133 4
24141 17
24143 18
24144 15
24146 12
24153 21
24157 6
24164 21
24168 4
24175 15
24177 12
24183 8
24186 12
24193 13
24199 15
24201 4
24209 17
24211 17
24213 6
24220 18
24221 7
24223 3
24229 7
24232 2
24242 12
24250 11
24257 20
24259 13
24265 21
24269 9
24271 10
24274 2
24284 5
24291 20
24293 11
24300 17
24302 11
24308 6
24314 15
24316 17
24318 12
24324 21
24328 2
24339 2
24350 11
24357 12
24363 14
24370 7
24373 18
24374 15
24376 11
24382 10
24384 18
24385 12
24393 2
24402 12
24409 20
24411 12
24418 9
24419 12
24427 11
24433 11
24439 12
24446 13
24452 12
24460 9
24462 2
24471 9
24473 6
24480 8
24484 13
24490 18
24491 15
24493 4
24499 7
24501 11
24508 12
24515 12
24522 15
24524 11
24531 1
24540 10
24541 8
24544 16
24546 19
24548 11
24554 17
24556 1
24565 6
24572 17
24574 19
24576 7
24579 18
24580 7
24583 9
24585 14
24592 16
24594 18
24595 12
24602 19
24604 17
24606 4
24614 3
24620 11
24627 7
24630 6
24638 2
24649 20
24651 18
24652 11
24658 16
24660 3
24667 21
24671 18
24672 11
24679 3
24686 9
24688 14
24693 21
24697 11
24703 18
24704 10
24706 19
24708 6
24714 15
24716 6
24723 12
24731 17
24733 13
24738 15
24740 18
24741 18
24742 5
24748 21
24752 11
24758 1
24767 12
24773 8
24776 10
24777 21
24781 21
24785 11
24791 5
24797 3
24803 18
24804 13
24809 9
24810 9
24812 8
24815 3
24821 21
24825 21
24829 11
24835 21
24839 12
24847 9
24849 21
24853 20
24855 13
24861 8
24863 17
24865 10
24868 4
24875 5
24881 16
24883 6
24890 8
24894 13
24899 10
24901 13
24906 10
24909 13
24914 3
24921 18
24922 6
24930 18
24931 8
24935 17
24937 7
24939 19
24941 11
24947 11
24954 5
24960 10
24963 11
24969 15
24971 4
24977 17
24979 11
24985 6
24993 3
25000 11
25006 19
25008 8
25011 14
25017 3
25023 13
25029 18
25030 19
25032 2
25043 20
25045 14
25050 6
25056 3
25063 13
25068 8
25070 6
25076 3
25082 20
25084 1
25093 21
25097 3
25104 19
25106 10
25108 20
25110 3
25116 7
25118 15
25120 18
25121 1
25130 6
25137 9
25139 15
25141 18
25142 9
25144 14
25149 6
25156 1
25166 2
25175 8
25177 15
25179 12
25186 16
25188 6
25194 6
25201 19
25203 15
25205 15
25207 19
25209 21
25213 5
25220 20
25222 3
25228 11
25234 12
25240 17
25242 11
25249 15
25251 1
25260 18
25261 5
25268 1
25277 21
25281 11
25288 18
25289 12
25296 3
25302 3
25309 21
25313 2
25322 12
25329 12
25336 16
25338 8
25341 5
25348 2
25357 15
25359 1
25368 8
25371 18
25372 20
25374 18
25375 20
25377 11
25384 1
25394 12
25400 8
25403 3
25409 12
25417 5
25423 21
25427 7
25430 20
25432 19
25434 10
25435 2
25445 8
25448 19
25450 3
25457 19
25459 11
25465 4
25471 2
25481 2
25492 19
25494 9
25495 21
25499 12
25506 9
25508 3
25514 17
25516 11
25523 7
25525 6
25532 12
25538 11
25545 12
25552 15
25554 1
25563 10
25566 10
25569 8
25572 11
25579 21
25583 17
25585 7
25587 13
25592 15
25594 12
25601 18
25602 9
25604 3
25610 20
25612 20
25614 7
25617 16
25619 6
25626 7
25628 18
25629 3
25635 3
25641 11
25647 18
25648 15
25650 3
25657 10
25659 5
25666 2
25676 3
25682 11
25688 4
25695 20
25697 1
25706 6
25713 12
25720 16
25722 18
25723 9
25725 10
25728 6
25735 21
25739 11
25746 11
25753 15
25755 11
25762 12
25768 6
25776 13
25781 11
25787 12
25795 12
25802 11
25809 10
25810 3
25817 7
25820 11
25826 10
25828 2
25837 2
25846 5
25852 14
25858 21
25862 12
25868 12
25875 17
25877 6
25883 18
25884 20
25886 11
25893 11
25900 16
25902 12
25909 13
25914 6
25922 13
25928 4
25935 11
25942 16
25944 12
25952 1
25961 15
25963 16
25965 15
25967 9
25969 19
25971 18
25972 18
25973 18
25974 11
25981 17
25983 12
25990 12
25997 4
26004 5
26011 5
26018 10
26020 11
26026 15
26028 19
26030 8
26033 8
26036 21
26040 15
26042 15
26044 13
26049 11
26055 3
26062 4
26069 8
26072 13
26077 6
26084 2
26094 4
26100 11
26107 18
26108 9
26109 1
26119 3
26126 6
26134 17
26136 13
26142 18
26143 4
26149 12
26156 9
26158 6
26165 10
26166 1
26176 12
26184 11
26191 14
26197 17
26199 13
26204 13
26210 12
26216 11
26223 18
26224 19
26226 13
26231 13
26236 5
26243 21
26247 16
26249 20
26251 11
26258 5
26264 12
26271 4
26277 1
26287 8
26291 10
26293 1
26303 1
26312 5
26318 3
26325 17
26327 12
26334 21
26338 4
26344 5
26351 5
26357 20
26359 3
26365 15
26367 1
26377 12
26384 5
26390 20
26392 12
26399 11
26406 13
26411 12
26417 18
26418 12
26424 15
26426 16
26428 11
26435 3
26442 4
26449 10
26450 13
26456 10
26458 20
26460 2
26471 5
26478 11
26485 16
26487 12
26493 8
26496 5
26503 12
26510 3
26517 9
26518 12
26525 4
26531 9
26533 7
26536 7
26538 17
26540 21
26544 16
26546 21
26550 11
26557 11
26563 6
26569 11
26576 2
26585 11
26592 8
26595 6
26602 9
26604 20
26606 6
26613 15
26615 6
26621 11
26628 15
26630 9
26631 20
26633 11
26640 20
26642 2
26652 4
26659 7
26662 11
26669 18
26670 21
26674 17
26676 11
26683 6
26690 12
26698 5
26705 18
26706 11
26713 15
26715 14
26720 1
26730 17
26732 16
26734 11
26740 20
26742 17
26744 18
26745 4
26753 15
26755 4
26761 11
26767 12
26775 6
26782 21
26786 21
26790 9
26792 6
26800 3
26807 12
26814 16
26816 12
26823 21
26827 5
26834 15
26836 18
26837 11
26843 1
26853 16
26855 12
26863 18
26864 16
26866 16
26868 11
26875 16
26877 12
26885 20
26887 11
26893 12
26900 11
26907 8
26909 4
26916 15
26918 6
26924 18
26925 12
26931 20
26933 7
26935 11
26942 14
26948 4
26955 13
26960 20
26962 1
26971 1
26980 19
26982 12
26989 14
26995 12
27002 7
27005 5
27011 17
27013 7
27016 8
27019 21
27023 7
27025 10
27027 15
27029 13
27035 1
27044 11
27051 11
27057 1
27067 8
27070 21
27074 18
27075 11
27081 20
27083 2
27094 18
27095 13
27101 19
27103 10
27106 16
27108 7
27110 10
27112 10
27113 12
27120 11
27126 15
27128 18
27129 7
27131 13
27137 15
27139 18
27140 12
27146 8
27149 16
27151 16
27153 15
27155 11
27161 4
27168 8
27171 11
27177 11
27184 20
27186 6
27193 18
27194 14
27200 2
27210 7
27212 13
27218 7
27221 18
27222 16
27224 3
27231 12
27239 9
27240 8
27244 7
27247 12
27253 12
27260 16
27262 17
27264 12
27271 14
27277 21
27281 1
27290 9
27291 12
27298 11
27304 8
27307 12
27313 6
27320 18
27321 17
27323 4
27330 8
27332 20
27334 21
27338 9
27340 5
27347 11
27353 1
27362 21
27366 1
27376 2
27386 8
27389 21
27393 6
27399 12
27406 5
27413 20
27415 17
27417 11
27423 3
27429 1
27438 2
27448 21
27452 12
27459 11
27465 18
27466 2
27475 20
27477 20
27479 16
27481 20
27483 20
27485 1
27495 7
27498 1
27508 16
27510 2
27521 15
27523 11
27529 10
27531 11
27537 19
27539 18
27540 3
27546 7
27548 12
27555 8
27558 17
27560 7
27562 7
27564 17
27566 15
27568 11
27575 11
27581 8
27584 20
27586 18
27587 12
27595 4
27602 10
27605 21
27609 8
27613 18
27614 7
27617 9
27619 1
27629 18
27630 13
27636 8
27639 5
27645 15
27647 11
27653 10
27655 6
27662 11
27668 11
27675 15
27677 11
27684 7
27686 16
27688 5
27694 21
27698 15
27700 15
27702 4
27709 6
27715 12
27723 18
27724 3
27731 19
27733 6
27739 17
27741 12
27748 11
27754 18
27755 18
27756 11
27762 12
27768 11
27775 12
27783 11
27790 12
27797 21
27801 10
27803 9
27804 5
27810 4
27817 14
27824 12
27831 3
27838 16
27840 16
27842 13
27847 11
27853 13
27858 20
27860 11
27867 15
27869 8
27872 3
27878 11
27884 8
27887 13
27893 11
27900 16
27902 19
27904 14
27910 3
27917 15
27919 16
27921 4
27928 10
27929 20
27931 19
27933 5
27940 14
27947 4
27954 18
27955 12
27961 12
27968 13
27973 2
27982 13
27987 9
27989 4
27996 3
28003 10
28006 13
28012 16
28014 11
28021 4
28028 5
28035 1
28045 15
28047 10
28049 1
28059 9
28060 11
28066 12
28072 20
28074 1
28084 12
28091 12
28097 4
28105 11
28111 19
28113 16
28115 11
28122 8
28126 11
28132 18
28133 3
28139 11
28145 21
28149 12
28155 9
28157 17
28159 14
28165 20
28167 7
28169 21
28173 5
28180 20
28182 13
28188 11
28195 19
28197 19
28199 18
28200 19
28202 7
28204 13
28210 2
28220 14
28226 8
28229 11
28236 18
28237 9
28239 18
28240 10
28242 11
28248 11
28255 14
28261 13
28266 17
28268 20
28270 18
28271 1
28281 5
28287 16
28289 12
28297 2
28308 11
28314 16
28316 16
28318 18
28319 17
28321 16
28323 19
28325 4
28332 11
28339 12
28346 5
28353 12
28359 11
28365 15
28367 12
28374 11
28380 18
28381 7
28383 20
28385 11
28392 11
28399 16
28401 11
28407 19
28409 9
28410 9
28411 6
28419 18
28420 6
28427 7
28430 6
28436 16
28438 11
28444 21
28448 12
28454 7
28456 12
28463 16
28465 11
28472 17
28474 8
28476 8
28480 17
28482 19
28484 3
28491 12
28498 20
28500 17
28502 8
28504 15
28506 16
28508 16
28510 7
28513 15
28515 11
28521 5
28527 12
28533 12
28540 15
28542 19
28544 6
28550 17
28552 4
28559 15
28561 17
28563 21
28567 19
28569 2
28579 7
28582 18
28583 16
28585 16
28587 18
28588 16
28590 2
28601 17
28603 15
28605 6
28611 18
28612 14
28617 18
28618 4
28624 11
28630 11
28636 4
28644 4
28652 1
28661 3
28668 17
28670 12
28678 6
28685 16
28687 4
28694 10
28695 4
28702 7
28704 18
28705 11
28711 18
28712 11
28719 18
28720 16
28722 13
28728 10
28729 14
28735 16
28737 11
28743 1
28752 20
28754 12
28761 12
28768 13
28774 5
28780 15
28782 17
28784 21
28788 9
28790 15
28792 2
28802 11
28808 16
28810 7
28812 19
28814 11
28820 18
28821 9
28823 14
28829 6
28836 9
28837 9
28838 12
28845 2
28855 18
28856 1
28866 12
28873 11
28879 11
28886 10
28888 18
28889 10
28891 13
28897 5
28904 9
28906 19
28908 4
28916 10
28917 18
28918 18
28919 13
28925 11
28932 7
28935 2
28946 6
28954 11
28960 9
28962 13
28968 12
28975 20
28977 18
28978 8
28981 18
28982 16
28984 1
28994 15
28996 13
29001 2
29011 5
29018 1
29027 15
29029 1
29038 2
29047 6
29054 11
29060 15
29062 9
29064 12
29071 12
29078 20
29080 1
29090 15
29092 16
29094 8
29096 11
29102 10
29104 11
29110 1
29119 18
29120 6
29128 13
29133 11
29140 12
29147 8
29150 19
29152 20
29154 6
29162 12
29169 11
29176 15
29178 11
29185 16
29187 21
29191 15
29193 3
29200 11
29207 17
29209 18
29210 8
29213 21
29217 11
29224 19
29226 11
29233 4
29241 8
29243 6
29250 16
29252 14
29259 18
29260 11
29267 8
29271 13
29277 14
29283 14
29289 8
29293 12
29299 10
29302 2
29312 18
29313 12
29320 2
29329 14
29336 17
29338 11
29345 5
29351 11
29357 14
29364 14
29370 10
29372 12
29379 14
29385 5
29392 12
29400 9
29402 11
29408 2
29418 3
29424 21
29428 11
29435 11
29442 16
29444 20
29446 15
29448 11
29454 10
29455 18
29456 12
29463 10
29465 18
29466 7
29468 16
29470 16
29472 18
29473 15
29475 9
29476 15
29478 20
29480 12
29486 8
29488 11
29495 6
29501 21
29505 11
29511 21
29515 11
29522 11
29528 12
29536 20
29538 4
29546 12
29552 18
29553 4
29561 1
29570 4
29577 14
29583 5
29589 1
29599 1
29608 5
29615 10
29617 19
29619 12
29627 2
29637 15
29639 20
29641 6
29648 15
29650 21
29654 15
29656 8
29660 20
29662 18
29663 16
29665 6
29671 16
29673 9
29675 13
29680 1
29689 11
29695 9
29697 6
29704 21
29708 20
29710 17
29712 8
29714 14
29720 15
29722 9
29723 10
29726 9
29727 8
29729 4
29737 20
29739 10
29741 12
29748 7
29750 12
29757 10
29760 8
29763 16
29765 9
29766 14
29771 11
29778 13
29783 21
29787 18
29788 11
29795 1
29804 14
29809 21
29813 1
29822 12
29830 11
29837 18
29838 12
29845 9
29846 12
29854 3
29861 3
29868 3
29874 14
29879 1
29888 8
29891 2
29901 19
29903 17
29905 5
29911 13
29916 11
29923 5
29929 15
29931 3
29938 1
29947 15
29949 8
29952 4
29959 17
29961 18
29962 3
29968 2
29978 1
29987 2
29997 11
30003 12
30011 10
30013 12
30020 19
30022 13
30027 15
30029 13
30034 20
30036 19
30038 7
30041 16
30043 17
30045 13
30051 19
30053 15
30055 21
30059 14
30064 12
30070 18
30071 6
30078 20
30080 4
30087 7
30089 1
30099 6
30106 12
30112 20
30114 17
30116 21
30120 19
30122 13
30128 11
30135 18
30136 6
30144 11
30151 13
30156 11
30162 14
30167 10
30170 7
30173 11
30180 14
30185 1
30194 13
30200 20
30202 3
30208 4
30215 18
30216 21
30220 14
30226 11
30233 10
30235 16
30237 14
30243 12
30249 2
30259 11
30265 12
30271 11
30277 11
30284 1
30293 20
30295 11
30302 16
30304 4
30311 18
30312 21
30316 16
30318 11
30325 9
30327 13
30333 18
30334 16
30336 18
30337 8
30341 17
30343 2
30353 11
30359 7
30362 19
30364 19
30366 17
30368 19
30370 7
30372 14
30379 13
30384 7
30386 7
30388 5
30394 18
30395 2
30405 7
30408 17
30410 12
30417 11
30424 11
30431 5
30437 21
30441 9
30442 15
30444 21
30448 9
30449 12
30456 12
30463 14
30470 18
30471 18
30472 8
30476 8
30479 4
30487 15
30489 17
30491 19
30493 19
30495 11
30502 21
30506 19
30508 12
30515 15
30517 18
30518 12
30524 5
30531 17
30533 18
30534 7
30536 10
30538 12
30546 14
30551 20
30553 17
30555 12
30561 20
30563 4
30570 11
30577 21
30581 20
30583 1
30592 8
30596 3
30602 18
30603 11
30609 1
30619 7
30621 3
30627 18
30628 8
30630 13
30635 1
30645 13
30650 11
30656 3
30662 18
30663 10
30666 5
30673 6
30680 2
30689 5
30696 3
30703 18
30704 3
30710 3
30716 16
30718 2
30729 9
30731 2
30740 18
30741 11
30748 14
30754 12
30761 7
30763 1
30772 18
30773 10
30775 12
30782 5
30789 12
30796 8
30798 14
30804 11
30810 7
30812 17
30814 7
30817 7
30819 11
30825 15
30827 2
30838 11
30845 11
30851 10
30853 1
30863 7
30866 4
30873 18
30874 11
30881 15
30883 5
30889 3
30896 8
30900 17
30902 17
30904 11
30910 19
30912 13
30918 18
30919 18
30920 17
30922 12
30929 13
30935 1
30944 20
30946 9
30948 12
30956 7
30959 20
30961 2
30971 6
30978 11
30984 4
30991 18
30992 16
30994 10
30996 4
31003 3
31010 4
31016 11
31022 18
31023 10
31025 18
31026 18
31027 19
31029 17
31031 6
31038 19
31040 12
31047 12
31054 21
31058 20
31060 12
31066 12
31072 15
31074 2
31084 1
31093 4
31100 17
31102 21
31106 10
31108 8
31111 16
31113 11
31119 3
31125 12
31132 20
31134 8
31136 12
31144 7
31146 17
31148 18
31149 9
31150 6
31157 4
31165 13
31171 7
31174 11
31181 1
31190 11
31196 15
31198 19
31200 18
31201 18
31202 14
31208 6
31216 6
31222 16
31224 20
31226 20
31228 20
31230 11
31237 20
31239 21
31243 13
31248 1
31258 3
31264 19
31266 1
31276 11
31283 17
31285 9
31287 16
31289 4
31295 12
31302 1
31312 9
31314 2
31324 8
31326 10
31327 14
31334 12
31341 3
31348 11
31354 20
31356 3
31362 7
31364 5
31370 12
31377 19
31379 8
31381 10
31384 10
31386 13
31391 12
31398 16
31400 2
31410 11
31417 6
31423 11
31430 11
31436 3
31442 15
31444 15
31446 10
31447 15
31449 2
31459 12
31466 12
31472 2
31482 2
31493 10
31495 18
31496 10
31497 12
31505 12
31513 11
31519 17
31521 20
31523 11
31529 18
31530 1
31539 10
31540 6
31546 11
31552 13
31558 12
31565 4
31572 8
31575 18
31576 5
31583 18
31584 2
31594 11
31601 14
31607 3
31614 14
31620 18
31621 15
31623 9
31624 8
31627 9
31629 8
31633 20
31635 6
31642 21
31646 12
31654 8
31657 12
31665 14
31670 20
31672 8
31674 1
31684 8
31687 6
31695 21
31699 12
31705 8
31707 15
31709 11
31716 20
31718 19
31720 5
31727 4
31735 18
31736 16
31738 7
31741 18
31742 7
31744 12
31751 18
31752 13
31758 19
31760 12
31767 4
31774 18
31775 6
31782 11
31788 19
31790 6
31798 12
31805 20
31807 12
31815 15
31817 2
31827 18
31828 3
31835 6
31842 10
31843 14
31850 13
31856 13
31861 11
31868 13
31874 11
31881 15
31883 12
31890 19
31892 3
31899 15
31901 7
31904 21
31908 18
31909 8
31912 4
31919 8
31922 21
31926 13
31931 5
31938 11
31944 2
31954 17
31956 11
31962 10
31964 12
31972 11
31979 18
31980 12
31987 1
31996 19
31998 21
32002 21
32006 8
32009 8
32012 18
32013 11
32020 16
32022 21
32026 5
32033 6
32040 7
32043 6
32051 11
32058 17
32060 6
32066 9
32068 2
32077 11
32084 17
32086 8
32089 18
32090 1
32099 10
32101 5
32108 21
32112 15
32114 20
32116 16
32118 14
32125 18
32126 7
32129 9
32131 7
32134 13
32139 5
32146 6
32153 5
32160 4
32166 12
32173 16
32175 11
32181 9
32183 11
32189 14
32196 5
32203 18
32204 11
32210 2
32221 10
32223 11
32229 2
32239 11
32245 11
32251 15
32253 4
32261 6
32269 13
32274 10
32275 11
32282 12
32289 3
32296 11
32303 20
32305 14
32311 12
32317 11
32324 17
32326 3
32332 7
32335 3
32341 7
32344 2
32354 5
32360 3
32366 5
32372 5
32379 19
32381 4
32388 10
32389 11
32396 12
32403 6
32410 9
32411 12
32418 10
32420 14
32427 18
32428 7
32431 7
32433 15
32435 16
32437 11
32443 15
32445 13
32451 12
32459 15
32461 13
32467 13
32473 14
32478 20
32480 10
32482 7
32485 13
32490 18
32491 19
32493 4
32500 18
32501 11
32507 4
32514 17
32516 12
32522 11
32528 5
32534 18
32535 12
32543 20
32545 12
32552 15
32554 15
32556 11
32562 2
32572 7
32574 11
32580 13
32585 7
32588 7
32591 20
32593 7
32595 10
32597 12
32604 9
32606 18
32607 11
32613 17
32615 19
32617 7
32619 14
32626 13
32631 3
32637 21
32641 5
32647 3
32654 9
32655 21
32659 7
32662 17
32664 14
32671 10
32672 17
32674 12
32681 12
32689 21
32693 10
32696 18
32697 11
32704 13
32710 11
32717 9
32718 12
32724 17
32726 11
32733 3
32739 11
32746 16
32748 14
32755 4
32762 10
32763 14
32769 12
32777 21
32781 5
32787 1
32796 5
32802 20
32804 18
32805 12
32813 20
32815 2
32826 1
32836 20
32838 12
32845 19
32847 1
32857 21
32861 9
32862 12
32869 17
32871 7
32874 12
32881 21
32885 21
32889 12
32895 3
32901 12
32909 18
32910 21
32914 6
32921 12
32927 13
32933 19
32935 19
32937 11
32943 7
32946 1
32955 18
32956 3
32963 19
32965 21
32969 15
32971 18
32972 12
32979 5
32986 19
32988 11
32995 11
33002 11
33008 17
33010 18
33011 11
33017 6
33025 11
33031 18
33032 13
33037 20
33039 12
33045 13
33050 16
33052 6
33060 11
33066 18
33067 3
33073 2
33082 6
33089 15
33091 10
33094 6
33101 13
33107 16
33109 3
33116 2
33126 19
33128 18
33129 3
33135 21
33139 13
33145 14
33152 8
33156 20
33158 11
33164 19
33166 16
33168 4
33174 9
33175 5
33182 14
33188 18
33189 12
33197 20
33199 21
33203 1
33213 13
33219 8
33222 7
33225 9
33227 9
33229 12
33237 21
33241 10
33243 18
33244 10
33245 10
33246 6
33254 12
33261 15
33263 4
33269 2
33280 20
33282 17
33284 18
33285 10
33288 14
33295 5
33302 20
33304 13
33310 4
33317 11
33323 20
33325 17
33327 10
33329 7
33331 14
33337 14
33342 11
33349 5
33356 11
33362 6
33369 11
33376 19
33378 10
33379 18
33380 12
33387 21
33391 14
33398 21
33402 6
33409 8
33413 7
33415 7
33418 12
33424 13
33429 13
33435 6
33442 21
33446 11
33453 15
33455 2
33465 20
33467 18
33468 1
33477 2
33486 18
33487 11
33494 19
33496 3
33503 11
33510 18
33511 15
33513 12
33520 15
33522 10
33524 14
33530 20
33532 19
33534 17
33536 10
33538 9
33540 8
33543 18
33544 20
33546 9
33548 15
33550 13
33556 15
33558 6
33564 12
33570 11
33577 12
33584 18
33585 12
33593 12
33600 16
33602 18
33603 15
33605 6
33612 21
33616 3
33622 17
33624 6
33630 17
33632 1
33641 3
33648 12
33654 5
33661 8
33665 2
33674 8
33678 18
33679 11
33685 12
33692 11
33699 20
33701 14
33707 12
33714 11
33721 18
33722 5
33729 18
33730 11
33737 11
33744 12
33750 16
33752 17
33754 20
33756 16
33758 2
33768 17
33770 12
33777 4
33785 13
33791 11
33797 18
33798 18
33799 10
33801 18
33802 18
33803 11
33810 12
33817 13
33823 19
33825 10
33826 11
33833 12
33840 18
33841 16
33843 8
33845 21
33849 9
33850 12
33856 15
33858 20
33860 7
33863 13
33868 7
33871 13
33876 7
33878 20
33880 12
33887 18
33888 8
33891 1
33901 19
33903 11
33909 12
33917 2
33927 4
33934 18
33935 15
33937 14
33943 3
33950 18
33951 5
33958 2
33968 9
33970 12
33978 13
33984 7
33987 5
33994 7
33996 17
33998 13
34003 9
34004 1
34014 16
34016 12
34022 13
34028 19
34030 21
34034 10
34036 12
34044 15
34046 10
34047 16
34049 20
34051 11
34058 18
34059 12
34067 2
34078 11
34085 19
34087 1
34096 2
34106 9
34107 4
34113 19
34115 21
34119 12
34127 14
34132 14
34138 6
34144 11
34150 16
34152 11
34158 16
34160 4
34167 21
34171 12
34179 20
34181 8
34184 12
34190 4
34197 20
34199 11
34205 14
34210 4
34217 18
34218 9
34220 20
34222 4
34228 5
34235 4
34242 15
34244 2
34254 16
34256 1
34265 15
34267 17
34269 18
34270 5
34277 2
34286 4
34293 12
34301 11
34308 13
34313 12
34320 16
34322 10
34324 4
34331 15
34333 7
34336 10
34338 9
34339 15
34341 9
34343 21
34347 5
34353 12
34361 11
34367 11
34373 12
34379 18
34380 6
34386 9
34387 11
34393 11
34400 5
34406 3
34413 11
34419 15
34421 14
34426 16
34428 7
34431 18
34432 16
34434 11
34440 9
34442 11
34448 6
34454 12
34460 12
34467 11
34473 8
34476 5
34482 11
34488 11
34494 1
34503 18
34504 9
34505 3
34512 11
34518 16
34520 18
34521 12
34528 5
34534 4
34540 5
34547 17
34549 6
34556 15
34558 18
34559 18
34560 14
34567 11
34574 6
34581 16
34583 11
34589 10
34592 9
34593 5
34599 5
34605 12
34612 11
34618 1
34628 12
34635 16
34637 20
34639 12
34646 11
34652 12
34659 18
34660 12
34668 8
34672 13
34677 11
34684 19
34686 2
34696 9
34698 14
34703 16
34705 11
34711 11
34718 11
34724 5
34730 12
34738 1
34748 12
34755 4
34762 12
34770 11
34777 14
34783 14
34790 19
34792 16
34794 10
34797 5
34804 12
34812 7
34815 21
34819 13
34825 11
34831 11
34838 15
34840 18
34841 21
34845 7
34847 7
34850 18
34851 16
34853 20
34855 17
34857 12
34863 2
34874 15
34876 19
34878 20
34880 7
34883 5
34890 18
34891 4
34897 14
34904 9
34905 5
34911 15
34913 15
34915 12
34922 17
34924 7
34926 14
34931 11
34937 12
34944 12
34952 7
34954 4
34961 4
34968 9
34970 2
34980 2
34989 15
34991 15
34993 18
34994 19
34996 11
35002 21
35006 2
35015 11
35022 7
35024 13
35030 1
35040 11
35046 7
35049 19
35051 10
35053 12
35061 4
35068 12
35076 7
35079 12
35087 20
35089 15
35091 12
35098 11
35105 12
35113 6
35119 21
35123 3
35130 10
35132 17
35134 2
35144 12
35152 13
35158 17
35160 20
35162 1
35171 2
35181 20
35183 11
35190 12
35197 11
35204 18
35205 11
35212 5
35218 4
35226 11
35232 7
35234 12
35240 6
35247 2
35258 4
35265 17
35267 20
35269 1
35279 21
35283 3
35289 15
35291 7
35294 4
35301 15
35303 18
35304 11
35310 10
35312 4
35319 11
35326 21
35330 10
35331 7
35333 15
35335 7
35338 16
35340 12
35347 1
35357 8
35359 11
35366 16
35368 17
35370 8
35373 2
35383 6
35391 17
35393 2
35403 3
35410 18
35411 7
35414 15
35416 18
35417 12
35424 8
35428 17
35430 17
35432 8
35435 14
35442 12
35448 15
35450 9
35452 5
35459 12
35466 20
35468 5
35474 7
35477 3
35483 18
35484 5
35491 11
35497 2
35507 18
35508 18
35509 4
35516 12
35523 13
35529 10
35531 6
35538 14
35545 18
35546 14
35552 11
35558 14
35563 11
35569 11
35576 6
35584 14
35591 5
35598 2
35607 12
35615 21
35619 8
35622 2
35632 20
35634 20
35636 16
35638 17
35640 11
35646 12
35653 21
35657 18
35658 7
35660 18
35661 4
35668 2
35678 15
35680 2
35690 13
35695 20
35697 18
35698 17
35700 17
35702 4
35709 15
35711 10
35713 18
35714 15
35716 12
35724 16
35726 18
35727 4
35733 12
35740 12
35748 12
35754 10
35756 18
35757 20
35759 11
35766 18
35767 10
35769 4
35777 14
35783 19
35785 11
35792 7
35795 1
35805 13
35810 13
35816 5
35822 16
35824 10
35826 5
35832 5
35838 16
35840 11
35847 11
35853 16
35855 18
35856 13
35861 4
35869 15
35871 14
35877 1
35887 12
35894 16
35896 19
35898 18
35899 10
35902 5
35909 12
35917 11
35924 18
35925 19
35927 1
35937 16
35939 11
35946 14
35953 11
35959 6
35966 11
35972 3
35979 6
35986 18
35987 18
35988 12
35995 16
35997 10
35998 15
36000 2
36011 9
36012 8
36015 11
36022 17
36024 10
36026 17
36028 12
36036 20
36038 9
36040 20
36042 14
36048 18
36049 17
36051 11
36058 17
36060 11
36066 2
36076 18
36077 18
36078 10
36079 3
36086 12
36093 13
36098 3
36104 10
36107 4
36115 14
36122 12
36129 1
36138 7
36141 11
36147 2
36158 11
36165 4
36172 2
36182 16
36184 5
36190 11
36196 12
36203 7
36205 16
36207 8
36211 12
36218 13
36224 20
36226 12
36233 11
36239 8
36242 6
36249 20
36251 15
36253 6
36260 12
36266 4
36273 14
36280 14
36287 18
36288 6
36294 13
36299 8
36302 8
36305 11
36311 6
36319 12
36326 12
36333 10
36334 17
36336 13
36342 18
36343 19
36345 17
36347 9
36348 9
36349 5
36356 18
36357 20
36359 16
36361 15
36363 12
36370 3
36376 18
36377 1
36386 11
36393 12
36400 7
36402 14
36408 14
36414 7
36417 16
36419 12
36427 9
36429 13
36435 3
36442 14
36447 3
36454 12
36461 11
36468 12
36474 1
36484 6
36490 13
36495 11
36502 18
36503 4
36510 16
36512 3
36519 14
36525 4
36533 21
36537 1
36546 16
36548 10
36550 20
36552 9
36554 18
36555 10
36557 16
36559 17
36561 7
36563 14
36569 2
36578 10
36581 12
36588 18
36589 7
36592 3
36598 18
36599 10
36602 9
36603 20
36605 14
36611 2
36620 5
36626 8
36629 5
36636 3
36642 1
36651 1
36661 3
36668 11
36675 11
36681 11
36687 21
36691 13
36696 18
36697 16
36699 18
36700 13
36706 12
36713 5
36720 5
36727 13
36733 15
36735 12
36741 6
36748 17
36750 21
36754 18
36755 12
36762 11
36768 11
36775 14
36781 6
36789 16
36791 12
36797 2
36808 5
36815 5
36821 3
36827 21
36831 9
36833 1
36843 20
36845 4
36853 1
36862 18
36863 8
36866 11
36873 17
36875 10
36878 14
36885 2
36896 12
36903 7
36905 5
36911 10
36913 21
36917 11
36924 12
36932 12
36940 11
36946 15
36948 21
36952 21
36956 11
36962 2
36971 20
36973 18
36974 11
36980 6
36987 11
36993 1
37002 19
37004 9
37005 11
37011 7
37013 6
37021 11
37027 12
37034 18
37035 18
37036 5
37043 11
37050 11
37057 20
37059 9
37061 13
37066 4
37073 9
37074 21
37078 11
37085 17
37087 16
37089 11
37095 1
37104 6
37112 2
37123 8
37125 19
37127 7
37130 5
37136 15
37138 1
37148 19
37150 12
37158 11
37164 10
37167 12
37174 18
37175 12
37182 12
37188 12
37196 19
37198 11
37205 15
37207 19
37209 2
37218 3
37224 11
37230 10
37233 17
37235 17
37237 11
37243 20
37245 15
37247 20
37249 21
37253 11
37259 6
37266 18
37267 11
37273 13
37279 15
37281 4
37287 6
37294 12
37301 14
37307 12
37314 4
37322 10
37324 4
37331 6
37339 2
37349 8
37352 13
37357 14
37362 10
37363 9
37364 12
37372 16
37374 16
37376 14
37382 19
37384 6
37391 11
37398 15
37400 6
37408 17
37410 7
37413 21
37417 6
37424 12
37431 11
37438 7
37441 8
37445 4
37452 18
37453 3
37460 4
37467 21
37471 11
37477 20
37479 13
37485 12
37491 11
37498 11
37505 3
37511 4
37519 10
37521 14
37526 12
37534 18
37535 19
37537 12
37544 2
37555 1
37564 20
37566 16
37568 2
37578 14
37583 6
37590 12
37597 12
37604 17
37606 7
37609 5
37616 5
37622 18
37623 17
37625 13
37630 4
37638 11
37645 1
37654 10
37656 17
37658 7
37661 11
37667 16
37669 2
37679 17
37681 17
37683 19
37685 16
37687 13
37693 11
37700 20
37702 11
37709 9
37711 11
37718 11
37725 17
37727 12
37734 14
37740 11
37746 11
37753 15
37755 15
37757 17
37759 7
37762 20
37764 8
37766 3
37772 16
37774 20
37776 11
37782 12
37789 17
37791 19
37793 16
37795 18
37796 19
37798 2
37808 9
37809 20
37811 3
37818 6
37825 21
37829 16
37831 10
37833 3
37840 7
37842 12
37849 11
37856 14
37863 4
37869 5
37876 10
37878 6
37885 9
37887 6
37895 2
37905 11
37911 18
37912 18
37913 6
37920 7
37922 11
37929 4
37936 12
37944 8
37948 12
37954 15
37956 19
37958 2
37969 7
37972 15
37974 16
37976 6
37984 7
37987 17
37989 12
37997 1
38006 18
38007 7
38009 1
38018 11
38025 5
38032 8
38035 6
38043 9
38044 18
38045 9
38046 20
38048 14
38054 20
38056 16
38058 9
38060 12
38066 7
38069 2
38080 18
38081 18
38082 6
38089 13
38095 12
38102 18
38103 12
38110 19
38112 15
38114 12
38121 5
38127 5
38133 14
38138 15
38140 16
38142 12
38148 20
38150 19
38152 12
38158 17
38160 9
38161 13
38166 9
38167 2
38177 17
38179 13
38185 21
38189 2
38199 13
38204 19
38206 18
38207 21
38211 12
38218 11
38225 16
38227 8
38229 7
38232 7
38234 9
38235 14
38240 17
38242 6
38249 16
38251 9
38252 10
38253 12
38260 6
38267 16
38269 10
38271 12
38278 12
38285 5
38292 16
38294 12
38300 19
38302 4
38310 14
38316 5
38323 18
38324 6
38330 2
38339 11
38346 10
38347 4
38354 10
38355 12
38362 11
38368 18
38369 11
38376 20
38378 3
38384 12
38390 2
38400 9
38402 13
38407 6
38413 15
38415 20
38417 12
38423 7
38426 15
38428 18
38429 15
38431 11
38438 8
38440 15
38442 2
38452 8
38454 18
38455 18
38456 21
38460 18
38461 3
38467 4
38475 3
38482 14
38488 12
38495 18
38496 1
38506 14
38512 12
38519 13
38524 11
38530 2
38540 11
38547 2
38558 19
38560 18
38561 5
38567 15
38569 11
38575 12
38582 18
38583 12
38590 14
38596 11
38602 3
38609 5
38616 1
38625 10
38627 18
38628 1
38638 18
38639 4
38647 1
38656 20
38658 11
38664 12
38672 3
38678 4
38685 16
38687 8
38690 3
38696 11
38702 3
38708 12
38714 4
38720 20
38722 12
38728 9
38729 18
38730 6
38737 12
38745 8
38747 12
38755 18
38756 7
38759 1
38769 4
38775 20
38777 15
38779 10
38780 12
38787 12
38794 15
38796 12
38802 10
38804 18
38805 9
38806 5
38812 1
38821 21
38825 20
38827 8
38830 18
38831 14
38838 13
38843 6
38850 12
38856 12
38864 3
38870 8
38873 12
38881 10
38884 15
38886 3
38893 1
38902 12
38909 21
38913 18
38914 18
38915 12
38922 1
38931 8
38934 12
38942 7
38944 17
38946 16
38948 12
38955 17
38957 12
38964 11
38970 8
38974 12
38980 11
38986 6
38993 9
38994 12
39001 12
39007 12
39013 20
39015 3
39022 6
39028 2
39039 4
39046 3
39052 19
39054 19
39056 9
39058 12
39065 18
39066 6
39072 6
39078 18
39079 10
39081 16
39083 16
39085 12
39092 5
39099 16
39101 17
39103 11
39110 8
39113 18
39114 11
39121 5
39127 11
39133 12
39140 1
39150 3
39156 21
39160 10
39162 12
39170 11
39176 19
39178 15
39180 3
39186 2
39195 10
39197 12
39205 12
39213 12
39219 6
39226 9
39228 15
39230 14
39235 11
39241 10
39243 18
39244 6
39250 11
39256 21
39260 3
39266 12
39272 20
39274 16
39276 19
39278 12
39285 1
39294 16
39296 10
39297 13
39303 13
39309 12
39315 7
39317 18
39318 15
39320 16
39322 19
39324 10
39326 20
39328 5
39335 17
39337 19
39339 2
39350 3
39356 16
39358 10
39361 8
39364 1
39374 11
39381 18
39382 11
39389 21
39393 10
39395 17
39397 14
39404 11
39410 17
39412 4
39418 12
39425 4
39433 10
39436 10
39438 5
39444 21
39448 11
39455 10
39458 1
39468 18
39469 18
39470 14
39475 5
39481 12
39488 10
39490 8
39493 12
39500 4
39506 3
39512 3
39518 11
39525 12
39533 18
39534 14
39539 20
39541 7
39543 3
39549 16
39551 1
39560 16
39562 18
39563 14
39570 5
39577 1
39586 10
39587 21
39591 11
39598 18
39599 12
39605 11
39611 3
39618 11
39624 19
39626 17
39628 12
39636 6
39642 11
39649 18
39650 19
39652 20
39654 8
39656 12
39664 18
39665 12
39672 4
39679 12
39687 5
39693 10
39696 14
39702 21
39706 18
39707 3
39714 7
39717 13
39722 1
39731 7
39734 3
39740 1
39750 15
39752 20
39754 20
39756 7
39759 18
39760 18
39761 3
39768 12
39774 13
39779 8
39781 18
39782 9
39783 8
39786 15
39788 1
39798 19
39800 7
39803 11
39809 3
39815 11
39821 3
39827 13
39832 20
39834 10
39837 3
39844 15
39846 2
39856 18
39857 10
39859 12
39866 16
39868 13
39873 17
39875 6
39882 2
39892 12
39900 17
39902 4
39910 20
39912 18
39913 8
39915 12
39921 9
39923 10
39924 11
39930 20
39932 11
39939 16
39941 3
39948 13
39954 12
39961 10
39963 7
39966 15
39968 11
39975 12
39983 17
39985 7
39988 15
39990 6
39997 4
40004 6
40012 20
40014 10
40017 13
40023 11
40029 14
40035 19
40037 11
40043 13
40049 13
40054 16
40056 4
40063 11
40070 14
40076 12
40083 8
40086 4
40093 18
40094 16
40096 11
40103 11
40110 9
40111 16
40113 6
40119 8
40121 1
40131 11
40137 20
40139 1
40148 20
40150 3
40156 14
40161 14
40167 18
40168 3
40175 1
40185 1
40195 21
40199 4
40206 20
40208 12
40215 3
40222 11
40229 19
40231 20
40233 12
40240 18
40241 15
40243 2
40253 15
40255 16
40257 15
40259 21
40263 11
40269 4
40277 15
40279 20
40281 16
40283 11
40290 10
40293 11
40300 5
40307 13
40313 12
40320 10
40321 12
40329 16
40331 9
40332 18
40333 13
40339 10
40342 18
40343 13
40349 5
40356 9
40358 17
40360 12
40367 5
40374 5
40380 18
40381 15
40383 15
40385 12
40391 19
40393 3
40400 9
40402 12
40410 9
40411 12
40418 3
40425 11
40432 9
40434 11
40440 12
40448 10
40450 11
40457 10
40459 11
40465 7
40468 1
40478 17
40480 8
40483 20
40485 17
40487 18
40488 9
40489 12
40497 1
40506 11
40513 12
40520 9
40521 4
40528 8
40531 11
40538 16
40540 13
40545 2
40556 11
40563 11
40569 20
40571 10
40572 16
40574 12
40582 12
40590 7
40592 12
40600 19
40602 18
40603 2
40613 12
40620 1
40629 9
40631 10
40632 11
40639 17
40641 18
40642 12
40648 8
40651 21
40655 11
40661 4
40668 21
40672 10
40675 9
40676 11
40683 7
40686 19
40688 19
40690 18
40691 16
40693 2
40703 17
40705 12
40712 15
40714 17
40716 19
40718 21
40722 20
40724 18
40725 11
40732 5
40739 12
40746 16
40748 11
40754 5
40761 19
40763 12
40771 19
40773 19
40775 2
40785 3
40792 12
40800 11
40807 8
40811 21
40815 13
40821 18
40822 18
40823 9
40824 7
40826 6
40833 12
40841 2
40852 13
40857 16
40859 12
40867 15
40869 6
40877 21
40881 17
40883 8
40887 12
40895 11
40901 2
40910 14
40915 17
40917 17
40919 12
40926 11
40932 5
40938 4
40944 13
40949 16
40951 3
40958 14
40965 15
40967 20
40969 9
40970 5
40977 12
40984 18
40985 6
40992 12
41000 14
41007 5
41014 6
41022 21
41026 5
41033 9
41035 15
41037 18
41038 16
41040 12
41047 2
41056 1
41066 15
41068 12
41075 14
41082 3
41088 15
41090 6
41098 10
41100 19
41102 16
41104 9
41105 11
41111 21
41115 6
41122 12
41130 5
41137 17
41139 1
41148 6
41154 7
41157 12
41164 11
41171 4
41178 2
41188 11
41195 12
41202 14
41209 12
41215 9
41216 5
41222 11
41228 14
41234 19
41236 17
41238 3
41245 20
41247 11
41254 16
41256 12
41264 16
41266 1
41276 12
41282 14
41288 19
41290 12
41298 3
41305 1
41314 11
41320 17
41322 1
41332 8
41334 7
41337 20
41339 11
41345 21
41349 16
41351 7
41353 1
41363 11
41370 21
41374 11
41381 11
41388 10
41389 12
41396 6
41404 11
41410 21
41414 7
41416 8
41420 15
41422 5
41428 11
41434 1
41444 12
41451 5
41458 12
41465 11
41471 4
41478 6
41486 3
41493 15
41495 12
41502 16
41504 12
41511 7
41514 8
41517 15
41519 13
41525 1
41534 11
41541 1
41551 16
41553 2
41562 14
41567 11
41574 4
41582 1
41591 15
41593 7
41596 18
41597 6
41605 20
41607 4
41614 11
41620 16
41622 8
41626 4
41634 12
41641 5
41647 12
41653 8
41656 9
41658 3
41664 12
41671 10
41672 15
41674 2
41683 6
41689 11
41695 8
41697 20
41699 1
41709 10
41711 18
41712 5
41718 10
41721 4
41729 13
41734 12
41742 11
41748 3
41755 18
41756 13
41761 2
41770 20
41772 16
41774 10
41776 16
41778 4
41786 11
41793 1
41803 9
41805 16
41807 2
41817 11
41823 12
41829 11
41835 2
41846 13
41851 14
41857 2
41867 6
41874 4
41881 12
41887 17
41889 14
41895 17
41897 11
41904 18
41905 20
41907 8
41911 12
41919 18
41920 20
41922 18
41923 12
41930 2
41940 19
41942 16
41944 14
41949 20
41951 5
41957 18
41958 3
41964 18
41965 11
41972 4
41979 12
41985 4
41992 13
41998 16
42000 11
42007 12
42015 13
42020 4
42028 10
42031 5
42037 9
42038 12
42045 6
42052 7
42055 14
42060 6
42068 12
42074 12
42082 20
42084 21
42088 12
42094 18
42095 8
42098 15
42100 19
42102 6
42110 11
42117 1
42127 5
42133 19
42135 11
42142 15
42144 5
42150 5
42156 14
42162 15
42164 1
42174 16
42176 2
42186 13
42191 13
42197 11
42204 3
42211 14
42217 18
42218 11
42224 15
42226 7
42229 9
42230 15
42232 2
42242 5
42248 9
42250 20
42252 12
42258 1
42267 9
42269 11
42275 19
42277 11
42283 7
42286 14
42292 17
42294 12
42301 21
42305 7
42308 20
42310 12
42318 10
42320 11
42326 11
42333 21
42337 10
42339 14
42344 17
42346 7
42349 14
42356 18
42357 11
42364 15
42366 6
42374 10
42377 12
42384 13
42390 13
42396 5
42403 4
42410 12
42417 12
42424 18
42425 15
42427 16
42429 5
42436 7
42439 16
42441 19
42443 2
42454 6
42461 20
42463 7
42465 17
42467 10
42468 3
42474 18
42475 8
42479 9
42480 6
42487 1
42496 18
42497 2
42507 6
42513 19
42515 14
42520 16
42522 16
42524 12
42531 18
42532 3
42538 9
42540 3
42547 20
42549 16
42551 3
42558 11
42564 18
42565 21
42569 19
42571 3
42577 12
42583 12
42590 14
42596 11
42602 5
42608 12
42615 11
42622 21
42626 18
42627 18
42628 12
42635 19
42637 10
42639 18
42640 12
42647 4
42653 3
42659 4
42667 1
42677 10
42679 9
42681 13
42687 5
42693 12
42700 9
42701 13
42707 4
42714 12
42721 3
42728 11
42734 9
42735 9
42736 8
42739 10
42741 14
42747 2
42756 13
42762 17
42764 12
42770 15
42772 15
42774 5
42781 17
42783 15
42785 16
42787 7
42790 11
42797 10
42800 14
42806 4
42813 8
42816 11
42822 7
42824 18
42825 6
42831 10
42834 8
42836 7
42839 16
42841 21
42845 19
42847 2
42858 6
42865 4
42872 14
42878 4
42886 21
42890 15
42892 17
42894 17
42896 17
42898 12
42904 2
42914 10
42915 10
42917 12
42924 8
42927 9
42928 15
42930 18
42931 12
42938 12
42946 9
42947 16
42949 5
42955 18
42956 8
42959 10
42961 4
42967 7
42970 4
42976 11
42983 2
42992 14
42998 12
43005 18
43006 17
43008 7
43010 11
43017 11
43023 15
43025 12
43032 11
43038 11
43044 8
43047 5
43053 4
43059 4
43066 8
43070 11
43076 8
43079 11
43086 17
43088 2
43099 19
43101 17
43103 10
43104 15
43106 13
43111 21
43115 8
43118 14
43124 18
43125 3
43131 16
43133 1
43142 19
43144 4
43152 6
43159 6
43165 16
43167 10
43169 8
43171 19
43173 12
43180 10
43182 9
43184 5
43191 1
43201 1
43210 9
43211 21
43215 5
43221 11
43228 5
43235 9
43236 15
43238 11
43244 11
43250 8
43253 12
43259 14
43265 11
43271 15
43273 7
43276 21
43280 6
43287 19
43289 11
43295 6
43302 18
43303 18
43304 18
43305 17
43307 20
43309 21
43313 18
43314 10
43317 16
43319 13
43325 12
43332 7
43334 6
43342 15
43344 1
43353 5
43359 8
43362 7
43365 11
43372 12
43379 14
43385 16
43387 11
43393 15
43395 12
43401 1
43411 14
43416 11
43423 7
43426 2
43436 19
43438 21
43442 12
43449 2
43458 13
43464 7
43466 17
43468 11
43475 18
43476 19
43478 11
43485 1
43495 5
43501 10
43502 16
43504 19
43506 11
43512 5
43519 11
43526 18
43527 1
43536 20
43538 21
43542 21
43546 11
43553 1
43563 12
43570 14
43576 11
43583 11
43589 1
43598 13
43604 12
43611 19
43613 15
43615 18
43616 9
43617 12
43624 6
43630 3
43637 21
43641 10
43644 7
43646 6
43653 10
43655 5
43662 11
43669 7
43672 6
43679 16
43681 20
43683 2
43693 16
43695 11
43701 11
43708 16
43710 1
43720 11
43726 14
43731 6
43739 17
43741 12
43748 9
43749 3
43755 3
43761 12
43768 1
43777 18
43778 8
43780 5
43786 11
43792 11
43799 9
43801 3
43807 11
43813 6
43820 15
43822 11
43829 12
43836 18
43837 3
43844 19
43846 11
43853 11
43860 9
43861 21
43865 10
43867 21
43871 8
43874 12
43881 20
43883 4
43890 7
43893 20
43895 9
43897 5
43904 10
43905 8
43909 11
43916 6
43923 11
43929 12
43937 19
43939 5
43945 2
43956 4
43963 18
43964 18
43965 7
43968 12
43975 3
43982 20
43984 11
43990 4
43997 15
43999 13
44005 21
44009 15
44011 9
44012 11
44019 11
44026 7
44028 15
44030 18
44031 3
44037 11
44044 7
44047 6
44055 12
44062 21
44066 13
44072 12
44079 11
44086 20
44088 11
44094 18
44095 12
44102 9
44104 5
44111 21
44115 18
44116 15
44118 12
44124 9
44125 11
44131 11
44138 1
44147 12
44154 14
44160 9
44162 11
44169 10
44171 18
44172 18
44173 10
44176 10
44177 3
44183 13
44189 18
44190 20
44192 11
44199 19
44201 19
44203 4
44211 13
44217 1
44227 9
44228 12
44236 21
44240 11
44246 20
44248 11
44255 12
44262 18
44263 20
44265 5
44272 18
44273 16
44275 18
44276 18
44277 16
44279 9
44281 16
44283 14
44289 6
44296 10
44299 10
44301 21
44305 8
44309 12
44317 11
44324 4
44330 21
44334 7
44337 15
44339 14
44344 12
44351 18
44352 5
44358 18
44359 10
44361 11
44367 8
44370 9
44372 18
44373 19
44375 20
44377 10
44380 11
44387 12
44393 11
44400 11
44406 5
44412 6
44419 18
44420 4
44427 10
44429 13
44434 14
44440 12
44447 4
44454 8
44458 19
44460 11
44467 20
44469 12
44477 13
44483 21
44487 11
44494 21
44498 9
44499 12
44507 16
44509 14
44514 11
44520 17
44522 19
44524 13
44530 6
44536 16
44538 7
44540 17
44542 11
44548 15
44550 4
44558 1
44568 7
44570 2
44580 7
44583 1
44593 10
44595 21
44599 11
44605 18
44606 10
44608 14
44614 3
44620 21
44624 3
44631 13
44636 4
44643 6
44650 9
44652 18
44653 17
44655 11
44662 7
44664 10
44666 18
44667 1
44677 17
44679 6
44685 14
44692 20
44694 10
44697 1
44706 17
44708 5
44714 11
44721 16
44723 5
44729 12
44736 16
44738 19
44740 4
44747 8
44751 4
44758 9
44759 16
44761 10
44762 6
44768 6
44774 18
44775 20
44777 9
44779 16
44781 18
44782 10
44785 20
44787 11
44794 18
44795 3
44801 17
44803 13
44809 13
44814 7
44817 3
44824 12
44830 11
44836 16
44838 18
44839 10
44841 21
44845 3
44851 1
44861 18
44862 12
44870 12
44877 11
44883 11
44889 5
44895 1
44904 12
44910 13
44915 4
44923 18
44924 2
44934 15
44936 11
44943 11
44949 4
44955 21
44959 11
44966 14
44973 21
44977 12
44984 11
44990 17
44992 18
44993 11
44999 16
45001 9
45002 10
45004 18
45005 11
45011 12
45019 12
45026 17
45028 12
45035 3
45041 9
45042 6
45050 16
45052 11
45059 3
45066 12
45074 18
45075 18
45076 21
45080 6
45087 2
45097 18
45098 18
45099 3
45105 1
45115 12
45123 18
45124 16
45126 21
45130 11
45137 18
45138 6
45144 4
45152 14
45158 7
45161 19
45163 1
45173 12
45181 9
45182 11
45189 11
45195 18
45196 11
45203 12
45210 19
45212 9
45213 19
45215 7
45218 1
45227 16
45229 7
45232 20
45234 16
45236 6
45244 20
45246 4
45253 7
45256 4
45264 16
45266 6
45272 12
45279 17
45281 19
45283 11
45289 14
45296 9
45297 13
45303 17
45305 9
45307 8
45310 12
45317 18
45318 21
45322 9
45323 17
45325 20
45327 6
45333 10
45334 20
45336 16
45338 18
45339 12
45346 19
45348 11
45354 9
45355 11
45361 9
45362 20
45364 19
45366 13
45372 19
45374 16
45376 21
45380 8
45384 12
45390 6
45396 11
45402 12
45409 19
45411 6
45418 8
45420 11
45426 5
45433 3
45439 12
45446 12
45453 18
45454 17
45456 15
45458 4
45465 9
45466 3
45473 13
45478 15
45480 18
45481 11
45487 1
45496 12
45504 12
45510 13
45515 11
45522 13
45527 19
45529 21
45533 14
45540 14
45546 15
45548 12
45555 14
45561 18
45562 11
45568 8
45572 6
45578 5
45585 20
45587 11
45594 2
45604 20
45606 12
45613 12
45621 14
45627 11
45634 7
45637 12
45644 10
45647 12
45653 1
45663 11
45669 4
45677 14
45682 1
45691 8
45693 21
45697 17
45699 11
45706 11
45712 11
45718 19
45720 7
45722 13
45727 5
45733 1
45743 2
45753 18
45754 19
45756 11
45762 11
45768 2
45778 4
45785 16
45787 11
45793 1
45802 18
45803 3
45809 12
45817 21
45821 20
45823 5
45829 4
45835 11
45842 17
45844 11
45850 13
45856 12
45862 11
45869 12
45877 17
45879 15
45881 15
45883 15
45885 13
45890 18
45891 12
45899 19
45901 1
45910 4
45917 2
45927 21
45931 12
45938 11
45944 16
45946 17
45948 12
45954 15
45956 12
45962 9
45964 12
45972 10
45973 20
45975 6
45982 12
45990 11
45997 17
45999 7
46001 7
46004 14
46009 6
46015 15
46017 1
46026 6
46033 2
46042 7
46044 2
46054 15
46056 6
46062 11
46068 20
46070 6
46078 13
46084 17
46086 19
46088 2
46098 12
46104 7
46107 11
46113 1
46122 21
46126 7
46129 14
46135 3
46141 21
46145 13
46151 19
46153 2
46164 17
46166 21
46170 20
46172 11
46178 15
46180 15
46182 9
46183 7
46185 17
46187 16
46189 5
46195 11
46201 7
46203 3
46210 12
46216 20
46218 11
46224 14
46229 19
46231 11
46237 1
46246 2
46256 12
46263 17
46265 15
46267 21
46271 14
46278 16
46280 13
46286 12
46293 14
46298 13
46304 6
46311 17
46313 4
46319 11
46326 10
46328 2
46338 19
46340 7
46343 18
46344 18
46345 9
46347 4
46355 5
46361 17
46363 19
46365 10
46368 12
46376 7
46379 10
46381 16
46383 11
46389 14
46395 10
46397 8
46401 16
46403 11
46409 11
46415 7
46417 10
46419 3
46426 1
46436 11
46442 19
46444 10
46447 12
46455 10
46458 18
46459 13
46464 2
46475 16
46477 12
46484 5
46490 6
46497 8
46500 8
46504 13
46509 11
46516 14
46523 4
46529 12
46536 8
46538 12
46546 20
46548 20
46550 3
46557 5
46564 11
46571 12
46578 12
46585 12
46591 1
46601 18
46602 11
46608 2
46617 1
46627 13
46633 7
46636 3
46643 4
46651 7
46654 7
46657 18
46658 7
46661 5
46668 7
46671 17
46673 12
46680 20
46682 10
46684 4
46691 11
46698 16
46700 11
46707 17
46709 3
46716 12
46724 16
46726 18
46727 11
46733 6
46740 12
46747 9
46748 21
46752 11
46758 21
46762 4
46769 10
46771 11
46778 7
46781 7
46783 12
46789 5
46796 4
46803 18
46804 17
46806 3
46812 7
46814 8
46817 15
46819 3
46826 15
46828 21
46832 3
46838 15
46840 21
46844 12
46850 19
46852 5
46859 1
46868 15
46870 8
46874 16
46876 10
46878 8
46881 11
46887 3
46894 11
46900 11
46906 10
46909 11
46916 11
46922 6
