333
1 3
7 4
13 21
17 6
24 15
26 14
32 13
37 15
39 18
40 7
43 17
45 9
46 14
53 8
56 5
62 21
66 21
70 2
80 3
87 15
89 3
96 14
102 18
103 2
114 19
116 18
117 21
121 7
124 9
126 19
128 14
133 2
144 16
146 4
154 1
164 9
165 21
169 18
170 11
177 8
180 4
186 12
194 14
200 5
206 13
211 14
216 9
217 16
219 13
225 4
232 15
234 6
242 10
244 7
247 5
254 6
261 15
263 4
269 16
271 10
272 20
274 12
281 15
283 6
289 10
291 11
297 17
299 2
308 1
318 5
325 21
329 19
331 12
339 17
341 14
347 3
354 19
356 17
358 3
365 13
370 14
376 21
380 9
381 7
383 3
389 13
395 5
401 11
408 15
410 11
417 3
423 21
427 9
428 3
435 17
437 12
443 19
445 10
446 21
450 17
452 19
454 5
461 9
462 20
464 10
467 1
476 2
485 17
487 3
493 12
500 10
502 5
509 9
510 2
520 17
522 1
532 17
534 1
543 2
552 8
554 7
557 2
566 19
568 5
574 11
581 19
583 1
592 10
595 14
601 9
602 20
604 9
605 20
607 10
609 12
615 5
621 5
627 2
636 10
638 12
644 18
645 7
648 17
650 7
653 10
656 3
662 2
672 18
673 2
683 7
686 19
688 19
690 14
696 3
703 7
705 11
712 9
714 6
722 11
728 3
735 16
737 1
746 5
752 14
758 1
768 17
770 13
775 12
781 12
789 2
799 1
809 8
812 20
814 21
818 19
820 4
826 5
833 1
842 6
849 15
851 12
858 10
860 12
868 19
870 16
872 21
876 5
882 20
884 14
889 21
893 3
900 13
906 14
912 15
914 13
920 10
921 1
930 21
934 5
940 2
949 8
952 11
959 10
962 5
969 17
971 4
978 13
984 6
990 10
991 14
996 5
1003 18
1004 7
1006 20
1008 14
1015 6
1023 4
1031 3
1037 16
1039 14
1045 7
1047 13
1052 11
1059 14
1064 12
1072 11
1079 18
1080 16
1082 3
1089 5
1096 14
1101 21
1105 1
1114 21
1118 12
1125 16
1127 19
1129 6
1137 11
1143 2
1153 14
1159 2
1169 9
1171 16
1173 4
1180 11
1186 8
1189 13
1194 3
1201 17
1203 21
1207 21
1211 21
1215 19
1217 18
1218 19
1220 9
1222 1
1231 15
1233 19
1235 11
1242 18
1243 9
1245 17
1247 16
1249 16
1251 4
1257 15
1259 6
1266 19
1268 5
1274 16
1276 10
1278 17
1280 20
1282 8
1286 2
1295 17
1297 8
1299 21
1303 15
1305 6
1312 7
1314 16
1316 6
1322 7
1324 12
1332 10
1335 15
1337 11
1343 3
1350 2
1361 18
1362 4
1370 17
1372 6
1379 8
1381 8
1383 19
1385 12
1392 14
1399 9
1401 15
1403 1
1412 21
1416 5
1422 19
1424 3
1430 5
1436 21
1440 1
1450 5
1456 18
1457 15
1459 3
1466 1
1476 21
1480 7
1482 4
1488 13
1493 12
1500 20
1502 1
1512 18
1513 9
1515 18
1516 18
1517 11
1524 6
1530 13
1536 18
1537 6
1545 2
