400
0 17
2 5
8 15
10 12
17 3
23 15
25 18
26 16
28 6
36 3
42 21
46 2
56 10
58 1
67 7
70 16
72 3
79 4
87 19
89 12
96 14
103 13
109 14
116 4
123 17
125 21
129 10
131 18
132 10
135 6
142 9
144 9
145 17
147 9
149 5
156 2
167 14
174 5
180 3
186 16
188 1
198 10
201 7
203 11
210 4
218 11
224 8
227 19
229 13
234 20
236 18
237 8
241 17
243 11
249 4
257 12
264 20
266 3
272 18
273 14
280 18
281 7
283 10
286 9
288 10
290 3
297 17
299 3
306 14
312 18
313 11
319 11
326 4
333 19
335 3
342 6
349 3
355 18
356 20
358 18
359 16
361 16
363 3
369 4
376 20
378 9
380 15
382 9
383 5
390 2
401 18
402 20
404 12
412 11
419 13
424 16
426 19
428 18
429 8
432 20
434 10
436 2
446 9
447 20
449 7
452 5
459 8
462 18
463 10
465 9
467 20
469 8
473 19
475 10
478 5
485 16
487 11
493 18
494 1
504 9
505 19
507 9
509 10
512 9
513 2
523 6
531 21
535 2
545 6
552 7
554 21
558 2
569 1
578 8
582 17
584 12
592 10
594 9
595 1
604 5
611 11
618 16
620 1
630 5
636 15
638 18
639 1
648 3
655 11
662 12
669 20
671 4
679 21
683 21
687 19
689 15
691 14
697 6
704 21
708 16
710 21
714 7
716 14
723 4
731 11
738 1
747 7
750 10
753 10
755 9
757 13
763 1
773 12
781 12
788 5
794 11
800 1
810 3
817 10
820 15
822 11
829 18
830 6
837 10
840 10
843 9
845 21
849 8
852 1
861 18
862 17
864 2
874 3
881 21
885 20
887 16
889 16
891 12
898 17
900 8
903 1
913 9
915 15
917 11
923 3
930 10
932 20
934 5
940 3
947 6
955 4
963 10
965 1
974 21
978 7
981 18
982 12
990 11
997 21
1001 5
1008 13
1013 2
1024 9
1026 16
1028 2
1038 1
1048 10
1050 14
1057 3
1063 9
1065 18
1066 2
1076 8
1079 1
1088 14
1095 2
1105 18
1106 10
1109 16
1111 7
1113 17
1115 1
1125 18
1126 16
1128 20
1130 18
1131 2
1141 4
1149 9
1151 18
1152 13
1158 7
1161 14
1167 17
1169 1
1179 3
1186 18
1187 21
1191 12
1198 8
1202 6
1210 2
1220 19
1222 20
1224 19
1226 2
1236 12
1243 5
1249 10
1251 11
1258 18
1259 6
1266 16
1268 7
1271 18
1272 11
1278 12
1285 19
1287 8
1291 14
1297 6
1304 13
1310 19
1312 20
1314 14
1320 12
1327 18
1328 21
1332 2
1342 3
1348 15
1350 11
1356 15
1358 18
1359 20
1361 3
1367 18
1368 11
1375 10
1377 21
1381 7
1383 7
1386 18
1387 10
1390 21
1394 17
1396 20
1398 10
1401 17
1403 7
1406 16
1408 9
1410 21
1414 12
1421 11
1428 7
1431 12
1438 4
1446 1
1455 19
1457 2
1468 2
1479 3
1486 13
1492 11
1498 2
1508 13
1513 9
1515 12
1522 14
1528 11
1534 14
1541 18
1542 15
1544 2
1555 21
1559 1
1568 5
1574 17
1576 18
1577 7
1580 8
1584 9
1585 21
1589 7
1592 7
1594 7
1596 11
1603 6
1611 5
1618 1
1628 20
1630 16
1632 14
1639 19
1641 8
1645 16
1647 1
1656 20
1658 1
1667 20
1669 2
1679 11
1686 4
1694 15
1696 2
1707 15
1709 14
1715 2
1726 4
1734 7
1736 1
1746 14
1752 6
1760 12
1767 20
1769 5
1776 18
1777 1
1787 11
1793 21
1797 15
1799 7
1801 1
1810 7
1813 18
1814 12
1822 6
1830 16
1832 19
1834 14
1840 11
1846 18
1847 11
1854 7
1857 10
1859 6
1866 1
1876 8
1880 9
