1494
1 19
3 8
7 16
9 12
15 10
16 12
22 19
24 17
26 10
27 18
28 13
33 20
35 17
37 10
38 18
39 18
40 17
42 6
48 14
55 12
59 12
65 7
68 15
70 4
74 8
78 3
83 1
90 1
100 4
106 2
115 14
122 11
129 20
131 17
133 18
134 14
139 18
140 15
142 12
148 8
150 9
152 12
158 15
160 17
162 6
168 11
174 7
176 5
182 16
184 11
190 9
191 11
195 17
197 15
199 19
201 14
206 11
210 17
212 18
213 12
221 18
222 7
224 17
226 2
235 6
239 3
244 11
248 1
256 16
258 6
266 12
274 21
278 11
283 4
287 11
294 2
303 2
314 15
316 12
324 1
334 7
337 10
338 2
347 1
354 6
360 11
364 18
365 4
371 16
373 11
380 1
390 11
395 11
399 12
405 16
407 12
413 4
419 11
426 19
427 13
432 1
442 3
449 11
454 10
455 7
458 16
460 15
462 7
464 5
468 8
470 5
477 13
481 19
483 2
492 18
493 17
495 11
501 5
506 12
514 17
516 14
521 6
529 16
531 3
538 21
542 11
547 17
549 10
552 14
558 4
562 11
566 12
572 16
574 3
578 5
584 21
588 19
589 15
591 14
597 6
605 11
612 21
616 18
617 20
619 11
623 11
628 18
629 3
635 19
637 11
641 5
645 15
647 18
648 21
652 2
661 18
662 18
663 13
669 16
671 13
676 19
678 9
680 7
682 11
686 18
687 18
688 21
692 20
694 6
702 12
708 11
713 6
719 7
722 14
729 1
737 12
741 17
743 4
749 1
757 15
759 12
763 3
769 4
775 19
776 11
783 9
785 9
787 7
789 20
790 13
795 2
802 11
807 9
809 18
810 12
814 15
816 8
818 13
823 1
833 11
838 18
839 12
845 6
851 11
858 1
866 6
872 14
879 11
883 6
891 16
893 20
895 11
902 10
905 16
907 21
911 11
917 3
923 13
928 6
934 17
936 6
944 1
951 3
955 13
960 3
965 21
969 11
976 11
980 13
985 4
991 9
992 14
999 18
1000 17
1002 11
1006 16
1008 13
1013 8
1015 21
1019 12
1025 12
1029 20
1030 12
1036 21
1040 10
1041 16
1043 3
1047 15
1049 1
1058 15
1060 13
1065 11
1072 18
1073 10
1074 8
1078 2
1085 19
1087 16
1089 3
1096 8
1100 9
1102 6
1110 15
1112 10
1113 18
1114 14
1120 16
1122 7
1125 19
1127 2
1136 6
1142 9
1144 4
1150 10
1153 21
1157 13
1161 14
1167 12
1173 17
1175 14
1182 11
1189 5
1196 21
1200 12
1206 13
1211 9
1212 4
1220 10
1221 19
1223 12
1231 13
1236 7
1238 13
1243 15
1245 6
1251 18
1252 5
1256 7
1259 12
1267 10
1270 2
1277 21
1281 3
1286 3
1291 12
1295 2
1302 13
1306 20
1308 13
1312 4
1320 5
1326 11
1332 18
1333 11
1339 17
1341 5
1347 16
1349 18
1350 11
1355 2
1362 16
1364 14
1368 18
1369 10
1370 15
1372 17
1374 6
1378 18
1379 19
1380 21
1384 12
1392 18
1393 14
1398 16
1400 1
1408 12
1414 21
1418 2
1425 4
1431 9
1433 10
1434 16
1436 21
1440 13
1444 10
1447 9
1448 21
1452 1
1460 6
1466 11
1471 20
1472 18
1473 12
1479 3
1485 1
1495 17
1497 8
1499 11
1506 7
1508 3
1513 12
1519 2
1530 21
1534 11
1540 2
1547 18
1548 21
1552 8
1554 11
1561 18
1562 18
1563 16
1565 11
1570 9
1572 18
1573 7
1575 2
1586 15
1588 5
1593 10
1596 12
1602 4
1608 3
1614 4
1620 18
1621 18
1622 12
1626 17
1628 3
1634 11
1640 18
1641 18
1642 6
1648 9
1650 10
1651 12
1659 11
1666 10
1669 12
1673 20
1675 17
1677 18
1678 9
1679 20
1681 18
1682 18
1683 14
1687 11
1692 11
1698 14
1703 16
1705 15
1707 5
1711 21
1715 8
1719 10
1720 7
1722 18
1723 21
1727 11
1734 17
1736 10
1737 15
1739 21
1743 6
1747 10
1748 3
1752 2
1763 17
1765 18
1766 13
1772 18
1773 11
1780 11
1786 11
1792 18
1793 21
1797 18
1798 6
1804 8
1808 16
1810 17
1812 14
1819 11
1823 10
1826 18
1827 11
1834 4
1838 14
1842 14
1849 6
1857 2
1866 11
1873 12
1881 18
1882 12
1888 12
1896 13
1902 12
1908 5
1913 2
1920 5
1925 8
1927 6
1933 18
1934 12
1940 21
1944 15
1946 18
1947 10
1948 12
1956 15
1958 21
1962 9
1964 18
1965 9
1967 1
1974 12
1978 14
1984 11
1990 11
1995 9
1997 18
1998 19
2000 15
2002 11
2009 6
2017 13
2022 4
2026 11
2031 8
2035 16
2037 11
2042 13
2047 11
2053 5
2057 12
2061 11
2066 18
2067 1
2076 17
2078 18
2079 12
2087 8
2089 20
2090 16
2092 12
2100 14
2104 6
2112 1
2121 18
2122 14
2128 9
2130 17
2132 9
2134 12
2142 21
2146 18
2147 11
2153 17
2155 15
2157 16
2159 18
2160 11
2166 19
2167 9
2168 3
2175 5
2182 9
2184 17
2186 14
2193 14
2197 19
2199 7
2201 6
2207 15
2209 11
2213 14
2218 4
2224 21
2228 12
2234 21
2238 7
2241 11
2246 18
2247 9
2248 10
2249 13
2253 12
2259 6
2265 5
2270 19
2272 4
2280 18
2281 17
2283 18
2284 16
2286 9
2287 11
2292 6
2298 18
2299 6
2305 3
2311 10
2312 11
2318 17
2320 3
2327 17
2329 10
2330 18
2331 6
2337 1
2344 18
2345 14
2352 7
2354 19
2356 7
2358 18
2359 7
2362 11
2366 11
2370 13
2375 12
2381 10
2382 7
2384 20
2386 21
2390 16
2392 15
2394 14
2400 18
2401 19
2403 13
2409 13
2415 1
2425 8
2429 14
2433 12
2439 1
2449 12
2457 7
2459 20
2460 11
2464 15
2466 9
2467 12
2475 14
2481 21
2485 19
2486 9
2488 5
2495 12
2501 19
2503 12
2509 16
2511 2
2520 12
2526 8
2528 21
2532 6
2538 8
2542 9
2543 12
2549 20
2550 11
2554 13
2560 21
2564 19
2566 13
2572 2
2581 12
2589 11
2594 7
2597 5
2603 12
2609 10
2610 12
2618 2
2625 12
2629 14
2633 19
2635 5
2641 12
2647 17
2649 15
2651 18
2652 10
2653 17
2655 5
2659 16
2661 9
2662 21
2666 19
2668 11
2674 2
2683 13
2688 11
2693 21
2697 11
2703 20
2705 11
2712 15
2714 8
2718 18
2719 11
2723 18
2724 8
2728 9
2730 6
2738 12
2744 1
2754 19
2756 2
2765 12
2771 4
2775 7
2778 3
2785 4
2791 16
2793 3
2799 5
2803 16
2805 18
2806 11
2812 9
2814 12
2820 1
2827 20
2828 1
2836 11
2843 10
2846 18
2847 4
2855 5
2859 12
2865 15
2867 9
2868 7
2870 18
2871 8
2875 11
2879 21
2883 4
2891 20
2892 5
2897 5
2904 18
2905 12
2909 14
2914 12
2918 12
2922 14
2927 21
2931 2
2938 11
2945 19
2946 18
2947 11
2954 12
2960 18
2961 14
2968 13
2973 4
2981 19
2983 18
2984 18
2985 21
2989 15
2991 1
2999 2
3008 14
3015 7
3018 21
3022 2
3029 4
3037 19
3038 6
3046 6
3050 12
3056 8
3058 19
3059 14
3066 20
3067 21
3071 21
3075 16
3077 7
3079 9
3080 4
3084 7
3087 12
3091 21
3095 12
3099 9
3101 18
3102 11
3108 17
3110 21
3114 14
3121 5
3126 20
3128 7
3131 7
3134 18
3135 20
3137 9
3139 14
3146 11
3151 12
3157 11
3164 6
3170 13
3174 3
3181 16
3183 1
3190 10
3191 5
3198 16
3200 20
3201 8
3203 3
3208 6
3214 12
3222 19
3223 12
3229 21
3233 10
3236 6
3240 8
3244 20
3245 8
3247 3
3254 4
3258 18
3259 2
3268 15
3270 16
3272 16
3274 13
3278 15
3280 19
3282 9
3283 12
3289 8
3291 2
3300 15
3302 13
3308 11
3314 14
3318 9
3319 16
3321 2
3330 16
3332 13
3337 17
3339 6
3345 12
3349 19
3351 1
3360 18
3361 18
3362 13
3367 11
3371 17
3373 8
3375 18
3376 18
3377 18
3378 8
3380 7
3382 16
3384 5
3389 9
3391 6
3397 11
3403 19
3404 17
3406 8
3410 1
3419 11
3425 16
3427 19
3429 8
3431 1
3441 16
3443 20
3445 9
3446 1
3454 18
3455 11
3460 4
3464 9
3465 12
3471 12
3475 11
3481 8
3485 6
3489 6
3495 6
3501 16
3503 9
3505 19
3507 7
3509 4
3515 17
3517 9
3518 20
3520 13
3525 1
3533 11
3540 11
3544 18
3545 15
3547 1
3556 11
3560 20
3562 4
3568 15
3570 18
3571 11
3576 16
3578 12
3584 14
3591 12
3597 18
3598 1
3606 3
3610 15
3612 14
3617 18
3618 11
3625 7
3627 16
3629 16
3631 1
3641 11
3646 7
3649 13
3654 18
3655 11
3661 9
3663 19
3664 8
3666 12
3674 20
3676 3
3683 2
3694 12
3702 2
3713 14
3718 4
3726 5
3733 11
3737 13
3742 4
3748 4
3756 20
3758 6
3762 10
3763 4
3769 6
3777 15
3779 18
3780 3
3787 11
3793 13
3798 21
3802 7
3804 20
3806 12
3812 8
3816 12
3822 12
3828 11
3834 18
3835 11
3841 10
3844 17
3846 11
3851 16
3853 1
3860 16
3862 11
3868 21
3872 9
3873 4
3881 8
3883 15
3885 19
3886 17
3888 8
3892 15
3894 18
3895 11
3902 4
3906 1
3915 13
3920 18
3921 8
3923 14
3927 17
3929 18
3930 6
3934 1
3944 4
3952 20
3954 19
3955 16
3957 18
3958 11
3965 12
3973 3
3977 10
3978 11
3985 12
3989 14
3994 20
3995 14
4000 15
4002 11
4007 21
4011 11
4015 2
4024 5
4028 7
4031 16
4033 1
4041 15
4043 21
4047 20
4048 3
4053 5
4059 18
4060 21
4064 16
4066 12
4072 6
4078 17
4080 18
4081 4
4085 1
4093 2
4104 11
4110 4
4116 5
4121 5
4125 21
4129 16
4131 11
4136 19
4137 11
4142 11
4148 15
4150 8
4152 12
4158 14
4163 8
4167 12
4173 18
4174 4
4178 8
4180 4
4184 16
4186 14
4190 11
4197 10
4200 4
4208 16
4210 10
4211 13
4216 9
4217 3
4223 2
4230 20
4232 13
4237 17
4239 1
4246 12
4252 10
4255 10
4256 11
4262 7
4265 15
4267 9
4268 18
4269 7
4271 16
4273 14
4278 19
4279 20
4281 12
4287 7
4290 15
4292 13
4298 12
4304 19
4305 2
4314 18
4315 21
4319 12
4323 16
4325 6
4329 20
4330 9
4332 19
4334 13
4339 11
4344 12
4350 7
4353 16
4355 12
4363 7
4366 4
4370 18
4371 4
4375 19
4377 19
4379 7
4382 19
4383 1
4391 1
4398 11
4405 11
4411 1
4421 10
4422 12
4426 20
4427 12
4431 11
4438 11
4445 11
4449 21
4453 14
4458 9
4460 2
4467 12
4473 7
4476 14
4483 9
4484 6
4490 16
4492 2
4499 21
4503 11
4510 7
4513 8
4517 4
4523 21
4527 21
4531 11
4536 19
4537 12
4543 12
4549 9
4551 2
4560 12
4566 15
4568 10
4569 12
4575 21
4579 4
4587 11
4591 9
4592 18
4593 8
4597 14
4602 17
4604 6
4610 19
4612 10
4613 3
4619 17
4621 5
4628 14
4632 10
4633 5
4637 4
4645 2
4654 19
4655 11
4661 15
4663 11
4667 9
4669 5
4675 19
4676 19
4678 1
4687 19
4689 18
4690 5
4696 12
4704 14
4711 12
4717 21
4721 13
4727 9
4728 12
4734 17
4736 7
4739 11
4744 8
4748 10
4749 2
4760 1
4767 2
4774 7
4777 19
4778 2
4785 18
4786 20
4787 2
4798 16
4800 3
4805 18
4806 18
4807 12
4811 18
4812 13
4817 8
4821 18
4822 10
4823 11
4829 2
4836 20
4837 11
4841 16
4843 21
4847 1
4856 5
4860 3
4864 8
4866 4
4872 11
4879 15
4881 21
4885 18
4886 15
4888 11
4895 16
4897 20
4899 20
4900 21
4904 7
4907 17
4909 7
4912 17
4914 19
4916 12
4922 5
4927 7
4929 7
4931 11
4936 12
4942 11
4947 1
4955 3
4962 7
4965 11
4971 13
4976 18
4977 20
4978 16
4980 19
4981 4
4987 2
4998 19
4999 16
5001 15
5003 14
5009 18
5010 7
5013 4
5019 13
5024 12
5032 11
5038 12
5044 6
5050 18
5051 9
5052 11
5059 4
5065 10
5066 9
5067 9
5069 15
5071 1
5079 2
5088 12
5092 5
5096 6
5100 1
5108 11
5114 2
5121 14
5128 21
5132 14
5136 5
5142 21
5146 20
5147 18
5148 8
5152 9
5154 12
5162 3
5166 5
5171 11
5175 12
5179 9
5181 7
5183 12
5189 14
5194 12
5200 4
5206 11
5210 11
5214 12
5218 19
5220 10
5221 7
5223 9
5225 19
5227 9
5228 12
5232 12
5238 9
5240 12
5246 20
5247 16
5249 16
5251 10
5252 4
5258 10
5259 21
5263 14
5270 12
5276 6
5284 18
5285 12
5291 5
5296 10
5299 21
5303 11
5309 13
5314 6
5322 9
5324 3
5330 12
5338 14
5342 6
5348 21
5352 13
5357 19
5358 8
5362 17
5364 2
5373 9
5375 11
5382 2
5391 12
5397 8
5401 10
5402 1
5412 11
5419 4
5423 10
5424 5
5429 12
5435 1
5444 12
5452 4
5456 16
5458 19
5459 5
5464 12
5470 7
5473 20
5475 11
5482 20
5484 7
5487 4
5493 11
5498 11
5504 20
5505 14
5509 12
5515 18
5516 9
5518 1
5527 14
5531 18
5532 12
5536 17
5538 7
5540 9
5541 17
5543 19
5545 16
5547 1
5555 18
5556 3
5562 8
5566 16
5568 15
5570 17
5572 12
5580 6
5586 14
5591 3
5598 18
5599 12
5605 18
5606 9
5607 19
5609 11
5614 9
5616 12
5622 11
5629 11
5635 13
5640 11
5644 17
5646 21
5650 18
5651 21
5655 16
5657 16
5659 1
5668 19
5669 10
5670 21
5674 18
5675 16
5677 8
5681 2
5690 11
5694 16
5696 10
5699 9
5701 5
5705 4
5711 2
5718 11
5723 18
5724 6
5730 12
5738 2
5747 9
5748 7
5751 18
5752 13
5758 14
5765 3
5771 19
5773 4
5781 19
5783 12
5789 4
5797 13
5802 11
5809 21
5813 18
5814 3
5819 3
5825 9
5826 11
5833 4
5841 8
5843 5
5850 18
5851 18
5852 15
5854 16
5856 6
5860 17
5862 5
5869 1
5876 20
5877 6
5881 3
5885 13
5890 19
5892 20
5894 18
5895 21
5899 20
5901 12
5909 3
5913 1
5922 12
5928 4
5932 9
5934 11
5940 17
5942 11
5947 9
5949 11
5956 5
5963 9
5965 1
5972 12
5978 18
5979 21
5983 7
5986 19
5987 2
5996 6
6002 6
6010 4
6018 6
6026 8
6028 8
6030 7
6032 8
6034 10
6037 13
6041 19
6043 2
6054 6
6062 1
6070 19
6071 1
6081 12
6089 18
6090 11
6096 3
6101 17
6103 11
6108 17
6110 21
6114 4
6120 19
6121 7
6124 12
6132 1
