1494
1 21
5 13
10 11
16 12
22 9
23 6
30 17
32 9
33 16
35 12
41 7
43 21
47 8
50 10
51 18
52 16
54 7
57 10
60 21
64 13
70 7
72 16
74 1
83 20
85 7
88 18
89 16
91 16
93 1
103 12
110 14
116 11
122 11
129 7
132 1
142 20
144 12
152 3
158 10
161 13
167 6
173 15
175 18
176 2
185 1
194 11
201 9
202 12
209 17
211 1
221 15
223 9
224 9
226 8
229 12
236 15
238 3
244 11
250 16
252 18
253 10
255 9
257 17
259 17
261 16
263 21
267 21
271 11
278 4
284 13
289 9
290 6
296 3
303 9
305 5
312 8
315 10
316 14
322 4
330 9
331 15
333 18
334 3
341 2
350 3
357 15
359 12
365 19
367 2
377 15
379 4
386 9
388 16
390 3
397 15
399 13
404 2
415 18
416 9
418 11
425 11
431 9
432 11
439 12
446 16
448 11
454 18
455 18
456 11
463 18
464 12
470 18
471 11
478 4
485 15
487 1
497 6
504 9
505 7
508 18
509 15
511 19
513 21
517 14
522 12
529 16
531 18
532 9
534 17
536 9
538 18
539 3
546 20
548 9
550 13
556 18
557 18
558 6
566 1
575 8
577 12
584 4
591 7
594 18
595 11
601 16
603 9
605 11
612 6
618 11
625 11
631 5
637 7
639 20
641 12
648 12
654 8
657 18
658 4
665 16
667 14
674 14
680 1
690 12
698 19
700 20
702 16
704 9
706 18
707 13
712 3
718 6
726 2
736 1
745 12
752 20
754 7
756 14
762 5
769 11
775 21
779 14
786 12
793 21
797 13
802 7
804 13
810 19
812 16
814 14
820 16
822 7
824 2
833 7
835 18
836 19
838 8
840 6
847 14
854 12
862 20
864 4
871 4
878 14
884 9
885 21
889 13
894 21
898 7
900 12
906 15
908 1
918 2
928 12
934 11
941 17
943 11
950 18
951 10
953 2
963 12
971 11
978 4
985 15
987 3
993 21
997 19
999 5
1005 15
1007 12
1013 13
1019 9
1021 14
1027 21
1031 13
1036 15
1038 8
1040 7
1043 16
1045 7
1048 17
1050 21
1054 12
1062 10
1065 12
1072 2
1081 21
1085 19
1087 11
1093 7
1095 12
1103 2
1113 4
1121 4
1127 18
1128 3
1135 9
1136 1
1146 11
1152 10
1154 14
1161 1
1170 12
1176 20
1178 17
1180 16
1182 11
1188 2
1198 19
1200 18
1201 15
1203 20
1205 10
1208 18
1209 1
1219 13
1224 11
1230 9
1232 21
1236 11
1242 11
1249 14
1254 11
1260 12
1268 14
1274 12
1280 5
1286 14
1293 11
1299 1
1309 11
1315 18
1316 20
1318 21
1322 8
1324 10
1325 13
1331 9
1332 1
1341 7
1344 20
1346 13
1352 10
1354 21
1358 15
1360 12
1367 2
1377 11
1383 7
1386 17
1388 14
1393 5
1399 5
1406 12
1413 1
1422 8
1425 18
1426 19
1428 12
1436 4
1444 9
1446 21
1450 6
1456 1
1466 10
1467 13
1473 11
1480 6
1486 19
1488 12
1494 13
1499 15
1501 2
1511 18
1512 2
1522 15
1524 6
1531 18
1532 11
1538 12
1546 11
1552 1
1561 11
1567 14
1573 2
1583 21
1587 9
1588 15
1590 17
1592 2
1602 21
1606 1
1615 11
1622 1
1631 2
1642 19
1644 7
1646 20
1648 11
1654 1
1664 7
1667 2
1677 5
1684 20
1686 14
1691 12
1698 19
1700 11
1707 9
1708 2
1718 18
1719 9
1720 7
1723 3
1729 5
1735 4
1742 2
1752 12
1759 5
1765 11
1772 2
1783 3
1789 16
1791 2
1801 18
1802 11
1809 14
1815 18
1816 5
1822 12
1829 15
1831 8
1833 19
1835 3
1842 11
1848 13
1853 19
1855 21
1859 17
1861 11
1868 3
1874 1
1884 19
1886 11
1893 12
1899 16
1901 14
1907 18
1908 20
1910 1
1920 3
1926 2
1936 16
1938 18
1939 18
1940 15
1942 3
1948 13
1954 12
1961 15
1963 7
1966 16
1968 18
1969 7
1971 18
1972 12
1978 3
1984 13
1990 18
1991 15
1993 7
1995 12
2001 11
2008 21
2012 8
2015 13
2021 18
2022 13
2027 8
2030 11
2036 10
2038 4
2044 13
2049 3
2055 7
2058 12
2064 19
2066 21
2070 15
2072 18
2073 14
2079 1
2088 21
2092 6
2100 6
2106 19
2108 7
2110 12
2118 20
2120 9
2122 7
2125 16
2127 6
2134 3
2140 6
2147 10
2149 11
2156 17
2158 16
2160 21
2164 10
2165 5
2172 18
2173 17
2175 12
2181 12
2189 11
2196 12
2204 10
2206 13
2212 10
2215 11
2222 12
2228 20
2230 16
2232 18
2233 10
2235 3
2241 5
2248 5
2254 11
2261 13
2266 21
2270 2
2281 16
2283 12
2291 3
2297 7
2299 4
2307 5
2314 19
2316 15
2318 18
2319 4
2327 20
2329 12
2336 7
2338 20
2340 20
2342 11
2349 3
2355 4
2362 15
2364 16
2366 13
2371 21
2375 21
2379 13
2384 3
2391 11
2397 14
2402 20
2404 1
2414 15
2416 7
2419 6
2427 17
2429 12
2435 7
2437 16
2439 7
2442 1
2451 10
2452 2
2462 15
2464 18
2465 11
2471 12
2477 11
2484 14
2490 17
2492 17
2494 7
2497 7
2500 1
2510 12
2518 9
2519 14
2526 15
2528 12
2535 16
2537 18
2538 8
2541 10
2542 14
2547 11
2554 19
2556 12
2563 15
2565 11
2571 20
2573 21
2577 16
2579 15
2581 3
2587 7
2589 16
2591 13
2597 9
2599 16
2601 12
2609 20
2611 7
2613 18
2614 20
2616 6
2623 7
2626 11
2632 18
2633 21
2637 10
2638 6
2645 10
2648 6
2654 7
2657 2
2666 14
2672 6
2678 17
2680 19
2682 6
2689 19
2691 3
2697 11
2703 19
2705 17
2707 2
2716 7
2718 13
2723 15
2725 12
2731 5
2738 18
2739 12
2746 13
2751 18
2752 15
2754 9
2755 5
2761 21
2765 12
2772 18
2773 1
2783 12
2791 19
2793 11
2800 12
2806 1
2815 7
2818 10
2819 18
2820 10
2823 9
2824 2
2834 3
2841 13
2847 18
2848 12
2856 21
2860 4
2868 15
2870 11
2877 13
2882 20
2884 2
2894 2
2903 18
2904 11
2910 8
2912 8
2916 11
2923 13
2929 10
2931 2
2940 2
2951 8
2954 1
2963 20
2965 18
2966 10
2969 9
2971 9
2973 15
2975 15
2977 11
2984 14
2991 17
2993 8
2997 4
3005 11
3012 12
3020 14
3026 6
3033 15
3035 16
3037 18
3038 12
3046 20
3048 10
3050 14
3056 20
3058 15
3060 12
3068 4
3075 12
3082 9
3083 16
3085 13
3090 6
3097 6
3104 13
3109 11
3116 16
3118 20
3120 11
3126 9
3127 8
3130 2
3141 14
3146 7
3149 21
3153 11
3160 18
3161 11
3167 6
3174 16
3176 14
3182 13
3188 14
3194 8
3197 9
3199 11
3205 9
3207 18
3208 17
3210 6
3217 19
3219 18
3220 17
3222 11
3228 3
3235 15
3237 9
3238 17
3240 11
3247 5
3253 2
3263 15
3265 14
3271 18
3272 21
3276 18
3277 10
3278 10
3280 16
3282 1
3292 1
3301 11
3307 17
3309 4
3315 9
3317 17
3319 20
3321 9
3322 2
3331 15
3333 17
3335 10
3338 18
3339 4
3347 20
3349 12
3356 1
3366 16
3368 11
3374 11
3381 16
3383 11
3390 5
3397 11
3404 4
3410 3
3416 13
3422 16
3424 12
3432 21
3436 14
3442 19
3444 11
3451 11
3458 20
3460 12
3467 16
3469 9
3470 6
3477 16
3479 17
3481 1
3491 17
3493 11
3500 6
3506 7
3508 11
3514 12
3521 16
3523 1
3532 20
3534 14
3539 1
3549 10
3551 2
3560 9
3561 2
3571 6
3577 5
3584 5
3591 12
3597 7
3600 15
3602 1
3611 18
3612 20
3614 14
3620 21
3624 7
3627 14
3632 15
3634 13
3640 21
3644 3
3651 17
3653 9
3654 10
3656 12
3663 1
3672 17
3674 12
3682 12
3689 11
3696 5
3703 11
3710 16
3712 5
3718 18
3719 18
3720 11
3727 12
3734 13
3739 2
3749 11
3756 5
3762 11
3769 18
3770 9
3772 7
3775 11
3781 11
3787 6
3795 17
3797 7
3799 12
3806 3
3812 5
3818 4
3824 18
3825 13
3830 4
3838 8
3841 12
3848 9
3850 20
3852 9
3854 12
3862 11
3868 11
3874 11
3881 20
3883 18
3884 2
3895 21
3899 1
3909 18
3910 18
3911 1
3920 12
3927 14
3934 20
3936 9
3938 12
3945 8
3948 4
3955 9
3956 12
3963 12
3971 7
3974 19
3976 4
3984 18
3985 6
3993 11
3999 16
4001 5
4008 16
4010 12
4017 11
4024 12
4031 20
4033 18
4034 11
4041 12
4048 3
4055 19
4057 3
4063 21
4067 11
4074 11
4080 12
4087 11
4093 12
4100 11
4106 8
4109 12
4116 17
4118 6
4124 18
4125 1
4134 16
4136 14
4142 20
4144 15
4146 8
4149 4
4156 7
4158 7
4160 12
4166 15
4168 18
4169 6
4177 16
4179 12
4186 1
4195 20
4197 7
4199 11
4205 17
4207 12
4215 15
4217 11
4224 12
4232 11
4238 1
4248 15
4250 18
4251 11
4257 21
4261 2
4271 3
4278 10
4280 12
4287 12
4295 12
4301 14
4307 12
4315 16
4317 3
4324 11
4330 10
4332 11
4339 18
4340 4
4346 11
4353 9
4354 1
4364 19
4366 18
4367 6
4373 12
4379 17
4381 7
4384 14
4389 11
4396 13
4402 20
4404 12
4411 1
4420 4
4427 11
4434 2
4444 2
4454 3
4460 10
4462 5
4469 6
4477 15
4479 17
4481 14
4486 14
4492 6
4499 16
4501 13
4507 8
4510 21
4514 10
4516 19
4518 15
4520 21
4524 2
4533 18
4534 21
4538 15
4540 20
4542 12
4550 15
4552 6
4559 11
4566 11
4573 1
4583 14
4588 1
4598 17
4600 21
4604 21
4608 19
4610 11
4617 14
4624 18
4625 11
4632 6
4639 16
4641 12
4648 15
4650 1
4660 10
4662 12
4670 4
4677 16
4679 20
4681 6
4689 13
4694 6
4700 11
4706 14
4712 15
4714 20
4716 2
4726 6
4733 18
4734 5
4741 20
4743 13
4749 18
4750 19
4752 19
4754 17
4756 16
4758 8
4760 15
4762 2
4772 13
4777 10
4780 21
4784 9
4786 18
4787 20
4789 9
4790 3
4797 18
4798 21
4802 12
4809 12
4817 8
4820 20
4822 1
4831 15
4833 18
4834 11
4840 9
4842 17
4844 18
4845 10
4848 11
4854 1
4864 4
4871 11
4878 13
4883 1
4893 8
4897 19
4899 21
4903 16
4905 17
4907 13
4913 11
4920 18
4921 7
4924 4
4931 18
4932 6
4940 6
4947 11
4954 7
4956 11
4962 18
4963 12
4969 6
4977 18
4978 6
4985 19
4987 14
4993 12
4999 16
5001 20
5003 16
5005 12
5012 1
5022 4
5030 12
5036 18
5037 12
5044 12
5052 11
5058 12
5066 17
5068 10
5070 2
5080 18
5081 3
5087 3
5094 6
5102 9
5104 7
5106 10
5107 11
5113 10
5116 11
5122 2
5133 11
5140 11
5146 5
5152 16
5154 2
5164 12
5171 19
5173 17
5175 12
5182 9
5184 7
5187 4
5194 1
5203 20
5205 13
5211 12
5218 11
5225 12
5232 13
5238 16
5240 3
5246 8
5249 11
5256 9
5257 18
5258 16
5260 20
5262 14
5269 19
5271 12
5278 6
5286 18
5287 15
5289 16
5291 11
5298 21
5302 7
5304 10
5305 11
5312 14
5318 12
5325 14
5331 5
5337 13
5342 7
5344 10
5346 11
5353 9
5354 16
5356 16
5358 2
5368 9
5369 10
5372 20
5374 11
5381 19
5383 21
5387 12
5394 21
5398 12
5405 3
5411 11
5417 2
5427 6
5433 18
5434 9
5436 8
5439 12
5445 15
5447 15
5449 21
5453 18
5454 2
5465 14
5471 3
5477 8
5480 21
5484 11
5490 13
5496 20
5498 8
5502 11
5509 8
5512 14
5517 11
5524 12
5531 8
5535 8
5538 18
5539 15
5541 6
5548 10
5550 15
5552 12
5560 13
5565 16
5567 4
5573 9
5574 11
5581 21
5585 1
5594 2
5604 11
5610 12
5617 16
5619 4
5626 9
5628 14
5635 11
5641 5
5647 1
5656 13
5662 11
5668 20
5670 12
5677 5
5684 8
5687 1
5696 15
5698 15
5700 7
5703 12
5709 17
5711 12
5718 21
5722 4
5728 8
5731 11
5737 18
5738 18
5739 18
5740 5
5746 6
5752 11
5758 19
5760 4
5766 6
5773 18
5774 11
5781 14
5787 7
5789 6
5797 18
5798 21
5802 12
5808 4
5816 7
5818 8
5820 11
5826 21
5830 4
5838 11
5844 8
5847 21
5851 20
5853 11
5859 16
5861 19
5863 14
5868 12
5875 11
5882 15
5884 20
5886 8
5889 18
5890 7
5892 20
5894 5
5901 2
5911 15
5913 12
5920 13
5925 19
5927 3
5934 11
5941 10
5943 17
5945 7
5947 8
5950 5
5956 17
5958 15
5960 6
5967 16
5969 11
5975 11
5982 14
5989 18
5990 18
5991 11
5998 18
5999 4
6006 2
6015 2
6025 12
6032 10
6034 2
6043 7
6046 3
6053 20
6055 19
6057 17
6059 12
6066 10
6067 17
6069 3
6076 10
6078 14
6083 12
6090 12
6097 9
6099 11
6105 14
6112 11
6118 10
6120 9
6122 17
6124 5
6131 17
6133 16
6135 6
6143 15
6145 6
6153 6
6160 3
6166 4
6174 11
6181 18
6182 3
6189 21
6193 12
6199 8
6203 12
6211 15
6213 12
6220 8
6223 20
6225 9
6226 13
6231 12
6238 2
6248 15
6250 10
6253 17
6255 18
6256 1
6266 3
6273 11
6280 5
6286 18
6287 11
6294 21
6298 12
6304 18
6305 15
6307 9
6309 5
6316 8
6319 10
6321 5
6327 12
6333 3
6339 11
6346 21
6350 18
6351 18
6352 7
6355 21
6359 14
6366 11
6372 20
6374 9
6376 19
6378 21
6382 9
6384 13
6390 14
6396 11
6403 3
6409 11
6415 13
6420 1
6429 10
6431 3
6438 20
6440 15
6442 18
6443 12
6450 10
6452 7
6454 15
6456 11
6462 12
6469 19
6471 5
6478 1
6488 17
6490 21
6494 10
6495 11
6502 14
6507 3
6514 5
6521 6
6528 5
6535 5
6541 9
6542 11
6548 19
6550 11
6557 2
6567 11
6574 15
6576 15
6578 10
6580 20
6582 4
6589 8
6591 5
6598 4
6605 20
6607 17
6609 20
6611 19
6613 3
6620 17
6622 17
6624 5
6631 3
6637 12
6645 2
6656 8
6660 13
6666 12
6672 7
6674 12
6681 10
6684 8
6687 18
6688 14
6694 14
6699 6
6705 21
6709 12
6716 16
6718 20
6720 3
6727 12
6734 13
6739 12
6747 8
6750 17
6752 2
6763 15
6765 20
6767 11
6773 19
6775 19
6777 20
6779 1
6789 17
6791 16
6793 15
6795 7
6797 8
6801 17
6803 8
6807 19
6809 6
6817 7
6820 2
6829 12
6837 13
6843 1
6853 12
6860 11
6866 2
6876 15
6878 1
6888 11
6895 16
6897 9
6898 12
6905 2
6915 12
6922 1
6931 3
6937 2
