1494
1 19
3 12
11 15
13 4
20 18
21 11
27 1
37 7
40 13
46 19
48 3
55 11
62 6
70 11
77 12
83 15
85 12
92 18
93 6
101 15
103 12
110 15
112 5
118 9
119 16
121 12
128 12
135 20
137 7
140 18
141 20
143 18
144 19
146 11
152 18
153 5
159 11
166 12
174 18
175 5
182 21
186 18
187 10
189 4
196 4
203 11
210 2
220 3
227 9
229 4
235 13
241 1
250 16
252 12
259 12
265 16
267 20
269 3
276 10
279 3
286 11
293 10
296 5
303 20
305 10
307 16
309 18
310 8
313 3
320 13
326 1
336 2
347 11
354 11
361 19
363 2
374 21
378 11
385 18
386 12
393 15
395 18
396 18
397 9
399 19
401 20
403 3
409 16
411 7
413 6
420 17
422 18
423 5
430 3
436 11
442 17
444 19
446 11
452 18
453 2
463 13
469 18
470 11
477 7
480 8
483 11
489 18
490 6
496 19
498 5
505 9
507 9
508 10
510 5
516 4
524 7
527 17
529 19
531 10
532 11
538 17
540 9
541 7
544 1
554 5
560 12
567 11
573 19
575 13
580 14
587 8
589 8
591 9
593 15
595 7
597 11
604 2
614 19
616 17
618 11
624 12
632 8
635 5
641 6
648 19
650 17
652 18
653 20
655 6
663 9
665 11
671 12
678 13
684 8
687 10
690 12
697 9
698 6
706 8
709 4
717 18
718 10
719 17
721 21
725 8
728 18
729 16
731 14
736 19
738 17
740 11
746 6
754 18
755 2
765 12
772 19
774 3
781 12
788 8
791 1
800 9
801 18
802 6
809 15
811 21
815 1
825 2
835 3
841 12
848 11
854 12
860 11
866 21
870 12
878 19
880 18
881 4
887 3
894 11
901 18
902 11
909 2
919 12
925 12
931 16
933 15
935 14
940 8
944 13
949 11
956 7
959 16
961 8
964 21
968 9
969 11
976 12
983 15
985 5
992 4
999 6
1006 12
1013 5
1019 18
1020 21
1024 18
1025 15
1027 10
1028 21
1032 2
1043 17
1045 15
1047 21
1051 17
1053 4
1059 21
1063 14
1070 11
1076 14
1081 2
1092 15
1094 8
1096 18
1097 11
1103 2
1114 18
1115 14
1121 12
1128 9
1129 5
1136 13
1141 11
1148 11
1155 9
1156 11
1163 5
1170 20
1172 3
1179 11
1186 3
1192 18
1193 12
1201 18
1202 18
1203 1
1213 12
1219 11
1225 3
1231 9
1232 3
1239 12
1247 14
1252 15
1254 4
1262 12
1269 11
1275 10
1276 4
1284 1
1293 14
1299 4
1306 8
1309 11
1316 1
1326 9
1328 3
1334 12
1342 15
1344 13
1349 12
1355 15
1357 9
1359 12
1367 8
1370 20
1372 12
1380 8
1383 6
1390 10
1392 11
1399 16
1401 6
1408 8
1411 16
1413 4
1419 6
1426 17
1428 15
1430 12
1437 18
1438 12
1445 13
1450 3
1456 3
1463 12
1470 5
1477 21
1481 18
1482 3
1488 12
1495 12
1503 21
1507 6
1514 13
1519 1
1529 4
1537 7
1539 18
1540 17
1542 2
1551 10
1552 6
1558 11
1564 10
1566 12
1574 10
1577 3
1584 11
1591 4
1598 11
1605 9
1606 18
1607 20
1609 12
1616 6
1622 9
1624 12
1630 18
1631 14
1637 4
1644 18
1645 18
1646 17
1648 9
1650 11
1657 21
1661 12
1667 21
1671 6
1678 10
1681 12
1688 18
1689 12
1696 21
1700 12
1708 15
1710 11
1717 6
1724 9
1725 3
1732 11
1738 19
1740 11
1746 19
1748 16
1750 16
1752 12
1760 6
1767 8
1770 15
1772 16
1774 1
1783 3
1790 21
1794 2
1805 20
1807 7
1809 18
1810 13
1815 3
1821 13
1826 15
1828 11
1834 1
1844 14
1849 21
1853 17
1855 2
1865 12
1871 2
1881 11
1888 20
1890 10
1891 18
1892 18
1893 14
1898 13
1903 6
1910 18
1911 7
1913 10
1914 10
1917 18
1918 2
1929 3
1936 7
1938 4
1945 17
1947 20
1949 10
1952 11
1958 12
1965 10
1967 20
1969 6
1976 11
1982 11
1988 12
1995 12
2001 17
2003 3
2010 20
2012 16
2014 18
2015 12
2022 19
2024 4
2030 6
2037 8
2041 14
2048 19
2050 18
2051 12
2058 15
2060 5
2067 1
2076 9
2078 21
2082 17
2084 18
2085 9
2086 12
2094 12
2102 20
2104 11
2110 18
2111 1
2121 12
2128 12
2134 20
2136 15
2138 11
2144 15
2146 15
2148 6
2155 17
2157 12
2163 1
2172 12
2179 10
2181 1
2191 11
2197 2
2206 11
2213 5
2219 12
2227 8
2229 20
2231 19
2233 15
2235 4
2243 2
2253 1
2262 5
2269 14
2275 2
2285 7
2288 10
2291 8
2294 18
2295 17
2297 8
2300 11
2307 5
2313 3
2320 20
2322 16
2324 3
2331 2
2341 3
2348 11
2355 12
2363 3
2370 8
2372 12
2379 19
2381 4
2388 4
2394 18
2395 21
2399 20
2401 18
2402 17
2404 14
2410 6
2418 16
2420 5
2427 18
2428 11
2434 12
2441 13
2447 16
2449 13
2454 3
2460 11
2467 18
2468 12
2475 12
2481 5
2488 6
2495 11
2502 14
2507 13
2513 17
2515 15
2517 12
2523 13
2529 17
2531 5
2537 15
2539 10
2542 4
2548 2
2558 11
2564 14
2570 5
2576 6
2584 3
2590 20
2592 21
2596 10
2598 12
2606 1
2615 19
2617 11
2624 1
2634 1
2643 11
2650 17
2652 15
2654 16
2656 3
2662 19
2664 6
2671 12
2679 5
2686 6
2692 12
2699 11
2705 9
2706 14
2713 18
2714 4
2722 11
2728 4
2736 14
2741 11
2747 17
2749 17
2751 10
2752 12
2758 7
2760 18
2761 14
2768 20
2770 1
2780 14
2786 15
2788 17
2790 20
2792 12
2799 9
2801 12
2807 15
2809 5
2816 18
2817 9
2818 21
2822 15
2824 19
2826 11
2833 12
2839 9
2840 10
2842 19
2844 12
2851 21
2855 9
2857 14
2862 12
2869 2
2880 8
2882 5
2889 8
2893 2
2902 4
2910 12
2917 12
2924 12
2931 17
2933 9
2934 1
2943 18
2944 2
2954 17
2956 15
2958 11
2965 13
2970 9
2971 15
2973 11
2979 17
2981 20
2983 11
2989 11
2995 14
3002 4
3010 21
3014 7
3017 2
3027 5
3033 10
3035 18
3036 6
3043 18
3044 5
3050 17
3052 8
3055 18
3056 11
3063 1
3072 18
3073 11
3079 11
3086 6
3093 2
3102 8
3106 8
3109 3
3116 6
3124 1
3133 14
3138 19
3140 16
3142 8
3145 4
3153 11
3159 18
3160 20
3162 11
3169 12
3177 2
3187 20
3189 9
3191 13
3197 16
3199 16
3201 2
3210 8
3212 14
3219 21
3223 12
3229 5
3235 20
3237 19
3239 13
3245 6
3252 8
3256 9
3257 13
3263 9
3264 5
3271 14
3278 6
3286 9
3287 19
3289 14
3296 13
3302 10
3305 10
3308 9
3310 1
3319 7
3321 10
3323 10
3325 16
3327 18
3328 11
3335 8
3337 12
3343 12
3350 11
3357 11
3363 18
3364 13
3369 4
3376 19
3378 9
3380 5
3386 11
3392 4
3400 10
3402 13
3408 7
3411 6
3418 4
3425 13
3430 15
3432 20
3434 20
3436 21
3440 10
3441 8
3444 5
3450 11
3457 4
3465 11
3472 10
3473 5
3480 18
3481 11
3488 12
3495 4
3502 1
3511 5
3518 21
3522 11
3529 11
3535 12
3542 12
3548 21
3552 13
3558 7
3560 7
3562 13
3568 12
3575 15
3577 13
3583 11
3589 4
3596 2
3605 19
3607 12
3615 18
3616 12
3623 8
3627 11
3634 16
3636 4
3643 13
3649 21
3653 20
3655 1
3665 11
3672 3
3678 14
3684 5
3690 9
3691 21
3695 10
3698 20
3700 10
3702 11
3709 19
3711 18
3712 15
3714 9
3715 4
3722 20
3724 13
3729 15
3731 17
3733 11
3739 13
3744 10
3747 10
3749 11
3756 18
3757 16
3759 19
3761 18
3762 12
3769 5
3775 4
3783 5
3789 1
3798 3
3805 8
3809 16
3811 7
3814 21
3818 11
3825 12
3833 10
3835 11
3841 13
3846 18
3847 11
3853 17
3855 12
3862 21
3866 17
3868 12
3875 21
3879 19
3881 11
3888 5
3895 13
3901 11
3908 1
3917 11
3923 13
3928 11
3935 11
3942 11
3949 20
3951 20
3953 9
3955 14
3960 4
3967 12
3973 9
3975 12
3982 13
3988 15
3990 5
3997 1
4006 18
4007 1
4017 19
4019 13
4024 10
4025 11
4031 10
4032 14
4038 5
4045 9
4047 11
4054 17
4056 9
4057 11
4063 11
4070 3
4076 9
4077 16
4079 2
4088 10
4090 19
4092 3
4098 1
4108 8
4110 16
4112 11
4118 18
4119 21
4123 4
4130 5
4136 3
4143 7
4145 20
4147 8
4149 3
4156 11
4162 18
4163 10
4165 2
4176 15
4178 16
4180 13
4185 15
4187 8
4191 20
4193 12
4201 11
4208 17
4210 11
4216 10
4218 1
4227 11
4233 12
4241 17
4243 17
4245 18
4246 6
4253 12
4259 10
4261 12
4268 18
4269 13
4275 13
4280 18
4281 4
4289 17
4291 6
4297 11
4304 18
4305 19
4307 12
4313 15
4315 9
4317 9
4318 16
4320 16
4322 18
4323 3
4329 17
4331 7
4333 13
4339 5
4345 4
4353 3
4360 11
4367 13
4373 12
4380 11
4387 11
4393 7
4395 7
4397 12
4403 11
4410 7
4412 11
4418 2
4427 12
4434 5
4440 10
4442 11
4449 17
4451 11
4457 7
4459 18
4460 4
4467 14
4473 13
4479 11
4486 11
4493 7
4495 19
4497 12
4504 6
4512 19
4514 1
4524 9
4526 11
4532 11
4538 9
4539 16
4541 18
4542 11
4549 3
4556 5
4562 7
4564 6
4571 16
4573 11
4579 11
4586 15
4588 5
4594 1
4603 16
4605 17
4607 12
4613 2
4623 6
4630 1
4639 3
4645 11
4651 16
4653 7
4656 6
4664 21
4668 6
4674 6
4682 7
4685 14
4690 10
4692 3
4699 12
4706 9
4708 17
4710 16
4712 13
4718 15
4720 12
4726 9
4727 9
4729 13
4734 10
4736 2
4746 12
4752 8
4755 14
4761 11
4768 7
4770 14
4775 13
4781 10
4783 18
4784 5
4790 15
4792 12
4799 7
4802 8
4804 19
4806 16
4808 15
4810 11
4816 18
4817 18
4818 12
4825 4
4831 6
4839 4
4846 9
4847 10
4850 15
4852 12
4858 3
4864 13
4869 18
4870 18
4871 6
4878 11
4885 5
4891 12
4899 10
4900 1
4910 16
4912 13
4918 6
4925 12
4933 18
4934 17
4936 4
4943 7
4946 14
4952 4
4959 4
4965 18
4966 7
4969 20
4971 19
4973 18
4974 7
4976 9
4978 1
4988 7
4991 13
4996 9
4998 4
5005 9
5007 15
5009 9
5010 8
5013 2
5023 21
5027 18
5028 18
5029 9
5030 5
5036 6
5043 18
5044 8
5048 16
5050 5
5057 9
5058 12
5064 12
5072 19
5074 13
5080 18
5081 5
5087 14
5093 19
5095 4
5101 2
5111 12
5118 14
5123 16
5125 20
5127 17
5129 6
5136 18
5137 12
5144 12
5151 6
5158 18
5159 16
5161 13
5166 13
5172 12
5179 14
5185 12
5193 12
5200 11
5207 3
5214 13
5219 18
5220 6
5226 18
5227 5
5234 10
5237 19
5239 20
5241 18
5242 10
5243 3
5250 19
5252 9
5254 17
5256 12
5264 12
5271 8
5275 7
5278 13
5284 20
5286 18
5287 18
5288 11
5294 5
5301 5
5307 18
5308 21
5312 13
5317 2
5327 1
5337 9
5338 11
5345 8
5347 8
5349 17
5351 16
5353 6
5360 7
5362 3
5369 20
5371 17
5373 10
5375 18
5376 21
5380 20
5382 1
5392 4
5398 4
5405 14
5411 5
5417 4
5424 10
5425 12
5432 10
5434 11
5441 14
5446 6
5453 10
5456 13
5461 8
5464 18
5465 20
5467 1
5477 2
5488 7
5491 20
5493 7
5496 18
5497 7
5499 13
5504 12
5511 18
5512 10
5514 11
5520 18
5521 20
5523 8
5525 14
5530 8
5532 16
5534 14
5540 21
5544 5
5550 12
5558 8
5561 20
5563 17
5565 9
5567 13
5573 11
5580 1
5590 19
5592 19
5594 20
5596 12
5603 19
5605 20
5607 6
5613 16
5615 11
5621 12
5629 10
5632 13
5638 17
5640 7
5643 1
5652 21
5656 12
5664 14
5670 2
5679 19
5681 9
5683 17
5685 8
5688 16
5690 20
5692 20
5694 12
5700 11
5706 13
5712 6
5720 11
5726 16
5728 21
5732 19
5734 5
5741 1
5750 9
5751 18
5752 9
5753 16
5755 7
5758 6
5764 13
5770 20
5772 11
5778 7
5780 14
5787 4
5795 15
5797 13
5802 17
5804 12
5811 18
5812 10
5814 18
5815 3
5821 13
5826 19
5828 1
5838 6
5845 11
5851 16
5853 21
5857 12
5864 16
5866 12
5873 7
5876 8
5880 19
5882 19
5884 12
5891 12
5897 16
5899 3
5906 9
5907 11
5914 15
5916 4
5922 5
5928 12
5935 6
5942 19
5944 8
5947 14
5954 8
5957 19
5959 13
5965 13
5971 13
5976 20
5978 21
5982 13
5988 11
5994 4
6001 20
6003 11
6009 11
6016 5
6023 11
6030 12
6038 10
6040 18
6041 9
6042 12
6049 3
6055 18
6056 5
6062 7
6064 10
6067 6
6073 7
6075 11
6082 8
6085 21
6089 21
6093 11
6100 15
6102 1
6112 18
6113 20
6115 20
6117 20
6119 11
6126 4
6132 12
6139 4
6146 21
6150 15
6152 8
6156 14
6163 18
6164 2
6174 6
6182 20
6184 3
6191 18
6192 21
6196 11
6202 6
6209 7
6212 14
6218 11
6224 5
6230 11
6237 11
6244 9
6246 2
6256 3
6263 12
6270 2
6280 1
6289 9
6291 7
6294 11
6300 4
6308 18
6309 9
6310 13
6315 12
6322 6
6329 16
6331 19
6333 11
6340 1
6350 19
6352 7
6355 3
6361 7
6363 10
6366 11
6373 4
6379 11
6385 21
6389 8
6393 10
6396 2
6405 7
6407 3
6414 7
6417 21
6421 11
6427 9
6428 5
6434 17
6436 20
6438 5
6444 1
6454 11
6461 11
6468 18
6469 13
6474 21
6478 4
6485 20
6487 18
6488 4
6494 18
6495 15
6497 12
6504 20
6506 2
6516 18
6517 9
6518 19
6520 2
6530 11
6537 18
6538 14
6543 19
6545 1
6555 7
6557 10
6559 3
6565 3
6571 19
6573 21
6577 18
6578 6
6585 11
6592 12
6599 5
6606 6
6613 7
6615 20
6617 10
6619 4
6625 20
6627 2
6637 2
6646 11
6652 11
6659 9
6661 18
6662 11
6669 17
6671 4
6679 9
6681 12
6689 18
6690 11
6697 17
6699 12
6705 13
6710 11
6717 17
6719 9
6720 10
6723 10
6724 18
6725 5
6732 10
6734 21
6738 10
6740 8
6744 5
6750 15
6752 16
6754 2
6764 12
6771 20
6773 2
6783 15
6785 18
6786 11
6793 6
6801 11
6807 15
6809 2
6819 10
6821 12
6827 9
6829 15
6831 8
6834 13
6840 18
6841 15
6843 3
6850 18
6851 15
6853 7
6856 10
6858 11
6865 12
6872 20
6874 11
6880 7
6883 11
