1494
1 12
7 11
14 3
20 15
22 13
27 1
37 18
38 13
44 7
47 17
49 15
51 11
57 6
65 11
71 16
73 8
76 18
77 2
87 19
89 19
91 19
93 3
99 14
105 12
113 6
121 21
125 11
131 12
137 10
138 12
145 11
152 18
153 16
155 10
157 5
164 11
170 18
171 2
180 19
182 17
184 12
192 12
198 7
200 15
202 8
205 7
208 2
217 13
223 3
229 3
236 11
242 12
248 18
249 10
251 13
256 20
258 6
264 14
270 12
278 17
280 18
281 18
282 17
284 10
286 11
293 8
296 21
300 4
307 21
311 11
318 21
322 5
329 11
336 12
342 11
349 17
351 9
352 11
358 6
366 3
372 15
374 9
376 18
377 18
378 13
384 8
388 3
395 17
397 5
404 9
406 11
412 2
423 21
427 7
430 15
432 15
434 1
443 3
449 6
457 3
463 19
465 11
471 2
481 16
483 3
490 10
492 18
493 6
500 17
502 16
504 6
511 16
513 9
514 20
516 19
518 11
525 1
534 5
540 16
542 9
544 5
550 11
557 9
558 5
565 20
567 7
570 14
576 5
582 17
584 10
585 18
586 12
593 19
595 13
601 1
611 11
618 14
623 1
633 11
640 12
646 1
655 14
661 13
667 20
669 18
670 11
676 19
678 4
685 8
687 1
697 19
699 19
701 17
703 9
704 2
714 1
723 20
725 5
732 4
739 17
741 13
746 12
753 8
756 15
758 17
760 13
766 12
774 21
778 3
784 16
786 1
796 13
801 9
803 19
805 14
810 11
817 20
819 11
825 2
834 6
841 18
842 11
848 21
852 14
858 18
859 11
866 18
867 18
868 16
870 6
876 18
877 16
879 8
883 5
889 11
895 5
901 2
911 16
913 11
920 12
927 1
937 19
939 7
941 8
943 18
944 4
951 11
958 16
960 12
967 1
976 6
982 17
984 13
990 19
992 18
993 6
1001 4
1008 12
1014 4
1021 8
1023 17
1025 15
1027 11
1033 12
1040 17
1042 20
1044 18
1045 12
1051 8
1054 11
1061 5
1067 10
1070 21
1074 12
1081 13
1086 19
1088 4
1095 20
1097 12
1103 8
1107 21
1111 12
1119 11
1126 19
1128 12
1135 17
1137 12
1145 8
1148 2
1159 12
1165 8
1168 11
1174 11
1180 1
1189 21
1193 19
1195 18
1196 17
1198 8
1201 1
1210 16
1212 1
1222 20
1224 8
1226 14
1232 19
1234 7
1236 14
1242 5
1248 12
1255 3
1262 18
1263 4
1270 5
1276 11
1282 10
1285 2
1294 5
1301 11
1307 11
1314 6
1320 4
1327 4
1334 12
1341 20
1343 16
1345 6
1352 15
1354 13
1360 5
1367 10
1368 12
1376 8
1380 11
1386 11
1392 5
1398 18
1399 7
1401 11
1408 2
1417 1
1426 8
1429 8
1431 15
1433 1
1443 15
1445 6
1453 2
1462 11
1468 6
1475 15
1477 21
1481 20
1483 11
1490 19
1492 18
1493 7
1496 20
1498 2
1507 7
1509 18
1510 16
1512 17
1514 18
1515 11
1521 18
1522 4
1529 6
1536 11
1543 11
1550 18
1551 16
1553 12
1560 21
1564 4
1572 11
1578 20
1580 1
1589 1
1598 18
1599 8
1602 18
1603 12
1610 16
1612 12
1620 18
1621 18
1622 11
1628 1
1638 20
1640 17
1642 12
1650 3
1657 6
1665 9
1666 11
1673 21
1677 8
1680 2
1690 11
1696 16
1698 4
1705 6
1711 15
1713 9
1714 11
1720 12
1727 10
1729 15
1731 1
1741 21
1745 20
1747 18
1748 18
1749 11
1756 20
1758 12
1765 2
1776 19
1778 5
1784 6
1791 3
1798 18
1799 18
1800 12
1807 15
1809 19
1811 16
1813 20
1815 19
1817 5
1823 14
1829 19
1831 19
1833 2
1843 16
1845 16
1847 11
1854 12
1861 12
1867 15
1869 11
1875 20
1877 16
1879 7
1882 12
1889 11
1895 15
1897 11
1903 10
1904 1
1913 10
1916 2
1927 4
1934 11
1941 21
1945 4
1952 11
1958 20
1960 21
1964 12
1970 14
1976 11
1983 17
1985 7
1987 18
1988 19
1990 20
1992 4
1999 13
2004 8
2008 18
2009 10
2011 12
2018 12
2024 3
2031 2
2042 11
2049 17
2051 2
2061 2
2070 5
2076 12
2083 19
2085 7
2087 20
2089 2
2100 3
2106 16
2108 17
2110 8
2114 12
2120 11
2127 12
2133 20
2135 5
2141 20
2143 4
2149 20
2151 16
2153 6
2160 17
2162 4
2168 8
2171 17
2173 18
2174 12
2181 5
2187 3
2193 15
2195 20
2197 18
2198 15
2200 5
2207 6
2215 11
2221 12
2228 12
2234 14
2240 18
2241 15
2243 7
2246 2
2256 8
2258 3
2265 10
2267 1
2277 14
2282 11
2288 1
2297 9
2299 21
2303 13
2308 4
2315 11
2322 2
2331 19
2333 11
2339 18
2340 11
2347 6
2354 11
2360 3
2367 17
2369 14
2375 15
2377 21
2381 18
2382 19
2384 21
2388 13
2393 3
2400 18
2401 14
2407 6
2415 6
2423 7
2426 9
2428 12
2434 7
2437 19
2439 18
2440 4
2447 18
2448 15
2450 18
2451 12
2459 20
2461 15
2463 13
2468 21
2472 6
2479 2
2490 11
2497 5
2503 14
2510 5
2516 6
2523 14
2530 12
2537 3
2544 15
2546 6
2554 12
2561 11
2567 8
2569 18
2570 17
2572 1
2582 7
2585 21
2589 9
2591 5
2597 11
2604 8
2607 12
2613 12
2619 16
2621 3
2628 7
2630 13
2635 13
2640 12
2646 11
2652 7
2654 11
2661 19
2663 16
2665 19
2667 9
2669 7
2672 10
2673 7
2675 20
2677 11
2684 21
2688 15
2690 21
2694 19
2696 19
2698 11
2704 7
2706 14
2712 16
2714 20
2716 7
2719 11
2725 10
2727 12
2733 18
2734 6
2741 3
2748 1
2757 9
2759 11
2765 10
2768 5
2774 16
2776 9
2777 12
2783 15
2785 2
2795 7
2798 11
2805 11
2812 12
2820 12
2826 7
2829 5
2836 17
2838 21
2842 6
2849 11
2855 15
2857 17
2859 16
2861 11
2867 18
2868 11
2875 12
2883 3
2889 12
2895 19
2897 13
2902 11
2908 8
2911 13
2916 12
2923 20
2925 8
2928 5
2935 5
2942 5
2949 11
2955 1
2965 10
2966 21
2970 12
2978 12
2985 19
2987 19
2989 2
3000 6
3006 4
3012 20
3014 11
3021 12
3027 5
3033 9
3034 20
3036 16
3038 11
3045 11
3051 12
3058 11
3064 21
3068 6
3075 11
3081 8
3084 8
3087 9
3089 11
3095 20
3097 6
3103 17
3105 18
3106 18
3107 11
3114 12
3121 10
3124 2
3133 16
3135 14
3141 14
3147 11
3153 13
3159 12
3166 5
3172 20
3174 18
3175 14
3180 12
3187 13
3193 10
3196 10
3197 1
3207 12
3214 19
3216 11
3223 15
3225 7
3228 12
3235 9
3236 15
3238 16
3240 18
3241 6
3249 5
3256 18
3257 8
3260 18
3261 12
3269 13
3274 14
3281 17
3283 21
3287 11
3294 7
3297 7
3299 21
3303 17
3305 11
3311 20
3313 5
3319 17
3321 20
3323 3
3329 2
3338 1
3347 7
3349 13
3354 15
3356 11
3362 11
3369 11
3376 8
3380 3
3387 21
3391 11
3398 17
3400 11
3407 1
3417 17
3419 18
3420 20
3422 11
3429 11
3436 20
3438 2
3448 18
3449 6
3456 14
3461 4
3467 17
3469 12
3477 18
3478 3
3484 9
3486 18
3487 12
3494 9
3496 12
3503 12
3511 20
3513 12
3520 9
3521 19
3523 7
3526 2
3535 12
3542 5
3549 11
3555 4
3563 21
3567 10
3570 4
3577 8
3580 9
3581 7
3583 2
3593 6
3600 9
3601 14
3608 11
3615 11
3621 1
3631 18
3632 18
3633 14
3639 11
3645 21
3649 18
3650 18
3651 17
3653 3
3659 6
3665 3
3671 3
3678 11
3684 18
3685 19
3687 10
3689 18
3690 10
3692 11
3699 11
3705 12
3711 18
3712 18
3713 4
3720 3
3726 3
3732 13
3738 18
3739 14
3745 8
3748 15
3750 10
3753 16
3755 12
3761 16
3763 11
3769 6
3776 12
3784 18
3785 20
3787 12
3795 14
3802 12
3809 11
3816 13
3821 9
3822 7
3825 2
3834 9
3835 12
3843 12
3849 11
3855 11
3861 11
3867 9
3869 1
3878 21
3882 18
3883 18
3884 9
3885 18
3886 4
3892 1
3902 11
3909 19
3911 8
3914 6
3922 17
3924 12
3932 7
3935 12
3943 14
3950 15
3952 15
3954 8
3956 4
3962 15
3964 1
3974 13
3979 14
3985 12
3991 11
3997 13
4002 20
4004 5
4010 3
4016 8
4019 1
4028 3
4035 12
4042 5
4048 11
4054 2
4064 4
4070 1
4079 19
4081 13
4086 11
4092 21
4096 18
4097 16
4099 11
4105 2
4115 21
4119 18
4120 12
4128 9
4129 11
4136 11
4143 12
4149 12
4157 19
4159 18
4160 11
4167 16
4169 18
4170 6
4176 17
4178 4
4185 11
4192 1
4202 16
4204 20
4206 6
4213 16
4215 2
4225 12
4231 7
4233 15
4235 10
4236 20
4238 12
4245 11
4252 6
4259 12
4266 1
4276 14
4282 11
4288 11
4295 16
4297 9
4299 17
4301 15
4303 18
4304 14
4311 16
4313 9
4315 3
4321 7
4323 17
4325 5
4332 15
4334 2
4344 12
4351 18
4352 15
4354 19
4356 11
4362 20
4364 6
4372 19
4374 17
4376 21
4380 17
4382 5
4389 11
4395 16
4397 8
4401 3
4407 12
4415 17
4417 16
4419 5
4425 11
4431 6
4438 2
4449 12
4456 19
4458 15
4460 12
4467 7
4470 12
4478 11
4485 9
4487 21
4491 10
4494 11
4500 14
4507 14
4513 12
4520 12
4527 14
4532 20
4534 15
4536 15
4538 21
4542 14
4548 13
4553 12
4560 16
4562 5
4568 18
4569 10
4571 1
4581 20
4583 17
4585 9
4587 15
4589 11
4596 3
4602 12
4609 7
4612 13
4617 18
4618 19
4620 21
4624 15
4626 20
4628 14
4634 11
4641 3
4648 8
4651 4
4657 10
4660 18
4661 7
4663 7
4665 16
4667 17
4669 12
4676 4
4683 13
4688 9
4689 5
4695 11
4701 18
4702 15
4704 2
4714 12
4721 6
4727 15
4729 12
4736 16
4738 3
4744 11
4750 18
4751 19
4753 14
4758 3
4764 6
4771 9
4773 18
4774 16
4776 18
4777 1
4786 18
4787 19
4789 18
4790 5
4796 11
4802 20
4804 21
4808 11
4814 17
4816 16
4818 18
4819 20
4821 12
4828 12
4834 10
4837 12
4845 2
4855 9
4856 15
4858 6
4864 13
4870 2
4880 3
4887 19
4889 20
4891 9
4893 10
4895 12
4902 11
4909 5
4915 8
4918 11
4925 9
4926 12
4932 20
4934 10
4935 7
4937 21
4941 16
4943 21
4947 6
4954 14
4961 21
4965 7
4967 18
4968 5
4975 12
4981 12
4989 11
4996 16
4998 7
5001 18
5002 17
5004 19
5006 11
5013 11
5019 13
5025 19
5027 16
5029 8
5032 6
5039 9
5041 18
5042 12
5050 1
5059 1
5068 5
5074 5
5081 13
5087 20
5089 2
5100 11
5107 12
5115 16
5117 19
5119 2
5129 4
5137 11
5144 15
5146 6
5153 11
5159 19
5161 10
5164 21
5168 13
5174 5
5180 16
5182 12
5190 18
5191 11
5198 12
5204 6
5211 11
5217 12
5223 18
5224 12
5231 11
5238 16
5240 3
5247 11
5254 15
5256 17
5258 19
5260 13
5265 16
5267 14
5274 11
5280 10
5281 9
5282 7
5284 7
5286 14
5292 21
5296 4
5304 2
5314 20
5316 4
5323 2
5333 11
5340 6
5348 11
5354 5
5361 12
5367 13
5372 12
5379 11
5385 16
5387 1
5397 21
5401 11
5407 9
5409 1
5418 11
5425 12
5431 9
5432 17
5434 2
5445 16
5447 12
5454 18
5455 7
5457 4
5465 14
5471 15
5473 11
5479 10
5482 18
5483 6
5491 12
5497 4
5504 9
5505 13
5510 18
5511 15
5513 12
5519 16
5521 21
5525 14
5532 11
5539 21
5543 9
5544 11
5550 18
5551 18
5552 17
5554 13
5560 19
5562 12
5569 7
5572 15
5574 9
5576 14
5582 11
5589 16
5591 2
5601 12
5609 11
5615 12
5622 7
5625 4
5633 16
5635 18
5636 11
5643 9
5645 13
5650 5
5656 10
5658 18
5659 20
5661 18
5662 12
5669 11
5676 21
5680 15
5682 11
5688 11
5695 6
5702 18
5703 11
5709 14
5715 2
5724 12
5730 4
5737 4
5744 7
5746 19
5748 8
5751 20
5753 17
5755 6
5761 5
5767 8
5771 11
5778 14
5784 1
5793 12
5800 3
5806 11
5812 1
5822 11
5829 5
5836 18
5837 7
5840 18
5841 11
5848 11
5855 12
5863 17
5865 8
5868 18
5869 1
5879 6
5886 5
5892 9
5893 21
5897 5
5903 12
5910 1
5919 12
5925 9
5926 14
5933 11
5939 1
5948 9
5950 19
5952 12
5960 5
5966 1
5975 11
5982 4
5990 21
5994 1
6004 10
6007 13
6013 20
6015 16
6017 16
6019 11
6026 12
6033 15
6035 18
6036 16
6038 18
6039 15
6041 5
6047 3
6054 7
6056 20
6058 15
6060 3
6066 12
6072 5
6078 9
6080 19
6082 5
6089 5
6095 14
6101 10
6103 5
6110 14
6117 20
6119 18
6120 21
6124 12
6132 20
6134 10
6135 1
6145 21
6149 14
6154 4
6160 21
6164 10
6167 8
6170 17
6172 21
6176 20
6178 5
6185 21
6189 9
6191 18
6192 8
6194 11
6201 11
6208 3
6214 18
6215 20
6217 4
6225 14
6231 3
6238 8
6241 6
6248 1
6258 18
6259 5
6265 16
6267 11
6273 4
6281 12
6288 12
6296 2
6305 8
6307 19
6309 7
6311 13
6316 17
6318 12
6326 5
6333 16
6335 18
6336 12
6343 17
6345 12
6352 15
6354 12
6360 5
6367 3
6374 4
6380 10
6381 11
6387 15
6389 11
6395 20
6397 11
6403 11
6409 12
6415 7
6417 12
6425 8
6427 15
6429 5
6435 18
6436 8
6439 14
6444 15
6446 4
6453 16
6455 5
6461 9
6462 19
6464 7
6467 11
6474 4
6480 16
6482 6
6489 12
6496 9
6497 3
6503 16
6505 1
6515 12
6521 1
6531 2
6542 18
6543 6
6550 6
6556 13
6562 12
6569 20
6571 4
6578 18
6579 12
6587 6
6594 11
6601 21
6605 12
6613 12
6619 14
6626 12
6633 6
6641 20
6643 11
6650 11
6656 6
6663 11
6669 14
6675 2
6686 15
6688 17
6690 3
6696 19
6698 11
6704 12
6712 12
6718 1
6728 13
6734 11
6740 19
6742 19
6744 16
6746 1
6755 11
6761 12
6768 12
6776 4
6782 4
6788 18
6789 11
6795 11
6802 16
6804 15
6806 12
6813 10
6816 18
6817 9
6818 15
6820 12
6826 17
6828 8
6831 12
6839 21
6843 12
6850 15
6852 3
6859 11
6866 8
6869 2
6879 14
6884 12
6892 15
6894 11
6900 11
6907 10
6910 16
6912 11
6919 16
6921 9
6923 13
6929 13
6934 11
6940 17
6942 2
6952 12
6959 13
6965 13
6971 10
6973 11
6979 15
6981 14
6988 6
6995 2
7005 11
7011 12
7017 18
