1494
1 18
2 15
4 16
6 11
13 12
19 11
26 21
30 16
32 21
36 4
43 6
49 3
55 12
63 15
65 7
68 19
70 3
77 11
83 4
90 11
97 18
98 19
100 1
109 8
112 17
114 21
118 11
125 3
132 3
139 8
142 11
148 7
150 18
151 12
159 1
168 11
174 16
176 3
183 3
189 12
196 18
197 18
198 5
204 21
208 4
216 12
224 8
227 17
229 18
230 12
236 1
246 16
248 8
250 14
256 19
258 21
262 4
269 20
271 15
273 18
274 11
280 21
284 20
286 14
292 21
296 18
297 1
306 21
310 14
315 3
321 15
323 18
324 7
327 16
329 4
335 17
337 4
345 13
350 19
352 3
359 11
365 18
366 5
373 11
380 14
386 4
392 10
394 15
396 20
398 5
405 15
407 7
409 17
411 6
418 13
423 11
429 8
432 2
442 9
443 4
450 3
457 19
459 11
466 6
472 18
473 2
483 18
484 18
485 18
486 16
488 4
495 18
496 10
499 3
506 12
514 6
521 14
528 12
535 8
537 8
541 10
543 9
545 11
552 1
562 21
566 12
574 15
576 11
583 15
585 6
592 18
593 18
594 13
600 11
607 10
609 10
612 8
615 7
618 11
624 16
626 10
628 6
635 12
643 11
650 12
658 16
660 3
666 19
668 6
675 15
677 13
682 11
688 18
689 21
693 12
701 1
711 17
713 8
715 18
716 17
718 13
723 11
729 6
736 12
743 19
745 5
752 11
758 18
759 11
766 11
772 8
774 18
775 11
781 2
791 21
795 11
802 8
804 6
810 3
817 20
819 15
821 3
828 11
835 2
845 9
846 11
853 12
860 9
861 18
862 11
868 8
870 15
872 14
878 1
887 11
893 19
895 3
901 17
903 11
910 11
917 3
924 6
931 10
933 1
943 2
954 5
961 3
967 14
973 12
980 11
986 7
988 12
995 4
1002 13
1008 15
1010 12
1016 19
1018 20
1020 18
1021 20
1023 3
1029 19
1031 21
1035 4
1042 11
1049 7
1051 20
1053 18
1054 12
1060 6
1068 21
1072 7
1074 7
1077 3
1084 16
1086 11
1092 18
1093 20
1095 19
1097 8
1101 14
1108 9
1109 11
1115 11
1121 18
1122 1
1132 18
1133 6
1140 11
1146 15
1148 11
1154 15
1156 18
1157 4
1164 6
1171 16
1173 14
1179 8
1183 21
1187 17
1189 18
1190 18
1191 18
1192 12
1200 17
1202 13
1208 12
1216 18
1217 13
1223 10
1224 15
1226 1
1235 7
1238 6
1245 11
1252 12
1260 19
1262 1
1272 20
1274 16
1276 8
1279 7
1281 15
1283 12
1289 12
1295 18
1296 18
1297 11
1304 19
1306 18
1307 1
1317 13
1323 15
1325 6
1332 1
1342 5
1349 15
1351 13
1357 15
1359 16
1361 1
1370 7
1372 19
1374 18
1375 12
1383 19
1385 12
1392 5
1398 21
1402 12
1409 5
1416 21
1420 11
1426 7
1429 21
1433 7
1436 18
1437 3
1443 2
1453 9
1455 18
1456 18
1457 11
1463 11
1470 11
1476 12
1482 12
1490 6
1496 16
1498 5
1505 2
1516 11
1523 12
1530 21
1534 11
1540 7
1543 13
1548 13
1554 12
1561 5
1567 3
1574 20
1576 11
1582 20
1584 1
1593 14
1600 7
1603 14
1609 8
1613 20
1615 9
1616 3
1623 5
1629 2
1638 14
1644 11
1651 9
1652 10
1654 7
1657 6
1664 13
1670 11
1677 11
1683 4
1690 1
1700 12
1708 11
1714 1
1724 11
1731 7
1733 4
1740 16
1742 16
1744 2
1754 8
1758 10
1760 3
1767 4
1774 15
1776 8
1779 12
1785 11
1791 11
1797 2
1806 13
1811 7
1814 1
1823 14
1829 15
1831 4
1839 18
1840 5
1847 1
1856 19
1858 15
1860 14
1865 12
1873 11
1879 6
1886 19
1888 14
1894 13
1899 11
1905 16
1907 20
1909 18
1910 19
1912 11
1919 12
1926 6
1933 6
1941 18
1942 17
1944 1
1953 3
1959 14
1965 19
1967 20
1969 21
1973 4
1981 8
1983 15
1985 11
1992 2
2002 20
2004 11
2011 16
2013 4
2021 5
2027 15
2029 18
2030 7
2032 15
2034 1
2044 18
2045 19
2047 7
2049 12
2056 19
2058 14
2064 20
2066 6
2074 3
2081 2
2091 8
2094 14
2100 7
2103 12
2110 19
2112 15
2114 3
2120 3
2127 11
2133 13
2139 3
2145 12
2153 11
2160 20
2162 15
2164 3
2170 12
2177 11
2183 14
2189 5
2195 12
2201 18
2202 12
2208 17
2210 9
2211 7
2214 18
2215 12
2223 19
2225 10
2228 12
2235 4
2241 1
2251 11
2257 2
2267 8
2269 5
2276 8
2279 8
2283 17
2285 4
2291 6
2299 11
2305 7
2307 9
2309 10
2311 15
2313 1
2323 18
2324 16
2326 19
2328 11
2334 11
2341 21
2345 16
2347 3
2354 16
2356 8
2359 13
2364 6
2371 12
2378 8
2382 18
2383 9
2384 11
2391 14
2398 12
2406 13
2411 19
2413 4
2420 13
2425 11
2431 13
2436 5
2443 16
2445 4
2452 8
2455 11
2461 16
2463 13
2469 11
2475 14
2481 7
2483 19
2485 2
2496 7
2498 4
2504 19
2506 1
2516 2
2526 2
2537 11
2544 2
2554 20
2556 21
2560 10
2563 17
2565 2
2575 1
2584 21
2588 11
2595 2
2605 16
2607 3
2614 3
2620 11
2626 7
2628 8
2631 4
2638 14
2645 15
2647 11
2653 4
2660 12
2667 13
2673 11
2679 9
2680 21
2684 12
2691 4
2698 9
2700 11
2706 15
2708 8
2712 12
2719 8
2722 10
2724 17
2726 11
2733 18
2734 13
2740 18
2741 19
2743 20
2745 18
2746 21
2750 21
2754 13
2760 8
2763 13
2768 14
2774 15
2776 4
2784 12
2792 10
2794 12
2801 11
2808 18
2809 20
2811 2
2822 2
2832 1
2841 12
2849 12
2856 11
2862 21
2866 9
2868 18
2869 2
2879 2
2889 10
2891 19
2893 3
2900 11
2907 20
2909 2
2919 20
2921 12
2928 17
2930 17
2932 11
2939 17
2941 12
2947 4
2953 17
2955 18
2956 1
2966 12
2972 14
2977 8
2981 13
2987 18
2988 15
2990 20
2992 4
2999 1
3009 4
3015 8
3018 9
3019 19
3021 14
3027 11
3033 12
3040 11
3046 18
3047 3
3054 20
3056 14
3063 17
3065 3
3072 19
3074 11
3080 13
3086 15
3088 16
3090 18
3091 11
3097 11
3103 9
3105 13
3111 14
3117 19
3119 16
3121 12
3128 11
3134 16
3136 21
3140 18
3141 11
3148 21
3152 8
3156 11
3163 18
3164 7
3166 15
3168 19
3170 20
3172 2
3181 4
3187 13
3193 16
3195 11
3201 1
3210 21
3214 4
3220 7
3223 5
3229 2
3238 7
3241 15
3243 6
3250 4
3257 11
3264 11
3270 18
3271 7
3273 6
3280 12
3288 6
3294 17
3296 2
3306 11
3313 14
3319 9
3321 4
3329 2
3338 10
3341 11
3348 7
3350 2
3360 12
3366 19
3368 9
3370 18
3371 2
3382 2
3392 4
3399 8
3402 6
3408 11
3414 4
3422 12
3429 12
3436 7
3438 6
3445 1
3455 6
3463 2
3472 2
3482 4
3489 1
3499 18
3500 10
3502 18
3503 18
3504 12
3510 12
3516 18
3517 11
3524 4
3531 2
3541 13
3546 17
3548 10
3550 13
3555 19
3557 21
3561 14
3566 2
3576 19
3578 3
3584 12
3590 12
3597 14
3602 1
3612 21
3616 4
3622 11
3629 15
3631 12
3638 16
3640 11
3647 16
3649 15
3651 21
3655 9
3656 11
3662 11
3668 18
3669 6
3676 7
3679 18
3680 11
3687 2
3696 3
3703 21
3707 12
3715 6
3722 17
3724 11
3730 11
3736 19
3738 3
3744 17
3746 10
3749 11
3756 8
3758 3
3764 12
3770 18
3771 21
3775 10
3778 12
3785 16
3787 19
3789 5
3796 3
3802 12
3810 12
3818 16
3820 19
3822 12
3829 20
3831 5
3837 13
3843 11
3849 20
3851 16
3853 20
3855 11
3861 5
3868 11
3875 9
3877 4
3883 11
3889 21
3893 11
3899 13
3905 2
3915 9
3917 5
3924 9
3926 5
3932 15
3934 15
3936 8
3940 2
3950 16
3952 7
3955 18
3956 11
3963 18
3964 15
3966 2
3975 6
3982 11
3988 2
3999 11
4006 9
4007 3
4014 5
4020 16
4022 11
4029 17
4031 20
4033 21
4037 17
4039 16
4041 14
4048 17
4050 14
4055 12
4062 4
4068 13
4073 12
4080 12
4086 12
4093 21
4097 16
4099 1
4108 11
4115 3
4121 19
4123 17
4125 21
4129 8
4132 7
4134 19
4136 19
4138 13
4144 4
4151 1
4160 2
4170 14
4175 9
4177 15
4179 18
4180 12
4187 8
4189 14
4195 4
4201 13
4206 1
4216 18
4217 21
4221 8
4225 14
4231 8
4234 21
4238 18
4239 14
4246 14
4252 15
4254 12
4261 20
4263 12
4271 11
4278 18
4279 14
4286 8
4289 11
4295 16
4297 21
4301 11
4308 10
4310 18
4311 21
4315 6
4322 18
4323 15
4325 18
4326 7
4328 16
4330 8
4334 12
4342 21
4346 3
4352 15
4354 11
4361 3
4367 1
4376 19
4378 6
4386 16
4388 11
4395 11
4402 19
4404 5
4410 11
4416 18
4417 14
4423 17
4425 5
4432 18
4433 18
4434 21
4438 18
4439 9
4441 16
4443 4
4450 15
4452 7
4454 14
4460 5
4466 2
4477 12
4485 17
4487 4
4494 11
4501 6
4509 7
4511 11
4517 20
4519 8
4523 15
4525 14
4532 20
4534 21
4538 16
4540 16
4542 11
4549 15
4551 11
4558 9
4560 21
4564 18
4565 21
4569 14
4576 11
4582 3
4589 16
4591 5
4597 21
4601 3
4608 16
4610 1
4620 16
4622 6
4630 12
4636 18
4637 11
4643 18
4644 15
4646 9
4648 1
4658 17
4660 18
4661 15
4663 14
4669 20
4671 1
4680 11
4687 21
4691 1
4700 9
4701 11
4707 18
4708 20
4710 9
4712 5
4718 5
4724 3
4730 15
4732 7
4735 16
4737 15
4739 12
4746 5
4753 9
4755 7
4758 11
4765 9
4766 14
4773 13
4778 13
4784 11
4790 14
4796 3
4802 18
4803 8
4806 3
4813 15
4815 11
4822 8
4825 8
4828 11
4835 21
4839 3
4845 21
4849 11
4856 9
4858 11
4864 6
4870 3
4876 11
4883 9
4885 13
4891 4
4898 1
4908 2
4918 16
4920 3
4926 9
4927 16
4929 1
4939 14
4945 18
4946 11
4953 18
4954 10
4957 15
4959 12
4965 5
4972 5
4979 8
4983 11
4990 10
4993 11
5000 15
5002 7
5005 18
5006 19
5008 12
5014 11
5021 20
5023 12
5031 8
5034 20
5036 21
5040 21
5044 12
5050 9
5052 17
5054 6
5061 1
5071 10
5074 12
5081 11
5087 16
5089 3
5095 4
5102 7
5104 18
5105 8
5107 11
5113 11
5119 3
5126 6
5133 20
5135 19
5137 6
5145 19
5147 13
5152 10
5155 4
5163 13
5169 11
5175 18
5176 16
5178 8
5182 18
5183 14
5190 11
5196 15
5198 9
5199 20
5201 11
5207 14
5213 11
5220 11
5227 15
5229 19
5231 6
5239 11
5245 10
5247 18
5248 16
5250 7
5252 1
5262 15
5264 12
5271 1
5281 5
5288 7
5291 12
5299 1
5308 18
5309 15
5311 14
5317 11
5323 1
5332 6
5339 18
5340 3
5346 12
5353 11
5359 18
5360 8
5363 11
5370 9
5372 11
5378 3
5384 16
5386 17
5388 20
5390 21
5394 16
5396 14
5402 20
5404 11
5410 4
5418 9
5420 16
5422 15
5424 16
5426 17
5428 11
5434 19
5436 15
5438 9
5439 10
5441 20
5443 3
5450 19
5452 11
5459 4
5466 2
5477 16
5479 17
5481 11
5487 12
5495 14
5502 6
5509 2
5520 7
5522 13
5527 11
5533 2
5543 11
5550 19
5552 11
5558 4
5566 11
5572 6
5578 18
5579 11
5586 12
5592 12
5598 18
5599 2
5609 11
5615 1
5625 17
5627 1
5636 19
5638 20
5640 18
5641 5
5647 18
5648 10
5650 8
5653 11
5659 11
5665 6
5672 7
5674 21
5678 13
5684 21
5688 12
5695 16
5697 1
5706 13
5712 3
5719 12
5726 5
5733 10
5735 11
5741 8
5744 20
5746 2
5755 12
5762 6
5770 12
5778 7
5781 9
5783 7
5786 1
5795 12
5801 16
5803 11
5810 10
5811 7
5814 5
5821 11
5828 19
5830 9
5831 1
5840 11
5847 21
5851 11
5857 11
5863 11
5870 12
5877 14
5882 11
5889 17
5891 14
5897 9
5898 10
5900 5
5907 11
5913 5
5920 14
5927 7
5929 3
5936 12
5943 5
5949 12
5955 11
5961 3
5967 18
5968 2
5977 14
5984 11
5991 8
5995 12
6002 12
6009 3
6015 10
6017 12
6025 16
6027 3
6033 9
6034 12
6040 3
6047 10
6050 7
6052 11
6058 16
6060 5
6066 17
6068 11
6075 20
6077 11
6083 12
6090 1
6099 12
6106 19
6108 8
6110 11
6116 2
6127 8
6131 2
6140 16
6142 14
6149 12
6155 12
6162 18
6163 12
6171 8
6173 4
6179 4
6186 11
6192 18
6193 12
6200 6
6207 1
6216 12
6224 15
6226 12
6232 8
6235 7
6237 8
6240 11
6247 18
6248 14
6254 12
6262 6
6268 5
6275 11
6282 18
6283 16
6285 17
6287 19
6289 11
6296 12
6302 13
6307 8
6310 14
6315 11
6321 14
6327 14
6334 18
6335 7
6337 14
6343 19
6345 15
6347 11
6354 12
6361 14
6367 13
6372 3
6378 18
6379 7
6381 11
6387 15
6389 8
6392 8
6395 5
6401 11
6407 6
6415 21
6419 11
6426 18
6427 1
6436 17
6438 12
6445 5
6451 15
6453 18
6454 9
6455 8
6458 15
6460 9
6462 20
6464 11
6470 20
6472 3
6479 6
6487 3
6493 4
6500 14
6506 12
6514 15
6516 20
6518 4
6525 17
6527 2
6538 8
6540 16
6542 17
6544 12
6551 2
6561 20
6563 11
6569 8
6573 1
6582 19
6584 13
6589 8
6593 20
6595 6
6602 12
6608 11
6615 9
6616 17
6618 15
6620 20
6622 13
6628 18
6629 16
6631 21
6635 16
6637 18
6638 11
6644 4
6652 18
6653 5
6660 16
6662 11
6669 17
6671 18
6672 19
6674 6
6681 9
6682 15
6684 4
6692 2
6701 18
6702 3
6708 17
6710 11
6717 4
6723 11
6729 14
6734 12
6742 3
6748 13
6754 16
6756 12
6763 12
6771 5
6777 10
6778 18
6779 14
6785 15
6787 13
6792 11
6798 9
6800 12
6808 16
6810 14
6817 12
6823 12
6830 1
6840 9
6841 1
6850 21
6854 18
6855 12
6863 19
6865 1
6875 12
6883 2
6893 12
6899 14
6905 20
6907 10
6910 15
6912 11
6919 10
6922 4
6930 11
6936 21
6940 3
6947 15
6949 2
6960 12
6968 17
6970 14
6975 19
6977 17
6979 4
6985 4
6991 10
6993 16
6995 11
7002 7
7005 7
7007 15
7009 21
7013 2
7023 21
7027 12
7034 10
7037 7
7040 18
7041 20
7043 16
7045 10
7047 14
7052 4
7059 10
7060 7
7062 9
7063 3
7069 15
7071 12
7078 11
7085 18
