1494
1 20
3 11
10 1
19 8
21 6
27 4
34 13
40 6
47 1
57 18
58 17
60 9
62 12
70 9
72 14
78 6
85 4
93 18
94 18
95 20
97 5
103 1
113 9
115 4
122 8
125 9
126 18
127 12
135 1
145 14
150 14
156 2
166 1
176 13
182 11
189 12
196 17
198 17
200 15
202 2
211 17
213 4
220 13
225 7
228 14
234 11
241 5
247 18
248 15
250 11
257 1
267 4
274 4
281 20
283 12
290 7
293 15
295 18
296 12
303 11
309 18
310 12
316 19
318 5
325 15
327 9
328 4
334 8
336 1
346 10
349 2
359 11
366 14
371 10
373 11
380 16
382 7
384 19
386 12
393 18
394 11
401 1
410 21
414 12
421 1
430 18
431 17
433 3
440 12
447 1
457 13
462 18
463 13
469 6
477 19
479 5
485 9
486 12
492 11
499 4
506 4
514 5
520 21
524 16
526 18
527 12
533 12
539 17
541 18
542 18
543 11
550 18
551 17
553 10
556 1
566 11
572 16
574 6
582 14
589 17
591 11
597 1
606 2
616 11
622 4
630 14
637 12
645 10
648 9
649 6
656 9
657 20
659 12
665 11
671 6
677 11
683 14
688 1
698 18
699 2
709 7
712 6
719 17
721 19
723 9
725 3
731 5
737 7
740 12
746 19
748 9
749 9
750 3
757 3
763 21
767 11
774 12
780 13
786 19
788 12
794 11
801 12
808 11
815 18
816 5
822 11
828 16
830 4
836 2
847 1
857 1
866 13
872 10
875 14
882 10
883 16
885 9
887 20
889 6
896 12
904 11
911 15
913 13
919 11
925 9
926 13
931 6
938 21
942 5
949 16
951 1
961 13
967 11
973 8
975 18
976 5
983 9
984 20
986 2
996 8
998 15
1000 11
1006 17
1008 9
1010 17
1012 5
1018 21
1022 15
1024 5
1031 20
1033 1
1043 11
1049 7
1052 15
1054 12
1062 12
1069 3
1076 14
1081 15
1083 21
1087 19
1089 21
1093 14
1099 12
1107 3
1113 6
1120 11
1126 6
1133 11
1140 2
1151 21
1155 6
1162 11
1168 3
1175 14
1182 15
1184 12
1192 4
1199 18
1200 8
1203 15
1205 18
1206 1
1216 21
1220 1
1229 1
1238 16
1240 11
1247 2
1256 18
1257 3
1263 16
1265 3
1271 13
1276 12
1283 9
1284 2
1294 11
1301 18
1302 11
1309 18
1310 19
1312 1
1322 19
1324 17
1326 12
1332 20
1334 12
1342 12
1349 6
1356 12
1364 18
1365 14
1372 2
1382 8
1384 4
1390 14
1396 12
1402 6
1409 15
1411 14
1418 19
1420 12
1426 4
1432 11
1439 7
1442 5
1448 12
1456 12
1463 9
1465 11
1472 12
1480 18
1481 12
1488 11
1494 12
1502 11
1509 1
1518 2
1529 14
1534 20
1536 12
1542 12
1549 5
1556 11
1563 1
1572 21
1576 4
1583 14
1590 19
1592 11
1599 9
1600 12
1608 7
1610 14
1616 6
1624 7
1626 11
1633 9
1634 12
1641 7
1643 11
1650 12
1656 11
1663 11
1669 18
1670 6
1676 16
1678 2
1689 19
1691 5
1697 13
1703 14
1708 1
1718 15
1720 13
1725 6
1731 18
1732 13
1737 21
1741 2
1751 12
1758 14
1764 1
1774 16
1776 16
1778 8
1780 18
1781 8
1783 12
1790 8
1793 9
1794 7
1797 14
1802 15
1804 16
1806 7
1809 11
1815 5
1822 6
1828 15
1830 12
1837 19
1839 18
1840 18
1841 17
1843 5
1849 18
1850 7
1853 18
1854 2
1864 12
1872 16
1874 1
1884 12
1891 18
1892 18
1893 6
1901 12
1908 12
1915 11
1921 15
1923 12
1929 5
1936 20
1938 21
1942 4
1948 10
1950 7
1953 2
1963 9
1965 4
1971 4
1978 7
1980 2
1990 10
1992 18
1993 12
2001 9
2003 13
2008 11
2015 17
2017 12
2023 14
2029 11
2036 20
2038 8
2041 12
2048 11
2054 19
2056 11
2062 6
2068 5
2075 2
2084 18
2085 13
2090 16
2092 18
2093 2
2104 12
2112 11
2118 20
2120 19
2122 5
2128 15
2130 9
2132 9
2133 20
2135 20
2137 10
2139 5
2146 13
2152 6
2159 19
2161 3
2168 11
2175 21
2179 11
2186 3
2193 2
2204 5
2210 21
2214 2
2225 8
2227 18
2228 2
2239 18
2240 7
2243 12
2250 11
2256 19
2258 15
2260 1
2270 21
2274 9
2276 10
2278 1
2288 10
2291 1
2300 15
2302 1
2311 15
2313 11
2319 4
2326 9
2328 17
2330 16
2332 17
2334 18
2335 13
2340 16
2342 9
2344 17
2346 5
2352 1
2362 19
2364 19
2366 9
2367 16
2369 7
2371 11
2378 11
2384 19
2386 10
2388 11
2395 14
2401 8
2405 1
2415 4
2421 15
2423 8
2425 14
2432 7
2434 15
2436 4
2444 1
2453 18
2454 11
2460 12
2466 13
2472 6
2480 2
2490 15
2492 19
2494 8
2496 2
2505 11
2511 9
2512 5
2518 18
2519 18
2520 1
2530 17
2532 1
2542 4
2550 16
2552 9
2553 6
2560 11
2567 21
2571 5
2578 6
2586 18
2587 14
2592 19
2594 9
2596 21
2600 17
2602 11
2609 18
2610 18
2611 15
2613 4
2620 4
2627 11
2633 15
2635 12
2642 7
2645 11
2652 16
2654 18
2655 4
2661 17
2663 13
2669 17
2671 16
2673 18
2674 1
2683 6
2691 15
2693 14
2699 13
2704 19
2706 16
2708 19
2710 17
2712 6
2720 15
2722 13
2727 19
2729 2
2739 20
2741 20
2743 12
2750 12
2757 6
2763 9
2764 12
2771 15
2773 6
2780 5
2786 15
2788 13
2793 18
2794 16
2796 1
2806 2
2817 1
2827 19
2829 17
2831 19
2833 9
2835 20
2837 12
2844 20
2846 18
2847 11
2853 13
2859 9
2860 18
2861 21
2865 12
2872 12
2879 19
2881 21
2885 12
2891 17
2893 18
2894 12
2901 14
2906 7
2908 21
2912 4
2919 5
2925 16
2927 2
2938 11
2944 14
2951 2
2962 21
2966 15
2968 11
2974 5
2981 15
2983 8
2986 4
2993 11
2999 13
3005 16
3007 5
3013 18
3014 12
3021 7
3023 8
3026 15
3028 6
3034 2
3044 19
3046 17
3048 2
3057 19
3059 10
3060 20
3062 16
3064 2
3074 4
3080 15
3082 15
3084 21
3088 9
3090 2
3101 11
3108 13
3113 4
3121 11
3127 18
3128 13
3134 13
3140 1
3149 21
3153 21
3157 19
3159 2
3169 14
3176 9
3178 11
3184 16
3186 8
3188 9
3189 5
3195 14
3200 18
3201 14
3207 12
3214 19
3216 18
3217 9
3218 2
3229 11
3235 17
3237 9
3238 14
3244 11
3250 4
3257 11
3263 12
3269 5
3276 13
3281 14
3287 16
3289 9
3290 12
3297 19
3299 17
3301 11
3308 21
3312 7
3315 14
3322 11
3329 7
3332 12
3339 3
3345 18
3346 5
3353 5
3359 6
3365 13
3371 18
3372 7
3375 6
3383 8
3387 12
3394 16
3396 16
3398 8
3401 5
3407 18
3408 13
3414 4
3421 16
3423 13
3429 21
3433 11
3439 12
3446 4
3452 12
3459 14
3464 16
3466 13
3472 20
3474 18
3475 13
3481 20
3483 1
3493 19
3495 11
3502 8
3505 7
3508 5
3515 15
3517 15
3519 1
3528 21
3532 6
3540 12
3547 19
3549 10
3552 5
3559 15
3561 15
3563 5
3569 19
3571 8
3574 17
3576 2
3586 19
3588 1
3598 7
3601 8
3603 11
3609 11
3615 10
3617 12
3624 19
3626 18
3627 19
3629 18
3630 18
3631 10
3633 21
3637 16
3639 9
3640 15
3642 11
3648 5
3654 17
3656 7
3659 1
3668 6
3675 15
3677 11
3684 18
3685 14
3690 10
3691 19
3693 12
3700 11
3707 16
3709 17
3711 18
3712 4
3720 9
3722 11
3728 12
3735 19
3737 7
3740 11
3747 14
3753 16
3755 13
3761 13
3767 13
3772 2
3782 6
3790 7
3793 10
3795 2
3805 11
3811 15
3813 9
3814 11
3820 19
3822 3
3828 8
3831 15
3833 11
3839 1
3849 10
3851 16
3853 12
3859 16
3861 6
3869 9
3870 18
3871 9
3873 3
3879 3
3886 12
3893 12
3900 11
3906 19
3908 11
3914 13
3919 9
3921 6
3928 7
3930 4
3937 14
3942 17
3944 16
3946 4
3954 21
3958 3
3965 8
3969 19
3971 18
3972 20
3974 13
3980 18
3981 11
3988 4
3995 20
3997 1
4007 17
4009 18
4010 11
4016 11
4022 17
4024 7
4026 12
4033 17
4035 18
4036 19
4038 9
4039 13
4045 6
4053 19
4055 3
4062 19
4064 15
4066 19
4068 3
4075 18
4076 7
4078 11
4085 16
4087 9
4089 4
4096 5
4103 7
4106 11
4112 17
4114 11
4120 5
4126 18
4127 13
4133 5
4139 6
4146 4
4152 1
4162 6
4169 10
4172 10
4174 11
4181 1
4191 6
4198 1
4208 2
4219 11
4225 15
4227 8
4230 16
4232 9
4234 3
4240 19
4242 12
4249 18
4250 15
4252 7
4254 17
4256 14
4261 14
4267 11
4274 21
4278 15
4280 11
4287 13
4292 5
4298 13
4304 12
4311 10
4313 5
4320 3
4326 13
4331 21
4335 12
4342 15
4344 6
4351 18
4352 17
4354 2
4363 14
4369 19
4371 19
4373 12
4379 1
4389 11
4395 17
4397 4
4405 20
4407 11
4413 11
4420 15
4422 15
4424 6
4431 15
4433 9
4434 19
4436 1
4446 12
4453 12
4460 3
4467 17
4469 10
4471 21
4475 12
4483 2
4494 5
4501 14
4507 12
4513 1
4523 13
4529 12
4535 11
4542 3
4548 10
4549 11
4555 12
4562 20
4564 21
4568 15
4570 16
4572 16
4574 12
4581 9
4583 21
4587 3
4594 11
4601 9
4602 21
4606 18
4607 15
4609 13
4615 4
4621 12
4628 21
4632 11
4638 2
4649 8
4652 4
4660 20
4662 12
4669 12
4676 21
4680 10
4682 20
4684 1
4693 13
4699 20
4701 11
4708 16
4710 12
4717 17
4719 12
4725 11
4732 6
4738 1
4747 20
4749 11
4756 13
4761 10
4762 18
4763 20
4765 12
4773 19
4775 11
4782 19
4784 12
4791 15
4793 15
4795 12
4801 15
4803 13
4808 16
4810 5
4816 11
4823 11
4829 18
4830 8
4834 14
4840 14
4846 6
4853 11
4860 21
4864 12
4871 1
4880 16
4882 1
4892 12
4899 5
4905 21
4909 12
4915 18
4916 19
4918 12
4925 11
4932 17
4934 16
4936 3
4943 4
4950 18
4951 6
4958 18
4959 18
4960 20
4962 11
4969 1
4979 12
4986 6
4992 10
4993 11
5000 16
5002 12
5010 4
5017 11
5023 12
5030 12
5037 16
5039 20
5041 14
5047 13
5052 11
5059 8
5061 15
5063 3
5070 15
5072 21
5076 6
5082 8
5085 10
5087 7
5089 2
5099 11
5106 19
5108 12
5116 18
5117 14
5122 11
5128 9
5129 11
5135 4
5141 21
5145 16
5147 14
5154 11
5160 9
5162 16
5164 17
5166 12
5173 4
5180 15
5182 19
5184 5
5190 13
5195 17
5197 12
5205 18
5206 11
5212 7
5214 17
5216 6
5222 11
5228 15
5230 20
5232 7
5235 14
5241 17
5243 10
5245 16
5247 8
5250 7
5252 6
5260 19
5262 15
5264 21
5268 8
5271 10
5273 12
5280 11
5286 11
5293 10
5296 6
5304 18
5305 21
5309 12
5315 19
5317 8
5320 14
5326 11
5332 7
5335 19
5337 1
5346 16
5348 2
5359 20
5361 15
5363 15
5365 15
5367 11
5374 3
5381 11
5388 1
5397 19
5399 5
5406 8
5410 3
5417 11
5423 18
5424 4
5430 12
5436 14
5442 9
5443 17
5445 1
5455 19
5457 18
5458 11
5465 10
5467 13
5473 1
5482 5
5488 19
5490 11
5497 11
5503 5
5509 21
5513 6
5521 10
5523 9
5524 11
5531 11
5538 8
5541 7
5544 2
5553 11
5560 19
5562 12
5570 3
5576 1
5585 6
5593 11
5600 7
5602 12
5608 17
5610 1
5620 2
5630 20
5632 11
5639 7
5642 1
5652 15
5654 11
5660 14
5666 9
5668 15
5670 11
5676 2
5685 3
5691 18
5692 16
5694 2
5704 6
5711 10
5713 11
5720 9
5722 13
5727 14
5734 20
5736 2
5745 11
5752 21
5756 19
5758 10
5760 2
5771 8
5773 3
5780 17
5782 14
5789 1
5799 7
5801 10
5803 11
5810 19
5812 12
5820 8
5822 19
5824 18
5825 17
5827 3
5834 12
5841 2
5851 10
5852 12
5859 11
5866 12
5873 10
5876 3
5883 16
5885 7
5888 12
5894 15
5896 10
5898 11
5904 1
5914 11
5920 21
5924 18
5925 21
5929 6
5937 3
5943 19
5945 12
5953 12
5959 3
5966 12
5973 11
5979 19
5981 15
5983 18
5984 6
5992 18
5993 18
5994 19
5996 5
6002 12
6009 1
6018 15
6020 12
6027 7
6029 13
6034 16
6036 15
6038 11
6044 10
6046 12
6052 7
6054 12
6062 10
6063 5
6069 16
6071 3
6077 12
6084 11
6090 10
6093 11
6100 9
6102 18
6103 4
6110 17
6112 12
6119 21
6123 9
6125 8
6127 8
6129 13
6134 1
6144 13
6150 9
6151 17
6153 14
6158 7
6160 11
6166 13
6171 16
6173 12
6181 21
6185 4
6191 11
6198 13
6204 18
6205 2
6215 16
6217 18
6218 1
6227 20
6229 11
6235 18
6236 3
6242 6
6249 13
6255 21
6259 8
6262 3
6268 14
6275 16
6277 14
6283 2
6294 11
6300 18
6301 12
6309 15
6311 13
6316 17
6318 5
6324 9
6325 8
6328 13
6334 4
6340 8
6343 11
6349 8
6351 16
6353 15
6355 12
6363 12
6370 21
6374 18
6375 12
6382 18
6383 14
6389 11
6395 15
6397 18
6398 11
6405 10
6407 11
6414 15
6416 17
6418 11
6424 21
6428 7
6431 9
6432 11
6438 9
6439 12
6445 1
6454 11
6460 18
6461 8
6465 5
6471 10
6473 18
6474 17
6476 13
6481 3
6488 18
6489 9
6490 6
6498 18
6499 15
6501 7
6504 11
6510 6
6516 10
6518 3
6524 9
6525 14
6531 11
6538 16
6540 12
6548 8
6551 13
6557 4
6564 2
6575 7
6577 19
6579 10
6581 18
6582 13
6587 13
6593 12
6600 1
6610 1
6619 5
6625 12
6631 13
6637 18
6638 18
6639 13
6645 3
6651 16
6653 6
6659 12
6666 18
6667 20
6669 14
6674 11
6681 12
6688 12
6695 1
6704 3
6711 18
6712 11
6718 7
6721 18
6722 8
6726 12
6732 11
6738 13
6743 17
6745 3
6752 9
6754 20
6756 18
6757 8
6760 7
6762 10
6763 19
6765 11
6772 13
6778 5
6785 18
6786 15
6788 7
6791 20
6793 21
6797 20
6799 18
6800 19
6802 15
6804 10
6807 16
6809 14
6816 13
6821 17
6823 8
6827 1
6836 2
6846 3
6852 12
6858 7
6860 12
6866 11
6873 6
6881 5
6887 9
6888 9
6889 4
6896 13
6902 17
6904 11
6911 14
6917 18
6918 2
6928 8
6931 14
6938 4
6946 16
6948 13
6954 12
6960 12
6968 21
6972 2
6983 10
6984 20
6986 13
6992 1
7001 2
7010 11
7016 15
7018 9
7020 7
7023 21
7027 18
