1494
1 7
4 21
8 4
16 17
18 20
20 3
26 4
33 2
44 9
45 9
47 12
54 13
59 14
65 10
67 11
74 12
82 14
87 19
89 10
91 7
93 6
100 11
107 1
116 11
123 11
129 13
134 8
136 11
142 17
144 5
150 2
159 18
160 3
167 15
169 19
171 11
178 1
187 3
193 6
200 17
202 7
205 11
211 17
213 3
220 12
228 21
232 15
234 11
240 7
243 3
250 11
257 13
262 8
266 11
272 12
279 15
281 13
287 18
288 21
292 4
300 10
301 15
303 3
310 10
312 12
319 10
320 6
327 19
329 18
330 14
336 9
337 18
338 15
340 11
346 5
352 7
354 12
360 18
361 11
368 12
375 4
382 5
389 15
391 12
398 4
406 16
408 15
410 15
412 7
415 18
416 2
426 14
431 8
434 15
436 17
438 19
440 18
441 11
448 15
450 7
453 6
459 9
460 12
467 11
473 11
479 20
481 12
487 16
489 13
494 19
496 6
504 7
507 11
513 7
515 17
517 11
523 3
529 11
536 19
538 12
545 1
554 6
561 21
565 18
566 16
568 2
579 16
581 17
583 6
591 4
599 10
601 11
607 15
609 11
616 14
622 19
624 16
626 7
629 11
635 9
636 5
642 17
644 18
645 16
647 12
654 13
659 1
669 18
670 13
675 13
681 8
683 3
690 7
693 8
696 4
704 4
711 4
718 7
721 13
726 10
728 21
732 18
733 14
739 12
745 12
751 19
753 14
759 14
765 4
773 12
780 15
782 14
788 1
797 10
799 2
810 10
812 12
818 10
820 17
822 21
826 13
832 5
839 17
841 14
848 6
855 21
859 11
865 18
866 18
867 15
869 18
870 4
877 11
883 8
885 18
886 10
888 6
894 2
904 19
906 11
913 4
919 18
920 1
929 9
930 4
937 10
938 21
942 18
943 11
950 15
952 18
953 21
957 11
964 18
965 16
967 17
969 18
970 11
976 15
978 13
984 20
986 1
996 5
1003 16
1005 19
1007 5
1014 10
1016 11
1023 6
1030 13
1036 8
1039 11
1045 10
1047 19
1049 15
1051 4
1058 16
1060 16
1062 17
1064 19
1066 16
1068 18
1069 18
1070 18
1071 6
1078 21
1082 5
1088 14
1095 11
1101 11
1108 8
1110 15
1112 21
1116 5
1122 18
1123 11
1130 9
1132 12
1139 7
1142 14
1148 17
1150 11
1157 11
1163 11
1169 21
1173 8
1177 11
1183 9
1184 6
1191 5
1198 12
1205 11
1212 4
1218 9
1220 1
1229 4
1236 21
1240 21
1244 6
1250 12
1257 13
1262 12
1268 7
1271 14
1277 16
1279 20
1281 4
1289 14
1296 20
1298 16
1300 11
1306 13
1312 4
1318 18
1319 9
1320 8
1323 5
1329 11
1336 15
1338 21
1342 6
1350 5
1357 15
1359 12
1366 21
1370 12
1378 15
1380 11
1387 10
1389 15
1391 4
1398 16
1400 16
1402 18
1403 15
1405 20
1407 16
1409 7
1411 2
1421 11
1427 18
1428 2
1439 6
1446 20
1448 5
1455 21
1459 3
1465 3
1471 21
1475 9
1477 2
1488 14
1495 14
1500 12
1507 9
1508 12
1515 11
1522 8
1524 18
1525 10
1526 2
1536 12
1543 7
1545 2
1555 1
1564 12
1571 4
1578 9
1579 14
1586 16
1588 17
1590 6
1598 13
1604 20
1606 20
1608 16
1610 11
1617 7
1619 12
1626 3
1633 11
1639 16
1641 9
1642 11
1648 11
1654 11
1660 19
1662 9
1663 11
1669 8
1673 14
1680 11
1687 11
1693 19
1695 13
1701 18
1702 21
1706 11
1712 15
1714 13
1720 12
1727 7
1730 19
1732 6
1739 12
1745 8
1748 4
1754 11
1760 5
1767 2
1776 9
1778 12
1784 3
1790 12
1797 18
1798 16
1800 3
1806 12
1813 4
1821 2
1832 18
1833 8
1835 16
1837 14
1844 15
1846 21
1850 9
1852 14
1859 12
1866 3
1873 9
1875 18
1876 5
1883 14
1888 5
1895 14
1900 11
1906 20
1908 11
1915 15
1917 10
1919 16
1921 12
1927 11
1933 11
1939 20
1941 2
1951 15
1953 14
1958 11
1965 13
1971 1
1980 6
1987 11
1993 21
1997 11
2004 20
2006 17
2008 6
2014 20
2016 8
2019 18
2020 21
2024 11
2030 12
2036 7
2038 6
2044 9
2046 16
2048 12
2056 2
2066 16
2068 3
2074 9
2076 10
2077 11
2084 11
2090 18
2091 12
2097 19
2099 13
2105 14
2111 11
2118 19
2120 11
2126 12
2134 5
2140 8
2142 5
2148 16
2150 11
2156 6
2163 6
2171 19
2173 12
2180 12
2188 20
2190 1
2200 6
2208 9
2210 12
2217 21
2221 11
2228 20
2230 19
2232 8
2234 1
2243 1
2253 18
2254 21
2258 18
2259 18
2260 16
2262 8
2266 12
2273 18
2274 2
2284 18
2285 18
2286 12
2293 15
2295 7
2298 13
2304 14
2310 7
2313 11
2320 21
2324 6
2331 12
2337 9
2338 5
2344 19
2346 17
2348 12
2355 15
2357 13
2363 20
2365 19
2367 11
2373 20
2375 12
2383 5
2389 12
2397 10
2398 3
2404 14
2411 16
2413 18
2414 12
2421 9
2422 8
2425 11
2432 17
2434 7
2436 21
2440 18
2441 4
2448 12
2455 12
2461 18
2462 16
2464 13
2469 10
2472 12
2479 1
2489 12
2497 16
2499 20
2501 1
2510 2
2521 14
2527 2
2538 15
2540 17
2542 12
2550 7
2553 3
2560 20
2562 13
2567 14
2573 2
2584 11
2591 3
2598 19
2600 16
2602 16
2604 1
2613 12
2619 12
2625 2
2634 13
2639 12
2646 16
2648 10
2650 15
2652 12
2658 11
2664 6
2670 18
2671 17
2673 11
2679 18
2680 12
2686 21
2690 17
2692 12
2699 15
2701 19
2703 6
2710 15
2712 5
2719 6
2727 3
2733 15
2735 15
2737 3
2743 6
2749 21
2753 13
2758 13
2763 2
2773 21
2777 10
2778 11
2785 6
2792 9
2793 9
2794 13
2799 20
2801 16
2803 6
2810 8
2813 14
2820 13
2826 6
2833 9
2835 15
2837 2
2846 5
2853 9
2855 1
2865 13
2870 18
2871 18
2872 6
2880 11
2887 16
2889 15
2891 19
2893 14
2898 12
2905 12
2911 14
2916 16
2918 4
2925 4
2931 12
2938 7
2940 6
2946 4
2953 15
2955 10
2957 11
2963 9
2965 15
2967 19
2969 11
2976 4
2984 20
2986 10
2989 14
2996 5
3002 14
3007 18
3008 19
3010 15
3012 9
3013 13
3018 4
3025 8
3029 6
3035 4
3043 16
3045 14
3050 17
3052 2
3063 6
3070 5
3076 10
3078 17
3080 1
3090 15
3092 16
3094 6
3102 4
3110 2
3120 10
3122 10
3124 7
3127 6
3134 8
3137 12
3144 15
3146 14
3153 11
3160 16
3162 8
3166 13
3171 18
3172 8
3175 11
3181 10
3183 13
3188 6
3194 11
3200 2
3210 18
3211 18
3212 1
3221 13
3227 12
3234 19
3236 6
3244 13
3249 12
3256 9
3257 16
3259 15
3261 1
3270 12
3277 6
3284 19
3286 18
3287 18
3288 17
3290 5
3296 11
3302 11
3309 4
3315 12
3322 16
3324 5
3330 9
3332 13
3338 11
3345 8
3348 17
3350 13
3355 18
3356 4
3363 10
3366 11
3372 12
3379 7
3381 8
3385 19
3387 17
3389 6
3395 10
3396 18
3397 11
3403 12
3409 3
3416 11
3422 15
3424 13
3429 12
3436 21
3440 15
3442 11
3448 6
3455 15
3457 1
3467 21
3471 1
3480 7
3483 1
3492 5
3499 12
3505 2
3515 10
3517 2
3526 11
3532 19
3534 2
3544 4
3550 3
3557 2
3566 12
3573 21
3577 4
3584 16
3586 17
3588 4
3595 9
3596 11
3602 11
3608 14
3614 12
3622 11
3629 1
3639 17
3641 2
3651 19
3653 1
3663 7
3666 12
3673 17
3675 17
3677 9
3679 10
3682 12
3688 9
3689 12
3696 11
3703 5
3709 11
3716 19
3718 15
3720 19
3722 15
3724 3
3731 2
3740 21
3744 12
3750 3
3756 5
3763 18
3764 9
3765 9
3767 12
3775 18
3776 9
3778 11
3785 20
3787 15
3789 21
3793 18
3794 11
3800 7
3802 12
3809 11
3816 12
3822 13
3827 12
3834 9
3836 14
3843 6
3851 11
3857 11
3863 20
3865 10
3868 12
3876 9
3877 3
3883 6
3890 11
3897 18
3898 7
3901 4
3909 10
3911 20
3913 4
3921 5
3927 15
3929 12
3937 13
3943 13
3948 18
3949 1
3958 18
3959 7
3961 4
3969 11
3975 20
3977 12
3984 12
3990 12
3996 5
4003 12
4010 18
4011 8
4014 1
4023 6
4029 14
4035 4
4042 11
4049 2
4059 13
4064 4
4072 15
4074 19
4076 12
4082 11
4089 10
4090 7
4093 13
4099 2
4108 10
4111 15
4113 9
4114 15
4116 3
4122 10
4124 14
4130 1
4140 11
4147 6
4153 2
4163 14
4170 8
4173 13
4178 18
4179 15
4181 2
4192 14
4198 4
4204 14
4210 17
4212 12
4218 15
4220 15
4222 21
4226 20
4228 12
4235 18
4236 11
4243 12
4251 6
4257 4
4265 6
4271 2
4281 21
4285 15
4287 2
4298 8
4302 18
4303 18
4304 11
4310 15
4312 17
4314 12
4320 9
4322 9
4324 4
4331 5
4338 4
4346 11
4353 11
4359 8
4362 21
4366 12
4373 13
4379 11
4385 3
4391 9
4392 19
4394 5
4400 9
4402 18
4403 5
4409 17
4411 4
4419 11
4426 19
4428 15
4430 9
4432 6
4438 21
4442 11
4448 16
4450 17
4452 7
4454 11
4461 1
4471 1
4481 5
4488 14
4493 20
4495 5
4502 6
4508 18
4509 16
4511 19
4513 6
4520 12
4526 13
4531 14
4538 20
4540 12
4547 21
4551 2
4561 5
4568 11
4575 15
4577 15
4579 18
4580 2
4591 7
4593 3
4599 7
4602 15
4604 5
4610 17
4612 8
4615 21
4619 17
4621 3
4628 8
4631 16
4633 6
4640 4
4647 21
4651 15
4653 6
4660 16
4662 12
4668 20
4670 15
4672 15
4674 15
4676 6
4682 8
4685 18
4686 16
4688 19
4690 8
4694 2
4704 10
4706 19
4708 15
4710 12
4717 18
4718 16
4720 21
4724 7
4727 9
4728 15
4730 12
4737 5
4744 3
4751 18
4752 15
4754 2
4763 10
4765 13
4771 12
4778 1
4788 6
4794 16
4796 12
4804 7
4806 9
4808 13
4814 21
4818 11
4824 17
4826 12
4834 17
4836 18
4837 11
4843 12
4850 11
4856 11
4863 3
4869 20
4871 15
4873 19
4875 19
4877 21
4881 11
4887 17
4889 14
4894 9
4896 9
4898 5
4905 9
4907 11
4914 7
4916 3
4922 15
4924 1
4933 5
4940 7
4943 12
4951 8
4954 19
4956 8
4959 2
4968 20
4970 19
4972 19
4974 5
4980 12
4987 17
4989 7
4991 17
4993 2
5002 18
5003 21
5007 1
5016 12
5023 9
5024 12
5031 9
5032 5
5038 11
5045 9
5047 5
5054 6
5061 15
5063 20
5065 16
5067 3
5074 8
5078 4
5085 13
5090 4
5097 13
5103 6
5110 10
5111 9
5112 8
5114 16
5116 14
5122 12
5129 17
5131 10
5132 3
5139 21
5143 11
5149 7
5151 16
5153 21
5157 16
5159 6
5166 5
5172 12
5179 19
5181 14
5187 3
5194 5
5200 18
5201 9
5202 21
5206 13
5211 1
5220 5
5226 12
5233 12
5241 1
5251 21
5255 14
5262 3
5269 12
5275 3
5281 2
5291 6
5298 7
5300 17
5302 12
5310 12
5318 18
5319 10
5321 6
5329 5
5335 6
5342 11
5349 20
5351 19
5353 12
5360 4
5368 15
5370 11
5377 18
5378 19
5380 18
5381 11
5388 10
5390 20
5392 14
5397 14
5402 15
5404 8
5407 18
5408 13
5414 11
5421 7
5424 11
5431 11
5438 9
5440 20
5442 15
5444 8
5446 4
5453 2
5464 10
5466 12
5473 16
5475 11
5482 2
5491 20
5493 12
5501 10
5502 18
5503 5
5510 16
5512 9
5513 12
5521 19
5523 13
5529 15
5531 3
5538 13
5543 1
5553 3
5560 8
5563 2
5574 4
5580 18
5581 10
5583 8
5586 15
5588 4
5595 19
5597 5
5603 10
5604 14
5610 11
5616 19
5618 21
5622 2
5631 19
5633 7
5635 18
5636 16
5638 6
5644 5
5651 12
5659 9
5660 18
5661 11
5667 12
5674 5
5680 12
5688 15
5690 12
5698 21
5702 1
5711 10
5714 9
5716 6
5722 17
5724 9
5726 11
5732 18
5733 11
5740 15
5742 11
5748 17
5750 21
5754 18
5755 17
5757 11
5763 14
5768 6
5775 17
5777 10
5778 11
5784 1
5793 14
5799 11
5805 17
5807 19
5809 17
5811 5
5818 1
5828 19
5830 1
5839 12
5846 6
5853 18
5854 15
5856 13
5861 13
5866 4
5874 14
5880 16
5882 5
5889 12
5897 15
5899 11
5906 18
5907 8
5909 3
5916 11
5922 15
5924 17
5926 18
5927 7
5930 6
5937 9
5939 12
5946 21
5950 18
5951 4
5959 16
5961 21
5965 11
5972 11
5978 11
5985 14
5990 15
5992 21
5996 12
6004 15
6006 5
6012 4
6019 2
6030 17
6032 18
6033 11
6040 6
6047 6
6053 4
6060 3
6066 1
6076 8
6078 3
6085 6
6091 5
6097 12
6104 16
6106 15
6108 18
6109 13
6115 12
6123 11
6129 6
6137 4
6144 4
6152 19
6154 17
6156 14
6161 7
6164 18
6165 12
6172 3
6178 13
6183 21
6187 6
6194 12
6201 21
6205 3
6211 8
6214 10
6215 10
6217 14
6222 11
6229 13
6234 2
6245 16
6247 12
6254 8
6257 9
6259 3
6265 4
6272 18
6273 12
6280 19
6282 16
6284 5
6290 12
6298 14
6304 10
6306 12
6312 12
6319 12
6326 17
6328 12
6336 14
6342 16
6344 18
6345 2
6356 15
6358 5
6364 9
6365 13
6370 11
6377 12
6384 11
6390 9
6391 21
6395 15
6397 2
6407 12
6415 2
6425 8
6428 12
6435 11
6441 11
6447 10
6449 4
6455 5
6462 1
6472 21
6476 9
6478 9
6480 2
6491 15
6493 2
6502 11
6508 8
6512 8
6516 8
6519 7
6521 12
6527 11
6533 19
6535 8
6537 20
6539 1
6549 11
6556 6
6562 17
6564 1
6574 10
6576 9
6578 7
6581 21
6585 20
6587 4
6595 13
6601 14
6608 8
6610 21
6614 11
6621 19
6623 12
6630 21
6634 19
6636 10
6639 15
6641 1
6650 17
6652 16
6654 21
6658 21
6662 6
6668 11
6675 19
6677 14
6682 12
6689 12
6696 18
6697 11
6703 9
6704 20
6706 11
6712 18
6713 3
6720 16
6722 17
6724 12
6731 21
6735 1
6745 5
6752 16
6754 12
6762 11
6769 12
6776 6
6783 16
6785 9
6786 15
6788 12
6795 15
6797 5
6803 13
6808 16
6810 17
6812 9
6813 17
6815 9
6816 7
6818 1
6828 10
6831 1
6840 21
6844 16
6846 11
6853 12
6860 14
6865 17
6867 12
6874 18
6875 4
6883 11
6890 8
6893 13
6898 3
6905 11
6912 11
6918 12
6924 4
6931 7
6933 11
6939 6
6946 1
6955 19
6957 11
6963 17
6965 11
6971 18
