1494
1 17
3 13
8 11
14 19
16 19
18 20
20 9
21 14
27 18
28 21
32 18
33 18
34 12
42 2
52 17
54 2
64 20
66 13
71 3
77 18
78 21
82 11
88 11
95 21
99 12
106 11
113 3
119 12
126 12
134 11
140 11
146 19
148 1
158 8
160 18
161 3
167 5
174 7
177 2
186 11
192 1
202 12
210 20
212 5
218 20
220 5
227 16
229 4
236 6
243 11
249 15
251 11
258 18
259 6
267 7
269 11
275 16
277 12
284 11
291 7
294 6
300 21
304 16
306 16
308 8
310 6
316 16
318 11
325 11
331 21
335 8
338 9
340 14
345 1
355 14
360 5
367 11
373 4
379 18
380 7
383 16
385 15
387 17
389 19
391 3
398 11
405 17
407 13
413 15
415 11
421 7
424 21
428 12
435 11
442 15
444 4
451 11
458 11
465 8
469 15
471 7
473 2
484 9
486 18
487 11
493 15
495 8
499 11
505 14
511 11
517 18
518 20
520 13
525 21
529 15
531 17
533 6
540 5
547 19
549 5
555 16
557 18
558 14
563 13
569 1
579 12
587 18
588 3
594 2
604 21
608 12
615 5
622 13
627 12
634 18
635 15
637 5
643 7
645 12
652 11
659 16
661 13
666 6
672 20
674 2
685 19
687 3
694 1
703 3
709 3
716 21
720 4
728 20
730 15
732 20
734 18
735 11
741 8
745 19
747 20
749 19
751 5
757 3
763 9
765 5
772 3
779 14
785 3
791 5
798 11
805 11
812 6
820 3
827 13
833 11
840 1
849 18
850 21
854 11
861 6
868 6
875 13
881 21
885 3
892 12
900 11
906 7
909 8
911 6
918 20
920 11
927 14
933 13
938 11
945 14
950 11
956 19
958 18
959 12
966 8
970 14
976 7
978 8
980 12
988 19
990 12
997 21
1001 12
1009 6
1015 5
1022 12
1028 19
1030 4
1036 16
1038 9
1040 6
1046 1
1056 4
1063 12
1070 12
1077 3
1083 1
1093 17
1095 10
1097 12
1104 3
1111 14
1117 11
1123 15
1125 11
1132 9
1133 11
1139 7
1142 21
1146 12
1153 8
1157 21
1161 11
1168 14
1174 18
1175 3
1181 19
1183 12
1191 18
1192 12
1198 7
1201 2
1212 11
1218 7
1221 12
1228 15
1230 7
1233 7
1236 14
1242 3
1249 12
1256 4
1264 12
1271 19
1273 12
1280 11
1286 9
1287 8
1290 13
1296 8
1299 18
1300 9
1301 12
1307 7
1309 12
1317 16
1319 18
1320 15
1322 12
1328 8
1330 10
1332 18
1333 16
1335 11
1342 20
1344 4
1351 11
1357 14
1364 18
1365 7
1368 6
1374 7
1376 1
1385 10
1387 5
1394 11
1401 19
1403 6
1411 18
1412 20
1414 12
1421 17
1423 4
1429 11
1436 20
1438 8
1442 21
1446 18
1447 13
1453 11
1460 18
1461 4
1467 17
1469 11
1476 4
1483 8
1486 10
1487 11
1494 15
1496 8
1498 9
1500 12
1507 18
1508 11
1514 5
1520 12
1526 11
1533 9
1535 16
1537 17
1539 11
1546 12
1553 14
1558 1
1568 3
1575 11
1581 12
1589 12
1596 11
1603 3
1610 1
1620 12
1626 2
1637 12
1644 11
1651 7
1653 4
1660 8
1664 11
1670 19
1672 11
1678 1
1687 17
1689 20
1691 3
1698 12
1705 11
1712 1
1722 18
1723 15
1725 18
1726 11
1732 7
1735 8
1739 8
1742 3
1748 18
1749 6
1755 12
1761 3
1767 4
1774 6
1781 3
1787 21
1791 11
1798 17
1800 5
1806 18
1807 9
1808 6
1816 3
1823 18
1824 6
1831 17
1833 14
1839 10
1841 12
1847 18
1848 12
1854 15
1856 12
1864 17
1866 8
1869 11
1875 4
1883 21
1887 11
1894 14
1901 11
1908 1
1917 12
1924 6
1931 14
1937 15
1939 20
1941 9
1943 3
1949 12
1956 15
1958 2
1967 11
1974 9
1976 18
1977 11
1983 9
1985 2
1995 9
1996 1
2006 15
2008 11
2014 3
2020 2
2031 13
2037 9
2038 11
2044 5
2050 17
2052 18
2053 8
2056 11
2062 5
2068 12
2074 17
2076 11
2083 18
2084 11
2091 11
2097 16
2099 1
2109 12
2115 14
2121 12
2129 14
2134 6
2142 12
2149 11
2156 17
2158 18
2159 11
2166 4
2173 2
2184 13
2189 5
2195 2
2206 17
2208 20
2210 7
2213 6
2220 6
2228 16
2230 13
2235 20
2237 18
2238 16
2240 5
2246 9
2248 9
2250 1
2260 17
2262 15
2264 12
2270 11
2276 16
2278 12
2285 15
2287 3
2293 10
2295 4
2302 16
2304 1
2314 16
2316 12
2323 18
2324 20
2326 11
2332 4
2338 2
2348 10
2349 3
2356 10
2357 11
2364 18
2365 7
2367 5
2373 1
2383 6
2390 6
2397 5
2404 2
2414 11
2420 1
2429 9
2430 3
2437 10
2440 11
2447 6
2454 5
2460 2
2471 10
2472 21
2476 1
2485 13
2490 5
2496 1
2506 5
2513 14
2519 9
2520 13
2526 7
2528 15
2530 11
2537 11
2544 21
2548 8
2552 13
2558 10
2560 9
2562 3
2568 3
2575 18
2576 5
2582 12
2588 11
2595 12
2602 14
2608 12
2615 3
2621 18
2622 20
2624 10
2626 20
2628 9
2630 8
2633 3
2640 12
2648 17
2650 20
2652 6
2660 11
2667 10
2669 6
2675 18
2676 10
2678 12
2684 2
2695 4
2702 11
2709 13
2714 5
2720 11
2726 21
2730 18
2731 4
2738 10
2739 9
2740 20
2742 17
2744 3
2750 11
2756 12
2764 19
2766 3
2773 8
2776 9
2777 12
2784 13
2790 18
2791 12
2798 21
2802 20
2804 6
2812 8
2816 8
2819 11
2826 5
2832 17
2834 12
2841 3
2847 2
2857 16
2859 6
2865 3
2872 12
2879 17
2881 11
2887 3
2894 17
2896 9
2897 4
2904 11
2910 12
2917 6
2924 11
2930 2
2939 6
2946 13
2952 10
2955 10
2957 12
2965 17
2967 12
2973 9
2974 8
2977 15
2979 1
2989 18
2990 18
2991 11
2998 11
3005 19
3007 11
3013 5
3019 15
3021 17
3023 19
3025 19
3027 2
3036 9
3037 11
3044 4
3052 15
3054 5
3061 11
3068 21
3072 14
3078 12
3084 6
3090 14
3096 2
3105 16
3107 7
3110 4
3117 12
3124 5
3130 15
3132 12
3140 12
3147 12
3153 10
3155 11
3161 6
3169 8
3172 5
3178 11
3184 10
3186 13
3191 18
3192 11
3198 11
3205 20
3207 11
3214 7
3216 6
3224 1
3233 1
3242 17
3244 15
3246 2
3256 15
3258 11
3265 1
3275 9
3276 11
3283 15
3285 4
3291 13
3297 12
3303 2
3312 6
3318 4
3325 12
3332 11
3338 11
3345 18
3346 1
3356 12
3363 13
3369 17
3371 11
3378 5
3384 20
3386 11
3392 12
3399 15
3401 21
3405 14
3411 21
3415 20
3417 1
3426 7
3428 12
3434 21
3438 16
3440 10
3441 12
3448 15
3450 1
3460 4
3466 4
3474 16
3476 2
3487 10
3488 13
3494 3
3500 13
3505 14
3511 10
3512 11
3519 9
3520 19
3522 12
3529 13
3534 2
3543 16
3545 5
3552 6
3559 21
3563 15
3565 19
3567 14
3573 2
3582 10
3584 12
3591 5
3598 3
3604 1
3613 20
3615 6
3622 5
3629 5
3636 7
3638 1
3647 18
3648 18
3649 5
3655 19
3657 12
3664 12
3670 12
3677 17
3679 2
3689 16
3691 8
3695 7
3698 20
3700 8
3703 5
3710 20
3712 10
3714 11
3721 5
3727 9
3729 18
3730 17
3732 11
3739 9
3740 10
3743 13
3749 6
3756 5
3762 4
3768 10
3770 11
3777 17
3779 16
3781 11
3787 15
3789 11
3796 13
3802 20
3804 21
3808 9
3810 12
3816 18
3817 18
3818 5
3825 17
3827 7
3829 3
3835 15
3837 8
3839 6
3846 1
3855 5
3861 4
3868 3
3874 14
3880 20
3882 14
3887 12
3895 18
3896 5
3902 12
3909 18
3910 16
3912 5
3918 12
3926 19
3928 13
3933 18
3934 18
3935 10
3937 10
3939 16
3941 15
3943 12
3950 12
3958 9
3959 8
3961 12
3968 5
3974 12
3982 16
3984 6
3991 16
3993 18
3994 11
4001 6
4009 11
4015 17
4017 6
4023 14
4030 18
4031 20
4033 21
4037 11
4044 16
4046 10
4048 8
4050 6
4058 5
4064 15
4066 12
4072 21
4076 18
4077 3
4083 12
4091 11
4098 7
4101 9
4102 17
4104 12
4110 2
4121 15
4123 11
4129 3
4135 10
4138 10
4140 13
4146 15
4148 21
4152 1
4161 14
4168 9
4170 13
4175 19
4177 13
4183 11
4190 12
4198 12
4205 21
4209 17
4211 11
4218 12
4225 8
4228 1
4237 21
4241 19
4243 6
4251 15
4253 5
4259 17
4261 11
4268 4
4274 11
4280 16
4282 18
4283 15
4285 11
4292 15
4294 18
4295 2
4306 18
4307 17
4309 14
4315 18
4316 11
4323 12
4330 1
4340 13
4345 13
4350 13
4356 7
4359 2
4370 12
4377 1
4387 11
4394 14
4399 8
4402 12
4409 10
4411 2
4421 15
4423 15
4425 11
4431 2
4441 1
4450 7
4453 7
4455 5
4462 13
4467 11
4473 16
4475 12
4481 9
4483 5
4489 17
4491 11
4497 12
4504 7
4506 1
4516 12
4524 8
4526 2
4536 16
4538 14
4544 1
4554 12
4561 3
4567 15
4569 19
4571 18
4572 11
4579 2
4589 16
4591 11
4598 11
4605 5
4612 12
4619 1
4628 21
4632 13
4638 6
4644 4
4651 11
4658 7
4660 15
4662 12
4668 16
4670 13
4676 16
4678 18
4679 10
4681 18
4682 8
4686 7
4689 8
4691 10
4692 16
4694 19
4696 15
4698 11
4704 21
4708 20
4710 17
4712 21
4716 11
4722 20
4724 11
4731 18
4732 12
4738 11
4744 12
4751 8
4754 4
4761 17
4763 17
4765 6
4771 12
4778 13
4784 13
4790 15
4792 19
4794 4
4801 1
4810 17
4812 16
4814 19
4816 3
4823 10
4825 15
4827 18
4828 1
4838 2
4849 1
4859 12
4866 1
4875 15
4877 9
4879 11
4885 2
4895 21
4899 19
4901 16
4903 6
4910 12
4916 17
4918 5
4924 12
4932 13
4937 16
4939 21
4943 7
4946 2
4956 21
4960 11
4966 10
4968 9
4969 15
4971 7
4974 20
4976 12
4983 15
4985 18
4986 12
4992 11
4998 8
5001 11
5008 15
5010 15
5012 2
5021 16
5023 2
5034 11
5041 8
5043 19
5045 8
5048 1
5058 14
5064 11
5070 17
5072 15
5074 7
5077 12
5084 7
5087 14
5094 17
5096 17
5098 21
5102 10
5104 17
5106 15
5108 21
5112 18
5113 7
5116 3
5122 18
5123 17
5125 14
5130 12
5136 18
5137 11
5143 15
5145 21
5149 6
5156 18
5157 1
5166 1
5176 18
5177 12
5184 7
5186 12
5193 2
5204 21
5208 12
5216 17
5218 2
5229 18
5230 16
5232 16
5234 7
5237 21
5241 14
5247 3
5253 6
5259 20
5261 1
5270 18
5271 11
5277 13
5282 4
5289 3
5296 8
5299 6
5306 18
5307 10
5310 18
5311 11
5317 12
5324 12
5331 10
5332 1
5341 1
5351 10
5353 16
5355 3
5361 12
5368 20
5370 11
5377 8
5380 7
5383 8
5386 12
5394 11
5400 8
5403 12
5410 2
5419 19
5421 9
5423 16
5425 21
5429 8
5431 19
5433 3
5440 8
5443 13
5449 11
5456 15
5458 11
5464 9
5465 5
5471 7
5474 10
5475 6
5482 3
5489 13
5495 12
5501 19
5503 17
5505 16
5507 12
5515 15
5517 6
5525 20
5527 10
5530 18
5531 5
5537 20
5539 12
5545 15
5547 11
5554 4
5562 15
5564 14
5571 2
5581 19
5583 12
5591 4
5597 12
5605 18
5606 18
5607 19
5609 9
5611 18
5612 11
5619 11
5626 12
5633 19
5635 3
5642 7
5645 6
5651 16
5653 15
5655 9
5657 10
5659 12
5666 11
5673 11
5680 1
5690 7
5693 12
5701 5
5708 16
5710 11
5717 14
5723 3
5729 10
5732 8
5735 16
5737 16
5739 11
5746 3
5752 14
5757 12
5765 11
5771 7
5773 15
5775 11
5781 9
5783 2
5792 10
5795 13
5801 9
5803 7
5805 12
5813 1
5823 9
5825 2
5835 15
5837 20
5839 14
5845 18
5846 5
5852 17
5854 14
5860 17
5862 3
5869 2
5880 3
5886 6
5894 11
5901 15
5903 18
5904 18
5905 1
5915 3
5922 17
5924 19
5926 6
5932 10
5934 16
5936 1
5946 16
5948 8
5952 3
5959 9
5960 12
5967 2
5978 12
5984 7
5987 1
5997 17
5999 6
6006 18
6007 11
6013 11
6020 17
6022 13
6027 11
6034 17
6036 16
6038 11
6045 11
6052 1
6062 4
6070 18
6071 12
6078 15
6080 13
6086 1
6096 7
6098 7
6101 10
6102 18
6103 11
6110 4
6116 4
6123 5
6130 20
6132 8
6136 11
6142 14
6148 4
6155 18
6156 9
6157 12
6164 21
6168 20
6170 12
6176 12
6184 12
6190 14
6196 18
6197 12
6204 16
6206 18
6207 11
6214 18
6215 19
6217 3
6223 18
6224 14
6231 7
6233 6
6239 11
6246 18
6247 15
6249 12
6256 19
6258 17
6260 20
6262 10
6265 16
6267 17
6269 1
6279 13
6285 1
6294 10
6296 20
6298 2
6309 11
6316 6
6323 7
6325 7
6328 10
6331 16
6333 12
6340 2
6349 12
6355 21
6359 11
6365 11
6372 7
6374 5
6381 21
6385 11
6392 5
6398 20
6400 2
6411 10
6413 18
6414 12
6420 21
6424 4
6430 21
6434 21
6438 10
6439 3
6445 12
6452 7
6455 12
6462 11
6469 11
6475 10
6478 5
6484 20
6486 16
6488 18
6489 14
6495 1
6504 9
6505 11
6512 9
6514 10
6517 8
6520 12
6528 17
6530 9
6531 11
6537 12
6545 18
6546 17
6548 18
6549 2
6559 11
6565 19
6567 20
6569 14
6576 15
6578 15
6580 12
6587 9
6589 19
6591 13
6597 13
6602 12
6608 6
6616 21
6620 21
6624 11
6630 12
6637 19
6639 15
6641 11
6648 18
6649 14
6656 10
6658 7
6660 1
6669 7
6671 20
6673 11
6680 1
6690 4
6697 11
6704 18
6705 1
6714 2
6724 18
6725 9
6727 1
6736 8
6740 17
6742 15
6744 12
6751 17
6753 11
6759 6
6767 11
6774 18
6775 2
6784 1
6793 3
6799 9
6801 11
6807 6
6815 12
6823 9
6825 12
6832 11
6839 15
6841 19
6843 1
6852 12
6860 1
6870 18
6871 12
6878 21
6882 19
6884 18
6885 19
6887 15
6889 9
6891 4
6899 19
6901 13
6906 14
6912 2
6922 12
6930 4
6936 8
6940 13
6946 11
6952 20
6954 17
6956 13
6962 8
6964 1
6974 3
6980 7
6982 5
6989 15
6991 4
6997 12
7005 17
7007 15
7009 20
7011 7
7014 15
7016 19
7018 18
7019 19
7021 15
7023 20
7025 15
7027 9
7029 17
7031 15
7033 18
7034 6
7041 13
7047 8
7050 1
7059 3
7066 19
7068 13
7074 7
7076 13
7081 19
7083 14
7089 9
7090 6
7097 15
7099 11
7105 17
7107 4
7114 12
7121 11
7127 13
