1494
1 11
8 13
14 16
16 2
25 7
27 7
30 5
36 12
43 11
49 15
51 11
58 19
60 11
66 17
68 4
76 11
82 16
84 11
91 15
93 14
99 4
106 20
108 2
117 15
119 16
121 7
124 5
131 18
132 5
139 18
140 7
142 20
144 18
145 7
148 10
151 13
156 3
163 1
172 11
178 12
185 8
187 2
197 11
204 9
206 2
216 12
223 5
230 13
236 15
238 17
240 3
247 2
258 18
259 4
266 12
273 20
275 10
276 3
282 21
286 6
293 11
299 2
308 11
315 16
317 19
319 9
320 13
326 5
333 3
339 6
347 14
354 11
360 10
362 21
366 18
367 12
375 12
381 14
387 7
390 6
398 5
405 11
412 8
416 11
423 15
425 12
431 12
438 20
440 19
442 2
453 3
459 13
464 19
466 21
470 20
472 7
474 6
481 6
487 5
493 19
495 17
497 9
498 15
500 11
506 2
515 11
521 1
531 11
538 10
541 19
543 2
552 19
554 11
561 16
563 12
570 17
572 18
573 16
575 1
584 15
586 19
588 17
590 12
597 4
605 14
610 19
612 10
614 17
616 20
618 16
620 1
630 1
639 4
647 8
651 16
653 15
655 16
657 10
659 4
667 12
673 10
676 13
682 6
690 13
696 10
698 17
700 16
702 12
709 12
716 7
718 13
724 12
732 11
739 18
740 10
742 9
743 15
745 2
755 14
761 21
765 11
772 9
774 7
776 1
785 11
791 13
796 17
798 3
805 10
807 3
814 7
816 18
817 12
823 16
825 1
835 20
837 20
839 7
841 21
845 1
855 9
856 15
858 18
859 13
864 9
865 3
872 4
878 1
888 10
890 12
897 20
899 12
907 6
914 11
921 10
923 18
924 10
926 12
934 12
942 9
943 8
947 11
953 7
955 12
961 19
963 6
970 7
972 17
974 9
976 12
983 17
985 10
987 15
989 3
995 10
996 19
998 5
1004 8
1007 6
1015 17
1017 15
1019 13
1025 20
1027 12
1034 8
1037 11
1043 19
1045 20
1047 3
1054 10
1056 2
1065 11
1072 21
1076 5
1083 12
1090 9
1091 6
1098 11
1105 11
1111 13
1116 13
1121 20
1123 11
1129 13
1134 16
1136 3
1143 9
1144 20
1146 20
1148 7
1151 7
1153 16
1155 11
1162 14
1168 1
1177 5
1183 21
1187 5
1193 12
1201 7
1204 12
1211 12
1217 8
1219 21
1223 2
1233 14
1240 19
1242 8
1245 10
1246 16
1248 5
1254 10
1256 16
1258 7
1260 18
1261 8
1264 10
1266 8
1268 7
1270 16
1272 3
1278 9
1279 9
1280 11
1286 7
1288 18
1289 3
1296 9
1297 1
1306 6
1312 11
1318 9
1319 2
1329 1
1339 11
1345 11
1352 12
1358 6
1365 8
1368 16
1370 21
1374 21
1378 6
1384 15
1386 14
1393 21
1397 15
1399 4
1406 2
1416 13
1422 7
1425 9
1426 20
1428 3
1435 11
1442 16
1444 1
1453 11
1460 12
1466 11
1473 18
1474 11
1480 20
1482 2
1492 10
1493 18
1494 9
1496 15
1498 17
1500 18
1501 12
1508 6
1516 15
1518 15
1520 15
1522 18
1523 6
1529 11
1536 7
1538 14
1544 18
1545 11
1551 17
1553 16
1555 11
1561 7
1564 21
1568 9
1569 19
1571 6
1579 12
1585 14
1592 20
1594 12
1601 5
1608 9
1610 18
1611 16
1613 5
1619 18
1620 14
1627 3
1634 18
1635 19
1637 21
1641 18
1642 2
1652 18
1653 10
1655 10
1657 18
1658 8
1661 11
1668 6
1676 8
1680 1
1690 2
1699 13
1705 6
1712 9
1714 7
1717 6
1724 18
1725 2
1736 1
1745 21
1749 18
1750 19
1752 21
1756 18
1757 16
1759 18
1760 4
1768 12
1774 21
1778 14
1785 17
1787 7
1789 17
1791 3
1797 5
1803 21
1807 10
1809 2
1819 3
1825 16
1827 11
1834 12
1841 1
1850 14
1857 21
1861 10
1862 15
1864 20
1866 9
1868 5
1875 11
1881 18
1882 18
1883 20
1885 11
1892 5
1898 13
1904 11
1910 11
1917 3
1924 14
1931 15
1933 18
1934 12
1942 3
1949 12
1955 12
1962 4
1969 15
1971 6
1977 8
1980 11
1986 18
1987 11
1994 18
1995 21
1999 12
2007 19
2009 11
2015 11
2022 15
2024 12
2031 6
2037 12
2043 1
2052 16
2054 11
2061 12
2069 18
2070 18
2071 17
2073 7
2076 12
2083 5
2089 20
2091 19
2093 16
2095 21
2099 18
2100 12
2108 15
2110 20
2112 1
2122 18
2123 15
2125 6
2132 2
2142 19
2144 10
2145 11
2152 18
2153 13
2159 10
2161 18
2162 4
2168 1
2177 1
2187 11
2193 20
2195 9
2197 12
2204 11
2210 18
2211 15
2213 17
2215 9
2216 19
2218 21
2222 11
2229 12
2236 17
2238 12
2246 13
2251 4
2258 15
2260 16
2262 12
2270 14
2275 15
2277 13
2283 4
2290 8
2294 11
2300 3
2307 7
2309 16
2311 12
2318 7
2320 1
2329 3
2336 6
2343 11
2349 15
2351 12
2359 14
2366 14
2371 17
2373 6
2379 11
2386 10
2387 21
2391 12
2398 13
2404 12
2411 18
2412 11
2418 14
2425 18
2426 3
2433 16
2435 11
2441 5
2448 13
2453 11
2459 18
2460 12
2467 11
2473 2
2484 2
2495 11
2501 11
2508 11
2515 21
2519 13
2525 13
2531 11
2538 7
2540 16
2542 1
2551 19
2553 5
2560 3
2566 11
2572 12
2578 21
2582 9
2583 11
2590 9
2591 4
2598 16
2600 20
2602 21
2606 5
2612 1
2621 18
2622 2
2632 8
2636 21
2640 8
2643 21
2647 3
2654 16
2656 4
2662 5
2668 9
2669 12
2676 4
2683 15
2685 17
2687 17
2689 2
2699 19
2701 12
2707 18
2708 10
2710 4
2717 7
2720 11
2727 18
2728 14
2733 16
2735 16
2737 11
2743 11
2749 15
2751 12
2758 18
2759 18
2760 8
2764 11
2770 12
2777 21
2781 4
2788 5
2794 11
2800 20
2802 2
2813 15
2815 20
2817 18
2818 9
2820 10
2822 11
2829 16
2831 1
2841 11
2847 9
2849 21
2853 6
2860 21
2864 11
2871 12
2878 14
2883 18
2884 9
2886 20
2888 12
2894 3
2900 21
2904 7
2907 4
2914 1
2924 3
2930 21
2934 7
2936 1
2946 6
2952 21
2956 13
2962 12
2969 10
2972 21
2976 5
2982 2
2992 11
2998 5
3005 18
3006 12
3013 12
3020 21
3024 3
3031 6
3037 4
3045 11
3051 19
3053 8
3055 20
3057 13
3063 4
3070 19
3072 8
3075 4
3081 21
3085 6
3092 5
3098 11
3104 12
3112 12
3119 11
3126 12
3132 7
3134 15
3136 6
3142 3
3148 12
3155 11
3162 19
3164 8
3167 1
3177 13
3182 16
3184 21
3188 8
3190 12
3197 18
3198 1
3207 11
3214 1
3223 18
3224 11
3230 19
3232 11
3239 13
3244 18
3245 1
3254 6
3260 21
3264 2
3274 4
3282 10
3285 9
3286 6
3293 11
3300 12
3307 13
3312 15
3314 11
3321 11
3327 1
3337 15
3339 11
3345 18
3346 3
3353 18
3354 14
3360 2
3370 19
3372 5
3378 20
3380 7
3382 19
3384 7
3386 6
3393 13
3398 10
3400 15
3402 8
3405 8
3408 5
3414 21
3418 6
3425 11
3432 21
3436 20
3438 16
3440 2
3451 12
3458 14
3463 18
3464 1
3473 20
3475 21
3479 16
3481 5
3487 10
3488 11
3495 11
3501 5
3507 12
3515 17
3517 21
3521 7
3524 11
3531 19
3533 6
3539 5
3545 9
3546 15
3548 10
3550 15
3552 11
3558 21
3562 12
3569 16
3571 11
3577 19
3579 12
3587 12
3595 2
3605 15
3607 9
3608 8
3610 1
3620 11
3627 20
3629 9
3630 14
3637 5
3644 19
3646 18
3647 18
3648 14
3653 17
3655 11
3661 1
3671 10
3674 3
3681 7
3684 14
3690 10
3692 5
3699 12
3707 2
3717 11
3724 4
3730 15
3732 2
3741 1
3750 6
3757 1
3767 20
3769 13
3774 15
3776 18
3777 18
3778 12
3786 6
3793 1
3802 7
3805 9
3807 2
3816 1
3825 19
3827 21
3831 20
3833 21
3837 5
3843 3
3850 4
3857 14
3862 13
3867 18
3868 11
3874 4
3880 4
3888 13
3893 9
3894 13
3900 18
3901 15
3903 1
3913 13
3918 12
3925 11
3932 19
3934 10
3936 11
3943 16
3945 20
3947 16
3949 10
3951 18
3952 6
3958 1
3967 21
3971 15
3973 11
3979 5
3985 2
3995 14
4002 3
4009 16
4011 12
4017 2
4027 14
4034 18
4035 7
4038 20
4040 21
4044 2
4054 15
4056 11
4062 8
4064 12
4071 18
4072 9
4074 9
4075 8
4078 6
4084 11
4090 12
4097 11
4104 16
4106 15
4108 12
4114 14
4121 11
4127 19
4129 15
4131 15
4133 9
4135 4
4143 11
4149 5
4155 12
4162 11
4168 12
4175 11
4182 14
4187 16
4189 12
4196 9
4198 10
4199 12
4205 13
4210 6
4217 8
4221 1
4231 1
4241 4
4248 10
4250 21
4254 14
4261 10
4264 10
4267 18
4268 6
4274 18
4275 11
4281 3
4287 2
4297 3
4303 16
4305 11
4312 5
4318 20
4320 3
4327 12
4334 9
4335 6
4343 17
4345 14
4351 2
4361 14
4367 15
4369 8
4371 18
4372 8
4375 15
4377 13
4382 21
4386 13
4392 7
4395 12
4402 17
4404 2
4413 11
4419 9
4420 9
4422 4
4428 11
4434 12
4442 12
4449 3
4456 21
4460 5
4466 11
4473 18
4474 18
4475 2
4485 18
4486 18
4487 21
4491 7
4493 12
4501 10
4503 13
4509 2
4519 9
4520 11
4527 18
4528 11
4535 20
4537 21
4541 19
4543 1
4553 17
4555 10
4557 7
4559 11
4566 11
4572 20
4574 15
4576 11
4583 10
4584 5
4590 9
4591 12
4597 11
4604 8
4607 9
4608 19
4610 10
4612 14
4618 15
4620 1
4630 13
4636 11
4643 21
4647 13
4653 11
4659 11
4666 11
4672 1
4682 9
4683 15
4685 17
4687 14
4693 21
4697 17
4699 5
4706 15
4708 19
4710 7
4713 4
4720 11
4727 8
4729 4
4736 13
4741 8
4745 15
4747 9
4748 10
4749 6
4756 4
4763 9
4764 9
4765 5
4772 16
4774 11
4780 21
4784 18
4785 1
4795 7
4797 11
4803 2
4812 11
4819 21
4823 16
4825 14
4832 5
4838 3
4845 10
4846 18
4847 19
4849 3
4855 18
4856 19
4858 19
4860 8
4863 8
4866 6
4873 6
4880 20
4882 21
4886 12
4893 2
4904 18
4905 17
4907 18
4908 3
4914 7
4916 11
4923 7
4925 12
4932 14
4938 18
4939 10
4941 15
4943 4
4951 11
4957 14
4963 10
4965 20
4967 9
4968 18
4969 21
4973 18
4974 14
4980 6
4986 12
4992 11
4998 18
4999 3
5005 18
5006 20
5008 21
5012 21
5016 6
5024 10
5026 2
5036 9
5037 3
5044 16
5046 14
5052 10
5054 6
5062 14
5068 1
5078 11
5084 17
5086 12
5092 5
5099 14
5105 11
5112 12
5118 7
5120 14
5127 3
5134 21
5138 8
5140 14
5146 11
5152 18
5153 18
5154 20
5156 21
5160 12
5167 4
5175 17
5177 10
5179 11
5185 11
5191 14
5196 5
5202 11
5209 16
5211 19
5213 4
5220 11
5227 8
5231 11
5237 13
5243 12
5249 4
5256 14
5261 12
5268 21
5272 2
5282 12
5290 8
5294 13
5300 18
5301 17
5303 12
5310 11
5316 14
5322 13
5328 2
5339 17
5341 11
5347 11
5354 9
5355 17
5357 21
5361 13
5367 9
5368 6
5376 18
5377 12
5384 11
5390 9
5392 21
5396 19
5398 5
5404 1
5413 5
5420 11
5427 13
5433 5
5440 6
5447 7
5450 19
5452 16
5454 1
5463 15
5465 18
5466 15
5468 12
5475 9
5476 18
5477 16
5479 17
5481 12
5488 4
5495 15
5497 9
5499 13
5505 9
5507 9
5508 12
5515 17
5517 6
5524 6
5531 12
5538 7
5540 5
5546 10
5548 8
5550 3
5557 1
5566 14
5572 12
5578 12
5584 12
5590 11
5596 6
5603 1
5612 19
5614 12
5621 3
5627 8
5630 8
5633 16
5635 3
5641 11
5648 4
5655 15
5657 11
5664 20
5666 21
5670 5
5676 6
5683 4
5691 16
5693 14
5699 17
5701 12
5708 9
5710 15
5712 12
5719 4
5726 11
5732 6
5739 18
5740 5
5747 18
5748 18
5749 18
5750 20
5752 12
5760 3
5766 15
5768 12
5776 12
5784 17
5786 7
5788 16
5790 19
5792 16
5794 11
5801 15
5803 17
5805 12
5812 19
5814 6
5822 12
5828 3
5834 8
5837 12
5843 5
5849 8
5853 18
5854 9
5856 16
5858 11
5865 13
5870 11
5876 11
5883 11
5889 11
5895 18
5896 17
5898 2
5909 11
5916 2
5926 11
5932 7
5935 2
5944 10
5947 21
5951 21
5955 20
5957 20
5959 14
5966 8
5970 12
5976 2
5986 12
5992 10
5995 8
5998 21
6002 15
6004 10
6006 7
6008 15
6010 19
6012 4
6019 14
6025 9
6026 21
6030 12
6037 10
6040 6
6048 3
6054 11
6060 10
6062 1
6072 1
6081 11
6088 6
6095 4
6102 4
6108 3
6115 11
6122 7
6124 14
6130 12
6137 20
6139 14
6145 15
6147 18
6148 9
6150 14
6157 12
6164 3
6170 11
6176 15
6178 5
6185 10
6186 14
6192 17
6194 11
6200 18
6201 4
6207 11
6214 4
6221 16
6223 3
6229 14
6235 12
6242 6
6249 6
6255 12
6262 4
6268 16
6270 12
6277 18
6278 17
6280 17
6282 14
6289 2
6298 19
6300 10
6302 14
6308 8
6311 2
6321 20
6323 14
6329 21
6333 8
6336 12
6342 18
6343 20
6345 12
6351 12
6357 11
6364 1
6373 16
6375 18
6376 11
6383 12
6390 21
6394 12
6400 3
6406 14
6413 10
6415 12
6422 2
6432 6
6439 4
6446 3
6453 5
6459 16
6461 18
6462 1
6472 12
6480 10
6482 14
6488 16
6490 17
6492 10
6494 3
6501 19
6503 8
6505 2
6516 7
6518 17
6520 18
6521 18
6522 14
6528 12
6535 10
6537 4
6544 16
6546 20
6548 7
6551 10
6553 20
6555 12
6561 7
6564 11
6571 15
6573 16
6575 20
6577 18
6578 3
6585 11
6592 13
6598 18
6599 11
6605 9
6607 16
6609 20
6611 19
6613 20
6615 20
6617 18
6618 11
6624 6
6631 1
6641 18
6642 2
6653 7
6656 16
6658 19
6660 19
6662 4
6670 11
6676 16
6678 7
6680 19
6682 8
6686 11
6692 13
6698 12
6705 11
6711 9
6713 20
6715 21
6719 10
6722 20
6724 5
6731 15
6733 16
6735 15
6737 12
6744 21
6748 11
6755 3
6761 9
6762 9
6763 19
6765 11
6771 11
6778 8
6781 17
6783 11
6790 7
6792 12
6798 9
6800 15
6802 19
6804 4
6811 21
6815 6
6823 1
6832 11
6838 16
6840 6
6848 20
6850 11
6856 16
6858 6
6866 19
6868 14
6873 1
6882 21
6886 2
6896 20
6898 1
6907 6
6915 20
6917 4
6924 11
6930 16
6932 8
6936 18
