1494
1 1
9 10
12 20
13 4
21 12
27 1
35 12
41 15
43 21
47 13
52 21
56 8
60 9
62 11
67 12
73 4
79 8
83 7
85 18
86 12
90 13
96 3
103 19
104 16
106 8
110 7
113 20
114 11
119 7
122 21
126 16
128 11
134 14
141 9
143 1
150 11
156 12
162 7
164 14
171 9
173 16
175 6
183 20
185 1
195 6
199 12
205 14
211 13
217 12
225 11
229 16
231 16
233 3
239 20
241 8
243 5
250 11
254 20
255 8
259 8
263 3
269 12
275 2
284 6
290 12
298 1
305 17
307 4
313 11
319 16
321 21
325 9
327 13
331 11
335 4
343 12
349 6
357 17
359 9
361 12
367 3
373 18
374 12
378 12
386 8
388 5
392 11
396 5
400 12
404 3
410 4
418 14
422 8
426 11
430 4
438 11
442 11
447 16
449 3
454 12
460 17
462 12
468 5
473 11
479 16
481 12
489 4
497 14
501 19
502 18
503 12
509 13
514 21
518 2
527 2
538 11
545 1
555 20
557 17
559 12
567 4
573 1
583 19
584 4
590 9
592 18
593 21
597 19
599 16
601 21
605 20
606 7
608 5
613 14
617 16
619 12
627 20
629 6
635 1
642 13
646 19
648 1
657 4
665 11
672 6
680 8
684 11
690 11
695 11
700 1
708 10
709 19
710 2
717 20
719 11
723 17
725 2
736 1
745 9
746 13
751 2
758 3
763 5
769 18
770 5
776 7
778 19
780 4
784 2
793 13
798 20
800 12
806 9
808 12
812 18
813 11
817 16
819 12
825 16
827 8
831 5
835 10
838 2
845 10
848 11
853 15
855 11
859 15
861 12
867 11
872 12
878 11
885 5
889 12
893 3
897 12
903 3
910 11
916 9
917 18
918 13
922 11
927 1
937 12
945 14
952 2
963 7
965 8
969 10
970 11
977 3
984 15
986 13
992 19
994 11
998 11
1002 21
1006 15
1008 5
1015 18
1016 6
1024 11
1031 2
1040 11
1046 9
1048 16
1050 6
1056 18
1057 7
1060 18
1061 14
1065 5
1072 1
1082 12
1090 20
1092 15
1094 4
1102 14
1108 21
1112 14
1119 10
1122 6
1128 1
1135 11
1141 20
1143 2
1152 10
1153 2
1160 12
1164 9
1166 18
1167 6
1173 12
1179 18
1180 13
1185 4
1191 14
1198 9
1199 8
1203 11
1207 21
1211 5
1218 1
1226 12
1234 20
1236 9
1237 12
1243 5
1247 3
1254 19
1256 11
1262 12
1270 20
1272 15
1274 10
1275 2
1286 15
1288 15
1290 11
1294 20
1296 18
1297 11
1301 19
1302 21
1306 11
1310 1
1319 10
1320 18
1321 7
1323 11
1328 12
1336 17
1338 12
1344 1
1352 21
1356 12
1362 3
1366 18
1367 16
1369 9
1370 20
1372 12
1380 5
1387 2
1394 2
1405 20
1406 2
1413 5
1418 8
1420 18
1421 21
1425 12
1429 13
1433 11
1439 14
1444 12
1448 12
1454 16
1456 14
1463 18
1464 18
1465 11
1472 5
1478 2
1487 13
1491 19
1492 11
1498 3
1503 11
1507 4
1513 7
1515 7
1517 12
1521 9
1523 19
1525 5
1531 15
1533 11
1538 16
1540 15
1542 7
1545 17
1547 17
1549 11
1555 7
1558 11
1564 12
1572 11
1576 1
1586 11
1590 2
1599 15
1601 14
1605 20
1606 11
1611 1
1619 12
1625 12
1631 12
1635 13
1640 6
1648 8
1652 11
1658 2
1669 1
1677 21
1681 20
1683 10
1684 8
1688 15
1690 12
1696 11
1703 21
1707 5
1713 21
1717 9
1719 15
1721 21
1725 9
1726 7
1728 7
1730 18
1731 19
1732 16
1734 19
1735 11
1739 6
1745 15
1747 6
1751 20
1753 18
1754 13
1759 19
1761 2
1770 20
1771 1
1781 9
1783 13
1789 9
1791 15
1793 20
1794 19
1796 14
1803 4
1807 9
1809 7
1812 11
1817 6
1825 2
1834 2
1841 7
1844 11
1851 1
1858 20
1859 6
1865 2
1872 21
1876 3
1880 7
1882 11
1886 13
1891 5
1897 11
1903 1
1911 19
1913 14
1918 10
1921 18
1922 13
1926 5
1932 13
1938 3
1942 1
1951 12
1957 20
1959 16
1961 20
1963 15
1965 1
1973 12
1979 20
1980 2
1989 15
1991 4
1995 7
1997 3
2001 8
2005 16
2007 12
2013 5
2020 21
2024 4
2030 3
2035 18
2036 19
2037 19
2038 11
2043 20
2044 4
2048 16
2050 10
2053 11
2059 21
2063 2
2074 16
2076 2
2085 15
2087 21
2091 4
2097 18
2098 5
2105 15
2107 15
2109 20
2110 11
2116 10
2119 1
2129 4
2135 12
2141 3
2145 11
2151 18
2152 4
2160 9
2161 3
2168 7
2170 2
2181 4
2189 19
2191 18
2192 18
2193 6
2199 16
2201 11
2207 21
2211 5
2216 11
2220 17
2222 17
2224 11
2230 10
2233 1
2241 11
2246 12
2252 17
2254 4
2258 15
2260 12
2266 19
2268 19
2269 11
2276 16
2278 2
2289 12
2297 10
2298 16
2300 20
2302 12
2308 18
2309 5
2316 3
2320 12
2326 16
2328 11
2333 7
2335 20
2336 11
2341 10
2342 12
2346 11
2351 9
2352 6
2360 2
2369 11
2375 6
2381 8
2385 6
2393 6
2397 20
2398 2
2407 12
2413 1
2422 11
2428 19
2430 15
2432 13
2436 16
2438 11
2445 9
2447 15
2449 18
2450 10
2451 11
2455 11
2460 2
2471 19
2472 4
2476 10
2479 20
2481 6
2487 11
2494 7
2497 15
2499 3
2506 6
2510 7
2512 3
2518 15
2520 11
2524 9
2525 19
2527 12
2535 20
2536 18
2537 10
2538 19
2540 2
2547 18
2548 12
2556 2
2567 17
2569 12
2577 16
2579 19
2580 13
2585 5
2592 7
2594 4
2602 18
2603 2
2612 20
2614 12
2618 15
2620 10
2621 6
2629 14
2634 20
2636 4
2644 3
2651 18
2652 5
2658 4
2664 14
2670 1
2679 9
2681 11
2687 18
2688 20
2689 14
2693 20
2694 5
2701 18
2702 12
2706 19
2707 4
2715 9
2716 11
2721 2
2730 16
2732 21
2736 3
2741 15
2743 19
2744 14
2748 4
2756 20
2758 5
2764 8
2766 7
2768 13
2772 9
2773 11
2780 20
2782 19
2783 17
2785 21
2789 11
2796 3
2803 13
2808 6
2816 2
2827 12
2831 4
2837 17
2839 11
2845 12
2853 16
2855 18
2856 12
2862 12
2870 15
2872 1
2882 16
2884 18
2885 4
2891 8
2893 16
2895 11
2902 2
2911 17
2913 16
2915 11
2921 11
2925 8
2927 12
2935 12
2943 6
2949 8
2951 16
2953 4
2959 17
2961 17
2963 16
2965 8
2969 3
2975 12
2981 9
2982 7
2984 12
2988 11
2994 12
3000 2
3007 21
3011 16
3013 21
3017 12
3023 1
3030 1
3040 18
3041 12
3049 19
3051 17
3053 12
3059 4
3065 15
3067 16
3069 17
3071 20
3073 2
3082 18
3083 11
3090 7
3093 18
3094 12
3098 15
3100 15
3102 13
3107 14
3114 12
3120 11
3126 7
3128 9
3130 5
3135 12
3143 7
3146 2
3155 18
3156 20
3158 5
3162 2
3171 3
3177 9
3179 4
3187 16
3189 6
3195 6
3201 13
3206 18
3207 12
3211 3
3216 3
3222 18
3223 16
3225 2
3234 17
3236 20
3237 4
3243 11
3247 3
3251 19
3252 17
3254 17
3256 19
3257 14
3262 2
3273 11
3277 18
3278 12
3284 15
3286 10
3287 15
3289 5
3294 11
3298 10
3299 2
3306 9
3308 14
3315 12
3321 8
3325 2
3334 3
3340 16
3342 9
3344 13
3350 20
3351 17
3353 12
3359 3
3363 9
3365 12
3371 19
3373 5
3378 11
3384 2
3393 14
3397 8
3401 20
3403 18
3404 7
3407 5
3413 2
3420 15
3422 21
3426 7
3429 2
3438 18
3439 14
3443 11
3449 14
3454 12
3458 14
3462 17
3464 1
3472 3
3479 11
3486 20
3487 11
3492 2
3503 15
3505 21
3509 20
3511 6
3519 13
3523 15
3525 9
3526 7
3529 15
3531 7
3533 13
3537 5
3544 4
3550 5
3555 6
3559 18
3560 11
3566 16
3568 12
3576 14
3583 11
3587 5
3593 11
3597 1
3605 4
3613 8
3615 18
3616 3
3620 9
3622 5
3628 18
3629 1
3639 11
3646 6
3650 19
3651 11
3655 4
3659 3
3665 18
3666 12
3670 8
3672 21
3676 9
3678 11
3683 7
3686 12
3694 1
3703 11
3710 18
3711 5
3715 3
3721 10
3722 14
3729 21
3733 9
3735 4
3739 7
3741 12
3745 8
3747 6
3753 12
3761 2
3770 11
3775 11
3782 11
3786 3
3793 12
3799 13
3805 9
3807 1
3815 20
3817 7
3820 16
3822 3
3828 3
3834 7
3837 18
3838 9
3840 12
3846 18
3847 4
3855 12
3861 6
3869 16
3871 15
3873 10
3874 11
3881 13
3885 18
3886 9
3888 13
3894 15
3896 18
3897 18
3898 21
3902 10
3903 2
3910 18
3911 16
3913 7
3915 6
3919 11
3924 5
3931 12
3939 5
3946 9
3947 8
3951 9
3953 5
3960 2
3971 15
3973 9
3975 21
3979 10
3980 3
3987 10
3988 12
3994 7
3997 9
3998 18
3999 15
4001 20
4003 12
4011 14
4018 18
4019 12
4025 7
4027 12
4035 19
4037 5
4042 15
4044 18
4045 1
4052 12
4058 15
4060 3
4064 12
4070 4
4078 9
4080 7
4082 14
4088 12
4092 6
4098 12
4102 3
4109 12
4117 6
4121 12
4127 4
4131 11
4137 8
4141 12
4147 13
4153 11
4158 12
4162 1
4172 10
4173 21
4177 9
4179 14
4184 3
4188 17
4190 15
4192 9
4193 3
4198 16
4200 10
4201 18
4202 8
4206 7
4209 3
4214 18
4215 19
4217 21
4221 11
4227 2
4236 8
4240 21
4244 7
4246 8
4250 13
4254 12
4258 3
4264 3
4269 14
4276 2
4287 11
4294 12
4300 10
4301 9
4302 10
4305 13
4310 5
4314 8
4316 15
4318 1
4326 11
4331 10
4334 12
4340 12
4346 12
4352 10
4353 11
4357 17
4359 2
4366 12
4372 16
4374 6
4382 12
4388 17
4390 6
4396 18
4397 18
4398 3
4402 9
4403 2
4412 13
4417 10
4420 6
4424 3
4428 18
4429 9
4431 10
4434 20
4436 7
4438 18
4439 11
4445 7
4447 11
4454 3
4459 18
4460 19
4462 16
4464 16
4466 21
4470 8
4474 10
4477 15
4479 15
4481 13
4486 8
4488 6
4492 12
4496 11
4503 6
4509 4
4513 11
4520 16
4522 11
4526 11
4533 2
4544 11
4551 2
4562 12
4566 18
4567 5
4573 17
4575 14
4579 13
4584 18
4585 6
4589 13
4594 14
4600 17
4602 17
4604 8
4608 19
4610 16
4612 12
4618 20
4620 12
4626 1
4634 21
4638 6
4642 21
4646 13
4651 11
4655 1
4663 11
4668 19
4669 14
4676 18
4677 18
4678 17
4680 16
4682 9
4684 21
4688 17
4690 18
4691 3
4695 5
4701 15
4703 2
4712 11
4716 11
4723 10
4724 3
4731 5
4737 10
4738 7
4740 1
4749 10
4750 18
4751 4
4757 6
4763 12
4769 6
4775 7
4778 20
4779 4
4783 18
4784 12
4792 14
4797 7
4799 13
4804 6
4812 12
4818 17
4820 6
4826 2
4833 16
4835 1
4844 6
4848 16
4850 1
4860 11
4867 9
4869 12
4875 15
4877 8
4879 8
4881 18
4882 6
4890 18
4891 11
4896 11
4902 21
4906 19
4907 12
4913 6
4921 5
4927 14
4933 17
4935 3
4942 7
4945 4
4951 11
4955 16
4957 18
4958 4
4962 19
4963 17
4965 2
4974 12
4980 18
4981 16
4983 1
4991 10
4994 21
4998 11
5004 11
5009 5
5015 21
5019 12
5027 21
5031 12
5037 4
5041 18
5042 21
5046 18
5047 20
5048 18
5049 16
5051 17
5053 10
5056 16
5058 14
5062 7
5064 7
5066 20
5068 20
5070 1
5079 19
5080 9
5081 9
5083 11
5088 3
5093 7
5095 13
5100 11
5105 21
5109 13
5113 18
5114 17
5116 9
5117 15
5119 2
5126 11
5130 8
5132 20
5134 11
5141 18
5142 11
5148 6
5154 17
5156 8
5160 10
5161 20
5163 8
5167 21
5171 8
5175 12
5183 18
5184 10
5185 20
5186 13
5191 11
5198 16
5200 11
5207 18
5208 12
5216 18
5217 11
5222 21
5226 11
5232 12
5238 20
5240 10
5241 11
5246 3
5250 11
5254 8
5258 21
5262 19
5263 18
5264 14
5270 2
5279 8
5283 1
5291 12
5299 9
5301 11
5306 15
5308 1
5318 8
5322 3
5328 14
5332 18
5333 15
5335 15
5337 1
5345 20
5347 9
5348 7
5350 11
5356 2
5365 9
5367 1
5374 15
5376 12
5382 13
5387 11
5391 15
5393 18
5394 11
5400 2
5411 15
5413 19
5415 10
5416 12
5424 12
5428 2
5435 16
5437 18
5438 2
5445 7
5448 12
5454 20
5455 5
5462 4
5468 18
5469 12
5477 10
5480 20
5481 11
5488 18
5489 5
5493 14
5497 12
5503 12
5511 5
5517 11
5524 13
5528 13
5533 5
5538 1
5547 11
5553 9
5555 7
5557 15
5559 8
5563 15
5565 1
5572 18
5573 11
5579 11
5584 3
5588 13
5594 12
5602 19
5604 2
5611 18
5612 8
5614 18
5615 15
5617 12
5623 12
5627 9
5629 19
5630 18
5631 18
5632 11
5637 5
5644 11
5648 13
5652 19
5654 9
5656 21
5660 14
5666 9
5667 8
5671 12
5679 8
5681 7
5684 9
5685 21
5689 13
5694 12
5700 11
5706 11
5712 15
5714 4
5720 12
5724 16
5726 20
5728 14
5734 18
5735 11
5742 12
5748 4
5754 2
5761 2
5770 15
5772 21
5776 18
5777 10
5778 15
5780 19
5782 21
5786 14
5790 4
5798 12
5802 14
5809 20
5810 8
5814 6
5820 19
5821 20
5823 16
5825 10
5826 12
5832 20
5834 12
5840 6
5846 18
5847 14
5851 16
5853 11
5857 15
5859 18
5860 1
5869 10
5872 13
5878 14
5883 11
5887 18
5888 18
5889 2
5898 12
5904 3
5910 15
5912 6
5916 19
5918 3
5923 15
5925 15
5927 6
5931 4
5935 15
5937 11
5944 8
5948 11
5954 5
5959 15
5961 16
5963 6
5969 12
5975 4
5983 11
5988 7
5991 2
6000 5
6004 4
6010 16
6012 12
6016 8
6020 1
6028 3
6034 11
6038 3
6043 6
6049 12
6053 16
6055 3
6059 12
6065 18
6066 3
6071 19
6072 11
6078 11
6085 12
6091 16
6093 19
6094 2
6101 5
6105 16
6107 14
6111 4
6119 7
6122 12
6128 11
6134 10
6137 6
6145 16
6147 5
6154 13
6159 16
6161 16
6163 14
6170 15
6172 21
6176 11
6181 21
6185 5
6192 11
6197 16
6199 14
6204 13
6209 4
6217 5
6222 17
6224 20
6226 12
6232 3
6239 5
6246 21
6250 14
6257 4
6263 18
6264 9
6266 6
6270 2
6279 19
6281 8
6285 13
6291 11
6295 12
6301 13
6307 19
6308 11
6314 18
6315 13
6320 16
6322 12
6328 1
6337 12
6343 2
6350 15
6352 11
6358 13
6363 3
6369 7
6371 13
6376 15
6378 6
6386 3
