1494
1 17
3 2
14 19
16 15
18 11
25 5
31 12
39 15
41 8
43 17
45 18
46 16
48 6
54 9
55 19
57 11
63 13
68 12
76 18
77 6
83 21
87 8
89 11
95 15
97 8
101 17
103 14
110 15
112 9
114 12
122 19
124 18
125 18
126 18
127 17
129 1
138 18
139 12
147 12
155 5
161 1
170 11
177 13
182 12
188 18
189 5
195 17
197 15
199 19
201 18
202 13
207 20
209 18
210 21
214 16
216 19
218 7
220 14
227 18
228 11
235 7
237 8
241 15
243 7
245 11
251 3
258 12
264 3
270 19
272 1
281 7
283 19
285 11
292 17
294 9
296 15
298 12
306 14
311 2
320 16
322 1
331 14
338 3
345 3
351 18
352 16
354 18
355 18
356 1
365 21
369 9
370 17
372 18
373 14
380 11
386 9
388 18
389 6
395 15
397 9
399 7
402 17
404 18
405 15
407 1
417 21
421 4
427 21
431 4
439 17
441 19
443 21
447 12
453 19
455 11
461 11
467 11
474 7
477 20
479 2
488 12
496 6
502 12
508 21
512 9
513 12
519 2
528 10
529 17
531 8
533 20
535 11
541 11
548 11
555 14
562 18
563 12
569 12
577 20
579 16
581 15
583 12
589 12
597 1
607 3
614 9
616 18
617 11
624 19
626 13
631 8
633 9
635 2
646 13
651 11
657 11
663 10
666 1
676 3
683 12
689 11
696 12
704 18
705 9
706 7
709 18
710 10
711 20
713 6
721 1
730 11
736 2
747 3
754 16
756 17
758 17
760 11
767 11
774 15
776 6
784 19
786 6
794 14
801 6
807 8
809 2
820 10
821 3
827 16
829 7
832 6
838 20
840 14
847 20
849 6
857 8
861 12
867 12
875 21
879 15
881 18
882 10
885 11
891 11
897 2
908 3
914 15
916 17
918 12
926 16
928 4
936 17
938 16
940 6
946 9
948 5
954 11
960 19
962 12
968 12
976 12
984 4
990 15
992 11
998 6
1004 1
1013 7
1015 2
1026 6
1032 12
1038 18
1039 10
1040 13
1046 16
1048 7
1050 9
1052 4
1060 20
1062 21
1066 21
1070 15
1072 2
1083 5
1089 11
1096 3
1103 3
1109 21
1113 18
1114 20
1116 16
1118 21
1122 11
1128 12
1136 6
1142 11
1148 15
1150 20
1152 17
1154 14
1159 5
1166 6
1172 20
1174 10
1175 11
1182 12
1188 13
1194 11
1201 8
1205 14
1210 15
1212 6
1220 12
1228 4
1234 11
1241 5
1247 12
1253 12
1261 11
1268 8
1272 21
1276 18
1277 4
1285 19
1287 9
1289 11
1295 8
1297 15
1299 12
1305 1
1314 6
1320 15
1322 1
1332 2
1341 3
1347 18
1348 10
1349 7
1351 4
1357 16
1359 21
1363 15
1365 15
1367 18
1368 19
1370 18
1371 21
1375 7
1378 3
1385 11
1392 11
1398 11
1404 17
1406 11
1413 15
1415 2
1424 4
1432 3
1438 12
1444 21
1448 8
1450 7
1453 7
1455 8
1459 19
1461 5
1467 12
1475 18
1476 11
1483 17
1485 1
1495 3
1501 15
1503 18
1504 4
1510 12
1516 14
1521 13
1527 18
1528 9
1530 19
1532 12
1540 5
1546 16
1548 11
1554 4
1562 13
1568 13
1574 19
1576 1
1586 11
1592 21
1596 19
1598 14
1605 1
1615 1
1624 16
1626 8
1630 20
1632 8
1636 5
1643 18
1644 8
1648 1
1658 1
1668 11
1675 15
1677 3
1684 21
1688 12
1694 1
1703 11
1710 9
1711 14
1718 20
1720 4
1728 1
1738 21
1742 12
1748 14
1753 17
1755 6
1763 20
1765 11
1771 17
1773 12
1781 11
1787 4
1793 6
1801 16
1803 8
1805 12
1813 7
1816 2
1825 8
1827 17
1829 16
1831 7
1833 11
1839 17
1841 7
1844 9
1846 13
1852 1
1861 2
1870 10
1871 15
1873 8
1875 16
1877 17
1879 3
1886 3
1892 12
1900 18
1901 10
1904 2
1915 7
1917 1
1926 8
1928 11
1934 11
1941 11
1947 21
1951 20
1953 4
1959 16
1961 16
1963 18
1964 16
1966 5
1972 2
1981 9
1982 17
1984 14
1989 7
1992 19
1994 7
1997 4
2003 13
2009 16
2011 14
2016 12
2024 15
2026 6
2034 1
2043 12
2049 18
2050 20
2052 21
2056 1
2065 15
2067 3
2073 2
2082 16
2084 10
2085 6
2093 3
2100 15
2102 12
2108 8
2110 13
2115 11
2121 7
2124 16
2126 5
2132 17
2134 20
2136 3
2142 12
2150 12
2158 20
2160 18
2161 9
2162 6
2168 11
2175 17
2177 20
2179 10
2180 20
2182 18
2183 7
2186 18
2187 17
2189 16
2191 3
2198 15
2200 15
2202 1
2212 11
2218 3
2224 4
2232 10
2235 19
2237 8
2239 11
2245 11
2251 1
2260 3
2267 18
2268 21
2272 13
2277 10
2280 14
2287 20
2289 14
2296 21
2300 14
2307 11
2314 12
2322 20
2324 6
2332 13
2338 4
2346 20
2348 5
2354 12
2360 11
2367 11
2374 3
2380 21
2384 20
2386 17
2388 11
2394 14
2399 14
2406 8
2408 21
2412 7
2414 3
2421 16
2423 17
2425 3
2432 10
2433 6
2439 3
2446 7
2448 5
2455 1
2464 7
2467 6
2475 11
2482 5
2488 13
2493 15
2495 16
2497 7
2499 11
2505 15
2507 13
2512 16
2514 6
2522 12
2528 11
2535 12
2543 20
2545 11
2551 12
2559 3
2565 9
2567 11
2573 10
2574 13
2580 1
2590 9
2592 16
2594 13
2600 11
2607 16
2609 5
2616 21
2620 20
2622 11
2628 10
2629 20
2631 14
2636 12
2642 2
2653 12
2661 15
2663 11
2670 11
2676 9
2678 13
2684 2
2695 9
2697 12
2703 18
2704 11
2711 9
2712 9
2714 11
2720 19
2722 18
2723 12
2731 11
2737 20
2739 8
2743 14
2748 19
2750 15
2752 3
2758 18
2759 3
2766 13
2771 8
2773 7
2775 19
2777 12
2783 12
2789 18
2790 13
2795 4
2803 18
2804 3
2810 4
2816 12
2822 3
2828 14
2833 20
2835 13
2841 15
2843 12
2849 10
2852 11
2858 14
2863 11
2870 12
2876 11
2883 7
2886 11
2892 11
2898 14
2903 11
2910 1
2920 5
2926 19
2928 2
2939 18
2940 16
2942 15
2944 2
2953 1
2962 7
2965 15
2967 8
2971 20
2973 14
2980 13
2986 9
2988 20
2990 18
2991 11
2998 5
3005 19
3007 20
3009 12
3015 19
3017 18
3018 3
3024 8
3028 8
3032 21
3036 11
3043 1
3052 2
3063 6
3069 11
3075 15
3077 12
3083 17
3085 13
3090 21
3094 16
3096 10
3097 19
3099 13
3104 11
3111 3
3117 12
3123 20
3125 12
3133 2
3144 4
3150 12
3156 13
3161 12
3167 10
3170 16
3172 21
3176 11
3183 11
3190 3
3197 16
3199 2
3208 1
3217 11
3224 16
3226 2
3235 12
3243 12
3251 17
3253 21
3257 9
3258 18
3259 16
3261 2
3270 19
3272 12
3278 1
3287 10
3288 15
3290 14
3297 21
3301 7
3304 18
3305 18
3306 12
3312 4
3320 12
3328 9
3329 15
3331 10
3332 12
3338 11
3345 6
3353 8
3355 19
3357 11
3363 12
3371 15
3373 18
3374 11
3380 12
3386 12
3392 19
3394 12
3402 18
3403 1
3413 18
3414 11
3420 11
3427 9
3428 11
3434 19
3436 12
3444 21
3448 10
3451 17
3453 4
3459 14
3464 17
3466 6
3472 6
3480 6
3488 14
3493 6
3501 11
3507 9
3509 15
3511 12
3517 5
3523 1
3532 11
3538 9
3540 11
3546 20
3548 9
3549 19
3551 20
3553 10
3554 7
3556 15
3558 11
3565 19
3567 14
3574 12
3582 13
3588 7
3591 11
3597 10
3598 20
3600 2
3609 16
3611 20
3613 17
3615 15
3617 9
3618 18
3619 21
3623 19
3625 2
3634 7
3637 14
3644 20
3646 16
3648 20
3650 11
3657 9
3659 2
3668 2
3679 12
3687 1
3696 18
3697 12
3705 19
3707 20
3709 20
3711 12
3719 12
3725 19
3727 11
3734 6
3740 14
3747 16
3749 16
3751 4
3759 12
3765 1
3774 11
3780 5
3787 20
3789 12
3795 4
3801 11
3808 20
3810 11
3817 7
3819 7
3821 19
3823 7
3826 11
3832 8
3834 4
3842 11
3848 11
3855 11
3861 20
3863 2
3872 4
3880 11
3886 14
3891 18
3892 19
3894 8
3896 20
3898 11
3904 11
3910 6
3916 6
3924 18
3925 7
3927 1
3937 19
3939 9
3941 17
3943 3
3950 11
3957 6
3963 16
3965 18
3966 18
3967 13
3972 11
3978 14
3983 11
3990 12
3998 12
4004 1
4013 12
4019 13
4025 17
4027 15
4029 8
4031 6
4037 14
4042 7
4045 9
4046 5
4053 12
4061 20
4063 20
4065 16
4067 19
4069 11
4076 4
4084 20
4086 15
4088 12
4096 1
4105 12
4111 6
4119 15
4121 12
4127 11
4134 8
4136 11
4143 12
4149 9
4151 7
4154 6
4160 12
4166 2
4177 12
4185 8
4187 8
4189 12
4197 15
4199 21
4203 6
4211 21
4215 15
4217 8
4221 6
4229 2
4240 6
4246 11
4253 11
4259 1
4269 7
4271 18
4272 18
4273 1
4282 18
4283 2
4294 11
4301 18
4302 9
4304 17
4306 8
4308 10
4309 18
4310 11
4317 18
4318 14
4323 12
4329 15
4331 12
4337 8
4339 8
4341 4
4349 17
4351 12
4359 11
4366 19
4368 11
4374 8
4378 9
4379 12
4387 12
4395 11
4401 18
4402 14
4409 6
4417 12
4423 11
4430 5
4437 20
4439 10
4442 12
4450 12
4456 7
4458 12
4466 18
4467 18
4468 4
4474 13
4479 13
4485 11
4492 12
4498 11
4504 6
4510 6
4516 15
4518 11
4524 17
4526 2
4537 11
4543 19
4545 7
4547 8
4549 10
4550 19
4552 8
4556 9
4557 20
4559 10
4562 11
4568 7
4571 12
4577 7
4579 11
4585 9
4587 10
4590 19
4592 19
4594 18
4595 12
4601 16
4603 18
4604 15
4606 11
4612 2
4623 12
4629 5
4635 17
4637 18
4638 16
4640 16
4642 21
4646 2
4655 19
4657 5
4663 11
4670 1
4679 5
4685 12
4693 11
4700 6
4706 4
4714 16
4716 18
4717 11
4723 2
4732 13
4737 4
4743 4
4751 12
4757 2
4766 8
4768 17
4770 3
4777 6
4785 19
4787 8
4791 17
4793 1
4802 1
4811 17
4813 8
4815 15
4817 13
4823 6
4829 18
4830 4
4836 17
4838 12
4846 7
4849 11
4856 8
4860 7
4863 7
4865 21
4869 2
4880 3
4886 5
4893 9
4895 11
4901 14
4906 15
4908 10
4911 11
4918 12
4924 20
4926 9
4927 2
4938 11
4944 14
4951 4
4959 16
4961 16
4963 16
4965 12
4971 11
4977 7
4979 11
4986 6
4992 12
5000 20
5002 6
5008 2
5017 15
5019 4
5027 16
5029 7
5031 3
5037 12
5045 16
5047 11
5054 1
5063 12
5071 12
5079 12
5085 10
5086 20
5088 21
5092 20
5094 14
5101 5
5108 18
5109 6
5115 1
5124 12
5132 11
5138 21
5142 11
5148 11
5155 16
5157 3
5164 11
5171 21
5175 11
5181 14
5188 11
5195 21
5199 11
5205 3
5212 4
5220 15
5222 7
5224 13
5229 11
5236 15
5238 19
5240 4
5246 11
5253 4
5261 4
5269 12
5275 18
5276 9
5278 14
5285 11
5292 3
5298 11
5304 11
5310 11
5316 16
5318 11
5324 12
5330 11
5337 21
5341 4
5349 11
5356 13
5361 19
5363 8
5367 6
5375 11
5381 10
5384 10
5387 10
5388 13
5394 3
5400 3
5406 1
5416 8
5418 12
5424 18
5425 1
5434 13
5440 8
5444 11
5450 16
5452 2
5461 3
5467 7
5470 21
5474 21
5478 4
5484 12
5490 20
5492 11
5499 9
5500 16
5502 9
5504 1
5514 12
5520 6
5526 9
5527 17
5529 9
5530 11
5536 12
5542 7
5545 5
5552 21
5556 13
5562 17
5564 7
5566 11
5572 17
5574 17
5576 1
5585 17
5587 18
5588 13
5593 21
5597 16
5599 19
5601 8
5603 21
5607 8
5611 16
5613 13
5618 10
5619 9
5620 21
5624 11
5630 2
5641 21
5645 4
5653 11
5660 16
5662 12
5668 3
5674 6
5682 12
5688 6
5694 2
5703 13
5709 18
5710 6
5718 13
5723 3
5730 11
5736 14
5741 16
5743 18
5744 15
5746 11
5752 12
5758 11
5764 8
5768 8
5770 9
5771 11
5778 3
5785 20
5787 12
5795 2
5806 6
5812 6
5818 17
5820 2
5829 11
5836 15
5838 17
5840 11
5847 15
5849 5
5855 6
5861 19
5863 7
5866 11
5873 21
5877 4
5883 11
5890 3
5897 20
5899 17
5901 17
5903 12
5909 4
5915 12
5921 18
5922 21
5926 16
5928 3
5935 16
5937 10
5938 18
5939 13
5945 3
5951 11
5957 7
5959 21
5963 11
5970 18
5971 4
5979 3
5985 11
5992 1
6002 11
6009 10
6012 9
6014 9
6016 4
6024 17
6026 13
6031 9
6033 9
6034 3
6040 19
6042 21
6046 13
6051 17
6053 18
6054 11
6060 16
6062 20
6064 7
6066 20
6068 3
6075 15
6077 14
6084 6
6090 21
6094 8
6096 21
6100 13
6106 12
6112 7
6115 11
6122 18
6123 9
6124 7
6127 13
6133 20
6135 18
6136 2
6145 16
6147 4
6155 20
6157 17
6159 13
6165 15
6167 15
6169 16
6171 19
6173 11
6180 7
6183 20
6185 14
6192 8
6194 15
6196 5
6202 12
6210 18
6211 20
6213 5
6220 12
6228 10
6229 18
6230 9
6232 3
6238 9
6240 19
6242 12
6250 13
6255 1
6264 11
6270 18
6271 12
6279 2
6288 8
6292 9
6293 4
6301 7
6304 8
6306 4
6314 11
6321 7
6324 18
6325 21
6329 19
6331 4
6339 20
6341 1
6351 2
6362 19
6364 8
6368 2
6377 20
6379 15
6381 21
6385 19
6387 12
6395 5
6401 18
6402 16
6404 3
6411 10
6412 11
6419 11
6426 15
6428 11
6435 19
6437 11
6444 1
6454 6
6460 1
6470 16
6472 12
6480 16
6482 2
6491 17
6493 16
6495 9
6496 11
6503 14
6510 5
6517 8
6521 17
6523 18
6524 5
6531 4
6537 6
6545 4
6551 11
6558 18
6559 18
6560 1
6569 15
6571 14
6578 18
6579 15
6581 15
6583 6
6589 12
6597 11
6603 12
6609 2
6620 21
6624 12
6632 11
6639 13
6645 21
6649 2
6658 1
6667 5
6673 9
6674 8
6676 10
6679 20
6681 16
6683 14
6690 5
6697 8
6699 4
6707 5
6713 12
6719 12
6727 10
6728 11
6735 9
6737 16
6739 5
6746 17
6748 9
6750 18
6751 1
6761 6
6769 3
6776 14
6783 8
6785 20
6787 18
6788 12
6796 19
6798 2
6807 21
6811 15
6813 12
6821 15
6823 13
6829 12
6835 15
6837 12
6843 12
6851 20
6853 10
6856 4
6862 18
6863 18
6864 1
6873 5
6879 12
6885 19
6887 13
6893 9
6894 7
6897 20
6899 11
6906 2
6917 5
6924 12
6930 20
6932 7
6935 11
6941 20
6943 4
6951 1
6960 3
6966 11
6973 13
