1494
1 20
3 12
7 10
10 16
12 6
16 21
20 12
26 14
30 12
34 2
41 13
45 2
54 10
57 7
60 13
66 13
72 11
79 1
87 12
93 20
95 7
97 16
99 10
100 9
101 11
108 18
109 11
113 14
119 14
125 9
126 9
127 18
128 6
134 19
135 1
145 2
154 12
158 18
159 11
165 5
169 11
176 2
185 18
186 18
187 18
188 14
194 11
200 12
206 4
212 8
216 11
222 15
224 21
228 12
232 1
242 18
243 12
249 10
250 11
257 16
259 10
260 6
266 12
274 12
278 7
280 17
282 21
286 11
290 20
291 11
297 14
302 20
304 13
309 20
311 13
316 3
323 9
325 13
329 7
332 10
335 18
336 10
339 21
343 6
349 20
351 12
355 4
361 14
366 16
368 16
370 8
374 21
378 20
380 10
381 18
382 19
384 9
386 11
392 16
394 16
396 16
398 6
402 12
410 11
415 18
416 7
418 18
419 11
426 17
428 17
430 18
431 13
436 6
440 17
442 7
445 18
446 5
451 7
453 8
457 3
464 11
468 13
472 16
474 12
480 11
487 7
489 17
491 4
497 11
504 6
512 13
517 21
521 18
522 21
526 3
532 11
539 14
543 9
545 19
547 12
553 19
555 13
560 3
566 20
567 20
569 21
573 11
577 11
583 18
584 19
586 12
594 11
599 11
606 11
611 15
613 6
621 2
630 3
634 10
635 17
637 19
638 20
639 12
645 12
649 5
656 11
662 3
668 2
675 17
677 3
681 2
690 12
696 1
704 15
706 15
708 18
709 11
716 21
720 20
721 17
723 16
725 11
730 6
736 11
743 12
751 7
753 10
756 8
758 12
764 1
772 11
778 6
786 11
790 5
796 1
803 6
811 3
817 11
823 4
831 12
835 11
840 3
847 14
852 16
854 11
859 5
866 2
877 11
883 15
885 11
890 5
896 17
898 19
899 20
900 7
903 9
904 9
906 20
907 11
911 4
917 14
921 11
926 5
933 11
937 12
943 1
950 4
956 19
957 11
962 13
968 14
972 15
974 11
978 2
989 12
995 4
999 17
1001 15
1003 20
1004 18
1005 10
1008 8
1012 14
1016 10
1017 10
1018 1
1027 8
1031 8
1033 15
1035 7
1038 18
1039 2
1046 12
1052 11
1056 18
1057 18
1058 5
1062 9
1064 13
1068 16
1070 6
1076 3
1082 12
1088 2
1097 11
1103 18
1104 20
1105 4
1111 10
1112 19
1113 15
1115 21
1119 12
1125 12
1131 4
1139 9
1140 12
1146 12
1152 15
1154 9
1155 11
1160 12
1168 5
1174 20
1176 8
1178 19
1180 16
1182 14
1187 8
1191 12
1199 21
1203 1
1210 11
1217 11
1221 12
1229 16
1231 11
1237 5
1243 13
1248 12
1252 8
1254 18
1255 15
1257 11
1264 3
1271 11
1275 13
1280 4
1286 15
1288 5
1294 15
1296 11
1301 17
1303 19
1305 11
1311 13
1316 9
1317 20
1318 4
1324 15
1326 11
1332 12
1340 10
1341 9
1343 6
1349 18
1350 19
1352 11
1357 11
1363 18
1364 3
1369 19
1370 17
1372 8
1374 19
1375 10
1376 2
1383 21
1387 21
1391 17
1393 19
1394 12
1398 4
1404 15
1406 2
1417 5
1421 4
1425 2
1432 10
1433 18
1434 8
1438 11
1442 19
1443 2
1452 11
1458 7
1461 16
1463 20
1464 11
1471 11
1475 12
1479 11
1483 18
1484 18
1485 5
1490 15
1492 9
1494 14
1501 6
1509 12
1513 21
1517 11
1521 15
1523 6
1527 8
1529 18
1530 4
1536 11
1541 12
1547 1
1554 5
1558 9
1559 11
1563 15
1565 11
1570 9
1572 3
1578 8
1582 9
1584 19
1585 19
1587 14
1591 18
1592 19
1594 6
1598 18
1599 9
1601 2
1610 11
1614 8
1616 5
1623 3
1627 12
1635 20
1636 11
1642 15
1644 12
1652 6
1660 11
1664 18
1665 6
1671 12
1679 8
1681 19
1682 18
1683 11
1687 19
1688 16
1690 20
1692 13
1697 4
1703 2
1710 1
1717 11
1721 16
1723 19
1724 9
1725 21
1729 3
1733 13
1739 18
1740 18
1741 14
1747 10
1748 18
1749 2
1758 9
1759 12
1767 3
1773 7
1776 18
1777 17
1779 5
1786 18
1787 19
1789 7
1791 19
1792 4
1800 12
1804 19
1805 1
1814 11
1819 11
1823 3
1829 16
1831 14
1835 19
1836 6
1840 9
1842 21
1846 5
1851 12
1857 8
1859 11
1866 7
1868 15
1870 6
1876 7
1878 12
1884 16
1886 20
1887 10
1890 19
1892 2
1901 11
1908 11
1912 14
1917 10
1918 11
1923 13
1928 7
1930 12
1936 21
1940 9
1942 9
1943 12
1947 11
1951 16
1953 6
1961 10
1964 18
1965 12
1973 17
1975 12
1983 10
1984 3
1991 6
1999 12
2003 11
2009 1
2018 10
2019 4
2025 21
2029 6
2035 12
2041 12
2045 21
2049 5
2056 19
2058 18
2059 5
2063 4
2069 9
2070 11
2075 19
2076 15
2078 10
2081 20
2083 12
2089 15
2091 12
2099 15
2101 15
2103 10
2106 2
2117 19
2118 6
2124 9
2126 12
2134 15
2136 20
2138 3
2143 18
2144 4
2150 20
2151 8
2155 11
2162 18
2163 5
2168 1
2177 17
2179 13
2184 21
2188 19
2190 21
2194 14
2199 12
2205 18
2206 12
2210 20
2212 1
2219 18
2220 20
2222 16
2224 5
2231 8
2235 6
2239 11
2245 5
2252 11
2257 19
2258 18
2259 12
2265 14
2270 11
2274 17
2276 19
2278 12
2284 1
2291 16
2293 20
2294 4
2298 15
2300 17
2302 15
2304 16
2306 18
2307 17
2309 20
2311 19
2313 5
2319 10
2322 12
2330 13
2335 12
2343 12
2351 15
2353 11
2360 6
2364 9
2365 16
2367 7
2370 5
2377 4
2385 3
2391 18
2392 11
2397 15
2399 15
2401 17
2403 13
2408 4
2416 18
2417 7
2420 19
2422 1
2432 11
2439 7
2441 14
2448 19
2449 16
2451 16
2453 8
2457 3
2464 12
2468 10
2471 14
2477 6
2485 2
2492 14
2497 17
2499 21
2503 7
2506 15
2508 8
2510 11
2514 18
2515 10
2518 5
2525 11
2531 6
2537 2
2546 9
2548 11
2554 13
2558 1
2567 4
2573 18
2574 16
2576 3
2580 11
2586 11
2592 12
2596 12
2600 11
2604 3
2611 14
2615 4
2621 12
2627 12
2633 18
2634 2
2643 16
2645 2
2654 5
2658 11
2662 5
2669 12
2673 21
2677 16
2679 11
2686 18
2687 12
2693 3
2697 3
2701 12
2709 18
2710 14
2715 9
2717 14
2723 7
2726 6
2734 12
2738 4
2746 7
2749 13
2753 4
2759 11
2763 11
2768 7
2770 11
2774 1
2784 19
2785 11
2792 12
2798 2
2807 11
2812 3
2816 21
2820 2
2831 11
2837 11
2843 4
2849 7
2851 11
2858 18
2859 7
2861 2
2868 12
2872 1
2879 3
2885 12
2891 5
2896 5
2901 9
2903 12
2911 18
2912 4
2916 10
2919 18
2920 14
2924 1
2934 4
2942 11
2946 2
2955 16
2957 12
2961 16
2963 16
2965 12
2969 18
2970 11
2977 21
2981 18
2982 8
2984 20
2985 4
2991 12
2995 12
3003 20
3005 17
3007 11
3011 20
3012 11
3017 18
3018 7
3020 18
3021 5
3028 11
3032 20
3033 21
3037 5
3043 10
3046 6
3054 18
3055 4
3059 14
3064 11
3071 11
3075 16
3077 12
3085 3
3091 9
3092 21
3096 9
3097 12
3103 5
3110 11
3114 11
3118 18
3119 12
3127 6
3133 12
3139 3
3145 5
3150 16
3152 10
3153 9
3154 11
3159 4
3163 20
3165 17
3167 7
3169 8
3171 10
3172 5
3179 1
3189 2
3200 11
3206 11
3210 1
3218 21
3222 11
3226 6
3232 9
3233 9
3235 4
3241 16
3243 20
3245 15
3247 2
3258 16
3260 18
3261 11
3266 18
3267 21
3271 20
3273 10
3274 1
3281 11
3286 8
3290 13
3295 14
3301 14
3306 14
3313 12
3319 20
3320 10
3321 9
3322 19
3323 21
3327 8
3329 16
3331 4
3335 20
3337 5
3342 10
3343 19
3345 13
3350 17
3352 3
3358 12
3366 9
3368 11
3372 5
3376 10
3377 10
3380 7
3382 14
3387 17
3389 7
3391 12
3397 17
3399 21
3403 10
3404 4
3410 18
3411 12
3417 14
3423 1
3430 17
3432 12
3438 8
3440 7
3442 20
3444 11
3448 8
3452 4
3458 15
3460 16
3462 16
3464 8
3468 21
3472 5
3478 15
3480 3
3485 12
3491 10
3492 18
3493 6
3497 6
3503 8
3505 18
3506 11
3512 10
3515 2
3526 11
3531 16
3533 11
3540 17
3542 19
3544 9
3545 11
3550 11
3555 10
3558 16
3560 11
3566 18
3567 11
3574 11
3579 11
3586 13
3591 12
3599 11
3603 21
3607 7
3610 7
3613 20
3614 11
3619 17
3621 4
3629 17
3631 1
3639 17
3641 15
3643 4
3647 5
3651 11
3656 13
3662 14
3669 10
3670 12
3676 3
3681 1
3691 9
3693 4
3697 15
3699 11
3706 8
3710 2
3719 1
3726 9
3728 19
3729 12
3737 21
3741 18
3742 11
3747 11
3753 20
3755 20
3756 19
3757 6
3761 9
3763 4
3767 15
3769 15
3771 21
3775 11
3782 5
3787 5
3794 14
3799 21
3803 14
3810 12
3816 11
3822 19
3823 4
3827 17
3829 11
3833 9
3835 5
3842 16
3844 10
3845 15
3847 11
3852 12
3860 6
3866 11
3873 16
3875 18
3876 19
3878 11
3883 1
3890 19
3892 11
3899 18
3900 13
3905 18
3906 11
3912 7
3914 10
3915 19
3917 8
3921 18
3922 12
3928 10
3929 15
3931 14
3935 7
3937 3
3942 18
3943 10
3944 7
3946 10
3947 17
3949 13
3954 11
3958 13
3964 1
3973 11
3979 13
3983 18
3984 6
3992 11
3998 12
4006 2
4017 19
4019 11
4023 13
4028 3
4032 15
4034 20
4035 11
4039 1
4048 12
4054 3
4058 20
4060 19
4061 10
4064 12
4070 19
4072 4
4078 8
4082 17
4084 2
4093 5
4100 4
4108 11
4114 5
4118 2
4125 18
4126 18
4127 21
4131 3
4135 18
4136 20
4138 11
4144 13
4149 4
4153 15
4155 19
4156 1
4164 11
4168 10
4169 1
4179 11
4183 9
4184 18
4185 4
4191 15
4193 13
4198 18
4199 18
4200 2
4209 11
4216 15
4218 19
4220 13
4224 17
4226 19
4227 11
4231 12
4237 9
4238 13
4242 16
4244 21
4248 12
4256 19
4258 8
4262 19
4264 12
4270 17
4272 8
4276 13
4280 13
4284 17
4286 13
4290 15
4292 7
4295 16
4297 11
4301 12
4307 14
4311 4
4317 11
4321 18
4322 12
4328 10
4331 4
4339 18
4340 11
4346 5
4351 11
4358 19
4359 6
4363 5
4369 20
4371 12
4379 9
4381 13
4386 2
4393 16
4395 13
4399 18
4400 16
4402 21
4406 2
4415 14
4422 12
4428 4
4434 10
4437 15
4439 10
4440 17
4442 11
4449 21
4453 19
4455 16
4457 12
4461 9
4463 11
4468 11
4472 2
4481 2
4492 12
4498 2
4507 12
4511 15
4513 18
4514 12
4520 7
4522 19
4524 12
4528 4
4534 6
4542 8
4546 2
4553 20
4555 13
4559 15
4561 4
4567 19
4569 15
4571 1
4579 4
4583 6
4589 10
4590 11
4596 20
4598 18
4599 17
4601 13
4605 11
4610 15
4612 12
4618 6
4622 16
4624 9
4625 18
4626 4
4632 21
4636 11
4640 11
4646 12
4652 2
4663 13
4667 15
4669 16
4671 12
4679 5
4685 21
4689 1
4696 6
4704 11
4711 6
4717 6
4725 11
4731 8
4735 2
4744 9
4746 4
4752 3
4758 19
4759 12
4765 12
4769 18
4770 16
4772 15
4774 16
4776 16
4778 3
4785 10
4788 4
4792 16
4794 11
4801 17
4803 7
4805 6
4811 2
4820 11
4824 4
4830 7
4832 15
4834 8
4836 6
4842 5
4848 21
4852 8
4856 2
4865 12
4869 11
4874 13
4880 12
4886 1
4896 4
4902 17
4904 12
4910 20
4911 11
4918 13
4923 2
4932 15
4934 17
4936 21
4940 15
4942 14
4949 19
4950 14
4957 9
4959 11
4965 8
4967 18
4968 7
4970 21
4974 15
4976 10
4977 18
4978 11
4985 12
4991 14
4998 5
5005 2
5014 5
5019 16
5021 15
5023 4
5031 18
5032 19
5034 13
5038 11
5044 2
5053 10
5056 17
5058 10
5061 20
5062 13
5067 2
5076 8
5078 17
5080 11
5084 17
5086 21
5090 10
5091 13
5097 18
5098 18
5099 21
5103 1
5113 10
5116 14
5122 10
5123 19
5125 12
5131 20
5133 8
5135 11
5139 7
5141 13
5145 16
5147 18
5148 18
5149 11
5155 12
5159 11
5164 11
5171 11
5178 12
5184 11
5188 3
5193 3
5199 13
5204 2
5213 12
5219 11
5225 4
5231 7
5233 12
5239 6
5243 12
5249 19
5251 18
5252 20
5253 17
5255 18
5256 4
5262 12
5270 16
5272 4
5280 13
5284 18
5285 12
5293 19
5295 21
5299 20
5300 10
5303 16
5305 13
5311 11
5317 21
5321 14
5327 11
5332 21
5336 1
5346 19
5348 14
5354 11
5360 11
5366 11
5372 7
5375 5
5382 15
5384 12
5390 18
5391 10
5394 2
5405 8
5409 16
5411 12
5417 7
5420 17
5422 13
5428 15
5430 4
5436 9
5438 1
5445 11
5451 13
5456 11
5462 18
5463 15
5465 10
5468 6
5474 7
5477 18
5478 12
5484 17
5486 13
5490 1
5500 21
5504 4
5512 14
5517 2
5524 15
5526 19
5527 13
5533 12
5539 11
5544 3
5550 11
5556 12
5562 14
5569 13
5574 13
5579 12
5583 18
5584 21
5588 11
5594 7
5596 11
5601 20
5603 5
5607 11
5613 8
5615 1
5624 13
5630 21
5634 10
5637 5
5642 14
5649 7
5652 12
5658 12
5662 14
5669 4
5677 21
5681 11
5685 4
5689 3
5696 11
5701 12
5707 7
5709 18
5710 7
5712 18
5713 18
5714 19
5716 21
5720 13
5725 15
5727 19
5729 18
5730 11
5736 1
5746 1
5754 7
5757 11
5764 3
5768 11
5773 4
5779 16
5781 4
5787 14
5794 11
5801 2
5810 3
5816 18
5817 9
5818 7
5820 19
5822 5
5829 11
5834 5
5840 13
5845 18
5846 6
5852 15
5854 17
5856 6
5862 4
5868 14
5875 11
5881 11
5885 6
5893 16
5895 11
5899 15
5901 11
5907 7
5909 15
5911 19
5912 11
5917 11
5921 11
5925 19
5926 18
5927 17
5929 12
5937 16
5939 12
5945 19
5947 6
5955 11
5960 7
5962 18
5963 1
5970 15
5972 4
5980 12
5986 18
5987 10
5990 1
6000 18
6001 13
6005 18
6006 21
6010 12
6016 9
6018 17
6020 3
6025 7
6028 2
6037 11
6041 9
6043 13
6048 3
6053 11
6058 2
6069 2
6076 12
6082 18
6083 8
6085 12
6091 11
6095 12
6099 2
6110 6
6118 16
6120 5
6124 11
6129 20
6130 2
6141 5
6146 11
6153 12
6157 4
6161 12
6167 19
6168 8
6170 1
6180 7
6183 4
6187 13
6192 16
6194 18
