1494
1 9
3 1
12 3
18 20
20 9
22 17
24 14
30 14
35 12
42 18
43 3
49 5
55 5
61 12
68 14
75 4
82 18
83 8
86 3
93 9
95 1
104 12
111 12
117 16
119 2
129 12
135 1
144 11
151 11
157 15
159 6
165 12
171 20
173 12
179 12
186 10
188 16
190 11
196 21
200 13
205 10
206 16
208 18
209 1
219 2
230 12
237 12
245 20
247 12
255 1
264 19
266 21
270 13
276 5
283 6
290 7
292 21
296 12
303 14
308 6
315 19
317 17
319 2
329 5
335 16
337 5
344 11
351 18
352 11
359 8
363 1
373 12
379 11
386 21
390 15
392 12
400 8
403 4
410 8
413 9
415 12
422 4
430 11
437 16
439 18
440 8
442 13
447 12
453 19
455 20
457 11
463 7
466 11
472 17
474 16
476 18
477 19
479 12
486 11
492 21
496 2
506 14
511 15
513 11
519 15
521 17
523 16
525 15
527 15
529 18
530 4
537 6
544 10
545 4
552 5
559 4
565 3
571 18
572 11
578 4
585 20
587 11
593 13
598 17
600 5
606 5
613 3
620 12
628 11
634 20
636 15
638 12
646 13
652 11
659 4
666 11
673 16
675 13
681 19
683 13
688 11
695 18
696 7
699 12
706 5
713 12
721 14
728 5
735 19
737 16
739 4
747 12
753 17
755 1
764 7
767 11
773 12
781 20
783 11
789 18
790 16
792 7
794 2
804 17
806 14
813 14
819 6
827 11
833 16
835 9
836 17
838 21
842 18
843 12
849 10
852 15
854 3
861 12
868 18
869 5
875 7
878 7
880 15
882 12
890 7
893 18
894 12
901 18
902 12
908 11
914 15
916 15
918 16
920 18
921 11
927 2
937 12
943 18
944 14
951 18
952 16
954 9
956 18
957 8
961 21
965 12
972 4
979 8
982 15
984 12
992 18
993 18
994 11
1001 18
1002 11
1009 3
1016 16
1018 13
1024 8
1028 10
1029 11
1036 20
1038 11
1044 21
1048 13
1053 10
1055 11
1062 1
1071 5
1078 17
1080 11
1087 18
1088 9
1089 12
1096 13
1101 11
1108 12
1114 17
1116 6
1124 11
1131 7
1133 11
1139 18
1140 3
1147 13
1153 21
1157 6
1165 18
1166 8
1168 7
1170 18
1171 1
1180 12
1187 4
1194 21
1198 5
1205 12
1213 1
1223 13
1229 14
1235 7
1238 17
1240 10
1242 2
1253 15
1255 16
1257 5
1263 20
1265 8
1268 12
1274 10
1275 3
1281 20
1283 1
1292 18
1293 2
1304 18
1305 10
1307 19
1309 7
1312 11
1318 19
1320 8
1323 13
1329 11
1335 17
1337 19
1339 4
1345 16
1347 16
1349 9
1350 11
1356 2
1366 15
1368 4
1375 4
1383 11
1389 13
1395 3
1402 18
1403 13
1409 11
1415 10
1418 12
1425 6
1431 15
1433 20
1435 18
1436 16
1438 14
1443 19
1445 18
1446 11
1452 12
1460 14
1466 16
1468 15
1470 13
1476 8
1479 14
1485 9
1487 12
1495 16
1497 18
1498 12
1505 16
1507 16
1509 3
1515 14
1520 10
1522 11
1529 20
1531 17
1533 18
1534 10
1535 18
1536 3
1543 1
1552 18
1553 17
1555 9
1556 2
1565 13
1570 11
1576 8
1578 2
1587 19
1589 12
1596 14
1601 20
1603 20
1605 21
1609 4
1615 5
1622 16
1624 6
1631 15
1633 12
1640 12
1648 11
1655 14
1661 4
1668 21
1672 16
1674 11
1681 18
1682 5
1688 7
1690 13
1696 11
1702 13
1708 19
1710 19
1712 12
1719 5
1725 17
1727 20
1729 2
1740 13
1745 18
1746 11
1752 3
1758 12
1766 20
1768 11
1774 15
1776 8
1778 12
1785 11
1791 8
1794 9
1795 13
1801 5
1807 9
1808 5
1815 21
1819 9
1820 19
1822 10
1823 9
1825 11
1832 11
1839 14
1846 11
1852 14
1857 18
1858 21
1862 6
1870 11
1877 20
1879 2
1888 5
1894 6
1901 1
1910 17
1912 17
1914 11
1920 16
1922 5
1928 11
1935 14
1941 1
1951 18
1952 18
1953 20
1955 10
1958 9
1960 11
1966 11
1972 19
1974 12
1981 16
1983 12
1989 13
1994 18
1995 3
2001 2
2011 21
2015 4
2023 15
2025 11
2031 11
2037 18
2038 15
2040 20
2042 4
2049 3
2056 17
2058 21
2062 8
2066 11
2072 11
2079 17
2081 19
2083 1
2092 8
2094 12
2101 20
2103 11
2109 6
2116 8
2120 19
2122 8
2124 11
2130 3
2137 17
2139 6
2147 18
2148 5
2154 11
2160 16
2162 18
2163 12
2169 11
2175 18
2176 4
2182 10
2183 1
2193 11
2199 10
2201 19
2203 21
2207 14
2214 17
2216 21
2220 18
2221 18
2222 12
2228 16
2230 2
2241 17
2243 15
2245 12
2253 12
2260 12
2267 1
2277 5
2284 6
2291 17
2293 18
2294 18
2295 19
2297 3
2304 18
2305 7
2307 17
2309 11
2316 1
2325 9
2326 15
2328 9
2330 21
2334 11
2341 18
2342 18
2343 14
2348 1
2357 1
2367 16
2369 5
2376 6
2382 8
2385 11
2391 2
2401 7
2403 1
2413 20
2415 3
2421 18
2422 11
2429 11
2436 16
2438 20
2440 18
2441 7
2444 10
2447 3
2454 17
2456 21
2460 18
2461 4
2469 15
2471 13
2476 3
2482 7
2485 12
2492 15
2494 10
2497 19
2499 7
2502 12
2509 13
2514 8
2517 18
2518 6
2526 4
2533 21
2537 8
2541 12
2548 1
2558 11
2564 15
2566 14
2572 3
2578 9
2579 15
2581 12
2588 15
2590 14
2596 4
2602 11
2608 16
2610 9
2612 14
2619 11
2626 14
2632 11
2638 14
2644 21
2648 3
2654 16
2656 11
2662 1
2671 13
2676 10
2678 16
2680 15
2682 9
2684 11
2691 19
2693 16
2695 7
2697 3
2704 18
2705 15
2707 17
2709 6
2717 18
2718 2
2728 2
2739 4
2747 11
2754 9
2756 21
2760 11
2767 3
2774 18
2775 8
2778 1
2787 2
2797 13
2803 9
2804 17
2806 20
2808 20
2810 11
2817 2
2827 16
2829 11
2836 21
2840 21
2844 20
2846 11
2853 12
2859 12
2866 11
2873 3
2880 3
2887 15
2889 17
2891 13
2897 17
2899 19
2901 11
2908 13
2913 19
2915 10
2918 21
2922 11
2928 15
2930 5
2937 11
2943 3
2950 18
2951 5
2958 6
2965 1
2974 6
2981 11
2988 9
2990 19
2992 12
2999 7
3002 12
3009 15
3011 9
3012 13
3017 7
3019 7
3022 12
3028 18
3029 20
3031 6
3038 3
3044 15
3046 11
3052 15
3054 12
3061 18
3062 3
3069 10
3072 11
3079 15
3081 18
3082 15
3084 11
3091 17
3093 21
3097 4
3105 15
3107 9
3108 8
3111 11
3117 18
3118 1
3127 12
3135 11
3141 12
3148 4
3155 5
3162 13
3167 5
3173 18
3174 15
3176 15
3178 14
3184 8
3187 11
3193 9
3195 4
3203 18
3204 10
3206 4
3212 4
3219 9
3221 20
3223 15
3225 5
3232 21
3236 11
3242 3
3248 5
3255 21
3259 5
3266 18
3267 20
3269 9
3271 12
3278 18
3279 21
3283 6
3290 12
3296 18
3297 12
3303 16
3305 4
3311 8
3315 12
3322 9
3323 6
3329 15
3331 10
3334 11
3341 13
3346 5
3352 2
3361 11
3367 7
3369 4
3376 11
3383 16
3385 16
3387 4
3395 18
3396 4
3404 10
3406 12
3414 2
3424 14
3430 12
3437 4
3444 4
3451 6
3458 21
3462 5
3468 14
3475 16
3477 15
3479 4
3487 12
3493 17
3495 2
3506 6
3512 11
3519 13
3525 8
3528 9
3529 2
3540 13
3545 2
3554 12
3562 19
3564 16
3566 2
3576 6
3582 7
3584 12
3591 18
3592 19
3594 1
3604 5
3610 7
3613 12
3621 11
3627 10
3629 4
3637 16
3639 10
3641 3
3647 2
3657 6
3665 21
3669 20
3671 18
3672 15
3674 6
3680 20
3682 4
3688 21
3692 10
3694 16
3696 15
3698 5
3705 2
3714 21
3718 7
3720 11
3726 19
3728 3
3735 7
3738 21
3742 17
3744 13
3750 20
3752 5
3759 21
3763 10
3765 16
3767 9
3769 10
3770 9
3771 14
3778 1
3788 5
3795 17
3797 10
3800 5
3806 16
3808 6
3815 16
3817 18
3818 10
3820 17
3822 12
3829 2
3838 11
3845 1
3855 5
3861 11
3868 4
3876 17
3878 11
3885 8
3889 2
3899 2
3910 1
3920 12
3927 21
3931 17
3933 15
3935 13
3940 11
3946 11
3952 3
3959 20
3961 6
3968 17
3970 21
3974 18
3975 15
3977 21
3981 7
3984 11
3990 14
3995 21
3999 12
4007 18
4008 5
4015 11
4021 12
4027 21
4031 3
4038 11
4044 21
4048 9
4050 20
4052 6
4059 1
4069 4
4076 18
4077 15
4079 11
4085 21
4089 16
4091 11
4098 14
4105 4
4112 18
4113 5
4120 15
4122 11
4128 2
4137 18
4138 16
4140 17
4142 17
4144 19
4146 18
4147 19
4149 10
4150 13
4156 17
4158 18
4159 12
4167 1
4177 5
4184 11
4190 7
4192 11
4198 8
4202 5
4209 8
4213 11
4220 10
4221 11
4228 12
4236 5
4242 20
4244 18
4245 21
4249 18
4250 2
4260 11
4266 14
4273 10
4275 13
4281 14
4288 4
4296 5
4303 7
4305 20
4307 18
4308 6
4314 11
4320 11
4326 8
4330 12
4337 18
4338 8
4341 15
4343 15
4345 20
4347 8
4350 11
4356 5
4363 15
4365 18
4366 8
4370 17
4372 10
4375 1
4385 1
4395 9
4396 12
4403 6
4410 2
4420 2
4430 14
4437 11
4444 5
4451 20
4453 12
4460 17
4462 10
4465 21
4469 20
4471 16
4473 18
4474 20
4476 1
4486 3
4493 2
4503 7
4505 14
4511 21
4515 8
4517 18
4518 5
4525 19
4527 12
4534 3
4541 15
4543 21
4547 5
4553 16
4555 4
4562 2
4572 13
4578 2
4587 6
4594 8
4598 9
4600 20
4602 4
4609 17
4611 21
4615 8
4619 11
4626 12
4633 17
4635 21
4639 20
4641 18
4642 5
4648 11
4654 20
4656 21
4660 9
4661 8
4665 3
4671 21
4675 8
4678 15
4680 1
4689 13
4694 12
4701 9
4703 10
4706 13
4711 15
4713 10
4715 18
4716 18
4717 3
4724 12
4730 18
4731 11
4738 2
4749 3
4756 12
4762 3
4769 11
4775 19
4777 4
4783 19
4785 19
4787 1
4797 19
4799 15
4801 11
4808 15
4810 18
4811 18
4812 8
4814 11
4820 11
4826 18
4827 17
4829 14
4835 2
4846 12
4854 20
4856 5
4863 11
4869 9
4870 14
4877 16
4879 12
4886 12
4892 20
4894 6
4901 1
4910 11
4917 9
4919 18
4920 3
4927 1
4936 18
4937 12
4945 1
4954 12
4962 14
4968 11
4974 20
4976 11
4983 14
4990 20
4992 6
4999 16
5001 4
5008 19
5010 11
5016 6
5023 3
5030 16
5032 9
5033 4
5040 7
5043 20
5045 3
5052 2
5061 11
5068 18
5069 12
5075 21
5079 10
5081 12
5088 21
5092 17
5094 21
5098 13
5103 21
5107 12
5115 4
5122 18
5123 2
5133 15
5135 7
5137 11
5143 11
5150 12
5157 6
5165 7
5167 18
5168 3
5175 11
5182 18
5183 16
5185 18
5186 11
5193 4
5199 5
5206 1
5216 11
5222 18
5223 8
5226 4
5233 13
5239 11
5245 17
5247 3
5254 6
5260 14
5266 19
5268 6
5274 17
5276 7
5278 2
5288 17
5290 2
5300 17
5302 6
5308 14
5315 7
5317 13
5323 12
5329 17
5331 1
5340 10
5342 15
5344 1
5353 2
5364 12
5372 8
5376 15
5378 9
5379 18
5380 19
5382 16
5384 1
5393 9
5394 5
5401 2
5412 2
5422 11
5428 14
5435 12
5441 1
5450 14
5456 12
5462 13
5468 11
5475 16
5477 21
5481 12
5488 2
5497 8
5499 12
5505 11
5511 10
5513 3
5520 1
5530 9
5532 20
5534 14
5540 11
5546 5
5553 12
5559 9
5560 12
5567 7
5570 9
5571 13
5576 15
5578 21
5582 5
5588 21
5592 2
5601 11
5608 9
5609 13
5615 11
5622 11
5628 21
5632 12
5639 18
5640 12
5648 3
5655 18
5656 19
5658 20
5660 12
5667 11
5674 1
5683 2
5692 16
5694 15
5696 5
5703 15
5705 12
5713 12
5721 15
5723 12
5731 9
5733 7
5736 10
5737 17
5739 12
5745 2
5755 7
5757 12
5763 21
5767 2
5777 10
5779 18
5780 1
5789 18
5790 10
5793 11
5799 12
5807 7
5809 5
5816 13
5822 3
5829 11
5835 1
5844 1
5853 17
5855 6
5861 13
5867 18
5868 9
5870 4
5877 17
5879 15
5881 12
5888 12
5896 5
5903 1
5912 7
5914 2
5924 17
5926 16
5928 2
5937 7
5940 10
5942 3
5949 6
5957 12
5965 8
5969 9
5971 4
5978 2
5988 8
5990 6
5997 15
5999 15
6001 18
6002 12
6009 4
6015 12
6021 13
6027 5
6033 9
6035 12
6042 18
6043 15
6045 1
6055 11
6062 2
6073 11
6080 8
6083 4
6091 7
6093 12
6101 17
6103 8
6106 11
6113 3
6120 4
6127 11
6134 14
6139 1
6148 11
6155 3
6162 19
6164 15
6166 18
6167 6
6173 3
6180 6
6188 1
6197 18
6198 20
6200 7
6203 16
6205 2
6215 18
6216 10
6218 8
6220 21
6224 7
6226 4
6234 10
6236 21
6240 10
6243 9
6245 17
6247 9
6249 11
6256 11
6263 16
6265 11
6272 15
6274 13
6279 2
6289 3
6296 15
6298 4
6304 11
6310 12
6317 3
6323 12
6330 10
6331 20
6333 11
6340 11
6346 20
6348 6
6354 10
6356 9
6358 12
6364 11
6371 16
6373 2
6382 10
6384 2
6394 11
6401 21
6405 18
6406 12
6412 21
6416 15
6418 18
6419 16
6421 2
6432 13
6438 18
6439 18
6440 9
6442 19
6444 8
6447 20
6449 12
6455 12
6463 3
6470 18
6471 19
6473 11
6479 4
6486 18
6487 14
6493 15
6495 13
6500 16
6502 11
6508 21
6512 1
6522 19
6524 2
6534 9
6536 2
6547 11
6554 1
6564 21
6568 8
6572 18
6573 6
6580 16
6582 6
6589 17
6591 10
6592 1
6601 1
6611 9
6613 2
6624 20
6626 6
6634 7
6637 5
6644 7
6646 21
6650 5
6656 11
6663 7
6665 2
6676 11
6682 4
6688 8
6690 9
6691 15
6693 16
6695 8
6698 11
6704 1
6714 11
6721 19
6723 18
6724 11
6731 20
6733 4
6739 18
6740 11
6746 16
6748 15
6750 18
6751 7
6753 16
6755 4
6762 8
6766 2
6775 6
6783 10
6786 15
6788 6
6795 18
6796 19
6798 11
6805 1
6814 11
6821 21
6825 20
6827 13
6832 16
6834 6
6840 11
6847 16
6849 12
6856 3
6862 20
6864 6
6870 11
6876 15
6878 5
6884 8
6887 1
6897 12
6905 21
6909 11
6915 16
6917 20
6919 21
6923 12
6931 4
6938 20
6940 19
6942 12
6948 20
6950 12
6957 1
6967 11
6974 13
6980 10
6982 7
6984 21
6988 18
6989 11
6995 4
7002 20
7004 12
7011 9
7013 14
7018 21
7022 16
