1494
1 21
5 8
8 7
11 10
14 16
16 12
22 19
24 21
28 8
32 10
34 9
35 9
37 17
39 20
41 18
42 18
43 2
52 12
59 2
70 7
73 16
75 14
82 14
87 18
88 20
90 5
97 12
104 12
110 6
117 3
123 6
131 11
138 16
140 18
141 16
143 4
150 10
153 14
159 18
160 15
162 9
163 15
165 21
169 5
176 11
183 7
186 18
187 19
189 21
193 12
201 8
204 15
206 21
210 4
217 6
224 12
231 19
233 11
240 7
243 4
249 9
250 2
260 18
261 7
264 12
271 3
278 8
281 9
283 20
285 7
288 15
290 17
292 6
299 3
306 14
312 11
318 11
324 9
326 19
328 20
330 5
336 7
339 16
341 18
342 11
348 9
349 11
355 18
356 5
362 5
368 17
370 10
372 20
374 15
376 8
380 1
389 12
395 21
399 5
405 4
411 4
419 19
421 20
423 21
427 9
428 11
434 7
436 8
439 19
441 12
447 11
453 11
459 9
460 4
467 10
470 6
477 12
483 4
490 12
496 11
502 7
505 18
506 12
514 6
520 12
526 11
532 9
534 17
536 14
541 14
547 6
554 8
556 10
559 7
562 15
564 18
565 11
571 5
577 11
584 18
585 5
591 12
598 12
604 12
610 17
612 5
618 5
624 12
631 11
637 18
638 20
640 16
642 10
643 12
649 14
655 19
657 16
659 11
666 4
674 11
681 1
690 17
692 12
699 12
705 15
707 12
714 21
718 11
724 11
730 11
736 9
737 12
744 10
747 17
749 1
759 6
766 9
768 16
770 10
772 18
773 14
779 11
786 11
792 14
799 12
805 4
812 14
819 18
820 20
822 12
829 17
831 11
838 16
840 1
850 11
857 17
859 5
866 13
872 20
874 10
876 12
884 15
886 13
892 6
899 15
901 1
911 10
913 18
914 19
916 5
923 6
931 7
933 21
937 20
939 11
945 8
949 12
957 12
964 14
969 2
979 12
986 8
990 7
993 17
995 18
996 12
1002 15
1004 7
1006 16
1008 10
1011 9
1012 12
1019 20
1021 14
1026 9
1028 21
1032 20
1034 21
1038 14
1043 18
1044 15
1046 17
1048 18
1049 17
1051 2
1060 7
1063 13
1069 7
1071 17
1073 12
1080 1
1089 17
1091 18
1092 15
1094 11
1101 10
1103 17
1105 2
1114 1
1123 15
1125 11
1131 13
1136 5
1143 13
1149 18
1150 16
1152 19
1154 10
1157 21
1161 12
1168 12
1174 5
1181 21
1185 19
1187 7
1190 13
1196 17
1198 9
1200 7
1203 12
1210 8
1214 8
1217 12
1224 14
1230 21
1234 18
1235 2
1244 11
1251 7
1253 11
1260 9
1261 20
1263 14
1270 11
1276 19
1278 16
1280 5
1286 11
1293 14
1298 3
1305 10
1307 4
1314 11
1320 17
1322 11
1328 1
1337 5
1343 12
1350 17
1352 13
1358 11
1364 12
1372 12
1380 12
1387 4
1394 6
1401 16
1403 11
1409 15
1411 20
1413 12
1420 13
1426 11
1433 13
1438 17
1440 5
1446 17
1448 2
1457 11
1463 21
1467 21
1471 3
1478 2
1489 7
1491 19
1493 16
1495 15
1497 12
1504 21
1508 7
1510 2
1521 6
1529 20
1531 11
1538 8
1542 5
1548 6
1554 18
1555 20
1557 3
1564 9
1565 10
1568 2
1579 19
1581 5
1587 6
1594 5
1600 18
1601 2
1610 12
1616 4
1624 10
1626 1
1635 12
1643 17
1645 12
1651 4
1659 2
1669 18
1670 2
1679 1
1688 3
1695 9
1697 1
1707 13
1712 17
1714 16
1716 14
1723 11
1730 12
1737 17
1739 4
1746 12
1753 12
1760 6
1767 19
1769 12
1776 11
1783 7
1786 15
1788 16
1790 7
1793 6
1801 10
1803 12
1810 11
1816 11
1823 1
1832 1
1841 20
1843 2
1852 3
1858 20
1860 12
1867 18
1868 9
1870 11
1876 7
1879 12
1887 11
1894 1
1904 9
1906 5
1912 12
1919 8
1922 16
1924 15
1926 10
1927 11
1934 6
1940 6
1946 2
1957 7
1960 19
1962 11
1968 13
1973 11
1980 12
1987 16
1989 12
1995 4
2003 11
2010 21
2014 19
2016 14
2021 11
2027 11
2033 14
2039 18
2040 18
2041 11
2048 7
2050 11
2056 6
2064 18
2065 12
2072 11
2078 5
2085 7
2087 1
2096 12
2103 20
2105 19
2107 12
2114 11
2120 11
2126 10
2128 12
2135 13
2141 12
2148 15
2150 20
2152 13
2158 4
2165 5
2171 15
2173 20
2175 21
2179 17
2181 15
2183 7
2186 8
2189 6
2196 19
2198 21
2202 4
2209 18
2210 3
2217 20
2219 18
2220 10
2222 17
2224 10
2227 16
2229 11
2235 12
2242 15
2244 2
2255 11
2261 5
2267 12
2275 11
2282 12
2290 16
2292 12
2299 15
2301 20
2303 20
2305 8
2307 21
2311 5
2318 1
2328 7
2330 11
2337 21
2341 16
2343 2
2354 11
2361 12
2369 12
2375 12
2382 4
2389 20
2391 9
2393 12
2400 2
2410 10
2412 17
2414 3
2421 8
2424 7
2427 7
2429 4
2437 6
2445 8
2449 7
2452 8
2456 11
2462 5
2469 12
2476 11
2483 18
2484 2
2495 19
2497 12
2503 1
2513 14
2519 12
2527 12
2534 18
2535 6
2543 18
2544 17
2546 11
2552 8
2555 14
2562 12
2570 7
2573 15
2575 13
2581 19
2583 18
2584 20
2586 11
2593 12
2600 12
2607 11
2613 3
2619 6
2626 18
2627 20
2629 19
2631 14
2637 14
2644 10
2647 11
2654 20
2656 1
2666 1
2675 19
2677 4
2685 18
2686 3
2692 16
2694 21
2698 12
2706 1
2716 4
2723 15
2725 11
2732 18
2733 4
2740 19
2742 17
2744 20
2746 2
2756 11
2762 4
2769 11
2775 11
2782 11
2789 15
2791 9
2793 11
2799 19
2801 21
2805 15
2807 19
2809 5
2816 15
2818 11
2824 9
2825 21
2829 12
2836 10
2838 19
2840 16
2842 13
2848 17
2850 20
2852 19
2854 3
2860 21
2864 1
2874 11
2881 20
2883 20
2885 3
2892 3
2899 8
2902 18
2903 3
2909 15
2911 17
2913 18
2914 2
2924 9
2926 11
2933 11
2940 12
2948 7
2950 13
2956 9
2958 14
2964 2
2974 9
2976 6
2982 1
2992 15
2994 20
2996 21
3000 10
3002 7
3005 14
3012 3
3018 5
3025 17
3027 12
3035 7
3038 1
3047 13
3052 7
3055 5
3061 17
3063 2
3073 7
3075 12
3081 18
3082 11
3089 17
3091 2
3101 11
3107 12
3113 11
3119 11
3125 3
3132 3
3138 13
3144 10
3145 15
3147 11
3154 6
3161 18
3162 20
3164 9
3165 12
3171 20
3173 8
3175 5
3182 4
3189 4
3196 7
3199 18
3200 13
3205 21
3209 11
3215 10
3217 18
3218 8
3221 11
3227 11
3234 7
3237 6
3244 11
3251 21
3255 11
3261 11
3267 7
3269 18
3270 10
3272 16
3274 10
3277 13
3282 21
3286 11
3292 8
3294 11
3301 9
3303 21
3307 16
3309 5
3316 18
3317 2
3327 18
3328 4
3336 17
3338 6
3346 9
3348 7
3350 5
3356 21
3360 11
3367 18
3368 21
3372 15
3374 5
3381 16
3383 18
3384 16
3386 14
3392 2
3403 8
3407 3
3414 16
3416 7
3418 8
3422 11
3429 11
3436 13
3442 13
3448 15
3450 7
3452 16
3454 9
3455 14
3461 18
3462 11
3468 18
3469 13
3475 15
3477 18
3478 5
3484 12
3490 11
3497 16
3499 15
3501 16
3503 4
3510 1
3520 8
3523 3
3530 12
3537 8
3540 7
3543 11
3550 12
3558 19
3560 10
3563 11
3570 1
3579 5
3586 15
3588 17
3590 11
3596 14
3602 17
3604 18
3605 14
3611 12
3618 7
3621 4
3627 6
3634 11
3640 3
3646 5
3652 8
3656 18
3657 14
3663 10
3665 7
3667 4
3675 20
3677 15
3679 1
3689 11
3695 15
3697 1
3706 11
3712 12
3719 19
3721 14
3727 1
3737 11
3743 16
3745 9
3747 6
3753 20
3755 14
3761 8
3764 12
3771 18
3772 9
3773 11
3779 8
3781 9
3783 18
3784 17
3786 18
3787 17
3789 14
3795 14
3800 12
3807 7
3809 3
3815 10
3817 17
3819 20
3821 6
3828 10
3830 12
3837 9
3838 16
3840 11
3846 6
3853 6
3859 3
3866 14
3871 16
3873 2
3884 1
3894 21
3898 6
3906 11
3912 6
3920 11
3926 4
3932 18
3933 12
3939 15
3941 11
3948 21
3952 6
3959 20
3961 18
3962 11
3968 11
3974 18
3975 5
3982 18
3983 5
3989 2
3998 11
4005 13
4010 19
4012 12
4019 12
4027 2
4037 20
4039 6
4047 20
4049 18
4050 10
4052 9
4054 21
4058 8
4060 21
4064 12
4072 3
4079 15
4081 1
4091 18
4092 12
4100 19
4102 2
4112 21
4116 8
4118 11
4125 21
4129 12
4136 9
4137 14
4142 12
4149 9
4151 15
4153 18
4154 11
4161 3
4167 11
4174 19
4176 3
4183 15
4185 3
4191 5
4197 16
4199 19
4201 15
4203 1
4212 21
4216 2
4227 11
4233 15
4235 4
4243 16
4245 18
4246 10
4248 6
4255 5
4262 19
4264 11
4270 10
4272 15
4274 7
4277 18
4278 10
4279 3
4285 18
4286 8
4289 16
4291 11
4298 19
4300 21
4304 10
4305 1
4315 14
4321 11
4328 7
4330 17
4332 7
4334 20
4336 11
4342 11
4348 1
4358 18
4359 11
4366 18
4367 18
4368 13
4374 18
4375 4
4382 10
4385 14
4391 3
4398 5
4404 7
4406 14
4413 2
4424 5
4430 13
4435 15
4437 10
4439 12
4445 10
4448 3
4454 11
4461 12
4467 12
4473 12
4480 18
4481 20
4483 8
4485 18
4486 13
4491 11
4498 7
4500 18
4501 11
4507 18
4508 10
4509 12
4516 15
4518 11
4525 14
4532 13
4538 4
4544 11
4551 4
4557 15
4559 2
4569 11
4576 5
4583 3
4590 19
4592 12
4600 6
4608 18
4609 12
4617 12
4623 7
4626 1
4636 11
4643 19
4645 5
4651 13
4656 12
4663 12
4670 10
4672 12
4679 9
4680 1
4689 12
4696 20
4698 18
4699 10
4702 11
4708 9
4709 16
4711 12
4719 3
4726 4
4733 16
4735 21
4739 3
4746 20
4748 8
4751 13
4757 2
4766 12
4773 20
4775 20
4777 2
4788 20
4790 17
4792 12
4799 7
4802 1
4812 11
4819 6
4826 3
4832 15
4834 16
4836 21
4840 11
4846 2
4856 5
4863 16
4865 11
4871 11
4877 14
4883 4
4890 12
4897 17
4899 1
4909 4
4916 12
4923 16
4925 13
4930 6
4937 14
4943 8
4947 12
4955 14
4962 17
4964 13
4969 10
4971 18
4972 11
4979 11
4986 3
4993 1
5003 3
5010 11
5017 15
5019 15
5021 12
5028 12
5035 15
5037 2
5048 2
5059 7
5061 18
5062 15
5064 16
5066 5
5073 12
5080 19
5082 12
5089 1
5098 13
5104 3
5111 11
5117 10
5119 12
5126 12
5132 11
5138 6
5145 11
5152 18
5153 13
5158 11
5165 9
5167 4
5174 5
5180 13
5186 21
5190 19
5192 20
5194 9
5195 4
5203 16
5205 13
5210 12
5217 1
5227 12
5233 17
5235 4
5242 12
5250 19
5252 7
5254 18
5255 15
5257 19
5259 11
5266 15
5268 11
5275 14
5281 17
5283 12
5291 7
5293 14
5300 18
5301 18
5302 12
5309 10
5310 21
5314 12
5321 15
5323 5
5329 18
5330 6
5336 2
5346 14
5352 12
5359 11
5366 14
5371 11
5378 18
5379 18
5380 18
5381 15
5383 11
5390 7
5393 20
5395 18
5396 7
5398 13
5404 21
5408 18
5409 13
5414 19
5416 11
5422 3
5428 19
5430 10
5432 4
5439 6
5446 1
5456 1
5466 12
5473 13
5478 11
5485 11
5492 6
5500 18
5501 8
5505 14
5511 21
5515 1
5525 9
5526 15
5528 8
5530 1
5540 15
5542 9
5543 18
5544 3
5551 11
5557 12
5563 18
5564 4
5571 20
5573 2
5583 8
5586 1
5596 10
5598 1
5607 12
5614 12
5621 11
5628 11
5635 7
5637 16
5639 13
5645 1
5654 18
5655 17
5657 12
5664 11
5670 6
5676 20
5678 18
5679 3
5686 18
5687 11
5694 7
5697 5
5703 9
5705 19
5707 18
5708 11
5714 17
5716 16
5718 12
5725 10
5727 11
5734 17
5736 7
5738 11
5745 12
5753 15
5755 9
5757 11
5764 12
5770 17
5772 11
5778 16
5780 1
5789 12
5795 15
5797 10
5799 16
5801 17
5803 12
5810 2
5819 3
5826 12
5832 6
5840 7
5843 19
5845 3
5851 1
5860 2
5869 21
5873 17
5875 15
5877 6
5883 13
5889 11
5896 1
5905 6
5912 2
5922 15
5924 13
5929 16
5931 12
5938 3
5945 17
5947 11
5953 14
5958 5
5965 12
5972 11
5979 18
5980 7
5982 12
5989 12
5996 12
6003 6
6010 10
6012 1
6022 18
6023 15
6025 21
6029 21
6033 12
6040 18
6041 12
6048 9
6050 8
6053 11
6059 12
6066 18
6067 11
6073 7
6076 11
6083 4
6090 19
6092 5
6098 11
6105 13
6111 11
6118 14
6123 2
6134 9
6135 19
6137 7
6140 11
6146 10
6148 4
6155 4
6162 18
6163 5
6169 10
6170 18
6171 1
6180 1
6190 19
6192 14
6198 11
6204 3
6210 19
6212 18
6213 19
6215 11
6222 8
6225 1
6235 6
6243 1
6252 10
6255 14
6261 19
6263 14
6269 21
6273 9
6275 18
6276 1
6285 14
6291 11
6298 20
6300 16
6302 12
6309 6
6316 20
6318 11
6325 12
6332 11
6339 15
6341 16
6343 18
6344 7
6346 10
6347 3
6354 1
6363 12
6370 5
6376 5
6383 10
6385 12
6393 11
6399 10
6402 15
6404 2
6413 2
6422 7
6424 7
6426 1
6436 20
6438 7
6441 18
6442 20
6444 9
6445 17
6447 7
6450 18
6451 13
6457 15
6459 1
6469 6
6475 20
6477 9
6479 8
6481 12
6488 9
6490 14
6495 12
6502 9
6503 11
6509 14
6514 5
6521 3
6527 5
6533 14
6538 16
6540 1
6549 11
6555 5
6561 11
6568 5
6575 17
6577 9
6579 15
6581 17
6583 3
6590 11
6597 18
6598 12
6605 17
6607 6
6614 13
6619 11
6625 8
6627 16
6629 19
6631 18
6632 10
6635 12
6642 18
6643 14
6650 7
6653 15
6655 7
6657 11
6663 12
6670 3
6677 18
6678 19
6680 10
6683 16
6685 2
6694 11
6700 12
6706 1
6716 15
6718 12
6724 11
6730 5
6737 10
6738 2
6749 14
6756 12
6762 20
6764 21
6768 20
6770 16
6772 12
6778 16
6780 12
6788 12
6795 9
6796 20
6798 1
6807 3
6813 9
6815 3
6821 12
6828 14
6834 2
6844 21
6848 9
6850 15
6852 5
6858 2
6867 11
6873 17
6875 7
6878 17
6880 6
6887 2
6898 11
6904 9
6905 12
6911 13
6917 11
6923 18
6924 8
6927 17
6929 15
6931 12
6937 18
6938 13
6943 3
6949 12
6956 17
6958 21
6962 16
6964 12
6970 17
6972 3
6978 18
6979 1
6989 13
6994 11
7000 20
7002 13
7007 10
