1494
1 10
3 3
10 5
17 6
25 11
31 12
39 1
48 6
55 8
58 18
59 4
66 12
73 4
80 8
82 10
84 6
92 6
99 11
105 18
106 12
113 18
114 12
122 7
124 18
125 4
132 6
140 3
147 11
154 14
161 11
168 9
169 13
175 7
177 16
179 9
180 19
182 11
188 18
189 11
196 11
203 7
205 21
209 12
216 4
222 11
228 7
231 11
238 15
240 12
247 11
253 20
255 12
262 12
269 19
271 8
274 3
280 4
288 9
290 13
296 4
304 11
311 18
312 20
314 18
315 15
317 6
323 2
334 18
335 20
337 13
343 1
353 13
358 3
364 11
370 10
371 12
379 19
381 11
388 7
391 19
393 5
399 16
401 13
407 3
413 10
415 20
417 11
424 2
434 14
441 20
443 16
445 12
453 1
463 5
470 11
477 6
484 12
491 11
497 11
503 21
507 18
508 11
514 4
521 11
528 19
530 14
536 20
538 15
540 11
546 8
549 9
550 10
552 2
562 7
565 10
568 11
574 9
576 18
577 11
583 9
584 18
585 11
592 20
594 14
601 4
608 4
614 3
620 8
623 21
627 11
634 17
636 12
643 7
645 14
652 16
654 11
660 3
666 7
668 8
671 16
673 10
675 6
683 8
686 18
687 4
693 16
695 6
702 3
708 11
714 12
721 14
727 11
733 4
739 8
741 21
745 19
747 2
758 6
765 17
767 12
775 2
784 5
791 11
798 18
799 4
805 3
812 2
821 12
827 11
833 5
840 21
844 14
850 20
852 21
856 12
862 12
869 21
873 5
879 2
889 19
891 12
899 5
906 8
910 8
913 12
920 14
926 12
932 8
935 11
941 4
947 6
954 10
956 17
958 11
964 5
970 3
977 5
983 16
985 19
987 19
989 11
996 5
1002 20
1004 16
1006 19
1008 11
1014 12
1021 9
1023 11
1029 12
1035 3
1041 15
1043 4
1049 11
1055 17
1057 16
1059 15
1061 11
1068 11
1074 12
1081 5
1087 11
1093 9
1094 7
1097 11
1104 7
1106 15
1108 21
1112 18
1113 11
1120 11
1126 14
1132 21
1136 19
1138 20
1140 13
1146 2
1155 19
1157 2
1168 18
1169 14
1174 6
1181 18
1182 11
1189 17
1191 7
1194 3
1200 11
1207 11
1213 12
1221 17
1223 12
1229 9
1231 11
1237 4
1245 21
1249 11
1256 12
1262 7
1264 17
1266 3
1273 18
1274 12
1280 17
1282 3
1288 18
1289 19
1291 11
1298 15
1300 4
1306 18
1307 8
1311 18
1312 12
1319 7
1321 2
1332 12
1339 3
1346 5
1353 20
1355 13
1361 20
1363 18
1364 20
1366 16
1368 15
1370 9
1372 18
1373 20
1375 21
1379 10
1380 11
1387 12
1394 15
1396 12
1403 9
1405 2
1414 19
1416 9
1418 17
1420 1
1430 11
1437 13
1443 21
1447 11
1454 6
1461 2
1471 14
1477 7
1480 15
1482 20
1484 19
1486 6
1494 14
1499 12
1506 13
1511 19
1513 9
1515 11
1521 12
1528 9
1530 21
1534 12
1541 20
1543 10
1546 8
1550 17
1552 15
1554 6
1561 9
1563 11
1569 11
1575 11
1582 10
1584 15
1586 17
1588 16
1590 11
1596 1
1606 20
1608 1
1618 10
1621 6
1629 14
1634 9
1636 20
1638 11
1645 12
1652 15
1654 3
1661 21
1665 1
1674 17
1676 20
1678 14
1684 13
1689 16
1691 20
1693 16
1695 4
1703 18
1704 5
1710 11
1717 11
1724 12
1731 7
1734 7
1737 12
1744 20
1746 3
1753 2
1762 13
1767 12
1775 4
1783 19
1785 12
1792 7
1795 5
1802 14
1808 16
1810 20
1812 12
1819 21
1823 6
1831 2
1840 8
1842 12
1849 21
1853 21
1857 13
1863 7
1866 10
1868 12
1875 6
1883 12
1891 13
1897 18
1898 12
1904 11
1911 12
1919 8
1922 16
1924 6
1931 16
1933 21
1937 20
1939 14
1945 18
1946 19
1948 8
1951 12
1958 3
1964 3
1970 19
1972 17
1974 14
1980 11
1986 18
1987 16
1989 1
1998 5
2004 17
2006 18
2007 20
2009 11
2016 17
2018 16
2020 21
2024 5
2031 11
2037 18
2038 9
2039 20
2041 11
2047 20
2049 19
2051 8
2053 18
2054 17
2056 2
2066 16
2068 11
2074 12
2081 2
2091 15
2093 7
2095 3
2101 11
2108 9
2109 3
2116 13
2122 9
2123 17
2125 1
2135 9
2137 4
2144 12
2150 11
2156 11
2163 6
2170 11
2177 4
2184 21
2188 4
2195 13
2201 12
2208 11
2214 15
2216 12
2223 11
2229 20
2231 6
2238 8
2241 14
2246 11
2253 18
2254 8
2256 12
2263 2
2274 8
2276 7
2278 9
2280 11
2286 16
2288 9
2290 19
2292 9
2294 6
2301 7
2303 10
2306 1
2315 9
2316 12
2324 18
2325 11
2332 1
2342 4
2350 12
2357 16
2359 10
2360 14
2365 18
2366 15
2368 4
2376 8
2379 15
2381 5
2387 11
2394 5
2400 11
2406 12
2414 16
2416 9
2418 13
2423 6
2429 12
2436 16
2438 18
2439 7
2442 11
2448 13
2453 13
2459 8
2462 2
2472 17
2474 11
2481 11
2487 14
2493 11
2500 3
2507 15
2509 8
2512 14
2518 20
2520 15
2522 14
2529 11
2536 17
2538 8
2540 11
2546 13
2552 7
2555 9
2557 16
2559 13
2565 18
2566 12
2574 21
2578 19
2580 5
2587 11
2594 11
2600 10
2602 8
2604 6
2611 16
2613 19
2615 20
2617 15
2619 11
2625 16
2627 14
2633 18
2634 7
2637 21
2641 16
2643 11
2650 9
2652 17
2654 7
2657 5
2664 13
2669 4
2677 10
2679 20
2681 13
2686 7
2689 1
2698 10
2699 14
2705 12
2712 9
2713 14
2719 11
2725 5
2732 13
2737 7
2740 4
2747 7
2749 7
2752 20
2754 14
2760 11
2766 20
2768 1
2778 14
2784 4
2790 6
2797 4
2803 17
2805 11
2812 15
2814 9
2815 11
2822 14
2829 5
2835 5
2842 10
2844 8
2847 8
2850 10
2853 17
2855 2
2865 10
2866 5
2873 12
2879 5
2886 19
2888 18
2889 8
2892 12
2900 3
2906 1
2916 13
2921 21
2925 16
2927 11
2933 12
2939 6
2946 17
2948 4
2955 18
2956 12
2963 17
2965 5
2972 12
2979 1
2988 15
2990 21
2994 12
3002 9
3004 9
3005 20
3007 14
3013 19
3015 16
3017 21
3021 20
3023 9
3025 8
3029 4
3036 7
3038 11
3044 8
3047 20
3049 11
3055 12
3062 20
3064 2
3074 6
3081 3
3088 12
3095 6
3102 6
3109 13
3115 19
3117 11
3124 14
3130 12
3138 2
3147 3
3154 16
3156 13
3161 20
3163 21
3167 5
3173 18
3174 16
3176 4
3183 18
3184 4
3190 19
3192 7
3194 6
3201 11
3208 18
3209 9
3210 4
3217 1
3227 10
3229 1
3238 14
3243 15
3245 14
3251 12
3258 8
3261 20
3263 10
3265 11
3271 17
3273 12
3279 18
3280 14
3285 5
3292 18
3293 10
3295 2
3304 5
3310 18
3311 8
3315 12
3322 5
3328 11
3334 13
3340 4
3347 21
3351 1
3360 12
3366 17
3368 8
3371 11
3378 7
3381 1
3391 18
3392 12
3399 2
3409 16
3411 21
3415 7
3418 16
3420 15
3422 8
3426 10
3428 15
3430 14
3436 2
3446 12
3453 18
3454 12
3461 19
3463 12
3470 19
3472 6
3479 15
3481 11
3488 8
3492 3
3499 10
3501 17
3503 20
3505 4
3511 8
3514 7
3516 3
3522 19
3524 11
3530 12
3536 1
3545 4
3551 20
3553 11
3560 5
3567 11
3573 2
3582 11
3588 3
3595 14
3601 9
3603 20
3605 15
3607 10
3609 3
3615 14
3620 13
3625 11
3631 15
3633 12
3640 6
3646 12
3652 11
3658 18
3659 11
3665 15
3667 17
3669 13
3674 6
3681 20
3683 9
3684 11
3690 2
3700 13
3706 2
3716 4
3723 2
3733 11
3739 21
3743 16
3745 1
3754 2
3763 3
3770 12
3777 11
3784 16
3786 8
3788 12
3794 18
3795 2
3806 7
3809 20
3811 21
3815 10
3817 12
3824 19
3826 5
3832 2
3842 17
3844 11
3851 14
3857 5
3863 10
3866 19
3868 16
3870 5
3876 15
3878 7
3880 19
3882 16
3884 12
3891 12
3897 7
3899 14
3905 16
3907 2
3917 16
3919 21
3923 6
3930 19
3932 16
3934 2
3943 4
3950 16
3952 15
3954 9
3955 12
3963 15
3965 6
3972 5
3979 5
3985 18
3986 3
3992 12
4000 11
4007 17
4009 15
4011 16
4013 2
4023 11
4029 12
4036 3
4043 18
4044 12
4051 7
4053 17
4055 13
4060 16
4062 16
4064 1
4073 13
4078 20
4080 8
4084 19
4086 18
4087 4
4093 2
4103 14
4108 4
4114 18
4115 10
4116 12
4123 11
4129 1
4138 8
4141 9
4143 16
4145 14
4150 7
4152 2
4163 10
4165 5
4171 11
4178 18
4179 10
4181 21
4185 11
4192 11
4199 6
4207 18
4208 7
4210 17
4212 2
4222 11
4229 14
4235 7
4237 4
4244 4
4250 21
4254 18
4255 14
4262 13
4267 7
4269 3
4275 16
4277 13
4282 8
4286 4
4294 15
4296 6
4302 7
4304 7
4306 11
4312 7
4314 21
4318 21
4322 21
4326 1
4336 12
4342 14
4348 19
4350 3
4357 19
4359 17
4361 18
4362 2
4371 9
4372 18
4373 16
4375 4
4383 17
4385 11
4391 14
4398 8
4400 1
4409 14
4415 17
4417 6
4424 12
4430 18
4431 9
4433 11
4439 14
4444 16
4446 1
4455 10
4456 11
4462 11
4469 2
4479 18
4480 19
4482 8
4484 21
4488 18
4489 7
4492 20
4494 4
4501 12
4509 20
4511 2
4522 7
4525 3
4532 9
4534 11
4540 4
4547 18
4548 12
4554 1
4563 17
4565 8
4568 12
4575 11
4582 11
4589 5
4596 12
4603 21
4607 9
4609 9
4611 16
4613 11
4619 2
4629 16
4631 11
4637 11
4644 2
4654 3
4661 12
4669 11
4675 16
4677 9
4679 5
4685 18
4686 16
4688 16
4690 11
4696 21
4700 20
4702 17
4704 4
4710 17
4712 13
4717 11
4724 8
4727 11
4734 1
4743 12
4750 8
4754 20
4756 3
4763 19
4765 11
4771 5
4778 11
4785 12
4793 8
4797 20
4799 11
4805 12
4812 12
4819 15
4821 1
4830 19
4832 12
4840 11
4846 11
4852 18
4853 18
4854 1
4863 2
4872 7
4875 1
4884 6
4891 4
4899 8
4902 9
4903 7
4905 3
4911 21
4915 11
4922 21
4926 7
4928 18
4929 18
4930 17
4932 9
4934 12
4940 1
4950 18
4951 16
4953 12
4960 11
4967 18
4968 2
4978 12
4985 11
4992 17
4994 12
5001 3
5008 3
5015 21
5019 13
5024 16
5026 2
5036 1
5046 12
5054 12
5061 7
5063 11
5070 8
5072 5
5078 10
5080 9
5081 21
5085 10
5088 11
5094 12
5101 9
5103 11
5110 18
5111 15
5113 3
5120 18
5121 10
5124 13
5130 12
5136 11
5142 20
5144 12
5151 19
5153 12
5159 13
5165 12
5173 1
5182 21
5186 12
5193 11
5200 12
5208 7
5211 18
5212 16
5214 11
5220 4
5226 10
5228 19
5230 6
5237 12
5244 21
5248 14
5254 17
5256 12
5264 18
5265 13
5271 1
5281 7
5283 11
5290 21
5294 20
5296 6
5303 16
5305 12
5313 3
5319 17
5321 16
5323 14
5329 16
5331 6
5338 14
5343 2
5353 11
5359 12
5366 9
5368 1
5377 3
5383 6
5389 2
5398 11
5404 12
5411 3
5418 10
5421 14
5427 10
5430 5
5437 15
5439 2
5449 12
5456 12
5463 10
5464 18
5465 21
5469 9
5471 11
5477 8
5481 15
5483 7
5486 21
5490 14
5495 2
5505 11
5512 2
5521 8
5523 20
5525 2
5536 16
5538 11
5544 14
5550 16
5552 6
5558 3
5564 17
5566 10
5568 16
5570 4
5578 18
5579 11
5585 3
5591 3
5597 18
5598 11
5605 19
5607 12
5614 6
5621 5
5627 2
5637 9
5638 15
5640 11
5647 2
5657 21
5661 18
5662 3
5669 21
5673 2
5683 7
5686 1
5696 18
5697 2
5708 21
5712 12
5719 4
5727 2
5738 11
5744 5
5750 18
5751 11
5758 15
5760 7
5762 3
5768 4
5775 4
5781 16
5783 14
5788 5
5795 10
5796 8
5799 15
5801 11
5808 1
5818 11
5825 14
5831 11
5837 18
5838 16
5840 16
5842 13
5847 20
5849 11
5856 18
5857 4
5865 19
5867 16
5869 5
5876 6
5883 14
5890 12
5898 4
5905 8
5908 11
5915 4
5922 12
5929 12
5936 6
5944 3
5950 21
5954 11
5960 15
5962 8
5965 5
5972 21
5976 1
5985 17
5987 1
5997 16
5999 12
6006 12
6013 13
6019 5
6026 9
6028 19
6030 21
6034 10
6036 10
6038 20
6040 12
6048 16
6050 21
6054 21
6058 4
6066 16
6068 12
6075 16
6077 12
6085 8
6088 8
6092 10
6094 19
6096 18
6097 12
6105 14
6111 18
6112 4
6120 1
6129 10
6131 10
6133 14
6139 12
6146 17
6148 18
6149 20
6151 10
6153 15
6155 7
6158 20
6160 10
6163 5
6169 18
6170 5
6176 17
6178 16
6180 8
6183 11
6190 11
6196 11
6202 20
6204 12
6212 11
6218 16
6220 9
6221 18
6222 21
6226 11
6233 17
6235 5
6241 18
6242 11
6249 4
6257 1
6267 1
6276 11
6282 6
6288 8
6292 21
6296 17
6298 7
6300 12
6307 14
6314 11
6321 10
6324 6
6332 6
6338 8
6341 11
6348 20
6350 4
6358 19
6360 12
6367 13
6372 12
6379 3
6385 12
6393 21
6397 15
6399 8
6402 2
6412 14
6418 19
6420 5
6427 9
6429 21
6433 6
6441 17
6443 10
6445 11
6451 14
6457 8
6459 18
6460 14
6466 17
6468 8
6472 20
6474 19
6476 14
6483 4
6490 11
6496 2
6505 11
6511 5
6518 13
6524 12
6532 18
6533 19
6535 6
6543 1
6552 1
6562 10
6564 2
6575 11
6581 18
6582 20
6584 8
6588 20
6590 18
6591 9
6593 9
6595 13
6600 16
6602 10
6603 6
6609 15
6611 10
6613 10
6615 12
6623 17
6625 6
6633 19
6635 18
6636 13
6642 1
6652 9
6654 12
6661 12
6669 3
6675 8
6677 3
6684 11
6691 11
6698 7
6700 13
6706 13
6711 17
6713 13
6718 17
6720 13
6725 12
6732 13
6738 3
6744 15
6746 11
6752 19
6754 10
6755 3
6761 21
6765 5
6772 12
6779 18
6780 14
6786 11
6793 7
6795 16
6797 5
6803 15
6805 19
6807 11
6814 8
6817 17
6819 6
6826 10
6828 8
6831 17
6833 13
6839 11
6846 10
6849 19
6851 7
6853 17
6855 19
6857 13
6863 14
6868 13
6874 8
6878 19
6880 15
6882 12
6888 2
6897 20
6899 12
6906 18
6907 21
6911 6
6919 19
6921 18
6922 4
6928 20
6930 19
6932 12
6939 1
6949 2
6959 1
6968 14
6974 3
6981 14
6987 11
6993 7
6995 19
6997 10
6998 14
7004 1
7014 4
7021 16
7023 4
7029 15
7031 10
7032 10
7034 15
7036 17
7038 11
7045 21
7049 4
