1494
1 11
5 2
14 2
23 13
28 19
30 12
34 17
36 16
38 13
43 13
49 18
50 15
52 4
58 12
64 17
66 7
69 15
71 8
75 14
80 5
84 15
86 12
90 11
96 18
97 4
105 13
111 17
113 11
118 18
119 12
123 2
132 21
136 16
138 8
142 13
147 18
148 15
150 11
155 11
162 5
169 3
175 1
182 11
186 14
193 9
195 5
199 15
201 12
207 18
208 4
214 19
215 5
222 3
226 1
234 8
238 7
241 12
247 18
248 11
252 5
256 18
257 3
261 9
262 16
264 2
273 4
281 11
286 19
288 16
290 7
293 16
295 12
301 14
307 21
311 2
322 7
325 21
329 2
336 4
344 13
348 1
355 16
357 16
359 18
360 19
362 3
368 19
370 11
375 3
379 12
385 17
387 4
393 6
401 11
405 8
407 7
409 9
410 5
416 21
420 5
425 1
435 16
437 9
438 5
445 21
449 11
456 7
459 3
466 5
472 1
482 10
485 8
487 2
498 3
505 14
510 18
511 14
515 21
519 4
525 18
526 12
534 5
538 18
539 7
541 20
543 7
546 13
551 9
553 11
559 11
565 18
566 10
567 12
573 11
577 15
579 14
586 6
590 12
596 2
605 14
610 9
612 8
616 20
618 4
622 13
626 2
635 18
636 2
645 11
650 11
654 1
661 12
665 17
667 3
674 15
676 19
677 13
682 11
687 19
689 13
694 8
696 7
699 18
700 21
704 7
706 19
707 2
716 4
722 15
724 3
731 18
732 5
737 1
744 5
751 12
759 1
766 17
768 21
772 16
774 12
782 1
789 3
793 11
798 11
803 4
811 10
812 6
816 2
825 5
830 12
836 14
841 17
843 14
849 12
857 8
859 11
864 12
870 20
871 10
874 11
880 7
882 18
883 5
890 14
894 5
898 10
899 19
900 12
906 11
912 15
914 20
916 1
924 21
928 9
929 11
936 11
942 18
943 17
945 4
949 3
956 2
965 14
970 21
974 13
979 9
981 2
990 7
992 18
993 12
999 2
1010 12
1014 6
1018 13
1024 9
1025 14
1030 12
1038 16
1040 5
1047 11
1051 20
1053 11
1059 2
1068 3
1073 2
1080 8
1084 1
1092 11
1098 10
1099 6
1105 6
1113 13
1117 6
1123 5
1127 15
1129 12
1133 14
1140 10
1141 1
1150 11
1154 14
1158 20
1160 17
1162 13
1168 4
1174 20
1176 21
1180 5
1187 11
1191 11
1195 15
1197 9
1198 12
1202 18
1203 14
1209 11
1214 12
1220 15
1222 12
1228 12
1234 11
1238 18
1239 11
1244 9
1246 21
1250 11
1255 11
1261 6
1265 11
1269 16
1271 20
1273 12
1279 3
1283 12
1287 12
1291 18
1292 19
1293 15
1295 21
1299 18
1300 11
1307 10
1310 3
1317 2
1324 9
1325 3
1332 2
1341 6
1347 18
1348 1
1356 19
1358 10
1361 11
1367 15
1369 13
1375 3
1380 16
1382 6
1386 11
1390 11
1397 4
1403 17
1405 18
1406 17
1408 15
1410 19
1411 18
1412 14
1417 19
1418 2
1425 12
1431 1
1441 12
1449 18
1450 2
1459 14
1464 11
1471 6
1477 11
1483 17
1485 17
1487 4
1491 9
1492 11
1496 21
1500 2
1509 19
1510 6
1514 11
1521 17
1523 3
1529 15
1531 11
1535 4
1541 11
1545 6
1553 8
1557 10
1558 1
1565 12
1571 11
1578 12
1586 15
1588 10
1591 12
1597 17
1599 8
1601 16
1603 3
1610 1
1619 9
1620 12
1628 14
1635 18
1636 12
1640 9
1642 6
1650 18
1651 10
1652 4
1658 13
1663 12
1669 17
1671 12
1675 10
1676 6
1682 18
1683 18
1684 8
1688 7
1691 2
1700 12
1706 21
1710 16
1712 11
1717 18
1718 20
1719 5
1725 13
1730 10
1731 7
1733 19
1735 12
1741 3
1747 13
1751 14
1757 6
1761 18
1762 20
1764 16
1766 11
1772 5
1778 4
1786 21
1790 16
1792 17
1794 21
1798 18
1799 12
1803 17
1805 6
1811 21
1815 7
1818 4
1824 18
1825 11
1830 12
1838 6
1844 5
1848 21
1852 9
1854 1
1863 19
1864 21
1868 20
1869 16
1871 13
1875 11
1881 11
1886 18
1887 14
1893 14
1898 12
1902 13
1908 10
1911 10
1912 20
1913 5
1920 18
1921 11
1928 11
1933 14
1938 21
1942 18
1943 18
1944 1
1953 9
1955 16
1957 12
1961 21
1965 9
1966 10
1967 16
1969 17
1971 20
1973 20
1975 11
1981 20
1983 6
1991 18
1992 12
2000 18
2001 10
2002 19
2003 16
2005 20
2006 14
2012 12
2016 11
2023 18
2024 5
2029 11
2035 3
2042 17
2044 5
2050 11
2057 9
2059 15
2061 16
2063 11
2067 16
2069 19
2070 15
2072 20
2074 11
2080 10
2081 9
2082 10
2083 4
2087 12
2091 11
2095 2
2104 10
2107 12
2111 10
2112 12
2120 18
2121 18
2122 15
2124 21
2128 18
2129 11
2134 13
2139 2
2148 14
2155 15
2157 18
2158 10
2161 5
2166 11
2170 13
2175 16
2177 12
2183 21
2187 3
2194 3
2201 3
2207 13
2211 16
2213 21
2217 11
2224 1
2231 7
2233 18
2234 4
2242 10
2243 12
2251 6
2257 4
2263 8
2267 7
2270 11
2274 6
2278 18
2279 9
2281 11
2285 11
2291 5
2296 4
2302 3
2306 18
2307 15
2309 8
2313 16
2315 11
2320 16
2322 6
2328 16
2330 15
2332 20
2334 16
2336 18
2337 14
2342 19
2344 19
2345 19
2346 11
2352 15
2354 3
2359 11
2366 16
2368 10
2371 2
2382 19
2383 7
2385 11
2392 14
2398 12
2404 4
2410 7
2412 12
2418 1
2425 15
2427 2
2436 18
2437 10
2440 20
2442 7
2445 8
2449 4
2455 12
2463 15
2465 14
2472 11
2477 9
2479 20
2480 17
2482 11
2489 11
2496 15
2498 11
2504 5
2511 8
2515 11
2520 5
2527 2
2536 7
2539 17
2541 3
2547 1
2557 16
2559 15
2561 11
2568 4
2574 17
2576 5
2583 10
2584 2
2593 18
2594 11
2598 4
2604 21
2608 3
2612 18
2613 19
2615 13
2620 16
2622 2
2631 1
2639 21
2643 21
2647 8
2649 3
2653 21
2657 12
2661 18
2662 15
2664 14
2668 9
2669 18
2670 12
2674 10
2675 12
2681 11
2688 6
2694 4
2698 16
2700 1
2709 21
2713 3
2720 5
2726 15
2728 21
2732 5
2736 1
2744 11
2750 7
2752 18
2753 9
2754 3
2761 17
2763 1
2770 8
2774 18
2775 16
2777 20
2779 18
2780 4
2788 6
2794 11
2800 14
2804 16
2806 15
2808 13
2813 12
2819 12
2823 20
2825 12
2831 1
2840 9
2842 14
2848 18
2849 6
2857 9
2859 9
2861 11
2865 20
2867 19
2869 7
2871 17
2873 11
2877 20
2878 4
2882 19
2884 19
2886 21
2890 12
2896 2
2907 11
2913 18
2914 10
2915 7
2918 21
2922 4
2926 10
2929 17
2931 7
2934 8
2938 8
2942 12
2948 12
2954 5
2960 6
2964 18
2965 11
2969 21
2973 11
2979 9
2981 17
2983 11
2990 18
2991 21
2995 20
2996 12
3000 2
3009 11
3016 17
3018 18
3019 11
3023 10
3026 20
3028 20
3030 12
3034 20
3036 20
3038 21
3042 14
3048 21
3052 13
3058 15
3060 12
3064 16
3066 6
3070 12
3074 6
3080 6
3086 9
3087 20
3088 2
3095 21
3099 9
3100 5
3106 2
3117 11
3123 9
3124 1
3134 13
3138 7
3140 5
3146 19
3147 12
3153 5
3158 20
3159 14
3166 11
3172 11
3176 16
3178 1
3187 11
3191 11
3196 19
3197 18
3198 10
3201 7
3203 6
3209 12
3215 5
3219 7
3222 15
3224 12
3230 2
3239 14
3244 8
3248 9
3249 13
3254 12
3260 18
3261 18
3262 13
3267 4
3273 18
3274 4
3280 16
3282 18
3283 19
3284 5
3289 7
3292 11
3298 6
3302 8
3304 17
3306 14
3313 13
3317 5
3322 6
3330 1
3340 19
3341 10
3344 9
3345 11
3349 19
3350 18
3351 9
3352 6
3358 11
3365 17
3367 18
3368 11
3373 11
3379 12
3385 15
3387 17
3389 15
3391 11
3396 11
3401 5
3405 4
3411 16
3413 12
3417 11
3422 7
3424 8
3426 10
3429 20
3431 13
3437 18
3438 20
3440 15
3442 4
3446 10
3449 14
3454 17
3456 3
3463 18
3464 18
3465 7
3468 3
3474 12
3482 13
3488 13
3493 19
3494 5
3498 5
3505 11
3511 17
3513 18
3514 9
3516 16
3518 7
3520 9
3522 11
3529 14
3534 8
3536 5
3540 20
3542 12
3548 19
3550 2
3561 9
3562 5
3566 1
3573 16
3575 11
3582 7
3585 15
3587 20
3588 9
3590 11
3594 15
3596 18
3597 11
3602 11
3606 2
3613 4
3619 11
3624 12
3632 8
3634 6
3640 14
3644 12
3648 9
3650 18
3651 18
3652 4
3658 12
3664 4
3670 3
3676 7
3678 11
3684 13
3688 10
3691 9
3693 21
3697 3
3704 14
3710 11
3714 11
3719 20
3720 7
3723 3
3727 16
3729 6
3735 12
3739 18
3740 18
3741 10
3744 2
3755 11
3762 16
3764 20
3766 10
3767 11
3773 11
3777 13
3781 5
3786 16
3788 8
3792 15
3794 15
3796 11
3802 12
3808 17
3810 7
3813 4
3819 9
3821 16
3823 12
3827 8
3831 12
3837 12
3845 4
3853 20
3854 11
3859 18
3860 18
3861 13
3867 12
3871 9
3872 9
3873 5
3878 18
3879 3
3885 1
3895 19
3897 5
3902 11
3907 9
3909 3
3916 7
3919 21
3923 17
3925 13
3930 19
3932 20
3933 21
3937 11
3942 11
3949 10
3952 6
3958 3
3962 7
3965 12
3973 12
3979 2
3990 3
3995 3
3999 19
4001 12
4009 11
4014 6
4018 7
4020 11
4024 2
4033 20
4035 3
4039 10
4040 21
4044 11
4048 11
4054 3
4058 3
4064 18
4065 11
4072 1
4080 18
4081 11
4087 9
4089 12
4095 15
4097 12
4103 6
4107 12
4113 18
4114 11
4121 17
4123 4
4127 2
4134 7
4137 13
4141 19
4143 3
4147 18
4148 2
4159 2
4166 12
4172 13
4177 2
4184 8
4188 11
4192 10
4193 17
4195 14
4199 12
4205 16
4207 14
4212 21
4216 2
4227 18
4228 21
4232 5
4238 16
4240 11
4247 11
4253 18
4254 5
4259 9
4261 14
4265 9
4267 17
4269 6
4275 12
4283 7
4285 4
4293 6
4299 15
4301 5
4306 19
4307 2
4314 1
4321 18
4322 7
4324 4
4328 14
4335 3
4342 12
4348 18
4349 13
4355 11
4362 12
4368 12
4374 21
4378 18
4379 11
4384 19
4386 1
4394 11
4399 9
4401 12
4407 18
4408 1
4418 6
4424 10
4427 13
4431 18
4432 11
4436 5
4443 12
4449 13
4454 8
4458 21
4462 5
4468 6
4472 11
4478 15
4480 8
4482 13
4488 18
4489 10
4492 12
4496 11
4503 1
4512 16
4514 13
4518 12
4522 17
4524 7
4527 18
4528 12
4536 6
4542 4
4548 21
4552 12
4556 12
4564 15
4566 12
4570 12
4576 18
4577 14
4584 10
4585 8
4587 2
4598 9
4599 7
4602 12
4606 12
4612 12
4618 14
4623 1
4631 16
4633 1
4640 3
4646 18
4647 9
4648 20
4650 11
4655 15
4657 21
4661 21
4665 11
4670 11
4674 18
4675 18
4676 10
4677 15
4679 10
4680 19
4681 7
4684 15
4686 12
4690 7
4692 7
4694 19
4695 8
4697 21
4701 18
4702 4
4710 11
4717 8
4721 3
4726 16
4728 9
4729 11
4733 6
4739 11
4746 18
4747 18
4748 2
4757 17
4759 4
4765 12
4773 8
4775 16
4777 17
4779 9
4781 8
4785 10
4788 11
4793 13
4798 12
4802 18
4803 11
4808 11
4814 9
4816 1
4825 17
4827 13
4832 5
4837 3
4844 9
4846 15
4848 17
4850 18
4851 12
4857 8
4861 4
4865 5
4871 11
4878 2
4889 21
4893 16
4895 2
4906 1
4914 21
4918 17
4920 18
4921 16
4923 14
4929 10
4932 11
4937 5
4944 6
4952 9
4953 12
4961 13
4966 11
4971 8
4973 21
4977 14
4982 13
4987 20
4988 14
4992 11
4997 15
4999 9
5000 15
5002 18
5003 9
5005 11
5009 14
5013 11
5019 7
5021 4
5025 7
5027 11
5032 15
5034 16
5036 10
5039 11
5045 4
5051 12
5055 14
5059 11
5066 13
5072 13
5077 8
5079 7
5081 13
5086 20
5088 14
5093 11
5099 21
5103 2
5110 9
5112 12
5116 12
5124 11
5129 7
5132 21
5136 18
5137 12
5141 13
5146 12
5154 11
5158 3
5162 21
5166 12
5174 11
5178 9
5179 12
5187 18
5188 4
5196 11
5200 21
5204 9
5205 4
5213 3
5218 10
5221 6
5227 14
5233 8
5235 21
5239 11
5244 7
5246 11
5250 11
5257 12
5265 10
5268 12
5272 15
5274 3
5279 1
5286 21
5290 9
5292 19
5294 15
5296 12
5300 3
5307 18
5308 7
5311 12
5315 16
5317 21
5321 4
5325 17
5327 12
5333 15
5335 16
5337 13
5342 20
5344 12
5350 14
5356 10
5357 11
5361 11
5365 5
5370 18
5371 12
5375 6
5383 16
5385 11
5391 9
5393 18
5394 9
5396 15
5398 11
5404 7
5406 11
5413 17
5415 6
5421 15
5423 21
5427 16
5429 9
5431 2
5438 20
5440 4
5448 14
5454 3
5458 11
5465 6
5471 9
5473 21
5477 6
5483 7
5485 12
5493 9
5495 5
5501 7
5503 2
5514 16
5516 11
5522 9
5523 11
5529 8
5531 12
5537 16
5539 12
5547 20
5548 15
5550 9
5552 18
5553 13
5557 10
5558 13
5564 19
5566 21
5570 5
5577 4
5583 10
5584 19
5585 11
5589 2
5598 14
5604 10
5605 1
5614 16
5616 11
5621 4
5627 17
5629 10
5632 8
5634 20
5636 11
5643 21
5647 11
5652 8
5654 18
5655 10
5656 3
5661 15
5663 17
5665 7
5667 1
5675 8
5679 2
5688 11
5692 19
5694 14
5701 11
5708 1
5715 10
5718 14
5724 10
5727 13
5731 18
5732 12
5738 12
5746 5
5751 3
5757 1
5764 6
5772 19
5773 5
5777 15
5779 12
5787 18
5788 12
5792 7
5794 11
5799 2
5808 1
5818 12
5826 15
5828 11
5835 15
5837 19
5839 9
5841 16
5843 17
5845 3
5850 6
5854 7
5857 14
5862 3
5868 13
5873 18
5874 3
5878 6
5882 16
5884 11
5891 6
5899 20
5901 21
5905 12
5913 3
5918 7
5920 12
5928 14
5933 11
5940 5
5946 3
5950 14
5957 11
5964 13
5970 3
5976 5
5980 11
5987 11
5993 18
5994 1
6004 11
6010 11
6015 4
6023 12
6029 20
6031 8
6033 11
6039 10
6042 9
6043 13
6049 18
6050 11
6057 21
6061 17
6063 16
6065 9
6066 12
6072 14
6076 11
6080 15
6082 11
6089 1
6098 21
6102 14
6106 20
6107 12
6113 3
6118 21
6122 13
6126 8
6128 18
6129 4
6135 6
6139 21
6143 18
6144 12
6150 18
6151 18
6152 6
6156 11
6163 3
6169 5
6174 2
6181 17
6183 10
