1494
1 11
5 3
9 12
15 3
19 7
21 10
24 3
30 18
31 4
37 15
39 18
40 1
49 21
53 19
54 11
61 11
67 16
69 21
73 18
74 19
75 21
79 12
87 17
89 12
95 10
98 18
99 4
105 18
106 19
108 1
115 8
117 11
123 5
129 11
133 15
135 12
143 11
150 11
154 9
156 10
157 2
166 18
167 2
174 12
182 14
187 5
193 17
195 11
200 11
207 11
211 14
215 11
219 6
225 20
227 11
234 11
238 15
240 16
242 8
244 16
246 11
252 20
253 8
255 16
257 20
258 11
264 18
265 20
267 11
273 9
275 21
279 5
285 14
292 11
297 1
307 21
311 7
313 13
317 21
321 15
323 14
329 11
333 8
335 2
342 8
344 20
346 2
357 11
363 7
365 6
373 8
375 11
381 16
383 18
384 6
388 16
390 7
392 14
399 15
401 14
408 11
412 12
418 1
427 18
428 16
430 18
431 12
435 19
436 12
444 12
448 15
450 6
454 3
460 12
464 1
474 9
475 12
479 12
483 4
489 9
491 18
492 12
498 6
504 14
508 18
509 2
516 12
520 19
522 18
523 3
527 10
530 18
531 11
536 21
540 7
542 7
545 11
552 11
559 9
561 18
562 11
568 17
570 12
576 11
582 16
584 11
590 5
594 11
601 13
605 12
611 6
615 3
620 10
621 7
623 20
625 20
626 11
630 2
641 1
651 11
657 20
658 15
660 7
663 9
664 7
666 18
667 11
672 18
673 12
679 11
686 15
688 5
693 20
694 15
696 1
704 7
707 6
715 18
716 12
724 4
732 16
734 6
738 20
740 12
746 21
750 8
754 11
758 3
762 18
763 14
769 11
775 1
784 12
790 18
791 11
798 12
804 21
808 13
812 19
813 9
814 3
819 13
823 12
827 12
833 1
840 5
846 1
854 18
855 18
856 11
860 14
867 11
874 12
880 20
881 13
886 11
892 1
900 21
904 11
911 2
918 21
922 16
924 5
928 13
933 11
938 16
940 1
947 14
954 11
959 15
961 11
965 10
966 17
968 10
971 3
977 2
988 1
997 7
999 5
1006 16
1008 2
1017 6
1025 11
1029 2
1038 17
1040 20
1042 12
1046 8
1048 18
1049 4
1057 20
1059 16
1061 11
1068 7
1070 12
1076 12
1082 12
1086 13
1090 2
1099 5
1106 16
1108 16
1110 18
1111 13
1116 3
1121 15
1123 15
1125 17
1127 11
1133 16
1135 11
1139 18
1140 1
1147 17
1149 14
1156 16
1158 11
1164 21
1168 5
1174 19
1176 12
1184 10
1187 1
1194 6
1202 1
1212 12
1218 9
1219 10
1222 16
1224 10
1227 12
1233 3
1238 13
1242 21
1246 5
1253 19
1254 1
1261 5
1268 5
1274 4
1280 6
1286 7
1288 9
1289 12
1293 7
1295 14
1299 3
1303 20
1304 12
1310 11
1317 1
1326 21
1330 17
1332 11
1339 20
1341 17
1343 4
1349 12
1355 8
1359 16
1361 15
1363 8
1367 4
1373 11
1377 10
1380 16
1382 11
1389 12
1395 10
1396 14
1403 12
1409 14
1413 10
1416 19
1417 18
1418 9
1419 12
1427 12
1435 17
1437 12
1445 8
1447 21
1451 8
1453 10
1454 17
1456 7
1458 17
1460 11
1465 11
1469 18
1470 14
1476 21
1480 11
1487 21
1491 2
1502 11
1507 12
1513 13
1517 1
1524 19
1526 2
1533 8
1535 12
1539 7
1541 17
1543 11
1550 19
1552 11
1557 19
1558 7
1560 18
1561 5
1567 13
1573 12
1581 1
1589 1
1598 20
1599 2
1608 7
1611 12
1617 15
1619 18
1620 15
1622 8
1624 12
1628 15
1630 15
1632 4
1636 15
1638 13
1644 20
1645 4
1651 12
1657 7
1660 18
1661 19
1663 10
1666 4
1672 18
1673 8
1677 11
1681 3
1685 7
1688 7
1690 13
1694 11
1698 11
1704 13
1709 11
1714 9
1715 11
1722 8
1724 3
1729 18
1730 19
1731 15
1733 18
1734 15
1736 18
1737 17
1739 16
1741 21
1745 20
1746 8
1750 15
1752 13
1756 13
1760 18
1761 6
1767 21
1771 16
1773 17
1775 11
1779 6
1785 3
1791 17
1793 2
1802 10
1803 12
1807 4
1813 3
1819 20
1821 17
1823 20
1824 18
1825 19
1827 19
1829 18
1830 13
1835 5
1841 2
1848 2
1857 4
1861 19
1863 11
1870 12
1874 12
1880 12
1888 12
1896 11
1903 1
1912 18
1913 15
1915 21
1919 11
1924 11
1929 3
1936 17
1938 6
1944 17
1946 5
1950 6
1956 2
1965 6
1973 10
1976 11
1983 1
1990 11
1996 2
2005 11
2011 2
2020 16
2022 10
2025 9
2026 3
2031 11
2038 21
2042 9
2044 7
2047 7
2049 7
2052 10
2053 9
2055 11
2061 3
2068 5
2072 18
2073 16
2075 15
2077 20
2079 15
2081 17
2083 16
2085 7
2087 11
2091 8
2093 12
2097 10
2100 20
2101 11
2107 11
2112 14
2118 14
2125 16
2127 10
2128 5
2134 2
2145 18
2146 9
2148 14
2154 18
2155 16
2157 18
2158 17
2160 12
2166 6
2174 12
2180 11
2185 11
2190 15
2192 18
2193 4
2197 1
2204 19
2205 11
2212 14
2218 13
2223 4
2227 15
2229 12
2237 12
2245 3
2250 16
2252 21
2256 11
2261 18
2262 7
2265 17
2267 21
2271 4
2277 8
2279 6
2283 19
2284 21
2288 12
2294 12
2298 12
2304 16
2306 16
2308 9
2310 11
2317 11
2322 13
2326 8
2330 4
2336 11
2340 16
2342 17
2344 20
2346 14
2351 11
2357 11
2361 11
2367 6
2373 12
2381 12
2385 6
2391 12
2395 11
2399 8
2403 4
2409 9
2411 9
2412 9
2413 7
2416 18
2417 15
2419 6
2425 20
2427 11
2434 6
2440 11
2447 11
2451 5
2457 9
2459 4
2465 3
2469 13
2475 4
2481 14
2486 13
2490 9
2492 18
2493 8
2497 19
2498 20
2500 2
2509 3
2513 12
2517 8
2521 14
2527 7
2530 18
2531 18
2532 18
2533 19
2535 6
2539 11
2544 2
2555 11
2560 11
2567 1
2577 11
2581 17
2583 12
2589 21
2593 11
2599 5
2604 20
2605 18
2606 7
2608 2
2619 18
2620 1
2629 11
2634 12
2640 16
2642 17
2644 5
2650 2
2661 6
2667 4
2673 15
2675 12
2683 1
2691 6
2697 5
2702 6
2710 2
2719 13
2725 12
2729 7
2731 17
2733 17
2735 2
2742 18
2743 7
2745 16
2747 8
2749 12
2757 4
2761 14
2766 9
2768 12
2774 14
2778 18
2779 2
2790 19
2792 14
2797 10
2800 18
2801 3
2808 12
2814 2
2821 12
2827 3
2833 7
2835 2
2844 16
2846 11
2851 14
2857 15
2859 8
2863 9
2864 18
2865 5
2870 11
2875 21
2879 12
2885 2
2894 13
2900 2
2909 9
2910 4
2916 6
2920 19
2922 15
2924 12
2930 19
2931 12
2935 18
2936 13
2942 1
2952 19
2953 18
2954 15
2956 2
2963 14
2967 20
2969 11
2974 11
2981 7
2983 8
2987 15
2989 12
2997 20
2998 7
3000 15
3002 18
3003 11
3008 17
3010 11
3014 8
3016 13
3020 14
3025 11
3032 1
3039 8
3041 1
3051 15
3053 18
3054 4
3058 15
3060 2
3069 15
3071 20
3072 11
3077 6
3083 11
3088 11
3094 15
3096 6
3102 16
3104 18
3105 1
3115 19
3116 4
3122 18
3123 3
3127 12
3131 12
3137 12
3143 18
3144 4
3150 1
3160 18
3161 18
3162 11
3167 8
3171 19
3172 16
3174 11
3180 12
3188 13
3194 3
3198 12
3202 16
3204 8
3206 9
3208 3
3215 9
3217 20
3218 2
3225 11
3230 12
3234 15
3236 11
3243 1
3250 3
3257 9
3259 11
3264 20
3266 8
3270 8
3272 10
3275 10
3278 21
3282 20
3283 17
3285 12
3291 14
3295 14
3301 16
3303 3
3308 6
3312 2
3323 9
3325 4
3329 19
3331 17
3333 11
3338 7
3340 6
3346 2
3355 18
3356 15
3358 8
3360 3
3364 7
3366 16
3368 6
3374 5
3378 14
3385 12
3391 10
3392 11
3396 5
3402 20
3403 8
3405 4
3411 5
3418 12
3422 21
3426 12
3432 3
3436 12
3442 3
3448 1
3456 11
3460 1
3470 4
3474 3
3479 11
3485 12
3493 2
3502 1
3510 2
3519 18
3520 18
3521 14
3525 8
3529 12
3537 20
3539 20
3541 4
3547 21
3551 11
3558 18
3559 10
3560 13
3564 16
3566 8
3568 15
3570 8
3574 11
3579 9
3581 20
3582 8
3584 1
3594 5
3599 6
3605 9
3606 2
3613 19
3615 4
3621 5
3626 6
3632 4
3638 7
3641 6
3645 16
3647 9
3648 2
3657 12
3663 15
3665 4
3671 21
3675 6
3681 14
3686 4
3692 11
3699 12
3703 9
3705 14
3710 19
3712 11
3717 12
3723 12
3727 11
3731 20
3733 19
3734 9
3735 18
3736 13
3742 5
3747 6
3751 12
3755 9
3757 3
3764 13
3770 15
3772 13
3776 7
3778 5
3785 9
3787 12
3793 12
3801 3
3806 6
3810 18
3811 1
3818 7
3821 12
3825 15
3827 20
3829 11
3834 2
3843 12
3851 4
3857 17
3859 17
3861 16
3863 17
3865 8
3867 2
3874 17
3876 4
3884 4
3890 7
3892 2
3899 19
3901 11
3905 7
3907 21
3911 12
3917 11
3921 9
3922 2
3931 14
3938 2
3949 5
3955 12
3961 12
3967 3
3972 12
3978 5
3985 18
3986 11
3993 10
3996 12
4004 11
4008 7
4010 9
4012 3
4018 12
4026 18
4027 2
4038 11
4045 5
4050 20
4052 5
4059 8
4061 20
4062 7
4064 15
4066 12
4072 14
4076 16
4078 16
4080 19
4082 11
4086 19
4087 2
4096 12
4104 12
4112 15
4114 15
4116 3
4120 11
4124 14
4130 9
4131 11
4138 6
4144 3
4149 15
4151 17
4153 6
4159 19
4160 17
4162 17
4164 15
4166 17
4168 9
4170 19
4172 13
4176 4
4184 11
4188 18
4189 11
4193 15
4195 15
4197 16
4199 11
4205 3
4209 15
4211 4
4217 9
4218 18
4219 21
4223 2
4232 20
4233 3
4240 6
4244 6
4248 6
4254 8
4258 11
4264 15
4266 16
4268 18
4269 3
4274 15
4276 12
4284 5
4291 14
4298 8
4302 14
4308 10
4311 12
4319 3
4325 20
4327 3
4332 7
4334 7
4337 20
4339 13
4344 6
4352 17
4354 19
4356 20
4357 8
4361 10
4362 21
4366 11
4373 18
4374 2
4383 1
4391 18
4392 11
4396 12
4402 17
4404 5
4409 21
4413 9
4415 18
4416 4
4424 17
4426 17
4428 20
4430 10
4433 11
4437 3
4443 21
4447 8
4451 15
4453 12
4459 5
4465 4
4473 12
4477 15
4479 13
4484 8
4486 15
4488 14
4492 13
4497 18
4498 12
4506 14
4513 1
4522 7
4524 8
4528 11
4534 13
4539 5
4544 11
4549 3
4555 6
4561 12
4567 9
4568 7
4570 12
4576 6
4582 17
4584 7
4587 4
4591 12
4597 9
4599 1
4609 11
4616 12
4622 18
4623 7
4625 6
4633 9
4635 11
4640 8
4642 20
4643 11
4647 12
4653 12
4659 4
4667 2
4676 11
4681 7
4684 13
4688 8
4692 11
4697 18
4698 19
4700 15
4702 11
4708 5
4713 9
4714 3
4720 21
4724 2
4735 9
4737 7
4739 7
4741 21
4745 15
4747 17
4749 21
4753 12
4757 11
4762 20
4763 9
4764 14
4771 8
4775 13
4779 11
4786 5
4793 4
4797 14
4804 10
4807 13
4812 5
4817 11
4822 19
4823 16
4825 16
4827 4
4831 9
4833 20
4835 10
4838 15
4840 21
4844 2
4853 12
4859 20
4860 16
4862 6
4870 15
4872 16
4874 18
4875 9
4876 11
4882 17
4884 12
4890 8
4894 18
4895 12
4899 6
4903 8
4907 21
4911 3
4917 20
4918 11
4925 11
4932 11
4937 7
4939 11
4943 10
4946 17
4948 11
4953 4
4959 11
4964 12
4968 18
4969 18
4970 9
4972 12
4978 13
4983 19
4984 12
4990 3
4997 12
5001 21
5005 15
5007 12
5013 3
5019 18
5020 14
5027 9
5029 4
5035 3
5042 17
5044 4
5048 19
5050 15
5052 11
5058 11
5064 20
5066 12
5074 3
5081 2
5088 18
5089 16
5091 20
5093 20
5094 14
5101 18
5102 18
5103 8
5107 11
5112 15
5114 10
5115 7
5117 9
5119 19
5121 1
5130 8
5134 3
5138 21
5142 3
5149 2
5160 6
5166 12
5174 17
5176 12
5182 4
5188 18
5189 17
5191 9
5192 3
5198 2
5209 15
5211 12
5217 18
5218 12
5224 5
5229 14
5236 5
5241 7
5243 8
5245 3
5251 20
5252 2
5261 7
5263 11
5268 11
5273 10
5274 18
5275 1
5283 17
5285 12
5291 13
5296 13
5302 15
5304 10
5307 12
5313 2
5320 2
5327 21
5331 21
5335 20
5337 17
5339 16
5341 12
5347 8
5349 12
5353 9
5354 16
5356 15
5358 18
5359 18
5360 12
5366 16
5368 12
5374 12
5380 12
5384 14
5389 18
5390 18
5391 12
5397 8
5399 11
5404 12
5410 13
5415 12
5421 15
5423 2
5434 11
5438 7
5441 3
5448 2
5457 11
5463 8
5465 21
5469 21
5473 16
5475 15
5477 11
5481 9
5483 18
5484 11
5488 5
5494 16
5496 7
5499 18
5500 4
5506 1
5515 21
5519 14
5526 7
5529 11
5535 13
5541 3
5548 11
5553 14
5559 11
5565 12
5571 2
5582 10
5585 11
5591 4
5599 11
5605 2
5612 12
5618 12
5622 13
5627 13
5632 18
5633 17
5635 16
5637 1
5647 3
5652 3
5657 11
5662 10
5663 11
5669 3
5673 8
5677 12
5683 11
5688 8
5690 10
5693 15
5695 3
5700 7
5703 1
5711 5
5718 14
5722 6
5728 11
5734 2
5741 20
5742 5
5747 15
5749 4
5755 9
5756 6
5762 12
5768 12
5772 20
5774 16
5776 11
5781 13
5787 11
5791 19
5792 12
5798 11
5804 21
5808 8
5810 11
5815 19
5817 12
5823 1
5832 5
5837 4
5843 8
5845 12
5849 4
5855 11
5860 8
5862 11
5867 9
5868 7
5871 6
5877 1
5887 7
5889 12
5897 14
5903 4
5907 5
5914 12
5922 11
5928 20
5930 18
5931 1
5941 20
5943 18
5944 2
5953 18
5954 11
5959 12
5963 18
5964 17
5966 11
5971 15
5973 20
5975 11
5982 17
5984 1
5993 19
5995 17
5997 20
5999 18
6000 12
6006 20
6008 20
6009 12
6015 6
6023 10
6026 18
6027 15
6029 6
6033 17
6035 11
6041 18
6042 6
6048 19
6049 11
6055 17
6057 6
6063 16
6065 11
6071 18
6072 9
6074 14
6079 9
6080 11
6085 4
6091 5
6098 1
6105 11
6111 12
6117 20
6119 19
6121 11
6127 19
6129 11
6135 14
6139 8
6143 3
6147 18
6148 5
6154 9
6156 10
6157 19
6158 15
6160 11
6166 12
6174 2
6183 1
6190 13
6194 5
6201 10
6202 2
6209 11
6213 5
6217 7
6220 10
6223 14
6230 2
6239 14
6244 16
6246 12
6250 21
6254 18
6255 14
6259 9
6260 9
6261 5
