1494
1 11
8 11
14 13
19 13
25 19
27 18
28 15
30 5
37 17
39 15
41 11
48 13
53 9
55 11
62 10
64 7
67 19
69 11
76 13
81 12
88 9
89 11
95 13
101 7
104 18
105 3
112 7
115 16
117 6
124 14
131 20
133 11
139 2
149 9
151 11
157 3
164 3
171 11
177 7
180 18
181 18
182 5
188 19
190 11
197 7
200 12
206 7
208 7
211 12
217 5
224 12
231 16
233 6
240 5
247 18
248 20
250 17
252 20
254 20
256 19
258 1
267 11
273 2
283 2
293 14
299 10
301 18
302 10
303 2
312 3
319 12
327 9
328 6
334 10
337 4
345 12
352 12
359 21
363 16
365 14
372 13
378 15
380 13
386 7
388 12
395 13
401 12
409 6
416 3
422 11
429 13
435 15
437 12
444 12
451 18
452 2
462 10
464 12
472 20
474 19
476 10
478 19
480 21
484 5
491 4
499 17
501 21
505 10
507 18
508 21
512 13
517 6
524 12
530 3
537 11
543 3
550 18
551 18
552 9
553 12
561 12
568 14
574 15
576 17
578 4
585 17
587 4
594 19
596 17
598 19
600 7
602 16
604 12
612 10
614 7
617 5
624 14
630 18
631 15
633 10
634 15
636 16
638 19
640 3
646 11
652 21
656 12
664 3
671 11
677 20
679 12
686 21
690 18
691 16
693 11
699 21
703 6
710 12
717 10
719 13
725 15
727 12
733 10
736 18
737 4
744 15
746 12
752 20
754 6
762 2
773 10
776 18
777 16
779 12
785 12
793 7
795 11
801 18
802 4
809 11
816 11
823 11
829 11
836 9
837 10
838 11
845 11
851 21
855 5
862 12
869 3
876 17
878 9
880 15
882 9
884 14
891 18
892 8
895 10
897 15
899 9
900 14
907 11
913 12
921 12
927 8
929 12
937 3
943 12
950 11
957 10
958 1
967 10
968 12
974 5
980 11
987 2
998 10
1000 16
1002 1
1011 3
1018 13
1023 11
1029 5
1036 17
1038 1
1047 10
1049 8
1053 1
1063 12
1070 18
1071 7
1074 11
1080 12
1087 19
1089 4
1096 4
1103 18
1104 9
1106 15
1108 11
1114 18
1115 12
1122 11
1128 13
1133 11
1140 6
1146 9
1147 7
1150 9
1152 6
1158 14
1163 4
1169 18
1170 13
1175 9
1177 8
1181 15
1183 4
1190 3
1196 18
1197 12
1205 12
1212 18
1213 13
1218 11
1225 9
1226 11
1232 6
1240 11
1247 5
1254 18
1255 12
1261 18
1262 6
1269 17
1271 4
1278 16
1280 19
1282 7
1285 2
1296 13
1301 14
1307 5
1314 12
1321 11
1327 6
1334 5
1340 14
1346 18
1347 5
1353 12
1360 11
1366 13
1372 12
1378 18
1379 12
1386 12
1393 12
1401 6
1407 19
1409 12
1416 1
1426 17
1428 21
1432 4
1439 11
1446 8
1449 5
1455 18
1456 11
1463 4
1469 12
1477 11
1483 11
1489 18
1490 7
1492 3
1499 14
1506 9
1507 19
1509 5
1516 7
1519 8
1521 19
1523 19
1525 19
1527 13
1532 20
1534 19
1536 11
1542 13
1547 12
1555 3
1561 1
1571 9
1572 4
1580 11
1587 12
1594 16
1596 2
1607 18
1608 15
1610 3
1617 21
1621 16
1623 21
1627 11
1634 7
1636 19
1638 11
1644 21
1648 11
1654 5
1660 21
1664 12
1671 20
1673 16
1675 18
1676 2
1686 11
1692 6
1699 12
1705 5
1711 11
1718 5
1724 16
1726 12
1734 17
1736 14
1741 5
1747 7
1749 1
1758 18
1759 17
1761 12
1768 18
1769 10
1771 8
1773 14
1780 21
1784 20
1786 21
1790 2
1801 18
1802 7
1804 3
1811 20
1813 15
1815 15
1817 7
1819 18
1820 11
1826 12
1834 10
1836 16
1838 3
1845 14
1851 7
1854 13
1859 13
1865 12
1872 18
1873 10
1875 5
1882 12
1890 8
1893 11
1900 13
1906 11
1912 8
1915 6
1922 11
1928 21
1932 1
1942 2
1952 12
1959 7
1961 4
1968 15
1970 12
1977 12
1985 2
1996 18
1997 14
2003 1
2012 12
2018 9
2019 16
2021 12
2029 12
2036 5
2043 18
2044 1
2053 11
2060 10
2063 1
2072 9
2073 13
2079 11
2086 6
2093 8
2096 10
2098 2
2108 15
2110 12
2117 4
2124 12
2131 14
2138 6
2145 14
2150 11
2157 4
2164 12
2170 19
2172 6
2179 9
2181 11
2188 12
2195 4
2202 10
2204 18
2205 14
2210 12
2216 15
2218 21
2222 5
2228 12
2236 2
2245 14
2252 7
2254 2
2264 5
2271 16
2273 13
2279 12
2286 12
2293 18
2294 21
2298 10
2300 3
2306 6
2312 14
2319 6
2326 12
2332 14
2338 18
2339 6
2345 11
2351 20
2353 12
2359 3
2366 12
2374 11
2381 12
2389 12
2396 16
2398 3
2405 15
2407 12
2414 11
2420 20
2422 12
2429 6
2436 6
2444 10
2447 13
2452 8
2455 18
2456 18
2457 16
2459 15
2461 17
2463 21
2467 20
2469 12
2475 13
2480 17
2482 11
2488 4
2496 4
2503 17
2505 4
2511 18
2512 2
2523 19
2525 12
2531 12
2539 18
2540 19
2542 16
2544 18
2545 17
2547 11
2553 20
2555 13
2561 20
2563 19
2565 10
2567 10
2569 11
2575 14
2581 11
2587 6
2593 15
2595 20
2597 20
2599 12
2605 13
2610 12
2617 13
2623 11
2629 18
2630 17
2632 12
2640 17
2642 4
2650 20
2652 8
2656 11
2662 5
2668 12
2675 2
2685 16
2687 13
2692 2
2701 7
2704 2
2714 20
2716 5
2722 17
2724 8
2727 14
2733 6
2741 12
2748 7
2751 15
2753 13
2758 12
2764 16
2766 19
2768 9
2770 5
2777 16
2779 3
2785 10
2786 15
2788 19
2790 14
2796 11
2802 16
2804 17
2806 1
2816 15
2818 2
2828 19
2830 5
2836 20
2838 8
2842 19
2844 19
2846 6
2853 18
2854 10
2856 18
2857 2
2867 4
2875 14
2881 4
2888 5
2895 12
2902 6
2909 15
2911 19
2913 15
2915 9
2916 18
2917 10
2919 12
2925 20
2927 16
2929 17
2931 12
2938 16
2940 11
2946 17
2948 3
2954 18
2955 4
2961 11
2967 21
2971 18
2972 11
2978 7
2980 11
2987 19
2989 14
2995 11
3001 3
3008 18
3009 1
3018 11
3024 1
3034 5
3040 19
3042 11
3048 16
3050 18
3051 5
3058 9
3060 21
3064 20
3066 18
3067 11
3073 19
3075 20
3077 15
3079 9
3080 19
3082 16
3084 5
3090 6
3097 15
3099 13
3104 4
3111 11
3118 11
3125 19
3127 15
3129 13
3134 12
3142 2
3151 8
3155 11
3161 20
3163 20
3165 7
3167 4
3174 15
3176 16
3178 12
3185 20
3187 3
3194 3
3201 21
3205 7
3207 14
3213 11
3220 2
3231 15
3233 5
3239 20
3241 21
3245 1
3255 14
3261 5
3267 12
3274 21
3278 11
3285 4
3293 10
3296 11
3303 7
3306 18
3307 4
3314 11
3320 1
3330 3
3336 12
3344 9
3345 9
3346 15
3348 11
3355 1
3364 12
3370 12
3377 1
3386 2
3396 12
3403 11
3410 16
3412 9
3413 21
3417 16
3419 2
3429 21
3433 15
3435 19
3437 12
3444 15
3446 20
3448 9
3450 11
3456 13
3461 12
3467 11
3474 17
3476 15
3478 8
3481 2
3491 17
3493 11
3499 3
3505 16
3507 1
3516 11
3522 13
3527 11
3534 17
3536 19
3538 18
3539 12
3546 18
3547 19
3549 21
3553 6
3560 16
3562 13
3567 1
3577 20
3579 1
3589 12
3595 13
3601 11
3607 21
3611 5
3618 18
3619 17
3621 9
3623 5
3629 11
3636 2
3645 2
3654 19
3656 11
3662 2
3672 6
3679 4
3685 14
3691 21
3695 3
3702 4
3708 12
3714 4
3720 5
3727 6
3733 21
3737 13
3743 13
3749 12
3757 9
3759 14
3765 11
3772 7
3774 9
3775 17
3777 5
3784 4
3792 2
3803 14
3809 7
3812 9
3813 2
3824 12
3831 17
3833 14
3839 17
3841 18
3842 16
3844 20
3846 21
3850 19
3852 12
3858 11
3864 7
3866 11
3873 18
3874 12
3881 11
3887 12
3893 1
3902 12
3909 12
3915 11
3922 4
3929 15
3931 18
3932 8
3935 11
3942 21
3946 12
3953 11
3960 4
3968 4
3976 18
3977 17
3979 5
3986 21
3990 3
3996 18
3997 12
4004 12
4010 3
4016 12
4022 18
4023 18
4024 9
4025 14
4031 21
4035 6
4043 11
4049 17
4051 8
4054 7
4056 8
4058 4
4065 7
4068 10
4071 3
4077 12
4084 21
4088 18
4089 4
4096 12
4103 8
4106 8
4108 13
4113 14
4119 12
4127 2
4138 14
4144 4
4151 18
4152 11
4158 17
4160 17
4162 7
4164 10
4167 12
4173 16
4175 7
4177 17
4179 19
4181 8
4184 11
4191 12
4197 11
4203 19
4205 18
4206 12
4213 12
4221 17
4223 5
4230 2
4240 11
4246 21
4250 12
4258 9
4259 19
4261 7
4263 1
4273 9
4274 19
4276 15
4278 18
4279 6
4287 18
4288 20
4290 1
4300 12
4308 19
4310 7
4312 15
4314 8
4317 5
4323 12
4331 1
4341 17
4343 17
4345 12
4352 12
4359 11
4366 14
4372 11
4379 7
4382 18
4383 8
4385 1
4395 4
4403 21
4407 7
4410 12
4416 16
4418 21
4422 12
4428 2
4438 19
4440 13
4446 11
4453 11
4459 21
4463 7
4466 7
4468 5
4475 11
4482 11
4488 1
4498 10
4499 11
4506 13
4512 3
4519 17
4521 13
4526 14
4532 1
4542 12
4549 13
4554 6
4562 7
4564 1
4573 11
4580 12
4588 1
4598 18
4599 1
4608 14
4614 3
4620 13
4625 1
4634 6
4642 9
4643 2
4653 8
4656 12
4663 15
4665 15
4667 14
4673 13
4678 18
4679 19
4681 3
4687 9
4688 13
4693 12
4700 2
4709 12
4717 10
4720 1
4729 14
4734 5
4740 16
4742 11
4749 2
4759 9
4760 5
4766 9
4767 6
4773 1
4783 9
4785 19
4787 10
4789 12
4795 13
4801 18
4802 12
4810 2
4820 14
4827 12
4834 8
4837 9
4839 11
4846 14
4852 16
4854 7
4857 15
4859 11
4865 12
4872 19
4874 15
4876 21
4880 18
4881 1
4890 4
4898 14
4905 11
4912 19
4914 17
4916 11
4923 2
4932 10
4935 18
4936 16
4938 17
4940 6
4947 20
4949 6
4956 12
4963 4
4970 12
4978 4
4985 3
4991 12
4999 7
5002 14
5007 11
5014 14
5020 15
5022 11
5028 16
5030 14
5036 12
5043 15
5045 14
5051 11
5057 18
5058 17
5060 3
5067 9
5069 12
5077 7
5080 15
5082 14
5088 15
5090 5
5096 4
5103 8
5107 21
5111 14
5117 16
5119 21
5123 7
5125 1
5135 11
5142 7
5145 15
5147 9
5148 12
5155 11
5162 5
5169 17
5171 14
5176 11
5183 18
5184 5
5191 7
5193 13
5199 21
5203 5
5210 12
5216 11
5223 5
5230 9
5231 12
5237 13
5242 13
5247 16
5249 13
5254 13
5259 2
5269 4
5277 15
5279 11
5285 19
5287 10
5289 9
5291 2
5301 13
5307 9
5308 15
5310 14
5317 3
5324 11
5331 4
5337 19
5339 14
5346 7
5348 18
5349 13
5354 21
5358 12
5365 20
5367 6
5373 9
5374 12
5380 17
5382 15
5384 3
5391 6
5398 15
5400 12
5407 10
5410 2
5420 7
5422 16
5424 15
5426 11
5433 12
5440 8
5444 10
5446 12
5453 16
5455 6
5463 20
5465 6
5473 12
5480 12
5487 15
5489 14
5496 15
5498 18
5499 10
5502 21
5506 8
5509 9
5511 15
5513 18
5514 8
5516 14
5523 13
5528 9
5530 4
5536 10
5539 5
5545 8
5549 4
5555 20
5557 7
5559 8
5562 18
5563 10
5565 11
5572 11
5578 18
5579 6
5585 18
5586 16
5588 12
5595 1
5605 21
5609 8
5613 17
5615 11
5621 11
5627 3
5633 12
5641 2
5651 12
5658 5
5665 12
5671 14
5678 1
5688 5
5694 8
5697 21
5701 14
5706 11
5713 5
5719 21
5723 8
5727 12
5735 18
5736 12
5742 9
5744 14
5751 11
5758 9
5760 18
5761 4
5768 15
5770 11
5777 14
5784 8
5786 3
5793 3
5799 15
5801 1
5811 10
5813 13
5819 12
5825 15
5827 10
5829 18
5830 20
5832 3
5838 11
5845 19
5847 6
5853 18
5854 15
5856 14
5861 20
5863 18
5864 10
5865 12
5872 9
5873 8
5876 1
5885 8
5888 19
5890 12
5898 6
5904 11
5911 13
5917 11
5924 10
5927 18
5928 13
5934 20
5936 3
5942 19
5944 3
5951 11
5957 10
5958 6
5966 4
5973 7
5975 15
5977 6
5984 16
5986 20
5988 21
5992 12
5999 4
6005 2
6016 2
6027 6
6033 3
6040 12
6047 18
6048 14
6053 8
6056 9
6057 11
6063 9
6064 12
6071 15
6073 1
6082 9
6083 17
6085 2
6095 18
6096 7
6099 16
6101 16
6103 12
6110 6
6116 4
6122 12
6130 2
6140 10
6142 11
6148 11
6154 6
6161 4
6169 16
6171 12
6178 8
6181 20
6183 7
6186 20
6188 17
6190 1
6199 12
6206 13
6211 6
6218 13
6223 11
6230 3
6237 11
6243 4
6251 11
6257 11
6263 19
6265 12
6271 11
6277 13
6282 7
6284 15
6286 20
6288 21
6292 11
6298 11
6305 11
6312 10
6314 15
6316 12
6322 6
6328 13
6334 6
6341 18
6342 11
6348 3
6354 2
6364 6
6371 21
6375 16
6377 13
6383 11
6390 19
6392 17
6394 11
6401 11
6407 12
6413 1
6422 1
6432 16
6434 11
6440 11
6447 9
6449 15
6451 20
6453 1
6462 3
6469 8
6472 18
6473 12
6480 5
6487 10
6489 16
6491 14
6496 13
6502 5
6509 18
6510 20
6512 6
6518 8
6520 11
6526 19
6528 12
6535 15
6537 15
6539 9
6540 16
6542 16
6544 11
6550 19
6552 9
6554 14
6559 5
6566 6
6572 15
6574 21
6578 14
6584 16
6586 7
6589 11
6595 18
6596 2
6607 12
6614 7
6616 13
6621 3
6627 12
6635 5
6642 4
6649 2
6658 14
6663 9
6665 3
6672 12
6679 21
6683 3
6689 19
6691 9
6692 1
6701 20
6703 5
6709 21
6713 11
6720 11
6726 16
6728 16
6730 7
6732 15
6734 5
6740 11
6747 1
6757 1
6767 12
6775 6
6782 7
6785 18
6786 6
6793 1
6802 21
6806 3
6812 2
6823 10
6825 19
6827 3
6834 6
6840 8
6844 11
6850 15
6852 21
6856 17
6858 6
6865 12
6872 7
6874 3
6881 4
6888 13
6894 12
6901 14
6907 6
6914 20
6916 4
6922 4
6928 12
6934 11
6941 15
6943 5
6949 11
6955 3
6961 11
6968 6
6975 13
6981 12
6988 3
6995 14
7001 9
7003 18
7004 14
7010 14
7016 13
7022 18
7023 12
7029 12
7035 19
7037 11
7044 16
7046 17
7048 11
7054 12
7062 12
7068 12
7075 12
7082 8
7085 15
7087 6
7095 13
7100 12
7107 9
7109 11
7116 14
7123 20
7125 11
7131 8
7135 18
7136 16
7138 21
7142 19
7144 3
7151 18
