1494
1 19
2 11
7 20
9 17
11 18
12 19
14 20
16 9
17 14
23 12
29 16
31 11
38 12
42 9
43 4
49 12
55 12
59 13
64 12
70 13
75 13
81 18
82 9
84 14
88 3
94 10
95 15
97 11
103 12
111 6
115 7
118 12
124 7
127 10
128 11
132 4
138 21
142 16
144 12
152 18
153 3
158 16
160 13
166 1
175 5
182 1
189 18
190 4
194 18
195 12
201 1
211 10
212 9
214 12
218 13
222 11
228 10
231 11
237 12
243 10
244 7
246 17
248 7
251 11
258 14
262 12
268 11
272 7
274 6
280 11
285 19
287 18
288 18
289 8
291 9
292 21
296 19
298 14
304 12
310 11
316 11
321 11
326 14
330 12
334 13
338 18
339 18
340 14
346 19
348 1
355 6
363 1
371 10
374 11
381 19
382 19
383 12
389 16
391 10
392 3
398 9
399 16
401 12
407 11
411 13
415 3
420 8
422 7
425 16
427 18
428 15
430 17
432 20
433 1
441 13
447 18
448 11
455 10
458 11
463 9
464 19
466 17
468 11
473 17
475 12
483 20
485 3
491 1
501 11
507 11
514 8
518 13
522 13
527 8
529 19
530 4
534 17
536 19
537 19
539 6
547 21
551 12
557 12
563 9
565 2
572 6
580 11
584 11
588 15
590 20
592 11
599 21
603 5
608 17
610 12
616 13
620 14
627 18
628 9
630 2
641 2
652 20
653 12
657 3
662 4
668 7
670 15
672 15
674 16
676 4
682 5
689 5
694 16
696 21
700 15
702 14
709 10
712 14
718 11
722 12
726 18
727 9
729 9
730 1
738 8
740 13
745 15
747 3
753 4
759 4
765 14
770 1
777 20
779 12
787 15
789 11
794 13
799 9
801 2
808 1
815 17
817 19
819 20
820 5
824 4
828 16
830 18
831 20
833 19
835 12
843 19
845 2
856 21
860 4
864 15
866 18
867 18
868 4
874 11
878 6
882 7
885 7
888 12
896 16
898 2
909 16
911 12
919 1
928 21
932 18
933 10
936 13
941 10
942 19
944 3
948 12
956 18
957 16
959 11
964 18
965 5
969 2
978 12
986 13
992 6
998 15
1000 13
1006 1
1013 12
1021 13
1025 8
1027 18
1028 4
1036 11
1040 17
1042 6
1048 6
1052 4
1058 15
1060 14
1065 11
1071 9
1072 13
1076 11
1082 6
1088 6
1094 18
1095 14
1101 10
1104 15
1106 7
1109 6
1115 12
1121 11
1128 6
1132 21
1136 20
1138 13
1143 12
1147 12
1153 14
1157 2
1164 21
1168 4
1174 17
1176 21
1180 11
1187 1
1195 11
1200 11
1204 6
1210 9
1212 12
1218 2
1229 12
1237 12
1243 7
1245 13
1249 11
1253 9
1255 5
1261 18
1262 11
1269 21
1273 18
1274 12
1280 14
1285 2
1296 2
1305 11
1309 14
1315 2
1322 15
1324 18
1325 3
1332 16
1334 19
1335 13
1339 9
1340 18
1341 14
1347 12
1355 13
1360 2
1369 12
1375 20
1376 21
1380 14
1384 11
1390 5
1395 7
1398 17
1400 14
1404 12
1412 17
1414 6
1422 11
1428 2
1439 8
1443 14
1447 13
1452 3
1456 14
1463 9
1464 21
1468 16
1470 7
1472 8
1474 9
1475 21
1479 18
1480 10
1481 11
1485 5
1491 3
1496 13
1502 12
1506 11
1511 18
1512 2
1521 11
1527 14
1534 5
1540 5
1545 8
1547 13
1551 20
1552 6
1560 11
1565 12
1573 11
1580 11
1586 5
1590 11
1596 20
1598 10
1599 12
1605 18
1606 7
1608 14
1614 17
1616 4
1624 12
1632 14
1637 11
1643 18
1644 19
1646 7
1649 19
1650 5
1657 14
1663 15
1665 18
1666 13
1671 9
1673 11
1680 10
1683 17
1685 12
1689 6
1697 18
1698 4
1706 18
1707 8
1711 17
1713 14
1720 16
1722 11
1728 18
1729 16
1731 17
1733 12
1737 13
1743 17
1745 9
1747 10
1750 18
1751 12
1755 19
1757 19
1758 7
1760 14
1765 8
1767 12
1775 14
1782 12
1790 19
1791 16
1793 16
1795 4
1801 11
1807 7
1809 13
1814 12
1822 2
1829 18
1830 4
1836 4
1844 16
1846 12
1852 16
1854 21
1858 11
1865 2
1872 15
1874 16
1876 18
1877 8
1881 19
1882 6
1890 8
1894 11
1899 15
1901 6
1909 1
1918 7
1921 18
1922 11
1929 11
1936 18
1937 7
1940 8
1942 13
1946 8
1950 7
1952 5
1959 18
1960 7
1962 16
1964 19
1965 8
1969 9
1971 2
1978 11
1983 16
1985 2
1994 13
2000 14
2006 18
2007 17
2009 12
2015 15
2017 10
2020 11
2026 14
2033 1
2040 12
2046 18
2047 6
2053 5
2059 15
2061 17
2063 5
2069 9
2070 17
2072 2
2083 1
2090 13
2095 14
2102 8
2106 11
2113 11
2118 10
2121 5
2128 12
2132 16
2134 4
2140 18
2141 2
2150 9
2151 1
2159 20
2161 15
2163 1
2171 8
2173 14
2177 6
2183 11
2187 6
2191 10
2192 8
2194 12
2198 12
2206 11
2211 13
2217 9
2219 7
2222 13
2227 7
2229 9
2230 12
2236 5
2241 21
2245 12
2251 13
2255 11
2260 11
2267 12
2273 12
2279 15
2281 21
2285 5
2292 5
2299 4
2303 6
2311 9
2313 9
2314 12
2320 6
2326 19
2327 7
2329 11
2333 21
2337 11
2342 11
2348 19
2350 8
2352 2
2359 16
2361 17
2363 14
2370 16
2372 6
2378 7
2381 10
2384 11
2391 5
2395 16
2397 10
2400 6
2406 18
2407 16
2409 6
2415 6
2423 1
2433 13
2439 20
2440 14
2447 21
2451 17
2453 7
2456 9
2457 2
2466 19
2468 13
2473 1
2481 8
2483 3
2488 10
2489 15
2491 13
2497 12
2503 18
2504 3
2510 13
2515 10
2516 7
2519 3
2523 8
2525 16
2527 8
2531 12
2539 12
2545 11
2551 18
2552 11
2558 15
2560 19
2561 12
2565 20
2567 17
2569 2
2576 3
2583 12
2589 4
2593 4
2601 11
2605 10
2606 16
2608 5
2615 21
2619 21
2623 19
2625 11
2632 18
2633 10
2636 4
2642 15
2644 12
2652 15
2654 1
2662 13
2667 12
2671 18
2672 9
2673 16
2675 14
2682 2
2691 12
2695 12
2703 6
2711 11
2716 18
2717 18
2718 7
2721 15
2723 11
2729 6
2737 14
2743 11
2747 14
2753 11
2758 14
2765 2
2774 4
2780 20
2781 5
2786 8
2788 18
2789 11
2793 9
2794 16
2796 15
2798 6
2804 11
2811 17
2813 12
2819 1
2829 3
2834 3
2841 21
2845 12
2849 7
2852 2
2861 11
2868 13
2874 16
2876 11
2880 8
2884 21
2888 4
2894 1
2901 9
2902 12
2908 7
2911 13
2916 12
2922 4
2928 4
2932 14
2937 18
2938 7
2941 21
2945 18
2946 20
2947 12
2953 19
2954 12
2962 21
2966 6
2972 1
2980 12
2986 16
2988 12
2996 4
3002 8
3004 8
3006 8
3008 7
3010 16
3012 9
3014 18
3015 4
3019 16
3021 7
3024 7
3026 19
3028 12
3036 19
3038 12
3042 13
3047 20
3048 8
3050 10
3053 7
3055 21
3059 11
3063 9
3065 5
3071 12
3077 21
3081 7
3084 18
3085 14
3091 16
3093 15
3095 8
3099 2
3110 11
3116 1
3124 19
3126 4
3132 19
3133 6
3139 12
3147 19
3149 11
3156 3
3162 4
3166 18
3167 19
3168 4
3174 18
3175 18
3176 1
3186 20
3188 13
3193 4
3199 20
3201 12
3209 18
3210 11
3217 12
3223 16
3225 6
3229 19
3230 9
3232 10
3233 11
3240 20
3242 1
3249 1
3256 11
3261 15
3263 18
3264 11
3270 9
3271 1
3279 18
3280 18
3281 11
3285 6
3291 9
3293 12
3299 16
3301 5
3306 3
3311 14
3315 19
3316 19
3318 12
3322 6
3328 15
3330 20
3331 13
3336 9
3338 12
3344 11
3348 11
3355 18
3356 13
3360 5
3367 13
3372 16
3374 15
3376 4
3380 19
3382 16
3384 15
3386 8
3388 17
3390 11
3394 11
3399 16
3401 2
3408 16
3410 2
3419 20
3421 7
3424 11
3431 15
3433 9
3434 11
3438 19
3439 1
3448 7
3450 1
3459 18
3460 13
3466 18
3467 4
3471 19
3472 14
3476 12
3482 12
3488 6
3492 1
3502 15
3504 16
3506 12
3514 3
3518 17
3520 10
3521 6
3529 5
3533 15
3535 5
3542 3
3546 16
3548 9
3550 13
3555 12
3563 2
3572 4
3580 12
3584 14
3590 19
3591 21
3595 17
3597 10
3598 13
3604 9
3606 10
3609 9
3610 18
3611 16
3613 5
3618 16
3620 18
3621 5
3625 17
3627 10
3628 6
3632 9
3633 9
3635 17
3637 2
3646 11
3651 4
3655 20
3656 19
3657 17
3659 7
3661 21
3665 8
3669 15
3671 18
3672 8
3676 16
3678 11
3683 11
3687 3
3692 9
3694 21
3698 12
3704 4
3712 11
3719 17
3721 14
3727 15
3729 21
3733 18
3734 1
3742 11
3749 14
3756 4
3760 2
3769 18
3770 11
3777 9
3779 8
3781 4
3787 10
3788 11
3793 6
3797 11
3802 8
3804 14
3809 21
3813 20
3815 5
3819 11
3824 12
3832 3
3837 5
3841 14
3846 2
3855 16
3857 12
3861 6
3865 20
3866 8
3868 20
3869 3
3876 21
3880 11
3887 18
3888 11
3893 19
3895 4
3903 15
3905 12
3911 12
3919 4
3923 18
3924 12
3928 11
3933 7
3935 7
3937 6
3941 13
3947 16
3949 1
3956 12
3962 2
3969 7
3971 4
3977 12
3983 14
3987 16
3989 7
3991 12
3997 18
3998 9
4000 2
4009 12
4015 17
4017 21
4021 2
4030 18
4031 3
4035 16
4037 13
4043 15
4045 14
4051 11
4057 12
4065 12
4073 5
4077 18
4078 1
4088 13
4094 20
4095 13
4099 11
4106 18
4107 18
4108 16
4110 12
4118 2
4125 21
4129 3
4135 16
4137 12
4143 6
4149 19
4151 13
4157 2
4166 9
4168 1
4176 8
4178 9
4180 13
4185 10
4186 11
4192 8
4196 11
4201 12
4207 21
4211 11
4218 18
4219 12
4227 20
4228 21
4232 6
4236 8
4240 18
4241 10
4242 18
4243 2
4250 21
4254 15
4256 16
4258 6
4262 8
4264 15
4266 15
4268 7
4271 16
4273 3
4277 11
4284 6
4288 11
4292 11
4299 18
4300 12
4308 21
4312 18
4313 18
4314 9
4316 16
4318 10
4319 15
4321 11
4328 21
4332 6
4336 13
4341 14
4345 19
4347 5
4351 6
4355 12
4363 6
4371 20
4372 7
4374 10
4377 1
4385 14
4391 5
4398 21
4402 2
4409 9
4410 15
4412 6
4418 16
4420 2
4429 6
4435 6
4441 13
4445 19
4447 12
4453 12
4459 5
4464 11
4470 12
4476 13
4481 12
4489 15
4491 12
4495 16
4497 13
4502 10
4503 9
4505 16
4507 10
4510 3
4514 3
4519 20
4520 5
4526 21
4530 18
4531 11
4536 11
4543 6
4549 12
4555 14
4560 20
4561 20
4563 1
4570 6
4576 15
4578 19
4580 12
4588 13
4594 14
4601 21
4605 4
4609 18
4610 12
4616 11
4620 14
4625 3
4631 15
4633 11
4637 14
4641 5
4645 1
4654 17
4656 7
4659 15
4661 8
4663 11
4670 2
4679 19
4680 17
4682 5
4688 18
4689 13
4693 2
4702 14
4709 10
4712 3
4716 5
4723 1
4733 11
4738 16
4740 18
4741 5
4745 12
4753 12
4757 8
4761 11
4766 14
4770 4
4776 12
4784 2
4791 2
4802 2
4813 10
4814 12
4822 10
4825 12
4829 14
4833 16
4835 18
4836 2
4845 11
4849 2
4858 2
4867 6
4873 15
4875 15
4877 16
4879 5
4883 12
4887 4
4893 3
4899 21
4903 2
4912 11
4919 7
4922 20
4923 18
4924 7
4927 14
4931 8
4933 20
4934 17
4936 3
4943 7
4946 8
4948 15
4950 17
4952 4
4960 18
4961 11
4965 2
4974 18
4975 10
4978 2
4989 13
4995 18
4996 13
5002 20
5003 15
5005 11
5009 15
5011 10
5014 21
5018 12
5022 19
5024 11
5031 10
5032 2
5039 8
5043 19
5045 9
5047 12
5051 3
5058 8
5060 12
5068 12
5076 11
5080 2
5091 17
5093 15
5095 1
5105 10
5106 13
5112 11
5118 16
5120 12
5124 11
5131 19
5132 17
5134 18
5135 6
5141 12
5147 20
5149 11
5155 13
5160 20
5162 2
5169 19
5171 15
5173 17
5175 5
5182 17
5184 11
5191 8
5195 11
5202 8
5204 12
5210 8
5214 11
5219 2
5230 19
5231 11
5236 3
5242 8
5246 14
5253 9
5255 21
5259 5
5263 6
5271 8
5275 3
5279 14
5283 18
5284 12
5290 14
5295 6
5299 11
5306 3
5310 1
5317 18
5318 15
5320 14
5327 18
5328 14
5335 19
5336 8
5338 1
5346 5
5351 11
5355 7
5357 12
5363 12
5367 3
5371 21
5375 12
5383 8
5385 11
5391 18
5392 12
5400 11
5406 17
5408 9
5409 8
5411 16
5413 6
5419 6
5425 12
5429 18
5430 18
5431 13
5437 7
5439 15
5441 2
5448 5
5452 10
5455 18
5456 4
5464 2
5473 6
5479 6
5483 6
5491 15
5493 12
5499 2
5508 18
5509 12
5517 19
5518 18
5519 13
5524 1
5532 11
5539 17
5541 11
5547 15
5549 6
5555 5
5559 1
5567 20
5569 16
5571 20
5573 7
5576 9
5578 19
5579 14
5586 10
5589 14
5594 1
5602 5
5608 11
5612 11
5619 11
5626 10
5629 11
5635 16
5637 1
5646 9
5647 11
5651 13
5656 2
5665 9
5666 12
5670 16
5672 12
5680 12
5686 12
5690 14
5696 7
5698 18
5699 11
5705 6
5709 8
5711 11
5717 15
5719 9
5721 12
5725 6
5729 6
5735 6
5741 1
5750 19
5751 15
5753 11
5758 16
5760 2
5769 18
5770 10
5773 15
5775 1
5785 4
5791 21
5795 14
5801 12
5807 18
5808 17
5810 12
5816 18
5817 15
5819 9
5821 17
5823 19
5825 15
5827 14
5834 15
5836 7
5839 14
5843 12
5849 11
5855 4
5859 18
5860 19
5861 3
5868 2
5879 12
5887 21
5891 19
5893 9
5894 7
5897 11
5902 10
5905 21
5909 11
5913 4
5919 4
5925 14
5931 12
5939 8
5943 9
5945 16
5947 10
5948 19
5949 5
5954 11
5960 3
5967 11
5972 4
5976 5
5981 12
5985 13
5991 21
5995 16
5997 12
6001 11
6006 5
6010 3
6016 11
6023 12
6027 5
6034 4
6040 11
6044 18
6045 13
6051 8
6053 15
6055 17
6057 3
6064 9
6065 11
6071 11
6075 15
6077 11
6084 14
6090 11
6097 12
6101 1
6108 15
6110 4
6116 18
6117 18
6118 21
6122 18
6123 21
6127 19
6129 4
6133 1
6141 18
6142 17
6144 11
6148 15
6150 2
6157 7
6160 16
6162 4
6166 4
6174 10
6175 21
6179 11
6184 18
6185 10
6186 3
6192 17
6194 18
6195 12
6201 4
6205 6
6209 15
6211 1
6218 12
6224 12
6232 8
6236 15
6238 10
6239 12
6247 11
6252 3
6258 12
6266 12
6272 15
6274 15
