1494
29700.7426 11
29898.3335 18
30072.4598 21
30268.3071 7
30399.8602 7
30445.1457 12
30555.7289 12
30612.4900 19
30750.5948 12
30905.7641 1
31060.0756 12
31177.5642 8
31266.4383 12
31296.7050 18
31408.2905 16
31541.6123 21
31616.5570 9
31651.6340 9
31716.8463 9
31771.5977 7
31797.5137 3
31839.8601 18
31908.0601 12
32092.0161 7
32157.0898 10
32290.7862 13
32328.7563 18
32463.8256 11
32663.3223 18
32841.5179 6
33059.1377 4
33158.8282 15
33214.0553 11
33251.9621 1
33360.7251 18
33481.4519 9
33680.2869 12
33877.0450 14
33953.1469 4
34066.6505 11
34148.6191 7
34330.6057 2
34574.1848 14
34690.8247 8
34859.3421 4
35003.2819 7
35152.6645 12
35347.8745 14
35454.7543 19
35657.4529 14
35724.4568 2
35946.9087 16
35989.2048 2
36132.2319 20
36265.2099 7
36442.8424 12
36596.7189 17
36753.4368 13
36813.2573 8
36916.5692 11
37008.5461 13
37177.5799 12
37263.8937 5
37380.5510 12
37439.8701 17
37559.1595 6
37611.4642 18
37811.0203 9
37939.5373 11
38128.6742 15
38279.3180 17
38312.2432 3
38347.0070 8
38406.3562 15
38515.1633 2
38583.6968 15
38604.7446 4
38831.3962 12
38961.5931 2
39194.0050 8
39407.1896 12
39591.8779 11
39689.6787 5
39765.2953 5
39886.6774 10
40030.6613 8
40209.9464 10
40347.5792 4
40535.7514 17
40721.7549 11
40809.4068 2
40941.9927 11
40988.4093 11
41079.4399 5
41147.9007 12
41325.7984 20
41445.7478 3
41608.1349 10
41662.3760 12
41782.5292 10
41931.1825 9
42056.4626 3
42100.3864 20
42275.2080 1
42469.4020 12
42641.4027 1
42778.0599 18
42970.1954 10
43087.0227 4
43141.2155 21
43293.7994 14
43513.0077 14
43596.5802 20
43761.7813 11
43955.2677 12
44009.4045 16
44035.4623 7
44234.4179 6
44375.3945 18
44468.6749 8
44524.0830 13
44620.8800 11
44733.7992 11
44928.6436 12
45118.6572 18
45318.0643 13
45499.1736 1
45578.6399 12
45706.4802 12
45898.4661 14
46112.3564 19
46167.1071 7
46218.3721 9
46337.7709 3
46428.2919 11
46458.1250 21
46658.8073 11
46854.0848 14
47078.8748 18
47218.5173 11
47392.2173 18
47502.0154 2
47591.0392 5
47619.8387 13
47772.0022 9
47912.4185 5
47990.2419 19
48164.6358 11
48259.7475 11
48350.9973 14
48509.6165 18
48639.5460 20
48701.9817 16
48727.7552 13
48812.0875 12
48885.4498 17
49055.8361 12
49233.3742 8
49467.0857 9
49491.2923 11
49562.6255 9
49638.8123 2
49881.2277 8
50047.6377 15
50249.4039 5
50308.5312 10
50491.6141 4
50549.9539 18
50728.4726 9
50780.4594 12
50935.0371 12
51099.7978 21
51244.7044 14
51437.8729 3
51612.0171 15
51729.0181 12
51928.6375 9
52079.1013 13
52283.1469 15
52465.1001 3
52492.7769 18
52527.4827 11
52555.7380 21
52612.3068 21
52667.4948 9
52808.7872 4
52972.0838 13
53070.5552 11
53191.2874 6
53383.7675 10
53564.0891 12
53594.0442 12
53750.8140 20
53897.5469 5
54037.2491 5
54111.1260 15
54218.3573 17
54252.0741 1
54455.6403 6
54523.3584 5
54672.2127 14
54882.0544 14
54993.5728 6
55146.3497 18
55268.6333 8
55476.0936 18
55650.0440 10
55792.9278 14
55875.1227 11
56026.0565 18
56223.5685 16
56374.7259 8
56476.9636 19
56582.7186 8
56743.9052 17
56931.9702 1
57118.7507 9
57137.3103 11
57326.0435 14
57434.5237 12
57471.3671 14
57640.6672 13
57741.9099 20
57884.3699 12
58006.3860 15
58062.6783 3
58253.4450 18
58310.6246 20
58398.3632 12
58553.1482 5
58707.0037 12
58897.3996 16
59086.9999 3
59278.7296 16
59400.0722 16
59513.4654 21
59715.3686 9
59877.7824 10
59979.8469 12
60174.5034 17
60311.2937 12
60450.1872 10
60669.5399 3
60774.3648 20
60882.4916 4
60956.6317 12
61000.7771 16
61035.8495 11
61207.2797 15
61367.1451 8
61459.2410 16
61481.6884 4
61558.9346 3
61737.3199 18
61890.5206 12
62079.7659 2
62168.6030 21
62348.8483 21
62390.6171 17
62534.7349 9
62560.3183 6
62724.1879 18
62782.2057 4
62854.1172 15
62961.4361 12
63149.3881 11
63296.5631 20
63495.5774 11
63660.3882 16
63846.9820 21
63968.3217 18
64065.4005 12
64133.6691 3
64340.3452 7
64475.9628 11
64568.9553 19
64679.3818 12
64878.5425 16
65073.4984 11
65218.8886 8
65314.6385 2
65414.2230 2
65580.9995 20
65615.9574 17
65771.0807 15
65857.2087 20
66057.5038 20
66247.4215 18
66342.4372 12
66505.2733 3
66563.0560 11
66656.9399 21
66715.9743 2
66920.9583 16
66955.4875 5
67076.2823 15
67275.5581 3
67363.9180 6
67530.6005 4
67789.7786 14
67859.5237 17
67998.5188 20
68194.4843 11
68215.3243 6
68310.3126 7
68424.1060 21
68498.8364 12
68546.3187 9
68745.8645 11
68775.2584 15
68798.0092 19
68864.4196 14
69041.4870 7
69186.0316 10
69236.4851 9
69357.2956 2
69416.9908 13
69451.2217 13
69645.6727 11
69775.4602 7
69907.0862 21
70065.8598 15
70173.9948 8
70400.3316 17
70575.1722 17
70756.0312 18
70908.1725 16
71090.3430 9
71116.4661 12
71255.6344 12
71401.4955 11
71506.5098 11
71704.1119 11
71751.7708 2
71841.9409 15
71973.9209 2
72206.0469 2
72433.5094 3
72589.2177 9
72647.7411 13
72852.1215 6
73085.1430 19
73187.0218 11
73377.2635 15
73441.1267 6
73549.6979 13
73733.9484 11
73903.3362 16
74007.1186 13
74080.8617 15
74273.3149 10
74465.6714 17
74519.3627 11
74708.2391 16
74834.4245 21
75025.3477 18
75159.0180 17
75210.0761 11
75333.6949 2
75508.0378 11
75653.9031 17
75796.9777 5
75966.0873 3
76037.7863 5
76083.7307 18
76283.6731 14
76476.4768 11
76501.2272 18
76624.1137 16
76701.6080 18
76890.8699 11
77040.9340 14
77093.0961 6
77279.7456 1
77491.1664 4
77586.5191 12
77708.3982 6
77810.2130 5
77865.0999 12
77912.2159 16
78114.8402 3
78163.9073 8
78319.4618 11
78381.2628 20
78416.0763 15
78586.9892 2
78720.7351 12
78902.0717 18
79050.0853 3
79135.4682 16
79255.7156 20
79304.3263 20
79362.9480 21
79546.3952 21
79586.7106 18
79685.9313 16
79772.6489 12
79930.5951 11
80123.9093 5
80225.4525 11
80375.7899 13
80466.1893 6
80566.1568 4
80794.4537 17
80864.1165 11
80936.6218 13
81024.5665 3
81069.3982 14
81272.4652 1
81469.9945 3
81600.0054 16
81708.1463 17
81851.3952 3
81967.8761 10
82155.0409 11
82240.3410 20
82323.0509 12
82506.3069 11
82617.3939 3
82730.9325 12
82879.7199 11
83007.3115 21
83069.4672 8
83300.5469 13
83386.0400 19
83417.8697 16
83540.2753 7
83683.8385 19
83871.3011 19
84019.9531 2
84220.1241 5
84268.5107 11
84453.8476 13
84628.3627 13
84661.8663 13
84824.5719 11
84867.0988 13
84950.6718 2
85155.5448 12
85189.9150 18
85269.5283 18
85323.1386 15
85398.4935 16
85418.5179 8
85521.2138 13
85710.6258 18
85907.8087 2
86124.7833 18
86326.0271 20
86434.5208 14
86482.0223 18
86585.5039 18
86709.4901 3
86904.9736 13
86951.6232 8
87026.6242 11
87113.4371 1
87320.2597 13
87375.5069 8
87482.0268 3
87647.7809 8
87848.4873 21
87951.0399 9
87972.3876 7
88127.1049 15
88283.7805 11
88384.1632 13
88472.1561 18
88506.0213 11
88557.4962 12
88586.0233 13
88629.8012 8
88778.0726 16
88980.9368 15
89036.4197 7
89233.4131 12
89288.4613 4
89366.0832 10
89484.0036 6
89612.2432 15
89681.4689 3
89809.7028 3
89873.8679 5
90009.0568 21
90186.8904 21
90321.5916 15
90418.7565 21
90586.5848 18
90750.1773 4
90918.9291 4
91038.7798 5
91074.2497 15
91153.7519 10
91349.4467 1
91406.4489 16
91469.5579 4
91686.2999 11
91823.7515 4
92014.8944 7
92113.1353 14
92267.0195 17
92310.5900 12
92510.1747 11
92683.1431 8
92911.0791 6
93055.8814 4
93249.0092 2
93434.4519 12
93563.7256 17
93675.3851 6
93807.9308 16
93925.3009 11
94058.4682 11
94203.0679 12
94249.1745 21
94371.8402 13
94447.4601 18
94548.1528 20
94697.1147 18
94858.7396 13
94888.2986 2
95074.2033 16
95269.7725 18
95464.0708 19
95578.2815 11
95690.8446 18
95860.3083 4
95951.8526 15
96014.5790 18
96059.4303 17
96093.6518 12
96239.0418 12
96263.1090 18
96360.6717 7
96446.2706 8
96637.5172 14
96789.4317 11
96973.0692 9
97169.0159 18
97189.8550 20
97275.4374 9
97462.0689 3
97568.4874 11
97685.0968 7
97841.7220 13
98020.4664 12
98185.3721 5
98320.1161 11
98410.3265 7
98479.8435 1
98668.6312 21
98718.8676 2
98876.7445 19
99068.2576 12
99202.8557 17
99341.3534 1
99518.7609 8
99689.4993 11
99832.3863 15
99949.6864 20
100105.4596 12
100259.4168 2
100474.0671 12
100590.2042 2
100743.7888 13
100934.5037 5
100975.9246 11
101068.0227 21
101168.9522 12
101217.1656 11
101360.3797 12
101474.6321 16
101530.4402 11
101560.0460 7
101762.8056 19
101811.0876 9
101878.5674 12
102005.0007 8
102175.5178 2
102257.4037 9
102399.7200 5
102515.4228 18
102576.3097 10
102697.2241 10
102874.8558 9
103063.8310 16
103101.7690 19
103281.0491 12
103452.1777 3
103519.7220 14
103634.5671 15
103672.2120 21
103812.4173 15
103844.4248 20
103985.2124 11
104148.4592 15
104220.3195 13
104264.3050 12
104390.2989 21
104584.6327 14
104679.5864 11
104798.5231 21
104960.5366 5
105039.4662 2
105276.3883 6
105358.0678 11
105384.4546 18
105521.5632 18
105595.8778 12
105683.8589 16
105871.0576 2
105943.5221 7
106053.3823 20
106251.2931 3
106395.5188 9
106452.9154 11
106597.6617 15
106722.0903 16
106901.6441 2
107089.0722 16
107152.2647 12
107333.5874 11
107382.4922 20
107432.2642 14
107547.7562 18
107671.5530 21
107810.4445 15
107964.7719 17
108137.8739 9
108232.3833 13
108434.0734 5
108483.6998 12
108518.7780 11
108672.0221 18
108816.4177 12
108932.2029 7
109036.7438 11
109076.2375 13
109155.1085 18
109353.4970 15
109554.4950 5
109588.5158 2
109813.6088 14
109922.2547 7
110026.3821 17
110097.0718 17
110135.0180 9
110198.6804 18
110219.0275 16
110377.9201 1
110531.5867 18
110676.8370 12
110706.1748 13
110741.5004 18
110824.6300 4
110880.8540 9
110985.1543 9
111029.4164 11
111084.1501 19
111194.2867 9
111311.7499 18
111459.6587 3
111560.4442 9
111651.8716 12
111750.3627 13
111892.5350 5
111949.5049 17
112132.7624 7
112265.7674 5
112299.1000 21
112338.8748 15
112525.4798 5
112716.8109 3
112871.2407 20
112911.9745 16
112954.5762 21
113151.2743 21
113277.1861 3
113406.5614 17
113447.4724 20
113580.8780 11
113767.5824 11
113934.5546 20
114023.8025 17
114193.0030 12
114346.6616 18
114424.2100 16
114586.9848 4
114814.0490 17
114970.9946 15
114995.3325 17
115118.7761 12
115281.2719 16
115380.0299 15
115504.7870 9
115588.2854 16
115609.7615 12
115749.8293 21
115811.7715 16
116010.5722 7
116110.7731 10
116142.5601 12
116171.5697 18
116227.7551 11
116254.7118 10
116363.3216 12
116394.2008 12
116577.5510 12
116635.6352 21
116760.6062 18
116890.9678 18
117032.7072 18
117147.5545 18
117309.3297 1
117354.6495 15
117444.8291 8
117520.3346 18
117551.2529 7
117678.2877 18
117733.6168 18
117881.0055 5
118076.0556 18
118136.9990 6
118207.3583 11
118346.6141 2
118447.1898 3
118629.1716 11
118711.7119 20
118742.5244 3
118776.9065 14
118982.4499 3
119155.8360 12
119340.3206 12
119542.7977 9
119656.0070 9
119754.9677 9
119910.8397 19
120062.0009 2
120144.2185 7
120208.1609 11
120282.6189 11
120440.0952 11
120628.0537 12
120791.8241 1
120988.3666 15
121184.4587 2
121325.3040 8
121404.3708 14
121601.9357 10
121765.9159 20
121869.0928 21
121904.4738 9
121976.6492 4
122133.4058 8
122219.0352 17
122407.8894 19
122462.7057 12
122539.1039 8
122732.9876 21
122880.3111 16
123069.6394 12
123195.9070 13
123324.0873 21
123363.7834 10
123409.9747 10
123542.7574 21
123700.5033 12
123862.7161 13
123916.8783 19
124100.8356 8
124149.5198 10
124207.9891 11
124266.8127 12
124302.3868 12
124419.8974 18
124527.5027 4
124763.2833 14
124901.8726 1
125028.9854 7
125061.7901 2
125258.7600 21
125314.5098 5
125471.2351 10
125570.0801 6
125749.6149 18
125834.4017 10
125989.9362 9
126060.8940 12
126139.1455 12
126289.6435 19
126326.6456 13
126441.3602 18
126533.3318 21
126706.5290 5
126823.1784 5
127000.1861 21
127141.7103 5
127342.2312 7
127517.4409 2
127672.3100 11
127749.4484 17
127896.8160 6
127959.6967 17
128117.1115 15
128148.1229 11
128230.2094 11
128250.1334 13
128411.5542 11
128513.9348 9
128671.2520 17
128859.1736 15
128918.1387 18
129003.8788 12
129169.4785 19
129265.0635 18
129438.6480 4
129536.4124 12
129655.6887 17
129684.3175 6
129766.6870 10
129862.6211 18
129917.5460 18
130023.2347 12
130096.0805 18
130278.0848 1
130488.3173 2
130577.6933 3
130713.5325 19
130809.2897 7
130939.1820 18
131136.4672 12
131159.2783 21
131310.3120 8
131411.3733 16
131530.5486 12
131653.1166 7
131680.9007 21
131866.3156 14
132009.1378 6
132105.9855 14
132306.5475 11
132473.9714 11
132587.3110 11
132682.1080 21
132819.0033 8
133044.3199 5
133098.8392 4
133269.3823 11
133436.8115 12
133459.8713 9
133599.9462 6
133828.5205 4
133876.5606 4
134054.0238 1
134130.7328 4
134247.9552 17
134403.1701 9
134492.4516 10
134684.5975 12
134868.4188 10
135070.2256 11
135267.8951 13
135458.2020 15
135478.6459 11
135523.4525 19
135635.4787 12
135783.2245 11
135839.5539 6
135900.4784 7
136059.7024 11
136081.0133 5
136280.8152 5
136431.2120 6
136511.9906 1
136695.9324 15
136788.1336 6
136957.3666 17
136984.7700 13
137028.1766 7
137092.5145 6
137227.6843 13
137393.1528 14
137549.5351 4
137671.8094 12
137733.3504 20
137780.6010 15
137829.0479 18
137876.9879 10
138024.1592 15
138179.6867 7
138263.5932 7
138434.3382 19
138594.1626 11
138655.9357 15
138742.2458 13
138781.8158 12
138891.7677 18
138967.7775 18
139033.5283 15
139176.5875 6
139234.5734 6
139420.6259 13
139556.8575 3
139746.8728 17
139843.4875 2
139975.4601 14
140055.4152 3
140095.0775 11
140258.9302 4
140447.2993 17
140598.6920 11
140758.7069 15
140913.0823 9
141109.2925 20
141135.4733 12
141229.7472 18
141247.7745 18
141304.9922 11
141418.0910 1
141604.8986 16
141650.9889 2
141864.1394 5
141931.3486 12
142102.5646 8
142191.8775 21
142299.0149 21
142487.0909 16
142672.9797 2
142810.0754 19
142903.1214 16
143086.0872 10
143285.5284 16
143468.6870 4
143571.4155 5
143735.8806 10
143948.6924 12
144096.1305 14
144275.7955 11
144437.8718 21
144541.2290 17
144697.9106 1
144823.7926 12
144911.2998 15
145028.8588 18
145066.5528 17
145260.7341 7
145367.6327 5
145551.5767 15
145675.0356 19
145820.2879 9
145924.2959 5
146042.9462 21
146077.4032 12
146112.6659 8
146203.5237 4
146298.7853 11
146494.3391 9
146561.8476 11
146710.1004 18
146803.3121 16
146865.8626 8
147009.9859 6
147115.4455 2
147354.3729 4
147490.4387 17
147516.3499 8
147655.6563 3
147693.7604 12
147878.8845 18
147993.3028 21
148019.2991 9
148132.7893 9
148257.0009 1
148470.4082 12
148504.4834 14
148670.8973 16
148756.8328 12
148884.0399 18
148949.0928 15
149124.2248 11
149306.4506 4
149397.9189 20
149464.7064 15
149512.7519 16
149671.0492 7
149737.4726 20
149760.2773 11
149905.9518 20
149954.0521 15
150151.4107 16
150280.3313 7
150480.5698 11
150676.8544 15
150839.7827 7
150912.3310 8
151020.0774 16
151130.0685 20
151215.4540 1
151342.1966 18
151392.2508 16
151557.0031 12
151687.2272 14
151798.2836 9
151899.3517 7
151987.1785 1
152136.6868 1
152301.5910 16
152371.4190 4
152512.8865 11
152651.1177 19
152755.5336 12
152892.9356 10
153027.3151 3
153087.9782 21
153235.8629 21
153308.2703 11
153425.2780 9
153620.0335 16
153680.6160 17
153750.9908 5
153959.1118 7
154011.9567 18
154136.9984 10
154287.5260 9
154316.1292 6
154473.4908 2
154669.0217 21
154740.9877 13
154854.4751 11
154968.4266 15
155015.2158 9
155043.9695 10
155150.0599 17
155325.9069 16
155362.6549 19
155543.7551 15
155645.9141 10
155827.2745 18
155932.7909 8
156162.8701 12
156232.7921 4
156372.2551 7
156483.6926 5
156629.4195 17
156794.2846 11
156884.6793 18
156994.3614 18
157061.8029 4
157165.8255 11
157265.9545 12
157467.4187 13
157595.5723 16
157758.7768 20
157879.2417 2
158044.2320 1
158136.8237 16
158276.2390 3
158354.9802 11
158513.0546 13
158618.2713 7
158735.8128 5
158771.6097 5
158920.7372 6
158999.5764 19
159168.4815 12
159368.4134 12
159466.2469 21
159520.1344 3
159560.9839 3
159743.8894 18
159821.3626 11
159855.2194 12
159947.6573 10
160003.6590 14
160228.2911 15
160309.6237 11
160434.4097 17
160609.1455 13
160646.0733 8
160867.1755 11
161040.2096 8
161240.4180 17
161420.4198 13
161494.8825 12
161614.1477 18
161702.6407 12
161799.0798 11
161858.3240 20
161893.1445 17
161928.5608 2
162133.1350 8
162241.4255 11
162419.6745 14
162571.4684 12
162616.4316 15
162786.3663 4
162849.3418 20
162914.0502 1
163091.2942 15
163255.7295 1
163316.7478 3
163480.7356 9
163655.7442 18
163730.5171 6
163812.5673 2
164010.3748 6
164214.4406 11
164406.2774 13
164586.1509 2
164705.4074 21
164731.9607 11
164750.7168 13
164845.6181 18
164997.3261 14
165110.9180 3
165147.6206 16
165291.1940 12
165392.1838 16
165485.8630 8
165711.0451 12
165738.5235 2
165803.5941 3
165880.4227 16
165934.5066 7
166066.2250 13
166132.5745 2
166186.2296 15
166376.9060 15
166436.1638 17
166528.1071 4
166645.9159 13
166679.6975 18
166867.5907 11
167062.4403 8
167121.9869 18
167202.4862 9
167289.1280 17
167482.2581 19
167592.0049 17
167716.4945 4
167795.4598 11
167920.1261 11
167973.2127 14
168103.6421 6
168219.0111 10
168256.0288 15
168411.0151 16
168513.2184 2
168611.0547 9
168644.0132 18
168738.5808 3
168830.2564 19
169009.0799 11
169053.5516 4
169275.6572 9
169441.1186 7
169475.4336 5
169563.8740 15
169629.5723 13
169681.6211 11
169773.1839 7
169846.8586 1
169977.3559 7
170153.6611 12
170302.1504 15
170330.9722 9
170379.5899 19
170504.5482 8
170728.2831 3
170827.4666 15
170965.9977 20
171001.1415 11
171203.0802 11
171368.7313 11
171484.8604 12
171606.3435 4
171741.7035 11
171930.9882 6
172062.0631 8
172255.4770 14
172429.9781 6
172528.3340 4
172688.0299 15
172773.0124 9
172862.3583 3
172919.6684 1
173011.7824 7
173048.4131 11
173219.4610 17
173337.4530 21
173453.6006 19
173485.4680 2
173584.7369 15
173665.6206 3
173848.9851 18
174038.3336 19
174088.3282 5
174181.6204 12
174273.1452 18
174319.6572 19
174348.3348 16
174528.0632 21
174559.0413 11
174598.9071 17
174780.9711 20
174801.5135 17
174847.4303 2
175045.3524 12
175141.3319 12
175269.6924 7
175422.0022 11
175549.3935 4
175702.8468 21
175759.0662 6
175891.2761 17
176018.7381 2
176240.7743 8
176345.5325 2
176538.5213 10
176755.4096 10
176845.3300 18
176925.4677 11
177082.6665 11
177150.4670 18
177280.2726 12
177408.5344 5
177487.0674 9
177687.3722 20
177811.7464 13
177855.2954 8
177944.9445 15
177974.0991 3
178111.9472 11
178231.2833 12
178415.4739 12
178569.7299 6
178786.1846 16
178848.7571 10
179011.4342 2
179226.0343 15
179283.1130 19
179359.1693 9
179466.8705 4
179623.6219 6
179756.4887 9
179876.0618 13
180076.8727 20
180209.8170 4
180377.7905 18
180493.7112 11
180658.8526 6
180833.7981 16
180972.0826 11
181171.0915 16
181329.4058 12
181463.2912 12
181648.0954 19
181799.8756 11
181900.7432 1
182036.5720 20
182094.1900 16
182216.3241 12
182363.4836 9
182545.6768 14
182700.1781 18
182883.1852 17
183085.6332 16
183147.9298 19
183258.6203 1
183326.9481 6
183484.8481 17
183558.2049 6
183618.5186 5
183685.9833 3
183749.1845 8
183903.1655 19
184089.0316 6
184224.6453 11
184389.4536 14
184556.9747 21
184584.5505 21
184645.9608 20
184768.2672 10
184982.2735 14
185150.0126 11
185352.5033 12
185468.0674 19
185552.0123 6
185713.1421 16
185867.9963 21
185960.2672 11
186028.3751 17
186177.7138 20
186358.1765 15
186382.7031 9
186490.6982 3
186645.4019 16
186737.1624 15
186834.4757 7
187023.4323 19
187052.3154 11
187078.2076 14
187316.6649 15
187475.2975 12
187545.4507 5
187728.5216 11
187874.7467 18
187965.5836 14
188115.0634 16
188303.8135 11
188368.9333 14
188560.2909 18
188734.9960 6
188809.3789 2
188968.3882 15
189139.2445 12
189178.1087 10
189255.0069 11
189355.5242 13
189504.2854 3
189582.6778 16
189755.9629 18
189884.1808 2
189967.6333 2
190205.3588 12
190344.3050 7
190435.0475 11
190631.2485 20
190772.6527 13
190949.2201 9
191015.8955 11
191139.6581 10
191343.0806 1
191440.2947 11
191464.5058 14
191532.0081 18
191629.5647 17
191818.2556 21
192024.6909 16
192091.8805 18
192191.4421 16
192239.0838 3
192295.9534 7
192375.5772 11
192456.1899 11
192557.7707 11
192615.9110 19
192675.7989 19
192865.6672 21
193066.1025 15
193217.2080 3
193319.0341 19
193389.4434 16
193590.5460 20
193630.2941 1
193727.2605 4
193866.3609 12
194016.6826 18
194116.9849 12
194208.6172 20
194391.3162 11
194454.5417 11
194655.2951 10
194740.7191 12
194845.2391 16
195016.8733 7
195175.9881 12
195258.5314 9
195292.7944 11
195351.1172 5
195494.6716 5
195634.9608 21
195668.3722 11
195868.5644 8
196041.2907 13
196172.5983 20
196241.0567 6
196416.7836 12
196460.7645 13
196581.1218 12
196705.4351 14
196790.8704 10
196915.6041 17
197049.5779 10
197175.7886 19
197287.8416 20
197459.6598 15
197512.2635 7
197625.5377 8
197812.6741 18
197980.7022 4
198068.9189 19
198178.0889 15
198232.1229 5
198266.6341 2
198473.7108 3
198512.7353 3
198654.0531 4
198828.8996 11
199012.4221 11
199032.2310 7
199224.9412 17
199397.9518 11
199513.5851 12
199684.1266 10
199833.3321 4
200038.6705 6
200123.7193 8
200339.8054 17
200468.0158 7
200619.0686 12
200814.4569 7
200975.0946 19
201141.4250 11
201247.6756 12
201351.0488 14
201446.8870 12
201567.3473 10
201627.2795 1
201693.5956 9
201739.7734 4
201897.7493 21
202081.4379 18
202166.9350 8
202268.6466 18
202332.9473 19
202503.4089 21
202623.3468 10
202819.7094 12
202870.2646 6
203080.0157 15
203221.4685 12
203399.3608 13
203587.0374 18
203743.8048 2
203914.3801 7
203937.3372 20
204136.0138 11
204326.8260 3
204399.7772 16
204452.7663 14
204566.1314 18
204754.8528 8
204907.0442 11
205099.8357 12
205189.7391 19
205353.7762 15
205440.8914 11
205615.6014 19
205650.3548 10
205793.4834 5
205961.7115 1
206145.7263 11
206207.3614 10
206373.0795 17
206463.5251 20
206585.6270 15
206708.9327 16
206894.9403 14
207132.3968 1
207328.3688 11
207466.9044 21
207561.1039 13
207753.2013 12
207792.9899 21
207953.3142 1
208096.0756 6
208253.6453 1
208311.9970 7
208336.5007 11
208404.1991 15
208570.0503 10
208791.9832 16
208887.3155 5
209060.9622 21
209232.4504 21
209282.9169 15
209456.4080 3
209571.2977 18
209763.3100 4
209913.5542 10
210074.4803 1
210271.0778 18
210394.7324 11
210543.9984 14
210771.9193 13
210836.7514 1
210972.0589 1
211124.2277 20
211280.2472 18
211408.7982 2
211521.9515 8
211736.4511 11
211774.0119 5
