1494
34363.2942 4
34430.2532 18
34494.8063 7
34652.4237 14
34752.9157 19
34827.8854 15
34979.9155 11
35093.5893 17
35252.7498 14
35327.5520 15
35478.2512 5
35560.4815 13
35657.6568 2
35726.7082 11
35928.4774 16
35954.4900 11
36044.8836 21
36198.2065 6
36388.9010 6
36453.5222 11
36635.6872 2
36858.1098 9
36878.6825 5
36955.0940 2
37011.0645 14
37226.3356 11
37250.8431 15
37336.9558 12
37366.3697 14
37495.8359 12
37544.4005 15
37649.6769 19
37717.3319 11
37769.5625 12
37933.9294 11
37997.7361 11
38022.1392 18
38166.3206 11
38337.6787 2
38478.6745 11
38665.7512 3
38807.3869 4
39034.7190 2
39255.1219 8
39424.0400 19
39456.6125 18
39503.0548 6
39637.4750 12
39767.2668 16
39834.8094 11
39889.1387 6
40077.5833 5
40147.1319 19
40290.9997 19
40434.3666 18
40533.6322 20
40647.5581 11
40724.3895 18
40794.9012 18
40849.7025 15
40980.2793 16
41139.2136 11
41181.1676 18
41258.7897 7
41457.6175 12
41530.3918 9
41665.1688 12
41750.6464 4
41855.2958 12
41986.0343 18
42139.5121 15
42192.3939 13
42224.7853 19
42245.0378 4
42316.0150 10
42478.1235 18
42508.6208 3
42604.4942 16
42751.2483 10
42878.4151 5
43075.8013 4
43231.5127 12
43346.9744 8
43546.8944 15
43638.3879 11
43699.9737 16
43745.4077 2
43862.1791 11
43902.0056 12
43961.7652 11
44019.8861 6
44100.0320 19
44279.5260 5
44431.5704 20
44474.5580 13
44543.3609 5
44692.9811 8
44773.7081 18
44800.9032 21
44903.1811 11
45016.5485 11
45157.3676 9
45273.7594 20
45384.5656 21
45428.1268 9
45559.9376 11
45599.2995 13
45662.8093 17
45688.2384 6
45768.3214 14
45957.1655 20
46049.7630 2
46181.7671 1
46391.1449 2
46548.2575 20
46693.6050 12
46855.2922 12
46873.3908 14
46992.4203 1
47060.6914 5
47163.6661 20
47350.9219 12
47513.2289 11
47699.7815 1
47808.6417 5
48014.4165 11
48101.6072 11
48256.3517 18
48406.4101 19
48502.1805 12
48696.2237 7
48871.6152 18
48904.6339 3
49004.1093 8
49122.4691 17
49184.1229 17
49233.5800 8
49319.8055 5
49360.2066 13
49518.3958 11
49659.8579 10
49748.7058 18
49821.0314 1
49865.8222 19
49956.5742 18
50013.2366 14
50184.8963 11
50379.0891 21
50483.2590 21
50546.5273 3
50671.9508 11
50827.1384 3
50907.7794 21
50960.9073 21
51095.4814 1
51185.5972 3
51271.8989 17
51455.0183 20
51606.2916 19
51656.1222 16
51773.4161 7
51956.3990 5
52008.9940 11
52064.2179 18
52223.6691 18
52351.6715 8
52450.7677 20
52544.7356 7
52734.9646 12
52769.1125 9
52938.8739 21
53041.3059 12
53121.4373 11
53224.3238 3
53290.5310 1
53385.6981 7
53456.8412 1
53607.7970 13
53733.2828 2
53977.3412 20
54115.3108 21
54284.9558 16
54346.5444 18
54404.6902 11
54436.2494 21
54598.3430 18
54655.3991 8
54793.6764 11
54897.5304 7
54978.4357 15
55096.2352 10
55259.1482 7
55433.6382 20
55568.4007 18
55608.0945 17
55734.7188 5
55793.4760 17
55884.8430 16
55915.5640 12
56020.9349 19
56070.3433 12
56210.9890 12
56298.5780 19
56351.2911 2
56561.6122 13
56686.9766 2
56910.3997 11
56980.5903 3
57048.5737 11
57168.7978 11
57196.6670 16
57217.4792 20
57262.2562 11
57375.1666 17
57482.2592 15
57512.0013 11
57676.2962 5
57839.4657 8
58067.9785 17
58253.1692 1
58349.6068 10
58442.9411 3
58654.2226 20
58804.3527 5
59012.1404 11
59087.2637 17
59177.3294 20
59323.5407 13
59417.2024 10
59476.2981 10
59545.6814 11
59708.2198 18
59888.2657 18
59905.6501 1
59950.5087 11
60137.1063 18
60338.4010 6
60428.0300 7
60627.9080 11
60700.2199 19
60873.7465 21
61065.8054 11
61224.1438 17
61304.4162 15
61425.4825 11
61594.0511 11
61764.3513 11
61860.3991 2
62046.9652 15
62078.6344 21
62178.7572 8
62370.9008 11
62531.0738 19
62582.9485 2
62728.6553 9
62888.7080 17
62989.1649 5
63029.3951 11
63182.5730 3
63360.2736 11
63435.3132 1
63494.4001 9
63614.7267 4
63840.6453 20
64012.2018 19
64076.0732 7
64244.6247 21
64339.4473 9
64517.3691 18
64655.9905 11
64847.8268 16
64944.2789 5
65125.3583 4
65227.7139 4
65393.3476 14
65589.5785 18
65646.1735 16
65696.2164 10
65834.6401 9
66031.3017 20
66120.1826 6
66377.7006 5
66544.3485 16
66739.7775 10
66958.8602 19
67068.3098 11
67264.4635 20
67296.7215 15
67390.6528 5
67441.4326 14
67600.2442 20
67747.3845 11
67820.0095 18
67966.1301 18
67997.4630 9
68094.3379 2
68193.8655 2
68364.5346 4
68429.3941 11
68574.6045 18
68718.2167 7
68865.3923 10
68975.3838 19
69069.6158 17
69121.1154 15
69178.4742 1
69336.3220 15
69452.1062 8
69674.2378 14
69903.2338 12
70072.4941 11
70136.9747 18
70234.5416 20
70381.6007 11
70558.5378 6
70770.7748 3
70952.4377 15
71072.7662 4
71242.8162 1
71354.4571 16
71460.2116 2
71677.1437 5
71737.2819 6
71893.7175 3
72012.3064 15
72183.4628 15
72370.5913 8
72482.0566 21
72545.8562 15
72634.3457 15
72799.8427 8
72985.8139 4
73200.6563 14
73268.7113 18
73435.5206 10
73533.8689 17
73659.9302 11
73761.4159 14
73967.0024 8
74137.6617 4
74227.6876 21
74308.6163 17
74435.7718 12
74594.3016 16
74629.7719 20
74672.6720 20
74713.7906 20
74757.0206 19
74905.9536 18
75049.5360 12
75215.4686 21
75420.4178 20
75492.7936 16
75680.7991 17
75812.4284 19
75873.3330 17
75993.5014 18
76073.0496 19
76150.2203 4
76359.6339 12
76556.3384 11
76661.6908 11
76795.6621 18
76891.9731 16
76958.6105 20
76994.0348 7
77170.2322 18
77333.1277 15
77480.8793 1
77575.6499 10
77711.5606 8
77823.0971 3
77871.7642 9
77959.0409 11
78110.3678 12
78215.1558 11
78285.3095 9
78387.5072 9
78494.4778 12
78532.2477 10
78699.5021 10
78826.4605 8
79044.6209 11
79235.6456 7
79339.7102 11
79508.3034 8
79595.0755 5
79716.7704 21
79894.6168 8
80005.1282 7
80094.1584 15
80203.0050 5
80269.7849 2
80436.5760 19
80525.7519 12
80558.6134 1
80609.4065 20
80648.3006 2
80800.2750 18
80876.2118 9
80987.2316 9
81039.4668 20
81127.8413 14
81317.2764 11
81431.8565 7
81619.7799 11
81765.6167 7
81918.8548 6
82008.6272 10
82203.9219 13
82406.4516 18
82589.5885 18
82758.3418 10
82796.7760 3
82829.6788 13
82968.8082 14
83197.0071 1
83307.9944 9
83435.3833 14
83597.0618 9
83694.7216 16
83758.7553 7
83888.6002 12
83998.3902 5
84161.3343 21
84363.0453 15
84502.7525 13
84622.2473 7
84744.1817 18
84837.0706 3
84916.2147 10
85142.0953 12
85340.1698 12
85363.4651 11
85392.2810 11
85564.1049 9
85729.1312 18
85856.3838 9
86003.3099 14
86093.1708 11
86167.3485 17
86186.1957 7
86279.8101 11
86416.7895 18
86442.6466 18
86533.9556 19
86572.2864 4
86812.6652 11
86946.5047 15
87102.3948 10
87239.9757 20
87268.8491 16
87341.4745 5
87482.9153 11
87612.9775 16
87760.8397 18
87855.9569 12
87897.8231 3
88035.6829 17
88118.3145 3
88313.8449 20
88379.7198 10
88549.8058 16
88732.4457 6
88922.2902 12
89038.8391 12
89063.9634 12
89116.4161 15
89254.2123 21
89326.6527 5
89464.9022 13
89496.6008 13
89594.1754 3
89647.2922 4
89797.4910 21
89903.4253 7
89978.5567 14
90114.5343 1
90303.5939 17
90368.7052 5
90464.9786 7
90504.9109 12
90667.7114 8
90740.6760 12
90929.3325 21
91001.0484 21
91189.4741 11
91226.6887 9
91346.4696 13
91412.5553 18
91602.2510 21
91717.4240 12
91761.7711 3
91866.8610 18
91914.0160 1
92030.7351 1
92145.4189 11
92344.2454 9
92401.5324 15
92547.5748 18
92726.6660 2
92801.9306 3
92848.5149 15
93049.9673 1
93215.1151 18
93316.8535 16
93426.2653 11
93626.1306 11
93698.1524 3
93751.0348 16
93944.4292 12
94064.5564 12
94266.6446 12
94339.5366 17
94405.0683 20
94434.3000 9
94550.9152 19
94670.4310 11
94786.0191 11
94895.4138 20
95075.0697 18
95149.3353 8
95355.6277 18
95547.0778 21
95597.8941 10
95774.2597 13
95975.9599 16
96014.7031 2
96155.7616 11
96239.7189 4
96365.3244 3
96577.6610 18
96740.8859 12
96934.7588 18
97053.0657 11
97221.8875 14
97400.3286 4
97604.0440 20
97773.4820 9
97840.0608 6
97921.8257 2
98097.2558 10
98214.8194 6
98429.2392 1
98532.8348 9
98577.4519 18
98695.0215 18
98712.1197 10
98867.5417 16
98934.2282 6
99016.9550 4
99227.3184 5
99308.1348 18
99468.5550 2
99557.2288 14
99769.8001 15
99920.2485 15
100078.4222 12
100245.0773 18
100380.0025 10
100519.1150 9
100618.8851 2
100845.9732 14
100982.7501 6
101047.4429 11
101222.3425 2
101306.3010 6
101480.9937 11
101584.3236 16
101745.5725 18
101934.5038 1
101970.6219 19
102066.1513 17
102128.5549 12
102276.1568 10
102391.0543 18
102429.6160 21
102548.5886 17
102741.9705 8
102867.4723 4
102985.8522 19
103046.6035 18
103069.8620 12
103142.4387 14
103301.4685 21
103458.5128 13
103612.2307 17
103717.5415 6
103782.3836 9
103949.5296 18
103968.1098 12
104164.1460 12
104288.0159 1
104394.7715 3
104532.6309 5
104595.4450 10
104815.2855 11
104900.5846 10
105093.3914 5
105128.7531 19
105206.9198 4
105394.3812 18
105469.5700 12
105584.0142 10
105787.6703 1
105828.9465 19
105877.0351 18
105984.6380 4
106100.8512 9
106203.9843 8
106273.7802 21
106438.9042 10
106490.4597 11
106576.5150 18
106696.8053 3
106836.6217 12
107039.4549 18
107148.3143 18
107263.2899 12
107295.6721 12
107430.5735 1
107590.4219 12
107711.7492 8
107769.0901 14
107964.8154 13
108113.3749 11
108158.5850 17
108293.4514 15
108420.6300 12
108494.3807 18
108566.2995 6
108646.8557 19
108776.8728 12
108863.5016 1
108952.1228 5
108993.4040 19
109099.0091 20
109125.0699 12
109147.7779 12
109195.4945 2
109326.9627 20
109451.4964 6
109646.4253 9
109813.0562 6
110044.6592 19
110113.9859 11
110172.3998 11
110328.0449 21
110357.7766 3
110438.1275 5
110547.1725 7
110658.8854 18
110786.6578 10
110966.3754 11
111143.9678 1
111258.8689 10
111432.9210 15
111475.7532 13
111621.2571 7
111739.2030 9
111775.4981 6
111954.1215 15
111980.1167 11
112136.0921 5
112280.4185 13
112454.6135 13
112634.4593 2
112790.0989 17
112978.0093 2
113059.1451 13
113151.1993 7
113185.9463 12
113250.3698 18
113332.7741 4
113538.9711 6
113717.3492 11
113861.4533 18
114016.1295 2
114096.3949 4
114331.5281 7
114461.5804 12
114635.7677 16
114709.5839 13
114767.9018 6
114980.7723 4
115089.9104 8
115218.1726 4
115322.8586 13
115398.0999 8
115456.1684 15
115564.1745 18
115586.0062 12
115625.5741 4
115696.6479 5
115906.7329 11
116100.7997 9
116293.4279 19
116420.4226 15
116497.2846 9
116518.4095 8
116692.8426 6
116762.5586 1
116873.2452 5
116997.1846 11
117037.7047 18
117209.7584 11
117295.4141 1
117495.0835 2
117719.0058 9
117782.2501 3
117867.3512 11
117984.7065 11
118074.5815 17
118177.3725 11
118364.9905 16
118525.7705 4
118695.3931 17
118784.7748 20
118869.1920 17
118890.2544 18
119018.4190 1
119197.2419 20
119364.6990 11
119429.4851 15
119607.6139 6
119679.2242 18
119868.5703 2
119982.6423 19
120164.6374 11
120288.9737 2
120508.9889 9
120634.0652 18
120772.5660 9
120808.3273 12
120957.1360 12
121125.1467 5
121270.9712 18
121448.7694 20
121504.2724 20
121649.2547 14
121802.1849 11
121826.5208 11
121951.3199 4
122080.9741 10
122170.0237 17
122238.3795 4
122377.4603 8
122518.8862 15
122620.8640 12
122809.8305 18
122914.5199 6
123084.0357 19
123165.6732 6
123302.8785 10
123380.6452 18
123410.0304 10
123458.1887 18
123631.2550 3
123802.5963 5
123983.3799 17
124063.8932 20
124111.6006 17
124254.6564 2
124335.0711 11
124378.2736 1
124539.3535 10
124653.4824 21
124699.9486 15
124751.0397 21
124784.6108 18
124902.0061 17
125024.2788 5
125149.1252 9
125307.1125 17
125448.6632 11
125577.1082 2
125641.4590 12
125800.0629 6
125838.5501 1
126025.1619 8
126169.5768 20
126281.5246 15
126473.3364 12
126641.9151 9
126800.7025 3
126920.2162 19
126991.2703 12
127174.1204 8
127402.5944 21
127520.0284 14
127679.4705 3
127757.7131 21
127880.6762 12
127931.5946 12
127963.3638 18
128095.3348 13
128249.3506 8
128366.4741 11
128496.4010 6
128645.3343 6
128785.3211 4
128873.3473 16
128904.8025 10
129060.7010 8
129223.6001 17
129296.2880 1
129419.1368 9
129612.4003 20
129640.5525 4
129785.4544 12
129825.3709 18
129981.4943 16
130135.0183 18
130217.3000 11
130418.5827 19
130470.2855 9
130562.0020 14
130638.4680 8
130799.6818 12
130885.0355 15
131055.8402 21
131077.8905 16
131224.0983 15
131291.5172 21
131313.9442 12
131336.5514 9
131514.5251 10
131722.5287 9
131839.0450 7
131980.0460 13
132039.7807 1
132246.6118 15
132366.3764 16
132531.7544 7
132646.2675 6
132851.1484 16
133022.6012 15
133180.9868 8
133365.9273 14
133480.0973 18
133653.6910 13
133852.1253 6
133983.7140 11
134116.0768 12
134251.6524 21
134278.0321 4
134401.4647 19
134481.9343 11
134559.6406 16
134579.5704 10
134674.7196 16
134794.3512 12
134966.9723 11
135145.8547 9
135224.1051 12
135366.2909 16
135552.4496 6
135672.6532 4
135752.4920 11
135805.3181 4
136045.8961 4
136260.2934 18
136311.7967 11
136360.2280 18
136443.5135 13
136517.1217 3
136604.0627 3
136723.9485 2
136923.6712 12
136981.3068 6
137090.5197 19
137109.8394 12
137297.6724 11
137482.8446 15
137509.3867 12
137638.6262 10
137760.6170 17
137898.6671 16
138032.8909 16
138164.2771 18
138301.0510 7
138383.6063 11
138532.1228 20
138603.5123 8
138663.2227 18
138769.2740 9
138856.4417 15
138963.3572 3
139021.5655 1
139091.5088 15
139132.6299 13
139198.1864 18
139391.5868 20
139560.2633 9
139601.7846 15
139660.3967 20
139850.0170 7
140024.1249 3
140218.5764 13
140357.1667 7
140459.9185 1
140676.3411 17
140788.5615 21
140860.8944 7
140927.8896 19
141011.2634 3
141209.7057 10
141411.5827 11
141489.5501 16
141622.3729 6
141798.2488 20
141947.9200 7
142063.9425 4
142159.4026 16
142278.3582 12
142454.4335 7
142566.8391 21
142631.4396 9
142704.6766 18
142743.3145 13
142776.1656 11
142880.6380 14
142929.2154 20
143099.2572 1
143233.9223 12
143402.7872 5
143435.6178 20
143561.3717 14
143687.7394 20
143769.3139 20
143796.0307 12
143950.9474 11
144017.4817 12
144156.0207 20
144334.6986 12
144467.5761 12
144486.9557 17
144522.6282 4
144626.7324 13
144803.0065 4
145051.8577 4
145240.7488 13
145303.3761 11
145352.2924 5
145460.7854 12
145530.5147 11
145581.5141 2
145745.2212 8
145810.7609 17
145846.6010 3
145923.1956 7
146049.1312 19
146082.4136 11
146214.2727 14
146298.6259 5
146409.8897 7
146575.0389 2
146661.4768 2
146746.2458 11
146839.0569 16
146899.9050 12
147018.8245 18
147076.4147 3
147283.9581 15
147460.0340 9
147583.3005 9
147755.2750 11
147931.4691 21
148088.5517 14
148233.5325 11
148289.4962 11
148462.7390 3
148515.3157 15
148605.2304 6
148829.0002 9
148851.6408 18
149028.6950 12
149162.4634 8
149327.2869 7
149467.8506 13
149648.1289 8
149797.7773 14
149963.5105 14
150076.3843 4
150279.2246 10
150384.1611 15
150585.5014 17
150609.6349 19
150668.2211 7
150773.8344 5
150818.1729 11
150906.9309 7
151080.8758 11
151170.3191 20
151232.7812 11
151341.6879 12
151511.8205 14
151657.5919 19
151716.9107 5
151747.3941 12
151912.4032 10
151957.5910 16
152123.4729 2
152310.9772 11
152358.7460 20
152520.8222 3
152557.3857 15
152585.7414 17
152685.2332 11
152853.2828 18
153001.5738 19
153180.5850 9
153269.9754 19
153384.6030 12
153420.7164 16
153499.1857 11
153594.8572 21
153650.8291 14
153816.4664 18
153928.8858 12
154045.8267 11
154136.0442 3
154297.1168 12
154466.6234 15
154539.3782 12
154733.0221 16
154893.0076 16
154963.6919 14
155194.7785 1
155319.4018 12
155398.6650 16
155492.3614 6
155690.6709 18
155844.6942 11
156023.2317 19
156207.3083 12
156290.0009 1
156480.5522 18
156528.8056 3
156593.2561 2
156757.2537 13
156880.5020 17
157025.0679 13
157121.8737 18
157253.7395 18
157296.0397 14
157398.2755 20
157498.2522 12
157570.4110 7
157610.9794 12
157713.5341 19
157791.9598 19
157901.9615 20
157959.0085 2
158047.9722 15
158180.9670 18
158336.6896 18
158399.9471 10
158471.2298 18
158497.5700 4
158637.7111 11
158696.7953 11
158726.4802 9
158843.7532 4
159065.2206 1
159109.9203 3
159288.3763 18
159485.2374 9
159614.4236 12
159813.2091 14
160000.1895 18
160150.6323 15
160334.1167 18
160493.5181 5
160579.5716 21
160701.0393 3
160799.1801 4
160869.1744 12
161048.1792 2
161123.7643 2
161347.4780 9
161384.8348 3
161488.1434 11
161631.9436 12
161755.7813 21
161846.7914 19
162011.9767 16
162119.8877 19
162299.9619 4
162488.0852 9
162511.4701 4
162573.7823 12
162723.0547 16
162908.4793 3
162997.2873 13
163204.0529 11
163280.4374 4
163355.3577 14
163511.4409 4
163693.1696 15
163720.6093 1
163770.2878 5
163925.8030 19
164005.9272 6
164142.6397 18
164175.4267 13
164230.5061 16
164351.6974 12
164486.4389 9
164515.3187 14
164632.4325 8
164760.4436 18
164869.7059 20
164973.4471 15
165144.9225 15
165294.4392 1
165368.3297 10
165480.6759 11
165614.7058 18
165703.5539 6
165864.1966 12
165950.5962 12
166011.8905 11
166077.6375 12
166174.4849 21
166252.9729 11
166407.1339 21
166605.4517 8
166761.4834 18
166921.3584 11
167089.7194 6
167251.6961 1
167390.5163 16
167447.0507 13
167643.9774 21
167746.9451 7
167889.5768 1
168060.7586 6
168243.4563 7
168271.7307 13
168476.8736 3
168659.2125 12
168778.1626 7
168871.6367 14
168983.2160 5
169038.2307 15
169062.8559 6
169224.0377 10
169377.6532 8
169587.6084 11
169696.7543 18
169877.8993 15
169995.7255 21
170046.1265 7
170169.8663 18
170332.9139 6
170575.3878 12
170689.2250 4
170817.0645 11
170895.6784 11
170923.7470 18
171023.1533 11
171160.4171 15
171363.5984 18
171551.8927 21
171679.1271 13
171847.4697 4
172071.5955 11
172111.5258 9
172300.1235 8
172386.7763 11
172451.7836 5
172520.1307 13
172712.8118 8
172775.2499 11
172874.9703 15
173001.8129 18
173153.9688 4
173236.7712 8
173397.2127 5
173437.8155 20
173475.0976 17
173619.7863 4
173830.8608 3
173899.4018 10
174038.3520 9
174211.5028 18
174364.7358 12
174462.2934 11
174600.6968 16
174803.1090 17
174860.9611 12
174979.7998 3
175014.8415 18
175039.6332 4
175204.7437 5
175263.1914 18
175396.7017 13
175560.0494 11
175731.7552 11
175842.3302 12
175960.1995 12
176119.5215 12
176296.6371 15
176319.4361 19
176475.8168 5
176588.9939 19
176762.5874 16
176923.2518 4
177137.3799 18
177276.4415 15
177384.8493 11
177500.6919 6
177654.4921 20
177851.6621 15
178009.1228 10
178193.7199 11
178347.4055 15
178483.8538 18
178646.0892 11
178724.1749 5
178911.8705 19
178994.4587 7
179051.9164 11
179106.9168 18
179237.7694 3
179283.6583 16
179438.0053 20
179564.9504 4
179644.4168 18
179787.2762 19
179954.1716 12
179986.9480 16
180019.8615 11
180116.2348 4
180200.1901 5
180324.4747 12
180356.9935 20
180470.3168 10
180591.6483 1
180630.1472 6
180813.3732 1
180866.8001 12
181039.0477 4
181136.6799 8
181215.7559 16
181258.4259 13
181320.1872 11
181418.7988 2
181556.6453 5
181635.3207 19
181696.7080 14
181794.4918 10
181940.9072 11
182075.9900 18
182258.1737 2
182331.3325 11
182367.8854 18
182486.1619 11
182533.1358 12
182564.0125 10
182802.0157 12
182994.4500 21
183096.4055 12
183258.4762 11
183386.7892 11
183548.4146 6
183685.7297 18
183815.1126 13
183930.6919 4
184132.1983 4
184312.1975 15
184392.9068 12
184506.3238 8
184602.5426 4
184705.0458 18
184747.2666 21
184814.9466 20
184960.8288 19
185053.6809 12
185225.7555 15
185251.6653 18
185448.6085 10
185638.3336 19
185709.1096 20
185860.8003 4
185994.0946 18
186073.0450 17
186169.6834 16
186206.4566 12
186263.9485 15
186379.8854 7
186545.7150 7
186653.9895 11
186740.3177 11
186799.5925 13
187002.9424 4
187125.0221 16
187320.7609 17
187350.3030 9
187523.4883 9
187565.6772 11
187666.2475 11
187805.8477 3
187882.1078 12
188059.6913 10
188162.5257 20
188262.6761 15
188351.6837 8
188569.2780 14
188777.9117 6
188858.4045 19
189047.6846 21
189174.7215 20
189245.0206 1
189395.3819 11
189429.7802 14
189521.0303 11
189637.7009 10
189863.3247 11
190057.4278 18
190119.0196 18
190204.8536 2
190438.7485 11
190635.1673 14
190691.7590 11
190729.9610 4
190874.9287 18
191007.2535 11
191084.9433 15
191180.4450 13
191356.2468 18
191549.1650 11
191645.8295 6
191782.2121 14
191949.7821 1
192053.5211 14
192110.0762 14
192188.3552 9
192286.7575 6
192500.0947 11
192552.6651 2
192683.8852 12
192818.0318 3
193012.1919 11
193060.6469 12
193208.8541 12
193382.6685 13
193484.3037 19
193564.1123 21
193630.7631 10
193720.6140 21
193878.7867 17
193901.4282 20
194040.3070 3
194136.3726 10
194299.0689 15
194360.1013 13
194536.5717 5
194622.9530 9
194781.6517 20
194917.8656 18
195061.4967 13
195270.0721 16
195451.0580 12
195513.0744 21
195668.2488 18
195746.6861 18
195927.6027 12
195991.1158 3
196125.5699 8
196350.7247 11
196384.6023 5
196496.4774 2
196634.7642 13
196844.2699 13
196914.6327 3
197055.4374 7
197192.2745 5
197332.0639 12
197535.4174 4
197706.3350 11
197757.7111 6
197924.7664 7
198047.7173 6
198265.6434 7
198297.1319 12
198476.7689 5
198520.8743 11
198712.0774 5
198742.6939 7
198781.4119 5
198988.0367 6
199216.8477 1
199319.4220 1
199499.3071 13
199698.2360 13
199781.3670 9
199926.1754 15
199984.2302 17
200033.9012 18
200204.3770 5
200354.3112 20
200492.3322 12
200628.0555 20
200794.6762 17
200961.3703 11
201139.3810 2
201251.2089 11
201356.1470 8
201518.3292 15
201565.0681 8
201701.7723 6
201762.0967 11
201914.8394 12
201934.5239 20
202010.3680 11
202079.5789 6
202269.2845 18
202288.7682 3
202475.2758 9
202600.2220 18
202631.6897 11
202714.4677 11
202748.3977 1
202935.7150 7
203098.3553 12
203126.7882 16
203192.3721 6
203238.8957 6
203436.4282 11
203594.2029 19
203723.2536 12
203814.6858 19
203926.3589 12
203948.1093 5
204111.3823 21
204163.4285 17
204364.0503 11
204488.0231 12
204675.9053 11
204771.4231 11
204971.9666 9
205028.8410 19
205159.3091 4
205275.3496 10
205303.0966 11
205410.0390 6
205544.9159 1
205635.5184 18
205755.5622 15
205816.4093 17
205904.9435 16
206005.2187 14
206153.8363 1
206193.5180 11
206315.7090 17
206472.1576 18
206534.4143 3
206654.5472 5
206731.0370 10
206889.2749 9
207068.8162 7
207185.2006 11
207290.4290 12
207355.8884 12
207463.0779 1
207532.7540 1
207586.6543 4
207720.8083 12
207829.5432 12
207851.9276 11
207997.3878 9
208109.6918 14
208188.8077 6
208402.9111 20
208508.6228 18
208586.0817 3
208756.1963 11
208912.5384 3
208969.1827 1
209151.8946 18
209198.1682 5
209409.2406 15
209529.3181 16
209583.5789 18
209685.8291 10
209761.7943 4
209996.7323 17
210123.2224 11
210216.7505 11
210348.9268 19
210472.1881 13
210558.5880 19
