1494
9208.6781 6
9357.9287 3
9404.3628 1
9447.2062 19
9580.7194 16
9639.7524 15
9755.2663 20
9800.8324 19
9839.4603 12
10017.0915 2
10130.0369 17
10150.6824 10
10205.7487 12
10402.5967 8
10478.8480 15
10570.2449 11
10748.3580 1
10800.5839 17
10908.7922 16
10941.7996 15
11030.9861 12
11124.6652 20
11152.4258 11
11177.1035 18
11280.6307 4
11455.6568 18
11591.8242 12
11677.5199 11
11844.5676 7
11869.1027 10
12080.5806 11
12256.5307 17
12329.5661 12
12480.2932 11
12648.8479 19
12755.6207 6
12930.0356 11
13027.5590 11
13206.0510 20
13230.3025 18
13413.0683 5
13578.0381 10
13716.9638 6
13773.5406 1
13933.2781 9
13988.5971 17
14071.8970 18
14096.5067 8
14147.1934 12
14348.8672 1
14533.5822 1
14623.3430 18
14719.8334 18
14880.1210 9
15048.9044 20
15081.0357 15
15258.6181 18
15332.4104 13
15526.4044 9
15647.2058 9
15805.6059 8
15943.1641 18
16090.6058 8
16180.2441 8
16277.8811 5
16343.6251 20
16422.1938 18
16444.0445 2
16610.7975 1
16643.8693 19
16670.3053 11
16850.4506 11
16926.2157 16
16972.1668 11
17129.8306 5
17230.0905 11
17273.2757 1
17319.4414 10
17379.5477 19
17454.2617 12
17626.8213 5
17751.1978 14
17868.1767 18
17939.3225 8
18001.0994 11
18172.6814 1
18326.4817 14
18394.5254 19
18526.9938 15
18625.5575 11
18771.0145 20
18899.6599 4
19083.9655 7
19191.5914 2
19302.5152 20
19432.0482 17
19487.8542 21
19676.3085 9
19702.5304 12
19829.2997 13
19917.9687 15
19984.4672 1
20169.5251 4
20401.6250 6
20616.9030 14
20806.7352 19
20946.5820 11
21076.5269 16
21215.9779 11
21241.7183 8
21439.1915 16
21551.1342 11
21692.6553 14
21788.7746 9
21910.9639 20
22079.9957 11
22102.8173 3
22213.7677 3
22334.7461 12
22536.5563 12
22662.0318 9
22702.1105 12
22866.6664 14
22996.2137 11
23114.5472 17
23301.8274 11
23492.3501 12
23601.8537 13
23647.5935 21
23812.4789 19
23904.3087 11
23929.0647 10
23967.9059 19
24034.2833 14
24212.7038 20
24261.8602 15
24293.1711 21
24444.2150 15
24621.7936 12
24825.1665 8
25043.3282 17
25063.6614 3
25127.2022 11
25299.4882 17
25384.9921 12
25448.0372 10
25526.5331 20
25710.1857 6
25849.4066 9
25875.2212 20
26059.9983 11
26257.4794 14
26377.1996 17
26497.5505 21
26583.0076 18
26782.4059 2
26917.1146 6
27059.5290 12
27249.0278 17
27281.5515 18
27440.8171 2
27557.5320 5
27595.2722 12
27796.9875 13
27848.4844 12
27879.6009 11
28054.4855 6
28144.4413 19
28269.1738 2
28506.5395 10
28573.5744 12
28681.8668 1
28825.7387 15
28948.9856 15
29145.9789 15
29291.5123 1
29379.4317 15
29433.3347 19
29561.3592 17
29678.5797 2
29924.2140 19
29951.6729 12
30099.0654 21
30138.6321 21
30277.2969 18
30465.9889 11
30597.1228 18
30680.8709 18
30832.3747 11
30876.9123 11
30965.6354 12
31082.0714 11
31263.7263 14
31338.2132 11
31442.2715 19
31535.3065 11
31566.2188 20
31675.6038 15
31827.1520 10
32063.1941 16
32196.2614 12
32270.4660 18
32431.4079 11
32592.1189 19
32767.6361 10
32950.7438 11
33152.1340 18
33339.6403 1
33519.7417 18
33717.1905 13
33840.5252 11
33873.8357 16
33947.5527 21
34050.7056 21
34073.6946 4
34156.1188 12
34354.1333 4
34472.4793 12
34503.5943 13
34540.9668 8
34644.0392 14
34798.7537 19
34914.0019 21
34999.0342 13
35113.7503 11
35177.4129 19
35257.3152 11
35325.8560 18
35444.9203 11
35597.2616 20
35791.5958 21
35870.3568 9
35895.7188 17
35959.0455 12
36104.4170 19
36292.7860 18
36373.6520 19
36467.7149 12
36643.0586 12
36678.3754 15
36835.9188 15
36902.8514 11
37007.0672 16
37045.6250 12
37093.5274 3
37128.4667 15
37306.1603 18
37490.9592 10
37549.7247 21
37614.5711 4
37809.3666 3
38014.2879 11
38040.4761 15
38213.9122 17
38261.6755 15
38425.2840 13
38521.5262 17
38713.1282 14
38919.4497 4
39087.3023 12
39254.3969 15
39398.6394 15
39518.6412 12
39708.1516 10
39823.7740 3
39882.0281 1
39960.2755 3
39989.9797 2
40149.1680 18
40216.2139 3
40254.4973 12
40362.5810 1
40401.7600 2
40584.3800 8
40818.5569 5
41026.9702 7
41063.6118 17
41199.2580 18
41248.6753 9
41311.4750 21
41373.1113 12
41474.2815 11
41569.6583 7
41724.9885 16
41767.1219 6
41890.7568 18
42060.3507 10
42251.9208 17
42354.0727 20
42388.7365 5
42572.0601 6
42703.4158 18
42778.4956 3
42915.8958 20
43012.4332 11
43122.9790 1
43226.4338 12
43267.0103 11
43412.8503 12
43566.1062 11
43758.2915 5
43938.4688 17
44082.6678 12
44191.6521 5
44349.1135 12
44484.4852 11
44524.6648 13
44573.5568 18
44627.7156 2
44737.4242 9
44933.0052 21
44999.1826 10
45057.9915 15
45224.1222 9
45379.7630 12
45479.0026 19
45634.2864 15
45660.5699 11
45832.2596 7
45927.8710 9
45971.7055 14
46103.5129 10
46197.8649 8
46260.8477 11
46353.6172 19
46486.1840 11
46514.9901 3
46687.1840 1
46769.8087 12
46895.2998 12
46974.0390 3
47056.5749 8
47107.2985 10
47300.6287 15
47403.7398 19
47592.8306 11
47732.5445 10
47928.4613 17
47948.9476 5
48140.5784 12
48340.7239 19
48486.6509 11
48598.9567 20
48752.2566 4
48918.3134 12
49102.9612 7
49170.1395 9
49242.2630 9
49289.9017 18
49383.7148 9
49491.9820 12
49542.7522 12
49669.1108 11
49836.8767 8
49976.8282 3
50066.6024 4
50204.0570 17
50245.7554 11
50368.9533 16
50434.3023 3
50474.0061 12
50610.7463 7
50752.0069 3
50942.9369 10
51108.9199 12
51216.2211 15
51380.9800 11
51536.9926 9
51707.6861 6
51826.9561 9
51935.5036 8
52145.1791 12
52245.2296 14
52461.4198 21
52576.3426 14
52736.0566 9
52845.3423 18
52968.3683 16
53097.9160 4
53280.4569 21
53406.3984 17
53516.1976 11
53615.4725 4
53827.5204 1
54015.5239 20
54117.7126 12
54235.4701 18
54269.5713 8
54393.7758 11
54569.4368 18
54623.0294 13
54797.9618 10
54891.4513 5
54949.0880 16
55141.2101 15
55227.3887 12
55386.0031 4
55488.3060 11
55656.1963 17
55747.4967 16
55832.5410 13
55912.3545 4
55998.2026 1
56158.6765 11
56332.4539 19
56354.5453 15
56438.1120 15
56467.4129 12
56645.4433 4
56774.5769 12
56961.2597 7
57163.6599 7
57245.8240 9
57311.8364 18
57398.0525 11
57454.2832 9
57566.9950 15
57756.3761 18
57847.6397 6
58078.0276 11
58240.9231 12
58263.2366 18
58281.8016 4
58504.3447 14
58691.3576 5
58851.8388 10
58956.2012 11
58994.0679 12
59187.5851 11
59312.6786 13
59452.9319 16
59546.3928 15
59710.0401 6
59817.9517 11
59871.1171 15
60071.2050 9
60124.6832 16
60230.0102 4
60311.8363 15
60413.6468 8
60526.7068 2
60645.8535 12
60785.8565 9
60970.4169 11
61153.7918 13
61223.1050 11
61366.7054 19
61409.2274 12
61535.2508 1
61745.1280 13
61912.1711 6
62014.7867 4
62186.8383 6
62378.3216 18
62539.6683 12
62726.2331 7
62927.7777 8
63073.8389 11
63102.9056 5
63227.7686 18
63312.5350 18
63420.7968 18
63451.6854 18
63641.0965 5
63710.9043 17
63762.2917 5
63795.7640 17
63938.1853 12
63989.2430 11
64083.9359 12
64187.8510 12
64242.9645 11
64276.8513 15
64333.3860 7
64413.2750 1
64609.7897 3
64759.4726 3
64818.2841 10
64909.4025 11
65084.4137 2
65290.2051 12
65421.8812 20
65486.8176 5
65622.2826 17
65775.4706 20
65925.4428 9
66099.5387 12
66264.3987 4
66361.0523 12
66561.7550 5
66597.7893 3
66775.7538 1
66906.5277 11
67061.7916 1
67120.2010 15
67251.8651 11
67377.3152 7
67539.2273 11
67629.9261 12
67815.1522 2
67898.0227 11
67926.3009 12
68092.7613 11
68117.9812 18
68303.0099 9
68501.5958 5
68679.9185 20
68764.5431 21
68968.0802 20
69026.4279 14
69088.0510 17
69284.8593 16
69359.5547 11
69472.5872 12
69557.9354 11
69597.7493 7
69682.8337 14
69912.8065 4
70032.0465 11
70082.5796 11
70210.6295 7
70292.1688 6
70404.2780 10
70548.2285 16
70657.7282 8
70791.5659 12
70942.9324 9
71125.1887 13
71265.0089 12
71361.7347 2
71607.4448 4
71796.2848 13
71908.4399 19
72096.6225 9
72160.5025 3
72211.5340 18
72305.2102 18
72328.1628 20
72483.9512 11
72643.5361 10
72789.2834 4
72998.8973 12
73077.4971 6
73231.7435 7
73255.0766 1
73396.1648 1
73579.2085 11
73757.0214 7
73790.8288 9
73958.4612 18
74109.5113 13
74166.5820 6
74416.2886 17
74544.4177 20
74635.8956 17
74797.5376 18
74957.2919 9
75060.1849 19
75208.4191 21
75384.5321 20
75576.2809 10
75672.6343 11
75807.9510 11
76002.3891 11
76068.1556 19
76218.1740 4
76293.2784 8
76399.4780 11
76514.5096 6
76678.0818 1
76821.1722 12
76914.8850 6
77037.0810 18
77095.2795 20
77256.8787 2
77339.5475 14
77384.8204 12
77523.3888 16
77570.1151 11
77595.9507 5
77719.4867 16
77783.4397 11
77832.5424 5
77887.3012 20
78038.9934 5
78242.4438 7
78388.4492 12
78576.7597 15
78711.8488 6
78936.7745 11
78962.4269 21
79166.1434 14
79326.4970 16
79359.2158 4
79449.4477 2
79669.2564 1
79857.1383 11
79929.9322 7
80124.8449 16
80263.9623 16
80353.6633 14
80488.8204 12
80509.9186 6
80573.9828 6
80672.1928 12
80869.4313 13
80928.9714 14
81141.9846 12
81284.0213 17
81464.0224 21
81571.0358 12
81631.2646 17
81663.2840 18
81760.7753 5
81803.7102 16
81924.2180 15
81977.2502 1
82125.7492 19
82235.3465 14
82348.1881 2
82510.4622 5
82611.0166 12
82778.3283 20
82932.4918 11
83021.2556 10
83198.1903 5
83371.1786 8
83545.6778 12
83621.8347 11
83813.0008 1
84013.2592 9
84205.5260 19
84339.9439 12
84505.2794 20
84618.4227 15
84672.0863 12
84736.6148 20
84822.1628 5
85014.3998 4
85185.8642 12
85264.7437 18
85376.5218 14
85417.5080 6
85591.9000 11
85720.6075 5
85800.2971 11
85992.1521 17
86095.9554 12
86287.8816 5
86337.4938 11
86394.8354 16
86452.3053 15
86519.5850 15
86673.2932 21
86731.2606 7
86763.0437 20
86951.4114 15
87117.9445 11
87243.0163 7
87409.0658 19
87589.7417 3
87672.7774 16
87742.4809 12
87840.1362 16
87943.2113 2
88054.2121 18
88106.7604 11
88223.3223 4
88467.9948 8
88514.3840 9
88564.4669 12
88657.6127 10
88754.4895 1
88800.4611 19
88889.9636 6
89056.3560 11
89093.4333 3
89248.6265 11
89370.4589 12
89474.6560 11
89588.5322 4
89763.5265 17
89888.9444 2
90096.0473 11
90270.2556 18
90453.1257 11
90591.1697 5
90678.4165 5
90747.8826 19
90767.5280 14
90929.6784 12
90974.3207 11
91119.2355 12
91296.5521 11
91363.1156 6
91554.0890 9
91742.8509 16
91857.0233 17
91897.9312 16
92097.3203 12
92148.7430 12
92243.8181 12
92315.9848 18
92413.1434 20
92582.0313 11
92656.2733 14
92871.1463 11
92949.5023 14
93069.3555 17
93262.5033 5
93308.8797 13
93493.4519 21
93553.5212 5
93707.3180 12
93895.1396 2
93990.4859 15
94029.5867 21
94206.0907 12
94265.8412 20
94313.7538 18
94386.8069 15
94411.7979 7
94474.2869 7
94610.2526 4
94735.7771 18
94799.8319 11
94827.2854 15
94935.2004 7
95045.3541 13
95083.1078 19
95121.7771 19
95225.6856 8
95312.4227 18
95506.9650 4
95695.9473 10
95756.6750 14
95841.3336 3
95972.0042 11
96012.0865 8
96208.4537 12
96283.3065 16
96373.3613 18
96399.0807 11
96594.0648 14
96761.8900 21
96968.6420 17
97002.4243 9
97204.6129 9
97405.7839 14
97566.1154 15
97646.9422 15
97848.7629 10
97956.6937 19
98131.4723 11
98280.8016 17
98411.0478 5
98452.2572 18
98518.7124 3
98673.3669 12
98769.2907 18
98830.6732 12
98995.1840 16
99152.4076 6
99207.6018 12
99281.6844 12
99368.9913 19
99397.8550 19
99574.2934 7
99695.6316 20
99820.2504 11
99913.6611 20
100021.3900 3
100072.4807 11
100208.2726 4
100270.7359 19
100462.6526 8
100684.3421 10
100736.0838 21
100883.5285 12
100918.0521 17
101069.0378 21
101137.0040 16
101243.6984 16
101413.5358 15
101566.0436 16
101589.0439 12
101610.1823 1
101779.7447 21
101904.3856 18
102008.0517 12
102036.5882 6
102122.8343 11
102142.9125 17
102187.9863 15
102244.4816 20
102406.7783 10
102632.1423 11
102799.1180 4
103018.1017 14
103077.8983 18
103255.3390 1
103293.3452 6
103400.9449 14
103559.2893 21
103597.9667 18
103720.0220 15
103746.5145 20
103886.5174 12
103913.2866 3
103944.1306 12
104006.4939 12
104196.5506 17
104281.6081 13
104341.7940 1
104535.7798 11
104591.7690 7
104741.9765 16
104784.5216 2
104842.1888 1
104873.7495 7
104945.9374 3
104986.7485 21
105113.3480 2
105271.3145 7
105330.1026 19
105385.9529 14
105521.3929 17
105593.6269 12
105634.5384 11
105789.0262 18
105887.1877 9
106056.8578 17
106225.2691 2
106291.3252 16
106328.6347 12
106380.5002 6
106594.4440 21
106644.9156 14
106893.2341 8
107020.3914 21
107209.9151 9
107310.1507 13
107509.0778 9
107622.8533 8
107800.7279 15
107975.1426 15
108116.5865 5
108260.3955 12
108394.1611 17
108525.1445 12
108575.5543 6
108690.6289 11
108785.1999 3
108852.2413 13
108967.0775 6
109058.6288 13
109141.4859 11
109210.2080 11
109341.8411 13
109514.2761 7
109563.3023 12
109681.8828 12
109726.3442 11
109824.2386 12
109861.4145 12
110063.0898 18
110080.8465 16
110222.2002 1
110412.8880 13
110499.1090 12
110579.1740 3
110671.8488 11
110844.1587 4
110934.6499 4
111075.0473 1
111247.4237 15
111406.9697 16
111607.0265 18
111693.9536 21
111841.0210 9
111949.6561 12
112055.6908 9
112085.8899 19
112153.6180 7
112226.3958 12
112360.2416 13
112413.4679 1
112578.0417 14
112704.5370 15
112753.6203 19
112932.8943 3
113074.0288 17
113220.0610 20
113398.6199 16
113466.7174 18
113498.4211 9
113583.7365 19
113626.8894 6
113793.7543 2
113957.0084 15
114079.2692 1
114273.1704 13
114362.3569 15
114411.0196 17
114477.1222 6
114590.0947 12
114724.1088 20
114884.1216 8
114945.1949 4
114998.8649 16
115200.7460 4
115435.3798 20
115484.6763 19
115556.1332 18
115624.3954 9
115735.6714 19
115929.6547 12
116103.2240 18
116191.3523 12
116261.4546 11
116396.6729 7
116597.5319 11
116654.0756 12
116854.1813 11
116930.4854 17
117006.8914 11
117160.9724 20
117211.2035 15
117270.9346 14
117403.8079 16
117556.6839 11
117577.7196 5
117781.2639 19
117828.5405 11
117975.4860 7
118106.6259 7
118246.4847 8
118453.4888 5
118524.1268 16
118580.9562 5
118724.7664 10
118876.0861 14
119010.1074 11
119211.6878 21
119234.6521 5
119298.6973 5
119419.0133 12
119465.4860 17
119619.5134 12
119675.3430 18
119863.3326 11
119955.0943 7
119981.8731 17
120090.3366 19
120236.9509 12
120273.5606 4
120450.8369 7
120648.3452 11
120810.7269 16
121010.6181 12
121075.7769 16
121230.7315 4
121439.7769 12
121546.3126 11
121730.3158 12
121756.7586 20
121895.8573 12
121934.6413 4
122007.1087 11
122178.6287 15
122202.8271 9
122275.8630 7
122399.7322 2
122454.9108 4
122705.4351 18
122726.0155 18
122866.5705 13
123052.6548 12
123098.4948 15
123242.3345 11
123444.9570 11
123623.2583 17
123714.4286 9
123812.6598 3
123972.9859 18
124049.1934 14
124168.7313 18
124191.0588 8
124287.6380 17
124356.7466 6
124596.7270 2
124704.0990 4
124754.3645 9
124860.7361 5
125028.3688 10
125189.1221 11
125208.1679 12
125318.1964 7
125500.8761 11
125673.2912 1
125818.4075 17
125951.2584 3
126024.1040 12
126043.3432 18
126116.7783 11
126288.6468 13
126462.8970 6
126643.9284 13
126753.4023 7
126904.1673 13
126943.1834 16
126976.8953 11
127109.0622 11
127195.8654 9
127385.5446 15
127515.7407 3
127643.7637 1
127705.9223 21
127878.0857 8
127993.9551 12
128059.3087 18
128195.0110 15
128298.7125 3
128364.7151 9
128536.8587 11
128605.3437 12
128731.5241 19
128785.6637 7
128856.2473 15
128986.0787 11
129145.4425 20
129311.3942 16
129490.0365 13
129560.3554 15
129642.7124 10
129776.1986 15
129797.7644 20
129906.7477 11
130025.9656 12
130103.9958 20
130299.9368 6
130492.0997 2
130559.8439 3
130593.8060 13
130759.4227 6
130819.2479 1
130925.2900 6
131052.6106 3
131195.7079 7
131272.6566 19
131420.6564 19
131504.4241 20
131660.6824 13
131735.5067 18
131810.8634 11
131840.4125 12
132028.0706 8
132112.1838 5
132279.8315 12
132383.7696 4
132518.0469 10
132626.2912 14
132821.6301 16
133018.8977 12
133082.0880 15
133102.1234 19
133273.7720 4
133388.2643 9
133461.5938 8
133577.7520 11
133607.0411 14
133739.0760 16
133773.2161 5
133921.7842 5
134083.1814 8
134263.6160 9
134460.9455 18
134480.1505 13
134535.8688 21
134669.4201 12
134757.5605 15
134844.7249 9
134917.7683 11
135021.1021 2
135076.6801 7
135160.5915 6
135365.1478 20
135555.7790 11
135687.5257 12
135825.3723 18
136005.4056 1
136043.1490 16
136091.4930 11
136167.8005 18
136198.5542 7
136389.7472 11
136418.0741 13
136603.2411 11
136645.3997 2
136802.2597 2
136857.5285 8
136913.0302 3
137077.5029 11
137251.7165 8
137469.1186 16
137505.7729 12
137579.5654 20
137648.5747 11
137781.0133 7
137938.8975 20
138018.4230 18
138156.3501 18
138325.0961 13
138476.2749 14
138537.6543 15
138723.8943 5
138872.3756 11
138900.0456 12
138949.9323 11
139102.5336 14
139237.8380 4
139358.4510 11
139484.1658 17
139638.2643 5
139755.8173 11
139800.7202 11
139863.9054 11
139885.2095 17
139903.8924 18
139980.9398 13
140166.4249 21
140366.7099 12
140521.5415 1
140608.0692 15
140699.7331 12
140810.4548 16
140977.9216 20
141066.0485 12
141211.9777 3
141314.2052 2
141539.3277 5
141654.2416 20
141755.3619 15
141903.9636 19
141942.0919 14
141998.1992 6
142185.4297 14
142385.6922 15
142416.0257 12
142529.7910 15
142578.4968 13
142755.1313 14
142912.4800 4
143056.8763 14
143193.6329 4
143376.0454 10
143600.6528 15
143788.7374 6
143966.7583 18
143984.9803 19
144158.1429 11
144277.5492 13
144434.8755 11
144582.8220 20
144676.3115 9
144698.2773 7
144841.0501 19
144947.4236 11
145005.3349 16
145076.3030 6
145289.1719 14
145363.2014 11
145445.7898 16
145619.6409 11
145796.7045 19
145915.0981 9
146005.2066 7
146116.0106 6
146355.8501 14
146448.0336 15
146634.3806 12
146795.8099 3
146982.7223 20
147060.9840 4
147171.0893 12
147276.6910 11
147371.6651 11
147552.6959 20
147673.8076 3
147739.4382 18
147814.4677 3
147944.6407 20
147965.6030 9
148124.5090 21
148210.2474 11
148354.4476 12
148388.0654 5
148424.8761 2
148509.4487 4
148574.8388 20
148690.2442 18
148747.4835 12
148856.7459 18
148946.9054 7
149059.0177 21
149133.3927 12
149281.9247 6
149395.8041 2
149474.3202 18
149569.5448 4
149692.4595 15
149809.8750 13
149911.5650 12
150008.1563 1
150113.8050 2
150352.1150 3
150497.1921 18
150602.0283 17
150724.3813 21
150832.3123 12
151012.1562 5
151200.0820 12
151392.5598 15
151524.0188 21
151609.1513 10
151711.9637 14
151922.8242 16
152079.7654 11
152156.3640 12
152356.4222 6
152523.3601 12
152644.3365 15
152688.1147 11
152812.7197 7
152859.2892 15
152902.9141 21
152928.6740 14
153050.8210 18
153198.8394 6
153435.3667 21
153623.7916 16
153644.0551 11
153682.5562 7
153803.0577 1
153862.3091 8
154083.9480 12
154166.6255 11
154197.7595 8
154354.8724 12
154379.1572 8
154572.0093 5
154613.5304 13
154762.8797 2
154906.4401 11
154933.3366 11
154985.6052 21
155153.5920 5
155357.8531 8
155508.4015 15
155675.7560 12
155717.6251 17
155738.1507 8
155880.3680 9
155968.5627 11
156154.1239 6
156393.1049 21
156498.0248 1
156711.1200 13
156758.3348 4
156897.6121 17
156980.5623 20
157116.4109 1
157164.7544 4
157359.4513 3
157405.8406 12
157545.7077 17
157618.6700 11
157716.3237 2
157956.1763 11
158128.1457 11
158256.6874 7
158354.2699 2
158481.2270 10
158651.8733 12
158693.0743 10
158802.5545 12
158846.0005 12
158977.4219 2
159237.3084 5
159333.3272 4
159404.0276 4
159485.4011 12
159669.3342 12
159864.2180 14
159950.6998 1
160124.9492 1
160273.4758 15
160310.1613 4
160463.2974 16
160624.6207 2
160826.1352 8
160899.7850 9
161024.0774 6
161131.2170 8
161235.1980 15
161434.2823 5
161528.8736 12
161553.1852 16
161720.5478 9
161865.9992 18
161980.3617 16
162034.0439 9
162229.0595 16
162269.4083 9
162442.9887 12
162588.8977 6
162761.5412 3
162856.4520 7
162999.5470 15
163142.6431 15
163346.4879 6
163452.9532 18
163606.0855 21
163652.9568 20
163730.6983 15
163871.1792 8
164063.8223 11
164172.2648 2
164393.7522 12
164467.8303 15
164549.4218 5
164712.9134 10
164824.2637 1
164869.1219 3
164979.1485 9
165037.6777 15
165196.5678 13
165251.6741 4
165322.0397 16
165424.7812 6
165570.7194 12
165597.5063 13
165720.5801 4
165874.1758 8
165971.9022 20
166098.7131 17
166218.8927 2
166447.0827 13
166559.4046 1
166661.1136 12
166766.2271 18
166838.4110 21
166876.9280 13
166934.8271 13
167058.8761 4
167233.3928 1
167329.1125 16
167446.5894 18
167519.8588 12
167629.7543 11
167758.3351 5
167892.5117 12
168021.5034 9
168116.4227 9
168216.0633 1
168375.1251 11
168476.3114 16
168579.0307 5
168775.3066 6
168925.4853 5
169079.6110 2
169170.0916 11
169309.2623 4
169422.3091 11
169478.8238 16
169676.0132 17
169729.8388 14
169803.4004 20
169867.0650 21
169952.5404 16
170082.7482 13
170107.8375 11
170184.7265 10
170204.7332 12
170304.0979 7
170334.5620 11
170412.8413 8
170637.8027 20
170806.5333 11
170945.6757 12
170992.4109 8
171135.9241 8
171276.2271 18
171455.4861 5
171647.2730 19
171722.0193 10
171780.3245 4
171917.0623 11
172071.2922 2
172139.1814 12
172189.5010 18
172215.6634 18
172407.1564 12
172542.0981 18
172572.0822 9
172749.3049 4
172826.0273 18
172860.2884 10
173029.1288 2
173162.5625 1
173360.1503 2
173470.7062 17
173530.0938 11
173625.9222 18
173680.8411 15
173857.5557 21
173886.7369 18
173964.5072 5
174103.7469 17
174276.4258 4
174417.1901 8
174542.0781 11
174660.1531 9
174822.9039 4
174899.7173 11
175054.0440 12
175147.1031 20
175269.2232 5
175299.5086 18
175325.0686 15
175374.0009 11
175442.2196 12
175468.4737 15
175566.8050 11
175631.0895 1
175838.8338 18
175915.2161 18
175932.5889 6
176136.7833 5
176275.4766 11
176432.0872 12
176463.6487 11
176588.2140 19
176740.6902 14
176950.2924 18
177074.2084 3
177114.3088 17
177174.7303 11
177329.4723 14
177470.1551 11
177578.6902 18
177627.7867 10
177732.6296 21
177931.5425 20
177980.9020 15
178109.9368 19
178175.4518 20
178342.3453 18
178507.5724 11
178645.4584 11
178786.6985 18
178906.6676 15
178926.5285 12
179081.8022 19
179283.8349 2
179456.8803 11
179582.0146 3
179764.2665 3
179930.4773 11
180071.8178 8
180160.4722 12
180196.1101 8
180276.7384 11
180413.0037 13
180621.6082 10
180709.1562 11
180893.9554 10
181025.3546 12
181125.3534 11
181195.2754 15
181387.8847 14
181516.5126 11
181700.5032 11
181790.2040 2
181999.7264 11
182169.0900 6
182401.6253 6
182483.7297 8
182540.4221 6
182706.8996 17
182872.1990 21
183023.8635 21
183167.6209 20
183230.7099 3
