1494
11584.4264 19
11656.8534 6
11763.7977 18
11870.6034 2
12004.1742 1
12108.8039 10
12204.1880 11
12253.7144 2
12427.1423 10
12521.7791 12
12633.3572 10
12802.1348 11
12914.9361 4
13020.9380 2
13090.3046 14
13256.0749 12
13415.5818 4
13639.7503 10
13726.4340 17
13897.9789 16
13931.2108 12
13953.2594 6
14057.7151 11
14111.7403 12
14245.3917 13
14324.1841 12
14456.8423 20
14646.7304 14
14842.4467 7
14991.0679 17
15017.5380 7
15169.7245 9
15292.0026 2
15506.4907 17
15667.2294 20
15744.0238 6
15938.5948 8
16116.3972 9
16274.3625 12
16426.2648 10
16555.6147 21
16592.8162 14
16665.8453 12
16820.2024 5
16849.1009 7
16925.3058 15
16976.8372 7
17014.7829 5
17071.1237 16
17226.4588 11
17325.1724 11
17408.8396 7
17485.8680 11
17633.0154 11
17833.8502 18
17935.8902 8
17993.5722 18
18173.3347 1
18331.2224 4
18532.8798 12
18670.1083 2
18825.3489 16
18949.2501 5
19158.4694 1
19231.6644 16
19314.9882 3
19437.6476 14
19544.9329 5
19631.5475 2
19737.4205 16
19836.9037 21
19957.3694 3
20071.8998 12
20255.4183 12
20358.4465 16
20391.0397 17
20502.1171 14
20669.3205 8
20766.9505 11
20897.2201 11
21060.0730 2
21213.8573 19
21355.6526 3
21527.4128 19
21702.3269 13
21734.7492 20
21889.1686 18
21931.1906 14
21995.1304 11
22161.8970 11
22239.7988 19
22291.9656 18
22382.5430 9
22552.1343 17
22686.1294 1
22728.7262 19
22766.3427 6
22911.7400 7
23093.4977 11
23247.8830 10
23471.3541 11
23667.1975 15
23865.0604 12
24041.2739 16
24226.8794 7
24298.4961 3
24455.5610 12
24567.2944 11
24760.5606 2
24995.2398 15
25187.1176 20
25333.6648 18
25520.2705 17
25589.5753 15
25623.6979 4
25723.3962 7
25798.7609 11
25819.7353 12
25953.5511 19
26102.4386 8
26299.6312 12
26464.4569 8
26531.1915 5
26728.7954 15
26870.4902 18
26999.3465 11
27142.2048 19
27221.9568 15
27344.1031 10
27432.2208 4
27523.0081 21
27571.8509 12
27611.9182 13
27640.2948 12
27743.7437 18
27804.0787 8
27871.7894 7
27909.6212 17
27949.1393 4
28059.9081 1
28099.5583 9
28215.1948 16
28274.4800 19
28431.9563 8
28618.1586 6
28727.7538 11
28780.4814 17
28817.8390 5
28881.2258 1
28957.9944 3
29039.3664 17
29098.0548 12
29219.7680 10
29351.8951 2
29527.3971 7
29623.7439 13
29676.8760 11
29705.7629 17
29760.3522 11
29855.6540 13
29972.5079 9
30074.9709 12
30142.7354 21
30227.0150 21
30333.4558 11
30459.2218 12
30547.2625 11
30666.6785 12
30760.4147 11
30875.1836 10
31057.6182 15
31189.6700 18
31271.8261 8
31451.4136 1
31580.9694 3
31748.6079 14
31798.9453 12
31909.7391 9
31951.6756 6
32047.0977 6
32116.6515 11
32173.4554 11
32248.5929 18
32293.1889 9
32440.5207 12
32580.6326 3
32686.8782 12
32857.5068 5
32960.0117 11
33025.6522 4
33175.5786 1
33383.4082 6
33553.9448 1
33585.5221 7
33728.0258 17
33815.8836 20
34014.0304 4
34113.8798 11
34288.1033 19
34316.8942 10
34457.7306 11
34489.8497 16
34542.5683 5
34571.1290 11
34672.6994 2
34779.6759 3
34861.0165 11
34924.5394 20
34961.7040 4
35169.9744 13
35339.4666 12
35483.9939 20
35672.0704 21
35711.6285 7
35855.7186 11
35942.5349 11
36033.3157 15
36109.8882 20
36172.3712 16
36346.2861 11
36524.1928 21
36576.3178 12
36639.9203 4
36699.7558 4
36884.4796 8
36995.6947 9
37161.1430 10
37236.9861 15
37332.9475 12
37421.7930 18
37618.1400 12
37719.7800 14
37869.1598 10
37967.6446 21
38099.4035 12
38289.0516 5
38488.3092 12
38633.5121 18
38802.4824 11
38897.7523 11
38951.6162 12
39141.7539 2
39336.9534 4
39441.2751 12
39586.3614 21
39685.7185 13
39838.1752 3
39954.3409 12
40021.1832 12
40180.6263 4
40275.2568 18
40305.2152 19
40383.5172 14
40450.9439 12
40588.3309 3
40738.0384 15
40798.3903 21
40924.1149 12
40979.5805 12
41062.2496 12
41171.0767 19
41318.8864 18
41439.2967 10
41568.9294 6
41785.4697 16
41886.8571 12
41967.3864 18
42140.4470 20
42255.8235 13
42341.2110 18
42509.5353 18
42657.1974 12
42837.0066 19
42869.9005 6
43061.3213 2
43193.5191 1
43245.2447 16
43336.1335 10
43485.3072 17
43624.5648 4
43688.7208 20
43808.6888 5
43878.8179 1
43913.7902 18
44078.9147 12
44121.4087 20
44285.3920 1
44454.0704 18
44551.7770 11
44686.7498 16
44731.8656 2
44845.9205 12
45008.8802 20
45028.2948 8
45082.1692 2
45185.0571 20
45282.1717 18
45463.8438 19
45553.4700 16
45649.0133 11
45829.5512 12
45867.3683 11
46032.0164 14
46130.5991 14
46349.1627 21
46443.2992 13
46474.3526 2
46683.6995 2
46919.0307 12
47111.3913 6
47221.5485 13
47376.2102 11
47468.8725 14
47714.0549 11
47847.6295 2
47918.3907 15
48078.8326 10
48163.1536 11
48183.8590 16
48312.6923 13
48362.5972 14
48518.8902 10
48584.6926 12
48705.2461 7
48837.7865 8
48992.1403 2
49044.8814 12
49224.5924 6
49457.4818 15
49530.8411 12
49726.7152 12
49908.8655 8
50092.0359 10
50184.4594 5
50295.7136 12
50445.1696 17
50492.0120 11
50594.6385 9
50761.6778 14
50863.5844 18
50951.6484 12
51017.8386 10
51210.1707 10
51379.5967 14
51592.0290 11
51713.5154 15
51900.7915 16
51982.4910 21
52177.9892 17
52284.5316 20
52343.3629 9
52516.3677 9
52541.8579 19
52680.5865 19
52780.5664 11
52868.8425 3
53050.7989 19
53160.9059 15
53336.5227 11
53359.2277 11
53543.3355 11
53649.8130 11
53753.1748 5
53847.7233 11
54022.7088 5
54080.1821 18
54103.7481 1
54157.0785 5
54350.8231 11
54503.9275 11
54676.9925 12
54733.7084 18
54914.7987 12
55091.5725 15
55234.1024 4
55422.6826 21
55454.3326 18
55536.2215 5
55744.1408 12
55859.9861 19
55937.1002 1
56040.5886 20
56244.6517 6
56384.2988 2
56532.0346 15
56565.4229 11
56635.2544 11
56748.2767 19
56883.9584 18
56916.9076 21
57025.0026 19
57136.0698 4
57227.4312 10
57257.3492 18
57388.3095 12
57454.5140 18
57647.9665 12
57848.0489 19
58027.0467 3
58167.9346 8
58286.0259 18
58445.1325 19
58550.8531 20
58630.2635 5
58685.3356 11
58845.4079 12
58955.0823 17
59152.5032 11
59217.4593 12
59384.9566 16
59458.5546 17
59607.8381 1
59777.2477 10
59917.0674 12
60077.7516 12
60249.8701 12
60446.6241 1
60562.9040 11
60747.0893 1
60956.4477 12
61132.3769 9
61317.4386 21
61408.9354 11
61467.0987 18
61487.6754 3
61536.7757 2
61648.7311 14
61880.5569 15
62011.0444 11
62153.8227 18
62278.7351 5
62483.7386 19
62537.8642 11
62721.5876 21
62844.0612 11
63019.0087 17
63159.4823 17
63358.1047 9
63444.6794 20
63580.5729 4
63733.2271 7
63832.7839 15
63971.1585 3
64069.2362 10
64256.0596 16
64321.4834 14
64552.2635 13
64692.0736 15
64742.2389 3
64944.5631 19
65147.5190 18
65342.7439 4
65413.0818 14
65536.0012 2
65633.9993 5
65740.2940 11
65875.9327 13
66010.1900 18
66137.3566 18
66313.1939 18
66444.3607 19
66594.2189 19
66648.2603 3
66727.6329 17
66849.1517 12
66922.2564 3
66985.0431 21
67079.9319 15
67099.9042 12
67152.2855 20
67266.7602 12
67373.1410 13
67556.6218 18
67651.2069 1
67697.0150 4
67810.0400 12
67987.6574 11
68148.4825 17
68295.4515 7
68381.5510 11
68549.5212 1
68625.4389 12
68770.9290 11
68841.5036 6
68952.4734 18
69066.7736 7
69190.4593 11
69330.0552 18
69487.8967 12
69523.3796 8
69600.5132 20
69661.5523 9
69697.7266 5
69798.8076 12
69845.6634 16
70016.4473 12
70133.6636 8
70215.8051 8
70321.4976 3
70431.1999 13
70463.6203 13
70654.9583 5
70749.7821 11
70783.3875 21
70878.0447 13
70932.9377 7
71065.9439 1
71230.2907 13
71408.2386 1
71585.0342 19
71617.6974 19
71811.9376 7
71923.2206 11
72017.5281 18
72043.0019 12
72105.3534 2
72189.9518 13
72346.6627 8
72464.4350 19
72571.4544 19
72608.9007 19
72750.3018 6
72919.8514 14
73030.9273 16
73135.3009 20
73268.4996 12
73365.1855 17
73539.2370 8
73728.1739 11
73773.7194 11
73856.9244 12
74033.6883 13
74215.0573 7
74243.4086 16
74321.1288 15
74400.9344 14
74614.9764 16
74764.7595 20
74926.1263 5
75061.0710 13
75243.5815 15
75311.9356 3
75439.8200 7
75475.2496 2
75661.4351 11
75694.6265 5
75815.0486 12
75914.6235 12
76012.7359 18
76124.9206 14
76359.5933 14
76577.8665 1
76686.9323 1
76767.5543 15
76864.0954 5
77032.3409 16
77067.3281 8
77207.1478 7
77338.5766 11
77428.9854 18
77593.2916 11
77619.1790 12
77788.1833 4
77932.3070 4
78021.3493 19
78082.2577 6
78213.2621 18
78389.6069 9
78571.5744 16
78728.4992 11
78854.3283 18
79043.6285 15
79193.0590 7
79360.4387 15
79495.6579 12
79536.6846 18
79589.5460 7
79778.9474 10
79854.6599 17
79906.5324 3
80014.0549 9
80092.5816 4
80226.4867 21
80286.6200 10
80332.2510 13
80483.3448 12
80616.3366 18
80781.1993 18
80932.9460 21
80992.3321 10
81041.8116 11
81104.9500 9
81205.3143 5
81367.5694 2
81514.7323 14
81650.2930 17
81815.1102 10
81981.6799 18
82150.5076 12
82272.2448 13
82410.5867 3
82583.2098 11
82652.9821 7
82689.0504 6
82822.7989 20
83019.7449 18
83161.1124 10
83312.0234 13
83516.2949 12
83582.2783 12
83703.7927 12
83860.6565 11
83890.0645 5
84066.2102 7
84163.2441 3
84303.0242 17
84450.9811 9
84475.7766 20
84662.8694 12
84714.4633 18
84900.7876 3
85051.6628 7
85207.0425 13
85395.1005 12
85443.6194 16
85563.6922 12
85628.1084 12
85732.2107 18
85925.7494 11
86028.9309 18
86194.4393 2
86403.7710 5
86522.8557 18
86542.0457 13
86731.9124 13
86895.8913 17
87033.0969 18
87222.3933 8
87347.0127 5
87381.8227 11
87570.5710 8
87685.6977 13
87820.1911 11
87849.3020 11
87910.5625 12
87949.2873 18
88077.1104 12
88107.1191 2
88261.0064 12
88351.1537 18
88450.6931 7
88576.8957 10
88623.1895 1
88810.2890 12
88979.8803 19
89140.4452 9
89269.1604 3
89327.9832 18
89519.2930 19
89639.6039 8
89839.5625 3
89904.5587 2
90132.3830 11
90215.0569 7
90385.7131 20
90436.3160 20
90490.2160 13
90589.9181 3
90698.4648 5
90768.7755 1
90806.6778 13
90993.4523 13
91038.2500 11
91093.8792 11
91237.1098 1
91403.6853 18
91465.9541 15
91536.5797 6
91680.1942 8
91741.4926 6
91962.0129 9
92125.5403 11
92257.2280 18
92381.0074 12
92400.1682 18
92563.1992 18
92713.5722 9
92906.3289 11
93008.3722 15
93089.3020 13
93151.6503 2
93290.7627 8
93507.2906 3
93707.7304 5
93835.8849 19
94030.4609 20
94125.4800 11
94183.7297 13
94373.3390 12
94436.7737 21
94568.5331 12
94721.6593 7
94748.8375 19
94898.9566 17
94937.9301 11
95063.1305 4
95173.9635 6
95347.4216 7
95423.3969 18
95457.2666 12
95609.9808 6
95689.1121 14
95906.6914 17
96081.6411 8
96196.5526 21
96381.8025 17
96535.1208 11
96739.3533 13
96850.3486 11
96965.7512 11
97109.9654 13
97307.8245 17
97347.2297 10
97389.1935 16
97427.2984 18
97548.7067 12
97701.5293 20
97888.0743 1
97995.9228 4
98152.5568 20
98250.8099 18
98332.3404 19
98515.2308 5
98718.4452 4
98936.2451 4
99044.4995 2
99121.4859 18
99162.7412 4
99298.4083 20
99350.1706 15
99431.6867 18
99589.2091 16
99747.0330 12
99843.2143 13
100039.9673 4
100207.6816 21
100266.4660 4
100398.9496 14
100503.6338 6
100708.9777 1
100797.2896 12
100916.3118 16
100963.2696 12
101134.5380 12
101231.4543 12
101252.9651 11
101367.0581 18
101405.9829 17
101445.8328 10
101644.8938 11
101793.6373 12
101851.2151 12
101894.7509 17
101916.8250 15
101975.9555 6
102116.8631 12
102262.3475 13
102396.4887 1
102469.7405 3
102584.1836 12
102643.1118 16
102784.5620 5
102882.1532 20
102992.0525 1
103147.9658 7
103321.0964 6
103527.5367 5
103638.4684 8
103799.8820 7
103981.8595 10
104185.0577 21
104230.6542 4
104375.6414 7
104551.5107 9
104642.5110 4
104842.4996 1
104898.5868 18
104930.0725 11
105100.4686 10
105274.7764 20
105321.9334 3
105415.0282 12
105473.5205 7
105623.3118 6
105751.1561 12
105883.6343 18
105990.0701 18
106049.0272 8
106240.2584 17
106411.9041 19
106513.1102 14
106723.1392 15
106896.1455 6
107054.0920 9
107103.6856 18
107242.8544 5
107348.6687 6
107502.5731 5
107612.6494 7
107658.7554 17
107854.3787 20
108040.7940 14
108219.3092 21
108298.6235 15
108435.2387 18
108596.4566 20
108707.8666 12
108766.3164 2
108919.3028 1
109113.6371 18
109174.2856 19
109288.4278 4
109476.6432 9
109574.9132 3
109723.3908 6
109934.2436 4
110085.0233 3
110193.4651 18
110310.9465 13
110426.5397 4
110621.6984 11
110809.6401 15
110881.8794 13
110962.8848 12
111101.7410 16
111286.8381 18
111331.1623 15
111373.8669 3
111502.9278 11
111579.8871 3
111770.0262 11
111874.7706 11
112071.8470 18
112155.8989 1
112331.4683 17
112444.7570 18
112524.2015 11
112587.4401 11
112788.6242 4
112878.5100 19
113067.6452 7
113231.4775 9
113409.8171 1
113537.8411 10
113607.4944 11
113686.3032 9
113760.1077 8
113825.7314 19
113930.5602 2
114123.9773 13
114280.2300 14
114447.7878 11
114603.7110 10
114697.3887 20
114825.7166 11
114898.7497 16
115023.8716 9
115190.2497 9
115250.3756 11
115330.5486 11
115506.8916 19
115706.8572 13
115892.1163 19
115922.8309 4
116139.7985 10
116337.2880 10
116385.0406 3
116565.1169 4
116648.8633 11
116742.6359 21
116865.6480 11
116958.2208 1
116997.3334 10
117208.1963 17
117265.3974 4
117460.9761 20
117661.9745 10
117795.1129 4
117951.8440 15
117993.9906 15
118104.2091 16
118274.9909 11
118333.6007 11
118454.0899 1
118616.2358 18
118802.9582 4
118854.9733 8
118960.4784 3
119103.7216 13
119245.1829 10
119359.1635 12
119509.2293 17
119544.7328 1
119682.1807 10
119772.4749 17
119943.3025 11
120073.6734 11
120106.2191 14
120238.8311 9
120323.0210 16
120425.7377 12
120554.0947 8
120693.2521 11
120872.1013 8
121074.3992 18
121168.9913 11
121231.9309 9
121291.9292 15
121324.6070 12
121525.2422 10
121598.0977 8
121805.8635 12
121944.7034 11
122117.4644 3
122266.1237 10
122354.6019 16
122447.2739 15
122592.0599 20
122731.0972 18
122836.2733 12
123020.3722 19
123087.3776 12
123243.8821 15
123420.0990 21
123459.3346 3
123613.4364 12
123731.8445 3
123794.0019 16
123911.5851 12
124071.7733 10
124298.9157 2
124408.0761 15
124497.5376 21
124679.4788 6
124839.6415 7
124990.5014 3
125072.5080 15
125112.8776 11
125191.8373 11
125281.8331 10
125372.3948 12
125547.6889 8
125612.0641 3
125651.6137 11
125822.9065 11
126012.8497 10
126206.6996 4
126289.2788 5
126399.3367 11
126554.7176 19
126740.0457 2
126953.0745 11
126997.5602 11
127114.2630 15
127261.2941 18
127298.3341 5
127468.2820 1
127678.3546 11
127779.9764 18
127928.7662 18
127946.2590 12
127971.4822 19
128114.3362 11
128304.4518 8
128364.6778 10
128418.3369 13
128499.2921 11
128660.6106 3
128707.1025 21
128755.8023 16
128945.3536 10
129053.8647 18
129155.8721 6
129291.8206 18
129431.1697 6
129631.0150 17
129682.1111 18
129787.2920 10
129805.3484 5
129867.5274 7
129961.8102 17
130022.5946 18
130110.8879 4
130212.2280 16
130315.1865 10
130400.8675 13
130497.4154 12
130644.5484 7
130834.6668 2
130986.5828 12
131055.1828 3
131156.7309 11
131350.4274 8
131460.0721 11
131585.1020 11
131693.1018 4
131823.7715 12
131882.9726 16
132009.1509 18
132088.8267 11
132259.0440 20
132377.4576 18
132563.6110 10
132741.2559 8
132853.9160 20
132989.3183 9
133133.9793 21
133184.0967 6
133343.3670 3
133454.0384 2
133619.5912 18
133761.9809 17
133834.1913 3
133903.0573 21
133976.6948 15
134093.5404 10
134250.6652 12
134304.5454 16
134437.7719 12
134522.9754 17
134591.1658 6
134829.1553 4
134967.4320 7
135005.4361 16
135205.7234 18
135377.4709 9
135516.7213 11
135547.9412 16
135727.3551 3
135820.6476 12
136011.2670 13
136103.6318 12
136254.4832 10
136469.6210 16
136550.2432 9
136574.5922 9
136670.1257 3
136758.6548 6
136936.2919 18
136961.4668 20
137048.8145 10
137275.0085 5
137388.2811 11
137505.1865 3
137597.9953 1
137746.5087 6
137853.8128 4
137959.5213 20
138029.8304 17
138081.5587 5
138196.0545 20
138373.1892 7
138519.0195 15
138677.1448 10
138733.2185 20
138915.8017 16
139093.3636 20
139251.6284 10
139402.3741 15
139566.6230 19
139698.7799 12
139877.1472 4
140039.0469 12
140227.8138 11
140373.9804 6
140565.4074 14
140654.4623 14
140796.9550 1
140987.2114 13
141039.3539 20
141159.4506 19
141187.2135 15
141251.7291 17
141270.8889 18
141466.9726 7
141651.1028 14
141729.1702 11
141858.4042 18
141878.1730 4
142008.1215 17
142038.6433 11
142237.1403 8
142355.4026 5
142448.3537 15
142560.0278 11
142592.0691 8
142800.1586 12
142988.9450 8
143207.5297 21
143299.3272 5
143357.4175 8
143508.6792 17
143565.3474 21
143645.5712 2
143831.6794 11
143926.5905 15
143997.8647 18
144106.6537 14
144186.5340 5
144232.6974 6
144353.0090 2
144523.3389 11
144703.1980 17
144770.2968 10
144966.6549 21
145048.4143 3
145135.3889 4
145195.1943 15
145235.2356 14
145417.5793 13
145514.7960 15
145569.7803 20
145711.9180 16
145830.4552 11
146025.4392 6
146130.5337 2
146206.6202 16
146365.2663 18
146427.4026 13
146534.0499 11
146561.6597 15
146655.8961 11
146787.3250 18
146890.4521 9
146927.1033 11
146984.0623 12
147138.9069 12
147194.7462 10
147268.9397 13
147390.5479 7
147450.4005 16
147473.4696 11
147541.3401 12
147605.9237 10
147766.3580 10
147946.2643 11
148077.9310 19
148244.5658 11
148344.8527 18
148421.3510 15
148538.9141 18
148674.0551 18
148845.7185 4
149076.9130 4
149233.5689 16
149422.7498 21
149542.4847 16
149658.6780 13
149724.3660 12
149840.5773 15
149936.3349 6
150081.7174 9
150220.7549 20
150338.0694 5
150414.9762 8
150628.9895 12
150760.4140 11
150837.9372 12
150959.0379 5
151105.5506 7
151279.9678 13
151484.6670 11
151602.0124 8
151703.7000 3
151733.6748 11
151782.2842 3
151982.6413 11
152171.8098 16
152360.9780 5
152502.1939 21
152568.1128 11
152686.1601 1
152832.2819 8
152974.5198 15
153037.3106 4
153237.6326 17
153419.4649 21
153443.6908 5
153565.8762 21
153605.1207 3
153714.1584 20
153879.4844 10
153898.2647 12
154013.7073 18
154166.9284 17
154204.2899 15
154246.6671 13
154412.7870 20
154581.5491 11
154779.8876 10
154856.0909 15
155000.8460 13
155093.7590 16
155205.4982 2
155306.0521 12
155487.7958 12
155617.8077 4
155758.9437 6
155879.9297 18
155981.7900 21
156039.3026 5
156198.3239 10
156332.6855 19
156411.8435 14
156514.6152 11
156609.8017 6
156729.2634 18
156807.0969 20
156988.8363 9
157023.2822 15
157204.5374 7
157296.5954 7
157361.3737 1
157520.9898 13
157606.0401 4
157766.8948 18
157826.3635 11
157896.6606 3
158036.9673 9
158207.2431 15
158325.7674 17
158372.1847 12
158567.3262 16
158665.9795 20
158789.0057 19
158849.6070 13
158952.2265 18
159076.3874 7
159196.1603 3
159295.7977 20
159471.9789 7
159659.2892 18
159689.6438 21
159774.1490 18
159965.1763 8
160189.2593 5
160357.5046 11
160455.4427 5
160636.2224 1
160732.0672 3
160908.0777 17
161078.8488 18
161140.9897 3
161281.5166 14
161484.1504 15
161508.9439 11
161675.1010 13
161767.1984 16
161874.9010 18
161997.5854 11
162041.3129 5
162153.9681 12
162252.1410 17
162323.8292 12
162406.0455 4
162494.0242 12
162677.9802 14
162894.2218 7
163090.9804 11
163227.3437 1
163271.2367 5
163382.8704 12
163568.1707 4
163695.1546 19
163830.7040 11
163901.1154 15
164092.1644 12
164179.1107 12
164215.6212 12
164266.8946 13
164335.7048 12
164451.0242 11
164541.3937 11
164657.3058 12
164857.1496 10
164985.6292 15
165163.9534 20
165215.0118 12
165392.4303 17
165469.5358 17
165593.3530 9
165737.1958 2
165964.4884 18
165987.5024 21
166058.8140 11
166146.3103 2
166311.3367 11
166443.6289 16
166561.1052 12
166637.1363 19
166671.3955 11
166721.5283 12
166833.1232 13
166918.3522 6
166995.1235 16
167196.6249 11
167313.2428 20
167492.2721 5
167587.0548 17
167652.4540 8
167842.3849 7
168036.5708 5
168115.7866 11
168139.5439 13
168308.0579 11
168419.6256 18
168562.1679 11
168596.0401 16
168747.0259 16
168904.9902 13
169114.4844 5
169324.2555 11
169476.0245 3
169554.8398 11
169713.2312 17
169864.5744 20
169929.1791 10
170122.9319 18
170303.4730 14
170541.4774 6
170663.6112 10
170757.5427 11
170811.2690 11
170989.2434 11
171188.8339 16
171211.2975 14
171400.2111 6
171614.8741 15
171734.2964 13
171815.7468 8
171976.9361 16
172126.0053 2
172288.5710 13
172354.6937 1
172414.6117 6
172609.7565 20
172632.5612 15
172784.4705 11
172876.5065 4
172998.9595 15
173055.6549 8
173225.8219 7
173338.6258 20
173471.7150 5
173659.3197 21
173840.4550 11
173862.9406 3
173971.8204 13
174106.2718 16
174146.6839 11
174326.4973 19
174406.7876 9
174499.4000 18
174516.5352 5
174590.7511 3
174730.1628 18
174914.3229 12
175034.4623 16
175099.9708 3
175270.9001 10
175469.9798 1
175659.7019 18
175683.0605 21
175708.2274 9
175766.4823 3
175896.2982 18
175929.6543 19
176120.6771 16
176166.1293 11
176200.8118 2
176428.6686 13
176533.0858 11
176658.8556 1
176850.7928 8
176979.9738 18
177051.5292 2
177290.5782 3
177401.7669 3
177477.0812 17
177612.5637 12
177799.8908 16
177866.3305 18
178050.3586 5
178263.7450 14
178404.2518 14
178573.6922 20
178698.6811 2
178788.0016 6
178865.4967 3
179047.9789 3
179138.8004 12
179293.1875 5
179455.7748 13
179586.6506 10
179803.4133 15
179839.6816 2
179940.4182 6
180113.0492 12
180267.4825 5
180425.4775 17
180550.5757 18
180670.8124 16
180775.9899 12
180878.2943 1
180998.6351 13
181044.4501 2
181226.7296 3
181367.0323 4
181430.6592 11
181611.7843 21
181814.5053 20
181941.8868 2
182008.5263 10
182238.3992 6
182305.4179 15
182368.5789 17
182562.1632 12
182735.3612 9
182827.1493 15
182854.1177 11
183007.9970 17
183135.4107 18
183292.9609 4
183373.7098 6
183578.7977 16
183723.6745 12
183926.2191 12
183953.5767 14
184031.8835 15
184107.2446 11
184227.0283 8
184312.3517 19
184411.7672 7
184457.4286 10
184636.2842 12
184799.6839 12
184855.8404 19
185048.7509 3
185093.8968 9
185293.6567 11
185376.3648 11
185533.8063 12
185631.5815 1
185701.5278 5
185890.7653 13
186003.5967 15
186165.9714 12
186318.5059 14
186516.2512 11
186666.3319 12
186706.6407 11
186731.1693 11
186803.1424 9
186830.1990 9
186891.7844 6
187044.1050 16
187192.7204 3
187273.4993 9
187374.5045 21
187434.7698 19
187486.0798 1
187591.9881 8
187740.0503 10
187837.6527 11
187872.8591 15
187899.4647 2
188118.6537 15
188194.8135 20
188298.4257 11
188462.8771 16
188571.5310 6
188623.5887 16
188653.1193 20
188758.7270 18
188953.2644 11
189062.9403 11
189176.4003 10
189252.5566 13
189363.3312 18
189500.4222 11
189573.8278 12
189678.4611 16
189847.1675 19
189964.7481 12
