1494
28313.8498 16
28462.4843 14
28542.2986 11
28614.9539 11
28811.9205 18
28917.1312 9
28962.1015 19
29077.6246 5
29153.1998 18
29308.9019 13
29355.1958 21
29441.9306 16
29488.5794 16
29515.0048 11
29629.1945 19
29829.3320 9
30009.7894 18
30050.0372 3
30153.4153 8
30256.6856 17
30450.8289 17
30641.4341 14
30763.7450 11
30953.8211 12
31137.6804 10
31271.8822 6
31419.2296 4
31559.1051 11
31598.1709 18
31738.7066 1
31840.2199 15
31880.5653 12
31941.9251 21
32019.4108 18
32204.0256 11
32250.2539 2
32396.5622 15
32541.8287 21
32647.9276 11
32842.8814 2
32980.1605 12
33023.0122 20
33153.8539 10
33311.7470 16
33475.7030 1
33636.2491 2
33849.4475 8
34064.2797 17
34152.9549 2
34331.1741 2
34529.2845 14
34627.1888 14
34713.0828 17
34894.5668 3
35090.3883 9
35115.9032 21
35200.8153 13
35410.0092 11
35582.2431 20
35620.1134 2
35847.1956 12
35881.2585 11
36044.4929 11
36219.4137 11
36308.5031 4
36368.0746 12
36459.7455 21
36603.3357 21
36717.4405 3
36795.2534 4
36908.6742 15
37104.6800 3
37296.0663 4
37528.8875 18
37723.5525 20
37868.2110 11
37930.9332 15
38126.7041 11
38261.1521 12
38348.3507 18
38443.6006 12
38646.2140 11
38740.1639 3
38806.2492 12
38837.9690 6
38916.0310 17
38959.0842 10
39058.0421 18
39074.9918 3
39214.8683 12
39261.4492 18
39383.8807 17
39464.0754 17
39522.3570 1
39634.6756 4
39838.8791 18
39908.7816 15
40008.8913 4
40087.6031 1
40170.2090 7
40253.6375 16
40453.2985 16
40507.6731 8
40583.0473 17
40699.9226 13
40891.4608 18
40920.0065 18
40949.0983 18
41114.6869 10
41258.2649 15
41398.3444 8
41545.7601 19
41575.6892 4
41730.7584 14
41817.6934 6
41921.6206 4
42117.1478 9
42190.5897 15
42271.0407 18
42319.1676 21
42463.4197 19
42503.3482 6
42631.0727 5
42669.4168 14
42830.2960 14
42926.2496 12
43113.8843 5
43156.5786 15
43322.8385 17
43465.4256 6
43606.0932 18
43679.1724 16
43859.9354 3
43985.3635 16
44146.9174 14
44225.6621 20
44286.1045 17
44312.7676 5
44444.2158 11
44511.6560 11
44614.6636 14
44793.1113 21
44884.2115 20
44941.3950 11
45113.1975 21
45180.1627 15
45347.1465 1
45497.0563 4
45581.1101 6
45739.9671 11
45769.4200 8
45918.2877 2
46058.8188 18
46257.1023 14
46450.3712 18
46476.6930 5
46575.2712 16
46597.3885 18
46696.5591 10
46903.5424 11
47087.2112 20
47261.5046 5
47419.0546 18
47553.9625 11
47663.0910 11
47760.4964 12
47862.8933 6
47959.5046 13
48031.9911 15
48077.8878 1
48214.8834 12
48271.2397 5
48339.6190 7
48360.9928 21
48442.4502 20
48565.3614 11
48713.5517 20
48769.7835 11
48875.0751 2
48937.7261 11
49136.0962 11
49263.2271 12
49447.1547 7
49643.9187 1
49752.2886 20
49856.6264 9
49895.6168 6
50022.3234 17
50164.8055 12
50352.9418 10
50442.9668 9
50558.9353 20
50611.7285 12
50724.8003 18
50853.2026 7
51026.7874 12
51061.0721 14
51284.5511 7
51374.6700 3
51561.8634 15
51681.4978 11
51798.4920 2
52030.1484 14
52131.3851 18
52214.1901 2
52324.4840 11
52519.0535 11
52631.8591 21
52741.5396 15
52903.2869 4
53072.8255 15
53179.8377 12
53337.5132 11
53535.5777 18
53602.8157 2
53717.0601 2
53804.5563 4
54016.6643 14
54205.1350 6
54376.9026 21
54577.4640 9
54660.2105 11
54805.8625 2
54904.2521 18
55081.7407 21
55107.9889 17
55240.6693 11
55346.0541 1
55484.9251 21
55569.8156 13
55699.0127 6
55809.6535 9
55873.6895 16
56050.3568 11
56222.5064 15
56244.7118 5
56409.7646 6
56513.8397 12
56702.5966 4
56778.2444 12
56934.6905 4
57005.1799 21
57155.0894 15
57280.3242 7
57302.7532 12
57330.8949 2
57545.1684 2
57633.3285 7
57691.4541 21
57735.8423 15
57869.2814 11
58064.5600 10
58252.9227 20
58402.8662 9
58590.7409 15
58629.7233 11
58723.0241 16
58836.3626 15
58940.5060 6
59062.0069 11
59124.4831 5
59323.0270 13
59436.0201 16
59496.1330 12
59627.4483 2
59720.4925 10
59880.0718 5
59992.3173 15
60022.3618 11
60111.5520 20
60220.8824 10
60345.3550 12
60380.7460 17
60582.4604 2
60840.3137 11
60920.0693 10
61008.3851 5
61126.7174 18
61236.9356 13
61309.3161 1
61393.6341 12
61519.9631 20
61638.3794 16
61707.8933 16
61869.5842 5
62006.9607 1
62137.3733 12
62218.4115 10
62356.3283 11
62465.7796 9
62615.1983 4
62805.8521 16
62967.8787 20
63133.0247 8
63335.7671 8
63414.5260 12
63471.7656 17
63492.6475 20
63617.6375 10
63728.6476 2
63846.8260 6
64007.9712 11
64052.8645 11
64175.5750 21
64361.9438 17
64390.7926 14
64593.7533 1
64633.2322 12
64765.2413 1
64878.8428 8
64983.2370 13
65166.3115 13
65293.9942 12
65348.3846 17
65502.8031 12
65575.0558 11
65601.4233 6
65818.4085 2
66000.4269 18
66139.4802 17
66199.4644 6
66324.8533 20
66468.3817 12
66520.9469 21
66548.2186 12
66667.7533 10
66793.4317 21
66878.6834 12
66975.5512 16
67108.6011 5
67194.7183 6
67360.1363 1
67504.2245 8
67679.0816 5
67884.7123 16
68087.8167 16
68169.3802 18
68328.7479 5
68361.0231 12
68501.3159 8
68695.8684 12
68746.8205 11
68780.9708 9
68824.8404 18
68939.2484 7
69098.3030 21
69125.8480 15
69208.4886 9
69260.8544 12
69401.5755 5
69568.0959 13
69600.8181 15
69715.3332 13
69910.4422 17
70084.7906 8
70258.4711 5
70457.5381 16
70639.2774 17
70801.1137 3
70928.5607 3
71011.4014 5
71113.9644 8
71306.2961 8
71453.3426 21
71493.4852 9
71600.6729 20
71631.7251 3
71806.7132 18
72000.6269 4
72047.4066 16
72185.8348 4
72325.2503 18
72393.7161 5
72532.9459 15
72719.0979 16
72744.6216 14
72807.8296 4
72881.1340 1
72924.8377 18
73109.6954 11
73219.9378 8
73415.5324 6
73656.3192 6
73799.3995 5
73904.8175 10
74048.4801 12
74106.8837 11
74135.5589 14
74344.3268 9
74424.4906 11
74560.6845 17
74746.3107 21
74864.7798 14
75020.1611 4
75237.5712 3
75417.0032 15
75532.0194 5
75687.6268 16
75858.8742 2
76052.4845 11
76237.8509 8
76414.4334 3
76513.6050 1
76562.5724 14
76660.3154 18
76741.8749 18
76939.4580 17
77007.7675 12
77203.6856 13
77410.0079 11
77549.8706 5
77703.2187 17
77830.4334 10
77929.9260 12
78008.7971 18
78208.7001 11
78241.6750 8
78402.9998 5
78477.4277 11
78536.5510 15
78677.6865 5
78711.4634 1
78777.1995 3
78912.1745 2
79022.2489 9
79105.1598 18
79238.0830 15
79351.1535 21
79513.1723 14
79634.1090 5
79696.2408 11
79816.4669 13
79923.7144 7
80059.7543 16
80099.0225 8
80157.1937 1
80371.3391 21
80541.2224 2
80598.2706 12
80632.4194 19
80710.8421 1
80856.5849 17
80924.6990 20
81085.0194 3
81172.1406 17
81248.2609 8
81405.8052 19
81561.8728 16
81752.4211 7
81825.0034 17
81933.3547 16
82105.4081 11
82182.6730 3
82267.8128 12
82396.8210 21
82502.3053 16
82573.7702 19
82727.7258 19
82858.4486 6
83058.3392 18
83159.0464 18
83326.3109 18
83381.9402 17
83417.6697 8
83557.0402 19
83590.3753 11
83770.2691 14
83884.6695 2
83990.6122 13
84149.4223 7
84303.6261 16
84436.8191 11
84470.7396 14
84555.5165 1
84730.1383 19
84879.6083 6
85006.5877 11
85064.4241 18
85260.5259 9
85388.9144 12
85503.0094 6
85715.2080 7
85778.5146 8
85970.2626 15
86133.0405 19
86172.6479 2
86394.1240 4
86450.5802 13
86502.8683 11
86592.4447 11
86669.0846 12
86747.0242 9
86899.9828 7
86986.1107 2
87130.3565 13
87253.1096 18
87285.8561 12
87426.9660 8
87620.4935 11
87657.5633 18
87836.9817 13
87926.6386 15
87990.7708 7
88186.1697 17
88335.9988 6
88513.3756 15
88537.6741 11
88692.6660 10
88744.9262 17
88830.5238 11
88885.0418 9
88929.8633 13
89024.3296 11
89211.0816 12
89332.4630 11
89352.4473 19
89464.2829 11
89502.3809 15
89550.1771 2
89764.7449 16
89784.3309 11
89939.1450 1
90124.3255 1
90266.0437 11
90420.9930 12
90558.1265 10
90624.8068 19
90699.6273 18
90771.8588 18
90808.3269 5
90970.2109 12
91113.4514 3
91220.2974 11
91289.4670 3
91476.4684 7
91547.6748 5
91656.0177 10
91839.7961 8
91902.2378 6
92109.1119 20
92174.5056 19
92323.9216 8
92460.8763 6
92683.6158 13
92765.4083 14
93005.9432 7
93162.3223 12
93248.2608 4
93392.5822 21
93549.6271 11
93641.9890 7
93727.6975 5
93863.6001 3
93928.5250 18
94079.9725 11
94252.6962 15
94432.0523 11
94551.5499 17
94663.1742 11
94833.7808 13
95032.2346 14
95127.2067 7
95273.8242 1
95462.8773 11
95485.7894 9
95506.0123 18
95550.7188 4
95730.9653 19
95856.9222 9
96007.6719 13
96111.0718 18
96295.6710 4
96447.0962 12
96557.6621 5
96711.4148 11
96845.5726 12
96868.4737 11
96903.8837 11
97102.4084 17
97276.3351 13
97390.9098 11
97492.0126 16
97611.4089 5
97772.9028 16
97922.8067 12
98090.8711 5
98253.3158 4
98394.0355 13
98501.6647 18
98561.0900 7
98592.1016 2
98831.7249 8
98911.1785 18
99087.1529 3
99267.4586 12
99311.0692 11
99452.0709 13
99570.5603 18
99731.3663 1
99923.1115 6
100042.8735 10
100142.3929 20
100184.7211 1
100249.1425 17
100285.7780 17
100414.2746 17
100441.5852 7
100623.0670 3
100804.3652 6
101030.3131 21
101159.8482 5
101299.9323 11
101365.1064 11
101549.9570 2
101772.5154 9
101936.4894 12
102058.4916 3
102230.4767 19
102381.5658 16
102440.1542 7
102525.1605 14
102720.1791 11
102801.9887 8
102947.5075 11
103095.4916 11
103236.3989 12
103262.0634 17
103448.6170 9
103497.9392 14
103629.4237 20
103784.0958 5
103997.7835 18
104148.2559 11
104342.7257 7
104486.8502 18
104674.9064 2
104871.5921 4
105043.8557 2
105155.5264 12
105314.9587 3
105418.2643 21
105470.2481 16
105543.7522 11
105640.8132 6
105848.1953 18
106034.3089 11
106144.5949 18
106291.8019 6
106449.2440 14
106530.1261 1
106573.8678 12
106684.1355 9
106783.1671 15
106972.6592 17
107112.7903 2
107268.7330 1
107388.2342 11
107469.9508 3
107546.0101 7
107634.2815 20
107740.1353 2
107866.6176 16
107971.3478 6
108188.4144 12
108251.8791 3
108294.5770 8
108446.1040 18
108588.0249 1
108745.8313 11
108786.3721 14
108850.7084 12
108976.1851 6
109065.1733 21
109128.2777 12
109232.2021 10
109289.2340 11
109320.1415 17
109463.5990 18
109633.1792 12
109717.6681 1
109826.5766 11
109898.9388 21
109951.4021 12
110074.1305 15
110111.9957 11
110250.7682 14
110338.1627 10
110370.5950 11
110421.6496 11
110617.9822 14
110823.7480 18
111007.2209 5
111172.1012 11
111289.2574 18
111311.0185 6
111431.8992 1
111487.9331 15
111672.4923 3
111798.9635 7
111910.9676 9
112018.6735 16
112201.0865 8
112364.7318 10
112524.2944 12
112641.6350 10
112722.6534 8
112940.1971 17
112959.5149 12
113118.4862 19
113276.1789 15
113369.8655 11
113507.3123 19
113682.0265 2
113918.8450 19
114086.5941 8
114164.4209 18
114184.1863 16
114298.3962 18
114454.1259 2
114572.3247 6
114658.3996 10
114795.6768 11
114933.4667 5
115113.1827 12
115240.8051 3
115399.1526 12
115504.2698 19
115652.8508 19
115730.2928 5
115775.0041 18
115932.5072 9
116057.2994 12
116085.1156 11
116218.8785 5
116259.7984 13
116451.4127 13
116535.0089 10
116690.6130 18
116712.6457 4
116884.2944 18
116942.3302 12
117004.6828 20
117197.6487 12
117268.8264 9
117434.5599 11
117599.0659 8
117766.6643 16
117927.5648 11
117962.8335 11
118148.3735 8
118244.9398 19
118284.2573 12
118327.4868 14
118456.0741 6
118648.2643 12
118834.2686 4
118922.9706 13
118957.7075 11
119071.4651 17
119148.7506 10
119270.2451 10
119424.9435 15
119547.8721 10
119645.1952 10
119843.5212 13
119987.4329 18
120024.1319 11
120142.9487 12
120219.0119 16
120261.4023 13
120344.9929 18
120541.1867 1
120650.0171 16
120809.0851 11
120948.5337 8
121158.6498 11
121343.0150 11
121363.4861 8
121595.7228 7
121771.5127 8
121889.2875 16
121927.3487 12
121980.6953 1
122037.4545 10
122165.7663 3
122248.6586 19
122267.9946 11
122459.3453 11
122625.2195 12
122809.1310 11
122910.8610 15
123074.5831 20
123223.8733 18
123346.0967 2
123558.2363 18
123640.4482 15
123703.8047 21
123728.2699 19
123908.5924 1
123989.5891 9
124090.7028 13
124116.5245 16
124205.7768 1
124291.0511 3
124474.6044 12
124587.7273 20
124718.4822 19
124843.7545 14
125009.0751 20
125030.1178 21
125116.7451 5
125325.0750 17
125432.2083 21
125591.1520 1
125675.8023 18
125861.4627 18
126015.2732 2
126149.2999 1
126267.6961 10
126367.1800 3
126411.8015 9
126508.4201 13
126719.4330 3
126888.4346 13
127086.4025 11
127134.3503 17
127262.8517 11
127456.7082 15
127537.9937 17
127645.5306 2
127723.3880 19
127813.2483 4
127955.3403 12
127984.0197 12
128123.7340 7
128203.9436 11
128351.1556 20
128457.8998 14
128523.7606 12
128679.1932 21
128797.8415 21
128909.3303 12
129077.7113 10
129215.5979 4
129342.7563 1
129408.7537 6
129492.0702 12
129599.0514 13
129703.1704 17
129873.8099 18
129975.9948 19
130137.5632 14
130367.0977 20
130560.3474 18
130661.3819 2
130800.6344 20
130903.8021 12
131037.2197 1
131215.1257 16
131283.3379 8
131470.8906 11
131648.5546 9
131736.2457 17
131933.2708 7
132083.1909 12
132178.1375 8
132276.8907 3
132404.8934 19
132474.9639 7
132603.8866 21
132641.5053 18
132713.5976 14
132817.9664 20
132852.3792 11
132890.4887 11
132981.6367 4
133106.2804 20
133258.4026 11
133281.1835 15
133460.0974 12
133611.7545 11
133647.4878 9
133719.5192 18
133894.4879 11
134056.4654 8
134110.5335 18
134200.3342 19
134229.7262 13
134418.5779 1
134458.0453 15
134488.5895 1
134651.8138 8
134780.9266 21
134923.4425 9
135008.4742 11
135206.3894 12
135257.9308 1
135442.6618 15
135466.5659 7
135634.0372 12
135762.7318 16
135926.5643 17
136125.6930 3
136186.9861 19
136386.4048 9
136506.6899 11
136683.7673 6
136741.8667 13
136814.8954 5
136910.3978 10
137069.6322 18
137236.7527 12
137381.6757 12
137410.5924 7
137439.3829 11
137582.4757 12
137759.1684 4
137832.5988 1
137936.6283 4
138173.4431 20
138251.0424 2
138462.6222 17
138653.9495 12
138835.7483 19
138924.4851 8
139026.8709 13
139133.6440 2
139376.5184 18
139525.3781 8
139586.4650 15
139676.3501 16
139799.9917 4
139929.1251 1
140023.2930 5
140176.4386 5
140373.4025 4
140458.4211 19
140619.9968 4
140824.4102 4
140960.1856 12
141100.2546 18
141222.2954 14
141343.8128 12
141494.0285 3
141654.2989 15
141684.5521 18
141834.5154 18
141982.2042 4
142082.7273 12
142155.8819 16
142259.5886 10
142308.5531 12
142488.9577 6
142543.8744 12
142729.9133 11
142749.2272 1
142957.9636 8
143066.6984 9
143222.7150 17
143313.4498 8
143409.1743 11
143609.8899 5
143674.1899 9
143804.0487 9
143872.7353 6
144029.1828 11
144054.3739 7
144223.1273 13
144273.4849 10
144404.4072 7
144601.5127 21
144684.0989 8
144774.5932 12
144819.2951 20
144862.2850 4
145091.9402 14
145309.8083 13
145520.5533 4
145581.1415 11
145730.4631 5
145935.8583 6
146073.9813 12
146253.5035 1
146394.6346 3
146508.4034 8
146662.0077 16
146752.5928 11
146889.4754 18
146935.6479 18
146971.2398 19
147106.1186 18
147235.9099 12
147401.9122 6
147506.0907 14
147590.8047 21
147749.8636 11
147926.5215 1
148058.4545 11
148260.9079 20
148412.6033 6
148603.4575 15
148757.2641 7
148839.7409 14
149018.0577 16
149152.4958 7
149236.3139 16
149393.1480 7
149540.8876 7
149722.0191 18
149919.5757 19
150073.2062 19
150132.7493 17
150321.1207 19
150426.8754 17
150521.8924 18
150586.9914 3
150683.3023 11
150803.5878 14
151024.0531 16
151078.0809 2
151250.3017 12
151379.6476 12
151496.9948 4
151734.7670 3
151899.0511 12
152049.7632 16
152132.3275 8
152208.1294 11
152404.8345 20
152442.0680 1
152573.3636 8
152668.8837 20
152871.1228 12
153069.8969 20
153267.6364 2
153368.6701 6
153604.7972 5
153682.7356 18
153821.6036 16
153967.4683 10
154172.1302 7
154338.8097 9
154402.4871 11
154563.2416 1
154609.6200 12
154644.5249 17
154795.1279 13
154979.5324 18
155130.7599 10
155294.1297 12
155493.9936 12
155688.4145 11
155871.1465 16
155961.2777 12
156071.8734 20
156248.2477 11
156374.3900 12
156399.6551 2
156595.8519 17
156732.6012 12
156812.6174 3
156889.9514 4
157008.9875 5
157105.4217 16
157142.4688 3
157174.2047 13
157338.5663 16
157401.5908 19
157460.2111 16
157644.5198 9
157718.5224 10
157894.4807 8
157995.0021 10
158044.8323 12
158159.6520 8
158276.7541 1
158329.0648 18
158464.4858 11
158663.9654 8
158859.4522 7
159021.3530 18
159160.5347 11
159239.7824 4
159468.0652 18
159624.3468 11
159726.4181 21
159916.9201 11
159988.1902 8
160166.9152 19
160201.5751 5
160320.2945 11
160392.3292 8
160445.8253 12
160599.1181 4
160837.3792 11
160913.3385 2
161160.1105 11
161326.0591 2
161446.3432 12
161580.1094 9
161642.8843 9
161729.9984 10
161890.5798 12
162012.2031 9
162178.5283 15
162240.7612 19
162347.0330 12
162484.1749 11
162612.2204 12
162753.8463 17
162932.6770 12
163109.8562 11
163193.6390 8
163240.2137 11
163348.8175 12
163430.0157 2
163585.4303 8
163654.8394 12
163740.0713 12
163766.9124 1
163929.9587 15
164016.4830 18
164088.4038 6
164178.6448 11
164225.6088 14
164391.9492 19
164462.8518 16
164506.4898 3
164630.1085 3
164829.7780 12
164938.1993 14
164998.4421 17
165048.5802 18
165156.9433 8
165303.6274 8
165433.7915 10
165564.7987 2
165722.3602 3
165854.4750 11
165924.5160 17
165961.9811 2
166065.2458 15
166125.4494 5
166237.8675 12
166383.6060 7
166566.8648 6
166743.7497 2
166923.5008 21
167060.2480 4
167160.2683 9
167209.2406 19
167392.5133 4
167608.5929 12
167654.9771 12
167789.1555 10
167856.2852 18
168050.6856 11
168233.6730 11
168316.4394 13
168364.2031 11
168538.1809 3
168705.9247 18
168894.2975 17
169084.5264 15
169238.1586 5
169416.5993 12
169562.1770 10
169657.7752 1
169745.5838 13
169916.3843 6
169967.9621 10
170036.4798 15
170223.0815 18
170248.3968 6
170402.9091 11
170581.0449 10
170629.5544 19
170669.9517 18
170688.7114 6
170844.1829 11
170996.6286 20
171129.8975 4
171179.9389 20
171216.7257 1
171303.0428 1
171488.6641 18
171554.4522 11
171625.0582 21
171748.4103 21
171829.7281 1
171880.4172 15
171960.2639 2
172071.9115 10
172217.6915 8
172330.9123 16
172475.8607 6
172599.4480 13
172705.8901 12
172779.0371 12
172802.0781 11
172984.8339 12
173075.5364 11
173172.8851 16
173366.4489 9
173429.5457 12
173527.1108 16
173670.7887 11
173841.1882 11
174017.1035 4
174095.2872 21
174126.1277 7
174173.1150 9
174344.7945 4
174524.4568 11
174700.3068 4
174761.5209 14
174927.1554 4
175061.8271 4
175287.6443 20
175350.7158 18
175489.3681 7
175628.5509 11
175830.8254 3
175907.1631 11
175940.2608 18
176088.1151 19
176133.0645 11
176322.1822 14
176474.2401 1
176687.0342 11
176711.3460 5
176897.3615 17
176925.1692 11
177037.8466 12
177109.1651 7
177247.7242 11
177326.0004 20
177520.4567 15
177610.3379 7
177805.2945 17
177844.2079 12
178004.9860 12
178041.0461 11
178210.7272 15
178325.8781 10
178482.0570 18
178533.1534 11
178669.1387 9
178771.5907 11
178836.0881 10
179000.7743 5
179044.5106 11
179162.9705 21
179299.3375 18
179457.5152 12
179499.7108 15
179573.0512 12
179592.4786 12
179745.8057 12
179850.8214 2
179931.2121 5
179972.3964 15
180129.1378 19
180273.1334 6
180450.6005 2
180577.1268 10
180675.8852 13
180761.8828 12
180840.1143 3
180893.5111 8
181037.1400 2
181236.3120 2
181383.9303 10
181437.8340 3
181645.4585 5
181767.0798 4
181997.3306 10
182194.8905 8
182310.1531 14
182544.6808 8
182662.7728 7
182866.2862 3
182962.6437 11
183079.9857 13
183154.3561 7
183190.3052 10
183347.7665 12
183519.9589 14
183685.8410 5
183834.0710 1
183967.2337 15
184110.7694 8
184283.2577 11
184432.9605 13
184499.1939 11
184524.6257 12
184696.9638 15
184889.0362 5
184923.8504 9
184970.9784 10
185044.0119 12
185171.5542 9
185360.5950 18
185462.5979 10
185539.8003 15
185742.6521 8
185902.4978 12
185958.8823 16
185982.5074 6
186175.4813 7
186294.1830 3
186361.8571 11
186510.8621 18
186662.9960 9
186758.7984 11
186910.7166 12
187109.6836 14
187161.5712 12
187345.3313 12
187528.3803 15
187563.0928 10
187630.5151 3
187790.6520 8
187890.6173 21
188063.9902 2
188181.4659 20
188214.9101 18
188338.4214 12
188531.2867 16
188688.2230 1
188735.8416 2
188890.6979 7
189063.8231 5
189120.3026 14
189169.2949 13
189252.9048 16
189403.0503 19
189590.7395 9
189783.3134 14
190013.5888 11
190154.4533 16
190246.7504 20
190329.0178 12
190454.5046 11
190514.1818 12
190560.8903 17
190716.2718 7
190784.8297 19
190940.5363 11
191050.2234 12
191217.4826 4
191426.0867 11
191529.8475 6
191614.2511 4
191682.8373 1
191753.2286 14
191948.2930 12
192095.9655 7
192193.9257 7
192317.3258 4
192539.5183 16
192624.0047 15
192745.6524 8
192793.8471 18
192816.9829 14
192986.4762 16
193015.5891 8
193071.4266 7
193151.6293 16
193282.2189 4
193410.0829 3
193552.7521 13
193701.5941 15
193721.8933 10
193829.6219 6
193989.1268 14
194133.1058 1
194307.4769 11
194420.3924 13
194611.2108 12
194746.4198 17
194858.1831 17
195046.5036 7
195174.1785 9
195362.0433 18
195453.3010 11
195613.6401 10
195673.3943 2
195831.4232 21
195928.4724 13
196124.7176 3
196332.2913 2
196383.8953 14
196451.0946 12
196551.9838 7
196594.6640 11
196720.9845 4
196931.7786 4
197096.8450 6
197275.8489 9
197338.6011 12
197360.7425 2
197435.3420 8
197514.5510 2
197714.6257 15
197819.7965 15
197938.7505 8
198127.2471 12
198300.1415 3
198449.3423 12
198645.6317 12
198824.0407 11
198942.4486 6
199137.6223 21
199202.4196 6
199385.9890 7
199485.1115 20
199508.5667 8
199712.0988 7
199807.9246 7
199961.6361 12
200038.5022 11
200077.4315 15
200248.3049 20
200440.8739 7
200528.8758 7
200612.8675 15
200752.6874 9
200784.5828 7
200929.1745 18
201039.3078 17
201208.1836 4
201269.0156 16
201440.1154 11
201468.0755 8
201677.8480 21
201789.3236 20
201812.5885 14
201910.3344 10
202081.3178 15
202176.2607 7
202289.2515 14
202343.2590 19
202369.4369 13
202480.6054 1
202666.4453 12
202736.0774 13
202918.3972 1
203053.4169 11
203127.0868 6
203234.6599 13
203393.3444 11
203573.9772 1
203660.5670 17
203830.3862 14
203943.0136 4
204064.4350 2
204203.2960 21
204337.6346 11
204461.4745 12
204579.3827 13
204714.4850 1
204775.9642 10
204876.3623 10
205058.5854 11
205191.2677 16
205275.2260 11
205390.9167 16
205415.2466 12
205536.6419 18
205592.3048 3
205740.7505 12
205912.6732 7
206020.9292 11
206052.7601 21
206077.3895 11
206198.4826 12
206311.2065 11
206417.9423 5
206545.8255 12
206637.2129 2
206776.4866 7
206838.9245 12
206922.8646 6
207158.7225 6
207240.0899 16
207329.2370 4
207497.7539 8
207552.9678 21
207669.1468 1
207786.7789 21
207948.1278 9
208090.9305 16
208188.3978 8
