1494
11488.2655 14
11704.8058 20
11899.1001 10
12105.2518 10
12300.7588 3
12480.0516 18
12644.3265 19
12838.5583 5
13001.0800 12
13065.4533 16
13249.7388 8
13445.2072 13
13485.6555 4
13661.6355 11
13711.0952 20
13870.0611 21
14035.9649 14
14150.6268 17
14214.7262 11
14358.5446 18
14391.9807 6
14523.0738 4
14604.5919 16
14767.6636 13
14972.1344 7
15111.7797 14
15257.0841 20
15373.5866 20
15413.0619 13
15616.3767 11
15738.9097 18
15763.3320 7
15839.7282 8
16004.0443 19
16075.8228 6
16177.6284 7
16381.5103 13
16480.3559 12
16581.7013 19
16751.7760 8
16832.6157 12
17006.6945 7
17031.3677 9
17217.2511 17
17248.6988 18
17350.1317 15
17456.3173 20
17518.6644 13
17685.2275 3
17786.6091 15
17875.8067 18
17930.3135 3
18094.5367 13
18258.9833 11
18374.0909 16
18543.5718 9
18584.6990 9
18644.0682 11
18836.6867 16
19023.2081 11
19213.3204 10
19416.1514 14
19637.2988 21
19793.2740 13
19970.3136 19
20010.3782 5
20118.7276 12
20186.4940 15
20214.5338 14
20447.9421 10
20652.0553 12
20822.4214 3
20945.1838 9
21011.6245 20
21155.2610 11
21263.6925 11
21390.3186 9
21455.3235 8
21519.3725 7
21551.1819 18
21657.8327 2
21817.6352 8
22048.6249 6
22147.4628 11
22208.1830 13
22355.0899 10
22427.7049 12
22578.0794 2
22687.1474 18
22762.6131 10
22895.9355 18
22994.2111 21
23153.4237 18
23253.7618 6
23400.6934 12
23512.8221 12
23642.1546 20
23766.0574 10
23893.8133 8
24092.1364 8
24169.0672 18
24300.5774 1
24346.3619 2
24497.6993 12
24640.4881 10
24817.6379 12
24836.9357 20
25002.4075 12
25160.1610 21
25331.7976 21
25535.7149 21
25711.6267 12
25732.1508 21
25869.3480 12
26004.4619 16
26118.9576 16
26167.3203 19
26316.3551 18
26385.5141 7
26521.2484 20
26664.1434 18
26735.7519 7
26880.0591 17
27053.9701 2
27122.4920 5
27287.3954 11
27399.7127 10
27480.1143 15
27530.7984 11
27639.9406 18
27683.6614 11
27853.4101 12
27980.3838 7
28179.7245 20
28259.0696 11
28419.6983 11
28520.2738 21
28693.9533 11
28831.8411 3
29031.3559 21
29077.9328 16
29142.0690 15
29284.8532 11
29481.4839 9
29506.4879 2
29558.3064 13
29618.9566 19
29712.2414 21
29757.2501 6
29837.5831 21
29911.3781 4
30072.0398 14
30247.1964 12
30320.9741 3
30388.4536 10
30525.5540 7
30581.3814 11
30600.9641 11
30640.2750 11
30801.3680 7
30851.5095 16
31055.9785 5
31140.9361 20
31260.5848 2
31420.1527 12
31515.7373 11
31615.1665 13
31652.1924 9
31742.1697 3
31802.7532 9
31901.5248 9
32057.1787 5
32126.2003 19
32157.1308 1
32230.0959 19
32270.8028 5
32346.5785 13
32419.7468 11
32586.0661 17
32717.1944 2
32792.8972 11
32922.9947 9
33099.4321 9
33226.2160 9
33365.7419 10
33563.1382 7
33625.1600 16
33762.9729 12
33920.5028 10
34069.3635 11
34119.3193 21
34200.1036 12
34292.6857 5
34324.0702 2
34514.3144 7
34703.0579 17
34825.7846 8
34956.6948 14
35075.4616 11
35095.3324 11
35158.8537 7
35343.9126 12
35388.7804 18
35432.4808 21
35498.0757 18
35628.9776 16
35785.5720 2
35937.9310 16
36064.0805 1
36274.5543 2
36465.6830 13
36663.3799 5
36695.9789 9
36845.3063 16
36985.0188 13
37019.2645 11
37146.9306 19
37277.7965 4
37354.2252 3
37513.0743 1
37657.4386 9
37807.3967 21
37939.0166 8
38165.0542 6
38277.8556 6
38376.5990 8
38485.7116 15
38669.6539 21
38740.6569 14
38951.1046 20
38994.3103 16
39158.1040 15
39302.4104 1
39445.5428 8
39585.7827 16
39757.8564 8
39984.8409 15
40152.3292 18
40259.4644 5
40360.5197 14
40602.4109 12
40727.7990 1
40797.2826 21
40943.3479 16
41137.0981 13
41325.4832 1
41404.5180 18
41490.9804 6
41707.2972 19
41791.9738 21
41872.6544 18
41995.6358 3
42196.7761 13
42225.2459 18
42267.3826 20
42428.4568 6
42502.8031 21
42644.3817 16
42679.5924 17
42737.5286 14
42937.3240 11
42999.2736 13
43039.0053 6
43140.9564 8
43243.6576 7
43388.0653 11
43585.3052 7
43758.4765 13
43889.6801 16
43965.6816 11
44086.2046 11
44138.5617 13
44187.5438 18
44360.0324 18
44442.8670 12
44581.8440 9
44619.1373 2
44684.2595 21
44890.2039 11
45073.7750 1
45203.1110 3
45398.4742 3
45450.8082 18
45540.4210 4
45743.6629 2
45977.5527 18
46057.0582 9
46180.0852 4
46297.0036 19
46488.5300 17
46522.8004 16
46664.3925 6
46756.1288 17
46935.0675 3
46984.0695 13
47182.6388 11
47276.0002 11
47444.6164 3
47542.8980 18
47585.0614 17
47692.6888 18
47810.1590 9
47831.8931 1
47946.0528 18
47965.3697 12
48048.9035 1
48174.0677 17
48290.8756 1
48452.9679 11
48526.6099 3
48656.7928 21
48855.6411 16
48933.2578 3
49092.2475 8
49148.2796 3
49331.4785 11
49424.0240 21
49498.1738 15
49538.1358 12
49735.8953 19
49895.3494 12
50002.4983 8
50105.6216 11
50277.1465 5
50309.8399 4
50462.3342 20
50547.9452 6
50645.3329 13
50709.2887 8
50805.5280 15
50942.1188 3
51130.7671 9
51159.1474 12
51312.5516 11
51417.6971 3
51607.5718 11
51779.8284 12
51912.4297 20
52101.0569 19
52203.0800 4
52420.1405 10
52507.2093 3
52562.1017 12
52665.9838 11
52846.5008 21
53007.2360 16
53068.9052 9
53229.0937 11
53409.2581 5
53599.7976 15
53656.7253 11
53827.8816 11
53865.7794 15
53934.0827 8
54082.0392 11
54197.7640 19
54262.3400 15
54388.8715 11
54586.0442 8
54741.5958 6
54895.0460 14
55066.9420 11
55152.8829 14
55211.7182 2
55425.9194 12
55508.2557 17
55646.0223 1
55808.3937 18
55842.0622 3
55994.1915 18
56060.6688 2
56301.9827 8
56505.6619 8
56587.6508 15
56663.0233 1
56723.5332 16
56886.7480 10
57039.3969 10
57084.9248 13
57180.8207 20
57339.9298 11
57505.2501 20
57553.0040 15
57587.2768 2
57706.3687 11
57742.7491 18
57917.0187 1
58012.7867 4
58222.0860 12
58379.8017 12
58428.9337 5
58588.9651 20
58771.7950 12
58855.5126 10
59054.8806 10
59241.9263 3
59362.7746 20
59504.7555 11
59648.9203 17
59717.8091 13
59864.7764 20
60058.0120 5
60242.4856 14
60423.9164 8
60546.4169 12
60593.1419 2
60677.6084 11
60701.5250 13
60780.9256 3
60841.0953 16
61018.4008 12
61187.0666 20
61230.5388 12
61282.1113 2
61368.1389 11
61517.1054 12
61709.2221 21
61850.7142 16
61885.4805 10
61975.2222 14
62188.5231 4
62329.3303 1
62369.7979 13
62431.9158 15
62580.2824 9
62633.4757 18
62660.1784 19
62813.9689 9
62891.6476 16
63034.0892 11
63090.3734 18
63195.2042 17
63308.7805 15
63461.6674 6
63627.8233 21
63708.9041 8
63767.8126 9
63934.6838 14
64026.4931 21
64083.2426 18
64263.1982 3
64322.5597 19
64525.0074 10
64613.7585 12
64671.2176 19
64768.0707 20
64799.5467 17
64891.1774 21
65032.9364 6
65131.5522 8
65287.2558 11
65422.1884 11
65520.7476 21
65559.9348 11
65762.5840 11
65901.6530 10
66029.7497 13
66137.3370 4
66203.1631 12
66319.9370 8
66394.5818 6
66622.1945 12
66705.9614 11
66735.7004 15
66873.0496 12
66967.4092 11
66989.8978 5
67135.4581 20
67192.9071 12
67218.5112 7
67417.9300 8
67541.1242 10
67712.1278 2
67859.7487 5
68049.6418 12
68137.4010 5
68198.3770 20
68296.2510 4
68502.8208 11
68666.6388 13
68810.3111 16
68952.1260 5
69099.4510 6
69219.5596 18
69353.7611 10
69555.0737 18
69653.8191 16
69748.7806 12
69949.3942 4
70107.0728 15
70260.3008 20
70422.8430 12
70582.1400 6
70761.8473 18
70866.0669 11
70974.3833 13
71105.7892 6
71291.5054 16
71345.5910 5
71383.6105 21
71520.5959 2
71740.9896 13
71893.2942 18
72041.4040 18
72111.6825 15
72147.3109 2
72239.8884 2
72364.2978 11
72456.0988 18
72494.4425 11
72639.8251 17
72765.6227 16
72867.4735 15
72957.3522 5
73009.3473 8
73129.0474 19
73286.0436 12
73478.3390 12
73596.5738 6
73752.7455 18
73854.8325 9
74011.2243 10
74086.2156 11
74116.0498 15
74224.4701 2
74425.1648 12
74486.5921 9
74558.0280 6
74632.6870 19
74728.4330 10
74809.7353 20
75002.4361 9
75080.4241 11
75279.1664 17
75458.1541 12
75618.7785 19
75686.2703 13
75810.8754 2
76018.0100 10
76078.1831 9
76203.7708 4
76278.2998 5
76309.9707 12
76422.5369 16
76596.8594 18
76745.5917 16
76852.8690 4
77003.6979 9
77120.2313 18
77210.7188 9
77361.9336 10
77450.2745 12
77647.1241 3
77717.4000 11
77857.0218 12
77946.9273 13
78096.6570 18
78268.1750 4
78472.4168 15
78654.8438 18
78857.4144 16
79034.3145 11
79191.1965 4
79289.9139 8
79520.9907 11
79608.8652 2
79811.9341 12
79956.3383 18
80018.8151 8
80231.3899 21
80404.8613 10
80535.8802 20
80560.6440 11
80635.0408 11
80791.1827 21
80916.8984 16
81089.8308 20
81243.0609 4
81454.3075 11
81651.2794 12
81722.2127 20
81859.8843 16
81917.7895 2
82160.4302 11
82196.8147 19
82311.7498 11
82401.3708 14
82501.6640 11
82528.6324 13
82699.8683 12
82727.4242 11
82843.9322 21
83012.1840 11
83200.4912 15
83257.2871 4
83426.4731 10
83535.0534 1
83655.6159 2
83835.8871 5
83866.6634 11
83959.5587 12
84012.8196 21
84058.1459 3
84268.4703 18
84442.6561 4
84648.2748 9
84786.3426 2
85018.6623 10
85102.8914 12
85125.9607 12
85323.4819 3
85425.5276 11
85559.4347 11
85606.7598 3
85760.9834 19
85844.5522 12
85976.4616 11
86011.2917 13
86157.6112 15
86303.4534 1
86427.9187 14
86492.0449 6
86597.9475 18
86620.1719 10
86853.5085 8
87053.0308 18
87164.2849 20
87282.0840 14
87432.4877 6
87520.9410 9
87661.0155 15
87818.0052 16
87878.6534 11
88053.0988 6
88276.3846 12
88395.8675 19
88492.8467 4
88585.3483 1
88629.9872 21
88775.5427 5
88844.1637 7
89026.0885 11
89088.8117 15
89224.2901 8
89308.6968 6
89489.7395 1
89629.0193 9
89814.9823 14
89881.3425 11
90004.3428 19
90179.8192 17
90248.4559 4
90304.7465 12
90415.6415 12
90443.9075 12
90545.4648 14
90691.1124 12
90856.4477 18
91013.0041 11
91056.1214 11
91221.2130 16
91420.6033 16
91579.7962 12
91620.8518 9
91707.0460 4
91790.1892 3
91935.5301 18
91962.1488 2
92041.6950 6
92077.0494 18
92148.5330 20
92202.5978 11
92257.7753 2
92463.9231 9
92524.0449 8
92753.4698 21
92790.3764 19
92849.7137 16
92938.8783 15
93120.7961 12
93308.7937 11
93357.4553 12
93424.2465 6
93468.9468 17
93571.8190 16
93745.5137 11
93930.4834 12
93951.2156 8
94015.6401 16
94202.3025 9
94227.8902 9
94250.2603 12
94381.1985 10
94519.6339 2
94592.8372 11
94674.5807 1
94782.2634 18
94878.1715 18
94916.1605 11
95012.9284 9
95178.5271 13
95353.6985 18
95390.9169 13
95554.0351 4
95700.2406 18
95795.2862 14
95847.5560 20
96016.9474 12
96195.8633 19
96351.9975 19
96553.5173 11
96734.1849 17
96896.7288 2
97099.4385 12
97214.8637 10
97349.0429 14
97446.4063 15
97525.7753 18
97633.9416 8
97701.1527 15
97899.5423 8
98049.7768 18
98158.1334 12
98330.6330 19
98505.6628 12
98533.8758 16
98634.7772 17
98728.3281 3
98802.7195 16
98822.0752 1
98932.1869 11
98973.3428 13
99094.1318 18
99164.6414 3
99324.8886 12
99482.5378 11
99675.8550 12
99724.6226 12
99815.6703 5
100002.0620 9
100112.0569 5
100158.9631 11
100361.4000 11
100470.8254 12
100631.5975 2
100723.7418 12
100768.2754 8
100976.3975 8
101052.9650 16
101163.6074 15
101248.4165 11
101374.8426 17
101458.6594 13
101663.1352 10
101808.7457 2
102035.0048 13
102113.6894 8
102243.8717 11
102420.7549 21
102524.7852 10
102686.7755 1
102889.4297 15
103037.7797 17
103174.9456 7
103294.5836 20
103448.3075 2
103616.0627 12
103801.3967 13
103939.9105 1
104015.4011 10
104067.8708 10
104253.3482 20
104434.1846 20
104627.2914 20
104661.9211 1
104825.0938 11
104878.8369 18
104977.8295 20
105069.5374 14
105166.4517 17
105281.4407 9
105370.3666 11
105513.1808 20
105614.2835 12
105720.2184 6
105895.0709 3
106086.0368 8
106263.2969 18
106335.8467 12
106528.1067 15
106645.3686 10
106720.5337 12
106763.9987 9
106908.0236 9
106979.4468 3
107029.3561 20
107193.9774 1
107387.3787 21
107584.8780 20
107786.1619 8
107833.9816 12
107864.8083 10
107947.7888 18
108010.5489 8
108195.3789 14
108431.7448 11
108596.0028 4
108690.5721 11
108718.9746 15
108904.8854 12
108934.1266 2
109065.4990 11
109233.1032 6
109305.0594 2
109397.3832 10
109538.5590 20
109607.7183 7
109657.8600 3
109778.3423 11
109973.9313 9
109993.1725 2
110163.6187 11
110299.5833 12
110427.4037 6
110546.0714 11
110660.7574 10
110768.9944 13
110937.2207 10
111030.7329 10
111202.9251 19
111394.7337 11
111516.8208 6
111586.1408 21
111734.7305 10
111936.5478 1
112080.3399 5
112182.5076 2
112297.2774 1
112386.5565 11
112488.5480 11
112645.6164 11
112819.4963 3
113023.4491 17
113151.0000 13
113225.3230 12
113268.8105 9
113415.3781 3
113581.4052 14
113781.9867 1
113925.6238 11
114128.6464 18
114294.1682 4
114394.9485 18
114506.5501 20
114578.4354 5
114711.4167 3
114813.3768 7
115009.3209 13
115195.0679 15
115272.5794 11
115460.7680 3
115609.0993 20
115748.2472 8
115915.3913 3
116015.3860 14
116079.9856 11
116156.4598 21
116190.6559 4
116282.5519 10
116484.5534 20
116505.4555 6
116694.5586 10
116908.0986 4
117134.1696 14
117315.5927 11
117343.1673 17
117473.4701 10
117652.0520 18
117727.8756 19
117813.0311 21
117952.9789 14
118098.0406 3
118160.4665 19
118265.5930 8
118487.0371 20
118538.4860 16
118737.4737 11
118786.0911 9
118806.4444 11
118926.8971 9
119125.6368 1
119206.4092 10
119400.2834 21
119549.9467 1
119687.2617 11
119711.9750 12
119859.4328 1
119972.4028 2
120210.5330 14
120375.6262 11
120510.2351 2
120589.9377 11
120699.9911 14
120785.5245 12
120834.4014 15
120931.0419 11
121129.5855 7
121274.9284 11
121475.6300 15
121660.5249 18
121761.0518 12
121935.3026 15
122058.3352 5
122255.2976 19
122456.4355 15
122563.0515 9
122585.1950 12
122773.7304 9
122885.7763 1
123035.8348 12
123179.1465 21
123246.6285 19
123375.2045 17
123548.1461 11
123599.0930 11
123801.7770 7
123998.9251 17
124172.9389 11
124228.9726 17
124391.9695 11
124421.3887 16
124493.9423 14
124588.8734 15
124677.3014 14
124868.7971 11
125052.4107 12
125099.6478 5
125273.8129 18
125437.7138 17
125471.4488 4
125695.1712 7
125783.1416 2
125958.8936 20
126006.4103 18
126091.9555 16
126239.8267 12
126375.7821 11
126524.4289 4
126630.0020 12
126709.2066 1
126806.0770 21
126915.8306 17
126970.2803 18
127149.2815 19
127336.4988 18
127433.9223 12
127582.6946 18
127724.0639 13
127878.6030 11
127898.9060 13
127924.0064 10
128080.1867 11
128118.3725 15
128286.9814 13
128453.2218 13
128519.6703 12
128638.2438 9
128676.1314 9
128705.3802 11
128735.4824 9
128929.0359 11
128953.6046 21
129150.2151 17
129216.7431 17
129278.8961 2
129410.4516 6
129638.4331 14
129848.2232 11
130010.0352 21
130195.3786 11
130314.4523 12
130453.9314 16
130602.5996 12
130804.2726 7
130892.7856 20
131010.5941 8
131219.4207 21
131393.3347 3
131421.2304 19
131544.2458 21
131687.0737 16
131887.5654 12
132047.9025 12
132200.9699 14
132327.7909 11
132393.5568 18
132415.3232 12
132526.0542 12
132657.5145 5
132780.7682 15
132873.0966 15
133059.1421 21
133136.8601 13
133324.4843 18
133363.1678 10
133412.9401 18
133459.2715 17
133600.2459 17
133711.6666 10
133771.6789 20
133928.1636 12
133987.6306 4
134080.3790 11
134267.4883 13
134306.1038 18
134426.5446 12
134452.6619 12
134525.5363 9
134651.0429 12
134805.1697 8
134979.7870 3
135173.3355 12
135283.4274 11
135306.9856 11
135432.3007 16
135601.4045 6
135721.0722 16
135880.5732 12
135984.2290 13
136024.1482 12
136179.0964 19
136360.6531 12
136422.8018 12
136599.8068 20
136676.7855 17
136868.1833 1
137027.4161 9
137163.1638 5
137327.5682 14
137366.1854 2
137518.1188 1
137616.5683 21
137819.4555 9
137958.1230 6
138128.0271 12
138235.9559 15
138420.2391 15
138613.2201 19
138763.6341 18
138946.4188 15
139014.3459 9
139144.9748 11
139247.3070 15
139346.4447 3
139491.2528 4
139681.9829 13
139723.5328 5
139915.1047 16
139939.8001 14
140079.4445 19
140193.5530 19
140306.8902 1
140419.6230 13
140504.3473 12
140538.4972 3
140588.5495 12
140744.4683 11
140928.1212 5
141036.8500 19
141107.6952 11
141283.0870 11
141343.8023 21
141408.1454 12
141557.4610 13
141700.5512 6
141753.7326 10
141927.0359 18
141963.9527 1
142143.0920 21
142280.5420 12
142325.3113 11
142470.3351 13
142520.8313 4
142584.9052 8
142762.6994 12
142900.4622 1
143052.8796 15
143202.8617 12
143384.6687 1
143453.4851 13
143550.3912 7
143585.6429 18
143696.3066 14
143876.7503 19
143984.6928 17
144114.7782 11
144159.6643 3
144357.7007 1
144559.2597 21
144624.0683 15
144740.1359 10
144839.7804 2
144888.7387 5
145033.2460 18
145168.9148 12
145338.4924 11
145458.8701 16
145569.3397 15
145695.8837 16
145730.5770 6
145956.1300 17
146037.5653 13
146222.3217 13
146368.9403 21
146567.2019 12
146681.7074 9
146777.9119 12
146932.8451 12
146961.7587 2
147104.6565 14
147214.6997 21
147254.8105 15
147277.9281 13
147445.8960 6
147625.2504 11
147708.4686 5
147881.1913 9
147908.8831 5
147981.0862 9
148161.9531 6
148214.2759 15
148340.4310 11
148369.1834 11
148401.3446 14
148615.3677 18
148661.6139 12
148780.0745 14
148878.1828 3
148921.8541 3
149058.0702 3
149142.7477 10
149194.1982 10
149313.8400 6
149395.5692 7
149564.4731 14
149685.5306 1
149812.0782 18
149966.8152 13
150161.5635 11
150212.8942 18
150277.1436 4
150410.6761 12
150577.4392 20
150650.3967 7
150784.2385 5
150933.6280 18
150974.0455 7
151014.3481 18
151197.9093 18
151248.6898 10
151317.5111 7
151417.1513 15
151460.2386 9
151591.8788 17
151703.2145 7
151880.2311 19
151899.7471 13
152021.7206 4
152210.7443 12
152307.1693 10
152438.6531 11
152483.9356 16
152573.5888 4
152656.6527 4
152844.3555 15
152904.7478 6
152995.1601 21
153159.9910 18
153225.8306 18
153274.6632 11
153343.9224 12
153499.2203 15
153605.4880 20
153685.1882 5
153777.5582 18
153844.9075 15
153909.0657 18
153938.4779 19
154082.9287 11
154136.8688 3
154217.9370 4
154287.1571 11
154433.3464 15
154544.2065 8
154636.8942 18
154782.5800 11
154898.3415 4
154972.1341 12
155055.1701 12
155189.7398 20
155325.8118 11
155390.6404 15
155488.6405 12
155585.6958 11
155653.7807 2
155735.2952 12
155925.3459 20
156088.0520 18
156277.1274 13
156324.5223 7
156511.5478 10
156668.8904 3
156812.9753 4
156957.9533 7
157092.9588 19
157240.7170 2
157327.2877 1
157520.2075 18
157554.0133 16
157594.1964 18
157757.7598 17
157825.2166 5
158014.2046 11
158212.1631 7
158323.3509 13
158442.6249 7
158563.2415 14
158693.8931 16
158828.0332 18
158949.4940 18
159003.5997 1
159216.8021 11
159340.6385 4
159509.2592 7
159642.6484 3
159827.0232 3
159956.9770 6
160144.1804 9
160296.8532 11
160465.5110 21
160522.8977 20
160642.0145 12
160843.3866 2
160988.1313 17
161124.1078 11
161169.6727 13
161377.4620 3
161485.7649 3
161625.3080 15
161822.9897 15
161913.8978 19
161972.8811 10
162055.0549 16
162140.3655 15
162289.4779 1
162412.7253 18
162610.8457 8
162829.5434 15
162955.6270 20
163124.4405 7
163327.0192 6
163521.5535 8
163638.6910 11
163841.0479 12
163985.6805 11
164029.3374 15
164150.4501 1
164317.5802 9
164504.7545 15
164641.2660 19
164842.0425 18
165026.5259 11
165046.3753 14
165152.6173 21
165321.6730 8
165395.9321 2
165536.9080 21
165683.5676 17
165746.3322 19
165782.2577 4
165942.7530 9
166076.5419 10
166285.0747 12
166408.5291 3
166594.2613 11
166696.2037 16
166858.0267 16
166948.3024 4
167119.9183 14
167314.0494 18
167420.8073 3
167575.5408 1
167762.7716 9
167855.4280 18
167930.3463 18
167982.2805 10
168110.1044 20
168178.0385 3
168352.0785 13
168473.0070 16
168583.2960 4
168729.2152 19
168919.0974 14
169051.4275 4
169150.0694 7
169266.7991 2
169400.9701 12
169550.3845 18
169618.6074 15
169672.4576 18
169689.9012 13
169732.0923 11
169847.7948 1
169985.9118 2
170134.7490 17
170269.7018 18
170359.0474 12
170560.9193 13
170768.7727 5
170848.7078 9
170988.6576 13
171091.0861 17
171148.6294 13
171301.0121 12
171371.9578 13
171568.2692 12
171742.4666 17
171873.4893 13
171975.2675 17
172062.1171 8
172251.2702 15
172304.0744 14
172457.3118 1
172597.2787 3
172708.6160 10
172812.0208 20
172873.7976 12
172974.2191 14
173094.8614 14
173256.8474 2
173437.2696 15
173470.4802 10
173649.5662 6
173866.6134 8
173968.4561 17
174110.7418 17
174233.5102 8
174301.2317 16
174470.2089 12
174607.0489 11
174723.9862 10
174759.4404 18
174882.5011 7
174993.9868 3
175076.9786 2
175178.5278 11
175212.2815 12
175329.5809 4
175559.1352 19
175716.0889 11
175847.3511 20
175897.1105 20
176056.4940 11
176258.7192 5
176398.9385 9
176436.9636 12
176604.8775 11
176644.3279 8
176825.4120 18
176959.4023 18
177111.1372 18
177277.9478 3
177361.5375 7
177552.6804 8
177778.7275 2
177902.8483 12
178087.7247 2
178293.7669 21
178418.6088 2
178632.9736 16
178685.5287 20
178744.5868 4
178881.7765 7
178990.7628 14
179138.5652 2
179225.0978 11
179385.0217 15
179505.6322 18
179554.8587 7
179707.9163 1
179915.7047 6
180009.7013 4
180238.4966 5
180383.4048 10
180572.3414 15
180740.3475 9
180781.1578 20
180903.6599 8
181069.7276 19
181127.9254 4
181348.5212 11
181546.0039 11
181640.5679 11
181720.6445 11
181885.3886 8
182097.7313 21
182160.2312 18
182182.9634 14
182254.9704 4
182452.0253 18
182627.4112 2
182739.5667 21
182818.1887 16
182938.5152 12
183125.1649 4
183265.4222 13
183294.4809 7
183452.6192 3
183503.6011 19
183541.3669 12
183688.4516 5
183883.6804 11
184018.7207 14
184103.0220 20
184144.4666 13
184183.0372 12
184351.7297 19
184430.1537 12
184569.0276 16
184749.8775 14
184935.3521 12
185033.0139 20
185109.3736 5
185165.8572 13
185373.1630 13
185512.8282 12
185677.6832 12
185764.2336 11
185828.7899 7
185937.4555 18
185972.6687 1
186189.5356 10
186320.8889 11
186506.3581 4
186636.0339 18
186749.1147 16
186912.5349 4
187112.4919 6
187269.9195 9
187376.6814 11
187565.0335 12
187663.5040 16
187762.2618 12
187818.2841 18
187920.4525 18
188030.9687 12
188090.9637 7
188174.9419 8
188412.8416 18
188527.5749 14
188649.3511 4
188721.2122 5
188844.2041 7
188978.9283 8
189061.3205 17
189253.4105 5
189439.0967 2
189499.0497 19
189611.9975 18
189731.0137 17
189767.6086 8
189861.7882 8
189927.8369 13
190139.2341 12
190214.9440 7
190271.2108 8
190471.4897 12
190620.4339 6
190709.4623 5
190737.8685 11
190804.1003 2
190932.8497 4
191075.8960 11
191118.4757 17
191144.6757 5
191332.4998 15
191447.0279 19
191511.8761 7
191655.6816 12
191790.2102 19
191988.2989 5
192113.7386 9
192295.1385 8
192388.8791 5
