1494
32641.1776 17
32797.7671 16
32934.4109 13
33115.2482 13
33140.6160 10
33214.1113 11
33310.6947 7
33343.9070 7
33456.8202 1
33607.4130 12
33740.9558 7
33789.4393 6
33823.5247 8
33988.0491 13
34026.5654 19
34161.0771 3
34298.8222 10
34453.2098 17
34578.4960 17
34673.8064 16
34808.9004 8
35007.1688 18
35208.0698 15
35232.1044 20
35335.5904 19
35362.0976 16
35406.9167 20
35482.8395 12
35607.6604 1
35775.5911 8
35932.1815 12
36001.6291 18
36052.5712 13
36117.8293 1
36313.6190 15
36432.6032 15
36622.1569 10
36755.3861 10
36991.4574 14
37144.6441 1
37283.0873 12
37464.8317 17
37567.3231 17
37648.1630 1
37741.0997 21
37783.4571 20
37894.6301 16
38072.3388 11
38149.9116 16
38212.2522 9
38252.5919 1
38419.4989 20
38524.0369 18
38646.4468 12
38726.7341 21
38777.9152 18
38795.3266 11
38853.2732 21
38987.7196 17
39052.9519 11
39148.4008 5
39198.8958 3
39334.5635 11
39437.9068 18
39627.9990 19
39649.9656 10
39877.5715 9
39960.4837 16
40036.7742 11
40066.5865 11
40153.0938 18
40208.5064 10
40390.7844 5
40521.4729 10
40681.5496 16
40795.6569 21
40880.3919 8
41082.4868 11
41180.0567 16
41214.6243 16
41265.0016 11
41435.9283 11
41555.3254 12
41735.6687 13
41839.2370 2
41960.7900 19
42067.6540 20
42133.4125 9
42176.3994 3
42381.5884 18
42526.9706 11
42715.4651 17
42766.7458 3
42973.2044 21
43100.0293 19
43135.0781 16
43244.2018 11
43423.3661 10
43509.7363 21
43699.9204 10
43906.5758 11
44056.3286 18
44115.2981 6
44332.4133 8
44401.4028 6
44500.3014 11
44668.4344 14
44852.8783 18
44915.7115 5
45085.5553 5
45138.0819 7
45232.2861 15
45271.7022 7
45434.4362 12
45549.5770 12
45695.3803 16
45883.7334 17
46035.1979 11
46088.2811 10
46223.7303 11
46282.1926 20
46349.4110 10
46544.7276 11
46624.1391 11
46716.1150 18
46760.8365 16
46779.8971 20
46859.0245 18
46948.8164 11
47127.4688 18
47219.7140 9
47277.0487 20
47336.1570 12
47416.3898 13
47570.4631 19
47602.2607 10
47793.3250 15
47885.4062 12
47963.8090 17
47991.4045 17
48081.4990 1
48138.3296 10
48300.3071 9
48342.0688 7
48443.0743 8
48537.0118 12
48719.8345 19
48756.6372 11
48845.2982 13
48978.7264 6
49081.9594 12
49170.1468 1
49267.0011 21
49447.1907 11
49617.6692 10
49657.7276 7
49740.0076 10
49800.0135 7
49946.6615 19
50063.5149 14
50264.7431 16
50424.5453 16
50480.2563 11
50610.5543 17
50736.5261 13
50803.2049 11
50932.5721 16
51046.1268 18
51226.8367 14
51376.2654 6
51444.4492 16
51549.6823 6
51752.3314 1
51846.9180 16
52035.0478 15
52174.6142 6
52240.3489 20
52371.8763 6
52548.1813 11
52639.0657 8
52871.7998 6
52940.4769 19
52987.2547 9
53153.3866 6
53243.8279 6
53294.4568 19
53346.1052 15
53509.2335 19
53556.8508 11
53600.0554 20
53635.6184 8
53758.5135 7
53904.2103 4
54015.6801 4
54189.7662 6
54372.0594 8
54592.8482 1
54649.7553 14
54863.8278 12
55057.1519 15
55112.8731 1
55312.2294 15
55370.4250 17
55573.6662 11
55717.4785 4
55842.8513 2
55990.4653 13
56161.9300 11
56271.0878 16
56410.7332 12
56565.8749 16
56701.1006 9
56795.4167 18
56996.0095 4
57111.1243 13
57268.2852 17
57291.1586 20
57378.2222 11
57459.7593 10
57641.2266 17
57667.3190 1
57776.3239 2
58016.1672 12
58128.5592 15
58204.7752 7
58229.9201 21
58401.5165 7
58475.6755 11
58568.1471 12
58598.2307 18
58729.1135 21
58769.5519 6
58950.3409 10
59128.9910 7
59200.7661 12
59394.5581 2
59528.6238 7
59640.8387 3
59803.6173 12
59976.7095 18
60113.9824 3
60289.6216 3
60445.2251 12
60563.9712 9
60669.5507 1
60800.1276 6
60997.9326 14
61141.0839 13
61279.8091 8
61333.5166 12
61430.0150 11
61494.8612 7
61681.8724 13
61889.2544 14
62007.0347 3
62150.6194 14
62352.0555 21
62378.6630 13
62435.9929 12
62637.9627 20
62829.5393 18
62903.1861 20
62976.9680 8
63039.2305 21
63206.8143 14
63334.5416 11
63436.9556 8
63592.7782 12
63691.4172 20
63712.6557 16
63756.7756 10
63826.4931 20
63889.5160 1
64022.5233 21
64094.4390 20
64220.1472 18
64331.5655 11
64433.9579 11
64542.3121 10
64658.4032 9
64734.0642 11
64828.2117 18
64869.9201 12
64969.9620 21
65102.0464 11
65240.1634 11
65375.2655 17
65511.5459 21
65575.0334 21
65687.9876 17
65870.2563 15
65990.3684 12
66035.3036 6
66081.8053 12
66102.2912 6
66292.1327 8
66435.6752 1
66640.2049 6
66892.4553 13
67042.4619 6
67262.2038 15
67350.9436 19
67452.6312 19
67654.5769 15
67718.3940 19
67827.3614 21
67886.2622 12
67906.3820 1
68050.8727 1
68142.7436 8
68329.7684 6
68543.6697 9
68581.1519 12
68709.0661 10
68848.6778 18
68872.6522 5
69036.7176 12
69157.9525 1
69327.4221 11
69431.6822 8
69589.9658 2
69778.1405 10
69967.6898 12
70064.1015 20
70157.5705 5
70251.5448 11
70329.3204 17
70375.2066 20
70574.8668 8
70735.6634 12
70821.8299 21
70972.6480 18
71076.7624 9
71210.6005 11
71387.7285 12
71418.5564 18
71477.1925 11
71529.0788 13
71730.5355 20
71753.0335 5
71913.5300 16
72057.7584 12
72260.0324 11
72297.6571 5
72506.4952 19
72620.9222 4
72810.4516 15
72875.0419 19
72931.7088 17
73057.6332 12
73252.9244 12
73293.1313 18
73443.3118 12
73550.9426 21
73633.7246 7
73793.1813 11
73975.1654 15
74162.8615 11
74346.8780 11
74391.1297 11
74593.5616 21
74635.9677 17
74663.9014 18
74695.1367 10
74808.9108 15
74875.7574 18
74944.9116 11
74970.4050 18
75098.6156 5
75176.4530 7
75198.5259 18
75217.7587 13
75376.6475 2
75452.8763 21
75523.6535 11
75629.2741 19
75821.7927 3
75849.1671 10
76068.8169 10
76188.8031 12
76249.8430 8
76333.6505 10
76386.8634 6
76497.5153 11
76633.9256 7
76655.3954 3
76781.9038 16
76810.7843 1
76871.6700 4
76950.9309 4
77110.7029 17
77194.1856 11
77347.1120 11
77443.0541 14
77681.0138 11
77815.3813 12
77957.3748 21
78043.2658 16
78118.4096 11
78239.9963 5
78380.3236 17
78564.7523 17
78711.1347 2
78818.7942 6
78965.4240 5
79157.3381 11
79291.9979 21
79440.7047 16
79487.2407 20
79604.2041 15
79664.4097 3
79809.0608 13
79941.5109 14
80064.1526 19
80096.4588 16
80291.9287 21
80344.3832 14
80547.2572 9
80597.9384 21
80803.6162 14
80983.2095 17
81096.3276 12
81152.4547 11
81326.0572 16
81499.5020 3
81538.6687 21
81561.6012 7
81620.9097 5
81679.4624 4
81910.9646 9
82081.8885 6
82191.5824 7
82302.0888 20
82417.8790 17
82550.3922 21
82706.1138 21
82889.0773 16
82929.3789 8
83082.8844 2
83320.2796 18
83342.6924 9
83536.8839 10
83759.6601 19
83848.9817 11
83976.5632 1
84119.7425 17
84250.6188 9
84356.5785 17
84462.8072 20
84650.9637 2
84716.8417 3
84785.0413 18
84870.2659 3
84941.4539 3
84989.1499 6
85082.5960 17
85213.2180 18
85337.6418 19
85474.6563 11
85652.7014 4
85782.9699 4
86013.4255 20
86152.1057 11
86331.7014 9
86420.8181 21
86463.7831 11
86638.5329 1
86851.4097 4
86912.1769 7
87033.9908 8
87211.7923 15
87292.8683 14
87505.7677 14
87661.5537 19
87797.3189 3
87969.8454 3
88137.0217 6
88334.3709 11
88421.9001 11
88514.5162 21
88570.1363 3
88742.6732 3
88847.8091 12
89003.8371 15
89188.7524 16
89262.7586 11
89299.3337 11
89484.0113 11
89603.3645 13
89771.7453 21
89892.6487 15
89943.1186 7
90042.2835 18
90166.5480 18
90279.6858 2
90404.2976 7
90464.6665 9
90613.2417 1
90697.5616 6
90831.6190 9
90972.6497 9
91028.7821 11
91228.9931 12
91420.0472 4
91652.2231 20
91747.1331 13
91942.1396 2
92050.0614 11
92097.6000 12
92149.0647 20
92347.1983 2
92502.3072 1
92655.3107 12
92857.5944 18
93051.6639 19
93188.4340 12
93301.1115 10
93444.0379 8
93544.9912 15
93579.7537 4
93670.2468 12
93771.8012 12
93886.7843 12
93966.0462 3
94043.3424 11
94233.6475 18
94317.5355 1
94416.3903 11
94561.8717 4
94776.7781 17
94934.4951 2
95142.9368 14
95287.1123 5
95333.7380 4
95402.0922 18
95503.2679 3
95576.0066 19
95716.6021 14
95769.8924 13
95845.4772 2
95957.3258 9
96072.0885 4
96170.3273 11
96253.9893 21
96295.0451 19
96462.2556 2
96599.0912 14
96673.4948 1
96710.9895 15
96877.5184 2
97045.3195 12
97164.8220 8
97303.3028 19
97399.2218 11
97475.0503 4
97665.0796 7
97717.9770 18
97845.7768 14
98052.1948 8
98217.8350 11
98377.3654 18
98558.9896 12
98747.2553 13
98859.4080 18
99048.1176 19
99137.0156 4
99301.1438 13
99467.6725 7
99626.9751 16
99738.0805 17
99767.0758 18
99812.4224 21
99932.8557 17
100016.0511 13
100224.8943 13
100328.5139 15
100376.2994 12
100466.4827 14
100552.9686 14
100648.0046 12
100823.5697 8
101025.4413 12
101182.0917 6
101327.5199 6
101439.9333 14
101645.5449 13
101741.7776 16
101885.6829 17
101937.0594 8
102068.3100 8
102249.1166 9
102323.2204 5
102478.0479 20
102542.2949 3
102637.8103 20
102661.6930 3
102720.8457 17
102838.5921 20
102869.4685 15
102937.8293 3
103128.8442 12
103175.4983 14
103292.4046 11
103471.1716 3
103669.2714 21
103847.5149 15
103929.7080 19
104043.5006 16
104082.0000 15
104209.2906 19
104381.6979 7
104521.0981 16
104635.4844 7
104719.8958 12
104747.5193 3
104933.2757 8
105153.7379 12
105271.3107 6
105433.0097 2
105549.9206 9
105737.1051 17
105818.0183 11
105858.9991 11
105964.5874 4
106157.8416 14
106307.1630 8
106499.2746 11
106560.2979 1
106716.6587 11
106762.7206 18
106860.5843 15
106946.7139 18
107143.8313 20
107165.8556 16
107265.0768 12
107401.1701 11
107453.5050 18
107538.7928 20
107558.2442 7
107608.7166 13
107724.7075 6
107956.4068 7
108028.9333 13
108179.0189 5
108253.3058 13
108290.7051 3
108466.4492 19
108550.5815 17
108642.6967 18
108676.9185 21
108776.7214 7
108886.9071 20
108969.4256 13
109059.5062 11
109101.6420 11
109210.2167 19
109277.0371 10
109453.0216 18
109644.6199 2
109845.3752 19
109910.8739 21
110055.8910 11
110123.3661 20
110207.3984 5
110322.1695 17
110385.5759 10
110559.2976 20
110680.0611 3
110790.5633 18
110931.4296 17
110961.7624 2
111167.4171 11
111226.6453 3
111334.0022 19
111482.4324 18
111606.1391 20
111738.3106 18
111899.3252 18
111983.3379 11
112078.9173 8
112256.1245 6
112302.9136 11
112344.3071 16
112471.6473 8
112529.9102 12
112690.9478 10
112827.1930 19
112870.4748 3
113074.7071 11
113120.9838 21
113199.7421 16
113316.0970 2
113408.4497 18
113508.3286 12
113567.3561 11
113603.9342 8
113665.7067 12
113748.4534 18
113859.2202 18
114056.8106 13
114095.2445 7
114219.3759 18
114270.5999 12
114343.7259 15
114415.3243 9
114451.7529 20
114588.8640 13
114651.3340 5
114720.8389 8
114849.3718 14
114946.0817 7
115001.0787 12
115125.9256 12
115195.9327 13
115312.5032 21
115504.4941 10
115705.4766 20
115840.5484 21
116000.0163 18
116162.5208 12
116233.7232 10
116312.5479 6
116559.9637 12
116737.7335 18
116888.6275 20
117056.6068 18
117191.7075 11
117336.6962 11
117536.4545 14
117704.7436 8
117795.0959 10
118001.2997 16
118099.5604 10
118319.0050 1
118385.8326 16
118522.8917 21
118566.8717 12
118765.4164 9
118886.7540 15
118964.2296 10
119046.2285 9
119243.7470 12
119311.4207 16
119442.5408 2
119578.5939 11
119769.2705 16
119884.0462 16
119952.6697 6
120120.9926 21
120194.5389 14
120297.8305 12
120387.5004 11
120491.0737 11
120547.5095 13
120735.8541 11
120851.0538 11
121011.4069 16
121207.8350 13
121364.2431 17
121563.1766 18
121591.2840 11
121648.0550 7
121668.8565 12
121795.1782 12
121939.3759 3
122107.5171 8
122227.7400 9
122296.6588 18
122315.6255 11
122392.7428 11
122517.8871 14
122680.1548 8
122908.9490 9
122962.6599 6
123113.6921 2
123184.3871 4
123349.4270 1
123539.1716 9
123738.1351 11
123846.0301 2
123958.5769 18
124074.1158 16
124228.0244 14
124307.9530 21
124461.2825 8
124535.4706 16
124660.1235 17
124730.5992 2
124927.8718 3
125140.1040 8
125307.9823 12
125408.3601 8
125609.9155 21
125651.5781 5
125782.2850 18
125868.4792 10
125933.9928 11
126098.8424 14
126337.6883 9
126506.0799 16
126578.1458 18
126739.4048 12
126770.8592 15
126904.6941 21
127051.4899 18
127228.1093 12
127388.6466 15
127573.3227 11
127696.7477 16
127801.4010 10
127911.9017 21
128014.2173 11
128168.1376 16
128224.7843 13
128304.8447 7
128484.7574 18
128600.0874 11
128802.6919 5
128923.4733 9
129018.4632 16
129190.3860 13
129399.3982 7
129453.5883 18
129513.8546 10
129709.2985 8
129776.3472 12
129830.3853 2
130017.6673 4
130221.1125 7
130374.7204 12
130420.1997 7
130593.8718 3
130754.8816 19
130939.3852 11
131104.5165 18
131217.4379 4
131403.5543 4
131607.1218 21
131780.3216 12
131839.3217 12
131976.0617 9
132118.3436 12
132174.6884 10
132320.8249 6
132541.0803 7
132563.7622 4
132643.1559 7
132690.3575 11
132759.9243 16
132959.5221 18
133025.5830 3
133220.7415 13
133420.3087 6
133515.3629 17
133625.9526 5
133835.5909 10
133887.5051 11
134081.3151 1
134291.5617 11
134434.2642 12
134603.9590 12
134805.7202 6
135001.3517 11
135108.9801 5
135198.1519 8
135354.1059 14
135452.5795 10
135613.3061 7
135778.3997 13
135807.7324 16
135981.7596 16
136130.3018 11
136172.5066 5
136365.7701 10
136409.2206 10
136495.0917 21
136521.5363 18
136658.1826 8
136864.0047 4
136980.8572 3
137062.7230 20
137205.2228 18
137386.5885 9
137544.3840 4
137609.2713 18
137805.7382 2
137915.9037 9
137948.7919 3
138116.6141 18
138313.2903 21
138421.3894 7
138515.4819 17
138569.0578 13
138602.6267 11
138776.4241 19
138810.1308 16
138893.0592 4
139079.5945 10
139216.6906 18
139402.4678 5
139531.0852 19
139717.3687 3
139773.1259 9
139951.2359 18
140071.9956 2
140178.0958 7
140381.6178 6
140503.2894 20
140539.9235 12
140669.6310 14
140889.6445 10
140969.4101 12
141173.7483 16
141214.6148 21
141352.9055 17
141513.6500 20
141633.4183 3
141824.0357 11
141899.7275 17
142078.0578 4
142142.9915 8
142378.1710 15
142518.5803 14
142577.8014 8
142644.0059 12
142831.1568 10
142908.6318 11
143087.4929 9
143255.0336 9
143409.2508 20
143574.5139 8
143649.5344 11
143719.3465 13
143777.8730 20
143851.9624 17
143928.8303 10
144010.5846 11
144073.8360 12
144160.5082 15
144326.4615 6
144461.4933 21
144495.9337 11
144604.3365 14
144831.7109 7
144980.3014 11
145017.1620 11
145055.5368 8
145131.5096 3
145323.5185 3
145447.9700 12
145556.7009 8
145657.6587 11
145800.9884 10
145946.3382 12
146004.5059 18
146087.3463 2
146169.7096 2
146242.0369 1
146364.5858 11
146455.5019 6
146608.4030 11
146663.6380 20
146788.5512 20
146923.1347 12
147091.9479 3
147245.7411 16
147303.1144 12
147409.2146 10
147552.5166 12
147653.7647 2
147751.3838 14
147857.5656 15
147945.3151 20
148073.5570 11
148128.1241 15
148265.1816 5
148341.5501 12
148514.7129 17
148697.1838 11
148745.8506 18
148783.9923 6
148885.5177 13
149008.0546 16
149162.2603 14
149297.7691 9
149457.7199 21
149505.1517 6
149712.8810 16
149746.7691 13
149804.2940 10
149919.8237 18
150050.5756 12
150249.3939 10
150305.8174 12
150396.7066 10
150473.3075 11
150536.5151 8
150750.9847 4
150808.3675 2
150950.1649 18
151031.2301 18
151210.5524 4
151434.1735 19
151476.6197 9
151599.8117 13
151730.7929 7
151880.4640 8
152079.0677 18
152158.0128 8
152256.5149 16
152401.4090 4
152488.0994 1
152652.8040 18
152677.2880 3
152724.1291 2
152867.3537 21
152918.8810 21
152989.6790 19
153062.0453 12
153264.4199 10
153471.7038 4
153668.9400 15
153689.7864 1
153751.8935 18
153895.2788 17
154069.6830 7
154180.5359 20
154212.8660 18
154354.9344 2
154521.9534 8
154678.2052 13
154723.8054 11
154899.8137 13
155079.1162 16
155189.7754 12
155387.8576 5
155450.6063 16
155564.1350 19
155585.7353 10
155657.9907 7
155765.8440 11
155925.8006 9
155948.3826 17
156034.1525 9
156074.4476 12
156204.2045 13
156363.7722 14
156493.5990 6
156607.4392 16
156792.1956 5
156962.3164 8
157116.9382 8
157224.2702 21
157387.2826 12
157505.4272 18
157655.2747 11
157853.8104 12
157986.0296 12
158185.5833 8
158317.0009 10
158448.2581 9
158528.5541 9
158613.8316 5
158743.8804 3
158883.0948 9
159062.2999 17
159144.8821 21
159340.5588 13
159532.6163 14
159770.8660 11
159903.4346 12
160032.4022 14
160162.1825 11
160239.9588 6
160469.2791 21
160529.8233 12
160567.3033 2
160706.0529 6
160857.9228 4
161002.6228 3
161146.1370 19
161195.1523 3
161261.4106 18
161293.7893 6
161504.7533 1
161598.9147 5
161703.9713 19
161872.3542 6
161977.5038 18
162094.0958 1
162302.7770 21
162505.7416 6
162605.3403 8
162672.4179 12
162796.8133 12
162868.6488 18
163057.3089 7
163130.6597 11
163230.6955 11
163347.7737 11
163513.8439 9
163677.7037 20
163712.5120 9
163811.9801 19
163836.3591 20
163920.5593 13
164000.6447 3
164158.9998 13
164190.3801 1
164344.1025 2
164504.2131 3
164699.8807 6
164886.3213 20
165075.4006 2
165193.8100 1
165411.3245 4
165632.8325 14
165754.1716 16
165845.4541 6
166068.3426 20
166261.7285 11
166423.5222 15
166594.7723 7
166676.0809 12
166807.5244 12
166941.3943 7
167006.9586 11
167124.2660 15
167210.7126 20
167266.8476 21
167294.7396 15
167372.6655 12
167438.7048 18
167553.5887 7
167641.5281 1
167803.2750 9
167884.2176 14
168126.0919 12
168316.6156 16
168452.3005 16
168544.4958 8
168691.2064 9
168774.5630 11
168870.6451 6
169117.3306 18
169271.9758 18
169365.0380 20
169476.3279 16
169607.7702 8
169737.5776 6
169884.2874 20
169990.6251 17
170013.3007 5
170178.6099 6
170333.5092 5
170396.5244 1
170536.7901 14
170683.8208 17
170765.3055 4
170956.6362 15
171131.5695 18
171213.1400 16
171275.5677 19
171305.9530 13
171491.0005 7
171600.2865 2
171732.3927 9
171862.3657 18
172013.2066 18
172065.3203 18
172117.0533 8
172293.6710 16
172354.7248 18
172552.8178 1
172748.8495 11
172787.0773 20
172912.4939 8
173013.4182 17
173068.5675 11
173217.0897 1
173291.7367 19
173325.6353 20
173483.2909 11
173566.8761 11
173751.2309 13
173860.7009 16
173989.5753 3
174141.8644 16
174200.8270 11
174271.4629 18
174394.5192 14
174495.5268 14
174688.1316 12
174733.8228 3
174839.1986 21
174892.0445 11
174921.4135 4
175141.2657 5
175255.3422 10
175348.4864 7
175544.0945 11
175674.7772 19
175821.5159 11
175964.6267 9
176021.8926 16
176131.3591 4
176206.8594 2
176394.4953 13
176457.7904 9
176526.2061 9
176725.4369 12
176913.0631 10
177085.4057 8
177229.3053 10
177275.4943 11
177397.9109 8
177444.9512 15
177574.0779 16
177593.9027 11
177715.5703 1
177875.4590 18
177979.1250 17
178063.4713 11
178200.8048 3
178366.2677 10
178388.9060 7
178537.2587 20
178570.3971 10
178648.9254 18
178806.3671 13
178912.8912 11
179024.8985 18
179188.1996 12
179265.1774 11
179334.6141 13
179393.2093 11
179422.4480 11
179605.2780 1
179668.5650 4
179905.8214 15
180095.7271 11
180216.7686 18
180319.8355 15
180349.2797 14
180420.5223 5
180482.7558 20
180680.3249 18
180777.0932 11
180804.6057 12
180961.4097 18
181018.1084 16
181075.6321 9
181171.5613 17
181279.9222 18
181351.8759 5
181493.7112 10
181569.2883 4
181749.1716 18
181888.4643 15
182086.5634 20
182206.6498 4
182303.2785 4
182426.0538 8
182544.9106 2
182689.8906 2
182893.0026 11
182990.0011 13
183181.6944 3
183343.7966 17
183371.6703 20
183568.2775 14
183650.2154 15
183691.6799 1
183861.6657 12
184029.0278 8
184182.9176 5
184256.8799 3
184334.3980 20
184516.5655 5
184576.3873 17
184703.6728 17
184877.5867 14
185064.7082 18
185137.1841 16
185328.7008 3
185455.1099 21
185650.7707 2
185728.0604 4
185797.9790 7
185866.4287 11
185966.0316 20
186006.9310 18
186168.1482 5
186345.6048 8
186529.0888 12
186571.5188 7
186702.6300 12
186822.5038 5
187026.2102 12
187181.8329 9
187275.0452 1
187457.1772 19
187652.0319 12
187846.3542 5
187873.5699 2
188099.5684 18
188217.5713 4
188388.9644 3
188520.2551 18
188562.6248 18
188693.1294 10
188926.8986 17
189117.7883 6
189241.3833 11
189399.4878 11
189585.4469 19
189735.6519 18
189858.0780 15
189943.8232 12
190028.4887 16
190169.3147 10
190296.4977 7
190497.8541 4
190673.0522 13
190783.2024 11
190986.8608 21
191146.9217 21
191182.1881 11
191311.9850 3
191410.3873 9
191560.6497 13
191698.1645 8
191911.9329 12
192089.4037 20
192277.5176 4
192467.2086 6
192584.1311 12
192763.0877 8
192840.7534 12
192994.0638 11
193047.4849 11
193131.4223 18
193308.3500 15
193390.0818 2
193491.6103 14
193728.5472 11
193775.2569 13
193843.0261 3
194040.1060 3
194152.2790 9
194208.2960 18
194394.0842 11
194426.5462 4
194500.6331 20
194659.2066 14
194785.3396 4
194967.5604 13
195092.3271 4
195206.1400 9
195330.1228 2
195439.4665 19
195478.9096 6
195555.5062 12
195658.3376 5
195701.3394 17
195872.0384 5
196080.6790 14
196207.6760 9
196288.8274 6
196498.6610 16
196525.6088 11
196619.0638 12
196691.4148 1
196902.1253 9
197001.3816 6
197199.0754 10
197240.0885 10
197320.2946 16
197356.8042 4
197457.2905 3
197602.9321 2
197802.4039 7
197927.5526 12
198120.2327 11
198143.5303 3
198329.1970 4
198426.8554 11
198472.0452 8
198637.6780 6
198764.3177 14
198901.0945 3
198994.9311 7
199174.7559 5
199206.0050 15
199400.3611 9
199421.6064 19
199521.8098 7
199663.9599 7
199803.9278 7
199887.3300 4
200064.3074 17
200208.7876 14
200332.0262 12
200497.1855 4
200652.1353 16
200837.8232 12
201014.5110 12
201056.3792 15
201178.9701 7
201281.5754 9
201433.7487 9
201456.8094 14
201663.3384 14
201761.3856 11
201888.9668 18
202042.3733 21
202076.3868 19
202106.4179 2
202285.1735 18
202455.7747 18
202515.1256 8
202569.0330 4
202640.8455 1
202724.5351 15
202762.2515 9
202880.1568 4
202954.9857 13
203019.3189 9
203167.9626 13
203334.9240 11
203398.0733 4
203530.7716 4
203612.8936 1
203813.0686 20
203979.7024 12
204176.8866 10
204401.8332 15
204599.0146 12
204762.1372 18
204794.5474 18
204928.1737 11
205034.5164 13
205093.4955 1
205254.7039 6
205366.3398 11
205502.8769 10
205670.3912 20
205756.6394 3
205965.5523 6
206192.2684 11
206318.4493 21
206467.5583 11
206602.9878 17
206663.7843 12
206728.4567 7
206849.8104 1
206955.2636 6
207199.4869 5
207300.3910 18
207326.8099 3
207356.6710 17
207390.7296 8
207517.6767 1
207692.5599 3
207846.6478 16
207932.4725 2
208009.4874 21
208121.5691 11
208229.1938 15
208424.0311 18
208562.9829 14
208746.4208 17
208886.5923 5
209056.7997 4
209275.4471 17
209330.0339 7
209375.6047 16
209481.9218 14
209677.5182 20
209851.4705 11
210052.5832 5
210226.3339 16
210271.0563 21
210422.6794 2
210487.9861 9
210581.7086 11
210641.2101 4
210807.8368 21
210852.4220 11
210873.8074 15
210903.7344 2
211075.5712 5
211163.1824 12
211288.4506 20
