1494
8121.7512 11
8262.9030 12
8376.5754 18
8576.3105 12
8741.4351 16
8917.9676 15
8998.8198 21
9150.9259 18
9209.6447 17
9231.3284 3
9292.9089 16
9416.1599 18
9486.0487 5
9561.2193 15
9763.4274 16
9960.5300 14
10159.3623 16
10344.0670 18
10541.4985 12
10702.5451 18
10850.2845 11
10893.9395 18
10945.1500 17
11093.6779 9
11215.2808 19
11252.3787 20
11365.1092 11
11493.2505 17
11535.3664 19
11650.5612 11
11811.7327 10
11900.8811 12
12019.1647 21
12098.3481 12
12136.7149 6
12272.1673 19
12347.2427 12
12434.9772 10
12651.8568 12
12737.2304 7
12828.8133 4
13055.7203 9
13189.2082 18
13304.6471 4
13420.0925 15
13537.5290 1
13638.9345 19
13753.6643 14
13835.4606 13
13864.6048 20
13980.5643 10
14047.3029 15
14130.9184 6
14225.1493 12
14373.7220 13
14466.8570 10
14609.2930 16
14752.6777 8
14895.7821 11
14932.8178 18
15007.1317 8
15169.4523 18
15222.8279 11
15283.3466 3
15475.0035 12
15653.6777 4
15873.0204 11
16030.7965 2
16265.9999 5
16356.1593 11
16384.5827 2
16499.9240 17
16631.6985 18
16815.3855 10
16894.6118 13
16988.6064 3
17199.1750 12
17227.0711 8
17345.6473 11
17423.8857 20
17447.7497 2
17623.4509 14
17706.4875 12
17824.8654 15
18002.2051 12
18152.6804 11
18292.4669 18
18322.1329 9
18399.7156 10
18421.4519 21
18506.0603 12
18566.1904 17
18615.5272 11
18691.6624 3
18754.6402 18
18808.6108 20
18982.4121 11
19069.0267 17
19229.1510 2
19397.1173 16
19525.4363 6
19580.2669 5
19662.2277 14
19776.6395 21
19802.5832 4
19965.2761 6
20089.5627 11
20110.0344 11
20228.0036 12
20338.3997 4
20567.8178 11
20721.6796 18
20780.5264 11
20827.4990 5
20908.8791 10
20986.6377 12
21183.9967 14
21337.6626 21
21361.9695 10
21464.9163 5
21596.1466 12
21661.4695 18
21767.4833 12
21937.7327 20
22033.9784 2
22200.3341 11
22396.1443 11
22422.2773 6
22566.1591 11
22613.9748 4
22724.6521 20
22756.1262 18
22786.1100 7
22952.5352 12
23147.5032 15
23203.1970 1
23412.4499 15
23597.1677 4
23704.4801 11
23790.2966 6
23917.7675 19
24044.2149 20
24138.8126 18
24319.5565 19
24465.4470 12
24497.8005 12
24673.8170 5
24744.7853 6
24898.2171 7
25096.0071 21
25263.3547 19
25322.9289 13
25438.8814 11
25568.5571 9
25667.7661 11
25838.2746 16
25864.0690 13
26019.9766 11
26105.3034 11
26207.7925 1
26404.4221 21
26428.6933 9
26474.8414 8
26596.9450 5
26693.6263 8
26838.1871 12
27001.4602 8
27129.8954 15
27261.4231 12
27335.7654 20
27405.8350 5
27475.8468 4
27713.5551 12
27839.7177 12
27976.4193 17
28111.6620 17
28268.2860 5
28405.7648 15
28530.1454 5
28584.7782 16
28753.6874 11
28813.0486 20
28841.5420 20
28974.1089 5
29177.1509 11
29295.6007 19
29340.7186 3
29375.4191 2
29527.0444 12
29616.7932 18
29809.4237 3
29972.1771 10
30130.4859 4
30339.7178 11
30526.9165 3
30667.0568 11
30800.2310 8
30884.8109 15
30981.2955 7
31175.1627 13
31285.4749 14
31375.3434 7
31453.6159 21
31499.9136 11
31564.9695 10
31640.4467 11
31708.1145 11
31840.8753 8
32069.5605 2
32178.6248 1
32231.9543 8
32441.6570 6
32606.6632 8
32727.8841 12
32745.6425 9
32935.0281 9
33051.5760 4
33119.6279 12
33258.2876 18
33321.1161 8
33455.2914 6
33651.5347 2
33867.4877 19
33899.1902 12
33942.1990 1
34012.3949 12
34080.8835 2
34268.6267 11
34345.8965 18
34407.6584 15
34582.7314 16
34752.1970 12
34892.4538 20
35075.1311 5
35197.6954 1
35304.5512 1
35341.5245 1
35383.8181 21
35464.0072 19
35485.1814 15
35653.2339 18
35693.3584 4
35857.3742 12
35888.3607 13
36083.6202 20
36147.3213 14
36330.8290 8
36487.7441 5
36563.1921 12
36633.3741 5
36700.0323 4
36755.0015 16
36948.6422 9
36968.7539 16
37115.6584 11
37234.6756 19
37423.2914 17
37443.3167 5
37612.9594 2
37790.4406 6
38023.9428 5
38121.3644 18
38149.8993 19
38190.6327 10
38372.1869 13
38419.2632 14
38559.3356 9
38615.1663 12
38761.6291 11
38859.5219 11
38990.3644 3
39076.3084 2
39267.9019 20
39466.6398 18
39589.1635 11
39770.2211 11
39966.0422 12
39991.8882 12
40057.3357 16
40234.9204 12
40357.9342 2
40456.4442 11
40618.3783 15
40800.8100 21
40844.9268 11
40988.9811 1
41067.9658 10
41229.4024 16
41324.5530 20
41455.4093 10
41490.6946 11
41542.8802 18
41731.7974 16
41803.9858 13
41895.8247 19
41948.3161 3
42037.1067 19
42200.7482 18
42310.7346 16
42490.3880 7
42519.2316 17
42711.3847 21
42879.4955 4
43087.4835 10
43283.8930 2
43375.8474 14
43524.0202 14
43718.1724 2
43827.4137 15
43917.5851 15
43964.3073 7
44019.7895 11
44198.2052 20
44368.1436 11
44504.5251 13
44609.3890 5
44729.8853 15
44824.4754 11
44957.3421 10
45114.9090 19
45278.0623 5
45484.2802 21
45652.3469 11
45765.2421 20
45868.1953 21
46045.9104 12
46100.2459 11
46198.2618 9
46299.3793 11
46415.0791 12
46457.8822 16
46491.0375 8
46598.3998 9
46627.0863 12
46683.4768 5
46739.6812 12
46929.4432 2
47081.0449 20
47229.4685 11
47375.9874 11
47546.6520 20
47747.2329 18
47793.1885 11
47949.3977 12
48100.1109 7
48139.9932 21
48264.8727 11
48319.1791 1
48446.8840 17
48556.1815 9
48746.2955 6
48895.7482 3
48928.1459 13
48957.6314 21
49028.1884 11
49125.3709 19
49176.8705 20
49321.9097 13
49518.2439 16
49590.4750 17
49716.5296 18
49821.6047 17
49904.5298 1
50120.7133 8
50208.5459 18
50250.2106 20
50329.4615 12
50396.8676 14
50615.4545 21
50765.7078 7
50890.4464 19
51072.1631 12
51145.5428 17
51345.2160 16
51541.1287 4
51752.4676 11
51833.2007 11
51967.8298 11
52033.2812 14
52120.5654 9
52269.3370 7
52350.3394 17
52434.7801 6
52652.1211 18
52694.5914 19
52790.3441 6
53021.8478 18
53091.3171 2
53176.1716 19
53369.7497 12
53510.3035 17
53711.3290 11
53855.7580 15
54035.7641 12
54147.7465 11
54247.8434 9
54396.0611 8
54533.5341 17
54728.1885 3
54939.1096 12
55005.5373 9
55175.3254 4
55375.6620 6
55467.3275 4
55599.8266 14
55683.7313 11
55828.1257 5
55984.8646 18
56055.6925 13
56092.2997 16
56247.9748 9
56299.5004 7
56405.4330 13
56478.8927 19
56587.6618 11
56743.6066 8
56917.8669 7
57113.8404 6
57198.8182 8
57292.9760 11
57401.9117 3
57530.2642 18
57576.6866 18
57686.7847 21
57743.6952 14
57813.9392 1
57954.3620 11
58116.5075 18
58156.5913 10
58316.1256 4
58397.8123 7
58592.5513 12
58734.1917 10
58923.8778 9
58956.7023 3
59165.9451 15
59349.0616 5
59510.7267 18
59560.7143 17
59657.2882 20
59705.9014 6
59797.9233 15
59835.9168 18
60031.1467 6
60223.3760 13
60364.2273 13
60521.4483 11
60553.5240 4
60647.5143 3
60772.3222 4
60846.9667 18
60896.8635 18
60929.1289 14
61075.8219 11
61218.5957 9
61312.4999 13
61436.5650 11
61581.0296 20
61693.7857 1
61875.9616 18
62009.3330 9
62149.5415 17
62321.9213 9
62423.3320 19
62480.1593 15
62642.8557 18
62683.9572 16
62841.6770 16
62877.9048 17
63031.6105 20
63207.7119 18
63264.6619 11
63311.3373 4
63387.0708 11
63459.0866 16
63648.1211 15
63824.6464 13
63911.5634 11
63972.5182 6
64063.4318 19
64165.3157 12
64265.3060 3
64464.8377 16
64622.5799 10
64805.0891 10
64973.7492 19
65057.8716 18
65172.3818 18
65369.6721 13
65530.3276 8
65618.0018 2
65707.2091 6
65820.6885 18
66017.4389 11
66086.4795 18
66102.7063 11
66153.8207 17
66336.7782 1
66392.7278 9
66431.5725 10
66611.6958 4
66833.8867 19
67008.5287 4
67082.7233 18
67206.8109 19
67275.3390 11
67395.1782 1
67466.6377 1
67569.2041 9
67676.5249 15
67763.0407 15
67822.4083 1
68031.3178 19
68143.3012 13
68177.7627 5
68263.7696 10
68306.4813 5
68431.6183 3
68616.9723 18
68686.4647 16
68757.1916 18
68899.3425 13
68993.5260 12
69137.6393 11
69254.7602 7
69426.3081 4
69509.2442 13
69698.3283 12
69721.2935 10
69809.7240 3
69844.9458 1
70042.5687 20
70225.4437 11
70266.8471 4
70319.2890 6
70449.9755 9
70561.5941 12
70641.9726 12
70759.1264 13
70920.0721 12
70982.5606 13
71190.0160 2
71356.9918 18
71538.8309 1
71735.3329 8
71842.3422 4
72039.9984 18
72185.2641 12
72250.4971 9
72299.1472 12
72497.8635 15
72536.4632 17
72602.1790 11
72629.5976 16
72735.7166 10
72919.9633 8
72997.6258 13
73068.9243 6
73144.4827 1
73198.4267 5
73327.1124 6
73391.5408 1
73490.7242 2
73636.8566 15
73789.0709 12
73939.9425 5
73979.9340 1
74046.2458 21
74146.9820 5
74199.5309 10
74251.7359 6
74452.3629 11
74508.1665 2
74579.5546 9
74683.0578 4
74816.8944 17
75012.7728 12
75143.3303 19
75193.2754 1
75341.6092 6
75508.4208 13
75662.9442 5
75765.5839 19
75903.5631 11
76043.4359 18
76076.0021 7
76150.7539 9
76351.8638 18
76533.7883 18
76626.8432 13
76712.5213 13
76809.0986 1
76934.2796 8
77096.2951 11
77243.9225 4
77435.6116 20
77612.4700 2
77798.9369 3
77917.5906 17
78065.2002 5
78218.4700 6
78447.5690 7
78629.4575 1
78750.0900 13
78941.0329 18
79056.4952 15
79210.5103 10
79377.1989 6
79423.8329 8
79620.3853 18
79810.9167 15
79882.8935 11
80066.2148 9
80130.8008 17
80271.3497 11
80380.5652 19
80570.4873 12
80615.1766 5
80775.3713 21
80883.0292 2
81061.0158 8
81204.6516 7
81252.4631 10
81439.5968 3
81625.9420 13
81703.9666 11
81857.8139 11
82014.0629 12
82149.4224 18
82194.8723 10
82424.7473 11
82574.8856 21
82776.0189 11
82868.7461 5
82985.9517 4
83106.8644 2
83265.2733 16
83323.5192 3
83509.7683 8
83705.7748 18
83823.2500 19
83948.4639 6
84185.5917 3
84279.1290 18
84434.0425 3
84621.9273 19
84692.0984 4
84766.1427 1
84891.4226 8
85042.0123 19
85077.9414 11
85220.5140 10
85329.5712 5
85407.5945 15
85545.7896 10
85674.0862 5
85773.6154 7
85809.5723 11
85952.4119 1
86026.4059 20
86127.0038 9
86250.1016 18
86315.5774 16
86478.4452 12
86523.0252 11
86580.9666 7
86700.7521 18
86744.9847 12
86867.4897 12
87060.5316 5
87151.1942 11
87248.3778 5
87331.7535 2
87517.2003 10
87638.6990 1
87834.0731 4
87920.2171 15
88008.3412 11
88170.3850 12
88348.3320 9
88468.2928 9
88586.2658 9
88734.6910 15
88922.1765 11
89062.8150 14
89181.1799 21
89252.1100 11
89451.5749 11
89596.4784 18
89771.5947 17
89959.9273 6
90050.0244 1
90163.3480 18
90251.0543 7
90397.5463 15
90492.1730 11
90572.9645 12
90606.3595 11
90804.1094 12
90957.5923 1
91175.7777 11
91270.1413 19
91294.1126 17
91317.3763 1
91469.7793 14
91630.5768 18
91771.1209 14
91933.1651 21
92139.0797 6
92202.9687 21
92392.5847 12
92589.0364 12
92780.7456 12
92901.6997 1
92941.6557 17
93081.7489 19
93269.5150 14
93407.8731 9
93565.7687 18
93584.4115 11
93687.9116 4
93901.3211 20
94094.2731 14
94199.1653 11
94331.6871 2
94474.4850 3
94505.7031 2
94592.8897 18
94732.4157 11
94838.6850 21
94988.6417 16
95175.6000 17
95214.5281 20
95235.6323 2
95488.6315 3
95564.1433 19
95670.0144 16
95789.6918 6
95889.2058 11
95942.1281 4
96120.3398 10
96222.7208 11
96374.5536 4
96587.9535 17
96788.7813 17
96859.4837 15
96977.2424 16
97062.5027 21
97151.8925 11
97216.5660 17
97266.4023 10
97358.3024 3
97539.7764 20
97706.3017 12
97908.9053 21
98050.8542 9
98223.1316 4
98445.0344 11
98632.2336 14
98767.5980 1
98851.4224 4
99077.2664 4
99206.6790 10
99250.6945 18
99395.8683 18
99470.7469 9
99565.5126 19
99717.6092 12
99765.3606 11
99934.4977 2
100040.1952 11
100184.8273 3
100216.9919 16
100316.0152 3
100388.0825 11
100569.3254 2
100703.3105 13
100894.2034 13
100990.3941 21
101026.8917 19
101151.7549 3
101253.3669 10
101454.5952 11
101541.8512 1
101582.1613 2
101806.9090 7
101956.7266 4
102209.6369 15
102343.4963 18
102529.7544 3
102652.9282 8
102865.0979 6
103030.4280 12
103222.7714 1
103343.3314 10
103544.1246 18
103617.0032 14
103803.9466 2
103998.2414 15
104147.5046 20
104208.4649 18
104263.3016 9
104406.9077 7
104498.2295 6
104619.3671 12
104704.2512 12
104742.7712 12
104934.6814 21
104994.4863 11
105099.9651 10
105275.4176 4
105389.8356 19
105453.5511 18
105497.6893 13
105555.3021 13
105624.2413 11
105777.1125 6
105990.2838 2
106141.4507 10
106230.2312 9
106404.7154 11
106601.1480 7
106719.9484 1
106791.5505 2
106918.0143 13
107043.2210 13
107123.1911 12
107168.3648 6
107268.6660 18
107338.4826 11
107492.7131 13
107617.9807 14
107833.4955 13
108036.8468 3
108148.4437 18
108194.4328 19
108354.0220 7
108412.3963 11
108492.7205 12
108676.4480 3
108745.1179 4
108919.8904 11
108945.3196 10
109027.2835 10
109261.4117 5
109357.5710 16
109462.8284 11
109647.0211 7
109773.8265 4
109874.9308 8
110080.2525 5
110290.3740 18
110472.2943 18
110608.7123 11
110773.8492 21
110913.1276 9
111094.6675 14
111239.5893 3
111303.2365 21
111502.7532 8
111672.3930 2
111853.8570 21
111919.5669 16
111966.9931 11
112102.8898 18
112189.7459 4
112274.8944 18
112395.8902 7
112423.4855 18
112529.1529 3
112739.3576 12
112914.6195 10
113117.4991 12
113204.3118 9
113265.5899 12
113364.5070 11
113411.4480 18
113509.4285 5
113551.8546 18
113634.6378 16
113707.4070 2
113957.4067 5
114145.9215 2
114291.0606 14
114383.1624 5
114485.6994 1
114608.5464 1
114816.1660 12
114868.6785 18
114931.6511 7
115002.6041 4
115074.6921 13
115194.0548 13
115304.7482 5
115399.4013 13
115557.2028 5
115722.6342 20
115860.1504 1
116024.0804 12
116137.3671 13
116166.4491 8
116375.8400 12
116410.1648 2
116579.2697 12
116640.9688 2
116867.4759 17
117010.1385 11
117047.3130 21
117074.0097 13
117250.2186 13
117427.4789 21
117614.8246 8
117714.1167 15
117813.0550 8
117938.5688 15
118107.6473 12
118307.3650 7
118398.3774 2
118543.9336 2
118730.1832 15
118866.8584 12
119038.0678 6
119258.9632 21
119429.6143 11
119605.6787 14
119799.6223 1
119835.1531 20
119983.3196 11
120149.6025 17
120351.8244 9
120408.3684 18
120577.7276 5
120636.1635 18
120786.3036 20
120878.6710 2
121046.1588 17
121131.3067 9
121175.7492 18
121260.4967 1
121406.8566 19
121530.3915 11
121553.2104 19
121582.1198 11
121703.7829 15
121876.5632 11
121916.8224 5
121955.2993 4
122099.3711 13
122182.2027 4
122257.0493 12
122318.4466 4
122509.8943 14
122578.9401 21
122767.6508 3
122850.7509 1
122969.4284 10
123152.1426 12
123197.5146 5
123302.0725 15
123406.1095 2
123485.4809 21
123582.6682 11
123718.5761 5
123756.4829 18
123852.9980 8
123932.1252 15
124067.3914 12
124112.2826 9
124145.8588 6
124234.2694 2
124439.1842 7
124512.8930 10
124674.5138 5
124875.9650 12
125052.1289 17
125251.6784 10
125282.6473 20
125463.3958 21
125538.6468 3
125730.5391 11
125841.8413 12
125895.3052 12
125961.7890 3
126030.0631 8
126080.4823 12
126250.5781 15
126401.7634 5
126572.2120 7
126648.3512 14
126860.0277 15
127062.1902 3
127153.9170 4
127289.5942 12
127340.7534 20
127360.5292 18
127420.2526 12
127443.1418 11
127499.0211 12
127551.9704 15
127672.6920 15
127761.4948 5
127879.3847 5
128002.4109 12
128102.8289 11
128241.7704 9
128440.1959 17
128515.2918 15
128650.2260 1
128837.7847 6
129049.7195 5
129106.3962 20
129192.4166 10
129327.2516 11
129397.4711 7
129533.8410 2
129754.1661 19
129816.5978 14
129881.3570 17
130014.5051 18
130059.9300 19
130183.2186 18
130283.7301 2
130466.6189 4
130670.9834 11
130726.4129 8
130934.7119 3
131055.1643 20
131214.0581 1
131402.6180 15
131606.4458 12
131647.2897 6
131755.5158 18
131790.2519 17
131958.5755 12
132022.7412 16
132059.0731 11
132112.0932 11
132170.7557 11
132312.8154 14
132507.2262 9
132646.5767 19
132845.4420 11
132883.1987 12
133049.8302 10
133152.5962 21
133267.6839 4
133518.7015 12
133568.9659 5
133679.6875 10
133792.3139 18
133953.9241 4
134101.6705 12
134265.1909 13
134452.0937 17
134556.2573 11
134667.7576 7
134718.5417 6
134811.7878 15
135000.7720 7
135131.7316 15
135183.9413 13
135242.2294 6
135400.7098 4
135486.6546 17
135554.0973 11
135609.4641 3
135672.8499 11
135835.2765 11
135910.3144 20
136094.4282 1
136263.3393 5
136440.2927 18
136553.1705 11
136710.4526 12
136746.9198 18
136875.0778 18
137071.9733 16
137189.3940 18
137231.3368 11
137382.5985 12
137570.7916 6
137767.1560 1
137854.4864 7
137974.4693 11
138135.9368 18
138276.3069 15
138350.8899 12
138418.3186 12
138578.3453 19
138714.8199 21
138751.1558 6
138994.6501 16
139038.6309 14
139141.6034 1
139291.3295 19
139406.5147 17
139477.5168 6
139561.6208 14
139793.3726 9
139868.2338 12
140000.3490 1
140136.8538 10
140214.5777 17
140307.7148 11
140410.0519 7
140557.8520 18
140702.0839 1
140898.9483 6
140986.9588 8
141208.4474 3
141303.6152 18
141505.2733 5
141673.3765 3
141865.2532 6
142011.6511 16
142095.3380 12
142116.8519 6
142269.5931 15
142316.4290 12
142346.6215 13
142431.9960 12
142551.3111 19
142622.4588 9
142813.5073 5
142927.3688 12
143060.6395 16
143213.1066 10
143281.7409 11
143385.1388 8
143508.9238 5
143607.7874 12
143747.6485 1
143800.6149 14
143892.0925 5
144089.4116 4
144233.3316 13
144437.1027 14
144588.1002 15
144694.9671 18
144742.7416 1
144844.9349 9
144877.1350 12
145038.0465 15
145102.0675 11
145186.1414 18
145358.9469 3
145449.6654 12
145496.1996 7
145519.9372 16
145559.4240 18
145711.0050 17
145794.8780 20
145818.5902 11
145838.8012 11
145910.4409 16
146059.2675 8
146112.2493 7
146201.6505 6
146388.9182 9
146572.2571 12
146774.1521 3
146943.8876 2
147058.7473 11
147085.6217 21
147212.7775 8
147445.6313 9
147603.0857 6
147772.8743 15
147828.5525 11
147888.1545 2
148119.1216 17
148281.8378 3
148314.1966 18
148505.5069 8
148590.7343 8
148814.0530 10
148967.5464 13
149046.9198 15
149104.7605 8
149335.5729 9
149500.5657 12
149610.4240 15
149662.6067 14
149896.1580 7
149980.5067 6
150171.8099 16
150316.3788 12
150456.0571 3
150580.2181 7
150644.5565 14
150828.1865 6
150922.0426 18
151092.2300 20
151194.6936 14
151265.0255 6
151320.4945 20
151515.7781 15
151619.3758 8
151797.8707 9
151815.8766 11
151985.4078 6
152129.9405 15
152301.1661 7
152345.4617 17
152381.6560 11
152436.7397 7
152532.7853 5
152654.0977 11
152853.7738 9
152974.2116 19
153006.5849 21
153108.1378 10
153164.2625 11
153338.1939 11
153459.7216 11
153577.4518 11
153667.6714 8
153770.1498 1
153925.3435 1
153994.8063 10
154101.0232 2
154350.1981 21
154453.2064 11
154523.3887 16
154574.0750 11
154746.3935 10
154946.9569 2
155095.6663 2
155242.4419 5
155310.0193 9
155362.5635 11
155474.8249 15
155557.6594 4
155799.4244 11
155819.9341 21
155895.5460 13
155957.1963 8
156128.5312 13
156267.5055 21
156355.9625 3
156480.1563 14
156643.2300 12
156769.8762 12
156817.3618 15
157014.6641 12
157190.5632 14
157267.1233 11
157436.6997 5
157564.3852 12
157607.5345 10
157752.7787 18
157932.5676 15
158047.6488 14
158162.4877 17
158248.9991 7
158393.5547 3
158526.2318 21
158567.2897 16
158744.7285 12
158932.8558 18
159118.4380 15
159293.7959 18
159437.3463 16
159563.6795 12
159655.9077 13
159704.9758 13
159858.2430 8
160012.9616 7
160077.6961 16
160258.0858 8
160446.8602 10
160538.8413 2
160625.7043 5
160780.1100 19
160824.2217 9
160879.2660 20
161029.1618 11
161080.2468 16
161205.6204 18
161294.4941 2
161362.3506 13
161398.1847 2
161596.6017 21
161728.3903 8
161913.8983 12
162103.8350 12
162299.1736 14
162483.8620 14
162641.8252 5
162847.9145 13
163008.5935 6
163202.7943 13
163343.7372 7
163498.3507 18
163516.1318 18
163557.5905 15
163669.6819 8
163789.1571 11
163933.8976 14
164062.0095 13
164136.7122 11
164265.8409 15
164343.2853 8
164538.1909 8
164706.3286 18
164815.3944 11
164909.1650 10
165037.1929 8
165272.3759 1
165364.0185 18
165387.2213 17
165588.6848 10
165751.0584 13
165924.3079 12
165996.6638 8
166205.1568 5
166252.7320 1
166459.6034 12
166484.3687 10
166672.5097 11
166792.7103 5
166942.5987 14
167026.6260 10
167171.2866 12
167267.0797 2
167421.0768 18
167450.7151 11
167469.7646 12
167544.9893 3
167739.3094 14
167908.9708 16
168084.4026 13
168177.0567 15
168297.7294 19
168416.5806 18
168481.5739 11
168578.8248 9
168698.6503 9
168895.3885 18
168919.0272 13
169062.7684 17
169212.4979 21
169314.4671 8
169371.0473 4
169509.7162 9
169712.5899 6
169909.4191 6
170089.4538 11
170271.9055 11
170343.4042 11
170446.1115 11
170506.2803 1
170687.8856 11
170724.8771 6
170793.9810 11
170976.7924 18
171064.5693 5
171181.4598 5
171355.1556 6
171507.8023 10
171601.8445 12
171749.0467 12
171879.6819 19
172039.3889 5
172240.3161 9
172332.9419 21
172522.9240 6
172672.3533 5
172716.8060 15
172800.6729 7
172965.0738 7
173132.9681 12
173221.0853 1
173431.6941 6
173497.5685 2
173619.3611 8
173704.7886 12
173831.6678 9
173849.9375 8
173903.0495 9
173979.5884 3
174078.5004 21
174239.0306 18
174276.9295 15
174410.7006 18
174428.5883 4
174627.3428 7
174740.0623 8
174864.8224 20
174884.7667 15
175009.2329 4
175154.8300 19
175261.7404 12
175296.1786 14
175525.8694 4
175668.7570 2
175823.9458 7
175941.5266 4
176124.7903 9
176197.9938 11
176239.5177 18
176293.5474 4
176346.8472 16
176421.4837 15
176499.3972 12
176592.7970 12
176776.0367 18
176935.3689 19
177042.6917 18
177233.7624 21
177359.0173 12
177449.6208 11
177509.5961 20
177567.6996 4
177723.6439 5
177795.4383 6
177886.2591 10
177960.9033 20
178110.9480 16
178186.2730 5
178387.8637 10
178558.3476 18
178695.7177 12
178857.7797 11
178888.7491 17
178916.8622 1
179107.5775 19
179192.1549 11
179371.3674 20
179491.4901 13
179650.1382 10
179846.9489 18
180003.8079 14
180202.2890 1
180271.6076 12
180327.3265 8
180449.8225 20
180581.1988 7
180778.6691 12
180914.2022 15
181076.1541 18
181183.6251 14
181322.5591 2
181390.9102 4
181615.1053 11
181687.4661 10
181876.3703 9
181898.0234 1
182053.6534 18
182232.9605 12
182359.0439 7
182433.9790 12
182635.1326 15
182690.0093 12
182708.9980 4
182771.9332 9
182931.7119 5
183108.3614 12
183250.7378 12
183449.8163 18
183636.5080 11
183694.8244 12
183793.3296 3
183921.3038 10
183968.0924 11
184147.1116 17
184196.1685 10
184244.7170 19
184353.7468 3
184508.4960 3
184699.0487 8
184779.2352 3
184844.7326 10
184948.2335 3
185132.9062 18
185301.4867 10
185528.4053 5
185692.9972 8
185789.8166 3
185992.5461 14
186165.5126 11
186315.5447 17
186373.8151 4
186467.4460 16
186562.8191 18
186761.1026 6
186840.7200 17
186993.4133 17
187172.9744 6
187306.6222 16
187509.1782 9
187616.0157 6
187700.5945 18
187866.2211 5
