1494
39052.2767 5
39155.4767 7
39309.3022 18
39336.9901 12
39402.6803 6
39557.3419 11
39656.1083 3
39854.7735 10
40048.0556 9
40104.8898 16
40130.2896 12
40331.9922 5
40390.7257 15
40445.4383 6
40669.7960 13
40812.9012 2
40999.6899 13
41088.0021 9
41256.8246 7
41387.1785 7
41549.3103 8
41764.6817 4
41895.4395 9
41971.8728 14
42115.1771 4
42213.9488 14
42407.4293 2
42509.5841 17
42564.3583 7
42713.3362 1
42803.3948 12
42921.4089 11
43029.1518 14
43142.6557 21
43189.7122 18
43383.4005 21
43500.6781 13
43611.7499 10
43796.1035 16
43848.7897 20
44014.3070 1
44051.6289 13
44244.6225 1
44356.3231 11
44541.1665 2
44738.9688 14
44954.1884 12
44982.9312 21
45061.6084 4
45265.7932 14
45422.7167 15
45577.4778 11
45611.7973 13
45691.3225 18
45826.9145 6
45888.0963 16
45992.1624 12
46074.5410 4
46198.7824 18
46315.0279 20
46379.7758 17
46449.8939 21
46616.8609 1
46811.0117 11
46934.3370 10
47120.2403 3
47222.0788 6
47450.6671 14
47561.7328 5
47643.3011 19
47748.4685 18
47864.5302 17
48044.6261 11
48224.9085 15
48253.2681 12
48306.1441 6
48363.9839 7
48545.8239 20
48684.7743 20
48831.1795 8
49016.7985 14
49196.2080 7
49352.4396 18
49400.4684 14
49628.2201 9
49650.0695 11
49675.3507 11
49770.1497 11
49887.7318 12
50068.9932 6
50225.9549 11
50375.5259 20
50567.9535 8
50745.5683 7
50777.1019 14
50884.2269 11
50922.8987 8
51075.2346 8
51302.1685 1
51407.0986 15
51429.7972 6
51499.8653 18
51680.4261 1
51781.9246 16
51910.3433 18
52058.9228 18
52122.0619 2
52335.2090 12
52499.4091 15
52659.4916 5
52771.8964 12
52967.7418 17
53059.5921 2
53182.1949 12
53272.1758 4
53385.9496 13
53479.8385 3
53587.2776 11
53675.8282 10
53708.4940 19
53911.5031 13
54058.3660 18
54157.4184 7
54306.0298 20
54388.6386 13
54561.6709 4
54756.2848 2
54950.6024 17
55032.8570 1
55173.0303 12
55322.3224 11
55419.7906 12
55444.5989 7
55619.0839 12
55717.1780 11
55795.2569 4
56009.9676 19
56099.4966 6
56255.0247 4
56433.9930 15
56568.2197 6
56653.4727 5
56817.4940 11
56838.9957 17
56876.3701 6
57083.9317 17
57203.4605 1
57313.6299 15
57495.7318 12
57527.1595 10
57711.7716 8
57848.9760 6
58086.5668 15
58218.4091 2
58352.2986 15
58382.7395 11
58447.5368 19
58616.8647 8
58825.5404 6
58882.1250 20
58989.2823 9
59122.0661 15
59174.2582 8
59254.3375 11
59292.4304 11
59417.2247 20
59445.9971 12
59568.9241 21
59651.4013 12
59827.1030 11
59937.7350 15
60019.2089 7
60036.2982 10
60191.4638 13
60238.1325 15
60405.3297 11
60595.9685 13
60714.1805 9
60837.0501 7
61021.1778 18
61077.1903 19
61179.1622 12
61227.8962 18
61362.1125 2
61458.1647 6
61699.6628 7
61852.0141 11
61985.1940 6
62150.5595 12
62216.3091 6
62312.3760 11
62383.1335 11
62585.9596 18
62771.9911 18
62824.3592 21
62964.3310 11
63158.7779 18
63210.2151 20
63404.4678 5
63487.9230 9
63545.5561 6
63777.1589 4
63881.0542 1
64019.3764 15
64135.6836 9
64305.2884 15
64464.6489 3
64597.0472 19
64753.0100 8
64910.5534 20
65010.7763 11
65099.3370 11
65227.6727 19
65274.9563 1
65425.0732 11
65627.8774 5
65831.9670 11
65921.0070 12
66059.3203 12
66106.3090 18
66182.8791 12
66215.2806 20
66395.6181 12
66415.3609 5
66607.8590 2
66812.5875 5
66879.3427 19
67076.1959 10
67236.6778 4
67380.6611 20
67484.4377 16
67661.7572 5
67727.2607 18
67749.7735 16
67878.0946 4
68115.4741 16
68187.6897 10
68332.7914 1
68509.7772 5
68676.5387 19
68768.1047 11
68807.8440 12
68895.4604 14
69096.3628 21
69296.4059 12
69349.7017 20
69426.5410 12
69487.9159 16
69580.2371 20
69652.9835 19
69747.2712 11
69874.2305 4
69943.7881 12
70042.7263 16
70144.7046 7
70234.3659 8
70377.5264 10
70419.3910 4
70628.2383 10
70780.0546 11
70836.6526 15
70944.3721 18
70961.4233 20
71119.3924 20
71305.0843 19
71487.7039 2
71639.5049 18
71834.8779 9
71910.7658 8
72110.4797 21
72209.7614 8
72362.8621 20
72509.2117 14
72729.3330 11
72892.0239 14
73055.7037 11
73170.6608 12
73202.2428 6
73274.2867 18
73305.4163 11
73412.1758 11
73554.7788 18
73680.8882 17
73848.7850 6
74021.9444 3
74182.7402 5
74298.4071 11
74484.5214 6
74690.0280 11
74888.6677 6
75036.3097 4
75103.6024 6
75280.0531 6
75375.1783 11
75434.0901 12
75494.8508 12
75664.7761 4
75804.3771 16
75884.0536 15
76081.9468 17
76261.6615 11
76414.1997 12
76568.3520 14
76714.6864 16
76812.9350 11
76944.0660 20
77058.6347 21
77089.8966 6
77225.1670 16
77390.4098 15
77472.2705 8
77571.3387 6
77670.1338 21
77767.4739 8
77907.6167 19
78064.9766 12
78232.0435 18
78369.3605 12
78456.4043 10
78623.8545 1
78812.4373 14
78925.9751 16
79092.8771 5
79207.7002 15
79274.1794 5
79408.1633 15
79457.6832 19
79646.7684 11
79692.5158 13
79879.1390 10
80002.8970 17
80194.5417 11
80336.5832 14
80495.0125 4
80599.1398 14
80784.1584 14
80966.8045 19
80995.0254 14
81104.3638 7
81205.1414 15
81403.5303 8
81495.3248 7
81515.5365 14
81604.5430 2
81808.4445 19
81886.6010 18
82062.3309 12
82162.3232 19
82186.7504 17
82285.9275 1
82442.9109 17
82562.7253 6
82685.3916 8
82872.8669 1
82971.4173 11
83167.5427 1
83333.5113 20
83396.7043 2
83464.7317 12
83631.7887 12
83679.5519 18
83831.9332 12
84030.2384 13
84090.7670 12
84166.7820 9
84278.5777 11
84359.1251 9
84452.5264 9
84521.0435 15
84627.2941 20
84783.5848 12
84840.7736 17
84880.3802 1
85006.8183 1
85165.5897 10
85359.4942 7
85496.5445 1
85544.3798 20
85631.5846 8
85854.5363 6
85973.9328 4
86094.0986 12
86233.0572 12
86421.4827 4
86552.5446 11
86739.4754 14
86866.7211 5
87052.5889 15
87115.0725 5
87315.8639 4
87538.1707 2
87675.6544 18
87761.6678 9
87935.2593 14
88170.0481 11
88372.6251 17
88401.7219 11
88474.3234 14
88601.6443 8
88679.3362 21
88816.7528 4
89013.7468 11
89081.7386 11
89272.1917 2
89431.9176 10
89615.1600 8
89732.8820 18
89774.1162 18
89967.5725 18
90019.6849 1
90085.8110 14
90230.7200 15
90286.2763 9
90471.0225 16
90538.0564 9
90732.9441 15
90779.7349 20
90816.3020 3
91002.5971 11
91164.2994 12
91309.6673 14
91350.6020 18
91531.5520 11
91716.0187 10
91842.2158 12
91967.7948 2
92092.0242 6
92185.9217 16
92263.2184 6
92402.5272 6
92622.9344 12
92772.6799 21
92938.1679 11
92961.5400 11
93115.4387 7
93208.0216 14
93291.2517 13
93341.2193 14
93583.3892 11
93731.2304 18
93894.1650 13
94061.5360 4
94209.8957 8
94418.8203 7
94539.5631 18
94698.4853 11
94758.5800 18
94810.1410 11
94828.7877 21
94851.6103 6
95011.1701 4
95075.2721 16
95270.2024 8
95330.6715 9
95405.2949 12
95440.3305 2
95635.9306 11
95824.5024 2
95906.7129 7
96090.3671 11
96246.0160 16
96281.5876 12
96323.6562 6
96400.2624 1
96464.7789 11
96572.7146 2
96691.4288 18
96794.2062 7
96972.1537 4
97143.6424 18
97182.3049 9
97244.1032 13
97349.3513 12
97428.6602 3
97642.1170 12
97825.1729 13
97936.7988 16
98089.8463 11
98165.1490 21
98267.0831 6
98450.4420 13
98635.3329 12
98796.1658 9
98819.3786 21
98999.8788 12
99137.6243 6
99303.3291 12
99400.0157 13
99522.8539 15
99571.1696 11
99751.0437 11
99810.4249 14
99950.7099 11
100042.4041 2
100164.0545 2
100266.0499 11
100352.1531 14
100481.6826 6
100628.7913 11
100706.4827 14
100811.3385 6
100921.0472 12
100977.1035 12
101020.0329 17
101087.5740 19
101275.3891 9
101348.6101 11
101463.2156 18
101606.7964 17
101661.7387 15
101828.9367 12
101965.8811 10
102149.2070 10
102280.9285 2
102401.8386 16
102505.2476 12
102566.4589 8
102720.2671 16
102827.0909 6
102960.4265 5
103061.6035 5
103127.9113 8
103351.2649 11
103416.7160 20
103556.3676 16
103667.0547 7
103715.0845 2
103838.8712 4
104048.1055 6
104120.3250 20
104296.3718 6
104506.9242 11
104674.0523 7
104862.7764 15
105028.7174 5
105163.0568 1
105318.3069 7
105386.0253 17
105495.5504 12
105612.5225 19
105769.3054 5
105964.6689 6
106019.3338 2
106226.2413 8
106321.6454 18
106419.2483 3
106548.3563 3
106743.6319 16
106865.6580 21
107033.2765 16
107059.5333 20
107260.0673 17
107319.5926 17
107357.2492 20
107514.6371 12
107716.4792 11
107772.5383 21
107960.6383 9
108106.7347 3
108147.2345 17
108216.7666 13
108420.0254 16
108564.2879 8
108667.9234 20
108747.3612 13
108914.0826 18
108965.1967 2
109197.3402 12
109391.3240 11
109474.3446 7
109635.7834 16
109754.7200 14
109876.5932 1
110066.2591 12
110107.9052 8
110266.7175 12
110455.6899 3
110616.1904 4
110685.5797 10
110909.3409 11
110998.0173 7
111120.9945 6
111239.8424 17
111290.4629 11
111455.0680 12
111610.4175 6
111832.2054 10
111963.8036 13
112032.5238 13
112212.1903 13
112368.2831 18
112511.2373 4
112688.3432 10
112776.2305 18
112862.2901 5
113006.7353 9
113034.3791 17
113124.3453 10
113194.5844 18
113259.6491 15
113342.7928 1
113386.8594 11
113444.5606 2
113678.4523 18
113739.6754 8
113877.3775 12
114066.7763 7
114153.0433 2
114255.8769 11
114376.9779 13
114572.3646 4
114668.0713 4
114764.5685 21
114852.1493 11
115007.4263 2
115221.6032 6
115384.2983 14
115457.4982 16
115652.6848 13
115772.2493 20
115969.3653 11
116156.8818 12
116317.1156 11
116505.3771 12
116630.3810 17
116826.4478 11
116878.4773 3
117040.7825 6
117185.2475 11
117298.2542 18
117349.0686 18
117416.4988 16
117517.3932 11
117601.4019 3
117670.6497 12
117818.8148 16
117874.0542 20
117903.3024 13
117941.2273 14
118019.7611 5
118197.2903 6
118305.2436 13
118493.9354 14
118649.7689 6
118714.0284 11
118825.2739 18
118938.6346 10
119138.6252 10
119211.8570 12
119335.6343 5
119445.6834 21
119507.8131 21
119687.2903 12
119761.8933 12
119911.2143 18
120060.2327 6
120289.8101 5
120343.1438 12
120431.1813 12
120602.6099 15
120626.2302 4
120798.4246 8
120829.5013 7
120880.4574 15
121077.5522 9
121236.0853 19
121264.7969 8
121357.3692 8
121395.4666 12
121468.6965 16
121573.5662 14
121777.2764 15
121952.1065 11
122090.0426 18
122218.2559 16
122316.7026 19
122387.5297 18
122492.4469 13
122579.3554 18
122711.3964 19
122865.1410 7
123013.1094 8
123230.4963 18
123261.1857 10
123381.3426 2
123578.3320 14
123755.3360 11
123817.5240 12
123913.1262 8
124032.5978 11
124230.7468 20
124373.1895 12
124489.5346 18
124542.0450 21
124729.5597 5
124850.1943 18
124952.7585 3
125039.5482 18
125222.4369 21
125410.6417 21
125615.4181 11
125818.0797 1
126029.7198 8
126221.9687 18
126262.7962 7
126461.0487 19
126615.9019 16
126666.9149 21
126818.6208 20
126940.4113 18
127063.8850 12
127174.0465 11
127261.8916 2
127477.2113 3
127591.3920 6
127783.1923 5
127992.9374 1
128060.9797 11
128251.2207 1
128446.2356 19
128521.7452 15
128604.6357 11
128794.8383 3
128997.0211 21
129023.7364 5
129143.1393 4
129348.1654 14
129557.0223 14
129680.3533 18
129727.1279 11
129799.6533 7
129881.1848 11
130041.6097 18
130191.0352 1
130249.0720 5
130426.1948 20
130569.1800 18
130705.9903 12
130850.0178 8
131060.9490 16
131181.2277 12
131291.8782 18
131490.7829 15
131660.0643 13
131734.6888 3
131888.8689 18
131946.0927 13
132000.2419 3
132057.9684 11
132232.7152 1
132278.4773 9
132469.0540 15
132652.2887 11
132831.2291 17
132932.2644 18
132963.1288 11
133107.6767 21
133147.2266 19
133336.2211 14
133567.7452 13
133674.7926 4
133737.9190 12
133860.1081 15
134011.6044 17
134147.2386 21
134315.3890 20
134473.6367 11
134613.3638 6
134824.6395 18
134932.1225 19
135135.5949 1
135313.7278 21
135513.1495 15
135616.1485 3
135662.2554 11
135740.5944 4
135900.2529 17
136082.3113 7
136179.0899 4
136369.0803 3
136444.8691 9
136550.3940 11
136730.6143 5
136772.6995 11
136856.1430 11
136980.8047 2
137085.7741 9
137174.3275 8
137339.4779 17
137416.4475 13
137532.6033 8
137716.9799 11
137761.8007 1
137878.2310 7
138061.4773 2
138304.1002 11
138413.7190 16
138592.7846 4
138709.0089 16
138792.1489 8
138887.8570 19
138962.4540 4
139100.4217 10
139155.3131 14
139287.8659 17
139328.5384 21
139410.9315 1
139589.2758 7
139775.5572 3
139932.7187 11
140104.2946 20
140181.5261 8
140354.8693 20
140497.1319 18
140668.7928 2
140798.7013 16
140865.4740 1
141044.3570 20
141129.2517 11
141328.9143 20
141408.7108 17
141496.4041 9
141515.1915 5
141550.6235 18
141717.6083 15
141784.4632 20
141987.6217 14
142144.5093 2
142233.5488 10
142421.5505 14
142597.7538 12
142749.1467 17
142814.4705 14
142991.0610 10
143169.5216 8
143315.7539 14
143456.5595 3
143488.0529 18
143641.7548 13
143796.6305 7
143826.4821 15
144026.7960 14
144133.5462 19
144209.8694 15
144246.0951 11
144303.3391 9
144403.1948 11
144455.3517 2
144697.4349 5
144788.2867 3
144944.6457 20
145106.1034 9
145260.0197 11
145344.4036 4
145571.0323 8
145764.1070 4
145833.0811 4
146033.2634 11
146179.6186 8
146303.6362 16
146416.9794 15
146605.3155 7
146762.0712 9
146924.7633 20
147031.8994 9
147135.2097 19
147263.4908 15
147311.6849 1
147490.0978 7
147574.2363 7
147706.1014 15
147741.5409 15
147767.4070 4
147987.4104 11
148059.5984 5
148165.7886 11
148256.7210 13
148351.5923 12
148409.5555 9
148508.1115 11
148559.5125 1
148650.2202 12
148851.4117 13
149025.8857 17
149168.4191 12
149290.1738 15
149426.1881 6
149569.3440 15
149598.7905 2
149774.4468 11
149971.9753 20
150092.9481 16
150233.1305 9
150333.9964 14
150546.6560 3
150740.4544 7
150899.1424 16
150963.4329 14
151034.8159 18
151141.7086 6
151331.3556 21
151511.8673 11
151555.9892 7
151670.6345 18
151690.0360 19
151864.0131 15
152048.9749 18
152236.4003 8
152417.0407 18
152572.4590 11
152728.2615 11
152914.8472 10
153074.2174 18
153270.5786 11
153301.5231 7
153482.3397 18
153553.5273 16
153690.5460 20
153863.4109 11
153920.2164 6
154113.1329 17
154279.6156 19
154473.4651 13
154533.3259 9
154709.6408 6
154867.6319 14
154961.0467 15
155079.0187 15
155258.2676 21
155337.4472 10
155451.6932 15
155598.8086 17
155744.6106 15
155875.8083 12
156074.0322 9
156198.3673 6
156356.1813 17
156551.5590 3
156750.1895 17
156842.0965 3
156927.7009 11
157015.2183 11
157077.4692 18
157263.3665 15
157457.3198 5
157496.2242 7
157634.7763 12
157747.5106 15
157845.7858 17
158010.3754 19
158110.9493 8
158297.5215 12
158345.6967 17
158494.5382 17
158657.3634 20
158727.4579 8
158834.8839 10
158982.5207 17
159152.8360 3
159265.6781 19
159365.8162 19
159397.0483 1
159479.3504 10
159581.4766 11
159622.0484 1
159656.6108 8
159853.3155 17
160001.6834 17
160121.1300 12
160319.5209 18
160494.5769 18
160531.6210 10
160670.9625 9
160867.0997 16
160929.2585 6
161132.5235 6
161224.4959 12
161366.4691 18
161519.2401 20
161609.1978 8
161780.7491 11
161866.4365 7
161902.3291 5
162101.7510 20
162189.8572 15
162224.3391 7
162319.6663 14
162434.8975 4
162599.9072 21
162720.6976 12
162763.0570 17
162799.0518 12
162938.5838 6
163079.4954 4
163155.8013 11
163356.3613 17
163378.8125 9
163508.9563 18
163672.8305 16
163715.4895 18
163867.0387 4
163921.3813 12
164075.5047 17
164245.6252 3
164382.0236 21
164561.9830 9
164718.4573 6
164874.3006 9
165006.9083 6
165173.5482 9
165241.7483 15
165367.9333 10
165518.5891 14
165592.9085 18
165637.9693 18
165831.1971 18
165877.5504 10
166037.5767 14
166232.5299 2
166369.6797 6
166511.2245 15
166568.4586 11
166615.6054 4
166744.8439 5
166826.5165 18
166848.8091 14
166945.3669 11
167117.5784 11
167228.0887 3
167394.9581 8
167550.0283 5
167632.1471 14
167791.2378 15
167924.3899 16
168064.9720 7
168126.1405 3
168248.7645 18
168326.8264 20
168376.4199 11
168507.5529 17
168587.2838 4
168774.2448 2
168978.4968 4
169118.4675 17
169157.4672 2
169346.4093 9
169410.1716 9
169543.5013 21
169648.1426 19
169757.2850 4
169852.8566 2
169993.4780 10
170094.3454 9
170244.9535 12
170362.8144 11
170495.1822 1
170629.2728 6
170811.6028 11
170842.1829 10
170960.3294 6
171065.4626 9
171176.8633 19
171353.1842 13
171446.9070 7
171543.9630 11
171738.1761 15
171921.0741 19
172068.5886 2
172202.5011 14
172254.6498 11
172378.9187 4
172498.7279 16
172607.0231 8
172838.6207 1
172955.9234 3
172993.2082 21
173102.4436 17
173142.8827 11
173203.3883 21
173355.4284 11
173477.0702 11
173560.9256 2
173758.1143 3
173915.8851 19
174092.5492 18
174282.7427 8
174417.2910 8
174642.6108 18
174734.2054 9
174839.4326 11
175036.0529 9
175063.6270 3
175118.0880 9
175159.9244 15
175350.8795 4
175587.7753 10
175719.6171 18
175797.6085 7
175908.5015 2
176133.3572 16
176215.5701 9
176312.9377 7
176450.0599 11
176638.3072 17
176715.2893 14
176908.3616 2
177000.8141 5
177100.2719 8
177187.2488 9
177294.5781 4
177401.8681 1
177485.9326 18
177514.3349 10
177553.2970 11
177746.4164 6
177910.0398 8
178005.1379 18
178167.0295 18
178352.1371 21
178428.1311 4
178549.6539 7
178723.3101 14
178841.0682 18
178890.8140 12
178912.2374 18
178971.6487 13
179013.5884 3
179123.2419 18
179308.0711 18
179405.3810 21
179520.1994 18
179645.4716 17
179831.1521 2
180022.5132 7
180069.8222 6
180304.3393 13
180427.6726 4
180538.1382 19
180562.3678 12
180659.8835 7
180717.8952 11
180855.2347 9
181046.9359 12
181135.0225 11
181181.8199 3
181290.6076 17
181463.3952 5
181565.7132 17
181671.6030 16
181744.9143 10
181791.3519 18
181867.5991 12
182023.3080 13
182121.3576 19
182295.4836 18
182461.0074 13
182499.0565 11
182587.1481 1
182623.1346 20
182765.1393 18
182904.8047 9
183028.4325 15
183228.6843 9
183350.8962 11
183552.3406 11
183689.0477 17
183707.7957 18
183817.6723 11
183858.5265 13
183951.7401 12
184003.9284 19
184111.9003 9
184149.8773 4
184235.7879 12
184342.3221 19
184532.6504 13
184741.5149 18
184929.7834 13
185089.9171 3
185246.1994 15
185303.9626 18
185337.0022 2
185450.7560 11
185585.2401 6
185792.1158 3
185847.7087 12
185911.4445 10
186000.2300 9
186174.4336 12
186235.1454 18
186382.7365 15
186539.5804 14
186596.4335 8
186661.1070 8
186830.7861 2
186982.0404 9
187116.2617 14
187237.6537 11
187316.6816 6
187376.0568 9
187520.4255 18
187607.6101 11
187655.0449 18
187814.5326 18
187901.7496 11
188037.1253 11
188237.8543 9
188411.5134 14
188553.7486 18
188591.8643 13
188631.9934 14
188774.9576 12
188969.9734 5
189121.8622 18
189187.5428 19
189305.0877 12
189355.1452 10
189577.5476 12
189758.7719 11
189906.7578 12
189968.4000 11
190006.6863 3
190209.4251 11
190333.3160 12
190478.1018 13
190644.2917 2
190689.8653 14
190890.6905 20
191082.7662 6
191317.7507 14
191532.9249 20
191593.1821 11
191624.2349 21
191726.7805 15
191834.0647 17
191928.7867 11
192118.1788 5
192211.8256 21
192348.5396 18
192501.2751 9
192591.0401 12
192618.8476 18
192771.2842 16
192933.5883 1
192994.3909 20
193033.5194 5
193173.6912 5
193296.3399 12
193374.7806 20
193398.1036 20
193598.7767 12
193731.8236 7
193857.9446 18
194013.9075 15
194165.7421 16
194355.4307 12
194385.2030 2
194444.1434 21
194521.7987 15
194624.9606 11
194696.9569 6
194908.0003 13
195067.0061 11
195112.0783 5
195291.9315 11
195476.6929 11
195532.1835 11
195559.3054 19
195683.3700 11
195882.2518 8
195955.1826 21
196044.7573 12
196236.0198 16
196334.9961 8
196475.9778 15
196571.3730 11
196760.5661 6
196960.8078 6
197192.9952 14
197437.7077 10
197649.4212 14
197782.4777 1
197855.8526 19
198020.6893 1
198118.4911 5
198283.2628 12
198464.2736 11
198506.0657 2
198647.3998 15
198795.7016 6
199020.6513 12
199156.2845 12
199289.7491 11
199368.7026 3
199489.8114 2
199577.7620 20
199634.6176 20
199825.6915 19
199860.5573 19
199969.0416 5
200049.5114 15
200252.3433 20
200279.0346 10
200479.0405 12
200499.5105 1
200711.7645 18
200745.2513 4
200844.9372 15
200909.6180 21
201081.3818 12
201236.3298 13
201424.5150 3
201533.4419 11
201666.9939 7
201808.2746 3
201919.7621 7
202067.7769 7
202184.3705 16
202250.8168 10
202428.7345 12
202626.0814 12
202776.7151 15
202861.8604 17
203064.4574 2
203294.7644 2
203484.8020 18
203581.2462 17
203616.1626 10
203704.0480 6
203924.5002 5
204129.1987 4
204336.6099 8
204446.7854 14
204656.2904 19
204757.0324 19
204942.7819 3
205133.5130 12
205300.4822 18
205479.9447 20
205592.4829 11
205788.8924 19
205810.9983 18
205879.5703 9
206021.5558 18
206110.1543 19
206215.7631 9
206325.8950 16
206509.3786 20
206575.9180 7
206682.7891 12
206827.4777 15
206973.4549 16
207103.1087 13
207293.1430 5
207349.1415 11
207535.9289 19
207668.5267 11
207693.2020 21
207836.9342 1
208048.3833 17
208231.1099 11
208318.3957 18
208472.8021 14
208655.2642 13
208812.2950 3
208917.4094 13
208942.7308 19
209023.6973 12
209132.7585 18
209194.4947 18
209294.8626 16
209458.2464 11
209540.1748 2
209698.4113 18
209784.0482 18
209850.7983 10
209917.5927 9
210041.6210 15
210155.9998 5
210193.9643 17
210255.9994 8
210412.8950 3
210527.1787 19
210547.3263 6
210601.5631 16
210711.6892 3
210745.6266 6
210975.1015 14
211184.3197 12
211223.4802 13
211301.9217 5
211439.0845 9
211568.5814 4
211806.6651 11
211851.8057 2
211962.2387 9
212161.5926 9
212277.5095 20
212439.4232 3
212563.7000 20
212701.8623 17
212782.9807 4
212929.7391 17
213087.2197 12
213189.6220 11
213359.8103 12
213401.8458 7
213545.9562 12
213692.1089 12
213744.4811 11
213890.6894 11
214049.3781 4
214230.0759 5
214387.2669 17
214418.8830 11
214496.1849 16
214526.3498 4
214613.0228 21
214651.1666 11
214788.9969 15
214892.8527 13
215053.0437 1
215127.0170 5
215301.1148 5
215471.5275 14
215592.8574 17
215665.5792 18
215864.0383 11
216034.0902 15
216180.1169 4
216235.9657 13
216435.1608 6
216600.9292 12
216753.3626 11
216825.0291 6
216955.0553 2
217117.4265 4
217238.4682 2
217471.4980 13
217541.8596 11
217572.4071 2
217781.7807 18
217858.2333 18
217950.2833 7
217983.4659 10
218170.9043 9
218273.7832 16
218396.0482 18
218527.2778 19
218604.9850 2
218670.5155 16
218735.9848 13
218902.6847 11
218998.0586 20
219104.1768 13
219204.6432 6
219377.9496 2
219624.9425 12
219649.5604 4
219877.5581 11
220001.3990 15
220062.1188 14
220178.3293 16
220364.9950 17
220513.4389 12
220585.7212 16
220782.8805 10
220939.8632 9
221048.4786 12
221218.2079 8
221299.8839 17
221405.6922 13
221488.0755 15
221662.1679 5
221727.2978 11
221835.5905 6
221995.7338 5
222193.1935 9
222346.2248 14
222576.0528 4
222823.0454 2
223054.9306 2
223152.5444 4
223274.8290 5
223459.6605 1
223633.0069 15
223763.0819 16
223929.5053 18
224051.7827 11
224208.8923 13
224300.8933 12
224343.6223 19
224462.8624 3
224567.9891 15
