1494
42148.8487 2
42284.2273 2
42477.6800 14
42642.2993 2
42797.2603 12
42861.0834 11
42927.6336 6
43103.8145 16
43289.2286 4
43374.7452 9
43469.7109 14
43506.6138 11
43678.0531 21
43827.0793 11
43898.8480 14
43941.5667 12
43991.1090 19
44077.3658 9
44145.0869 15
44235.2934 19
44316.2773 12
44397.2177 19
44516.6231 17
44665.6750 20
44730.6455 18
44876.0036 20
44911.3863 15
44978.4181 12
45152.7268 10
45251.6416 11
45335.3343 21
45403.3956 9
45472.5243 10
45653.8845 1
45688.0642 21
45744.1932 15
45859.3218 11
45967.1680 5
46080.2475 6
46157.8186 6
46340.9879 9
46477.0262 9
46676.9326 21
46875.6344 11
46944.5865 13
47010.4506 4
47070.1936 2
47267.6512 17
47314.5927 18
47443.2839 3
47634.3975 10
47757.2883 21
47830.1887 18
47918.4698 18
47963.6514 8
48090.2110 12
48173.7929 16
48291.1089 9
48385.6707 4
48531.0397 2
48681.9660 2
48767.2266 21
48896.1092 18
49076.0181 11
49255.9141 1
49343.7560 14
49439.1190 5
49586.3352 18
49661.0614 16
49824.4883 17
50013.8846 12
50067.1689 11
50236.6030 12
50380.8937 18
50497.0447 11
50663.4256 11
50839.5802 16
50965.2240 12
51057.4427 20
51134.4800 15
51212.7369 11
51339.5274 18
51472.0772 14
51603.4281 3
51782.9660 13
51979.7773 17
52036.5441 17
52221.5709 5
52366.4039 15
52404.5287 12
52561.6539 6
52755.4638 11
52814.2229 12
52889.5035 4
53000.9288 12
53085.7657 11
53270.6033 13
53357.6381 3
53442.6227 16
53488.4667 21
53637.5086 3
53813.2229 5
53939.5771 11
54018.5312 20
54168.9691 20
54260.5100 18
54310.8203 11
54490.4885 9
54538.5649 20
54720.7657 8
54904.3861 11
55062.8598 21
55191.0498 6
55329.5258 5
55475.2554 6
55634.8085 12
55678.8345 12
55757.4191 11
55921.5899 18
55951.5934 19
56061.5303 11
56164.4348 10
56241.2153 7
56282.4478 1
56332.1459 4
56540.1369 10
56611.3226 1
56747.5718 18
56888.2334 6
56950.0085 12
57035.9631 11
57214.2511 18
57413.6895 20
57496.0316 7
57596.5412 15
57724.9003 17
57788.0046 5
57962.7379 11
58028.7814 17
58098.5250 2
58238.6136 12
58433.3492 19
58457.9656 4
58642.1474 19
58720.3016 3
58905.4277 1
59102.8593 16
59254.6185 21
59292.9975 6
59450.0201 8
59572.3836 20
59692.3512 14
59762.3855 15
59967.1608 6
60153.7177 14
60349.2367 12
60534.6680 13
60700.6782 12
60849.9243 18
60958.9909 12
61155.2613 14
61263.0923 11
61431.2808 18
61485.7828 17
61680.0601 1
61732.1851 19
61865.7266 11
61943.1740 4
62131.2943 15
62234.4950 6
62414.7590 11
62547.3036 18
62739.8695 21
62807.1375 4
62926.9212 19
62998.5054 18
63053.3274 1
63100.8303 11
63242.7125 12
63423.0012 18
63535.7135 13
63676.7696 15
63852.9466 9
63917.4674 12
64030.7122 18
64073.9492 2
64157.7644 11
64359.7432 12
64544.6862 1
64712.5915 6
64825.6066 11
64931.7596 1
65065.6540 18
65177.7548 12
65363.3293 8
65588.4485 8
65696.4813 7
65771.7483 13
65845.5904 20
65946.3805 12
66112.5242 8
66134.4357 15
66317.7452 13
66514.9094 6
66703.1339 10
66841.0731 11
66932.4706 16
67118.1163 8
67168.7633 9
67356.3020 12
67380.9420 15
67493.7178 18
67585.9752 17
67658.9582 20
67797.2193 19
67933.4794 11
68084.5628 14
68278.1481 6
68343.8454 8
68432.6454 1
68584.2346 12
68768.2315 16
68910.2125 7
69055.1113 18
69252.7322 11
69305.3841 10
69360.5722 16
69482.4756 19
69587.0549 2
69804.4859 9
69884.1853 5
69958.8678 11
70152.1517 9
70169.3725 11
70235.7063 11
70396.3926 21
70514.3707 3
70577.9254 5
70693.3380 8
70759.2278 11
70860.4648 6
70960.2707 13
71048.4995 11
71178.1422 16
71370.0175 11
71543.4015 6
71752.0585 17
71946.2604 4
72044.9684 18
72203.1332 15
72241.4676 6
72363.3655 6
72562.1187 10
72747.1264 8
72838.4445 9
73020.3288 7
73147.4323 12
73350.0222 1
73417.5571 20
73559.0845 17
73604.1808 18
73721.1225 21
73881.2186 11
73981.7065 11
74126.3981 11
74237.7961 14
74361.4711 15
74381.3576 5
74416.7448 19
74591.0503 14
74777.5258 12
74880.2867 2
75113.8335 14
75181.2578 10
75281.1091 19
75363.1485 9
75506.8501 17
75567.8766 9
75699.0355 19
75745.1227 5
75856.1843 16
76045.5872 4
76268.0299 18
76317.2415 11
76355.8901 15
76556.4336 16
76656.6148 20
76687.3336 21
76740.8045 10
76897.7420 18
77014.3187 18
77100.7188 11
77222.2835 9
77333.4361 18
77510.4048 20
77588.0671 18
77683.8198 3
77860.3575 21
77929.1096 6
78006.6853 3
78105.0139 18
78165.4722 11
78255.6784 3
78325.6466 2
78477.6970 9
78603.4729 9
78671.3278 5
78704.2017 3
78905.5469 1
79022.9656 18
79132.8054 18
79222.3120 20
79346.6506 10
79419.1062 17
79614.5300 15
79696.0466 18
79846.7108 11
79881.3292 11
80051.4145 3
80135.0451 13
80220.2125 15
80278.4402 14
80353.6006 13
80447.2957 11
80501.5872 21
80601.4581 4
80778.3558 17
80802.6066 13
80880.8597 10
81045.0499 18
81181.2016 1
81234.4477 3
81444.7025 15
81535.2506 9
81566.1960 11
81763.6563 5
81815.3494 2
81897.7984 11
82044.3019 11
82127.2273 12
82210.1954 6
82303.8077 9
82486.9000 2
82611.3154 12
82769.7593 11
82961.2477 11
83113.8870 1
83205.2920 12
83309.0434 8
83510.7884 11
83669.1528 11
83817.0956 9
83887.6759 8
84090.8814 11
84207.4464 5
84407.6281 5
84519.6404 21
84555.0703 11
84662.5522 18
84703.0667 20
84819.0027 4
84928.2059 1
84963.9521 16
85131.5561 6
85173.6443 18
85346.7811 12
85392.4606 12
85565.8390 4
85692.1227 18
85813.3675 3
85966.5835 5
86108.1796 12
86166.8692 12
86232.9425 21
86328.0532 12
86468.2619 8
86657.7034 3
86837.2486 1
87047.0652 18
87193.4452 11
87289.4086 15
87313.4953 7
87485.0120 19
87604.6695 13
87639.8551 9
87793.1537 19
87888.7666 6
87963.5851 2
88082.9514 15
88151.4508 19
88266.5513 11
88349.3716 6
88494.4988 11
88557.0526 17
88587.9347 12
88683.9163 6
88764.8866 11
88949.8690 11
89109.0049 6
89174.1856 4
89414.4020 10
89498.8296 8
89605.5883 12
89685.4922 1
89862.4763 3
89944.8464 16
90078.3516 11
90261.0367 21
90409.6959 11
90471.6673 17
90645.2922 20
90817.6445 19
90896.5375 19
90924.6554 11
91056.2492 12
91169.9507 11
91205.7233 18
91260.3701 10
91333.7011 13
91397.9666 17
91533.0995 12
91696.2090 9
91872.3911 6
92006.1077 5
92081.2372 17
92234.7393 5
92338.9292 14
92437.6440 12
92466.1726 18
92628.2361 12
92688.9369 5
92773.8189 18
92802.2613 2
93009.7771 13
93087.0337 11
93211.2439 2
93283.8682 4
93373.3621 9
93446.6881 17
93574.9713 18
93655.0500 20
93786.6807 15
93947.4105 17
94127.5966 5
94331.6893 18
94401.4776 12
94569.1189 14
94639.6727 2
94753.0798 5
94952.8730 2
95066.9672 13
95252.6391 9
95286.3186 9
95355.4005 11
95499.3092 3
95676.5764 6
95756.1838 11
95779.9471 1
95845.3269 18
95937.2874 14
96076.9228 11
96262.6266 2
96521.0749 8
96663.0677 16
96840.5193 16
96933.7021 14
97080.8287 18
97183.1725 10
97297.3572 5
97508.2898 11
97548.4092 17
97645.4315 18
97756.6976 12
97825.2344 12
97862.9272 12
97996.3727 6
98169.9145 2
98297.6166 5
98353.3410 17
98413.1663 11
98447.5096 18
98612.7493 18
98778.8990 4
98996.2614 2
99204.9687 17
99392.2449 2
99499.5816 11
99633.5148 12
99670.2851 18
99835.0048 19
99987.1622 13
100143.1123 12
100228.7671 5
100404.6305 13
100479.3485 20
100655.9348 17
100684.4206 17
100861.9366 20
100958.4855 16
101054.0364 16
101253.5964 21
101445.2227 10
101531.7194 3
101565.7014 4
101668.7469 6
101818.3588 13
101956.6190 12
102142.5763 12
102202.5573 12
102242.6223 17
102356.1307 16
102456.9989 18
102590.7655 1
102728.9334 19
102751.0838 18
102781.3633 15
102938.9183 18
103074.1912 7
103221.4089 11
103292.1174 14
103440.2253 11
103585.4393 9
103679.4049 14
103923.0773 16
104033.3339 12
104080.4567 21
104239.1512 1
104421.2826 20
104541.4841 11
104676.4966 12
104716.3304 13
104747.2592 10
104935.4932 13
105108.4070 11
105218.5768 7
105358.2444 20
105455.1773 10
105507.4267 4
105638.1410 5
105839.7533 15
105879.1959 11
105968.0851 7
106071.6699 4
106286.8511 10
106456.2597 18
106526.9474 18
106682.5257 9
106729.9874 1
106857.6628 20
106949.1426 7
107060.1169 16
107163.2002 19
107280.8736 3
107324.9621 15
107516.9464 17
107586.0056 17
107612.6655 15
107724.4982 11
107813.1531 12
107952.8222 2
108033.6384 19
108091.4652 15
108291.8729 12
108493.0183 5
108669.3106 11
108829.0606 14
108963.2822 8
109068.7342 9
109141.5193 12
109332.0206 5
109471.6420 4
109644.1307 5
109709.5174 2
109867.5723 1
109911.2511 16
109984.6061 19
110020.8901 4
110238.7540 12
110353.7168 12
110482.2507 2
110565.8719 17
110767.5925 14
110819.3741 8
111046.5879 16
111200.4138 9
111345.4885 2
111422.8868 8
111497.4909 15
111581.7123 17
111646.4708 2
111732.5314 11
111846.4624 6
112070.1079 20
112229.2756 11
112313.7894 19
112429.3505 2
112577.4498 8
112756.3239 12
112922.2282 10
113038.3190 19
113206.1429 2
113380.7808 16
113496.9785 15
113555.5557 18
113701.5979 19
113730.6280 18
113759.0458 13
113867.7987 4
113960.9838 19
114051.1793 2
114306.5260 12
114359.2482 20
114418.9294 16
114458.3587 11
114500.1157 12
114687.9835 11
114852.4954 20
114960.8932 19
115008.9228 11
115086.2279 21
115278.0792 12
115314.5679 8
115447.4288 20
115535.5649 8
115701.8087 8
115775.1218 19
115806.2383 4
115916.6367 1
116006.1366 21
116076.0501 9
116247.0226 21
116340.7713 21
116458.7677 18
116645.7271 19
116805.0735 14
116935.2461 1
117025.2513 4
117149.7573 13
117265.2718 12
117354.5655 2
117589.5388 12
117789.1623 3
117924.1087 12
118092.0140 11
118281.4047 7
118426.9410 14
118649.6159 12
118753.0515 12
118877.1972 19
118923.8518 5
119069.5103 16
119266.3682 11
119335.5855 15
119446.8383 4
119633.1833 19
119708.4998 21
119735.7406 15
119774.1996 8
119970.3297 7
120088.0359 18
120171.4544 12
120367.0807 1
120570.8829 5
120630.2332 11
120662.2574 18
120826.9525 11
121001.3398 13
121059.7017 19
121187.5190 2
121383.3442 21
121572.1063 8
121749.3205 11
121826.8161 17
121947.3497 11
121979.3470 20
122114.4665 16
122301.4996 15
122366.6547 11
122534.8196 16
122595.2470 1
122726.6048 17
122854.0607 9
122936.5092 11
123042.6084 13
123154.4654 11
123182.0532 15
123321.4221 15
123475.3442 8
123618.4894 16
123725.2803 7
123753.8152 10
123881.7299 16
123926.5412 12
124061.4640 9
124133.1833 9
124236.6851 15
124398.6565 4
124540.9709 18
124662.6301 4
124808.4284 17
124955.4012 16
125050.4756 7
125182.1102 8
125310.5869 6
125381.4302 14
125521.7375 9
125649.2294 18
125850.2614 1
125929.5422 19
126036.8364 5
126068.6736 1
126151.4138 16
126279.2263 11
126414.8272 18
126482.5453 11
126547.9494 8
126765.2406 11
126962.2435 3
127046.0722 15
127214.8542 16
127306.4530 9
127326.6608 12
127502.7124 19
127525.4980 18
127556.7888 15
127670.2765 6
127810.0992 15
127917.4294 2
128100.6053 9
128269.9190 12
128356.0738 13
128470.3995 11
128624.1185 6
128829.0355 12
128868.6502 20
128967.7725 10
129047.0169 1
129242.5813 12
129371.4795 5
129472.6141 20
129517.2178 2
129745.9209 21
129822.1274 8
129980.2292 7
130083.4233 18
130158.6522 11
130289.1071 8
130452.5993 18
130502.1086 20
130649.6950 1
130722.9402 16
130804.8359 9
130949.5162 17
131119.5571 3
131287.9621 20
131378.9648 12
131520.8182 18
131693.9079 18
131763.8787 12
131891.8085 11
131999.3813 12
132172.6784 19
132299.5402 11
132370.1675 4
132456.5680 11
132490.1560 12
132674.2241 6
132899.7034 18
133102.0845 9
133201.8079 18
133242.8307 14
133418.0524 18
133491.5284 17
133578.0180 2
133713.7175 12
133772.7791 11
133906.6615 15
133955.5854 4
134133.1850 18
134205.4488 5
134271.8185 12
134325.4422 5
134439.5695 18
134552.5915 12
134702.5589 10
134901.4082 15
134929.0540 9
134983.4667 15
135180.1837 7
135298.4144 15
135398.8615 10
135561.0821 14
135672.4832 12
135830.6910 15
135887.3911 9
135939.8535 5
136060.5306 3
136203.6531 10
136267.7895 12
136328.5073 12
136504.2419 11
136674.3397 7
136707.1996 8
136860.8675 13
137051.9762 18
137152.8417 15
137204.0473 5
137261.7544 10
137373.4606 11
137485.8759 18
137603.3936 11
137634.3470 3
137765.5971 11
137868.0237 15
137958.0030 14
138041.8237 11
138210.0822 6
138385.7618 12
138486.1219 2
138609.5724 16
138754.1727 11
138898.8228 6
139059.0761 5
139228.3938 13
139284.0196 10
139323.0703 16
139404.8322 18
139461.9348 18
139601.1983 5
139701.1678 10
139840.3279 16
139963.0990 11
139992.5608 5
140139.6045 15
140196.7622 3
140389.3563 2
140572.7412 8
140625.8498 5
140702.6834 3
140890.6352 13
141048.7698 17
141206.1193 9
141288.2662 10
141440.6508 5
141609.1994 15
141630.9058 21
141803.1339 12
141935.9112 19
142118.2444 10
142136.0980 4
142220.4086 2
142323.8099 21
142498.1179 1
142683.4047 3
142881.8949 3
143022.5075 9
143166.8683 19
143223.7892 3
143256.0706 15
143385.6225 11
143517.1281 18
143585.6657 12
143738.1402 9
143777.7161 4
143835.1344 11
144000.9983 17
144063.9371 9
144188.7340 20
144299.8554 11
144484.9562 14
144619.7121 15
144643.2109 17
144809.1926 11
145004.1003 4
145239.6695 11
145323.1485 18
145343.1517 21
145449.7934 14
145579.9683 20
145661.1351 3
145757.7366 7
145831.5544 18
145863.5787 12
145888.3594 1
145980.4383 16
146098.1582 11
146211.3386 15
146380.1224 11
146436.5790 1
146516.8622 5
146615.9220 17
146695.9629 5
146808.2370 5
146970.5186 11
147153.6124 9
147203.5675 20
147290.0537 12
147410.5370 16
147441.1415 13
147556.7545 12
147696.0704 11
147763.9447 13
147834.6018 17
148010.5132 16
148039.2056 19
148227.7715 5
148316.7958 12
148395.7532 8
148479.7518 11
148678.2772 8
148909.2659 4
149125.9298 1
149189.6796 21
149223.6052 1
149317.5024 18
149452.4209 13
149493.1614 6
149700.1314 11
149754.9603 8
149951.0125 2
150065.4706 10
150249.4340 20
150414.9302 5
150464.7711 15
150608.1088 20
150628.6290 10
150797.6726 16
150899.4859 16
150989.0749 18
151058.8109 8
151155.9768 13
151279.2650 6
151363.5780 10
151531.5759 18
151679.6276 13
151859.8532 7
151940.0374 16
152142.1340 20
152338.1004 7
152516.4717 11
152716.5387 1
152751.5476 5
152816.1962 18
153006.5644 15
153083.6536 4
153168.8410 5
153339.1526 12
153371.6444 11
153451.6907 18
153561.9600 3
153657.6254 13
153720.5818 12
153889.0322 10
154081.5538 12
154279.0194 9
154448.4713 8
154650.4886 12
154790.0591 19
154838.5309 15
154937.5097 1
155034.1422 14
155104.3014 11
155215.4161 13
155415.7924 10
155584.7826 20
155693.8030 20
155800.8671 8
156002.3269 11
156177.3816 18
156342.7899 7
156373.1311 10
156562.9373 10
156690.3934 9
156796.1002 21
156847.3093 5
156972.5150 17
157128.6433 19
157155.5931 4
157214.1345 11
157233.7612 17
157373.7091 4
157512.6123 13
157647.7141 12
157734.0397 5
157795.2656 16
157990.5542 13
158059.5483 10
158180.6138 9
158256.1892 9
158327.7935 11
158358.3368 7
158541.1035 17
158646.1944 12
158719.9391 1
158765.5112 12
158833.2553 8
158963.8862 3
159113.6748 10
159168.2283 10
159282.7809 20
159404.3111 4
159502.2075 13
159579.0619 1
159668.4938 5
159819.5837 16
159967.1053 11
160158.9811 11
160184.2981 17
160223.9069 13
160279.1202 9
160427.7833 20
160502.8543 7
160656.0511 14
160798.1921 11
160998.0205 16
161097.9779 12
161256.6856 4
161483.3409 12
161676.9187 4
161759.5341 12
161916.4598 9
161984.2067 9
162040.0202 18
162083.9367 10
162177.8772 12
162332.2898 5
162361.5892 2
162592.9090 6
162728.9083 20
162931.5369 6
163134.0903 17
163264.8376 18
163316.7147 2
163457.4371 8
163684.6996 7
163843.9415 9
163884.2521 5
164034.7193 6
164122.2077 18
164141.4938 18
164213.7995 11
164291.9799 1
164498.3360 11
164620.5275 19
164715.2104 5
164863.5803 3
164985.1611 12
165066.5739 9
165154.4797 9
165262.3120 21
165435.2408 19
165580.7652 20
165631.0818 18
165758.5380 15
165945.4259 11
165966.4890 18
166000.0941 11
166052.1189 11
166085.2260 12
166123.8394 8
166177.1328 15
166367.7420 9
166569.6260 7
166684.9293 11
166731.0051 17
166908.7057 12
167108.9265 18
167156.8037 4
167256.7022 3
167421.4199 10
167522.9636 2
167710.5945 18
167840.2028 16
168011.8053 17
168064.2110 5
168213.3796 21
168239.4479 12
168382.7918 11
168546.7754 12
168746.4175 8
168915.6909 2
169110.5793 1
169238.4601 12
169401.3335 7
169583.1127 5
169718.7811 11
169823.5253 18
169995.4611 21
170098.6660 21
170120.5781 18
170281.6250 2
170362.0941 10
170429.0206 14
170615.3249 17
170661.2077 5
170792.8348 18
170977.3756 1
171168.2249 19
171317.1613 14
171545.6567 12
171716.3651 11
171838.6713 14
172033.3158 15
172062.6882 12
172259.7174 15
172403.5895 9
172441.6404 15
172568.9510 11
172612.0222 20
172728.6769 7
172782.4864 16
172859.0848 13
173014.4050 16
173198.7055 15
173365.9117 1
173569.1308 11
173754.4232 17
173797.5548 1
173878.8616 10
174014.4607 10
174179.8205 10
174373.9397 3
174583.1538 13
174735.4497 18
174845.0341 13
174988.4599 4
175118.6264 21
175265.1264 5
175406.5469 4
175621.7650 17
175756.7894 7
175907.5386 12
176063.0942 16
176169.0049 12
176241.8445 7
176302.4424 11
176462.9502 14
176594.7481 11
176793.9276 5
176956.1649 9
177059.9086 20
177258.0618 11
177318.3771 4
177504.1621 11
177672.9257 14
177824.9590 6
178034.8321 5
178078.5082 1
178183.3800 12
178295.6828 11
178426.9726 11
178599.3963 11
178767.3054 3
178816.6963 6
178994.2165 20
179184.5007 21
179386.3954 14
179555.6065 2
179736.3477 13
179782.8379 14
179921.9526 15
180041.5058 19
180184.2717 13
180359.0273 10
180493.3756 17
180672.2733 11
180780.7220 11
180953.8020 14
181126.7645 12
181188.6876 8
181313.4552 11
181346.9279 2
181581.7125 11
181764.3145 15
181963.9914 18
182033.9490 6
182243.2392 5
182430.5374 12
182559.3972 18
182634.4558 12
182812.9943 11
182903.9772 2
183139.3525 11
183210.6750 11
183276.9071 19
183429.5360 19
183616.7696 18
183744.4329 16
183777.7755 3
183906.0258 12
183939.9802 13
184022.5167 7
184106.4967 11
184231.9138 3
184355.4079 2
184523.6480 13
184632.9657 11
184761.8565 8
184839.5398 21
185042.4631 18
185166.5733 7
185351.2851 8
185493.1113 12
185628.0297 1
185837.2814 17
186035.1467 18
186162.0450 4
186286.1426 14
186525.7397 7
186716.5520 11
186886.8303 11
186911.8458 21
186942.1524 11
186972.7542 11
187088.2179 12
187265.6656 18
187365.0115 6
187478.3043 18
187644.8151 17
187667.0705 12
187862.2769 20
188054.7954 18
188178.5237 19
188216.4243 11
188392.9075 18
188441.1828 4
188639.7396 1
188809.8869 11
188858.4452 3
188957.5257 14
189049.3046 21
189173.2851 15
189224.4725 12
189318.4954 12
189431.8451 8
189592.7231 11
189751.7651 18
189879.5890 9
190016.1810 11
190120.7694 14
190204.3247 12
190396.1523 7
190532.6331 12
190731.3692 19
190795.0831 14
190904.8769 14
191113.2717 11
191280.1523 11
191372.0251 13
191500.3861 13
191650.1806 1
191796.0713 4
191918.7935 18
192068.5162 12
192102.7391 12
192302.8343 12
192506.6381 18
192661.6299 18
192855.3217 12
192936.6647 14
193065.0791 12
193103.4841 19
193215.6144 17
193397.7308 13
193482.4654 20
193503.6743 9
193611.8926 11
193777.8709 2
193853.4521 2
193935.5673 16
194011.4392 8
194176.9108 12
194214.2209 21
194377.7317 18
194559.8656 11
194732.2817 7
194833.6152 21
194988.8891 9
195045.8802 1
195127.2581 19
195186.1032 4
195347.0995 11
195377.4761 6
195445.1026 18
195601.2060 11
195713.6532 11
195755.5906 7
195888.3455 21
195994.6625 16
196014.5151 2
196183.2335 13
196291.9025 11
196490.0309 2
196654.4793 11
196784.0436 13
196845.1916 8
196976.6431 1
197035.3134 11
197173.1274 11
197324.6260 9
197486.0847 20
197508.1756 1
197555.9153 4
197777.8444 4
198013.2079 15
198093.4445 2
198230.3738 18
198426.9715 10
198619.3692 21
198801.8167 12
198835.6208 11
198898.6705 4
199088.7057 18
199228.5162 12
199318.3704 14
199539.3894 9
199574.1987 12
199760.9902 16
199881.4903 18
199986.3842 9
200035.7440 10
200263.6564 12
200313.1408 1
200469.0607 13
200586.2690 18
200632.6216 11
200822.4403 2
200990.4832 6
201205.7386 4
201406.5238 20
201447.4023 6
201536.6763 17
201680.7290 8
201886.3229 12
201948.1186 11
202089.9274 12
202178.3290 11
202332.7205 16
202355.7999 5
202510.2754 4
202727.7206 2
202827.7446 7
202900.4795 12
203036.7326 12
203239.9166 12
203353.0325 11
203520.7924 16
203590.6179 4
203748.0770 16
203812.1936 15
203957.8675 8
204049.7107 11
204227.0244 4
204427.6864 19
204619.3381 7
204730.6931 12
204871.5670 11
204976.5467 4
205052.7164 10
205258.0105 11
205338.7767 12
205488.3049 16
205524.2050 20
205708.7212 15
205817.0667 11
205946.4907 4
206034.4771 11
206157.0292 17
206179.0189 6
206410.0109 7
206515.8296 6
206580.7112 5
206705.5829 16
206741.9156 8
206931.9398 11
206978.7327 17
207153.3769 2
207271.3365 3
207407.6029 11
207484.3328 9
207678.4768 3
207734.2167 4
207844.8838 13
207934.4487 12
208106.0949 1
208154.6023 17
208308.2664 14
208521.9319 12
208551.2762 18
208597.7754 11
208664.9953 10
208815.3174 15
208942.5811 18
209101.9848 7
209187.1187 12
209366.2013 11
209536.7295 12
209560.6847 10
209682.4074 21
209855.7187 18
210045.2066 16
210069.4651 2
210200.2432 14
210282.7205 8
210490.3846 11
210584.0049 17
210744.0159 7
210800.5687 19
211003.5447 2
211075.7594 11
211196.3457 3
211250.1629 11
211294.4573 11
211457.2607 6
211628.0361 12
211754.0645 14
211815.8079 11
211860.1951 18
211879.0479 8
212111.8217 18
212245.7166 2
212341.9317 19
212387.2259 4
212540.3636 11
212586.3518 21
212689.7684 19
212794.8000 20
212898.1216 9
213078.0244 13
213242.4097 5
213363.2479 11
213405.1461 8
213530.7729 12
213619.1512 5
213821.1451 17
214022.5480 17
214187.4509 17
214356.7773 11
214531.6321 21
214736.6233 21
214766.9742 7
214817.5311 13
214956.3070 1
215049.7561 11
215121.2383 17
215228.3850 18
215252.5725 11
215343.3380 13
215463.7835 11
215658.0883 11
215816.5385 15
215868.8872 21
215929.7859 12
215953.6416 10
216070.0591 5
216217.2902 11
216302.0343 11
216364.9877 5
216576.3967 15
216647.3058 15
216777.9301 11
216858.3197 1
217070.6557 14
217250.8265 8
217409.3631 3
217612.4870 13
217659.4471 12
217734.8903 10
217882.2594 3
217915.1919 17
218093.2024 12
218246.8826 1
218286.8749 11
218358.0331 10
218420.3685 1
218581.9985 20
218745.3172 2
218835.6036 11
218926.1446 1
219110.8009 17
219198.5248 6
219309.1493 17
219377.4687 4
219554.5884 1
219657.3354 10
219797.5651 11
219863.2700 12
219960.2922 13
220092.1402 15
220247.0075 18
220424.8555 2
220559.7111 18
220630.2218 15
220798.6310 3
