1494
15732.2916 20
15803.3652 11
15923.9279 2
16077.7119 18
16103.0987 16
16230.1241 12
16362.5102 11
16500.1488 14
16636.2902 12
16836.1871 9
16999.1832 19
17196.4324 15
17265.9751 12
17402.4552 16
17606.0257 13
17702.2654 20
17786.0308 9
17872.3466 9
17892.6960 9
18044.6612 12
18150.7119 5
18344.1131 12
18487.7778 3
18641.9077 15
18720.7419 12
18906.0558 3
19113.3414 16
19163.0711 4
19292.1032 5
19362.2859 21
19443.1429 10
19464.6930 20
19515.2344 12
19544.6645 21
19587.6105 8
19691.0452 13
19755.4365 14
19923.0152 7
20122.3954 19
20169.8900 14
20306.1856 11
20491.7943 11
20535.2889 14
20733.7723 10
20806.3666 16
20963.1326 14
21138.1419 7
21175.9246 12
21219.0181 14
21324.3782 9
21480.2175 11
21528.1256 13
21694.0823 5
21724.1872 18
21854.9249 9
21875.9794 11
21995.1880 11
22029.6488 13
22224.1631 7
22284.4533 6
22360.8195 15
22512.1091 17
22598.3063 12
22748.3360 17
22898.7407 1
23071.3211 6
23208.8630 4
23268.0495 5
23351.3145 14
23528.9104 2
23699.3895 17
23772.3135 6
23881.9285 6
24027.8243 6
24096.8803 15
24271.4336 18
24371.6701 13
24407.4352 19
24491.3063 8
24699.6455 18
24730.9586 19
24886.9206 19
25054.9549 9
25118.9936 10
25319.6734 11
25351.7911 17
25419.4840 3
25539.6132 1
25587.3705 7
25624.3640 8
25858.3021 18
26023.9956 3
26234.7602 8
26396.8022 15
26420.8706 18
26574.6194 7
26683.7451 10
26831.7904 20
26872.6140 18
26940.1157 10
27022.3688 12
27142.7810 7
27260.3216 1
27398.4974 18
27539.9277 5
27641.5292 6
27708.8849 4
27902.5579 18
27921.1828 16
28062.7073 7
28206.5728 5
28416.6333 12
28483.8011 19
28606.2506 12
28737.6240 18
28854.9098 9
28912.3448 8
29060.5084 20
29088.8361 12
29195.8819 5
29374.3215 1
29591.8065 4
29740.2753 18
29892.9128 1
29986.2066 15
30108.7989 10
30255.4815 14
30375.8682 4
30442.0338 11
30507.4388 3
30683.2875 2
30755.7265 2
30902.9479 11
30979.0838 19
31110.6712 17
31213.8620 19
31327.9089 15
31477.6612 19
31611.7621 14
31801.7264 17
31922.2498 11
32066.9880 20
32206.3169 6
32321.7091 18
32489.9363 9
32513.4010 11
32656.7671 14
32717.8242 12
32821.6902 17
32968.2028 8
33196.5537 14
33268.2590 1
33387.5957 18
33475.2065 2
33598.2452 12
33642.7846 4
33875.0089 1
33940.9249 1
34112.1399 11
34283.4740 6
34436.5915 19
34506.4331 16
34669.7660 3
34812.7353 10
34942.2763 5
35079.9915 10
35198.0518 8
35392.4121 13
35513.5409 3
35713.6129 18
35806.1225 16
35889.6057 15
35919.9617 7
36063.2687 11
36225.7736 1
36285.2506 11
36445.0118 13
36587.1558 1
36729.1019 6
36873.5317 21
36935.8709 15
37125.4319 14
37272.2507 18
37406.4348 12
37553.8945 11
37729.4863 18
37764.2146 5
37917.3263 21
38073.4769 21
38232.8766 8
38378.3022 16
38430.6335 11
38614.2485 16
38647.5269 8
38797.9460 7
38982.0083 15
39045.5353 15
39065.7756 7
39233.1772 3
39376.0064 14
39576.2435 9
39743.3896 19
39898.5416 4
39989.0449 12
40187.3300 3
40265.8754 6
40352.1885 2
40532.6791 14
40662.1579 8
40824.3031 20
40874.6836 14
40997.2613 19
41166.4326 1
41311.0535 19
41498.0481 19
41652.8595 12
41715.4705 14
41813.4003 17
41894.6647 19
41952.6023 21
42025.2801 4
42242.1457 18
42394.9951 10
42580.3624 5
42787.5842 6
42932.5060 1
43123.6381 9
43151.4397 5
43225.4869 5
43375.7312 9
43402.7278 17
43440.1337 10
43502.5957 15
43523.7649 5
43576.5771 11
43606.0522 9
43626.3199 19
43691.9441 14
43781.6563 15
43899.8432 12
43967.5084 18
44064.9013 19
44176.7555 6
44336.0741 6
44528.7277 10
44758.1279 16
44871.2716 17
44922.8908 12
45053.8140 6
45157.9793 16
45262.8388 20
45381.0405 7
45543.6595 20
45623.8328 15
45648.4327 12
45680.4143 4
45747.4443 12
45949.6441 17
46123.3855 2
46277.6936 19
46451.2877 21
46623.7273 20
46732.5568 3
46855.6263 12
47026.9117 13
47227.9573 3
47319.6481 12
47426.1785 16
47528.7939 12
47589.8122 1
47672.3669 5
47748.6466 11
47922.9400 14
48052.0081 18
48075.4134 18
48112.5784 1
48267.0436 6
48353.6867 12
48407.7921 12
48488.0968 15
48547.8964 10
48593.0444 3
48696.9567 17
48858.6415 18
48881.2213 14
48991.4316 11
49131.5492 11
49255.0816 6
49383.6941 2
49562.1267 11
49756.7798 15
49852.0542 16
49872.0855 3
50082.4693 10
50108.4960 10
50219.9714 12
50375.9611 20
50534.3035 19
50659.9836 13
50832.3138 20
51027.3533 16
51193.0584 7
51389.9474 12
51499.8064 16
51694.8465 9
51773.5358 7
51914.1246 3
52077.0101 11
52186.8689 15
52271.3226 14
52418.0221 15
52499.6093 1
52632.6553 4
52725.1446 1
52874.9453 17
52949.1231 2
53182.7914 3
53305.5499 17
53336.2272 6
53491.5100 5
53626.8728 20
53824.8191 7
53909.6549 16
53948.9191 9
54059.8375 15
54087.8394 5
54234.6364 4
54322.2149 9
54476.4325 13
54586.5554 6
54766.1049 13
54906.0745 1
55121.7524 19
55278.0564 12
55318.9589 15
55516.8182 11
55638.6316 10
55863.1512 11
56060.6345 6
56229.4770 4
56297.4284 11
56445.8252 14
56545.4204 12
56700.7296 19
56747.2710 15
56786.7518 6
56928.7844 1
57001.1607 17
57197.2558 13
57404.4714 15
57529.3914 7
57676.7237 13
57791.5924 17
57924.8208 11
58103.9597 4
58284.7638 15
58484.2842 3
58589.4525 2
58756.0856 7
58809.0966 15
58857.3151 21
58988.1550 5
59100.6139 14
59177.8024 11
59266.9981 16
59302.5151 2
59512.8477 14
59738.9558 15
59801.6294 4
59907.1581 5
60048.5957 15
60177.3386 13
60254.6219 5
60423.8928 15
60548.1758 3
60601.1099 21
60739.2377 1
60914.8870 9
60951.5725 20
61080.3948 2
61196.6087 18
61289.1295 10
61477.1817 15
61552.1065 8
61700.2328 12
61793.0995 15
61882.7587 1
61939.8712 16
62008.3811 8
62192.9397 11
62265.7398 1
62300.3450 20
62350.7492 11
62392.9629 11
62520.9113 21
62576.4589 8
62685.2457 18
62745.7061 2
62828.8101 13
62971.8236 13
63156.6279 12
63352.6322 4
63434.9343 21
63606.3343 10
63677.6183 3
63835.7118 13
63950.1268 4
64166.9631 9
64317.9443 20
64478.3274 18
64642.0807 6
64728.3169 4
64836.9085 1
64871.9089 1
64993.8799 8
65055.6268 11
65090.1799 12
65247.7645 10
65463.6967 12
65528.1109 5
65721.8506 21
65900.5107 11
66008.4420 11
66095.1054 16
66215.6234 5
66423.8749 5
66512.0287 5
66589.2711 11
66719.0899 1
66877.2445 18
67073.7257 1
67136.3983 18
67282.6996 12
67469.7578 18
67575.3386 16
67643.4660 17
67738.2402 11
67868.5033 20
68026.2730 21
68222.8759 5
68308.1443 4
68492.9961 18
68513.0054 16
68629.1793 4
68763.9545 1
68829.2742 14
68872.3885 5
69076.3626 9
69222.6715 18
69390.7891 4
69607.9260 12
69662.4389 5
69702.3848 16
69810.4993 20
69861.3642 13
69910.6200 15
69945.8006 16
70000.9656 15
70186.6027 9
70382.1628 8
70519.1262 12
70717.1362 16
70915.4851 11
71102.6095 12
71239.8489 10
71323.2716 21
71497.2522 21
71696.7727 5
71746.0669 11
71942.9124 10
72057.3589 19
72102.8214 8
72200.1129 16
72297.6287 9
72360.3369 14
72429.4845 11
72578.6457 3
72652.2687 3
72683.8907 17
72709.0870 17
72770.5984 15
72956.6212 13
73106.8284 12
73240.0168 3
73404.1316 7
73574.5044 15
73699.0149 11
73748.1421 21
73787.8794 4
73905.6756 8
74075.8607 16
74157.1618 19
74328.3337 1
74544.4904 13
74714.2314 4
74851.8398 11
74953.7297 12
75134.3733 14
75205.4521 12
75349.1700 6
75523.1703 8
75628.5696 1
75817.1421 18
75973.0117 21
76020.8782 3
76055.9185 4
76197.0958 11
76237.3750 4
76413.9315 13
76533.6419 19
76556.3010 18
76697.1989 9
76827.8864 18
76913.6369 11
77068.5299 13
77219.0593 21
77367.9245 15
77391.7601 1
77441.6148 12
77634.5588 11
77675.0917 16
77828.9482 18
77904.0954 6
78084.2634 13
78266.0865 18
78332.7924 11
78360.6001 10
78577.9281 7
78674.5523 16
78726.7759 19
78808.6256 14
78892.0265 9
79088.5394 12
79263.1310 10
79356.9251 11
79469.0570 14
79652.3878 18
79734.8872 5
79776.1812 6
79928.5712 12
79952.0698 13
80051.6334 11
80084.1354 12
80285.9891 7
80441.3770 10
80533.1959 15
80609.6677 11
80683.9091 18
80820.7572 18
80932.2471 18
81048.6491 19
81201.6540 16
81369.9447 8
81577.5435 11
81681.4537 11
81800.1583 14
81880.5848 3
82026.9450 20
82153.4955 12
82282.9275 19
82336.6799 18
82477.5421 6
82617.0339 11
82733.8510 20
82861.1809 1
83018.0313 8
83175.2533 11
83240.8907 12
83356.2668 20
83527.0446 11
83665.4822 15
83797.0418 11
83924.2554 5
84124.9192 19
84204.1621 20
84368.3399 12
84413.2516 13
84487.8063 11
84513.6671 1
84700.6274 18
84879.0038 15
84945.3563 10
85120.5267 20
85310.0626 20
85484.8663 6
85620.3188 11
85721.6554 11
85828.6011 9
86013.3298 11
86101.1594 11
86235.6756 1
86358.7687 8
86458.9190 16
86526.4058 18
86579.9308 11
86702.4481 16
86728.4607 14
86831.9265 21
87014.2626 8
87124.5123 10
87239.5527 19
87385.4168 21
87514.1769 13
87626.7845 18
87747.4019 18
87850.0604 6
88035.0401 8
88131.1787 17
88328.9562 2
88484.9904 9
88669.1666 21
88844.2005 3
89009.9423 7
89134.0121 19
89215.2105 14
89450.7257 11
89590.1456 10
89815.5205 11
89933.6417 12
90021.0193 18
90052.2641 4
90270.7272 16
90439.6814 12
90563.8227 15
90648.5063 12
90690.7039 16
90842.4695 3
90999.7249 11
91152.9026 20
91323.9873 4
91522.4045 20
91610.2996 6
91658.3708 21
91824.3881 13
91934.6535 2
92114.7021 13
92212.1020 3
92265.1318 3
92333.4314 8
92478.7032 10
92560.6328 8
92777.6777 11
92898.0269 2
93040.0952 17
93107.6533 6
93214.6663 19
93349.7454 18
93437.1886 8
93540.5533 4
93772.2671 15
93950.3452 5
94107.9995 5
94199.9548 12
94372.3373 3
94448.6717 12
94549.5196 3
94640.2816 13
94733.8604 18
94789.0007 7
94821.9367 20
94967.6185 7
95022.1456 18
95193.0247 8
95274.5722 12
95327.0039 18
95436.5543 14
95600.5536 4
95666.8621 16
95774.0568 17
95937.3673 16
96122.5079 19
96221.0594 15
96347.4090 20
96449.2883 8
96526.6205 11
96698.0704 8
96818.5873 1
96882.5227 4
97032.7621 18
97092.7085 16
97253.6067 5
97351.3010 1
97518.0129 15
97713.5193 13
97854.9819 2
98097.5951 12
98177.4447 9
98328.2775 21
98476.7657 21
98522.7715 7
98694.3325 15
98782.1461 11
98830.1897 15
98986.6105 11
99135.3751 5
99347.8191 17
99500.7761 12
99523.8551 12
99657.8266 7
99775.8699 4
99966.7904 1
100177.7596 13
100269.5040 11
100312.3556 11
100376.8183 4
100569.8477 10
100649.0154 8
100860.0094 18
101014.5159 2
101233.6458 21
101424.7039 10
101462.7850 11
101611.9806 11
101790.3094 15
101981.6896 7
102100.5213 13
102232.8249 12
102261.9629 6
102329.1812 11
102481.1455 9
102503.4782 12
102585.5585 20
102737.7301 4
102840.2640 4
103061.1944 21
103159.9392 12
103222.1420 3
103370.0633 15
103427.4936 1
103558.6431 11
103634.9488 19
103800.0100 12
103839.0072 4
104001.9394 2
104161.1906 4
104358.5433 16
104504.6965 11
104577.7203 15
104652.2494 7
104681.9188 9
104884.0780 8
104954.6017 18
105094.6236 17
105182.2559 14
105311.8198 11
105401.1873 6
105589.8505 14
105798.6362 12
105892.7862 14
106049.9254 9
106101.2174 20
106276.4108 21
106318.4043 20
106469.2805 11
106664.5733 4
106846.5677 21
106897.0385 5
106969.6134 18
106994.2266 19
107148.4677 18
107239.9979 18
107361.3343 4
107590.0083 13
107782.6931 4
107876.5217 15
108038.2849 4
108158.9902 2
108273.7921 3
108304.6116 10
108503.8186 16
108707.6635 18
108766.6634 16
108956.7160 20
109045.9970 18
109218.6296 6
109438.4766 18
109500.3659 12
109626.8155 2
109828.5722 4
109967.5095 9
110136.2770 9
110326.5877 7
110422.7729 12
110546.8022 18
110731.5183 13
110892.1682 8
111123.9689 12
111223.4885 15
111243.8991 12
111378.0503 12
111442.8156 11
111618.0009 3
111736.4594 2
111876.4176 12
112007.6919 16
112045.0114 11
112186.1519 5
112388.1414 16
112414.4070 11
112479.7091 8
112566.9205 19
112658.2810 11
112730.1676 9
112830.1175 20
112952.2856 20
113114.6880 15
113233.0663 7
113393.3422 12
113417.6234 18
113602.5111 4
113659.6441 7
113755.4304 12
113848.2491 10
114048.7124 18
114136.7005 12
114271.1151 18
114363.7494 9
114397.8343 18
114595.0328 11
114760.2918 14
114849.0660 6
115003.5618 5
115063.1103 12
115167.8484 18
115365.7623 18
115427.2304 7
115523.6880 1
115559.1906 7
115595.1224 20
115756.6658 16
115903.1754 18
115960.0055 2
116020.9661 19
116200.3762 11
116356.8136 2
116473.9303 21
116669.5060 19
116770.4416 18
116842.8690 5
116965.8910 13
117067.2665 14
117223.9266 7
117382.9324 11
117532.8624 19
117712.4466 16
117911.5898 16
118004.6590 11
118205.5863 18
118232.0143 14
118354.1623 2
118421.6856 11
118565.8591 10
118649.8701 19
118829.9006 12
118934.8844 7
118983.3437 11
119021.4680 11
119206.1244 11
119226.9242 13
119434.2570 10
119550.8294 5
119626.5093 4
119728.2633 6
119870.4704 16
119940.1620 1
120087.2566 18
120203.5677 12
120341.3395 20
120478.4180 11
120578.4770 19
120661.1772 1
120795.1944 5
120882.8919 12
120972.2492 11
121141.0051 21
121190.7642 9
121317.5687 4
121407.8083 1
121459.5720 10
121510.1990 10
121703.2148 12
121777.7534 12
121936.0413 3
122005.2988 10
122046.9800 3
122171.2630 2
122239.8263 15
122428.6988 16
122460.3487 2
122581.8797 8
122792.1973 11
122877.9242 18
122963.5195 6
123185.8988 2
123423.9019 12
123611.7593 3
123748.0821 9
123878.4489 17
124077.9471 4
124148.1126 12
124187.8295 18
124334.4073 19
124390.3852 13
124536.6104 10
124592.8710 18
124694.1894 20
124818.8548 18
124989.4348 12
125082.3205 18
125121.0556 15
125204.8578 21
125391.0922 2
125563.6192 4
125700.4048 18
125833.0302 11
126000.8957 14
126195.1877 18
126374.2813 14
126472.8158 15
126615.4751 16
126681.3737 8
126791.5404 11
126876.2580 8
127071.7070 18
127219.5764 18
127284.4528 17
127376.3531 12
127557.1084 11
127597.0069 5
127651.3630 15
127754.0596 11
127794.0398 1
127858.4507 4
128077.8957 1
128148.6798 21
128230.9215 6
128461.9904 11
128492.6119 21
128680.1479 11
128744.4892 2
128925.6791 17
129003.7619 11
129123.6830 3
129209.5146 16
129272.7476 17
129399.1744 10
129420.8807 10
129524.0703 12
129603.6037 5
129758.7297 12
129853.4017 12
129996.5306 19
130085.5160 6
130302.0858 10
130361.8070 16
130486.4870 8
130637.3302 1
130775.2819 13
130982.5228 20
131033.7571 6
131108.9538 14
131295.0125 18
131417.5528 7
131541.0570 18
131702.2731 7
131905.4526 6
132011.9514 11
132134.2464 7
132284.1769 11
132314.4933 11
132362.2283 17
132511.6548 11
132563.7182 10
132781.5758 15
132819.2446 20
132941.9002 1
133093.9183 13
133272.9975 18
133292.8024 10
133525.1714 10
133573.8914 11
133707.8874 18
133742.7075 14
133859.2320 13
133999.4945 6
134184.3114 11
134213.0403 12
134271.5588 19
134385.6589 16
134519.7983 12
134573.1461 8
134797.9361 14
134998.0224 16
135162.6983 11
135271.1096 12
135325.2195 18
135470.5257 21
135628.9020 14
135811.2319 11
135834.0633 16
136016.3997 12
136143.0059 7
136338.6868 6
136556.7765 18
136574.7073 20
136749.0871 6
136803.5986 12
136941.7596 18
137119.8808 4
137206.4790 4
137276.9455 5
137364.9081 7
137419.2597 2
137616.2554 12
137811.7523 9
137975.0069 14
138209.5912 7
138366.6976 11
138425.7922 4
138518.9419 9
138592.8839 15
138612.5247 5
138671.7970 12
138693.8753 13
138863.2607 12
138906.3591 20
139057.8201 4
139201.7920 6
139325.0898 12
139392.5415 9
139435.4329 20
139455.1375 10
139590.0609 16
139646.0043 18
139833.4803 2
140054.2786 13
140097.3345 19
140162.3344 5
140265.1297 5
140346.8210 11
140452.4001 20
140611.7328 21
140814.1503 1
141026.1887 3
141200.9193 1
141327.3263 1
141427.2851 21
141566.6738 17
141732.7723 13
141820.0938 19
141894.6191 1
142115.1820 20
142284.7041 18
142316.0071 14
142504.1694 1
142621.6332 11
142757.8200 18
142779.0408 6
142931.2960 6
143075.7654 12
143154.3852 11
143326.6063 8
143499.0139 20
143557.7975 11
143637.9857 15
143666.8366 4
143828.0487 5
143970.4977 19
144134.9485 6
144324.7332 13
144353.6317 3
144381.0057 5
144551.6831 10
144714.5785 2
144762.4786 6
144909.2493 9
144957.4314 2
145175.0826 11
145274.2546 16
145397.5036 17
145562.1038 17
145681.9969 16
145731.6787 12
145787.0831 11
145930.9504 11
146077.7162 11
146254.4792 1
146310.5905 16
146427.2732 8
146639.5978 12
146695.4907 5
146735.1955 12
146815.6380 18
146909.2201 5
147101.7740 18
147165.4134 11
147201.3443 12
147356.2246 3
147513.3073 15
147549.2817 21
147623.8326 8
147752.7231 11
147830.9915 21
147872.5206 11
147985.1156 8
148153.0582 8
148355.4125 12
148441.8628 18
148468.1347 6
148664.5211 5
148826.9058 20
148955.3471 15
148998.4361 3
149162.1491 14
149280.9381 21
149448.3552 3
149567.6203 11
149661.2017 15
149721.2494 12
149891.8976 20
149986.5371 19
150116.8647 18
150147.4987 13
150220.1466 21
150409.5884 16
150436.8075 4
150529.7190 16
150564.9696 11
150653.1272 12
150805.3904 10
150970.7571 20
151083.2375 20
151232.4843 5
151316.6859 18
151510.3686 19
151691.3622 11
151887.4681 7
151952.4248 11
152099.6815 5
152148.2940 5
152226.9340 10
152332.5030 11
152356.1126 20
152481.2047 14
152676.9456 15
152834.5459 17
152856.5905 9
152939.6630 5
153073.6189 18
153179.6354 21
153220.6793 1
153407.6708 4
153532.7742 7
153608.8002 14
153725.1627 11
153767.7465 19
153816.7954 11
153851.4346 17
153974.6948 6
154102.8762 1
154187.3105 7
154220.0570 11
154357.6097 5
154487.6818 12
154557.6227 15
154653.4477 1
154832.4535 15
154859.5706 9
154914.4302 18
155052.8008 8
155280.0011 11
155413.4282 9
155435.1969 20
155473.5775 15
155528.6787 6
155674.3954 20
155841.9816 12
155899.4249 9
156043.9320 19
156120.7257 2
156201.2157 12
156396.0003 12
156478.8148 5
156662.0574 20
156724.8920 8
156887.5734 11
156960.9825 11
157153.3185 7
157276.2129 9
157304.2062 20
157412.4303 11
157573.4733 15
157713.9543 5
157878.7959 14
157938.4709 11
158075.5973 10
158117.6007 11
158304.1024 5
158500.9364 9
158528.1949 2
158716.0421 15
158912.7942 11
159023.4241 4
159241.7411 21
159271.5906 2
159382.9343 13
159409.6721 7
159572.3626 15
159685.2839 9
159877.3172 6
160037.9428 18
160089.2598 3
160281.7250 12
160448.1719 4
160610.7951 12
160700.0296 12
160789.7849 18
160884.4767 8
161002.2770 7
161144.3807 9
161250.6459 13
161287.9831 10
161340.6809 8
161425.1566 20
161492.5035 11
161581.5787 4
161729.1318 5
161902.9046 16
162100.1249 8
162165.3933 13
162296.5807 18
162348.5687 5
162460.5754 17
162497.5075 2
162697.9704 21
162797.4569 18
162951.3099 7
163101.9716 11
163196.1120 15
163226.4459 19
163287.7201 1
163343.9985 16
163424.6384 1
163532.1855 11
163714.2538 18
163854.3387 1
163986.9912 18
164080.5275 4
164191.9321 7
164356.5033 12
164404.6865 17
164490.5290 11
164519.5415 17
164582.7408 12
164638.2358 14
164824.7800 17
164991.5497 12
165146.6219 11
165265.5684 12
165389.4877 15
165449.5296 5
165581.2041 8
165679.0385 12
165873.1514 11
165924.6387 13
166097.7708 12
166162.4761 15
166280.0275 10
166443.1263 3
166613.9346 8
166823.7336 11
167014.6024 2
167244.2819 11
167327.0989 1
167397.6364 11
167566.0694 4
167649.2536 3
167810.4479 6
167941.0509 17
168117.2104 12
168300.0465 5
168348.3281 15
168444.7606 11
168600.5638 18
168692.9907 18
168892.8728 7
168940.0484 17
169109.2862 2
169185.6117 15
169211.5688 11
169284.4655 10
169350.8480 12
169405.9191 11
169465.4269 18
169615.8789 6
169808.4662 4
169904.2239 5
169933.3524 17
170095.0917 6
170149.8691 16
170300.4152 10
170387.4673 9
170472.7828 11
170542.0893 1
170615.6311 15
170731.3745 12
170917.9427 15
170973.5303 2
171136.4569 13
171223.7443 15
171249.7723 1
171416.6783 14
171518.0115 7
171545.0069 8
171600.3978 1
171771.8215 11
171915.3761 13
171968.1650 11
172126.5479 21
172175.2894 9
172216.8512 15
172384.0903 18
172473.2878 10
172591.5725 12
172632.9365 6
172759.5047 10
172907.5948 18
173058.2646 5
173237.1855 17
173395.8078 15
173457.7935 18
173640.3563 19
173665.9597 13
173783.6462 6
173843.1808 10
174042.2793 14
174205.2092 11
174346.4155 12
174434.4566 11
174468.5774 16
174518.6929 10
174575.2462 16
174745.7866 10
174879.3298 18
174920.5745 10
175132.9404 4
175259.5126 9
175321.7812 11
175402.0234 15
175540.9737 8
175688.6137 21
175740.9943 5
175818.0940 21
175908.3817 10
176044.1177 21
176189.5643 8
176244.4877 11
176446.5298 13
176609.1442 9
176791.3494 6
176897.3229 4
177081.8522 10
177199.1497 1
177300.8467 15
177382.1283 7
177547.9962 8
177673.6491 10
177761.8816 11
177800.6890 6
177910.5522 18
178108.8991 16
178218.8532 10
178307.5447 12
178466.8396 21
178601.4110 13
178659.8244 16
178853.4330 6
179053.9284 21
179186.2506 19
179304.0005 7
179452.8747 15
179565.3263 13
179607.7493 8
179695.1440 8
179732.5569 12
179800.7046 2
179984.8491 6
180137.2857 15
180213.9061 11
180236.9899 18
180343.4433 12
180462.5899 17
180545.4430 2
180692.7217 10
180779.5584 11
180924.4012 4
181015.7941 3
181170.3082 15
181315.0379 19
181456.5892 21
181651.1539 8
181820.1347 4
181984.2126 12
182133.0477 15
182217.7140 16
182376.3417 13
182541.2642 5
182694.4234 21
182784.4748 9
182881.7751 12
183030.3743 13
183070.2249 4
183302.9868 15
183439.0660 11
183619.7788 9
183658.0134 1
183780.4704 18
183911.1738 11
183933.5514 15
183990.8545 17
184034.0221 20
184169.1297 15
184207.1978 3
184347.7182 2
184425.4568 19
184584.7316 11
184701.7740 12
184735.5964 20
184863.5779 13
184910.8145 9
185052.0241 18
185135.5191 12
185308.3385 11
185492.1124 16
185596.3833 10
185756.5370 10
185798.2635 4
185955.7247 3
186158.9757 12
186203.3251 5
186384.4966 11
186564.3506 3
186669.4053 16
186757.0620 13
186826.8301 16
186861.9663 11
186996.8805 16
187048.2435 5
187087.4627 6
187260.6360 1
187351.6904 2
187513.5820 21
187557.7755 21
187684.4881 13
187814.8626 17
187997.9471 18
188028.2176 10
188096.8206 12
188156.9172 1
188245.1454 11
188286.7358 12
188330.3458 16
188525.0407 18
188558.5950 10
188614.2241 1
188716.4797 20
188796.6640 10
188963.3152 18
189142.6273 11
189269.5924 18
189309.5927 12
189438.3464 15
189489.6668 18
189623.0617 10
189717.0930 9
189871.2849 11
190055.4247 19
190151.3160 11
190286.3922 18
190451.8596 11
190575.3514 7
190634.1460 10
190824.0355 12
190939.8950 16
191094.7522 5
191289.5368 4
191473.6775 1
191647.8786 16
191680.3927 16
191881.6664 6
191968.7086 18
192068.6409 20
192271.5612 12
192340.5997 17
