1494
38533.5221 12
38605.9609 4
38776.6326 18
38804.5914 14
38885.8247 11
38956.8993 11
39069.0354 1
39121.3882 5
39188.7231 17
39258.9773 11
39379.6831 20
39434.1105 11
39598.3970 3
39780.8295 19
39938.2637 15
40010.6535 21
40156.9228 7
40307.5009 18
40506.0431 11
40592.7275 16
40658.8725 11
40802.6517 17
40889.2746 11
40933.2952 17
41036.0314 9
41106.5580 12
41262.1907 4
41448.6030 14
41539.2689 11
41602.6142 12
41678.7788 18
41783.8801 9
41955.2622 14
42070.3230 17
42200.6834 6
42391.2641 18
42557.8608 6
42732.2649 18
42902.8758 21
43052.9044 12
43197.9200 12
43315.5854 3
43370.8062 15
43419.5024 21
43469.4354 11
43542.8749 12
43740.6605 17
43853.9470 18
43920.4021 3
44076.7466 16
44225.7961 13
44429.2301 6
44637.2026 12
44800.6923 15
44879.4310 7
44917.6306 4
45048.0296 19
45078.6763 8
45100.3360 18
45198.3773 13
45394.5764 18
45580.8737 8
45729.6835 17
45894.9931 15
46088.5004 4
46293.5657 7
46489.6480 20
46673.6071 12
46806.7706 11
46975.3050 2
47156.0804 18
47318.2207 18
47480.8147 11
47565.4260 11
47655.3251 6
47798.4305 11
47915.7482 2
48108.4285 11
48147.5191 3
48185.5425 5
48304.4360 4
48361.4272 11
48418.1122 12
48554.6709 12
48687.7135 10
48875.0383 17
48970.0344 11
49066.4135 11
49088.5347 21
49137.1584 18
49311.5658 13
49462.7808 16
49636.4509 13
49704.8791 8
49888.6183 6
50104.3120 21
50204.9807 6
50247.1421 18
50373.9931 5
50462.1516 5
50675.1175 20
50871.0608 12
51070.0002 11
51185.1985 4
51277.1833 3
51450.4943 5
51535.2500 16
51628.1598 7
51680.3181 11
51781.2157 11
51841.2215 14
51947.7331 6
52133.4659 12
52308.7692 1
52456.3419 11
52643.7823 3
52704.4171 13
52827.2222 8
53029.9944 12
53107.7455 17
53198.6666 15
53346.1825 11
53458.5123 6
53560.6378 11
53710.4251 11
53740.2343 18
53913.0417 3
54094.5038 14
54177.5634 21
54285.9186 19
54353.2706 7
54490.6751 2
54616.7557 21
54727.7643 16
54832.2385 11
54916.6372 4
55078.4179 21
55261.4320 2
55477.6801 11
55616.7748 16
55787.6320 12
55932.7580 18
56099.5893 6
56153.3772 9
56170.2136 11
56209.0604 6
56368.5871 11
56446.6634 12
56635.3332 15
56674.2074 21
56818.9982 20
56922.6199 12
56998.3592 5
57149.6860 11
57293.6746 6
57492.9865 15
57582.5702 1
57798.5720 7
57922.9117 18
57976.6370 10
58106.5981 19
58196.2112 12
58373.8755 17
58428.4315 17
58565.6086 9
58594.3889 3
58773.8375 16
58930.2762 12
59066.4100 2
59288.5630 20
59456.4576 2
59637.4580 3
59844.6797 13
59897.2824 4
60081.3581 1
60126.4045 15
60254.7086 18
60445.1023 19
60572.4866 9
60773.5737 16
60806.2823 21
60899.7082 18
60935.0890 12
61116.1757 14
61215.5914 19
61410.6109 14
61615.1099 16
61663.4995 19
61842.6509 5
61871.3049 7
62042.5167 10
62271.2398 17
62318.9557 16
62400.2630 14
62502.2655 7
62605.4128 16
62779.0024 12
62821.9237 3
63025.7329 9
63176.9437 11
63211.8483 17
63265.8731 5
63340.9356 7
63465.7103 8
63633.8504 2
63712.2104 11
63873.1915 18
64002.4593 12
64184.6686 11
64365.0293 17
64428.1581 8
64567.3480 21
64606.4684 11
64719.2442 19
64878.0712 21
64982.3740 16
65018.0354 15
65046.5760 14
65264.6636 2
65479.9180 18
65560.7071 11
65604.6555 11
65733.4250 9
65753.2240 3
65804.4368 9
65867.1618 17
65995.0330 2
66141.0931 3
66323.0529 15
66400.8034 13
66588.7667 21
66643.0179 1
66735.1912 12
66810.1162 3
66849.1215 13
66901.5476 10
67080.3001 6
67156.3319 9
67337.8460 6
67544.6644 15
67661.2585 21
67781.7695 18
67867.4772 1
67993.7506 14
68086.6373 15
68151.0447 18
68320.7536 18
68461.1938 20
68577.4584 9
68733.4229 12
68878.3031 12
68897.4319 11
69071.9264 2
69197.7206 1
69332.6846 1
69499.1867 9
69627.3082 18
69728.8906 13
69848.1112 13
69927.7515 11
70099.2686 15
70214.0921 11
70413.3180 11
70457.9369 15
70652.7747 21
70756.7123 15
70944.0038 2
71054.6480 4
71156.9373 11
71199.1421 18
71298.1316 6
71520.3526 10
71683.6556 10
71890.7921 1
72013.0624 8
72166.2989 1
72299.9475 15
72383.1503 11
72545.8101 11
72588.5740 16
72737.6069 16
72872.8332 6
73015.8691 8
73226.8437 13
73311.7433 16
73480.6471 1
73665.1412 15
73698.0710 3
73816.5941 6
73893.3467 11
74084.5441 15
74200.1314 20
74298.0222 17
74318.2108 17
74461.0534 12
74591.9436 17
74653.5470 9
74734.7132 18
74767.2556 21
74909.1612 14
75082.6869 15
75117.3412 11
75242.1292 7
75427.4110 12
75530.3125 2
75734.8929 11
75918.6541 4
76094.3017 19
76235.7016 8
76388.1789 7
76572.8530 21
76747.2833 17
76939.3048 15
77112.5428 20
77236.1844 6
77347.6884 15
77370.3327 4
77594.5569 19
77659.5275 4
77884.6485 12
78023.7852 17
78227.6044 11
78280.6928 11
78450.7453 19
78577.6107 18
78736.8650 8
78859.1740 15
78920.5822 2
79016.6989 2
79223.9551 3
79303.5729 17
79412.3662 9
79468.7002 21
79614.5720 15
79730.7217 5
79857.6604 13
79918.8925 18
80106.1980 6
80311.4022 12
80337.5076 3
80520.4961 12
80588.6313 14
80644.0418 10
80831.6358 18
80895.5909 18
80993.6081 5
81088.3161 15
81289.7863 8
81384.5198 13
81575.8376 11
81608.0365 20
81714.9407 7
81858.7729 12
81983.2430 14
82144.3739 20
82343.2226 13
82433.5168 7
82523.9947 8
82612.5510 18
82743.7212 17
82829.1327 16
83000.1203 16
83077.4419 15
83251.8935 3
83316.7498 9
83489.2912 13
83646.2492 8
83772.9090 2
83974.5778 16
84027.2137 2
84235.8875 15
84375.3184 21
84514.4035 16
84563.3932 19
84759.3315 9
84947.9484 10
85042.5663 4
85200.0655 14
85312.8246 9
85350.2138 18
85378.8453 11
85482.9526 15
85581.0644 12
85708.3530 18
85780.6242 3
85955.9517 12
86124.4697 4
86255.4613 14
86397.3757 15
86422.3134 21
86482.7217 5
86516.1288 2
86581.0817 7
86606.7269 4
86763.3553 21
86888.5253 12
86931.1976 21
86997.8043 12
87060.3543 2
87169.3303 10
87211.6744 19
87331.8817 21
87471.2919 10
87666.8237 12
87795.8815 8
87898.7259 18
87991.0274 2
88075.6686 18
88228.2929 2
88473.4543 7
88555.3155 17
88671.5761 14
88817.2119 3
88942.7674 17
89001.7496 6
89159.5210 18
89319.1239 12
89359.8967 4
89536.6769 12
89724.7111 14
89905.3069 12
90107.9294 9
90178.1781 18
90304.3293 20
90470.2088 11
90585.0508 1
90648.9262 16
90840.6981 19
91019.9010 16
91177.2305 1
91244.4065 14
91351.3711 10
91441.6621 7
91581.4278 11
91667.6911 9
91797.6969 17
91905.5896 8
92039.0259 12
92124.5862 18
92224.8171 2
92381.8352 3
92415.1528 15
92450.6937 13
92533.3938 15
92609.4657 7
92774.1754 12
92808.8505 1
93006.9767 2
93136.7571 11
93160.7826 11
93345.3342 6
93495.5954 10
93590.1331 3
93653.2668 17
93780.3807 10
93874.1275 13
93979.7805 3
94166.8216 10
94308.3950 3
94406.0342 8
94516.6950 9
94689.8734 13
94802.5413 15
94950.0570 13
95108.9629 11
95275.7466 8
95360.3186 1
95544.3999 11
95621.2140 18
95770.3663 11
95807.2202 10
95971.2055 15
96057.1158 3
96148.0863 3
96259.7085 15
96403.2266 12
96531.8393 13
96567.7972 21
96701.2456 8
96866.0501 19
97036.5684 6
97133.5870 16
97162.3593 16
97230.1664 9
97404.1529 6
97592.8778 11
97725.0201 10
97937.9334 2
98056.1854 11
98181.5805 16
98256.1073 8
98392.5344 5
98440.5874 12
98513.5244 4
98637.7700 12
98789.7139 6
99000.3409 3
99190.7795 4
99264.1281 5
99460.1396 8
99560.6047 17
99718.4098 1
99785.9790 13
99848.9140 21
99946.5756 7
100065.6398 2
100155.0806 13
100253.9375 4
100394.5268 18
100454.1272 4
100652.7635 10
100768.0162 4
100926.3553 15
100949.0162 11
100995.7065 11
101038.5852 20
101066.7125 19
101259.2807 16
101450.4970 18
101489.3070 18
101606.2253 11
101787.5602 11
101868.7509 19
101936.6912 11
102081.7947 15
102222.5261 12
102250.4473 17
102302.8556 12
102444.7078 6
102503.0275 18
102595.2906 16
102630.9686 6
102826.3354 9
102958.2459 1
103020.1458 12
103119.4880 14
103279.6327 18
103335.2098 12
103479.0748 15
103617.3663 17
103779.3829 12
103945.6830 2
104160.0596 18
104178.0521 1
104268.2022 1
104321.9938 21
104531.1270 18
104552.4827 12
104746.2597 12
104827.6307 8
104921.1900 9
104981.0406 9
105157.9528 20
105311.5903 9
105417.9561 21
105465.1337 5
105517.3881 18
105547.2530 9
105574.4171 5
105667.4005 11
105690.2364 12
105766.7474 18
105929.1095 1
106106.9553 19
106235.3338 3
106292.5824 12
106406.1221 17
106442.6137 8
106586.6779 8
106787.4796 11
106896.4115 11
107061.0326 12
107157.2135 9
107190.0234 13
107360.8975 8
107480.1174 20
107638.4793 8
107872.8821 8
107944.2502 21
107984.4718 6
108191.7049 19
108230.0345 21
108352.1620 6
108552.9547 19
108572.2671 16
108748.8250 4
108838.4571 17
109003.1300 3
109150.0076 8
109333.3229 18
109460.2082 18
109491.9613 13
109591.3790 2
109727.5027 11
109901.3661 6
110111.7395 1
110195.7205 8
110261.5756 16
110292.0412 11
110457.7550 12
110585.8599 18
110683.2355 11
110835.0672 18
111019.2387 17
111210.7786 6
111384.9397 15
111519.4234 10
111657.8196 4
111762.7475 17
111920.6127 5
111985.0405 16
112182.4128 2
112259.1181 17
112328.8677 12
112365.0984 5
112575.7686 20
112693.7822 12
112840.5077 12
112882.1569 11
112915.4054 16
112938.8413 11
112983.4998 18
113019.7543 18
113141.6081 11
113331.2735 4
113491.7248 16
113528.3771 5
113646.1468 12
113850.6045 10
114056.2888 10
114216.6309 21
114256.8114 11
114351.3349 18
114527.4368 11
114595.0576 12
114627.5890 10
114798.1730 11
114912.8798 7
115007.7263 6
115260.8013 11
115342.7447 4
115405.9170 19
115516.4818 5
115721.7446 1
115818.6317 1
115947.5357 15
116048.9225 17
116077.3176 1
116152.9348 12
116181.6686 5
116277.5567 16
116354.0488 10
116375.2851 14
116574.1494 10
116640.4062 20
116750.9155 10
116843.0957 11
116908.8976 1
117012.2801 18
117107.2068 16
117214.0812 11
117240.1537 9
117333.9004 8
117450.3916 3
117563.3328 21
117751.4580 18
117931.4836 10
118066.6456 16
118110.3552 16
118273.6321 15
118344.4528 18
118494.7576 4
118707.0778 12
118893.0137 2
119076.7898 7
119262.3838 12
119306.3641 2
119515.5086 10
119544.0006 12
119576.6341 9
119622.6947 9
119815.7081 1
120031.5205 13
120173.8421 21
120287.0845 6
120360.6336 4
120474.4633 1
120593.4197 20
120684.9188 11
120742.4757 11
120850.4039 4
121018.7586 10
121109.9817 4
121278.9835 5
121427.9829 19
121580.4164 13
121676.6941 18
121719.0644 18
121812.5606 3
121956.8850 17
122002.0837 9
122079.0197 10
122256.4224 6
122378.4643 11
122404.8835 18
122531.0477 1
122587.9580 1
122674.7902 11
122696.6272 12
122811.5533 2
122986.3950 12
123167.3250 11
123217.4105 12
123415.5251 12
123510.1359 6
123695.4907 6
123875.7174 9
123987.3876 18
124157.4243 20
124297.0795 11
124408.1840 2
124472.0270 3
124662.5760 9
124835.2253 14
125026.4530 16
125091.1852 18
125263.1312 6
125502.4352 12
125611.9725 9
125660.6322 1
125751.5998 3
125836.4295 18
125977.3466 19
126089.2865 14
126152.8770 11
126337.3874 3
126484.1963 21
126647.2852 8
126734.1714 4
126850.0958 10
127018.2742 3
127179.2370 15
127349.3667 20
127376.2566 11
127578.0065 11
127734.4541 18
127893.8561 3
128004.0873 18
128184.1762 19
128337.8725 14
128484.0303 21
128626.1816 12
128806.5403 18
128953.4983 16
129106.3334 11
129295.8188 21
129404.2921 15
129501.8934 16
129627.8634 11
129672.2162 20
129731.2513 17
129808.6409 18
129991.0179 1
130074.7922 13
130153.6448 13
130342.7563 12
130389.1534 12
130424.3320 6
130562.4877 12
130652.5559 1
130813.5320 12
130917.0386 12
131082.0513 1
131182.8812 7
131283.9695 12
131398.4811 4
131484.7009 7
131664.2995 11
131762.3687 17
131913.0249 21
131966.8883 12
132051.6655 12
132216.5762 15
132318.6595 14
132532.0739 19
132595.9674 19
132615.2597 9
132767.1125 18
132796.6351 12
132920.7561 21
133042.7699 6
133185.3597 5
133310.9567 18
133379.1231 8
133546.3027 15
133681.3558 11
133806.8964 1
133970.8283 12
134073.1348 12
134164.5228 16
134298.7393 5
134363.5684 18
134459.1016 2
134640.3151 14
134798.4210 1
134836.9358 16
134946.6915 2
135116.4607 11
135232.7720 8
135297.1240 12
135406.3369 10
135518.4476 11
135569.6446 6
135796.4651 7
135877.8050 12
136032.3488 2
136194.8679 11
136274.1608 12
136388.6590 16
136589.0066 16
136643.0201 9
136707.5025 2
136865.9829 15
137040.7388 4
137168.6476 5
137373.8496 20
137493.9113 2
137644.4176 5
137773.7340 13
137852.0456 19
138001.9169 19
138155.0138 18
138208.0827 18
138308.2322 8
138363.4338 16
138488.4268 3
138650.7772 12
138729.2984 12
138919.4206 3
138956.5527 14
139117.5620 21
139220.1881 16
139404.6794 4
139541.2917 19
139705.2375 21
139862.5765 4
140029.6877 11
140071.9906 11
140202.7801 19
140223.7676 21
140262.4782 19
140381.7438 21
140506.1262 11
140709.7051 13
140755.6666 12
140820.0103 2
141023.5631 13
141101.1479 11
141139.7012 12
141286.3900 11
141385.4172 1
141540.8543 12
141703.4355 7
141736.9468 20
141754.2541 11
141809.4340 9
141930.7344 16
142068.2828 14
142106.7746 7
142279.6869 11
142329.0815 8
142539.3795 19
142686.4509 1
142874.4919 20
142919.2261 13
143010.5521 8
143078.2724 10
143230.8215 20
143356.7872 18
143497.5833 11
143560.5577 18
143632.9376 16
143822.7555 12
143980.8920 11
144107.2610 14
144311.9473 12
144350.6357 16
144371.4668 1
144444.4976 12
144624.8058 12
144813.7528 16
144873.5770 10
144905.2338 19
144973.2886 17
145038.3095 10
145247.0364 15
145385.0456 10
145594.1318 18
145712.2788 9
145838.8626 19
145862.7317 8
146086.4149 18
146147.1384 4
146356.8621 12
146451.0769 14
146602.0194 14
146698.3272 14
146846.3336 13
146886.1127 12
146994.0253 4
147109.6617 11
147134.7952 12
147206.9654 11
147328.6432 13
147529.2596 1
147730.4595 17
147826.6638 8
147998.5536 6
148159.7006 10
148316.8829 16
148501.8044 13
148613.9264 18
148670.6655 15
148814.7739 9
149005.0240 15
149178.7485 14
149346.4353 10
149545.1156 12
149618.6440 10
149646.0242 21
149766.4499 19
149848.8097 11
149906.1178 15
149941.2264 2
150185.4722 12
150348.9146 18
150427.7351 21
150607.0399 7
150775.3868 9
150968.4220 19
151026.8419 2
151177.5011 6
151244.0767 20
151343.2069 10
151456.2315 10
151496.8498 2
151550.5289 20
151587.2162 18
151621.6387 12
151794.5412 12
151903.5160 4
152132.2776 6
152202.3334 12
152295.0498 13
152422.7811 19
152458.5188 4
152640.0390 2
152721.7468 16
152909.9284 18
153019.4178 17
153192.3889 19
153388.1878 19
153568.5184 14
153667.3538 12
153749.4057 19
153864.8851 19
153998.1425 5
154133.5962 11
154302.0161 1
154367.9966 18
154410.3417 15
154512.9176 11
154618.1145 4
154801.9254 5
154906.1675 4
155082.1053 1
155239.5877 10
155382.0089 12
155446.3608 1
155593.9164 6
155682.6741 12
155814.6374 11
155992.4707 14
156173.6156 12
156337.3140 17
156514.3288 11
156570.0288 10
156654.8066 9
156737.1722 8
156764.9612 18
156817.1907 14
156997.9653 11
157202.0437 9
157314.1492 20
157369.3409 21
157452.7196 13
157498.6849 7
157672.0111 18
157714.3735 12
157753.0337 20
157866.7126 9
158057.6385 4
158113.2819 18
158279.8791 17
158445.3178 7
158493.4348 17
158588.8511 14
158678.2924 20
158810.0739 12
158996.6069 18
159066.6065 13
159130.6922 4
159367.0358 1
159565.7426 14
159639.3968 18
159678.4619 18
159736.7055 1
159796.5801 12
159954.4981 6
160123.6364 10
160176.5386 6
160284.9908 11
160373.5460 5
160409.4139 11
160563.1293 17
160736.7774 18
160897.8241 5
161043.0456 13
161081.2912 11
161230.4366 7
161292.1106 20
161313.5621 4
161483.9524 1
161660.7967 16
161805.5753 1
161870.4163 21
162020.1798 3
162215.9859 19
162264.4754 12
162419.8974 9
162587.9340 15
162700.1183 15
162804.6684 11
162837.7324 18
163032.1390 3
163128.6455 18
163213.1542 11
163396.8571 2
163518.5576 9
163559.0980 11
163756.7882 3
163894.2307 17
164093.7968 4
164179.5106 9
164336.4871 7
164429.7900 15
164595.7857 12
164642.0214 18
164680.1146 8
164788.3811 4
164872.8845 10
165083.6441 2
165259.6121 13
165375.9801 2
165468.3363 11
165491.2886 12
165659.9487 12
165848.2101 3
166042.0930 15
166099.9711 5
166218.6693 11
166272.7672 4
166456.2079 6
166572.1348 15
166606.6089 6
166715.4308 16
166793.9997 9
166869.2476 11
166947.7693 19
167010.6013 12
167123.6809 3
167186.5696 11
167262.7467 15
167437.0482 6
167538.8016 17
167615.6327 12
167767.8044 11
167956.3704 11
168127.0545 11
168147.1626 12
168344.3947 18
168447.9551 14
168563.9365 8
168622.8244 6
168727.7808 2
168825.4239 12
168963.3193 1
169176.9160 12
169339.5839 5
169406.5423 6
169526.0724 18
169584.4768 9
169724.3282 15
169774.2329 5
169979.6859 11
170034.5425 14
170180.5777 1
170227.4071 12
170389.1375 6
170458.5786 17
170617.4698 15
170647.7945 2
170768.7791 21
170945.5013 18
171141.4401 9
171320.3768 16
171432.6579 5
171599.7185 15
171726.0496 14
171836.9454 14
171976.7778 12
172049.1715 20
172231.6322 8
172375.3100 11
172554.5160 16
172720.9514 12
172781.1928 12
172860.4965 13
172982.5712 7
173042.8926 5
173095.7080 2
173312.0138 21
173438.6186 4
173673.6159 7
173726.3026 6
173883.9735 16
173996.4606 11
174125.6200 13
174275.4236 4
174353.1946 18
174465.0769 4
174643.7398 10
174801.7674 8
174949.2595 9
174973.5619 18
175022.2930 9
175166.7284 7
175225.1743 11
175256.7994 16
175428.4557 21
175546.6431 7
175597.1034 20
175747.2608 9
175796.9028 5
175838.2492 11
176037.6712 12
176079.6028 2
176188.5989 8
176313.6896 5
176448.3338 7
176602.7701 19
176763.9235 12
176795.8453 16
176845.8920 21
176982.0278 16
177097.7037 14
177264.9542 2
177477.6104 11
177679.4444 9
177868.2643 11
177923.4766 13
177984.5183 14
178126.1365 11
178178.8165 1
178259.9917 17
178394.9393 10
178518.8058 4
178587.2555 2
178829.9821 15
178977.6187 8
179168.8973 8
179266.5464 1
179336.8185 15
179356.8939 2
179418.8542 3
179607.4937 12
179694.0736 11
179804.2217 15
179850.6239 19
179943.7085 9
180036.9075 18
180064.0405 9
180114.0019 8
180253.3106 12
180377.6986 16
180576.2489 1
180667.7149 21
180851.8747 21
180942.0954 8
181027.0969 8
181133.7881 18
181195.0682 18
181357.3926 11
181539.8167 11
181678.1189 19
181850.6696 5
181890.2606 14
182014.0702 11
182197.9067 6
182372.8676 9
182461.5621 13
182630.1185 7
182800.1327 21
182876.0606 17
183076.8969 7
183231.7273 16
183301.5736 13
183508.3912 1
183660.9058 11
183853.9614 7
183993.2221 16
184189.0800 20
184368.3529 9
184419.5398 20
184440.3159 16
184518.3920 11
184637.0327 11
184718.1673 8
184795.1574 12
184859.6957 13
184931.3815 11
185037.2344 14
185165.0586 18
185344.9660 18
185537.4449 10
185650.3635 12
185772.7920 21
185850.5891 18
186024.4037 12
186212.9468 17
186295.8123 2
186439.2368 16
186485.0905 14
186569.8056 11
186690.3822 4
186919.1452 5
186975.1293 16
187092.5771 8
187187.6916 9
187248.4167 2
187480.7319 5
187655.8679 12
187795.6936 8
188016.0736 20
188161.5263 11
188336.2087 2
188437.7194 19
188530.4107 2
188641.0734 16
188799.6035 3
188900.1436 17
189046.8184 9
189068.5115 11
189154.2128 1
189262.0792 18
189457.7126 16
189551.3388 21
189614.6016 18
189715.0191 14
189942.6583 12
190025.1385 3
190125.6429 14
190353.1321 1
190470.5108 12
190544.1322 1
190709.4958 10
190798.5165 20
190940.9724 3
191075.1686 12
191108.9365 16
191213.9731 18
191288.3143 12
191439.6962 9
191629.7679 4
191790.0585 6
191919.7657 5
191996.6560 15
192066.9797 15
192239.5461 14
192355.7269 14
192452.9831 11
192619.4696 15
192659.7372 17
192859.8860 1
192935.0662 12
192957.1609 10
193028.6924 2
193183.8973 11
193284.0076 19
193375.6511 19
193429.2985 21
193487.3357 11
193552.8245 7
193719.7144 18
193798.9048 12
193974.0401 18
194004.5877 19
194080.7853 12
194232.0722 10
194404.6895 15
194470.3769 11
194585.4723 16
194665.1813 3
194834.2624 21
195021.0361 19
195073.0738 11
195179.3177 17
195204.3655 21
195406.7522 18
195474.6318 16
195582.3141 20
195709.2183 20
195781.4433 3
195934.8859 6
196150.8755 12
196274.7814 17
196368.8689 6
196475.1275 20
196603.9210 12
196797.7474 18
196866.5994 10
197061.1396 4
197169.1735 10
197340.5189 4
197455.6832 3
197615.7906 7
197719.9257 2
197907.6184 9
198021.5179 11
198221.2622 5
198362.5736 18
198425.9144 16
198453.4821 11
198516.5263 15
198608.1898 1
198766.5778 1
198823.6207 13
198976.6717 15
199136.2169 12
199278.2279 9
199437.0509 4
199599.5325 3
199680.6042 1
199744.2288 20
199869.8306 4
200023.0579 21
200058.3552 16
200134.8073 5
200197.2422 4
200371.2211 3
200415.7855 20
200576.8987 1
200701.6711 21
200726.3633 13
200845.1483 7
200881.5030 11
201030.8267 12
201065.5984 18
201218.0664 12
201253.7309 13
201395.5398 17
201525.2907 6
201569.8570 11
201619.8478 18
201670.7147 4
201784.0833 1
201923.3384 11
201945.3602 18
202075.1337 8
202256.2318 16
202430.8869 12
202520.3274 11
202699.9624 15
202887.1026 11
202966.8351 2
203096.1937 12
203296.6398 20
203479.8160 18
203642.5828 8
203843.1707 8
203954.1091 5
204115.2765 9
204250.9119 5
204416.5410 17
204520.3603 6
204627.0301 11
204715.2976 19
204812.6626 3
205008.4062 19
205188.2868 6
205351.3778 19
205527.6589 6
205687.7848 14
205775.0929 11
205807.3473 12
205898.5438 2
206044.7503 4
206121.9872 12
206191.2425 10
206283.4735 3
206464.1333 16
206566.1567 18
206686.7232 19
206887.1101 14
207127.0489 21
207255.1031 10
207405.8022 16
207477.2162 11
207639.6357 16
207746.0492 17
207784.1709 7
207865.3812 10
208019.3936 17
208152.4607 7
208355.7707 4
208453.8705 5
208637.1208 9
208805.7478 17
208917.4658 20
209010.3246 12
209109.2617 3
209248.3214 14
209309.1147 16
209448.9877 8
209537.7121 19
209610.6601 6
209729.8054 13
209778.4276 10
209958.0692 17
210014.2837 11
210172.6992 12
210318.5264 8
210368.5199 11
210389.5274 16
210530.8637 11
210720.0595 5
210916.2623 12
211109.2787 2
211312.8366 19
211418.5667 18
211543.4133 4
211613.5894 11
211720.5286 10
211904.0679 12
212069.5016 15
212130.0545 18
212312.3221 16
212367.1645 8
212570.9229 1
212767.7722 18
212799.6010 2
213023.8377 8
213118.5787 8
213199.6940 17
213331.1917 15
213400.8295 5
213523.9807 14
213581.4205 18
213683.6161 7
213799.7223 12
213948.0675 15
214065.7088 20
214135.1892 7
214183.1672 18
214309.0938 3
214479.4211 11
214633.9930 8
214742.5912 11
214938.3853 7
215100.1317 10
215136.0314 17
215202.3856 14
215330.6286 12
215350.5125 20
215421.6868 11
215509.2602 16
215559.1649 12
215736.0114 12
215822.6801 18
215997.5678 14
216208.1092 16
216251.9322 5
216318.4323 19
216352.3295 17
