1494
8550.2554 11
8606.7300 6
8649.2466 3
8774.3583 3
8856.4061 19
8920.3919 18
9048.1101 20
9228.6155 3
9418.7271 2
9534.9009 6
9686.7244 21
9724.3347 4
9813.6645 9
9907.4045 18
9932.8088 19
10116.3782 18
10188.9681 18
10334.0766 13
10536.3827 11
10711.8172 3
10769.0910 3
10863.1540 2
10946.6448 11
11095.3190 18
11267.2197 1
11426.0493 1
11488.1589 3
11542.9946 14
11595.2269 12
11778.4126 18
11818.5462 12
11905.5912 7
11972.6765 11
12106.1815 18
12128.1604 19
12262.5944 16
12397.8478 13
12473.6973 12
12544.3754 12
12699.4055 12
12789.9429 20
12988.0863 9
13077.8818 21
13189.3576 6
13311.3120 7
13416.1555 12
13581.9390 12
13610.6151 14
13770.7706 21
13866.6206 18
14043.9767 7
14218.8663 7
14265.2002 14
14345.2647 11
14445.7711 11
14646.7960 3
14793.2242 17
14864.3500 19
14992.4627 18
15087.3967 5
15158.1865 2
15354.4563 2
15602.0347 15
15672.3819 8
15806.9653 11
15831.4312 17
15946.0628 18
16119.4194 11
16322.7502 19
16364.3585 5
16526.6703 17
16605.4348 15
16772.5059 5
16924.7639 14
17015.3691 7
17091.5485 12
17285.9534 1
17377.8489 21
17425.5285 8
17596.6910 21
17788.1805 17
17850.3980 15
17915.3574 3
18002.5529 11
18096.0496 21
18291.5628 4
18416.1359 13
18532.8843 12
18670.6372 4
18897.2475 2
19123.6427 11
19290.0949 13
19489.2843 12
19556.3583 11
19664.5413 4
19882.7692 14
19971.8634 15
20103.4648 5
20256.3031 13
20445.9932 13
20619.6729 18
20771.0288 12
20874.2095 2
21017.5214 9
21139.6308 15
21255.7470 15
21365.9230 11
21405.5570 7
21506.4132 18
21548.8731 12
21605.8999 10
21724.6395 17
21867.1905 9
22048.3151 7
22179.2913 11
22244.7659 3
22278.3376 12
22346.6867 15
22518.9162 17
22600.7793 20
22623.7018 18
22663.3912 12
22776.2403 8
22939.2435 12
23024.8636 15
23046.0958 16
23144.4444 20
23295.9236 15
23357.1409 11
23492.6984 17
23658.4214 4
23888.0856 15
23964.7861 16
24162.5490 16
24247.8408 7
24299.8652 11
24403.1929 11
24596.4672 1
24737.3430 1
24828.3560 21
24955.2656 6
25053.2419 13
25256.2587 11
25414.2958 11
25458.1951 5
25601.6998 9
25661.5273 16
25859.4334 11
25978.4473 18
26132.0252 15
26236.7119 5
26306.3432 6
26439.6263 12
26501.4326 6
26571.0346 20
26645.7176 8
26717.7410 11
26782.6284 1
26885.9496 18
26911.7432 15
27027.9600 4
27192.7332 2
27358.3922 15
27418.3637 11
27478.1969 7
27525.1791 11
27625.7652 1
27668.3913 18
27773.9759 2
27837.9506 20
27916.6422 7
28026.3624 20
28095.8803 11
28156.8125 15
28179.0859 15
28285.8886 19
28391.9215 7
28510.5018 19
28593.4121 11
28632.5980 15
28833.3851 18
28916.3922 13
29098.7127 7
29157.3259 20
29174.8116 11
29284.0821 11
29389.8102 20
29428.6674 20
29474.3320 16
29493.7008 18
29609.6128 5
29814.8805 18
29987.1776 12
30117.8275 14
30310.5513 11
30513.1941 12
30584.6698 1
30714.8541 12
30736.5215 9
30756.0211 9
30884.9573 2
31087.0966 16
31119.3669 19
31157.7590 18
31310.0078 8
31388.6965 9
31409.2293 11
31577.0837 9
31720.4524 12
31837.3185 8
31919.8428 13
32075.6694 9
32197.9427 2
32320.9817 10
32520.3453 4
32592.8703 10
32708.3906 17
32849.6059 20
32955.7051 12
32984.9628 3
33168.0624 14
33265.2657 8
33469.8014 13
33532.6728 4
33620.1821 20
33822.2041 11
34015.7260 20
34185.8230 9
34267.7366 17
34287.3848 11
34343.2210 4
34492.6068 7
34553.3018 18
34690.8109 16
34769.7906 8
34819.6830 16
34992.4243 12
35067.8576 19
35263.1381 11
35387.0005 10
35438.4520 3
35631.0005 11
35813.3032 8
35928.7781 11
36051.5506 13
36112.2964 21
36286.1292 4
36378.5973 1
36456.1847 14
36627.8646 11
36829.0448 15
36876.8700 19
37051.4781 17
37098.9383 18
37133.1638 9
37194.2438 4
37385.8868 19
37571.2675 12
37614.2737 20
37809.6957 7
37926.1291 18
38064.2531 4
38127.1986 2
38248.8588 12
38330.2096 17
38456.6347 20
38493.9787 19
38566.5471 11
38604.3621 2
38716.8547 11
38905.1964 14
39059.8555 11
39145.8682 11
39231.4329 4
39424.5881 11
39599.6368 3
39742.9956 11
39798.6198 21
39946.5296 1
39980.4308 15
40135.0526 14
40363.0405 12
40509.3383 12
40537.2391 12
40695.0475 21
40744.4573 10
40880.1645 15
41066.8012 18
41111.5695 10
41230.3569 18
41317.0739 20
41370.9635 16
41517.1316 7
41701.0672 12
41893.0327 13
42102.1536 3
42267.5870 11
42365.9926 11
42487.0325 9
42563.6571 12
42729.5507 6
42847.1695 20
42919.4675 9
42955.6782 7
43143.9375 11
43212.7066 12
43389.3082 12
43424.2737 19
43575.0332 18
43597.0781 12
43764.7456 4
44008.5193 14
44224.7563 15
44291.7830 16
44344.3230 5
44454.9079 21
44619.6660 15
44804.2540 21
44834.4959 6
44907.0759 14
45081.6392 8
45156.4827 12
45253.5165 14
45420.4008 18
45556.1588 21
45761.8891 12
45889.6414 11
46032.2126 4
46205.6736 9
46369.6745 14
46535.7983 2
46644.5984 16
46805.8429 12
46985.8276 18
47046.8499 17
47198.6078 13
47242.1005 11
47435.2592 12
47503.1553 12
47540.6856 15
47613.6544 1
47660.7575 14
47847.6775 12
47949.5419 7
48027.6046 16
48171.8272 9
48291.5370 6
48401.0193 12
48485.8360 9
48608.7611 6
48718.3934 15
48836.7437 14
48918.3702 2
49048.4107 19
49223.6872 9
49414.0160 5
49506.1463 3
49544.3334 12
49589.2243 2
49817.5533 5
49870.8253 15
49990.7350 18
50161.0975 17
50254.4301 12
50413.7590 15
50606.0054 19
50737.9516 19
50863.8018 13
50906.3381 10
50943.9482 21
51037.0280 18
51114.2638 6
51304.7752 21
51388.4468 17
51532.6975 11
51610.7686 12
51630.3331 15
51717.0453 15
51905.4271 5
52002.8239 11
52162.7639 12
52293.1682 13
52478.1330 11
52536.0514 20
52686.4933 17
52835.2573 12
52964.5047 8
53201.6193 21
53288.4191 12
53391.7554 15
53587.7919 9
53613.8453 9
53803.5706 2
53945.4502 11
54103.4861 4
54289.6403 1
54381.0428 9
54440.6748 6
54553.7473 1
54656.7514 13
54861.7954 13
55014.7065 12
55038.5524 11
55109.6517 11
55198.0815 19
55323.0933 20
55381.4886 11
55492.9823 2
55595.3269 12
55707.3155 11
55884.6629 8
56046.0642 15
56094.3267 11
56128.6091 19
56308.2380 2
56517.4090 12
56551.2998 6
56618.8275 18
56696.6562 12
56863.3904 2
57055.0343 16
57173.3389 18
57240.2870 12
57406.5109 16
57581.8198 13
57650.6251 20
57844.3197 10
57925.6775 15
58126.6421 20
58234.9268 1
58352.7677 4
58504.9567 18
58677.2182 21
58804.7638 21
58901.8297 11
59029.9957 20
59059.0835 10
59189.5564 12
59348.7025 14
59444.2533 8
59637.0557 2
59779.8822 13
59817.1232 14
60036.5024 1
60208.4905 12
60282.1795 12
60318.0350 11
60394.9444 5
60429.5656 12
60568.7714 6
60678.9568 9
60864.0340 1
61068.8214 4
61154.2678 1
61313.6493 3
61382.1289 10
61577.9755 16
61694.2929 5
61810.5120 15
61864.0490 16
61994.0243 18
62049.4679 9
62117.4807 9
62251.4208 9
62296.2174 4
62473.5611 1
62676.8644 5
62805.0181 12
62965.4238 17
63114.2544 20
63216.0193 10
63401.3243 21
63464.3311 14
63529.0273 12
63639.4409 2
63800.5675 11
63900.6530 11
63932.4262 6
64162.4123 9
64359.5792 6
64521.4022 8
64592.4513 15
64699.2780 20
64876.5532 16
65052.0655 16
65224.5766 10
65335.7242 10
65441.8214 5
65568.5643 9
65706.5733 12
65789.0016 11
65963.0319 16
65993.5501 6
66181.4301 11
66362.3212 21
66493.1637 6
66666.8394 11
66752.6958 17
66793.8274 7
66926.0849 7
67041.0379 1
67164.3848 18
67337.1556 4
67428.6117 5
67467.6097 5
67586.6922 12
67691.3808 15
67767.4335 21
67898.2213 4
68111.0772 18
68212.4826 21
68252.4998 12
68428.6257 19
68524.6059 11
68691.0584 3
68893.7915 11
69039.9709 11
69163.8934 8
69341.9286 10
69380.4110 16
69455.6770 11
69585.6834 12
69655.9413 11
69773.8964 15
69813.7522 2
69933.6816 15
70009.5800 1
70166.5725 2
70399.4880 19
70508.4794 21
70616.2858 2
70772.5558 3
70833.8095 11
71003.1552 21
71154.5206 19
71227.3434 18
71321.1720 16
71512.4834 11
71607.9521 17
71694.8591 15
71895.4057 6
72127.7738 19
72251.2128 10
72444.2411 6
72511.0586 20
72642.5538 18
72661.5198 2
72808.6578 14
73019.3716 14
73168.0429 11
73281.7434 14
73497.3917 12
73633.1964 8
73730.2544 11
73861.0419 7
74031.9881 17
74172.8711 14
74366.1295 11
74503.5532 14
74625.7245 11
74826.8268 13
74993.5328 6
75105.7360 2
75324.7476 18
75524.4807 12
75591.0981 17
75742.8684 16
75941.9498 11
76084.7170 20
76193.0579 1
76339.3196 10
76506.5629 18
76594.4374 9
76746.2995 21
76811.3634 10
76937.3087 18
76999.9775 10
77076.6554 5
77275.4093 2
77491.6435 11
77524.8999 11
77637.3363 11
77822.8701 13
77999.9385 14
78194.3407 5
78392.3599 11
78567.7123 11
78630.6408 15
78716.2426 3
78791.5518 8
78980.5486 13
79018.4530 9
79064.3511 3
79163.9016 21
79357.3610 8
79558.7264 18
79578.5247 5
79609.4663 14
79813.9140 3
79987.2528 4
80223.3845 8
80397.2301 1
80504.6529 3
80702.8901 12
80867.9200 12
80992.4779 17
81190.7826 13
81310.2123 19
81491.5635 10
81701.1455 18
81732.7068 18
81796.1056 9
81884.6502 16
81964.3197 19
82051.6984 11
82143.1355 6
82247.9084 8
82314.1888 9
82412.3456 12
82545.2278 5
82614.3015 17
82676.6134 12
82830.4925 11
82978.4412 10
83139.6291 2
83318.2755 11
83498.3856 13
83602.3686 10
83689.0930 14
83826.9114 8
83956.6449 2
84141.7836 15
84191.1688 15
84347.8564 7
84377.1563 17
84423.4452 9
84564.2746 14
84751.0154 11
84870.1503 7
85054.6076 20
85161.9151 21
85346.0357 15
85518.7502 21
85616.2299 11
85681.0027 11
85736.6766 16
85828.6426 4
85887.2437 21
85948.2143 1
86047.6200 11
86192.8152 19
86348.0807 10
86455.1394 18
86515.6739 4
86642.6141 12
86751.7519 20
86893.2292 9
87087.7893 11
87234.5194 3
87327.0414 18
87383.9161 20
87519.8827 1
87651.7339 19
87836.0235 12
87886.4522 18
88057.1555 13
88162.2551 19
88357.1267 19
88556.4607 16
88693.7341 11
88781.2551 13
88885.9014 13
89068.4153 19
89253.5138 18
89287.7903 20
89424.7951 7
89616.3807 12
89801.8043 2
89927.7619 10
90032.1201 15
90051.7622 11
90144.3093 5
90275.7461 18
90433.2733 17
90530.0955 14
90638.1050 9
90767.7675 15
90808.2566 12
90895.5753 18
90972.4279 4
91185.8192 12
91281.4860 10
91330.2983 6
91480.5803 18
91582.3320 20
91763.6592 2
91913.1194 14
92138.2435 4
92199.7168 4
92297.4744 18
92363.0715 21
92478.4264 15
92528.4208 21
92717.4003 13
92898.5318 19
92975.7655 2
93186.6762 12
93300.1555 1
93365.4412 6
93527.5057 2
93740.3529 7
93893.6937 15
93991.4525 8
94136.8055 13
94240.5525 11
94340.1155 14
94475.7774 12
94496.4184 5
94543.2339 18
94631.8012 19
94782.0261 9
94867.3135 3
94983.8976 12
95092.0971 20
95166.9044 13
95193.7880 16
95345.9675 9
95496.4607 12
95590.6639 2
95707.9063 20
95738.2206 12
95799.9219 12
95862.6129 18
95926.6914 13
96067.3523 18
96115.6303 3
96212.1573 11
96328.8244 11
96493.1572 15
96538.4680 12
96604.4709 11
96695.1070 11
96823.9120 13
96995.8357 6
97150.4129 10
97191.4043 19
97279.5226 20
97369.2446 9
97542.3313 18
97673.6600 5
97859.3404 16
97996.5858 11
98080.3464 2
98257.6178 2
98441.8348 21
98469.1347 1
98573.9599 12
98678.8556 7
98840.7827 10
99014.7625 12
99212.7924 21
99340.2388 8
99494.7514 4
99655.5897 11
99832.5244 11
99937.0880 8
100077.3383 2
100306.6568 15
100459.8300 12
100485.4132 21
100597.3227 13
100638.1938 10
100740.7176 19
100810.3751 18
100963.2325 12
101051.4684 5
101109.8657 10
101248.5618 12
101328.9241 19
101466.0995 7
101540.7362 13
101604.3989 19
101626.0313 4
101796.6546 18
101963.6054 1
102152.0918 16
102237.0758 20
102425.5220 16
102592.3827 18
102725.7810 1
102825.1951 3
102954.1923 18
102982.8665 3
103185.2006 10
103360.6506 5
103504.7666 3
103618.6381 12
103656.2649 16
103768.8336 11
103833.5439 21
103952.7412 11
104124.6682 18
104236.9471 12
104287.2199 11
104364.7133 11
104464.6222 12
104529.1234 12
104617.1539 3
104660.1054 1
104815.0269 19
104989.0618 12
105084.3272 11
105192.9396 8
105318.9981 15
105436.5335 18
105454.9110 19
105551.5191 14
105633.4896 5
105778.4617 10
105921.7864 4
106013.4648 15
106197.4424 20
106325.5972 1
106367.8998 16
106507.7882 4
106741.8207 11
106810.7110 12
106881.2142 15
107053.5704 4
107248.9195 2
107323.5538 13
107455.6867 18
107527.5748 10
107666.8568 3
107818.4434 12
107970.2758 3
108007.3811 21
108084.0804 12
108284.8475 10
108366.1308 9
108504.4416 20
108678.2596 13
108854.3399 13
108957.5341 7
109124.6661 16
109277.7364 17
109430.5536 13
109533.1268 8
109711.8782 19
109849.4031 11
109961.6389 18
109986.9521 12
110176.3048 18
110256.5055 11
110445.1330 10
110581.8808 11
110610.7699 8
110684.3080 1
110788.7254 21
110848.7271 14
110970.9886 3
111081.4467 17
111160.0053 16
111186.5952 18
111208.1840 17
111318.5681 20
111429.8586 19
111532.4175 18
111591.9395 11
111785.4033 10
111915.8345 9
111972.4553 9
112010.4323 11
112111.7439 15
112202.8768 16
112232.8674 11
112288.6391 13
112330.4425 7
112392.7377 8
112454.3048 8
112522.1656 12
112717.2488 15
112819.1250 8
113021.8022 21
113218.2920 8
113389.3159 11
113409.3588 20
113512.0256 19
113703.2299 12
113738.5898 5
113865.8540 11
114068.9397 8
114193.2475 17
114301.0045 8
114464.3201 18
114642.8808 15
114809.4357 9
114854.9683 14
115082.8602 1
115149.0014 9
115201.9551 19
115393.1022 13
115554.2825 14
115733.8085 4
115904.5554 12
116080.7469 15
116271.5304 1
116402.2411 6
116615.3289 21
116672.0960 1
116844.5036 5
116931.8851 13
117008.3021 15
117157.0786 2
117233.6171 11
117308.3390 2
117537.3589 4
117788.4865 4
117990.7477 9
118151.6259 13
118263.8768 19
118438.3620 1
118618.6169 14
118751.0384 11
118937.5334 2
119017.6874 8
119081.3429 12
119219.6244 3
119334.0054 10
119465.4577 2
119653.6027 5
119766.1890 12
119916.4516 4
119973.0236 15
120103.5307 12
120178.1229 16
120231.6126 11
120287.5152 12
120383.7475 20
120499.6931 18
120520.8246 18
120567.6693 6
120671.5213 11
120767.5521 8
120822.9769 20
120870.3992 21
120905.8534 1
120986.5042 5
121121.7371 3
121328.3118 15
121514.4275 12
121696.4115 14
121912.0818 13
121962.1200 4
122083.4121 11
122286.0284 15
122340.5545 19
122412.6280 17
122614.7786 21
122762.3845 13
122872.5553 18
122967.2897 20
123139.6133 18
123172.6476 15
123265.4147 11
123302.0472 17
123444.7918 14
123495.3592 17
123678.2897 11
123732.6183 17
123837.6811 19
123888.1391 19
123969.5763 20
124126.3920 5
124207.5789 10
124266.2794 2
124489.8241 6
124649.9269 11
124783.1340 10
124807.1292 20
124962.7031 11
125075.0475 11
125257.5659 11
125410.6478 19
125506.6206 18
125661.1113 12
125830.7205 17
125954.9229 5
126050.1139 8
126148.5207 12
126319.0156 7
126357.1438 11
126479.1762 10
126642.5898 16
126833.0858 7
127011.1830 4
127209.6881 7
127242.6024 11
127365.2909 1
127580.8630 11
127748.4759 5
127818.2601 14
127995.6638 3
128118.1031 18
128180.5482 2
128238.7777 21
128393.6427 3
128494.7864 7
128686.2496 12
128881.5281 12
128941.9846 17
129138.6851 12
129234.4522 12
129307.5759 18
129478.5102 21
129634.8730 18
129682.9017 19
129862.2547 18
130009.0629 15
130075.4483 3
130190.6374 7
130248.2116 19
130416.4815 3
130576.2698 16
130717.7282 6
130849.7756 13
130897.8881 14
131056.9649 7
131253.9276 17
131347.7244 11
131385.7781 9
131584.7185 7
131683.0401 11
131797.3950 18
131834.1217 3
132006.5961 7
132133.1650 6
132211.3426 21
132265.5212 16
132437.8912 17
132476.5637 4
132633.7160 15
132699.4541 21
132806.8854 12
132866.9713 20
132995.1153 19
133154.3162 12
133230.2039 16
133270.6750 2
133494.1602 12
133665.4897 5
133739.7932 11
133829.6590 11
133911.2150 12
134051.6155 2
134119.7056 11
134201.2001 6
134305.9090 15
134458.4019 11
134505.0109 18
134663.8969 18
134706.6517 16
134864.4239 11
135047.8806 18
135186.7579 11
135215.7553 17
135368.8163 10
135429.1678 5
135574.3401 16
135609.5883 13
135815.6733 1
135928.4785 19
136076.1164 19
136123.5719 12
136203.4988 3
136356.6914 7
136503.5265 19
136575.5824 11
136757.8474 14
136889.5431 18
136968.0476 6
137068.4709 6
137194.3288 18
137283.8330 11
137365.4408 18
137516.1827 1
137578.6245 1
137699.4448 6
137822.7935 19
137925.9206 18
137976.4873 12
138178.5115 2
138291.4241 9
138361.2035 15
138495.6720 11
138538.2427 9
138654.3026 17
138836.4921 9
138912.4622 21
138948.1049 11
139119.3914 9
139310.8530 7
139330.9519 12
139351.6685 4
139465.0394 15
139597.8018 4
139824.4459 11
139988.0673 20
140075.7801 18
140276.8009 16
140458.2209 2
140681.4558 4
140924.1053 5
140956.3061 13
141158.7585 2
141262.5274 5
141465.7716 12
141526.9587 11
141550.1746 12
141733.7841 12
141770.5747 13
141878.7665 8
141947.2576 12
141975.5462 1
142022.2796 5
142069.0667 15
142097.1532 2
142203.2968 3
142300.8561 5
142430.5270 11
142517.2073 21
142590.3984 1
142710.5674 17
142888.1071 9
142975.5406 16
143057.6723 19
143082.1038 8
143312.5383 12
143420.6906 2
143670.8234 12
143797.8607 2
143960.8985 11
144012.0728 12
144076.0724 11
144144.5584 3
144231.4762 9
144369.4655 15
144427.3051 8
144525.0194 11
144575.5991 14
144675.5181 21
144757.3423 1
144853.6142 18
145041.9283 18
145119.1039 21
145293.7573 9
145474.2361 12
145552.7287 6
145748.7656 19
145825.9986 11
145982.8759 16
146059.3327 6
146221.0252 9
146324.3376 12
146465.9943 11
146491.5320 7
146577.3194 11
146757.1386 4
146964.5995 5
147008.7871 21
147120.1421 12
147279.5601 14
147399.5929 11
147562.0980 20
147636.6072 13
147736.5822 12
147825.6942 18
147941.5829 21
147991.8552 3
148166.3459 1
148363.2399 2
148598.4184 21
148625.8266 6
148825.4640 14
148937.9489 8
149163.9306 5
149259.3416 21
149340.9057 13
149444.2996 20
149495.1196 10
149541.9103 5
149577.4961 14
149684.6203 19
149819.9352 5
149941.5755 18
150133.4365 16
150239.3316 19
150333.9021 12
150521.1648 4
150686.2005 9
150856.6676 8
151032.4906 11
151061.1656 18
151135.3131 12
151325.0721 8
151420.1679 15
151608.0796 2
151729.0769 10
151815.4494 2
151918.6691 7
151943.2853 3
152052.5552 12
152246.5095 14
152402.4685 13
152583.9066 1
152639.0021 7
152792.9804 5
152931.8303 12
152978.3022 12
153091.2875 1
153125.9692 1
153306.1086 11
153418.2796 5
153630.6975 10
153867.6996 8
153963.0582 18
153985.3734 2
154056.9865 6
154102.6929 11
154292.1492 15
154356.9832 9
154427.0115 8
154559.1334 18
154702.8393 8
154833.1041 5
154967.0246 9
155010.7948 6
155102.7952 7
155269.0900 11
155398.5842 17
155472.9783 13
155599.0902 12
155674.5913 15
155704.9459 2
155795.5384 7
155819.6947 1
155929.5747 13
156005.6981 12
156135.4675 19
156207.1872 12
156408.9820 1
156591.1283 12
156787.6918 11
156849.0398 21
157012.7017 12
157161.0779 14
157237.1712 14
157308.1169 12
157364.3418 12
157447.8201 13
157534.0010 14
157615.4273 7
157682.1133 10
157875.2065 18
158062.6932 11
158118.0559 10
158237.4690 10
158428.2198 2
158507.4975 7
158530.4008 19
158609.5566 11
158775.5998 9
158833.5260 21
158891.2757 13
159059.4644 14
159280.3757 8
159408.3953 7
159503.7591 11
159702.8685 6
159902.2592 6
159935.6154 2
160166.0101 20
160321.3471 5
160444.5497 11
160604.8211 17
160627.9534 11
160751.5316 21
160814.4963 17
160991.9197 3
161058.5063 15
161197.0216 11
161345.1214 11
161460.7544 6
161665.3580 3
161761.2616 1
161872.5474 12
161934.7829 17
162137.0129 5
162310.5980 15
162453.0892 14
162654.1379 8
162681.1904 18
162796.6246 6
163014.7747 13
163099.4328 15
163177.1201 10
163195.6928 7
163365.1568 3
163524.4413 21
163731.0433 21
163932.5995 7
163990.5553 13
164110.6104 1
164251.7935 13
164293.9297 2
164547.0988 12
164661.6680 18
164768.9054 2
164875.5812 11
165039.8313 10
165085.3497 13
165285.0429 11
165305.9677 7
165455.2694 4
165630.4812 11
165720.0367 17
165832.1170 12
165886.8908 15
166061.6237 5
166269.1513 12
166412.4732 15
166582.0584 7
166736.4624 7
166872.7329 6
166996.5890 11
167181.7268 2
167411.8071 12
167589.7004 11
167691.7100 4
167763.8971 11
167820.6027 4
167952.6341 8
168054.3499 18
168088.2268 14
168229.5296 11
168334.6482 6
168526.5007 10
168624.7992 18
168753.5065 20
168832.6364 15
168985.1248 5
169184.0389 12
169217.6566 20
169390.1882 3
169493.4091 2
169695.8211 15
169827.1630 11
169912.6327 18
169941.5467 21
170004.4763 17
170081.3669 2
170237.9710 8
170388.4360 1
170511.3029 19
170594.0649 9
170749.0138 18
170873.6805 18
171062.3795 12
171195.0006 7
171244.8092 12
171278.1815 11
171308.3748 12
171402.5398 9
171523.9510 9
171636.0416 12
171761.8804 4
171947.4650 18
172075.4075 11
172250.4218 11
172292.2425 6
172424.0885 20
172562.0698 9
172717.4340 8
172938.7423 18
173136.6515 2
173322.7239 2
173523.7208 12
173677.0478 4
173774.8908 2
173919.3183 11
174104.6729 13
174286.0790 13
174383.5735 3
174523.2086 3
174724.2702 20
174784.7955 18
174845.4649 7
175001.5991 15
175174.8872 18
175331.8897 20
175373.7515 19
175507.8384 15
175605.9972 5
175699.6088 12
175721.5329 16
175842.8403 11
175907.3220 12
175965.5597 10
175992.6838 16
176023.6772 12
176052.5722 15
176160.2473 7
176364.7301 2
176472.7335 18
176557.8916 21
176668.7968 20
176700.9738 16
176729.1096 13
176828.9408 16
176933.9212 4
177159.8344 21
177200.3165 21
177309.7962 19
177343.7841 10
177480.7601 16
177556.9295 10
177751.8759 20
177825.1562 18
177857.3285 20
178036.6711 1
178225.2494 17
178260.5684 15
178438.6781 11
178609.9101 17
178648.4220 12
178721.3742 11
178760.3544 4
178888.2159 12
179050.5228 18
179098.6691 3
179282.4071 4
179331.3893 13
179449.7559 9
179484.0454 16
179520.7300 10
179620.3595 4
179864.5909 17
179974.3505 4
180132.7732 13
180296.8504 11
180333.3740 11
180526.7136 9
180590.4476 15
180782.6604 12
180916.6536 18
181097.5363 2
181334.2962 5
181408.7981 7
181500.7137 11
181656.6757 6
181770.6976 4
181961.3552 16
182068.7653 5
182111.1535 18
182187.3765 18
182270.5410 1
182483.0561 15
182669.4576 18
182715.9029 18
182873.9620 10
182947.1133 11
182995.6536 14
183148.1579 13
183284.3156 12
183354.4527 21
183522.0043 14
183741.1861 1
183896.4823 5
184000.2738 19
184180.0978 9
184308.5163 12
184480.3773 16
184678.5928 2
184841.7006 14
184977.8806 9
185070.5625 17
185094.0689 8
185220.8101 18
185318.8481 20
185362.9839 18
185478.9759 15
185576.3651 14
185766.2118 14
185882.8972 10
