1494
48131.2739 12
48152.3830 4
48400.8774 6
48595.5579 13
48696.0854 5
48822.7616 7
48895.9259 11
48983.4430 19
49151.6994 17
49319.2984 6
49463.3395 5
49597.2268 15
49678.9689 7
49837.8732 8
50052.7596 16
50250.2561 8
50472.0705 21
50582.9929 5
50746.8517 7
50939.9700 19
50967.5977 16
50996.2705 12
51155.4259 15
51250.1141 11
51314.1184 12
51362.5969 16
51504.3831 20
51619.2071 11
51768.2878 11
51943.3980 1
52037.2939 1
52247.9499 5
52432.9151 12
52578.5963 16
52710.4387 9
52854.5793 7
52902.3203 21
53004.8510 13
53136.7425 17
53159.1684 8
53360.0685 12
53518.2059 21
53548.4657 18
53604.9239 11
53646.1072 12
53667.1797 18
53733.3025 12
53917.6140 13
54034.9617 11
54219.9711 11
54237.3372 6
54380.2410 3
54478.6637 12
54610.7991 18
54685.2701 1
54902.7441 11
54988.2593 11
55098.4791 21
55181.5511 4
55303.1059 2
55364.3746 16
55415.6513 6
55529.4214 13
55648.6177 19
55772.3751 5
55909.3373 15
56045.9777 1
56079.2344 7
56225.2009 11
56298.0256 11
56457.0129 11
56492.9411 11
56518.4514 18
56608.3138 11
56782.8231 20
56923.4646 14
57141.6035 14
57267.4495 10
57383.5771 8
57529.9629 16
57559.8904 20
57672.2862 21
57788.9118 12
57952.3936 14
58050.2993 11
58135.7426 8
58257.0225 16
58425.3333 6
58569.8139 2
58776.1668 18
58976.4061 18
59042.9711 20
59113.7201 6
59214.1658 14
59451.0484 12
59557.7128 7
59744.3460 11
59885.1870 4
60054.6547 7
60221.8909 4
60374.8571 4
60521.6020 11
60576.0754 15
60720.2337 19
60788.3369 7
60882.7468 2
61119.9328 19
61150.0470 20
61310.7450 5
61497.8285 11
61618.8477 12
61787.6473 9
61892.1604 6
61977.1281 20
62175.3701 12
62333.8627 21
62528.2467 17
62661.8783 11
62845.3627 16
63012.3324 17
63086.7766 9
63162.1012 10
63367.7471 7
63415.7191 9
63515.7992 2
63709.3329 18
63878.8817 18
64018.8105 16
64139.9837 4
64281.7557 12
64463.6363 15
64529.3694 11
64713.3567 5
64774.7982 3
64955.8589 6
65189.1866 5
65397.9732 11
65465.6406 13
65639.9984 11
65708.6345 13
65897.5689 7
66006.2615 11
66145.1842 16
66232.9015 21
66359.9679 19
66472.3382 11
66541.6601 7
66708.7358 12
66909.8991 2
67074.9190 11
67238.7831 6
67424.9815 11
67551.2053 13
67651.4828 6
67785.7166 6
67983.8661 15
68026.1179 17
68053.2911 2
68105.4932 19
68154.9351 9
68198.6905 12
68350.7571 11
68371.9899 20
68457.3356 17
68519.2654 16
68656.7018 3
68710.5819 11
68822.4538 12
68909.6242 5
68985.8834 4
69065.8220 14
69119.2109 18
69296.9503 4
69436.9024 2
69568.0440 19
69677.7315 16
69735.8254 21
69841.8859 5
70043.3979 10
70173.9290 15
70224.0102 6
70431.7587 17
70503.1603 2
70635.7149 3
70702.1831 2
70942.0579 8
71081.9817 2
71303.7727 7
71471.4306 7
71613.4266 14
71749.9103 12
71877.1052 11
71955.6362 11
72083.8802 10
72310.2074 11
72499.1091 18
72605.6103 18
72737.0573 2
72836.4598 3
72954.2645 9
73046.4125 6
73149.9741 14
73369.9270 19
73453.4510 19
73611.5249 20
73784.5710 12
73829.0057 21
73938.5297 15
73969.2225 14
74064.6346 14
74218.7050 19
74354.2240 5
74546.7066 19
74632.9125 18
74686.6894 15
74736.5143 11
74844.2093 14
74912.8730 21
75039.1864 7
75096.0859 11
75139.3054 18
75275.3384 21
75385.1355 20
75407.0247 3
75612.6498 7
75708.6218 20
75851.8809 11
75927.8929 4
76007.0156 15
76130.2760 1
76168.4090 2
76348.9589 8
76543.2696 20
76695.5869 17
76760.7150 11
76819.4747 11
76992.3093 14
77039.4824 13
77133.0647 15
77302.7361 17
77345.5393 6
77524.1907 13
77549.3837 2
77765.6889 11
77950.5879 18
78117.8437 13
78298.9005 10
78443.2678 12
78482.3579 19
78587.7070 21
78662.6424 14
78834.1725 10
78891.0166 12
79072.1430 2
79223.5027 7
79370.5398 15
79422.8738 19
79506.9211 10
79613.8405 7
79730.1322 11
79761.0949 9
79924.1007 21
80043.6840 9
80109.2953 6
80225.6182 5
80366.4683 9
80556.4506 11
80595.6812 11
80789.7928 12
80971.7311 11
81108.2689 11
81217.1971 10
81375.6407 13
81465.1735 15
81639.9590 18
81679.0451 9
81778.4309 9
81980.1252 4
82210.8194 8
82406.7477 5
82511.7651 18
82545.4645 16
82591.0726 11
82635.9637 9
82705.3663 12
82834.4509 12
83007.0596 11
83103.5161 18
83234.2511 7
83316.3357 2
83433.5487 1
83558.5674 19
83702.1622 7
83784.4388 2
83866.7625 13
83922.3663 8
83991.2934 14
84099.0393 4
84205.4866 20
84342.9468 2
84545.7404 11
84661.5675 10
84851.2203 11
84874.0569 12
85053.6555 3
85253.3938 11
85417.9553 7
85572.5863 3
85697.8461 10
85850.8302 14
86049.7771 10
86145.2791 18
86162.1074 14
86274.6157 7
86433.8876 8
86622.6692 3
86772.3295 9
86922.1936 15
87003.3657 10
87122.5015 10
87302.4397 15
87368.8720 20
87543.8245 11
87721.4927 11
87780.6434 15
87931.5707 7
88084.5612 16
88158.9188 11
88344.8190 2
88517.8340 19
88627.4130 16
88742.6508 11
88833.1068 5
88921.9228 8
89013.4006 6
89110.2794 1
89302.1931 18
89382.0148 6
89596.7333 13
89783.8448 13
89963.9369 2
90103.0351 1
90166.4385 21
90310.2957 1
90362.9528 7
90520.2772 13
90719.7350 1
90890.4199 19
91094.3128 17
91205.1606 19
91382.4821 18
91475.1101 9
91508.1270 11
91555.5470 21
91714.8711 1
91749.9916 19
91934.4078 12
92095.3211 3
92144.0488 16
92209.0401 18
92331.1971 6
92409.7477 18
92451.8917 20
92478.2789 19
92593.4652 12
92714.7667 11
92742.6571 11
92825.9531 1
92883.3964 16
93003.9752 17
93182.7051 3
93378.3784 12
93545.0918 12
93728.3765 19
93760.5357 2
93988.1213 10
94126.3328 10
94261.5888 10
94470.1615 9
94630.8965 4
94732.6616 15
94758.1259 4
94984.7844 1
95161.1045 13
95202.5792 13
95403.2470 11
95483.6972 7
95614.7334 11
95702.9702 7
95747.0432 6
95867.9279 6
96030.7479 7
96114.4712 9
96206.3715 14
96282.3138 11
96415.5868 18
96545.4478 13
96587.9335 12
96680.7145 12
96716.1888 4
96850.5320 17
96989.4026 13
97146.8185 12
97337.7498 6
97468.2125 8
97635.1552 5
97795.4159 13
97923.6762 1
97987.4747 18
98067.8759 4
98234.2640 19
98430.7411 3
98459.3517 17
98499.5495 8
98643.7098 11
98757.3200 12
98830.1724 11
98857.5463 12
98914.4125 12
99094.2456 2
99180.1453 19
99297.3392 3
99396.9031 4
99533.1348 15
99708.7915 18
99788.5528 13
99948.8495 1
99989.4378 12
100078.3007 3
100278.6971 10
100406.0913 18
100461.3639 11
100594.0693 15
100663.0731 5
100710.7792 18
100829.5511 20
100878.0646 8
100986.4189 12
101056.3632 11
101104.4237 16
101140.7987 21
101336.9092 13
101532.1400 11
101679.5564 10
101881.7439 12
101969.0577 3
102054.0852 15
102110.0701 21
102314.3523 16
102423.2451 7
102588.7846 4
102644.8824 11
102815.8341 4
102966.0138 20
103023.7222 17
103193.0110 5
103373.3591 12
103477.4751 9
103642.1818 16
103756.2002 18
103860.3833 11
103991.5010 12
104127.9432 11
104267.7874 7
104458.6698 11
104569.9880 18
104638.0373 12
104827.7437 14
104985.9122 11
105132.4339 12
105176.3979 12
105240.9304 18
105367.1788 15
105547.6814 12
105632.1089 13
105714.2789 13
105869.3865 18
105943.3192 18
105996.6669 10
106122.0869 1
106196.2984 17
106373.8104 13
106428.9883 6
106489.0000 20
106610.1329 18
106666.7074 12
106808.1563 8
106886.0973 5
107021.6045 13
107194.0941 7
107361.4886 10
107438.9309 11
107620.3885 8
107834.9843 14
108059.9475 4
108199.8063 2
108441.5319 11
108475.5511 18
108617.6613 12
108715.1243 21
108830.9718 21
108961.8263 7
108979.3248 21
109177.0763 3
109288.7503 19
109447.1457 17
109489.0223 7
109593.7040 6
109787.3802 1
109868.4931 10
110068.8363 18
110198.6662 20
110400.7430 14
110581.8572 12
110609.7622 5
110760.8331 11
110816.1370 15
110969.7783 15
111068.9917 19
111207.5805 19
111290.8355 17
111482.4311 9
111581.1611 12
111660.3329 11
111701.9843 11
111751.2100 10
111919.8537 17
112105.7119 17
112168.5888 14
112248.0402 12
112379.5180 7
112482.1229 19
112537.5656 12
112658.8071 10
112767.2116 18
112939.3806 19
113038.8953 19
113091.1545 15
113246.9909 18
113441.4874 14
113557.7929 18
113757.2031 19
113870.4086 4
114065.3494 18
114120.1904 16
114188.4832 15
114254.0873 11
114391.4161 20
114568.7501 6
114667.0429 3
114768.3459 2
114885.3738 11
114981.6576 5
115073.4449 11
115102.8944 8
115323.2917 5
115491.6182 21
115588.6685 12
115757.0967 8
115992.8754 19
116071.5618 20
116141.8398 11
116240.2348 12
116422.1923 16
116553.8811 20
116711.7063 20
116872.4755 15
116948.7030 5
116980.0465 18
117026.8299 19
117052.5440 9
117129.1385 2
117346.6059 18
117384.7654 11
117418.4277 20
117446.5834 15
117494.0474 12
117613.7588 1
117651.5168 21
117809.9610 3
117973.2549 14
118165.2719 13
118287.6196 12
118380.2102 8
118398.7193 14
118591.5961 18
118649.6763 2
118738.3359 14
118871.9352 2
118969.6833 11
119139.9577 6
119331.4689 19
119485.7485 11
119584.3529 11
119736.1077 9
119929.8500 1
120114.8208 9
120188.8552 2
120417.1009 6
120507.0150 9
120672.1228 21
120846.5127 5
121046.2238 18
121124.6288 13
121305.0242 6
121511.5359 11
121565.1406 6
121657.9376 11
121786.0133 5
121821.3380 8
121879.3837 11
122036.4687 18
122100.8669 11
122268.1379 12
122308.0610 12
122476.2051 21
122568.6418 18
122663.7949 12
122835.2204 18
122901.3648 1
123091.0549 14
123273.6634 18
123321.0348 9
123385.2880 12
123564.5048 12
123616.3784 7
123738.6585 20
123869.0119 18
124028.0604 12
124164.9144 18
124311.5195 18
124388.4975 20
124446.8345 9
124615.0393 9
124745.7503 2
124822.9347 13
124883.2185 17
125081.4401 3
125244.7701 4
125385.1229 3
125419.3144 18
125565.2221 18
125683.5149 3
125718.1675 16
125779.8616 5
125940.6373 4
126137.9684 12
126278.3402 9
126390.5691 17
126502.9826 12
126675.4930 5
126855.3588 19
126915.7732 15
126936.2416 3
126963.7383 13
127071.9643 5
127103.0017 3
127146.8119 19
127216.2580 9
127304.0120 12
127373.5610 20
127518.7778 12
127624.1976 3
127779.3850 1
127980.0071 14
128087.5452 8
128173.7082 11
128253.9629 11
128425.2599 11
128567.8214 3
128750.8858 10
128946.4474 18
129101.6970 9
129263.1805 9
129462.8397 16
129562.1803 11
129586.8140 11
129669.6174 3
129721.9194 11
129872.6117 4
129952.7045 15
130042.8585 8
130099.4576 9
130244.0482 4
130385.3316 9
130419.6526 3
130589.0763 9
130659.2503 12
130838.2635 13
130926.1753 6
131092.0472 12
131265.5313 10
131456.3294 15
131506.1488 12
131694.0062 3
131793.3417 20
131903.0491 11
132042.5753 5
132220.3025 20
132396.4934 4
132577.9533 18
132616.7189 12
132713.0819 9
132882.0979 11
133018.0660 11
133099.4164 11
133161.2656 7
133337.4072 8
133394.4360 14
133567.3001 5
133693.6530 19
133730.2607 8
133860.7927 1
133946.1192 11
133972.1986 15
134106.0978 12
134253.3648 11
134355.8016 11
134391.2940 2
134478.8984 2
134660.5041 12
134700.2364 18
134740.1142 7
134895.5726 12
134973.0804 10
135151.4259 10
135282.4510 17
135474.9219 15
135630.0593 16
135657.1117 2
135872.5810 18
135973.9576 8
136188.0968 7
136238.4163 20
136389.2372 12
136487.6427 7
136538.0849 3
136640.2948 13
136750.2360 15
136808.5229 20
136971.2014 9
137006.2947 8
137219.5720 14
137320.6773 11
137367.8083 6
137586.8244 1
137667.9099 20
137740.7042 17
137813.6423 10
137870.9074 12
137892.0695 6
137998.5440 12
138111.8364 21
138191.6560 7
138362.8456 5
138497.1566 9
138526.5982 1
138606.2704 12
138698.7363 16
138730.5886 18
138878.0859 21
138909.2355 13
138973.2979 1
139107.6144 11
139238.3832 12
139422.1785 13
139494.0573 17
139542.8411 14
139603.0138 17
139714.3876 1
139838.8870 19
139910.9635 18
140090.4953 21
140182.0493 18
140288.4204 12
140364.3759 1
140511.3687 14
140710.9237 11
140788.5132 6
140837.2789 2
141017.0394 12
141218.3410 5
141289.7571 18
141440.6522 7
141519.4552 21
141623.2879 2
141839.7355 14
141962.2917 11
142041.5180 12
142096.5308 12
142163.4431 8
142251.3934 18
142358.5677 2
142599.0100 6
142754.1991 6
142925.3995 21
143071.0291 12
143194.2146 12
143262.7876 14
143431.6941 18
143566.2750 19
143722.2900 7
143869.5913 8
144059.5306 11
144122.3258 12
144183.5265 15
144365.4613 12
144472.3494 18
144558.5010 10
144578.7313 2
144720.4123 18
144852.5332 11
144904.6011 18
145060.4415 6
145180.8478 16
145279.3793 20
145361.5055 3
145408.9240 21
145572.2185 18
145642.1139 6
145758.3634 11
145811.9035 15
146010.7572 17
146080.6029 17
146202.7485 15
146406.3463 11
146597.6245 11
146717.3187 12
146875.1115 12
146901.0935 2
147040.2257 4
147094.5853 12
147205.7814 18
147228.5925 21
147268.9439 9
147446.0896 4
147567.9890 11
147590.3608 10
147757.0798 7
147844.9162 20
148039.3128 9
148072.0696 1
148279.1075 15
148450.0250 2
148549.9557 15
148606.5477 11
148655.3379 20
148744.5075 14
148884.9786 11
149001.8293 15
149142.4526 13
149246.0360 11
149326.2809 4
149473.6318 11
149511.5662 1
149564.1001 12
149673.6421 12
149802.8921 11
149876.7113 6
150085.6087 9
150185.0873 4
150300.9472 6
150522.5805 4
150742.6637 2
150853.3691 9
150935.1305 18
150965.4302 4
151060.8549 11
151084.7376 6
151218.7678 16
151376.4400 13
151578.3691 5
151695.6064 12
151839.1680 4
152060.7778 1
152104.5324 3
152158.3026 11
152324.8739 12
152492.4825 1
152657.9260 13
152722.9746 7
152904.4349 10
152956.7455 11
152994.5378 19
153014.6582 1
153120.7220 7
153210.3874 8
153363.3405 12
153562.5825 3
153594.9430 15
153713.3196 21
153899.2234 14
154110.8350 8
154310.9653 14
154472.3265 5
154523.2851 11
154717.6746 6
154934.1007 1
155028.9534 16
155149.8479 12
155262.6462 21
155371.1175 5
155466.4391 18
155493.0943 16
155600.6415 8
155664.8995 10
155764.9870 17
155830.2053 11
155879.6709 17
156058.1375 20
156131.1842 4
156336.2899 15
156398.9704 12
156596.9417 21
156698.5230 4
156758.4424 11
156793.3259 8
156996.9110 16
157158.7672 12
157188.6218 3
157277.3979 15
157313.7949 20
157433.2104 4
157552.6118 5
157705.3338 8
157769.5647 10
157799.5985 21
157944.8606 7
158023.1147 11
158118.0623 10
158335.8003 18
158418.0283 7
158565.5935 15
158610.5933 4
158839.7276 11
158875.3272 7
159016.4752 8
159205.1725 17
159404.0619 19
159524.5867 11
159587.4681 12
159691.0625 11
159884.6059 19
159978.2167 6
160178.7173 12
160342.6549 16
160475.3655 16
160505.2924 18
160526.4084 5
160574.6898 11
160636.4881 19
160678.1603 7
160812.8072 12
160915.1963 8
161018.3804 13
161075.6015 17
161108.1889 11
161246.4517 11
161443.3756 18
161530.0715 3
161608.8196 21
161742.5457 11
161877.7857 12
162015.7765 18
162167.4291 8
162315.5890 13
162435.2498 15
162476.0517 10
162552.6134 14
162701.0133 11
162858.3378 9
163054.9404 6
163222.9326 18
163407.0923 10
163529.4068 11
163570.8078 20
163615.7235 18
163744.4870 16
163934.4835 16
164089.5740 11
164129.8626 4
164320.9469 15
164399.4099 18
164531.3202 16
164715.2152 12
164893.2749 8
164910.6194 8
165026.7755 20
165050.9342 20
165191.6009 12
165211.2378 15
165311.6735 13
165473.4362 20
165605.1849 15
165664.4390 18
165696.4259 11
165889.7123 3
166033.0366 9
166166.6948 12
166197.1913 18
166235.8350 16
166325.9189 12
166470.3108 1
166550.2454 15
166621.2558 15
166775.8591 16
166814.2216 18
166989.3375 21
167161.0255 9
167338.0485 16
167441.0650 11
167502.1802 14
167588.1925 16
167740.8862 13
167892.6143 15
167994.6651 5
168155.1590 12
168295.5368 2
168498.9773 16
168570.4802 15
168647.0765 13
168762.2568 11
168927.6358 8
169023.5941 16
169174.2498 13
169214.6434 5
169365.6841 20
169509.9398 18
169709.7521 15
169831.6424 18
170000.6061 18
170048.7872 15
170141.6367 21
170326.0593 7
170472.8756 12
170502.0611 15
170592.2957 13
170740.1668 10
170806.2643 12
170827.5888 20
170947.2757 21
170971.6956 18
171008.2023 14
171138.9777 17
171192.0961 17
171211.4569 1
171425.3647 12
171476.4524 11
171596.9419 5
171789.4668 11
171933.0253 20
172118.8660 7
172166.1069 18
172343.1204 18
172545.4080 14
172672.2478 16
172812.7133 8
172985.9301 5
173122.0732 17
173247.6792 12
173319.0117 6
173497.7550 12
173687.7662 12
173721.3886 20
173922.7580 11
173953.2128 11
173995.9865 16
174026.4888 20
174129.8790 11
174234.4218 8
174331.5506 13
174535.4293 8
174643.6821 14
174722.7061 6
174916.4926 15
174937.5830 13
175095.9921 12
175222.0786 16
175420.7993 11
175441.3162 11
175606.8566 13
175672.5319 18
175827.6127 5
176026.9807 11
176159.7303 9
176354.8776 14
176503.1404 16
176640.5488 12
176689.9637 16
176807.5699 11
176922.4052 18
176995.2707 2
177178.3334 18
177200.8478 15
177359.0276 4
177529.6103 4
177689.7030 11
177725.7594 3
177893.3201 17
178040.5073 12
178088.2707 16
178188.1556 15
178298.6930 5
178498.5024 13
178597.1019 11
178709.8987 12
178730.8838 5
178928.6322 11
179130.2103 5
179278.5120 6
179527.4719 1
179669.1929 11
179817.0994 14
179996.1653 20
180100.9497 16
180157.6368 5
180334.8615 3
180535.1324 8
180664.7346 12
180824.9428 19
180950.4737 18
181040.9192 18
181081.5272 21
181230.5969 8
181335.2703 2
181481.1093 20
181536.9642 11
181563.1430 18
181599.7821 8
181638.1565 17
181753.6846 13
181859.1867 21
182039.6489 11
182180.0929 18
182358.0533 8
182532.5742 11
182656.0000 9
182674.1662 12
182819.9529 13
183019.3371 20
183158.4510 16
183228.4285 12
183394.0580 6
183557.7747 20
183620.8651 5
183723.5142 18
183896.9353 11
184049.9235 17
184151.8808 13
184272.4505 20
184346.7204 15
184515.0833 4
184616.5583 12
184758.7432 15
184794.5751 18
184963.0876 16
185045.7060 17
185240.7823 17
185329.1368 7
185526.0593 19
185662.2262 11
185763.2318 11
185899.7663 10
186042.5741 15
186186.1282 5
186262.3194 4
186417.3242 18
186481.6441 13
186562.4419 19
186614.0563 15
186666.7254 14
186839.4256 5
187011.4735 12
187133.5077 11
187191.4836 14
187295.5630 17
187456.8941 12
187493.3453 13
187622.3380 11
187684.7835 11
187759.1577 12
187874.4565 19
188034.9949 9
188096.6233 12
188218.5188 11
188377.3808 21
188461.1882 2
188630.2074 18
188806.1502 15
188903.0078 18
188974.8299 5
189025.2196 11
189069.6068 16
189168.5158 2
189307.6367 16
189424.6008 12
189513.0521 16
189583.0201 10
189764.9199 12
189871.7246 8
189981.7238 2
190082.5142 20
190186.8279 8
190248.9489 2
190314.3218 19
190411.6642 17
190540.4217 11
190658.0825 11
190730.5474 14
190898.2972 13
190954.6594 9
191120.0155 18
191201.8145 2
191431.1611 2
191650.0471 4
191767.6391 13
191891.7569 16
192004.2399 2
192243.0530 12
192368.2661 19
192515.3694 9
192569.4071 4
192646.4316 12
192810.6591 21
192848.6491 21
192984.0494 15
193037.7788 12
193190.7326 12
193375.4419 2
193454.1113 18
193650.5505 2
193778.3864 7
193894.0774 9
193931.7662 17
194101.8920 1
194141.5969 2
194392.2709 18
194450.0625 15
194518.8720 2
194657.6870 15
194811.8648 5
194889.9495 19
195033.2482 12
195224.4421 7
195270.2709 18
195340.7050 6
195462.7662 12
195546.0110 12
195614.6339 19
195702.0284 7
195885.3014 20
196049.4664 18
196116.7866 9
196150.1635 9
196214.0939 20
196388.5166 7
196548.3517 21
196696.0614 18
196750.5629 15
196941.9174 1
197148.8104 7
197318.5230 11
197343.9312 18
197463.5758 15
197645.4272 17
197830.3396 13
197912.5764 7
198049.8344 9
198204.3099 8
198350.4567 12
198552.4197 11
198627.3993 2
198745.2070 14
198976.6987 6
199131.7774 5
199190.8278 17
199251.7165 18
199437.3640 7
199601.6785 2
199762.7529 12
199870.5823 11
199954.5534 15
200019.9434 15
200145.1896 10
200315.7040 14
200498.2897 8
200563.6838 18
200682.3197 4
200814.6710 15
201000.9062 14
201170.5079 1
201262.4108 16
201337.6057 15
201486.3091 13
201654.6486 5
201687.8109 12
201772.7745 12
201883.5919 11
202031.7290 20
202078.7781 12
202222.0729 3
202277.8358 7
202466.3875 2
202555.2863 9
202676.0465 11
202773.1725 18
202889.5007 12
203046.4398 11
203152.7999 9
203351.4796 19
203459.2878 16
203559.6362 18
203616.6805 11
203717.1633 11
203755.1430 16
203845.6464 4
204095.3495 10
204249.9125 12
204360.2321 12
204535.8777 20
204658.0103 11
204829.1328 12
204934.6500 12
205135.7346 14
205236.8875 1
205342.9215 19
205475.2961 3
205518.8587 6
205733.1305 11
205778.7269 19
205883.1851 17
206025.7940 11
206160.2542 6
206237.1618 17
206321.9582 16
206359.0031 12
206430.4214 3
206621.4217 16
206738.3124 18
206793.1673 16
206904.2158 5
206979.9821 12
207118.2419 11
207188.9706 9
207235.3510 11
207289.9672 12
207433.0117 15
207522.2978 19
207552.1160 3
207724.7067 8
207959.7484 16
208137.1221 14
208350.1761 12
208388.4042 2
208480.8944 20
208674.3993 9
208737.5750 16
208756.1577 1
208908.5233 3
209022.8470 12
209059.3827 8
209122.0519 11
209195.9670 21
209294.7936 19
209344.9090 12
209454.3327 9
209568.3924 3
209701.2453 9
209892.3433 10
209952.7683 11
210135.9393 3
210242.8388 11
210429.0824 15
210555.5103 20
210743.2130 12
210793.1213 9
210971.2214 9
211047.1793 18
211160.2132 10
211365.4067 7
211496.6296 18
211657.5559 11
211754.1724 8
211839.0956 5
211898.9996 21
212105.1759 1
212288.6773 14
212472.2545 20
212528.5529 12
212569.9719 3
212721.8496 20
212818.7073 18
212912.7549 12
213103.5925 11
213253.6599 10
213393.5387 15
213543.1204 11
213605.6894 14
213807.2513 1
213943.6487 1
213992.3507 11
214194.2011 15
214355.1602 16
214458.6619 12
214598.9594 16
214800.7040 6
214909.9151 19
214985.9146 18
215185.0666 17
215387.7515 21
215504.3506 11
215660.8873 10
215697.4719 11
215787.9341 15
215839.7797 8
216009.2085 13
216144.1702 1
216189.1035 18
216291.1299 13
216485.1562 18
216599.0454 14
216809.9575 12
216988.7464 6
217166.5515 13
217271.5470 9
217395.6824 11
217563.4555 2
217776.5404 16
217970.9315 15
217998.7420 16
218020.2043 6
218080.8973 5
218141.2264 18
218162.0177 21
218232.1073 18
218379.1251 11
218561.0120 11
218674.6340 6
218848.7204 18
218997.8162 13
219061.2059 8
219208.5300 21
219278.6881 17
219424.0058 13
219605.4768 21
219641.4286 17
219837.9965 7
220001.7038 6
220125.2769 4
220346.7197 21
220458.5722 5
220485.5731 3
220571.1640 11
220685.5654 8
220771.0981 13
220955.0740 1
221149.5345 18
221289.5143 15
221432.5135 3
221502.7731 12
221531.7487 3
221614.9935 20
221721.0182 11
221821.7369 5
221948.0201 20
222114.1740 11
222193.0072 6
222307.0508 10
222505.7838 7
222631.7245 13
222773.2075 3
222896.3867 6
223124.2080 12
223160.8297 12
223217.9091 10
223402.0518 16
223509.6618 13
223556.0391 8
223751.0063 6
223844.7511 12
223924.4392 15
224025.2598 20
224226.7536 11
224326.8077 7
224401.5233 9
224492.6587 21
224633.1308 9
224705.5254 7
224803.7940 16
224954.6184 1
225003.7466 4
225087.8462 12
225184.6667 9
225372.7422 4
