1494
17459.1730 19
17534.1644 12
17632.1479 19
17696.1495 15
17757.1710 11
17940.0326 2
18163.0351 1
18265.9595 14
18473.4885 12
18501.0968 15
18680.9204 14
18836.4351 17
18936.4227 16
18999.9601 10
19068.3901 8
19289.9124 1
19345.2992 11
19530.4053 13
19655.9056 21
19828.0814 6
19963.1394 10
20123.3356 18
20294.1883 8
20425.5126 17
20479.9579 21
20556.5544 12
20654.3848 11
20805.7139 14
20955.0496 19
21007.5215 5
21192.0092 8
21321.4524 11
21437.3173 18
21471.1865 10
21646.4052 11
21684.1432 19
21877.3465 18
22052.1825 21
22225.8472 2
22299.7557 4
22486.8132 11
22554.6692 18
22712.4911 15
22784.5633 3
22981.0523 10
23124.6362 20
23322.3401 19
23497.4714 8
23675.2269 6
23762.7031 11
23936.5590 12
24117.8956 18
24164.9348 19
24281.4731 11
24327.1274 14
24501.5547 12
24624.6764 18
24695.6312 19
24765.9600 7
24890.6885 18
25045.8036 14
25099.2867 8
25172.0252 1
25261.5608 11
25372.0835 13
25435.7979 12
25567.8850 1
25659.6759 2
25725.9611 15
25878.6808 6
26008.7847 13
26048.6388 21
26252.7498 12
26275.6993 20
26403.6234 17
26478.7940 4
26604.0199 11
26749.8021 4
26926.0986 2
27025.7516 9
27096.6082 1
27251.0714 3
27357.7253 20
27401.6619 10
27617.9985 12
27776.7295 15
27810.8893 1
28000.9042 15
28110.5278 4
28269.3108 6
28466.4001 5
28571.8315 21
28707.1732 4
28821.4273 20
28935.9686 12
28980.6998 12
29016.7125 11
29041.4404 2
29271.7125 16
29328.7885 3
29454.2492 2
29651.0318 4
29787.5058 19
29947.7200 20
30140.9728 9
30273.6586 18
30334.6334 12
30518.2979 12
30647.7004 9
30685.1488 3
30877.7066 9
30983.4925 18
31130.2537 10
31161.0442 15
31302.1847 12
31373.1322 5
31540.6020 17
31668.7701 7
31706.3446 20
31876.6066 12
32025.9005 11
32186.2849 20
32244.8686 11
32401.4845 6
32594.0449 4
32725.1657 16
32881.1842 8
32996.5869 18
33135.6053 11
33191.9436 18
33257.6835 9
33330.5240 18
33394.4357 11
33589.6151 2
33760.9224 12
33934.1091 19
34087.6258 9
34152.9237 1
34252.2572 9
34309.1538 14
34504.3617 19
34587.9545 17
34688.1372 19
34750.8343 14
34970.4769 18
35070.6442 15
35099.6693 13
35216.3369 12
35356.0106 5
35440.6568 12
35552.8906 18
35719.8230 11
35910.8869 11
36037.1648 11
36177.1620 17
36232.4197 17
36255.1126 13
36312.3202 9
36358.4437 11
36381.2096 11
36463.2085 5
36566.1330 8
36697.1664 20
36802.3856 18
36933.8364 12
37098.5272 16
37226.4399 4
37367.3777 2
37559.2466 6
37797.9882 12
37965.5802 20
37987.2656 12
38098.2835 18
38243.1070 21
38280.8844 11
38305.4170 19
38398.3264 10
38543.6503 10
38676.0252 18
38721.3580 17
38923.7157 11
39127.3724 5
39218.3370 2
39408.8877 21
39569.6780 12
39690.2804 21
39800.6708 1
39867.1175 11
39969.1848 18
40070.1091 20
40235.2493 11
40431.7310 16
40485.5860 18
40640.8115 11
40691.9447 15
40762.4889 16
40877.4780 12
41069.5013 1
41148.6670 11
41232.6749 20
41390.4406 4
41463.3018 3
41659.2443 5
41813.1350 21
41934.7438 7
41997.5999 13
42101.0179 20
42181.5823 11
42344.4291 14
42518.6050 12
42715.2755 2
42895.7197 19
42927.7926 20
42981.9376 14
43069.2677 12
43175.1602 7
43373.0454 4
43436.0368 20
43626.4722 4
43731.8379 5
43848.6450 13
43994.4058 14
44108.9161 1
44274.7481 4
44509.0626 18
44555.2922 12
44684.2930 2
44886.3753 6
45096.7071 3
45257.4015 1
45326.4791 11
45418.2894 7
45563.2658 12
45656.3704 19
45685.2265 18
45856.5789 6
46064.5684 15
46098.7665 21
46238.9483 6
46381.8386 1
46464.8005 16
46642.1327 11
46817.8582 12
46893.2907 13
47023.6962 13
47088.0070 18
47148.9297 19
47222.9504 10
47336.7594 10
47390.5971 14
47502.3539 9
47551.1802 17
47690.6755 8
47866.1261 14
47986.7962 17
48145.5200 5
48273.7855 16
48467.5426 15
48531.4993 12
48697.8000 11
48727.4247 10
48907.1140 11
48945.8037 14
49157.2250 4
49339.3908 11
49385.3886 20
49450.5961 5
49647.9434 8
49814.1970 9
49839.0576 20
50027.0570 12
50225.2396 14
50399.5135 12
50576.9775 12
50611.3229 3
50722.8092 13
50932.5661 16
51114.6950 12
51176.3285 4
51372.3925 19
51416.5158 1
51531.8020 17
51649.1270 4
51784.2620 20
51839.9611 11
51914.1091 15
52113.9354 12
52249.7000 6
52331.5146 11
52351.1628 1
52505.7799 21
52571.4595 17
52637.6047 15
52682.9653 15
52709.3309 6
52809.5645 20
52859.3906 13
53004.6489 14
53171.3282 5
53289.1408 1
53429.5895 18
53608.2289 11
53651.1450 18
53755.6948 9
53932.1979 1
54102.0487 12
54168.5695 4
54283.1187 7
54344.1208 11
54442.3611 13
54612.9443 16
54695.1071 5
54882.3102 14
54979.9724 14
55159.9227 14
55234.2174 19
55364.9044 10
55479.3180 2
55602.3067 1
55788.2860 19
55911.3460 20
55950.6960 16
56101.0358 20
56218.1856 18
56407.4924 13
56491.7145 1
56669.1033 16
56713.9194 11
56916.6354 4
57119.5294 2
57208.8525 10
57258.1376 7
57419.1368 19
57480.3541 11
57556.8597 16
57717.8565 19
57761.8702 8
57958.2971 7
58133.9251 17
58158.9003 6
58321.2293 2
58427.5783 9
58449.7868 13
58581.4482 19
58746.5906 4
58907.3617 21
59016.7548 9
59169.7905 18
59235.7507 19
59338.5691 18
59487.7168 12
59563.0473 21
59698.0244 14
59882.8512 13
59917.7828 12
60031.2209 6
60154.9128 15
60255.6245 20
60357.9072 4
60445.3905 20
60480.1241 11
60580.2507 17
60782.0329 14
60975.6931 19
61156.5468 12
61223.1523 13
61287.4316 5
61456.1442 3
61566.3172 2
61650.2786 21
61774.5079 2
61902.5645 8
61990.2600 2
62058.3210 17
62215.0875 5
62244.0885 4
62306.2565 12
62342.1925 3
62436.7708 17
62561.8987 18
62707.9631 1
62900.3778 2
63065.8174 17
63104.8365 4
63323.3967 12
63418.4569 3
63536.5907 11
63636.7053 19
63826.5450 11
63895.1190 16
63930.1896 20
64129.3816 9
64164.1015 11
64329.9632 7
64389.9178 20
64452.8247 3
64632.9421 3
64840.5689 11
64947.8857 18
65059.7934 13
65267.7044 15
65348.5993 16
65505.4505 8
65708.9913 5
65884.6431 8
66028.7960 18
66225.5503 11
66270.4907 12
66310.9759 11
66452.3733 8
66642.5611 14
66871.0678 20
67020.6577 16
67123.5553 15
67310.4364 10
67425.3664 11
67546.4686 12
67741.5068 14
67875.3553 6
68100.0557 2
68153.2477 11
68216.7454 5
68402.7810 5
68532.3845 2
68618.4726 1
68761.2827 1
68798.0178 11
68878.9369 11
69073.0708 20
69224.3860 4
69353.8666 7
69478.4577 10
69635.3867 6
69761.8475 16
69866.5131 16
69975.8075 19
70176.0827 10
70328.0522 6
70548.9270 4
70636.9541 13
70727.7501 10
70866.1757 20
70968.5845 12
71019.2313 18
71064.6705 2
71199.3469 7
71268.5274 5
71446.8776 10
71577.3786 18
71665.1730 2
71903.5159 11
71972.7590 12
72060.0841 4
72224.5281 21
72285.1946 9
72422.8106 5
72582.8340 4
72663.0363 6
72730.8413 7
72932.2549 11
73040.1688 13
73137.1115 17
73190.4120 20
73377.7734 8
73510.7815 18
73548.2182 17
73597.0244 18
73700.0791 2
73782.8625 12
73882.7038 19
73967.3440 3
74162.7671 18
74356.6827 5
74453.0204 1
74498.2010 14
74646.7578 20
74760.7246 18
74865.7860 21
74891.2636 3
74933.9905 21
75105.8623 6
75275.8098 12
75394.8243 21
75472.4296 14
75678.8369 18
75760.0036 13
75800.4138 6
76014.0739 6
76203.3619 2
76409.1028 11
76564.6393 9
76587.7484 5
76662.5815 8
76872.6104 8
77011.5406 19
77158.1490 16
77260.2689 2
77369.7565 1
77422.5820 18
77562.5471 1
77658.3541 1
77690.2888 8
77754.0477 20
77794.3981 12
77873.8603 21
78004.8544 21
78196.2906 16
78304.3990 11
78359.3396 12
78433.4348 21
78488.2818 16
78526.2678 12
78685.9445 11
78728.0258 8
78920.6808 2
79163.5909 12
79301.7464 8
79471.8711 17
79676.2214 11
79789.2018 9
79829.1981 14
79933.0947 18
79954.6999 2
80188.6811 19
80300.0884 8
80455.0399 11
80656.0071 21
80755.6859 20
80908.3455 16
81075.8076 8
81177.2660 21
81330.1692 18
81461.4252 6
81599.0854 4
81744.5712 11
81829.2280 11
82025.1665 15
82106.4455 12
82236.4256 15
82417.2125 8
82630.2626 17
82709.2401 15
82826.5584 19
82856.3378 2
83082.5730 4
83227.4396 8
83369.5864 16
83406.5653 13
83495.6122 18
83653.2078 4
83717.6517 4
83816.4871 5
83910.7878 8
84097.9824 11
84139.7434 16
84338.5541 12
84521.7862 11
84610.4469 21
84802.2116 1
84953.3445 1
85092.3744 19
85249.6044 4
85474.6137 19
85508.3357 12
85691.4996 1
85772.1977 12
85938.4862 13
86080.3870 16
86152.0881 19
86241.2768 7
86381.8681 9
86514.0182 18
86548.7125 10
86671.9101 12
86757.9534 17
86884.4849 11
87045.6391 12
87125.6205 13
87216.4698 2
87297.6590 12
87340.7394 11
87379.2800 16
87537.6710 18
87666.9400 3
87763.4301 9
87888.5934 10
88003.1394 13
88149.1748 15
88169.5383 10
88339.1159 12
88362.3293 11
88466.5371 16
88647.0130 16
88800.1715 9
88972.6928 21
89115.8541 1
89215.8699 14
89315.9961 12
89407.4784 12
89569.0450 17
89599.4861 8
89725.2371 5
89858.8207 11
89997.6928 18
90074.5252 12
90194.8770 14
90404.6248 13
90458.7739 12
90490.6442 11
90556.4616 19
90627.2582 1
90726.3080 16
90842.1753 6
90918.2526 20
90975.2132 15
91098.5102 7
91278.6753 14
91385.5480 16
91503.8921 9
91689.3947 12
91868.7909 19
92037.2320 14
92165.2834 2
92387.7207 18
92537.7087 14
92576.1297 18
92680.0273 14
92818.0999 11
92915.4588 2
93105.4795 8
93213.3739 14
93279.7218 17
93392.9821 1
93453.0085 12
93479.3189 19
93552.0483 11
93581.4517 12
93606.0261 21
93657.8622 16
93693.8775 9
93891.3320 14
93979.7737 16
94122.5482 14
94339.2253 3
94468.3414 10
94547.5259 6
94714.5175 20
94821.7716 18
94972.9893 12
95162.9925 11
95330.7436 3
95417.2706 15
95472.1276 1
95610.7642 11
95725.9722 11
95852.2870 18
95981.6428 10
96079.2610 13
96230.9530 16
96346.5793 9
96434.0710 16
96470.2354 4
96653.7876 18
96702.2902 11
96891.9717 7
96945.0313 18
96993.7681 5
97094.9530 6
97141.7963 17
97206.2670 21
97392.9605 12
97497.4319 14
97561.5238 14
97726.5154 3
97899.6476 4
98085.1699 12
98286.3892 15
98489.8060 11
98679.0667 6
98901.6482 20
98988.6086 21
99053.7933 5
99185.7341 18
99334.4409 18
99393.6832 5
99440.9534 12
99606.5671 21
99814.4074 12
100003.2812 6
100175.5755 2
100372.4721 3
100465.2178 17
100498.9251 5
100596.5908 16
100781.2901 12
100827.2868 15
101007.5431 11
101073.3614 3
101135.4796 15
101269.0393 10
101411.5609 14
101489.6101 12
101598.3446 1
101673.4813 12
101714.1897 8
101812.0922 8
102049.1263 9
102068.4578 21
102169.2372 3
102267.8449 11
102457.0924 2
102585.9745 3
102618.9423 16
102806.8148 9
102902.3463 2
103094.1306 14
103174.2468 4
103257.7737 12
103358.9583 14
103462.4039 11
103596.1677 11
103700.2481 18
103811.1345 17
103983.6263 18
104141.3258 7
104302.3441 13
104410.6956 11
104579.3664 2
104769.7234 18
104823.8565 2
104973.9216 9
105022.2290 11
105156.6360 1
105200.2529 12
105371.7859 17
105560.7566 12
105664.8637 15
105711.0144 16
105767.4865 13
105864.7243 12
105901.1845 2
105996.1232 12
106043.2724 20
106084.5702 21
106115.1968 15
106251.9866 20
106363.2883 8
106493.8836 5
106671.1223 5
106804.3633 1
106914.7123 18
106964.0425 12
107008.9262 21
107203.4386 11
107233.0739 11
107375.4469 11
107431.1244 21
107457.6164 12
107534.4843 9
107662.6174 2
107818.7942 5
107912.8979 10
108071.5778 18
108103.5235 11
108137.0895 10
108245.2705 13
108275.1963 11
108442.9481 8
108676.1370 14
108729.2679 17
108785.9886 9
108908.8065 9
108952.0620 21
109148.1367 4
109375.8950 16
109560.4320 19
109638.2323 17
109663.3396 11
109773.6296 12
109941.7729 4
110102.0836 13
110261.5787 5
110376.4985 12
110486.4697 6
110591.3675 21
110654.8598 18
110815.3630 2
111063.6917 20
111106.2702 19
111176.9177 7
111373.7636 8
111437.8485 11
111577.3620 12
111748.8478 11
111850.0434 6
111911.4384 14
112048.9015 11
112153.4844 11
112331.5565 18
112430.0543 14
112635.2536 11
112728.5251 12
112839.6175 16
112862.4154 18
112926.2167 6
113001.8145 7
113153.1605 13
113300.9926 15
113470.0773 2
113559.3024 2
113653.1997 11
113799.9806 3
113862.9528 11
113978.3949 2
114071.6231 18
114097.4118 21
114192.8444 16
114376.9327 18
114469.1801 11
114637.3357 7
114664.4985 5
114879.0325 3
114908.0763 4
115127.1977 17
115301.0899 13
115492.9637 8
115637.3379 4
115803.6564 8
116014.6827 12
116170.9078 17
116258.8314 11
116318.2419 18
116345.9269 19
116412.2398 20
116602.1578 16
116753.4714 20
116846.0760 18
116946.5361 11
117057.2884 9
117087.2580 12
117181.2596 13
117235.5659 10
117308.6338 7
117505.5267 12
117622.6227 9
117722.1268 16
117785.0681 10
117913.9959 14
118079.7371 18
118131.0377 11
118314.6460 10
118471.9535 15
118656.8215 18
118781.5345 15
118906.1764 13
118969.7636 18
118987.1151 3
119157.0774 14
119353.0971 3
119409.4350 15
119527.4267 7
119608.8151 1
119726.4233 16
119873.1699 2
119978.1344 12
120120.4556 14
120296.0296 18
120334.9464 14
120485.8578 4
120679.1939 16
120794.5987 21
120888.8554 11
120936.2266 8
121025.2442 5
121119.3195 4
121270.0009 12
121447.1683 12
121580.7923 5
121727.9600 12
121885.5466 9
122034.4242 1
122181.1235 16
122209.5323 15
122361.7928 15
122508.0888 21
122702.8294 7
122882.3594 12
123067.5517 8
123227.1901 20
123353.8250 14
123424.6571 18
123447.5142 13
123617.0186 10
123706.3283 13
123840.6968 9
123979.1122 10
124090.4460 11
124143.2332 3
124238.5498 11
124267.0144 2
124448.4860 9
124513.9220 15
124623.8560 20
124808.3300 19
124898.3825 11
124994.4060 1
125156.9699 8
125299.9303 18
125467.9944 21
125565.9897 5
125739.2497 14
125916.8282 11
126044.9619 4
126112.1887 4
126175.5692 9
126198.9052 14
126256.1470 4
126365.6322 3
126532.0499 10
126685.7954 16
126787.2044 1
126869.7249 8
126990.2140 11
127138.9137 16
127258.1148 4
127479.5205 18
127642.1732 6
127753.9693 11
127881.2902 16
127982.1751 1
128176.0573 21
128253.4407 17
128303.7403 2
128378.7378 9
128442.7362 9
128499.8353 8
128653.1857 9
128793.0136 5
128872.1971 4
128972.2854 4
129056.1808 12
129184.4337 1
129345.8658 8
129488.6573 13
129614.7537 11
129715.2219 5
129752.5049 11
129891.2030 11
130015.1551 3
130105.1685 17
130266.2867 16
130306.3116 21
130389.4037 18
130558.7102 10
130776.5656 7
130885.1426 21
130946.2681 3
131004.5074 17
131179.1532 4
131278.2438 14
131434.8944 15
131615.2529 13
131731.1408 14
131827.2602 2
132072.8618 11
132182.4319 11
132222.1975 15
132321.7774 11
132355.4612 12
132484.3136 11
132595.5401 11
132680.8798 11
132767.1721 21
132903.4044 8
133059.8082 19
133254.0411 3
133465.5110 10
133646.4133 11
133724.7049 14
133799.9632 16
133867.8386 3
133943.2806 17
134066.8949 18
134204.5584 4
134321.7576 12
134453.6235 11
134561.0842 11
134714.6252 19
134805.7266 19
134825.3155 16
135019.4973 3
135200.7375 2
135298.5363 8
135480.7599 14
135587.4310 18
135724.7346 21
135755.0217 14
135831.0803 1
135993.6987 5
136028.6660 16
136221.2655 17
136350.1417 2
136482.8722 15
136676.4292 11
136708.8726 2
136924.8781 9
136993.2582 5
137029.4162 3
137075.7181 15
137233.9474 12
137351.6332 10
137553.5315 18
137699.4257 4
137884.1973 20
137954.6056 12
138103.6050 12
138192.4368 7
138379.2297 4
138610.5668 19
138746.6822 14
138871.3343 9
138936.6880 15
139107.3052 17
139285.4036 8
139469.9600 14
139680.7770 16
139834.8789 12
140030.6617 9
140080.2213 20
140219.1714 21
140268.8545 11
140317.9717 11
140356.9915 21
140487.8028 6
140635.9839 18
140778.4175 11
140844.9298 18
140930.7961 15
141069.1920 21
141103.2092 3
141263.7628 9
141419.8321 18
141614.6236 11
141798.4533 11
141983.1431 15
142137.0201 12
142248.1764 7
142340.1438 18
142439.5965 11
142524.8323 5
142622.8770 17
142649.4146 18
142672.1776 16
142728.4714 20
142840.9136 3
142889.2382 11
142988.3801 4
143067.5492 18
143206.1183 11
143328.3991 21
143417.0934 10
143556.4224 16
143695.8569 18
143784.5597 15
143883.6571 15
144033.2414 4
144112.6151 1
144155.3049 17
144174.3808 21
144360.1035 21
144489.5037 12
144540.4794 11
144726.7199 17
144747.7844 2
144845.3789 5
144912.3453 11
145026.3304 15
145221.0267 11
145408.1721 5
145575.7874 11
145683.6318 9
145750.1581 12
145851.5138 17
145979.2825 19
146022.3891 17
146063.6854 19
146246.9908 5
146313.1047 21
146359.0749 18
146446.6203 19
146644.1319 4
146719.1089 13
146755.1358 11
146786.7596 17
146809.6607 2
147044.7518 6
147104.0608 12
147304.4021 18
147498.2283 11
147689.6344 6
147895.3795 1
148065.8797 2
148147.8563 8
148229.1387 17
148296.5529 8
148520.4071 18
148699.8113 15
148831.1654 12
148908.3986 5
149064.5756 12
149158.9666 8
149390.0750 16
149457.7141 18
149531.9983 19
149582.7786 4
149634.3202 13
149686.4349 17
149791.3529 5
149951.8183 17
150149.9275 13
150197.4920 7
150220.5787 3
150429.7360 19
150527.2754 3
150657.7033 11
150702.2610 14
150909.5075 1
151004.8430 21
151105.9229 8
151200.4789 10
151320.4470 6
151370.4076 4
151510.6501 8
151630.4254 16
151764.1371 1
151808.4817 8
152027.2346 5
152190.2576 12
152336.2427 19
152512.9595 7
152645.9431 14
152857.5409 15
152900.2262 18
153101.3811 7
153263.0802 13
153457.9251 17
153542.2183 10
153719.0076 14
153920.7632 16
154068.3835 1
154129.6021 18
154257.9461 20
154397.9776 17
154442.6638 17
154541.6604 13
154572.7969 16
154777.6165 12
154956.3470 9
155004.1888 11
155124.4751 18
155160.2118 2
155278.0677 5
155367.0784 12
155420.3959 16
155613.4539 11
155691.4752 10
155783.4289 17
155974.3701 13
156081.4301 18
156204.3846 7
156273.4832 5
156380.7792 21
156520.4525 10
156575.3570 6
156676.0928 16
156749.9979 17
156788.8407 1
156872.7806 8
157021.0014 11
157202.2038 3
157371.6265 13
157496.5560 2
157672.3011 10
157797.8965 2
157910.5002 12
158057.4667 18
158164.1976 12
158315.6940 7
158359.6987 6
158553.6900 20
158736.0417 20
158930.3476 11
159128.5583 10
159241.0780 19
159416.3209 9
159514.2293 7
159591.0826 14
159675.4943 12
159711.8875 4
159806.9302 10
159885.4290 14
159998.5436 12
160064.7978 10
160214.3147 13
160279.3276 12
160468.5282 17
160655.5154 19
160780.1897 5
160911.7584 15
161025.0517 2
161071.1442 2
161231.9582 14
161380.2466 19
161494.3721 17
161552.7446 15
161700.6350 15
161869.6387 4
161965.7477 14
162055.4585 16
162121.9717 12
162204.3981 11
162297.0295 13
162490.0783 16
162610.2907 10
162735.5693 16
162935.6778 18
163077.8211 19
163120.9323 3
163210.7189 7
163306.1267 2
163454.9611 11
163649.5803 15
163734.1872 14
163915.1720 11
164101.4209 4
164317.2343 20
164418.4299 17
164451.9805 15
164536.1860 8
164729.1869 10
164895.9020 4
164992.8554 11
165093.9440 19
165168.6609 14
165399.6144 11
165600.7521 5
165708.2366 13
165814.8306 12
165986.7847 5
166102.2976 4
166327.7298 15
166347.6780 11
166526.2634 20
166629.5615 16
166761.7574 12
166856.5129 6
166951.8567 6
167146.8224 10
167287.0116 11
167419.5490 21
167621.4593 20
167679.0727 4
167733.0234 16
167842.7217 21
167976.7668 9
168113.8211 4
168344.6434 11
168477.8365 15
168575.7506 7
168721.2568 14
168890.3681 5
169079.9259 4
169233.9926 4
169393.6136 6
169495.2391 19
169678.5855 2
169765.7091 2
169979.7047 11
170149.5897 11
170221.4030 14
170439.1460 19
170583.7370 12
170606.2420 10
170770.4461 3
170880.7943 14
170989.8422 6
171114.8557 12
171303.7080 8
171355.4668 16
171512.8377 18
171684.1801 7
171878.8810 20
172076.6237 11
172146.8001 15
172195.1420 5
172251.6212 21
172410.7117 2
172523.8894 11
172575.9582 21
172775.4749 6
172933.4430 12
172997.5663 15
173037.9113 20
173142.1561 15
173223.3500 11
173363.5122 18
173513.0932 14
173673.8874 11
173733.4936 18
173834.0900 14
173896.3469 15
174091.9977 5
174229.2375 11
174338.7487 17
174476.5799 18
174530.5003 21
174701.2703 20
174821.0636 21
175002.4512 16
175033.7202 9
175078.4872 9
175258.2882 16
175399.0075 13
175455.3212 18
175543.4566 2
175613.1862 3
175684.1041 19
175733.6358 3
175786.1928 20
175860.7744 12
175905.7405 9
176060.1670 19
176245.8680 19
176342.2457 15
176458.0306 11
176655.3264 20
176772.2648 11
176911.6976 5
177099.2219 18
177135.1259 11
177260.8832 14
177331.2371 11
177391.8424 21
177516.8660 19
177597.1023 4
177790.2950 16
177904.9517 17
178101.6626 18
178200.3281 8
178258.6638 2
178435.0477 13
178539.7778 1
178623.0968 15
178754.1464 21
178826.5314 12
178947.8484 18
179118.6402 11
179201.2089 15
179399.1689 11
179482.7746 11
179529.2879 16
179654.0172 11
179689.0133 21
179784.1320 12
179851.0397 10
179954.8497 19
180014.2032 21
180113.8198 2
180236.8830 5
180415.2150 11
180556.0270 9
180748.6722 1
180874.2966 12
180932.4181 18
181069.5434 1
181228.7406 12
181370.0461 12
181565.6980 4
181649.4614 20
181823.4246 10
181885.1034 21
181920.1172 6
182070.3418 13
182256.5402 5
182421.0302 8
182627.9140 18
182709.4914 18
182781.8548 11
182828.1476 16
183025.3014 15
183094.4503 7
183254.3941 9
183288.4802 14
183436.2466 3
183541.8470 3
183742.2389 15
183868.3899 14
183930.1615 19
183967.9494 12
184155.0343 4
184354.3737 2
184454.7033 19
184552.3010 12
184591.6284 7
184695.4065 12
184773.9351 21
184806.6731 5
184961.5856 13
185071.7454 16
185265.2320 12
185337.7208 7
185366.4492 13
185504.8357 13
185587.8580 9
185717.6203 11
185902.4912 7
185948.3735 17
186012.8707 2
186084.6459 16
186221.2433 1
186405.7243 20
186550.9027 18
186581.3375 2
186670.8498 19
186831.7406 5
186910.4405 4
187108.5461 20
187128.2149 12
187284.8377 18
187352.2093 11
187513.0360 9
187579.7102 19
187645.3455 21
187846.7439 7
187967.0315 20
188120.4430 18
188229.4831 13
188424.4480 20
188468.0935 1
188594.8562 12
188706.8135 17
188763.4260 7
188798.2704 12
188953.5459 13
189111.1678 21
189291.0344 16
189411.1450 15
189549.7694 2
189624.0283 20
189656.5809 20
189818.9704 20
189844.1819 9
189887.9096 11
189945.0395 19
190063.4700 13
190100.6410 11
190130.3743 12
190151.7256 11
190201.0766 21
190252.0776 12
190310.6107 1
190502.0981 17
190573.2367 11
190765.6566 15
190943.7678 6
191012.9834 16
191155.4512 6
191281.2271 10
191423.0959 9
191586.2144 12
191610.7018 7
191634.6111 18
191676.5661 20
191731.5234 5
191943.8949 3
192117.8052 12
192182.4010 9
192213.1753 15
192357.6933 12
192443.1734 11
192480.7029 3
192557.5713 10
192753.7466 6
192821.4329 2
192897.0229 15
193097.8725 13
193290.9893 17
193418.9263 18
193499.9664 17
193623.7036 17
193721.8491 17
193894.2761 6
194002.8568 6
194082.2086 2
