1494
17459.1730 19
17525.1944 12
17713.7272 19
17742.3252 15
17860.6880 11
17983.6735 2
18088.3575 1
18302.3729 14
18378.7434 12
18487.9184 15
18528.9644 14
18633.6475 17
18791.8463 16
18910.8425 10
18982.6664 8
19128.2525 1
19200.9660 11
19227.5174 13
19373.8548 21
19553.5926 6
19735.8521 10
19911.3224 18
20107.6392 8
20305.1229 17
20444.4912 21
20473.7517 12
20651.5027 11
20705.4757 14
20899.0126 19
20984.2294 5
21111.8669 8
21188.7022 11
21316.2765 18
21382.1310 10
21606.1285 11
21627.7736 19
21787.9516 18
21815.5415 21
21884.5362 2
22105.3091 4
22335.6047 11
22383.5775 18
22539.4900 15
22582.7228 3
22657.1270 10
22820.8158 20
22926.7307 19
23079.7065 8
23137.1617 6
23378.9098 11
23525.5266 12
23643.6135 18
23799.5198 19
23926.6670 11
24091.7803 14
24317.3425 12
24454.8381 18
24517.4945 19
24638.2935 7
24772.1688 18
24885.8345 14
25077.9280 8
25167.8379 1
25213.8530 11
25253.2515 13
25349.5553 12
25482.9217 1
25637.7978 2
25706.0997 15
25843.1406 6
25924.0921 13
26077.6566 21
26206.9562 12
26318.5216 20
26505.3437 17
26674.3949 4
26774.7200 11
26839.7244 4
26927.1154 2
27030.4810 9
27188.4008 1
27331.7727 3
27397.4990 20
27565.8405 10
27743.0583 12
27816.0871 15
27928.5065 1
27968.1383 15
28116.4587 4
28181.3190 6
28337.9762 5
28519.5956 21
28586.5354 4
28646.9298 20
28829.9641 12
28945.9398 12
28990.7694 11
29012.2131 2
29176.7713 16
29355.0113 3
29541.4401 2
29709.9875 4
29831.4544 19
29893.9037 20
30008.5577 9
30143.9720 18
30230.9781 12
30312.8293 12
30467.6018 9
30522.4626 3
30669.2400 9
30744.7614 18
30856.6376 10
30965.7357 15
31129.5297 12
31306.4237 5
31395.6432 17
31504.8106 7
31537.8922 20
31666.2624 12
31753.5435 11
31779.4431 20
31839.2068 11
31957.8325 6
32156.0947 4
32357.0498 16
32417.1752 8
32461.5072 18
32641.5776 11
32840.5212 18
32858.4830 9
32983.5064 18
33061.5355 11
33203.4521 2
33307.3896 12
33327.8050 19
33486.1137 9
33589.2759 1
33747.0339 9
33877.6533 14
34106.6965 19
34163.1368 17
34325.6930 19
34350.1427 14
34414.6484 18
34458.8520 15
34549.6756 13
34641.7486 12
34734.5581 5
34851.5039 12
34899.8463 18
35031.9683 11
35221.4300 11
35411.8200 11
35528.8324 17
35660.5729 17
35781.0961 13
35841.6930 9
36040.2687 11
36062.1013 11
36106.8332 5
36227.5521 8
36320.9195 20
36489.2899 18
36548.0011 12
36649.4812 16
36756.5724 4
36951.2340 2
37060.6968 6
37215.6254 12
37265.2046 20
37340.3917 12
37419.7608 18
37616.6811 21
37699.6745 11
37798.8005 19
37948.3685 10
38090.8493 10
38199.4262 18
38365.6706 17
38474.1503 11
38605.2028 5
38712.2606 2
38850.9880 21
38944.4275 12
39109.5723 21
39313.7340 1
39527.1424 11
39599.9781 18
39773.5389 20
39896.6159 11
39980.8349 16
40139.2674 18
40324.0744 11
40504.9966 15
40607.5791 16
40729.9933 12
40915.5062 1
40983.8114 11
41180.7845 20
41323.1121 4
41493.3041 3
41591.2981 5
41667.8879 21
41717.9713 7
41826.5623 13
41971.8341 20
42165.2029 11
42311.0622 14
42433.6854 12
42541.5927 2
42618.0462 19
42651.6144 20
42721.9322 14
42894.2425 12
43095.6594 7
43159.5561 4
43284.9363 20
43356.6978 4
43555.0965 5
43729.7834 13
43869.8853 14
43979.9181 1
44078.1953 4
44149.4296 18
44257.4100 12
44407.6615 2
44626.4438 6
44827.7180 3
44927.5902 1
45099.5512 11
45161.6660 7
45268.6799 12
45372.7130 19
45438.5854 18
45622.2537 6
45795.2802 15
45892.3769 21
45958.9525 6
46015.4470 1
46228.1975 16
46398.2269 11
46455.2449 12
46484.9145 13
46549.3590 13
46676.9741 18
46789.1047 19
46835.1159 10
46963.8683 10
47032.6640 14
47162.0087 9
47209.6052 17
47232.5920 8
47364.0383 14
47466.3223 17
47665.0328 5
47732.3262 16
47933.5303 15
48125.9294 12
48211.6848 11
48283.7341 10
48434.3376 11
48605.6756 14
48798.4655 4
48920.9278 11
49084.9635 20
49106.1942 5
49227.6945 8
49458.6865 9
49576.9029 20
49759.4945 12
49890.6328 14
50023.5462 12
50098.8741 12
50118.7140 3
50205.0574 13
50265.8122 16
50342.2925 12
50523.0708 4
50637.1721 19
50722.6195 1
50907.4911 17
51096.6295 4
51236.8884 20
51287.5102 11
51376.6067 15
51495.2162 12
51662.3952 6
51802.4650 11
51841.5329 1
51964.0976 21
52000.0815 17
52099.8653 15
52120.9440 15
52225.8281 6
52302.0414 20
52432.0591 13
52504.6868 14
52642.5866 5
52821.9940 1
52996.6204 18
53167.4578 11
53211.0795 18
53318.0833 9
53348.2628 1
53435.4779 12
53617.0614 4
53854.7630 7
54053.7290 11
54250.4998 13
54452.5712 16
54615.4162 5
54773.8635 14
54852.3919 14
54974.0043 14
55168.7034 19
55337.4764 10
55552.3480 2
55666.6187 1
55879.3582 19
56074.5389 20
56106.4893 16
56285.3214 20
56438.0140 18
56601.9311 13
56755.5806 1
56944.3284 16
57002.2867 11
57173.2343 4
57303.5943 2
57478.4188 10
57575.1462 7
57632.5368 19
57829.5792 11
57865.8204 16
58059.8143 19
58227.3678 8
58375.3643 7
58469.2402 17
58657.8331 6
58712.7394 2
58873.7771 9
58908.3027 13
58958.6688 19
59093.0634 4
59152.5518 21
59207.7507 9
59360.3232 18
59551.7551 19
59626.8589 18
59727.9468 12
59894.7894 21
60029.6478 14
60242.6294 13
60347.1873 12
60500.8778 6
60724.7557 15
60786.8133 20
60983.3934 4
61157.6643 20
61294.7053 11
61457.1452 17
61594.0978 14
61656.8513 19
61683.3488 12
61861.3952 13
61965.9922 5
62138.5973 3
62348.5829 2
62492.4428 21
62677.8427 2
62741.4465 8
62911.7852 2
63012.3617 17
63146.8202 5
63211.7508 4
63293.8322 12
63489.0939 3
63637.4315 17
63760.3940 18
63907.9731 1
63977.3761 2
64094.4788 17
64197.4119 4
64395.7367 12
64460.8081 3
64624.5552 11
64729.1186 19
64781.6460 11
64821.1331 16
64990.9089 20
65055.3795 9
65074.8974 11
65263.4344 7
65350.9241 20
65402.7404 3
65443.9298 3
65543.6119 11
65594.8123 18
65705.5014 13
65802.5904 15
65999.5476 16
66185.9624 8
66338.6277 5
66374.0493 8
66584.5384 18
66746.6361 11
66881.5522 12
66952.1341 11
67065.5004 8
67252.8073 14
67350.4216 20
67473.3628 16
67556.4362 15
67731.5045 10
67861.7793 11
67988.1911 12
68050.5230 14
68243.5881 6
68356.3112 2
68461.6392 11
68540.6137 5
68736.3815 5
68797.2399 2
68914.9774 1
69123.1266 1
69179.5344 11
69231.5793 11
69334.9573 20
69368.3731 4
69599.4907 7
69699.8998 10
69726.2065 6
69930.2006 16
70060.7173 16
70148.5697 19
70179.3161 10
70395.3799 6
70528.0851 4
70644.5997 13
70721.0940 10
70835.1119 20
70960.1819 12
71118.4691 18
71281.8730 2
71469.5920 7
71658.0814 5
71727.1229 10
71926.0091 18
71960.3310 2
72047.1450 11
72067.2701 12
72097.5892 4
72170.6758 21
72336.0327 9
72466.9475 5
72610.5189 4
72740.4523 6
72960.6345 7
73059.9133 11
73259.0942 13
73386.1883 17
73450.0921 20
73500.5874 8
73644.0306 18
73797.9756 17
73909.6931 18
74042.8379 2
74296.5689 12
74388.2583 19
74537.8881 3
74728.3707 18
74760.8910 5
74902.5955 1
74940.8015 14
75044.6989 20
75105.1093 18
75227.4251 21
75381.7184 3
75501.3789 21
75674.8049 6
75850.6842 12
75978.7537 21
76070.5924 14
76251.9764 18
76384.2219 13
76441.4126 6
76545.9970 6
76630.9948 2
76773.9583 11
76850.5007 9
76891.4232 5
77058.2968 8
77126.3627 8
77192.7243 19
77365.0744 16
77566.3462 2
77637.4070 1
77847.8564 18
77887.8705 1
78016.0868 1
78162.2305 8
78381.9165 20
78449.4483 12
78589.2376 21
78725.5364 21
78875.1769 16
78980.3434 11
79022.4733 12
79121.7498 21
79224.2039 16
79296.1524 12
79322.9345 11
79491.1372 8
79623.3939 2
79711.0508 12
79802.8929 8
79962.3280 17
80162.9338 11
80348.2451 9
80393.6807 14
80577.1327 18
80687.7814 2
80806.6862 19
80937.0589 8
80966.8923 11
81071.8947 21
81178.3182 20
81319.2011 16
81340.6354 8
81492.2458 21
81675.6493 18
81800.8441 6
81956.3277 4
82070.4309 11
82255.0687 11
82340.9750 15
82414.0286 12
82446.4217 15
82464.6050 8
82623.1603 17
82808.1000 15
82948.9765 19
83105.1493 2
83287.3455 4
83452.3735 8
83666.5475 16
83699.6548 13
83899.4329 18
83931.1125 4
84096.0627 4
84316.6654 5
84476.2943 8
84550.7023 11
84721.6004 16
84832.1388 12
85021.8596 11
85159.8439 21
85197.5660 1
85255.4164 1
85339.0434 19
85404.3801 4
85578.2407 19
85707.1436 12
85865.4561 1
85903.0516 12
85924.6764 13
85953.9081 16
86022.8878 19
86215.3438 7
86325.6612 9
86347.0058 18
86376.6578 10
86477.4106 12
86627.8768 17
86665.9226 11
86777.1064 12
86876.0527 13
87039.8618 2
87290.6608 12
87360.6835 11
87410.2119 16
87543.2050 18
87664.7755 3
87874.1333 9
88063.6491 10
88151.8012 13
88302.9680 15
88461.4212 10
88563.2731 12
88683.1378 11
88844.0345 16
88877.9278 16
89080.2622 9
89131.0352 21
89198.9023 1
89280.7980 14
89358.0007 12
89431.0529 12
89598.7201 17
89764.6874 8
89856.8077 5
90055.5502 11
90210.9367 18
90235.7780 12
90266.0505 14
90354.8438 13
90519.5582 12
90549.7993 11
90709.8492 19
90863.4866 1
90951.1336 16
90995.4654 6
91194.7593 20
91278.2893 15
91322.8156 7
91488.9324 14
91734.8148 16
91915.0232 9
92092.0491 12
92216.3003 19
92325.0476 14
92376.3053 2
92531.0530 18
92589.5780 14
92730.3411 18
92916.5377 14
93076.6257 11
93117.8982 2
93233.3256 8
93291.6521 14
93521.4949 17
93690.4032 1
93818.0238 12
93921.5427 19
94089.0623 11
94137.7057 12
94195.4661 21
94257.7799 16
94280.4298 9
94302.0827 14
94486.3607 16
94643.9320 14
94734.3687 3
94921.8103 10
95075.5431 6
95132.6219 20
95248.1838 18
95337.6769 12
95392.3070 11
95494.9246 3
95601.5443 15
95773.4432 1
95944.5394 11
96118.4776 11
96314.3842 18
96419.7085 10
96436.7074 13
96535.8240 16
96626.4318 9
96796.7859 16
96831.6792 4
97019.6032 18
97124.6941 11
97244.8933 7
97339.0816 18
97426.2679 5
97475.0223 6
97701.0880 17
97785.6043 21
97870.5280 12
97994.7919 14
98207.8634 14
98416.3908 3
98583.7213 4
98772.6970 12
98956.2153 15
99068.9222 11
99188.4988 6
99316.3465 20
99447.1883 21
99593.7867 5
99713.1936 18
99902.4066 18
99977.8636 5
100048.3621 12
100196.9190 21
100248.8431 12
100377.3349 6
100465.2656 2
100671.6428 3
100866.7182 17
100954.3971 5
101123.6501 16
101204.7809 12
101378.7345 15
101415.9491 11
101612.0633 3
101811.6009 15
101878.6508 10
102062.2258 14
102277.2105 12
102403.6981 1
102561.1761 12
102746.7234 8
102885.0460 8
103020.1203 9
103092.3880 21
103116.7794 3
103212.6748 11
103233.9187 2
103307.0587 3
103458.2009 16
103512.7190 9
103649.8256 2
103789.0406 14
104001.8065 4
104175.8612 12
104225.0635 14
104319.8835 11
104446.5707 11
104513.8016 18
104619.3067 17
104705.0544 18
104886.7162 7
105058.3047 13
105154.4136 11
105350.5714 2
105465.3703 18
105522.7999 2
105577.5670 9
105761.8256 11
105784.1204 1
105858.3564 12
105925.5777 17
106011.0107 12
106152.3788 15
106199.0341 16
106379.5830 13
106443.9669 12
106510.6864 2
106604.5210 12
106679.1209 20
106812.8912 21
106964.9955 15
107150.8297 20
107214.1682 8
107310.9758 5
107491.0265 5
107608.8722 1
107703.9261 18
107763.8307 12
107884.7356 21
108022.8289 11
108163.5379 11
108367.1313 11
108492.0836 21
108638.0143 12
108666.9745 9
108807.0485 2
108897.7873 5
108982.9628 10
109105.0550 18
109179.9223 11
109333.9917 10
109524.7792 13
109668.9188 11
109702.9813 8
109900.4416 14
110104.1720 17
110253.8234 9
110402.0459 9
110515.1744 21
110703.0669 4
110790.0829 16
110918.0846 19
110985.4200 17
111037.5659 11
111066.8549 12
111175.3585 4
111279.1727 13
111327.0999 5
111459.7491 12
111567.1267 6
111638.9787 21
111663.8860 18
111786.9533 2
111999.1884 20
112153.0545 19
112316.8608 7
112488.4441 8
112589.0051 11
112626.2818 12
112774.9088 11
112872.6926 6
113017.4616 14
113189.0708 11
113228.5798 11
113386.9526 18
113470.1585 14
113675.0512 11
113731.5518 12
113775.3267 16
113872.0534 18
113897.5574 6
113979.7759 7
114035.5510 13
114069.8184 15
114090.1655 2
114176.1612 2
114358.4158 11
114446.9969 3
114635.5216 11
114660.4290 2
114918.0148 18
115106.1159 21
115282.3904 16
115459.4694 18
115486.1214 11
115562.0461 7
115693.5877 5
115789.5151 3
115922.3332 4
116031.8139 17
116097.0802 13
116208.0541 8
116441.1922 4
116586.5310 8
116674.8505 12
116855.8436 17
116909.2781 11
117003.2315 18
117021.9513 19
117099.6792 20
117257.9799 16
117289.1694 20
117412.4755 18
117442.2796 11
117482.6885 9
117683.7495 12
117834.2458 13
117916.4408 10
118085.9449 7
118175.1483 12
118289.5733 9
118327.1554 16
118392.1711 10
118477.1469 14
118613.9612 18
118795.1214 11
118909.0437 10
119046.9421 15
119247.6524 18
119429.9351 15
119609.7376 13
119672.9062 18
119781.7422 3
119816.9782 14
120019.7487 3
120179.5426 15
120323.1930 7
120527.3737 1
120661.0858 16
120720.4209 2
120862.8210 12
120953.0566 14
121174.9440 18
121219.1735 14
121358.1545 4
121426.2517 16
121626.0386 21
121786.8384 11
121937.1302 8
122060.3403 5
122100.8500 4
122330.1986 12
122479.0892 12
122511.1615 5
122709.9996 12
122837.9330 9
122861.8044 1
123076.2670 16
123209.2182 15
123341.3887 15
123392.9570 21
123599.3325 7
123733.9792 12
123822.9272 8
123976.4104 20
123995.7979 14
124111.6851 18
124298.9891 13
124381.2328 10
124592.3475 13
124642.9513 9
124825.8113 10
124881.7760 11
124941.1761 3
125087.6110 11
125111.1405 2
125259.7748 9
125381.6214 15
125495.4042 20
125579.5767 19
125764.5548 11
125805.8158 1
126004.5808 8
126143.9161 18
126226.7857 21
126268.8940 5
126339.2400 14
126550.6205 11
126656.2451 4
126712.8805 4
126878.8769 9
126956.1665 14
127036.5692 4
127176.9312 3
127318.6600 10
127418.8146 16
127510.0331 1
127577.7429 8
127611.8806 11
127726.6643 16
127763.0576 4
127936.3611 18
127957.6251 6
128041.3935 11
128109.4048 16
128228.3045 1
128396.0372 21
128599.5031 17
128696.5429 2
128821.1172 9
128981.5629 9
129010.2320 8
129066.4344 9
129211.9775 5
129311.0825 4
129544.2861 4
129705.2584 12
129774.9663 1
129973.1565 8
130049.5151 13
130100.9885 11
130261.7780 5
130418.9622 11
130622.3760 11
130646.5508 3
130781.8128 17
130967.1982 16
131015.8557 21
131166.1134 18
131240.6311 10
131384.9639 7
131557.7904 21
131759.6535 3
131860.4476 17
131899.7066 4
132031.9012 14
132108.1431 15
132277.1894 13
132378.6251 14
132585.7866 2
132781.3486 11
132812.3292 11
132973.8213 15
133162.9222 11
133200.5968 12
133337.3887 11
133362.4951 11
133503.3253 11
133597.2338 21
133643.1456 8
133793.2811 19
133971.4019 3
134177.0920 10
134318.9303 11
134408.6243 14
134625.1532 16
134765.1062 3
134800.1178 17
135001.0782 18
135055.9758 4
135241.9382 12
135298.4862 11
135398.7663 11
135553.8207 19
135678.6915 19
135767.3083 16
135824.0116 3
135927.6987 2
136134.1074 8
136200.2798 14
136264.4118 18
136357.2258 21
136508.8178 14
136678.1556 1
136836.1938 5
136996.4433 16
137118.4176 17
137303.1842 2
137486.0255 15
137663.6769 11
137777.9715 2
137847.1008 9
137941.5196 5
138102.9295 3
138139.4164 15
138273.5261 12
138361.5405 10
138535.6380 18
138618.8043 4
138720.1129 20
138743.7107 12
138913.0814 12
139011.2959 7
139207.7949 4
139354.7743 19
139428.4540 14
139490.9486 9
139679.1190 15
139790.2007 17
139824.0154 8
139976.0037 14
140072.2098 16
140190.4810 12
140392.1331 9
140469.3767 20
140646.1204 21
140718.8948 11
140896.6077 11
141079.7612 21
141217.0328 6
141283.2849 18
141393.8628 11
141491.6609 18
141516.7070 15
141647.0327 21
141834.9901 3
141870.6250 9
142066.8585 18
142168.1482 11
142197.7095 11
142348.6031 15
142545.5071 12
142664.5488 7
142850.3092 18
142939.5039 11
143117.5998 5
143320.8854 17
143467.7770 18
143490.9020 16
143608.6263 20
143772.2868 3
143827.3599 11
143960.2920 4
144094.5416 18
144219.6905 11
144279.2171 21
144374.2587 10
144459.2790 16
144588.3853 18
144618.6514 15
144740.9177 15
144943.6207 4
145125.8181 1
145222.0855 17
145307.8253 21
145434.5027 21
145498.4414 12
145665.4240 11
145724.2537 17
145911.2553 2
146135.8001 5
146181.9355 11
146367.9299 15
146388.7583 11
146447.2344 5
146486.9853 11
146635.6043 9
146769.3694 12
146964.2427 17
147119.1094 19
147215.5844 17
147326.5845 19
147351.5935 5
147511.0433 21
147546.4650 18
147648.1511 19
147697.8252 4
147806.5586 13
147979.1435 11
148166.9534 17
148235.2988 2
148372.0353 6
148458.9431 12
148606.6549 18
148651.2419 11
148823.9448 6
148873.0455 1
148921.0703 2
149146.1648 8
149233.8070 17
149394.1587 8
149544.1562 18
149593.5892 15
149659.1317 12
149853.7489 5
150030.6147 12
150173.5104 8
150246.6303 16
150403.0132 18
150496.9245 19
150586.4939 4
150661.4382 13
150860.2272 17
150880.4893 5
150937.6774 17
151090.5742 13
151283.1728 7
151347.8701 3
151431.3902 19
151568.9163 3
151671.5856 11
151789.7961 14
152014.5559 1
152076.2274 21
152265.1081 8
152340.0893 10
152438.8370 6
152645.1516 4
152759.2337 8
152982.6681 16
153115.9970 1
153275.8366 8
153444.5678 5
153532.6251 12
153732.8881 19
153783.8540 7
153914.9684 14
154071.4717 15
154113.4478 18
154246.7696 7
154370.7778 13
154446.1085 17
154477.6599 10
154495.9977 14
154661.7321 16
154686.6117 1
154837.9214 18
154966.2936 20
154999.7865 17
155154.8336 17
155234.7070 13
155335.1859 16
155374.8927 12
155510.6116 9
155625.3231 11
155675.5258 18
155843.3656 2
156033.8694 5
156242.5219 12
156304.0383 16
156340.6447 11
156448.0637 10
156619.7458 17
156782.1305 13
156904.9623 18
157086.3167 7
157133.7617 5
157301.2173 21
157445.1033 10
157490.1531 6
157630.9347 16
157777.8400 17
157912.0477 1
157996.3606 8
158099.5073 11
158279.6962 3
158321.1173 13
158384.0348 2
158580.0541 10
158736.0624 2
158929.3581 12
158987.0583 18
159014.7362 12
159144.7256 7
159338.8836 6
159479.8354 20
159608.2484 20
159772.7206 11
159801.4814 10
159875.7102 19
160006.0121 9
160086.3508 7
160109.8186 14
160246.6248 12
160372.4630 4
160600.6361 10
160771.5840 14
160917.9613 12
161057.8360 10
161170.1940 13
161274.5309 12
161395.6602 17
161492.6048 19
161589.7983 5
161624.1882 15
161794.6854 2
161993.0257 2
162182.5629 14
162414.3411 19
162551.5230 17
162721.5689 15
162863.4746 15
163053.5204 4
163226.0089 14
163390.2639 16
163472.8602 12
163509.9292 11
163613.7931 13
163653.7528 16
163718.4845 10
163849.7878 16
163908.1906 18
164020.9201 19
164178.9425 3
164360.4526 7
164541.4339 2
164666.7623 11
164739.9595 15
164899.1514 14
164936.1931 11
165018.5607 4
165134.6097 20
165195.5170 17
165319.2836 15
165379.4167 8
165465.0697 10
165554.7487 4
165707.4068 11
165746.9288 19
165880.6240 14
165966.6987 11
166048.0377 5
166177.5682 13
166206.3036 12
166263.1685 5
166326.9263 4
166454.6654 15
166640.1034 11
166721.3446 20
166832.3955 16
166923.8020 12
167052.3140 6
167140.4852 6
167305.1756 10
167510.4898 11
167539.5557 21
167599.0308 20
167649.8882 4
167774.0381 16
167941.9054 21
168128.2263 9
168312.9834 4
168490.4833 11
168663.9424 15
168738.5501 7
168842.1094 14
169039.6999 5
169098.0221 4
169312.3765 4
169362.1579 6
169428.1460 19
169569.3125 2
169662.5375 2
169889.1325 11
170006.8745 11
170052.7489 14
170150.3387 19
170231.2214 12
170377.1245 10
170504.6175 3
170653.9517 14
170755.1722 6
170868.0347 12
170905.4088 8
171115.0780 16
171139.2284 18
171333.7313 7
171502.6955 20
171635.2861 11
171815.8334 15
171914.6358 5
172086.1286 21
172147.4695 2
172244.3721 11
172374.2394 21
172424.5638 6
172658.0084 12
172732.1730 15
172770.6519 20
172791.5567 15
172920.3774 11
173011.7746 18
173152.1728 14
173233.6798 11
173291.5542 18
173489.2699 14
173678.3187 15
173759.6893 5
173921.2284 11
173981.1112 17
174042.4354 18
174180.8444 21
174359.9784 20
174451.9433 21
174553.5309 16
174608.6773 9
174698.1582 9
174897.9981 16
174998.0634 13
175200.9474 18
175230.7533 2
175419.1029 3
175464.4931 19
175520.4018 3
175666.2284 20
175865.9576 12
175959.5383 9
176015.6683 19
176133.1450 19
176326.3585 15
176430.8616 11
176597.6461 20
176688.9820 11
176872.8552 5
176993.1360 18
177087.3599 11
177238.9918 14
177420.9913 11
177514.3004 21
177628.3607 19
177678.6461 4
177758.9576 16
177908.9838 17
177987.4501 18
178009.0705 8
178073.7649 2
178308.4836 13
178362.6382 1
178448.8815 15
178540.7468 21
178608.9304 12
178692.5425 18
178853.4945 11
179051.9820 15
179189.8505 11
179297.2426 11
179406.5723 16
179522.8726 11
179627.5953 21
179791.8027 12
179931.8607 10
180113.3888 19
180186.0758 21
180267.2540 2
180380.6776 5
180440.5431 11
180590.5871 9
180652.4199 1
180775.9919 12
180910.1024 18
180954.6824 1
181019.4021 12
181127.4611 12
181222.8872 4
181341.8912 20
181498.0588 10
181671.6776 21
181821.6308 6
181869.3184 13
182025.3523 5
182102.3813 8
182282.9981 18
182376.9075 18
182445.9940 11
182513.8190 16
182715.4110 15
182791.2101 7
182893.6417 9
183061.3249 14
183257.5750 3
183314.6736 3
183457.0880 15
183559.2805 14
183777.7152 19
183915.3238 12
183942.7995 4
184007.5178 2
184117.1266 19
184168.6792 12
184215.4228 7
184360.6995 12
184432.3385 21
184545.8321 5
184666.1458 13
184745.5019 16
184849.1478 12
184972.8076 7
185056.0038 13
185245.3595 13
185402.9553 9
185519.0014 11
185679.0080 7
185747.0315 17
185911.5843 2
185999.1718 16
186154.8892 1
186190.6883 20
186348.2827 18
186442.2178 2
186679.7784 19
186846.1138 5
187007.6309 4
187057.2563 20
187212.2117 12
187369.1337 18
187420.6354 11
187622.1561 9
187768.9208 19
187863.3143 21
188057.5531 7
188148.3359 20
188220.8920 18
188408.4489 13
188517.6920 20
188709.1276 1
188898.5361 12
189055.7531 17
189236.6824 7
189284.7829 12
189485.1220 13
189637.2229 21
189823.0108 16
189880.3443 15
189992.8315 2
190238.1166 20
190331.6469 20
190433.7467 20
190481.3712 9
190595.0468 11
190758.7114 19
190847.0678 13
190898.3815 11
190962.4154 12
191040.7614 11
191235.0393 21
191314.7116 12
191469.6648 1
191527.7075 17
191715.2660 11
191866.2833 15
192057.5973 6
192174.7373 16
192304.7989 6
192544.8496 10
192669.2184 9
192761.9442 12
192946.2010 7
193074.0657 18
193148.1793 20
193218.8060 5
193360.4013 3
193484.0991 12
193525.9410 9
193725.9283 15
193781.4290 12
193911.3175 11
194071.5330 3
194184.1436 10
194409.1416 6
194615.0220 2
194745.9171 15
194927.8979 13
195038.7247 17
195141.4505 18
195255.7173 17
195421.5430 17
195568.0915 17
195723.8118 6
195807.2297 6
195997.5614 2
