1494
41166.4485 21
41358.0042 18
41384.6383 19
41436.5783 15
41543.0820 20
41637.6948 11
41825.2343 9
41991.2133 17
42086.5534 19
42253.4037 5
42456.4565 12
42559.7564 12
42637.2395 17
42834.7719 10
42979.3054 3
43166.8548 18
43234.2625 19
43349.9608 15
43422.7594 11
43625.2723 12
43674.9957 18
43844.0068 16
43996.6677 18
44160.2331 21
44280.7828 11
44390.5509 12
44579.9221 13
44677.4310 12
44738.2757 3
44823.8196 2
44970.7024 17
45158.0476 5
45197.9642 2
45404.1003 20
45604.9018 10
45764.9241 11
45792.3544 18
45961.4711 12
46089.2790 15
46277.0233 8
46333.4945 21
46477.3687 18
46668.2765 18
46821.8234 13
46872.6090 8
46958.3218 11
47083.9724 11
47260.9901 16
47378.0017 5
47574.4067 15
47614.1807 14
47805.3293 9
47998.6984 14
48122.1208 10
48275.0102 19
48364.1936 10
48527.4741 12
48557.5313 20
48743.8527 12
48856.4334 15
49052.1860 21
49151.2961 12
49300.6744 14
49413.6872 14
49612.5109 10
49840.2029 9
49964.3592 11
49993.2479 13
50056.8965 1
50145.2011 20
50232.9111 12
50326.5903 11
50484.9110 16
50620.7416 12
50640.1055 9
50687.6747 12
50720.6704 12
50766.1133 11
50856.7501 15
50934.6112 17
51138.1033 18
51234.7717 11
51408.6050 11
51515.5537 12
51592.2791 11
51731.8695 13
51849.3839 18
52033.4828 12
52192.2426 1
52378.2447 17
52425.3862 18
52507.8854 14
52651.9471 16
52830.3227 17
53034.1792 12
53126.0865 11
53282.4505 19
53365.5113 2
53587.3461 7
53640.7432 1
53781.4637 6
53831.1560 8
54025.1242 2
54166.3073 11
54207.3338 1
54340.9544 12
54406.1317 4
54564.9287 4
54633.4330 12
54720.5070 20
54768.8468 21
54817.0719 12
54854.2850 20
54941.4337 4
55016.4220 12
55160.3174 21
55193.8405 11
55394.5499 7
55579.8654 7
55705.2947 13
55776.2892 16
55914.2873 12
56067.1751 20
56247.8580 9
56329.2587 21
56488.8306 18
56553.0545 3
56647.5426 18
56717.8335 14
56758.2309 19
56823.9677 4
56950.9808 2
57130.4118 18
57248.5013 2
57398.6998 2
57581.6313 12
57742.0579 2
57884.8577 9
58028.8040 6
58244.0672 8
58279.0154 3
58490.6899 2
58583.8301 11
58700.9109 2
58749.5289 13
58839.1370 17
58886.7341 18
58960.8984 18
59024.0603 14
59199.0513 10
59321.7703 12
59489.9467 9
59557.2454 13
59726.3442 16
59756.9014 18
59888.0737 10
59955.1797 4
60118.1240 18
60258.2815 14
60329.3424 2
60511.2799 11
60558.8779 19
60741.1030 21
60948.4445 15
61087.6848 20
61185.7701 16
61343.8338 10
61527.0870 2
61634.1985 11
61700.5784 3
61774.2700 19
61899.9664 4
62065.5251 19
62137.0968 8
62342.6305 16
62375.7290 5
62434.0602 2
62549.7759 19
62716.6310 17
62831.5077 14
63033.9294 2
63143.4525 19
63305.5709 12
63478.8485 4
63608.2788 5
63745.7563 18
63866.5900 11
63890.8907 18
64066.6133 8
64152.7273 3
64224.2626 19
64384.4957 3
64445.4665 4
64679.2652 8
64795.7112 11
64998.5077 13
65136.1721 5
65244.0063 16
65341.5069 21
65489.8750 11
65526.8896 11
65713.0420 5
65783.6468 3
65877.9052 6
65948.0221 6
66052.9275 14
66091.7244 1
66300.2917 3
66348.4178 10
66421.7385 7
66512.8802 16
66580.0896 15
66687.4701 17
66791.9738 19
66848.2686 18
66961.0082 21
67143.6804 20
67248.7579 18
67385.9095 1
67581.1458 3
67700.1990 16
67820.5690 13
67889.0443 5
67944.1683 16
68045.8486 6
68198.2376 12
68281.6188 12
68392.2322 12
68577.9820 6
68787.7484 19
68852.7421 12
68877.3624 15
68899.8663 5
69096.4420 5
69286.2049 12
69427.1411 10
69560.5126 16
69605.7685 10
69667.4503 6
69874.9815 13
69909.5169 11
70048.0863 9
70125.1116 13
70177.9558 6
70375.6196 13
70549.9451 19
70675.1612 12
70846.6406 15
70970.7955 14
71075.9516 14
71220.7090 18
71269.0504 12
71351.3587 11
71446.3922 10
71636.3726 14
71775.9316 15
71863.8493 18
71983.7358 12
72125.6954 11
72288.2428 15
72440.5596 11
72506.5464 12
72652.5034 11
72728.9159 13
72764.3478 3
72877.9216 2
72951.0796 7
73003.3421 3
73041.4152 19
73224.3908 18
73353.1456 3
73490.8609 1
73567.8509 3
73704.5133 11
73762.7929 12
73836.8110 12
74010.9206 6
74070.4752 12
74227.4329 19
74251.4202 16
74408.3717 16
74547.1938 5
74588.3879 7
74683.1628 14
74849.3751 12
74877.4825 18
74998.7107 13
75063.6746 15
75192.5142 3
75392.3793 3
75516.5664 17
75566.7166 18
75734.1391 3
75820.7885 8
76041.4004 12
76196.7880 12
76240.3655 18
76287.3726 20
76468.9145 11
76535.7440 2
76664.8547 18
76777.5459 1
76984.3951 12
77110.3013 7
77299.5083 2
77481.1152 18
77540.1637 15
77734.1135 9
77750.8732 10
77893.5231 18
78038.6717 12
78074.8509 1
78242.2504 19
78286.2207 15
78360.7835 11
78513.6222 5
78575.3299 16
78733.1812 2
78849.8645 20
78872.5662 21
78980.4711 4
79070.8028 11
79126.6374 20
79150.6650 20
79343.9653 19
79545.8031 11
79700.5614 9
79866.6282 15
79884.7709 9
79997.8732 1
80162.4985 16
80233.0918 18
80342.0221 18
80524.0861 4
80597.0204 12
80762.7562 5
80909.6681 14
81055.2421 9
81139.9897 11
81310.2323 3
81370.3273 12
81429.8877 7
81553.9847 11
81724.2448 11
81865.5374 1
82020.3783 8
82228.7194 2
82320.9459 12
82358.3272 4
82515.6681 19
82590.4574 1
82659.0282 10
82687.0446 4
82754.1926 11
82904.5456 11
82955.1311 16
83053.5181 12
83169.0287 13
83340.6399 2
83460.1903 5
83664.1109 6
83722.0896 13
83866.4809 12
83907.8746 3
84004.3216 14
84186.9919 10
84351.9984 13
84470.9082 2
84669.0100 1
84810.9644 1
84876.0131 15
85079.8051 12
85204.5826 16
85333.6502 7
85436.4618 18
85490.9072 1
85637.9219 12
85716.2326 2
85800.3908 15
85889.8545 11
85953.3933 11
86072.7868 15
86107.9571 3
86194.2918 19
86338.5432 12
86478.4960 14
86711.1825 12
86829.1515 18
86973.5006 12
87100.5222 21
87179.7510 10
87306.4176 17
87490.0601 8
87583.3286 19
87698.6315 19
87862.9827 1
88007.9171 16
88149.3973 21
88323.7487 18
88427.0188 2
88674.1008 12
88784.9617 18
88864.2099 13
89017.7752 7
89096.1630 14
89266.0947 21
89455.2403 4
89623.8991 18
89817.6386 18
89991.0631 9
90031.0980 1
90111.1194 17
90271.0451 18
90335.4338 9
90526.8291 19
90616.2507 3
90675.6547 9
90734.1491 21
90839.8904 2
91076.1879 19
91152.9951 5
91329.9010 5
91541.5412 9
91603.8197 6
91747.3527 20
91781.1140 7
91939.8768 17
92097.4896 3
92308.8804 5
92422.9305 19
92557.0484 12
92709.9755 13
92895.2696 16
92963.7331 6
93152.1358 12
93220.7206 11
93409.6107 15
93497.9933 16
93526.8923 16
93690.1345 10
93914.6030 16
94010.4549 13
94132.8497 15
94175.7261 2
94360.4875 18
94548.5995 21
94615.9109 21
94696.2091 12
94715.3301 12
94859.9802 19
94940.8396 15
95110.7129 20
95151.0000 21
95297.5012 8
95401.2378 2
95555.8418 3
95646.3095 18
95746.6247 21
95874.2884 14
95981.4372 11
96106.5123 11
96175.1302 11
96375.7745 3
96579.9551 13
96635.8746 7
96761.5045 15
96920.1462 18
96941.7716 12
96994.5786 10
97091.4509 14
97300.9850 18
97454.1547 7
97578.3710 12
97670.1817 1
97850.6585 8
98029.7789 1
98235.0859 16
98413.1664 2
98596.4106 5
98717.0871 16
98855.4094 14
99054.9957 3
99196.9095 18
99292.0392 13
99476.8757 11
99625.5804 19
99677.4543 8
99803.3455 12
99876.2008 18
99957.0711 2
100142.6776 14
100202.6822 10
100358.4928 16
100515.3404 1
100706.3398 20
100781.7869 12
100819.3561 11
100864.6472 12
100957.5574 13
101143.2774 20
101338.7779 16
101539.9091 11
101699.2799 4
101858.7292 15
101887.4124 11
102090.1043 15
102186.6959 12
102261.9219 2
102465.2317 20
102570.6622 8
102693.4617 7
102891.1643 12
103052.9281 8
103226.5986 12
103286.1153 2
103501.6984 16
103548.1552 11
103605.1407 8
103746.3598 16
103918.5834 19
103989.2158 4
104076.7760 21
104240.2770 1
104383.8363 7
104436.1169 1
104628.3791 10
104676.6518 21
104785.8438 10
104847.8565 5
104879.6026 5
105092.6509 1
105180.2549 11
105326.8845 2
105443.3466 19
105530.3992 3
105668.3730 12
105741.3171 5
105940.6072 18
106006.9442 7
106156.7805 18
106321.7654 3
106373.6121 18
106430.2520 18
106537.0648 11
106571.6881 11
106750.0921 10
106808.3665 3
106870.7457 12
107022.2865 5
107069.0730 9
107220.8198 11
107312.4683 17
107447.5773 12
107620.0816 7
107759.0842 12
107795.1732 5
107889.2142 16
108066.6854 2
108299.2481 12
108441.7438 6
108531.9996 6
108622.0520 11
108672.5099 18
108731.5835 12
108926.8665 8
109117.4296 8
109325.5972 17
109510.2805 11
109599.9807 10
109707.6074 16
109899.4385 14
110008.1823 14
110143.1923 2
110368.6279 10
110462.0070 1
110570.2486 3
110752.4788 2
110905.1642 10
111057.9637 18
111083.1209 7
111146.0029 1
111314.7650 8
111532.8209 15
111595.8337 17
111720.5265 4
111856.1599 6
111963.9482 12
111998.2655 16
112033.9905 16
112075.0849 13
112189.1485 21
112301.0755 21
112472.8000 6
112562.1410 12
112671.3560 6
112902.7034 7
113096.2073 11
113271.5590 7
113365.5056 1
113575.3440 7
113625.8713 13
113808.4225 13
113857.8039 13
114027.8804 4
114175.1373 9
114196.7422 10
114401.1035 9
114455.1319 18
114547.7331 4
114762.8908 21
114879.2543 12
115058.1670 11
115150.8492 14
115317.7330 11
115447.7895 15
115537.6887 3
115716.9405 11
115761.7362 11
115956.5470 2
116175.3238 1
116312.8984 5
116369.3993 9
116502.9727 11
116526.3255 21
116591.9605 10
116719.4973 18
116786.6886 15
116942.6960 4
117062.5132 3
117173.6173 11
117280.7139 11
117300.4110 12
117451.1061 10
117491.9378 18
117692.1572 3
117876.8211 5
118024.1217 5
118225.2881 3
118363.1604 5
118559.9843 3
118635.6571 3
118702.7060 18
118860.1323 6
118915.7238 19
119067.0035 9
119148.5560 14
119238.1725 18
119311.1635 12
119432.4117 5
119573.9290 12
119667.0509 9
119762.6864 18
119827.0902 8
120030.1378 17
120069.8463 7
120161.2690 10
120287.2091 15
120310.1042 11
120423.6171 4
120491.2313 20
120621.7728 4
120685.2421 7
120841.8501 12
120906.4801 13
121055.8123 17
121151.0317 14
121334.0196 11
121354.2639 19
121430.6770 11
121489.9400 1
121705.6290 8
121882.7994 13
122064.3858 11
122211.7596 11
122234.0466 20
122410.0502 1
122578.3257 14
122645.2094 13
122854.5656 12
122933.5451 11
123057.5054 4
123141.7723 13
123293.4794 5
123471.4133 11
123654.9490 11
123804.0376 19
123944.4819 14
124181.7742 5
124212.3635 6
124428.5535 21
124468.4317 19
124621.8388 18
124706.3991 12
124747.5503 3
124906.1584 15
125089.3919 11
125203.8191 12
125285.7385 20
125379.5652 20
125458.5863 3
125599.3722 21
125703.0582 19
125811.5545 12
125866.6206 6
125997.9831 11
126060.9829 8
126218.6547 11
126285.0945 2
126403.5708 3
126549.0805 10
126636.4868 19
126709.9016 12
126867.6686 13
127051.9244 13
127091.1520 15
127131.2954 18
127302.9316 15
127490.9300 8
127724.2850 12
127842.9130 16
127932.0183 21
128125.1766 10
128215.0613 3
128320.4672 13
128409.0750 21
128444.3167 18
128541.0684 11
128586.9237 2
128715.5014 12
128737.2155 10
128911.6490 20
128998.8308 18
129069.9108 9
129243.2636 9
129349.2153 16
129477.3552 18
129666.0240 9
129776.5913 14
129967.9702 10
130112.2555 2
130315.9448 15
130393.2059 15
130596.5107 1
130734.7871 11
130863.0000 3
131031.6905 17
131072.4630 12
131111.8219 4
131225.9331 15
131401.2685 14
131510.2802 17
131693.0978 5
131729.7641 13
131934.8617 16
132001.3334 5
132107.1090 14
132269.4860 13
132365.6738 17
132525.2803 21
132727.6605 13
132914.5072 19
133093.5582 11
133262.2114 6
133508.4761 11
133581.3908 3
133688.3207 19
133890.9365 2
134061.0273 19
134084.2992 14
134138.9039 10
134256.1024 20
134444.8261 7
134523.3864 6
134619.2949 1
134804.0702 7
134931.3098 12
135015.6677 14
135113.3008 15
135180.2125 2
135312.9738 1
135411.8848 1
135452.6411 7
135548.9040 18
135747.3764 14
135974.3166 10
136041.9473 20
136191.2609 17
136278.9324 7
136405.5106 18
136556.5253 20
136708.3911 1
136825.3814 12
137000.9933 16
137083.9661 16
137103.2665 10
137269.4163 4
137444.1930 17
137526.6891 21
137608.0469 19
137747.2444 11
137937.9037 13
138110.1766 16
138211.9839 6
138445.3436 11
138470.3621 18
138511.5117 12
138666.5026 15
138685.1922 4
138805.7832 11
138836.3363 13
139024.8397 3
139068.2642 12
139140.2423 6
139204.8750 11
139347.9959 11
139408.6410 7
139571.4705 11
139593.8315 2
139766.1498 6
139911.5215 15
140042.6937 7
140180.4883 16
140260.8655 19
140334.0252 12
140447.3427 16
140473.3322 18
140547.1254 11
140648.7715 18
140815.9089 12
140904.3222 20
141106.2340 14
141149.2542 21
141234.0413 16
141278.1212 18
141350.1250 1
141492.7574 5
141653.3396 20
141794.4287 3
141961.9930 14
142143.6606 4
142322.5011 11
142371.7334 8
142503.8754 12
142570.4176 16
142671.6864 7
142803.2381 11
142924.4064 8
143004.1646 18
143094.2326 5
143273.5157 14
143464.1681 14
143617.9789 21
143787.6972 14
143926.3452 4
144065.2445 20
144182.1758 12
144260.9170 11
144366.2451 3
144485.8807 2
144551.2398 5
144631.0421 19
144758.1718 7
144930.9697 11
145070.1682 19
145253.7113 11
145359.1732 19
145496.4256 21
145663.8968 5
145788.4466 11
145954.5158 1
146019.9125 7
146062.8056 18
146224.6910 11
146384.2009 6
146462.9539 4
146561.1883 12
146707.6938 1
146906.8979 18
147011.6528 11
147093.4551 11
147283.0499 18
147481.1429 7
147551.6179 19
147623.9855 4
147726.7850 16
147892.2377 12
148042.2050 17
148186.7913 11
148235.7831 8
148291.3142 12
148321.2022 14
148479.6070 5
148569.6328 8
148761.8304 10
148956.8490 6
149027.0469 11
149079.9052 15
149101.0744 15
149183.0388 14
149366.0989 10
149529.1512 13
149661.2998 19
149844.2754 10
150001.2992 20
150119.5367 17
150238.5282 2
150474.9377 18
150645.6437 8
150809.2246 15
150842.3025 15
151005.4985 20
151117.4919 17
151276.8291 16
151425.8016 18
151507.0979 18
151591.5524 13
151675.2806 12
151786.2925 6
151895.0596 9
152056.1191 21
152106.8615 1
152202.7089 17
152260.6088 18
152394.0212 11
152489.0944 12
152576.4788 15
152595.4284 19
152735.3820 18
152902.8083 12
153001.3932 11
153179.9245 18
153203.1792 20
153384.6690 12
153560.0921 2
153652.9097 15
153783.9572 13
153844.8090 8
153904.2716 7
154015.6215 1
154048.2039 2
154197.2872 16
154356.4482 18
154514.5485 18
154593.8207 6
154694.2668 9
154767.3203 1
154941.0082 5
155074.6498 12
155185.5945 11
155270.1434 12
155403.2192 5
155555.4051 11
155733.1942 16
155785.8814 1
155936.7866 12
156045.9312 14
156143.4849 11
156327.7115 5
156518.9097 20
156616.4872 2
156728.2224 21
156852.1650 16
156904.0076 15
157087.7216 10
157183.6022 16
157322.0462 7
157487.1845 9
157545.3267 20
157653.8910 17
157785.0331 15
157863.7419 14
158070.6638 15
158155.7753 18
158199.5196 4
158424.9625 9
158502.4013 12
158633.3860 8
158756.3255 12
158917.3543 12
159051.2469 3
159222.2238 18
159249.7007 3
159331.8442 21
159467.9856 5
159498.3024 13
159577.0136 12
159761.0702 4
159804.4618 11
159942.9914 15
159979.7742 11
160105.9140 11
160304.7897 21
160469.4168 7
160573.0731 4
160798.5679 12
160865.8461 14
161050.1926 11
161085.2347 17
161259.4319 5
161371.8224 6
161478.3036 9
161625.6319 5
161660.2181 10
161791.8810 8
161874.7818 11
162065.0107 18
162133.7356 5
162264.8697 19
162441.3361 11
162593.8649 19
162655.0657 11
162845.6236 12
162871.2030 7
162904.3050 16
163045.1147 12
163216.2653 11
163246.3737 10
163300.3459 4
163373.5154 4
163519.9521 19
163701.3209 21
163738.9251 10
163813.2041 19
163851.2116 18
163959.6229 17
164000.1940 6
164094.6636 13
164145.9715 18
164199.3365 18
164296.0181 10
164409.1930 5
164467.9212 5
164535.1936 16
164652.1933 10
164789.0054 17
164834.2843 21
164906.4199 17
165029.7184 2
165102.9677 11
165219.5484 20
165368.4326 19
165408.5505 16
165515.6475 12
165654.5927 20
165709.1747 12
165832.4649 19
165930.1512 11
166022.3856 11
166191.0845 5
166400.3893 10
166604.0973 1
166718.9769 13
166769.3311 9
166909.0327 18
166988.3491 12
167035.7071 18
167209.3035 18
167316.8988 20
167485.7667 13
167585.1048 16
167781.9044 7
167808.1049 13
167961.1522 16
168078.3520 20
168207.2994 6
168385.9985 16
168580.1758 4
168760.5942 13
168946.0736 19
169024.7103 2
169133.1456 18
169280.2783 9
169325.6359 7
169480.9905 13
169517.8611 6
169695.1581 19
169720.4782 2
169832.1739 1
170048.2154 15
170240.6100 16
170360.0950 16
170540.8169 5
170616.8903 10
170797.1232 10
170934.3316 11
171115.2498 14
171174.4982 3
171242.6371 20
171393.9452 7
171566.7319 11
171593.1757 15
171699.8357 18
171730.2257 7
171833.3250 10
172006.5983 4
172067.6063 8
172273.8536 13
172370.4817 5
172438.9912 3
172524.0540 17
172687.3958 5
172790.9335 17
172986.6982 21
173145.3793 1
173225.0756 11
173357.3819 10
173587.1639 17
173728.7883 10
173804.8403 7
173974.4654 13
174003.2583 17
174035.4456 11
174107.6797 17
174208.6364 17
174229.6519 20
174303.3972 8
174397.0265 9
174422.7962 3
174451.3196 11
174581.7120 11
174721.5160 17
174811.1179 18
174996.4122 11
175192.3187 18
175380.7945 12
175463.5677 12
175572.7211 10
175657.5776 10
175877.8705 11
175945.7132 16
176102.9065 16
176157.5919 12
176290.6613 5
176419.1827 11
176511.9770 18
176543.2036 18
176726.4263 13
176930.6090 1
177124.3698 15
177177.5592 21
177253.6396 18
177438.8416 5
177546.4576 8
177650.8768 20
177757.8878 12
177936.4356 21
178068.5776 19
178187.8782 18
178214.7390 3
178279.7978 9
178384.9135 1
178437.4166 14
178633.5386 12
178747.4191 3
178830.2858 10
178867.4057 15
178922.9051 17
179088.9385 21
179201.9508 11
179241.4942 5
179283.8213 17
179386.9957 18
179431.7676 11
179503.3186 13
179540.9251 15
179605.5364 11
179785.5991 19
179927.6665 11
180059.2999 11
180096.7979 15
180183.9683 13
180290.9344 11
180394.6608 6
180569.1092 9
180661.6983 12
180814.1749 16
180846.5747 5
180939.3590 3
181019.1494 20
181044.6240 6
181101.8401 15
181278.1607 11
181330.0838 5
181514.4156 13
181623.4882 21
181650.7488 14
181746.7228 12
181926.5463 5
182015.7782 4
182236.8404 13
182397.7936 19
182480.5527 21
182619.8361 8
182701.4448 11
182791.6435 7
182880.4184 19
183071.4134 18
183211.9828 7
183247.9441 1
183329.7369 12
183423.7816 15
183525.0561 3
183566.8929 19
183649.5590 5
183736.6873 4
183902.5767 21
183933.1463 12
183979.0340 17
184154.3872 10
184326.3433 8
184492.1084 12
184663.6772 21
184741.7365 6
184889.5592 5
185074.7567 12
185234.3368 10
185434.6889 9
185455.9864 5
185615.0909 3
185800.4964 20
185945.7857 18
186124.2278 10
186239.4285 11
186275.1384 18
186410.2752 9
186606.7400 1
186745.1374 16
186892.8119 9
186980.2940 6
187060.1543 10
187253.7379 3
187302.4514 1
187365.3468 15
187448.3167 12
187532.5164 18
187578.3542 20
187629.8087 12
187768.7238 15
187830.4810 9
187976.0498 7
188090.1709 10
188247.9031 16
188390.6065 10
188507.6848 21
188646.6673 13
188678.8859 4
188762.0166 6
188979.8013 11
189092.7209 12
189127.9402 14
189209.8111 12
189299.0728 9
189400.0304 11
189567.6014 17
189700.0876 11
189826.4462 3
189941.7118 21
189980.7318 2
190033.3778 12
190212.3433 6
190269.7605 17
190344.4096 19
190385.5865 3
190555.3734 12
190708.9514 2
190837.5505 12
191038.9237 3
191074.7051 21
191102.0096 16
191138.8335 16
191246.5147 12
191266.4500 13
191367.8522 18
191421.1616 21
191448.0080 11
191569.1932 11
191747.4880 4
191823.2177 6
191987.0064 9
192152.4123 16
192189.2359 7
192325.5215 1
192512.5103 4
192578.3414 21
192725.1306 9
192757.0596 5
192878.7085 12
192899.9440 3
192992.8639 12
193187.5114 11
193306.9120 12
193373.8711 6
193507.0549 6
193745.2836 5
193921.0424 20
194028.2723 18
194103.0125 10
194164.0280 1
194304.8932 2
194455.4833 14
194514.2380 14
194729.7730 12
194852.2288 14
195067.9301 12
195151.2718 15
195263.6779 9
195282.7364 6
195367.1358 15
195541.2133 17
195605.8795 4
195722.1761 3
195817.3569 2
195997.5918 6
196154.0230 6
196253.2896 6
196449.0188 11
196580.3353 15
196671.9070 11
196733.1195 15
196863.3999 12
196997.0957 14
197152.5040 19
197286.7568 11
197413.2496 20
197508.4002 12
197655.7085 13
197839.2383 9
197994.2187 14
198123.3113 11
198148.1283 15
198189.2423 8
198330.3362 19
198427.1872 21
198610.2625 8
198782.4848 16
198866.4632 15
198990.8828 20
199114.6931 4
199330.9016 18
199372.8764 1
199577.6815 18
199635.9979 18
199707.8245 12
199828.7445 11
199938.4481 11
200005.6612 9
200173.6841 15
200348.6538 2
200448.1002 1
200564.5480 19
200753.1069 11
200848.2039 12
200910.0488 12
200960.1826 20
200996.0364 11
201092.4616 7
201224.6785 13
201424.2615 4
201611.1769 6
201795.1052 7
201997.5709 3
202104.3594 16
202207.7819 18
202368.3575 3
202450.5961 3
202586.2033 17
202709.0441 15
202770.4810 12
202972.6648 15
203063.1890 21
203161.4210 11
203200.2120 14
203289.6157 18
203327.1972 1
203504.6576 21
203651.8384 11
203762.9529 8
203812.9266 18
203885.7540 9
203907.5214 7
204065.8578 11
204223.8694 5
204253.2061 13
204375.4047 10
204589.3313 4
204751.2063 4
204895.0236 21
205056.9922 18
205118.8346 20
205236.8368 18
205342.1267 13
205467.4112 19
205523.3081 2
205763.0511 11
205834.1952 19
205910.5111 11
206112.7460 6
206217.7507 18
206314.2376 15
206340.6521 13
206370.8808 11
206548.4850 10
206747.2723 1
206820.8630 1
206901.6875 12
207024.1042 17
207110.9392 14
207343.5015 9
207384.3804 11
207536.6616 15
207635.0533 15
207683.8168 19
207747.9127 11
207893.1302 12
207931.5723 5
208050.8211 20
208132.8008 13
208190.2135 21
208384.9563 12
208412.0596 10
208472.4802 11
208527.2813 18
208630.7699 17
208673.2473 11
208797.2354 13
208869.1611 15
209051.0511 10
209247.5022 17
209268.9181 18
209333.4617 11
209356.1382 15
209384.7066 7
209421.0566 20
209524.8133 5
209559.6528 20
209756.2264 6
209910.0864 11
210036.1385 18
210188.5518 18
210257.1802 11
210300.4293 16
210490.8697 5
210571.0948 18
210710.8658 18
210831.5439 20
210900.9136 17
211098.0028 15
211288.2536 11
211486.3156 5
211631.3770 12
211768.8994 13
211929.5621 11
211985.0854 3
212139.2707 11
212161.4869 10
212362.9554 20
212381.8689 18
212547.8356 11
212629.6940 11
212823.7761 19
212887.0677 21
212956.6108 8
213119.4327 17
213320.5305 13
213489.1677 18
213512.3970 6
213576.9490 4
213696.5357 11
213796.0868 21
213849.3747 18
213936.0896 9
214100.7575 19
214302.5783 4
214425.1960 18
214593.6583 12
214686.1385 12
214805.1262 11
214937.4941 18
215134.4862 16
215203.9158 11
215392.5259 4
215496.8166 19
215630.0965 11
215803.1295 16
215958.1022 5
215996.8693 2
216162.7239 19
216360.2537 12
216546.4614 19
216710.9851 18
216903.6335 2
217004.2774 7
217055.9738 12
217200.7651 17
