1494
25828.6918 21
25871.8018 11
25958.3117 12
26023.0063 19
26204.2964 1
26239.1173 3
26313.3867 5
26491.8583 17
26586.0227 13
26624.1679 14
26792.7991 19
26866.7725 18
27002.3744 11
27185.9112 11
27303.6043 10
27447.4270 14
27607.7136 18
27769.4480 2
27869.5454 4
28095.1067 5
28197.1465 13
28349.7663 12
28528.3652 2
28647.9867 10
28701.7694 19
28796.0082 5
28927.1111 19
29006.1405 18
29076.9131 17
29239.1213 5
29376.5221 12
29558.8912 11
29594.4440 18
29731.0441 20
29778.0379 1
29884.7153 13
30022.7144 15
30123.2000 18
30321.5056 7
30375.2122 16
30416.0351 18
30534.4141 1
30735.8308 16
30938.1328 9
31034.9965 20
31100.7998 17
31125.9238 10
31225.5553 10
31293.2594 1
31365.0582 17
31538.4623 7
31714.5456 12
31887.1239 14
32030.9168 11
32070.4176 18
32249.1080 6
32322.0180 14
32398.5813 20
32515.6399 5
32638.6163 13
32762.4857 14
32880.4742 12
33012.3823 17
33132.3847 9
33249.1469 10
33386.9439 18
33561.7449 10
33761.5824 13
33827.8483 13
33992.1102 11
34068.1375 11
34256.2326 11
34419.5194 2
34621.1316 10
34742.9856 21
34940.6707 15
35049.5236 8
35229.3388 4
35278.1298 6
35366.7224 14
35516.8919 18
35631.5310 13
35690.6908 1
35859.6325 19
35885.4428 3
36053.1732 16
36215.8975 14
36308.7399 13
36375.6998 14
36492.5013 6
36606.7469 18
36798.7524 11
36923.4674 4
37107.3860 12
37195.4829 19
37231.4745 5
37408.9944 21
37452.0679 18
37556.2574 4
37687.3785 15
37766.9820 6
37864.9067 3
37994.0030 3
38202.8446 6
38264.3680 13
38320.4578 20
38515.0135 15
38648.2015 3
38764.1863 12
38882.0828 20
38963.5067 4
39161.5025 18
39224.2513 16
39261.7874 9
39414.9472 6
39614.1419 12
39791.6296 13
39932.4534 18
40049.5194 3
40246.6993 11
40354.1775 13
40432.5924 17
40601.4199 6
40814.0584 7
40977.1237 15
41004.7166 10
41167.6504 7
41308.2621 13
41362.6108 18
41382.4209 18
41424.9473 1
41600.6526 15
41668.6747 19
41797.8921 5
41843.4903 8
42076.3822 11
42183.7427 2
42297.0198 15
42440.7735 13
42482.9978 13
42524.0337 10
42581.3663 6
42678.9176 18
42774.6507 20
42868.8581 10
42895.1505 16
43009.8218 12
43053.0397 18
43252.9389 18
43342.7718 11
43457.6616 11
43588.4446 18
43781.6545 11
43840.4869 12
43948.9445 6
44047.4789 1
44129.9052 11
44199.8012 21
44239.5361 6
44321.4416 21
44504.2547 4
44702.8153 11
44845.3639 15
45004.2281 5
45049.7591 6
45130.6635 5
45311.5630 12
45452.6604 5
45602.0559 4
45679.2133 16
45862.6579 18
46029.9162 12
46063.5901 12
46097.5868 14
46255.8818 5
46434.9571 3
46566.0587 12
46600.4554 11
46669.1901 8
46735.4213 6
46810.9912 8
46955.8200 13
47088.7220 17
47156.7466 18
47288.1239 11
47418.4985 13
47523.1958 1
47627.4460 2
47848.4625 2
47982.2388 11
48094.7980 7
48121.9936 13
48248.9205 20
48439.5289 5
48482.0813 12
48607.3783 4
48763.4498 14
49001.0884 3
49063.7892 6
49161.4797 1
49343.8534 15
49533.4923 4
49711.2871 12
49796.4718 11
49851.9765 5
50010.4005 2
50206.8565 11
50303.1054 7
50457.1599 14
50686.6817 12
50809.7412 7
50900.1230 15
50948.8471 8
51152.2784 3
51277.7816 8
51362.3368 21
51416.8223 18
51604.1818 11
51771.3631 10
51856.5425 19
51959.7457 11
52085.8972 18
52196.1444 11
52389.7762 18
52493.3305 11
52634.4543 20
52704.7887 10
52901.9965 12
52938.1828 15
53052.4173 6
53261.9158 10
53485.0788 12
53631.5002 11
53762.2933 11
53809.6425 6
53901.8070 2
54088.7668 9
54140.6937 18
54197.0752 2
54425.1571 12
54556.5473 2
54778.8993 14
54947.8866 6
55088.7805 14
55297.6689 13
55490.8887 2
55557.7935 4
55645.4344 19
55672.7835 7
55721.9457 12
55879.0410 7
56062.9181 2
56219.7748 12
56411.6077 9
56535.6909 18
56725.5941 19
56909.0692 10
57071.3210 2
57297.8050 2
57461.0570 12
57572.5669 6
57692.0784 17
57714.1427 12
57838.7517 9
57917.8581 16
57944.1440 14
58064.5509 11
58151.7046 8
58204.7032 21
58289.2962 12
58465.2831 12
58535.0680 12
58722.5347 11
58830.3175 11
58925.4020 1
59125.7063 11
59300.5699 9
59440.0423 3
59650.9545 3
59697.1483 8
59891.0930 15
59945.2980 11
60134.6251 21
60266.6161 19
60462.0827 20
60496.3013 20
60574.0857 2
60766.2166 2
60946.4669 18
60965.6467 2
61187.2740 17
61331.6363 15
61403.4800 12
61593.6974 6
61749.2865 9
61851.3141 11
61958.9120 16
62048.8698 19
62174.9937 21
62344.3023 17
62481.3406 13
62597.9152 14
62758.2603 18
62847.0236 11
63020.3844 4
63114.2107 13
63235.8738 2
63357.0841 6
63604.7438 4
63833.2927 5
64032.2987 17
64226.5023 12
64413.4610 21
64556.1988 6
64774.5535 4
64831.7970 11
64945.5484 7
65061.4572 12
65185.7853 15
65252.5821 4
65451.6301 12
65642.1269 11
65781.5218 11
65833.3725 14
66053.9998 20
66238.0143 21
66381.7146 1
66590.2076 6
66741.1226 3
66856.8267 18
66980.5672 7
67067.8321 19
67194.0550 9
67271.4806 9
67305.9553 12
67473.3561 9
67615.7131 17
67664.8960 14
67899.0519 18
68004.5450 13
68099.6092 12
68236.3950 2
68313.7842 9
68364.3271 18
68435.4481 2
68580.7803 12
68692.3718 17
68852.7378 21
68987.3546 18
69081.1196 12
69280.3473 1
69349.7719 21
69427.9650 5
69605.5352 8
69774.5330 4
70003.3273 5
70152.7158 13
70249.8749 11
70381.4688 15
70428.1693 6
70557.0293 11
70627.9400 13
70711.6496 4
70936.8320 11
71096.3207 10
71243.7116 3
71381.8648 11
71562.2193 9
71635.6367 5
71768.4125 13
71920.9052 15
72108.2176 12
72210.1258 8
72341.8090 19
72510.6644 18
72650.2793 12
72808.9357 7
72958.7531 18
73112.7296 11
73231.3125 11
73372.1248 18
73389.0034 11
73554.4685 10
73619.5210 8
73761.1129 14
73854.6387 21
73951.4772 4
74118.6135 19
74319.3993 13
74439.3162 11
74458.5904 11
74573.1438 5
74679.3350 19
74868.1056 8
75004.8258 7
75037.4564 6
75273.4969 4
75408.5605 3
75528.2689 11
75683.8717 6
75791.7537 20
75879.6226 11
76029.4538 18
76062.3546 20
76212.9120 21
76375.7716 11
76402.0412 14
76565.2825 7
76627.9414 11
76805.2499 8
76976.4395 15
77107.3514 21
77272.7376 16
77390.0853 12
77526.0378 12
77689.6252 11
77735.7217 9
77802.9238 16
77964.8993 11
78160.1008 8
78305.7572 15
78501.2758 6
78578.6363 12
78753.7418 19
78776.1337 5
78871.6637 20
78998.2778 12
79166.7239 12
79199.9319 4
79282.0558 14
79482.4010 10
79646.0261 18
79846.5334 11
80019.5170 12
80149.2740 11
80243.2414 4
80442.4812 15
80589.3977 1
80670.2835 5
80722.9889 21
80769.9671 15
80928.8818 11
81077.2458 14
81194.4783 18
81267.2907 18
81397.5457 18
81567.7833 9
81690.5285 11
81713.0683 20
81841.6229 8
81939.7858 12
82009.0789 6
82119.2021 19
82237.4459 11
82365.6455 13
82474.8277 4
82573.5409 17
82699.0354 4
82778.6067 9
82837.2391 6
82984.6056 14
83049.7566 14
83185.8717 13
83392.5535 10
83622.7768 9
83738.6321 12
83844.9869 11
83934.2169 1
84038.5160 10
84208.7488 19
84264.9242 20
84408.3772 11
84484.2200 11
84676.3304 11
84800.1179 21
84996.3884 6
85124.6260 8
85238.2644 12
85304.7804 9
85332.8558 4
85431.9424 12
85587.9500 21
85751.8280 12
85811.5193 6
85984.8120 18
86148.3354 15
86236.7004 12
86298.4140 13
86359.1339 7
86556.4830 11
86648.0347 11
86748.4083 2
86974.9358 9
87036.4460 11
87230.8768 3
87359.6055 19
87489.1114 5
87543.2537 11
87684.6279 20
87740.0975 20
87937.8325 13
88053.2255 6
88104.2840 2
88260.5011 16
88460.9434 14
88584.8444 10
88805.9032 14
88920.0609 12
89003.1124 15
89200.9365 11
89259.6043 2
89440.1620 7
89469.3926 8
89688.1837 13
89885.6863 5
90086.5937 14
90301.6459 17
90402.1120 16
90507.6416 18
90534.6662 10
90586.5619 12
90778.0605 11
90830.1934 12
90916.8993 7
90994.3253 15
91073.9461 15
91232.2421 14
91399.9609 9
91571.4696 17
91663.2537 5
91734.2228 11
91855.8780 11
92043.8370 15
92167.7858 18
92235.8831 15
92257.4100 5
92442.0957 11
92536.3716 21
92628.6369 21
92657.6547 3
92845.8053 5
93025.0311 18
93181.5000 6
93271.6132 11
93415.3939 16
93452.0848 16
93546.6242 3
93613.4699 11
93640.5542 14
93832.6140 16
93981.5544 11
94159.1790 18
94210.9893 11
94264.4632 8
94490.9442 11
94585.9848 11
94667.3529 17
94811.9528 7
94933.1935 18
94966.8814 4
95188.1813 14
95274.3975 1
95336.2895 17
95530.3845 4
95618.8160 8
95725.1831 13
95785.2969 12
95941.9596 20
96049.7577 19
96224.4692 19
96364.1379 7
96487.1233 4
96568.1893 8
96718.2112 8
96883.6401 18
96920.2949 20
97037.3832 21
97188.3285 1
97397.9027 18
97444.4199 5
97547.1030 21
97709.3645 9
97835.8931 4
98008.3918 7
98181.8887 8
98223.5706 2
98449.7083 11
98625.2419 11
98742.7267 12
98912.8024 2
99050.7442 8
99195.4209 5
99306.7182 6
99406.1545 16
99444.5826 20
99576.2718 19
99765.8928 21
99842.0135 10
99933.3582 11
100114.8952 10
100300.5561 3
100336.3830 10
100528.1004 11
100715.3459 16
100779.4700 1
100940.3333 10
101079.6868 21
101174.2095 5
101237.2410 4
101469.9049 4
101641.3361 6
101845.0381 5
101918.8352 15
102031.6142 8
102259.7599 3
102357.8738 11
102439.6832 5
102589.8457 13
102709.2189 21
102796.7636 5
102934.9287 11
103099.2313 4
103236.4959 4
103453.2602 20
103521.2426 18
103572.5673 12
103699.5921 15
103764.6212 9
103818.2846 10
103872.1221 18
103957.0441 10
104138.4695 16
104334.3061 3
104410.3178 7
104567.4221 1
104658.6760 7
104858.7705 4
105035.9503 11
105114.6254 3
105324.7880 10
105516.5470 16
105697.7913 14
105776.0158 15
105814.3577 10
105920.0102 17
106017.4032 18
106186.9979 4
106411.8374 11
106572.9306 11
106666.2242 15
106693.1483 11
106729.1991 18
106844.5586 20
107024.9031 11
107043.7597 12
107230.5699 4
107435.2551 4
107660.1602 13
107824.8683 19
107947.9744 2
108194.7506 19
108353.4324 14
108486.7153 10
108597.1348 19
108697.9238 6
108800.8913 2
108911.2656 20
109011.0988 13
109131.3287 11
109232.4273 15
109394.6197 13
109450.3814 12
109548.5173 8
109645.1472 11
109708.8606 11
109736.8105 16
109891.0833 7
109983.4855 6
110097.6327 20
110280.0702 8
110471.4729 1
110604.2314 8
110801.0418 18
110839.3534 18
110903.8390 2
110997.8948 15
111182.8961 15
111384.1262 2
111576.8138 18
111677.3775 12
111721.6924 4
111790.2663 14
111829.8926 18
111898.5182 1
112068.4051 4
112203.3881 4
112396.6502 15
112466.9965 4
112679.1288 11
112720.1646 18
112806.2978 2
112953.4937 12
113064.6384 6
113269.3088 12
113410.1799 17
113604.0475 13
113639.7910 11
113841.7160 18
114032.2089 7
114105.0394 9
114256.2382 8
114409.0084 3
114524.3954 4
114764.4009 6
114932.7187 11
115129.1111 8
115279.3406 7
115449.9683 21
115573.9541 4
115776.8075 12
115824.8006 15
115908.4420 11
116107.4737 1
116267.8926 6
116433.4681 8
116630.0666 20
116743.9475 18
116857.6349 12
116962.7016 17
117066.1427 18
117221.3268 13
117414.5763 3
117615.5558 16
117807.5059 11
117927.7977 1
118106.1278 21
118259.2301 8
118485.4939 5
118534.5326 3
118629.3837 13
118748.1580 11
118810.4582 12
118906.2037 7
119013.6234 11
119095.7378 13
119169.1247 16
119189.5940 8
119291.5774 18
119483.8383 15
119534.5336 12
119726.3024 12
119763.2420 5
119971.6868 11
120056.4442 4
120269.1535 11
120407.7960 18
120605.3217 2
120739.9494 1
120953.7222 18
120999.5209 21
121188.5797 9
121270.8092 15
121361.2184 18
121516.6151 20
121688.2484 9
121711.8175 10
121899.2359 11
122020.4759 12
122192.4893 18
122363.2684 20
122408.9760 13
122513.6575 11
122544.8155 15
122566.4572 21
122722.9752 18
122827.3900 12
122994.0724 11
123091.6716 4
123195.5486 12
123351.7073 8
123389.8660 9
123450.0014 11
123591.0975 11
123714.5283 6
123828.4498 18
124003.0173 1
124100.5857 11
124200.5563 11
124335.3739 11
124365.3214 19
124442.2468 7
124508.3632 7
124561.6051 5
124620.9766 12
124783.4218 11
124849.0376 13
124956.2033 12
124987.1624 3
125196.2996 3
125250.9204 2
125465.6768 6
125650.4121 11
125734.9346 15
125784.8189 1
125827.2111 17
125950.0571 3
126008.7641 3
126112.1145 19
126261.8619 21
126392.5344 17
126581.6200 17
126761.5620 9
126789.6223 21
126984.3198 6
127214.4648 3
127379.9827 15
127529.1178 20
127583.7777 17
127619.1127 6
127731.3319 11
127796.3486 14
127900.6933 10
128091.7246 1
128302.8899 15
128473.2517 11
128527.9031 17
128700.4156 13
128758.4043 10
128825.1782 5
129025.6775 14
129131.5358 4
129255.8456 18
129318.5683 19
129469.5545 10
129602.0870 9
129648.8322 4
129715.2142 12
129868.7563 19
130041.7610 11
130233.9001 6
130346.9908 7
130540.3452 12
130690.9441 13
130847.8733 14
130958.1012 12
131097.2153 13
131263.7867 14
131429.4498 8
131625.8980 1
131698.9308 8
131785.1891 15
131810.6543 12
131902.4849 12
131935.1233 21
132083.2893 6
132177.8960 12
132200.0056 8
132275.0402 21
132388.0035 16
132457.3330 8
132582.5573 12
132688.8095 11
132735.7409 15
132854.9552 8
133049.1058 1
133234.0425 11
133262.2554 15
133435.9359 7
133480.2642 9
133531.1123 2
133759.1736 11
133942.9276 19
134029.9627 11
134122.6968 18
134309.5174 18
134332.9047 10
134405.5851 20
134491.6764 6
134666.1022 18
134820.2595 5
135030.7633 18
135102.1570 15
135257.7596 6
135342.9113 2
135565.4010 3
135743.0389 20
135807.4619 15
135966.4313 21
136023.4362 7
136197.8445 17
136292.0767 5
136413.3710 16
136596.0123 11
136690.0221 20
136784.5980 3
136836.4749 6
136945.5386 6
137176.9706 13
137289.0720 19
137430.5094 5
137463.0593 16
137523.6859 11
137545.8314 21
137672.5332 5
137756.5746 18
137852.0285 3
138052.7792 12
138103.2697 2
138298.1970 5
138364.7939 17
138468.9736 9
138566.8062 12
138682.5402 11
138778.0299 6
138894.8246 12
139056.0830 10
139175.7139 7
139369.3349 3
139536.7217 13
139724.0693 1
139917.7364 8
140075.5962 4
140315.9740 15
140451.5667 11
140611.0241 9
140653.4578 15
140701.0819 17
140872.5450 20
141059.6697 17
141164.3420 14
141414.5934 7
141601.0112 10
141778.3397 12
141823.2089 3
141856.7805 3
141997.5471 11
142057.0569 18
142176.5516 16
142218.2605 17
142313.3985 10
142333.9015 18
142499.9001 14
142613.9396 12
142713.8450 12
142870.4158 15
143015.4215 1
143083.1154 6
143126.4199 12
143270.8433 14
143366.0354 19
143472.5958 12
143508.3018 11
143576.8997 12
143677.1329 11
143850.0979 18
143977.5754 1
144094.0703 9
144291.7286 16
144480.9557 12
144630.7452 17
144677.8139 14
144830.3028 21
144859.6677 19
144890.4287 5
144998.5084 19
145029.5104 2
145269.7150 15
145351.1662 16
145383.9142 17
145543.1771 19
145596.4983 11
145777.3030 9
145797.9050 6
145981.3760 14
146191.9747 12
146334.4832 21
146455.0111 12
146531.7770 12
146577.3073 12
146641.8953 16
146725.0682 10
146887.3193 18
147058.9690 18
147080.7758 9
147228.3508 2
147335.6560 20
147364.7839 18
147393.9580 7
147570.1657 15
147648.2271 21
147768.1531 11
147806.7296 16
148004.0788 15
148089.7133 12
148134.9575 13
148284.0459 21
148330.6733 11
148497.8096 6
148611.0267 20
148685.5270 18
148865.0644 14
149083.5964 17
149248.6485 12
149317.8048 10
149394.5148 11
149567.3076 9
149752.9249 10
149849.0558 11
149940.8922 10
149995.4600 4
150091.6647 6
150279.0565 19
150405.9408 14
150471.8054 14
150679.3542 17
150763.7124 10
150869.3944 12
151051.7067 8
151280.8757 7
151329.2192 5
151409.7668 11
151448.3672 21
151561.9201 13
151683.9215 3
151722.5890 14
151916.2014 16
151948.1783 9
152063.7991 20
152107.7806 9
152227.4444 4
152472.5740 13
152515.8720 3
152698.1137 8
152864.9464 11
152992.4098 4
153204.3235 11
153326.3869 21
153349.4319 11
153437.2221 3
153587.4249 3
153775.9288 9
153955.7334 11
154047.9516 2
154189.0262 12
154359.1865 11
154518.9662 12
154645.7129 12
154742.9316 16
154945.9118 12
155133.9379 7
155317.9132 12
155374.5956 8
155424.9875 12
155526.9150 20
155630.6210 20
155721.3860 11
155750.6022 12
155827.8311 1
155916.9512 11
155983.2565 12
156170.8596 16
156199.5960 5
156401.5138 18
156484.3412 17
156605.3294 6
156750.6673 12
156936.7747 8
156989.1397 13
157095.9321 19
157180.5823 5
157238.3300 4
157434.4140 12
157524.7034 12
157679.8296 2
157777.0862 15
157835.2622 17
157893.4794 5
157977.0743 7
158079.4090 4
158251.7261 9
158329.6202 2
158483.1968 5
158599.4807 3
158791.9940 18
158869.2900 21
158957.9344 19
159133.5507 8
159221.9552 11
159263.1663 12
159449.9588 14
159567.4799 3
159757.0505 12
159893.8519 11
159929.5483 20
159969.4492 15
160121.9611 13
160284.9586 12
160306.1801 14
160490.5275 17
160535.4438 9
160659.0297 5
160715.4315 3
160868.5578 7
160909.3789 18
160990.4404 11
161008.7905 18
161106.9637 11
161138.4784 21
161330.3425 12
161394.3893 9
161589.1490 19
161740.4956 18
161811.5100 16
161935.0782 12
161986.0301 6
162172.0710 18
162241.6711 6
162421.1775 14
162479.6402 12
162584.8436 12
162633.9505 20
162821.9763 8
162875.5059 21
163033.6375 13
163244.4780 16
163325.0507 4
163424.3175 4
163551.3982 2
163672.6448 20
163729.8571 4
163808.4387 8
164001.6907 10
164118.7453 18
164167.8719 7
164304.2036 18
164360.8505 6
164408.7390 6
164579.1022 20
164771.4940 14
164895.3725 3
164932.9974 12
164989.2668 8
165104.5394 15
165256.3440 6
165403.4466 3
165501.7230 21
165601.2505 11
165744.8500 19
165869.3084 4
166046.9098 10
166250.8911 12
166401.5546 2
166502.5906 15
166635.6221 3
166844.8272 5
166989.5187 21
167069.0227 12
167113.5529 19
167147.3914 14
167343.1521 18
167533.7607 15
167679.5801 15
167699.0264 14
167863.9106 20
167976.3867 11
168008.6294 12
168171.2359 2
168254.6040 10
168392.0125 18
168555.9133 3
168604.3209 12
168627.9139 1
168818.8094 4
168924.4867 15
169030.7541 4
169174.9298 10
169251.6726 11
169411.1350 16
169556.4135 13
169728.0272 2
169906.5466 15
169997.0352 5
170053.0402 17
170167.5699 18
170234.7296 12
170295.5161 1
170373.9086 11
170478.4323 19
170671.5904 19
170777.2196 11
170874.0097 9
170952.1189 18
171132.1231 9
171269.7470 18
171420.5860 13
171476.6371 16
171572.3137 13
171747.6448 12
171881.3996 18
172050.6790 14
172115.8600 16
172311.5199 5
172401.9444 18
172458.6794 16
172553.8986 3
172698.7947 16
172787.0917 15
172867.5556 16
172937.9416 18
173024.1841 9
173138.8111 20
173285.5226 12
173431.7268 11
173483.7232 17
173556.2947 10
173637.2788 4
173723.1776 19
173860.9578 14
173928.4185 5
174100.8003 18
174255.7344 11
174380.3079 11
174574.1610 2
174782.0028 19
174980.4146 20
175018.8976 11
175043.8316 12
175117.1427 20
175240.2805 14
175393.7493 16
175505.9936 4
175607.6139 18
175671.6395 14
175855.6822 11
175889.5129 11
176027.4105 9
176195.5538 8
176255.2610 7
176343.8292 6
176388.6468 12
176436.9845 16
176527.8551 12
176691.9065 11
176863.7436 18
176993.1695 4
177112.5579 9
177299.2061 13
177360.3226 8
177531.5862 4
177636.3753 13
177777.9893 18
177867.2608 20
178019.9227 19
178192.0518 14
178369.5386 13
178410.6640 5
178615.6616 11
178652.1461 9
178807.0490 12
179007.8207 18
179085.1783 6
179246.8028 11
179305.6997 1
179404.2991 19
179430.1190 21
179524.6079 3
179736.5494 11
179795.1575 17
179868.6404 9
180022.5764 18
180117.8034 11
180301.4556 18
180464.0873 11
180518.3028 16
180706.3349 11
180906.5188 17
181067.4672 8
181170.7746 10
181355.9599 21
181506.1111 6
181718.1742 14
181924.9854 5
182046.4712 3
182126.3169 12
182172.3510 6
182244.9466 3
182436.2122 4
182533.2972 9
182674.2854 18
182776.4858 14
182981.2414 15
183123.0188 12
183221.4353 21
183354.4173 9
183405.7610 7
183437.7305 4
183577.7314 12
183672.5101 8
183890.4232 18
184068.6110 18
184115.3100 18
184270.2695 14
184403.3478 18
184555.7669 16
184702.9270 16
184880.7184 21
184946.3264 21
185040.1574 7
185123.1040 4
185349.4830 14
185563.7265 12
185651.4436 12
185714.7547 17
185748.3833 4
185950.8044 18
186128.8433 12
186316.7878 14
186382.2225 18
186428.9867 12
186526.7765 11
186670.5139 6
186838.8015 15
186963.4119 17
187107.0198 21
187188.5616 5
187282.3091 14
187431.3590 8
187540.9507 6
187650.0925 21
187831.7525 11
187904.6026 4
188144.2530 12
188170.5701 21
188355.5022 12
188486.6508 5
188566.1989 12
188642.9486 1
188839.4321 21
188993.1579 14
189077.5939 12
189191.5625 14
189298.1662 10
189392.0059 19
189531.2903 17
189687.1386 6
189814.5697 3
190024.3006 21
190172.3226 16
190238.7512 4
190315.0658 11
190468.1191 15
190524.9464 12
190581.0369 21
190748.3654 18
190926.7275 3
191048.6850 11
191085.8631 11
191117.2315 3
191172.3992 11
191353.7925 2
191561.7302 8
191718.2182 13
191831.6775 9
191992.5751 17
192193.6925 14
192396.8343 15
192596.4343 19
192703.7247 15
192886.4839 11
192925.4222 9
193086.4048 16
193175.1416 12
193370.5415 16
193463.8590 7
193515.1962 11
193545.5672 4
193662.4219 7
193801.3109 21
194000.3076 12
194171.9142 5
194316.0146 10
194423.1400 16
194500.6968 19
194651.6781 17
194805.7305 4
195016.3662 16
195044.4938 11
195237.3419 4
195447.5977 6
195652.5571 15
195687.1266 7
195822.6874 10
196038.7657 4
196282.7748 20
196456.5593 1
196564.9504 17
196762.9977 2
196989.3945 18
197134.7163 2
197264.1007 4
197388.5033 10
197541.4054 12
197612.9523 4
197685.8921 8
197750.8194 1
197861.8436 19
198047.1766 19
198127.5054 6
198200.7589 11
198361.7473 8
198490.9266 15
198643.9070 1
198691.3859 11
198887.5056 13
199086.3671 13
199187.7258 16
199315.9901 21
199438.3400 12
199593.9601 21
199627.7556 16
199812.6834 9
199844.1503 11
199990.7034 21
200126.2190 15
200217.8252 9
200299.7684 18
200391.2146 8
200525.9542 21
200574.2708 8
200672.5480 18
200772.1872 5
200942.3257 11
200968.7193 7
201023.7883 11
201142.1448 10
201294.0133 15
201411.3452 13
201512.2596 5
201592.8458 15
201796.0926 13
201867.7073 16
201984.5217 14
202190.1633 11
202364.3194 5
202474.5542 5
202621.1878 8
202727.8912 2
202948.0247 11
203137.5556 12
203209.9222 15
203265.9220 4
203470.2099 11
203623.2496 6
203750.1954 17
203851.2593 10
203975.8557 11
204037.0987 9
204202.6307 9
204323.0919 16
204349.0532 19
204381.3760 1
204500.1753 3
204613.0066 12
204807.0918 21
204912.8999 16
205011.2994 17
205195.5561 20
205287.0493 3
205491.9658 12
205587.8647 6
205806.5215 18
205974.0434 18
206031.4965 18
206097.7122 10
206223.1427 11
206365.7500 6
206554.1532 1
206603.8539 21
206742.3699 12
206905.0642 14
207127.6616 9
207179.7165 12
207270.8619 10
207388.2181 6
207573.5461 12
207620.0571 18
207736.4228 9
207822.1216 14
207955.4494 12
208031.9785 1
208189.2591 16
208326.1275 12
208380.2221 6
208560.5195 11
