387
5095.2001 11
5159.6136 2
5234.7201 18
5386.1183 21
5447.3181 7
5623.7811 18
5728.1533 1
5923.8239 9
6110.2747 12
6251.3399 8
6411.7069 10
6497.4314 8
6672.4635 14
6710.1533 3
6911.7318 12
7103.9716 11
7202.1779 16
7249.3556 5
7323.9332 11
7516.9909 12
7701.4825 20
7779.2819 13
7883.0730 11
8058.1586 11
8208.4663 10
8371.1692 18
8507.6469 2
8719.8575 4
8936.9665 11
8971.5690 5
9102.6295 20
9235.8076 11
9331.2972 6
9539.3486 13
9613.9931 18
9687.2611 11
9723.6235 19
9755.8881 3
9815.4350 9
9879.2192 12
9902.3059 16
9953.6886 12
10136.2450 6
10201.2674 8
10303.7470 9
10478.2682 20
10616.2750 11
10640.2609 12
10772.5629 4
10938.0065 13
11134.1817 19
11284.5226 9
11385.3972 2
11528.4211 8
11651.7093 2
11820.5130 11
11882.4921 7
11961.4768 1
12126.9923 18
12281.0187 6
12519.3391 14
12641.1120 14
12769.7708 18
12805.6173 17
12887.2255 4
13065.7922 16
13128.7487 11
13175.8717 6
13404.8716 21
13600.9048 7
13695.7640 14
13872.6434 14
13996.0757 21
14103.9179 11
14208.2136 5
14306.8277 19
14423.6368 15
14518.7788 7
14723.3110 6
14835.2866 16
14960.3402 6
15024.0389 12
15169.8800 11
15199.1640 6
15317.6318 16
15370.4959 18
15420.6852 4
15562.4462 17
15649.7431 11
15774.6534 13
15979.7350 10
16091.3100 6
16214.7404 12
16255.6150 15
16380.6084 11
16454.7639 1
16528.4046 13
16618.5412 13
16689.7800 19
16797.6106 11
16941.0299 20
17045.5733 12
17243.9665 21
17383.8309 18
17472.4112 11
17520.1072 12
17692.8148 11
17813.0055 9
17948.4530 19
18017.8850 11
18075.9281 2
18160.7168 18
18354.0510 11
18473.6619 7
18671.6659 9
18715.1314 6
18921.8146 18
19030.4793 15
19225.6114 11
19253.6309 12
19454.8168 18
19642.4555 10
19767.5316 11
19851.7377 12
19971.2582 1
20071.0338 9
20151.4351 12
20295.0262 12
20379.8016 4
20452.8144 15
20540.5113 10
20628.9023 10
20768.6506 7
20859.8503 9
20929.7467 6
21118.4056 9
21148.3937 16
21309.6671 19
21460.7890 16
21609.9501 14
21683.3817 9
21738.7689 16
21904.6152 18
21929.3447 12
22074.7681 13
22184.8386 3
22242.8906 12
22354.6042 1
22460.1635 10
22526.2034 11
22558.9099 11
22709.3673 13
22830.9222 9
23017.3111 12
23040.8950 11
23170.6208 17
23256.8196 7
23357.8573 20
23453.0130 14
23666.0596 17
23852.1915 7
24022.3347 7
24194.0815 8
24267.4597 6
24366.7730 11
24399.4579 19
24551.3065 4
24649.8060 10
24809.5626 21
24980.2692 18
25041.7388 3
25174.7255 21
25215.8004 17
25236.9299 5
25335.7827 18
25497.9283 11
25542.1617 2
25694.2400 6
25926.8760 6
25981.6931 12
26165.6458 18
26305.0559 10
26463.4680 9
26504.7941 21
26640.1203 11
26783.1055 12
26973.0789 21
27038.7470 11
27176.6708 9
27317.5113 1
27517.1842 3
27593.3748 5
27753.6264 1
27903.0022 12
28062.3497 9
28240.7424 20
28394.0907 11
28539.3308 2
28783.4125 21
28855.0808 4
28948.7167 18
29079.9166 9
29188.7393 11
29322.1701 11
29501.6221 16
29629.0273 9
29820.2346 3
29933.4559 16
29992.5130 3
30082.1380 12
30211.1225 4
30293.2559 3
30502.4567 2
30714.4465 10
30890.1653 12
31032.3609 12
31232.2895 17
31283.3672 19
31329.6889 13
31523.2642 7
31708.8082 10
31906.4713 13
32024.8867 11
32142.1127 9
32265.1765 1
32317.6694 11
32344.9628 14
32487.3949 13
32689.5836 18
32844.9291 2
32935.9267 15
33070.1769 15
33272.5117 5
33300.8811 12
33352.1153 14
33460.7898 19
33560.1955 11
33722.7440 19
33811.4752 13
33883.3274 1
33916.6836 5
33958.8664 11
34021.4250 11
34208.2371 13
34266.6640 2
34425.0496 4
34620.2642 11
34808.3946 9
34828.8558 7
35001.0332 18
35080.2648 4
35263.6039 11
35412.9239 19
35561.3666 19
35665.1486 9
35729.5245 19
35871.7247 9
36035.8878 3
36104.1102 17
36276.2072 3
36476.5460 3
36510.6434 18
36694.0403 14
36803.8713 12
36879.0131 20
37019.0938 4
37152.1602 8
37372.4584 9
37464.5827 4
37626.2534 5
37705.8535 17
37894.4809 3
37953.2011 11
38054.0493 1
38213.9093 16
38259.0680 16
38403.4816 14
38570.8656 6
38766.0489 12
38800.9319 3
38914.0095 4
39136.2849 11
39271.5827 16
39454.2764 2
39547.8657 15
39707.5253 18
39836.2382 17
40019.6167 18
40082.4515 19
40234.7883 21
40359.9553 1
40490.5001 8
40704.0680 11
40767.1485 18
40791.0813 1
40995.6758 16
41060.0897 20
41180.3336 13
41264.4394 11
41367.4596 16
41400.6522 7
41474.1872 10
41611.3574 18
41728.6922 2
41902.6873 7
41959.0880 19
42019.0429 11
42152.1760 15
42262.0867 3
42383.4367 3
42472.1803 7
42491.9729 11
42573.5467 5
42623.8624 11
42771.8287 4
42880.2188 2
43009.4714 12
43182.8726 5
43279.7330 1
43491.5867 11
43676.2621 11
43780.6116 15
43908.4774 13
43955.6627 17
44116.5538 20
44258.4994 16
44436.1677 12
44456.8345 5
44519.7978 10
44674.4300 2
44834.6124 14
44954.6654 15
45142.3087 4
45284.8696 12
45362.1793 19
45427.4479 5
45471.5783 12
45605.4897 12
45801.2620 8
45975.8706 9
46127.3261 20
46254.3327 16
46442.4686 10
46491.8112 12
46521.9164 20
46686.2308 9
46706.6214 18
46823.0518 18
46989.4724 11
47130.7051 11
47297.9918 18
47427.2909 20
47596.5413 9
47683.3199 14
47747.5407 15
47816.6343 15
47970.7026 15
48129.7309 9
48198.6799 20
48309.1989 12
48366.1698 17
48547.2831 11
48602.2177 1
48783.8385 4
48913.5281 20
48980.9128 20
49139.1028 16
49237.0448 15
49318.2294 16
49491.6502 18
49584.0759 3
49671.4202 16
49704.5509 11
49776.4016 13
49969.1947 1
50069.9989 4
50295.1632 12
50491.0552 17
50513.4486 15
50626.1804 5
50697.2826 12
50846.2690 18
51006.4735 2
51136.1982 9
51297.8817 12
51431.9098 18
51584.3860 4
