387
41704.7919 19
41883.8019 3
42084.2455 12
42272.8690 12
42324.7020 3
42393.4365 7
42498.9072 11
42554.9532 15
42689.5821 18
42764.2594 16
42809.7267 8
42877.2366 2
43010.9668 13
43145.3659 20
43169.4810 14
43253.1589 14
43342.6576 10
43506.1045 9
43613.1046 9
43673.7237 6
43788.3485 6
43922.6033 11
43955.2520 8
44113.6936 16
44213.5040 13
44383.1640 11
44578.0639 12
44768.4866 6
44916.6007 12
44950.0029 4
45137.6617 18
45182.4052 3
45370.0859 19
45460.5357 13
45611.8080 14
45815.6952 12
45862.0621 12
45911.4445 7
46013.9339 15
46115.0537 16
46307.1120 18
46457.4451 18
46568.5493 10
46749.5947 8
46971.2814 13
47127.4815 16
47243.6183 13
47338.7714 17
47384.7254 13
47475.0517 6
47660.1052 11
47829.4719 12
47995.9950 13
48189.5347 21
48262.7050 10
48352.8074 14
48590.1767 12
48736.2004 14
48913.2198 17
49113.2830 16
49314.7623 12
49358.9245 20
49502.9395 6
49568.0843 13
49723.9977 19
49744.1306 4
49802.5146 3
49905.8782 12
50018.2482 5
50189.6648 1
50246.4850 1
50425.7672 10
50507.2195 21
50710.2982 11
50779.4872 17
50852.7718 18
50923.7908 6
50988.6351 7
51011.2091 3
51053.4028 18
51200.1360 15
51219.4611 6
51351.7814 3
51520.0249 12
51660.5996 18
51681.1319 15
51881.6421 12
52030.4089 7
52173.1804 12
52311.1920 11
52499.0219 2
52700.9784 13
52793.1658 12
52815.9635 12
52875.6775 19
52957.0645 2
53168.8148 16
53217.0473 10
53271.7202 21
53441.3427 12
53496.3656 13
53653.9597 14
53785.8685 18
53826.8751 20
53972.2585 11
54120.4132 15
54252.1632 18
54446.9390 21
54549.8728 7
54693.5755 17
54866.3453 13
55055.1479 17
55227.1626 21
55352.1129 3
55393.8614 17
55497.3820 3
55526.5608 11
55704.1766 16
55788.3875 6
55843.5023 14
56094.9751 14
56195.4600 5
56315.1864 16
56449.6014 2
56590.4596 19
56637.4991 13
56794.6123 12
56983.3997 6
57215.2839 15
57364.2639 13
57409.7667 15
57523.0348 6
57770.4033 20
57896.2917 17
58045.8362 8
58190.5434 3
58372.9390 9
58457.8175 14
58697.6182 20
58783.7271 15
58969.4742 5
59128.5390 16
59240.6161 20
59415.3325 11
59522.3465 12
59655.4112 6
59798.1415 1
59955.9116 12
60109.4713 13
60311.4441 19
60413.9110 21
60461.0876 5
60621.6150 3
60689.6835 16
60859.4736 4
60997.8083 21
61056.3693 11
61140.7757 3
61319.8243 12
61366.1598 16
61545.3516 21
61656.4078 7
61825.9732 11
62009.4297 2
62101.7448 7
62285.5891 11
62360.8096 14
62480.5637 15
62617.4946 9
62723.1575 2
62966.7348 2
63146.4436 20
63311.1106 15
63386.1317 11
63446.8892 11
63546.5921 11
63668.2524 14
63792.6054 3
63929.9779 10
64021.5662 3
64058.5971 21
64252.4005 18
64414.2000 18
64579.0372 17
64622.4297 6
64824.0875 13
64905.0489 11
64938.9431 12
64975.8751 20
65077.0033 6
65202.6213 21
65224.4810 9
65267.9960 3
65357.9824 13
65432.3834 3
65532.7233 2
65752.7374 11
65791.7468 8
66024.4525 11
66146.0027 17
66179.6463 11
66277.9891 12
66410.2128 16
66551.6500 5
66681.6302 3
66758.3380 9
66947.5480 12
67033.9452 9
67218.6872 9
67242.2033 16
67306.1652 18
67498.3106 11
67551.1159 2
67678.5887 18
67745.4191 3
67839.5399 19
67871.4803 15
67937.9199 7
68019.6787 6
68103.2734 21
68228.1532 11
68362.5605 19
68427.8896 12
68584.9068 18
68690.3632 16
68715.6823 12
68849.6746 12
68980.5847 13
69081.2156 5
69114.4400 3
69208.8894 20
69404.7683 11
69560.4535 10
69714.1503 5
69891.6922 12
70051.6669 15
70226.2338 12
70295.3612 1
70411.8674 8
70603.6680 12
70772.2831 19
70968.0849 21
71074.6988 3
71236.9686 12
71371.9699 19
71513.2755 9
71556.3666 3
71715.7329 4
71916.1608 12
72005.8574 5
72053.4330 2
72208.9707 10
72241.0887 11
72281.9447 14
72396.3670 18
72425.9433 21
72621.6473 8
72734.0161 12
72865.6467 4
73072.7852 19
73232.1982 5
73289.1259 11
73483.2828 1
73520.9989 14
73623.8965 4
73826.7381 7
73953.5151 17
74078.9806 21
74105.2142 1
74318.3870 20
74406.4661 12
74503.7255 18
74557.6260 12
74602.8358 11
74780.8994 10
74827.0613 19
75010.0411 20
75081.1573 9
75277.7443 8
75457.7638 8
75637.0678 11
75669.9829 12
75820.0653 1
76021.0970 5
76143.8133 2
76381.4971 7
76471.3679 19
76557.3132 19
76728.0067 10
76813.0079 18
76901.6714 18
76988.0454 3
77150.3378 11
77201.1467 17
77242.0247 10
77452.1491 11
77526.9570 11
77722.0065 16
77767.0212 18
77872.9217 6
78032.2233 20
78185.0808 14
78298.3353 12
78391.4340 8
78579.1085 14
78646.5663 15
78798.7392 9
78941.5526 10
79119.2364 14
79191.2108 11
79277.4226 3
79484.6946 12
79519.3024 15
79705.9636 9
79846.6504 2
80094.2541 17
80161.2362 4
80271.3094 10
80337.3641 4
80555.9852 12
80604.5508 18
80720.3527 13
80755.3553 11
80949.3179 9
81021.5266 5
81114.2458 7
81229.0388 10
81386.1145 6
81498.8731 17
81629.0532 2
81741.9679 11
81883.6113 20
82027.9310 2
82222.8967 4
82369.1026 15
82475.9685 12
82523.4600 21
82571.8453 4
82771.7613 5
82932.6231 16
83021.1060 14
83153.9664 12
83283.9754 18
83414.0986 9
83435.1132 17
83613.4716 19
83747.1076 11
83854.1994 5
84049.4828 3
84173.8721 4
84255.7093 2
84489.2915 16
84511.3184 21
84664.7009 3
84828.1312 2
85060.6065 11
85223.7120 9
85320.1770 12
85522.8207 20
85657.4733 12
85726.8678 19
85786.4273 11
85899.8632 1
86081.9458 12
86154.9366 7
86255.4992 4
86418.1780 1
86578.9796 1
86750.8073 20
86884.6300 12
87086.6555 2
87147.5111 2
87298.3857 14
87454.4925 16
87531.6488 7
87628.3109 19
87764.1551 21
87899.9238 8
88040.6374 12
88086.0979 12
88172.3140 9
88223.7242 16
88252.8307 12
88418.7212 4
88514.0976 18
88562.9203 12
88638.3141 6
