387
43714.4831 18
43885.8098 1
44029.2033 7
44086.9820 20
44209.4460 21
44391.0944 20
44545.7376 20
44660.7362 4
44886.8794 1
45074.1809 12
45129.6138 12
45190.2948 4
45248.6197 14
45389.3161 11
45528.1759 14
45661.8810 19
45697.5208 3
45831.0050 20
45898.4650 8
46098.0677 20
46235.9996 21
46289.0584 18
46475.7100 5
46584.8105 18
46753.2666 18
46785.9132 9
46853.8940 20
46977.0958 18
47042.0579 16
47173.1234 10
47276.4595 18
47413.6903 17
47605.1714 11
47736.7204 7
47861.8581 18
48002.6850 8
48161.8649 2
48390.8072 5
48422.4203 14
48493.5183 11
48633.0773 11
48820.7037 12
48929.8869 2
49066.3355 14
49197.5329 16
49356.1377 7
49460.3487 18
49566.3429 10
49709.8556 14
49878.4125 14
49994.1362 19
50073.6823 11
50098.2163 11
50126.0101 15
50189.2967 12
50212.1926 10
50314.7916 11
50402.8502 14
50502.0411 12
50599.6296 9
50627.1351 11
50648.5633 12
50750.9122 12
50824.9709 7
50863.8804 11
50983.7933 14
51019.8203 2
51142.7960 9
51182.9563 10
51258.7953 2
51416.8446 11
51542.4674 12
51740.6428 4
51889.9431 11
52082.3120 3
52235.8981 11
52376.8311 14
52512.0712 21
52655.6262 11
52769.8572 12
52942.0148 13
53118.4302 11
53187.1978 2
53331.7042 3
53542.3102 17
53654.6476 18
53766.9181 11
53932.8790 14
54134.3201 6
54269.5824 5
54305.7746 12
54453.1304 10
54562.8793 4
54750.7024 20
54839.0142 19
54952.6511 19
55022.5370 18
55114.6643 18
55239.0553 10
55436.8901 14
55509.0401 11
55533.7089 10
55623.0567 11
55760.5423 8
55911.3151 5
56043.7972 11
56194.7823 20
56256.3242 4
56370.7534 6
56447.0813 1
56640.7183 17
56721.0480 11
56917.2593 1
57080.6371 3
57153.1504 18
57287.3370 21
57339.5009 12
57522.8129 5
57709.3624 5
57839.9072 11
57883.3926 11
58035.0800 19
58099.1880 18
58198.4143 12
58278.1631 18
58353.8578 11
58506.4608 17
58692.1385 8
58738.3777 21
58846.2574 16
58938.9838 11
59017.3197 13
59173.9497 16
59227.3878 11
59361.5442 18
59542.2514 18
59737.9238 3
59888.3596 10
60106.4688 12
60190.5784 6
60365.0135 9
60457.0918 1
60582.1106 5
60698.1059 16
60782.5137 21
60907.1533 2
61047.7753 12
61147.6489 9
61182.1600 19
61300.3101 10
61465.7701 21
61543.1762 16
61698.9153 17
61801.4431 1
61937.7655 11
61967.7912 6
62179.5171 11
62286.0157 12
62449.7422 10
62645.0003 14
62762.2558 7
62904.4991 8
63073.7686 2
63276.2996 21
63397.8197 1
63506.8651 18
63704.2754 20
63850.3171 3
63919.2485 6
64121.3851 11
64311.0174 9
64480.7649 17
64553.2847 12
64724.0084 5
64757.1989 16
64929.2798 21
64999.2007 16
65143.6376 3
65275.0824 11
65396.7258 2
65600.3754 3
65714.7255 1
65793.6640 18
65861.8767 12
65965.0270 19
66165.4331 16
66346.4332 19
66528.7974 21
66583.1014 11
66760.2539 11
66798.2586 12
66842.8566 7
66929.8582 10
67000.6177 14
67132.7852 19
67299.0209 11
67448.4634 18
67644.9344 12
67712.6671 14
67862.8427 18
68038.8411 11
68059.0185 8
68171.2810 11
68279.5704 3
68368.4589 12
68527.8902 7
68588.0310 2
68764.2284 11
68934.5385 11
69075.6301 12
69134.6544 15
69185.2756 13
69243.0892 18
69415.6285 15
69548.2992 7
69648.5720 11
69769.4655 15
69814.3531 12
69961.5758 18
70020.0981 16
70211.9085 4
70329.2013 12
70350.5142 17
70449.4716 20
70623.9177 5
70685.0277 18
70829.1885 8
70990.4111 6
71055.9249 5
71168.0970 3
71326.2519 14
71479.0016 12
71590.3503 17
71630.6148 7
71822.5086 18
71927.4654 3
72137.0703 12
72181.9629 15
72229.0845 17
72363.9508 10
72415.8465 18
72436.5956 18
72476.8736 11
72675.9354 15
72859.9014 19
72914.2033 1
73026.7932 10
73101.9963 4
73198.1321 3
73246.5966 11
73276.5662 7
73373.7050 19
73456.6101 21
73530.2564 7
73696.0124 1
73801.6973 3
73886.3339 14
74051.2734 13
74228.4621 4
74452.2552 19
74534.3819 9
74601.6159 1
74791.8097 11
74819.5137 11
74955.0724 9
75084.0395 6
75183.8494 3
75246.7350 18
75434.7161 20
75494.7673 20
75622.0736 11
75665.4805 11
75753.7753 13
75887.1546 11
75968.7675 20
76053.0468 14
76280.8771 14
76450.9312 16
76539.6983 10
76590.3599 18
76660.3907 13
76737.0763 11
76816.3325 16
76936.6072 8
77015.3717 9
77059.8125 19
77105.7400 14
77267.7353 10
77401.4395 9
77598.9464 11
77732.1431 11
77901.9051 12
78100.8500 11
78193.4755 16
78282.9158 12
78477.9878 20
78659.7162 7
78772.1436 15
78891.5030 11
78997.4597 19
79038.0147 16
79147.2893 8
79275.1191 6
79382.0560 17
79509.8656 2
79649.1216 5
79723.0408 4
79808.2148 21
79996.2250 15
80104.3484 8
80300.4766 20
80408.4311 20
80494.4439 5
80573.3610 8
80592.2277 6
80673.4370 11
80714.3723 15
80855.1769 4
81038.1110 16
81213.6162 20
81280.6533 14
81426.1683 21
81548.8045 14
81672.8116 8
81855.1501 13
81889.6860 20
82036.0300 7
82140.2734 9
82170.0790 5
82240.5822 20
82436.5237 11
82470.7096 6
82555.0840 13
82686.9829 12
82824.5243 20
82867.5952 12
82963.9279 9
83157.4614 14
83286.3956 11
83399.0978 1
83564.3746 7
83622.1221 13
83662.9356 9
83686.3336 1
83819.1857 1
83859.9974 18
83888.9523 18
83932.7147 12
84045.0499 12
84230.3671 9
84299.3321 18
84362.1162 14
84516.5769 11
84716.4717 12
84896.2123 17
85000.2913 19
85169.0910 18
85324.7156 1
85531.3861 16
85575.0776 10
85632.4800 17
85835.4478 11
85884.4685 4
86040.5278 8
86248.6441 16
86298.4389 6
86447.4780 9
86637.8898 18
86834.3131 15
86966.5639 21
87032.4651 13
87105.2795 6
87307.6672 15
87396.0774 3
87462.2065 13
87641.9420 15
87723.0524 2
87791.6415 20
87928.3291 11
87953.6787 18
88106.7211 14
88152.1262 16
88335.2660 9
88507.1888 18
88569.0802 11
88700.6764 12
88892.3164 15
