387
11340.2293 9
11507.3037 5
11585.5176 11
11677.2179 3
11858.4911 9
11973.9301 12
12022.0824 5
12048.9532 12
12206.1559 16
12347.6724 21
12513.4782 20
12619.2464 2
12830.9407 9
12880.5529 12
12940.0876 2
13174.5910 12
13231.9465 20
13305.2079 15
13444.5728 11
13508.6177 13
13701.8006 4
13848.3315 16
13908.5456 13
13985.2165 19
14039.6932 3
14250.9471 4
14489.0081 2
14581.7870 12
14779.2501 11
14968.1161 19
15025.3809 18
15073.5663 6
15246.9709 12
15405.4243 21
15589.1361 13
15752.4313 8
15919.9832 16
16067.8608 9
16266.5892 16
16318.4619 18
16401.7879 12
16538.2876 8
16735.6608 18
16815.2544 18
16891.8383 17
16918.7003 5
16952.0572 6
17191.1598 19
17317.9552 19
17435.7036 17
17484.6317 11
17684.9371 10
17807.8541 21
17922.7641 8
17958.7866 19
18067.3249 14
18241.4152 1
18342.9122 16
18461.0476 11
18531.8154 5
18688.1478 8
18781.6542 3
18963.6610 21
19094.3831 18
19222.9127 16
19288.1107 2
19444.0528 3
19635.7998 16
19699.4405 20
19884.6377 4
19965.9858 6
20043.7582 4
20096.3911 2
20196.8576 9
20325.6128 7
20488.7620 8
20631.4621 3
20768.3513 14
20993.5836 10
21103.5268 9
21215.7250 5
21312.9513 5
21477.6726 11
21566.3470 18
21601.2653 11
21685.1493 20
21732.3586 18
21821.8964 2
22052.6798 13
22191.3973 11
22283.9959 5
22482.0670 12
22610.7881 12
22745.8350 4
22829.0252 4
22932.8761 11
22972.9947 5
23153.9564 14
23308.9869 11
23454.9432 3
23497.5399 17
23579.6533 2
23656.5268 16
23721.9084 11
23802.2051 18
23920.4260 15
24008.1658 5
24068.5452 2
24219.7296 15
24303.5018 12
24363.2125 15
24565.1926 8
24702.9101 19
24883.7971 18
25068.7927 13
25159.5606 17
25258.8132 7
25281.4902 6
25348.2142 12
25472.7797 6
25620.7243 1
25808.9356 12
26006.9818 12
26031.9472 5
26092.9120 16
26163.9545 18
26358.3264 10
26525.7621 4
26607.2585 18
26624.9419 13
26808.6820 18
26898.2839 4
26977.7976 21
27015.8600 12
27174.8558 16
27302.8282 5
27510.1804 3
27651.5609 10
27814.0290 12
27981.9157 10
28036.1232 20
28098.1078 4
28309.0142 3
28389.7399 7
28590.5761 8
28812.6296 9
28918.2952 17
29015.0000 17
29038.9581 17
29226.1701 5
29364.3356 14
29424.5676 15
29599.6488 12
29791.3758 21
29848.5935 18
30018.9454 3
30217.9928 18
30297.3939 2
30514.8235 11
30650.5092 1
30719.0920 11
30828.0678 5
30997.2460 19
31057.2515 3
31195.2429 13
31377.2574 18
31560.3459 11
31697.1163 7
31854.0475 17
31993.0596 10
32026.7920 16
32094.0005 11
32211.0729 12
32351.5405 16
32379.5969 15
32446.4637 12
32587.7084 18
32604.3822 18
32759.4039 11
32871.0881 2
33078.9778 8
33310.7627 18
33476.5682 11
33678.7520 16
33796.5925 1
33996.8847 8
34163.5399 11
34236.2629 2
34306.6570 7
34442.4635 12
34500.6987 6
34555.6100 3
34751.2722 1
34833.4100 11
35014.3653 11
35095.9221 11
35162.9678 14
35226.7882 18
35359.4538 12
35550.5662 11
35634.4798 6
35716.0276 10
35808.2173 11
35928.9467 6
36050.1258 16
36206.4449 11
36350.7758 17
36467.7433 2
36524.5634 13
36715.4644 16
36800.5613 16
36920.1265 11
36954.2523 15
37046.7181 2
37190.1343 21
37248.8329 13
37445.1896 17
37561.1717 13
37734.2531 8
37928.7017 18
37993.2155 7
38030.2282 9
38223.7182 8
38361.5752 4
38428.3685 12
38618.4927 21
38723.2840 11
38856.8380 20
38945.3462 3
39069.3113 18
39214.7294 11
39265.3347 11
39462.8851 13
39645.1564 11
39679.5564 14
39742.6987 6
39882.0788 12
40025.0512 18
40114.0724 12
40232.7982 11
40406.0034 21
40597.5258 4
40681.8776 5
40805.8581 10
40956.7964 8
41112.9347 2
41370.8635 7
41503.8670 17
41568.0053 9
41700.9319 10
41778.5094 12
41832.1325 1
42028.3603 10
42097.8367 6
42248.8030 15
42380.6991 20
42561.7736 12
42581.4702 12
42693.9197 11
42716.4869 11
42761.1543 12
42808.4047 21
42897.7573 12
43051.4197 16
43160.4559 18
43210.8510 8
43426.7822 5
43473.0238 17
43504.5686 3
43550.3023 9
43651.4547 16
43820.7981 16
43882.6485 12
43917.1066 13
44030.9508 4
44198.7719 21
44328.4183 13
44469.2679 1
44538.5704 11
44692.8923 10
44758.6756 2
44934.8106 11
45125.3246 7
45217.9962 21
45368.7832 19
45449.4850 16
45618.6535 12
45799.1304 11
45867.1265 15
46062.2501 5
46246.7201 10
46441.0087 18
46461.5094 12
46556.6792 10
46772.9827 18
46897.4632 10
47001.9768 5
47064.6229 4
47201.2866 19
47349.6434 12
47421.2986 2
47587.2538 2
47691.4968 12
47826.3112 14
47903.7174 18
48032.7949 16
48123.7782 7
48218.6511 21
48260.4207 18
48351.4024 12
48394.2056 16
48542.1755 1
48637.6829 12
48837.8414 18
48918.8887 6
49001.0830 9
49121.6611 5
49152.0410 6
49368.0866 16
49489.4931 11
49509.5324 5
49721.7943 11
49755.1038 19
49799.7060 1
49941.4566 21
49981.4321 4
50135.5926 1
50238.7418 21
50270.7857 11
50397.3491 20
50558.0984 11
50618.9445 17
50678.5553 12
50882.2194 4
50959.6055 20
51016.6705 2
51188.4482 12
51213.5446 16
51324.3970 15
51467.4759 12
51610.9629 4
51757.2744 11
51862.5282 7
51910.1159 12
52004.3738 10
52127.9559 12
52147.5519 13
52205.2477 14
52436.6977 9
52610.5775 5
52776.0847 5
52840.8020 21
52936.9247 12
53040.6967 1
53196.8552 14
53409.8291 10
53502.2504 10
53644.6584 13
53689.8075 10
53787.1796 21
53970.9546 16
54089.9870 12
54277.5800 11
54401.4996 19
54447.7708 11
54637.0272 10
54701.9152 8
54912.2427 9
55087.9090 20
55248.8041 11
55307.1960 3
55466.6167 6
55665.9623 17
55699.5136 12
55844.2286 6
55962.1257 18
56053.4824 3
56220.7222 6
56454.5772 18
56561.3177 13
56769.2736 12
56797.4074 14
56918.8238 21
57071.6211 17
57099.7570 6
57166.7066 11
57292.7763 9
