387
866.9960 15
902.7044 5
964.5205 6
1135.3318 21
1263.7018 6
1478.6364 11
1655.4125 21
1783.1646 21
1903.3907 11
1957.6168 11
1999.8302 18
2022.3550 2
2129.8321 18
2270.0668 10
2469.6405 4
2639.8181 16
2841.1041 5
2966.5349 2
3219.8869 5
3369.3342 7
3532.2593 19
3659.3728 13
3706.3409 1
3755.2719 15
3948.2196 8
4156.5659 19
4218.5073 15
4274.6579 15
4334.0564 2
4426.2062 8
4593.7649 9
4791.3127 14
4892.1510 5
5036.9930 21
5184.3466 1
5223.0587 4
5360.4931 18
5552.8902 12
5606.2156 10
5742.3427 12
5900.6229 11
6016.2785 18
6136.2667 4
6189.7480 18
6268.7389 21
6291.8168 7
6494.8171 1
6651.6639 11
6748.8413 7
6953.3200 20
7078.0600 16
7264.6900 13
7400.3171 7
7466.2454 21
7665.7002 4
7839.9025 11
7895.3633 11
7980.5164 8
8177.1404 11
8301.3794 11
8501.9973 7
8618.1594 4
8842.0903 4
9037.4279 12
9172.7003 10
9375.6770 17
9546.5698 1
9762.6843 21
9921.2033 11
10034.3884 3
10085.3267 11
10136.6246 5
10314.9798 20
10350.5323 13
10470.4187 6
10669.2613 11
10808.4231 9
10973.1606 18
11028.4605 11
11098.6694 3
11308.4905 6
11533.3920 21
11571.9843 11
11680.1166 16
11770.9620 16
11812.0273 17
11911.6746 2
11997.9896 11
12093.4802 11
12194.5898 2
12270.2457 9
12458.0186 11
12499.7463 7
12520.2937 6
12580.1140 20
12623.0426 8
12854.8513 15
12954.1071 12
13036.6297 15
13205.9530 16
13406.3915 20
13509.3290 13
13717.3604 10
13798.2633 18
13916.2438 2
14154.9447 12
14183.1719 21
14325.5367 18
14519.8751 19
14649.2588 4
14764.0314 20
14832.5261 12
15010.5869 4
15197.0283 15
15353.6553 11
15375.6350 8
15398.2694 12
15479.3134 15
15529.5732 12
15675.7118 15
15857.6468 21
15915.3089 2
16101.0631 12
16277.6230 17
16408.0369 6
16494.4510 14
16596.2269 13
16705.7554 20
16761.9203 10
16907.8381 6
17121.1123 3
17216.3148 18
17338.5883 1
17457.4561 4
17569.9329 15
17742.6260 12
17945.2995 4
18129.2658 4
18344.4438 12
18377.5721 15
18421.8621 19
18497.3810 17
18530.0884 1
18719.2998 3
18862.5604 15
19004.1245 12
19171.3284 16
19217.6610 8
19425.9742 9
19604.1111 2
19756.8878 12
19901.0012 7
20102.6741 19
20233.2120 11
20251.7660 10
20335.0155 12
20499.4903 15
20672.1150 11
20761.4017 12
20951.7230 12
21114.9998 18
21178.6762 10
21228.5824 5
21262.8950 2
21436.4651 11
21623.8537 4
21830.6514 10
21873.2093 5
21910.7957 11
22109.9291 17
22152.5639 13
22214.0034 18
22352.8434 18
22438.5955 11
22470.9840 17
22535.7997 12
22716.8206 13
22750.4723 11
22937.5204 15
23069.2314 11
23246.2556 14
23411.5627 17
23506.3898 12
23529.5966 2
23740.2288 20
23831.2500 12
23967.6228 17
24002.5778 5
24201.5129 11
24386.7226 6
24562.9682 13
24627.6998 20
24740.3730 6
24980.2949 12
25013.8908 1
25163.0816 3
25252.2969 4
25402.0448 1
25509.2004 9
25593.1604 8
25820.3022 16
26017.3522 1
26186.8609 14
26277.7007 12
26425.4270 12
26554.1028 18
26677.3499 7
26797.5742 2
26926.7643 20
26963.6068 13
27094.9563 13
27202.9182 21
27410.6902 4
27527.7464 14
27605.9197 19
27759.4638 9
27798.4602 18
27855.2524 21
27910.8395 17
28072.6239 13
28203.3648 13
28327.6694 13
28502.3513 11
28649.8494 4
28776.8998 14
28923.9835 16
28951.0036 13
29021.5388 6
29192.1191 20
29312.7300 11
29409.4233 18
29600.0836 11
29802.8758 10
30021.4839 3
30073.2850 17
30248.4311 1
30374.1320 7
30436.0436 15
30560.0446 4
30628.8714 14
30817.0322 1
30876.8754 14
31046.8559 20
31141.8794 17
31185.3408 11
31306.4112 12
31341.7917 20
31411.5532 2
31614.7818 18
31744.2791 16
31947.7399 4
32165.4733 9
32199.7855 10
32283.7473 21
32382.2619 10
32421.5545 11
32483.5326 3
32588.3234 1
32629.0800 2
32730.7870 11
32873.0634 21
33035.6636 11
33236.2549 17
33347.9136 9
33403.8372 14
33549.0110 2
33640.8297 8
33867.6573 7
34055.2060 12
34227.0029 19
34280.3686 12
34454.4631 16
34575.7060 19
34657.9467 2
34803.8047 2
34932.3136 21
35071.6183 21
35240.5108 15
35400.4874 20
35457.7003 11
35590.4965 15
35767.3687 20
35844.2772 12
35996.3921 5
36169.3825 11
36282.2278 12
36314.0386 9
36385.7600 9
36522.0886 7
36589.1139 20
36633.5335 11
36791.1739 15
36895.6093 3
36931.1862 9
37075.2608 18
37183.0445 6
37396.5989 8
37521.2475 3
37645.5956 20
37780.4545 13
37868.0189 8
37926.5174 20
37946.0889 19
38059.9164 13
38213.8550 11
38260.6360 4
38407.5685 18
38505.7286 7
38537.6651 19
38601.6591 10
38649.6496 11
38701.4361 20
38886.9705 11
38936.1169 19
38999.4295 4
39206.1878 2
39353.1995 6
39509.0304 19
39612.1537 6
39697.1332 12
39842.0327 12
39915.0811 11
40003.8123 4
40129.5917 7
40278.9780 14
40431.5237 2
40541.3052 4
40753.6477 6
40927.1620 12
40987.4111 17
41100.9051 20
41239.2728 3
41419.0834 8
41545.6145 7
41568.2463 13
41716.9370 16
41904.0037 12
42094.9132 18
42213.4500 12
42389.4584 10
42594.3490 18
42685.2716 19
42835.7747 12
42868.7435 15
42891.4304 15
43025.1199 3
43171.3675 12
43260.9347 3
43382.1007 4
43570.6703 4
43738.4136 2
43972.6799 15
44094.2741 6
44214.2447 19
44395.5489 8
44624.8242 11
44705.8107 4
44926.6154 11
44955.6870 6
45179.4162 5
45244.5926 12
45404.1142 11
45511.9177 20
45555.2339 18
45727.6710 10
45789.0045 12
45919.5074 11
46006.6817 8
46167.1411 18
46268.6860 10
46365.3694 5
46448.9279 11
46638.6835 5
46678.8958 13
46704.8150 17
46788.1248 15
46897.2665 8
46952.2928 18
47050.4030 4
47121.3234 12
47168.2800 11
47294.4870 19
47386.3729 16
47527.1050 17
47553.8333 14
47635.8720 2
47720.2127 21
