387
33843.1748 10
34018.5162 14
34247.8047 11
34330.9348 16
34377.6742 11
34529.3755 9
34608.7598 10
34670.8066 20
34850.9455 19
34882.9231 15
34951.0457 11
35074.4794 11
35122.5610 8
35299.1774 12
35469.2939 15
35619.9182 14
35838.4198 20
36040.5129 2
36242.5587 20
36432.8644 17
36622.8529 5
36701.7713 2
36929.1407 9
36947.8064 17
37024.2863 18
37208.0229 10
37368.6691 20
37568.3739 18
37603.9722 9
37777.0887 16
37933.0665 18
38007.5142 3
38110.6758 11
38187.7710 13
38334.4631 12
38395.3697 15
38547.8209 16
38596.7767 9
38650.4678 19
38725.4795 14
38845.8772 19
38874.5464 17
39071.5772 18
39171.2522 18
39196.1234 14
39270.6188 19
39438.6706 14
39478.4825 20
39663.7297 7
39782.2492 5
39867.6700 1
40020.8489 12
40118.7737 4
40349.2069 13
40382.1091 1
40457.4041 12
40527.0659 11
40571.3054 21
40725.4184 18
40771.1380 7
40810.8188 14
40955.2792 5
41057.8862 18
41142.9276 4
41199.3654 9
41283.7445 17
41444.8173 2
41686.8425 17
41809.9129 5
41918.2403 16
41937.7468 11
42088.1897 7
42111.4977 3
42234.3541 20
42346.6220 18
42436.9490 3
42511.1875 1
42632.4469 12
42788.3988 12
42815.5155 19
42978.2941 9
43173.1191 20
43274.3524 3
43446.8792 20
43498.1591 3
43583.7138 8
43762.2047 18
43788.9603 2
43924.8683 17
44065.7996 18
44226.7234 8
44460.6160 12
44662.0457 13
44770.8276 19
44940.1052 4
45077.3372 11
45149.1182 16
45210.0823 4
45425.0240 15
45549.7181 12
45596.0670 1
45694.4657 12
45866.7173 12
46054.2817 2
46151.1666 5
46300.9000 13
46490.3857 19
46593.3558 18
46661.2166 4
46726.3067 15
46752.0180 11
46834.1960 4
46925.7357 17
47061.3751 17
47110.1731 18
47161.1699 6
47312.8312 3
47418.6536 12
47556.1175 7
47698.8126 1
47793.7164 11
47878.6041 13
47953.2128 3
48053.7239 4
48112.7156 19
48176.4630 15
48258.5820 11
48301.3031 17
48457.0008 12
48496.0744 20
48643.3343 18
48692.9390 9
48793.9976 15
48880.3489 2
49113.3592 11
49208.7340 18
49349.4097 20
49520.8144 16
49624.7203 20
49759.2384 2
49919.9323 13
49970.5444 20
50010.7883 17
50128.7834 9
50269.1005 7
50300.0563 11
50479.9730 11
50662.5602 12
50683.6546 6
50782.1219 11
50828.8306 13
50959.0808 9
51036.6809 3
51103.3910 9
51141.3345 17
51252.8453 6
51346.1854 12
51537.8561 2
51593.1584 20
51771.3303 1
51903.3017 3
52041.4020 19
52067.5661 11
52225.7193 18
52386.7325 21
52523.8834 20
52609.5832 9
52799.6979 7
52891.6796 18
52990.8974 9
53128.3477 17
53255.4337 2
53447.8224 17
53578.3354 11
53688.0920 21
53873.1990 4
54035.9857 15
54217.7485 12
54359.7860 11
54530.7959 12
54609.7283 21
54702.8449 15
54794.4966 11
54915.7052 2
55119.3722 11
55300.8787 11
55367.7135 19
55414.7107 18
55482.4658 10
55581.0434 18
55614.5432 14
55778.4865 18
55885.8379 15
55911.5895 18
56098.1805 18
56225.6589 6
56310.5261 11
56453.8155 5
56591.2763 19
56643.2489 16
56664.3979 4
56747.6130 16
56948.1546 3
57049.2816 12
57244.2382 11
57265.6503 16
57448.9966 18
57561.3669 1
57652.0044 5
57851.9888 21
58024.4823 3
58197.2036 9
58333.5922 20
58398.7933 17
58578.7358 12
58630.6525 8
58803.0764 11
58836.4588 10
59060.0248 13
59235.9456 11
59411.1818 20
59431.1338 15
59536.3445 17
59594.0549 3
59693.7513 9
59885.0460 12
60018.5353 10
60084.6979 1
60189.8016 10
60350.9886 14
60522.6157 18
60562.7291 5
60617.0696 20
60769.1199 20
60967.5187 14
61086.9691 5
61283.3353 4
61421.3815 19
61477.7943 21
61561.1924 12
61741.8257 19
61920.1308 2
62027.9173 3
62105.3641 9
62308.4682 8
62406.8668 13
62570.6933 3
62641.0129 2
62833.3040 21
63030.5459 13
63200.1233 10
63383.7762 16
63433.8352 13
63638.3551 17
63660.0500 20
63850.6385 5
64047.9647 14
64250.2443 6
64425.0665 19
64611.7247 7
64812.7117 16
64916.1605 11
64959.4292 10
65082.2246 4
65132.5417 9
65155.9342 12
65276.2369 11
65440.8296 15
65624.2489 12
65677.5705 18
65748.0488 11
65786.9841 8
65997.5067 19
66137.3493 13
66254.9402 3
66288.4913 16
66412.1303 11
66496.1266 8
66545.3315 16
66674.4091 7
66755.8528 18
66850.8969 21
67055.1555 18
67156.7649 13
67275.9461 13
67339.3865 4
67508.1015 14
67605.5218 5
67635.8296 13
67711.0738 17
67835.0240 7
67943.4399 13
68141.9962 9
68232.5015 2
68492.4310 4
68698.7437 17
68724.3654 18
68912.6259 18
69085.0769 15
69207.6312 12
69235.9841 4
69425.7537 14
69615.8642 13
69651.5172 3
69839.0462 14
69972.4143 5
70008.4204 21
70031.8632 9
70217.5137 14
70372.3271 4
70438.6194 12
70471.5470 4
70557.9167 17
70729.7938 18
70787.3044 11
70938.1058 11
71074.5230 18
71190.3236 13
71332.6294 6
71528.0861 19
71721.6850 5
71780.0064 20
71972.4988 9
72026.3347 14
72126.1975 11
72187.3311 12
72386.0746 3
72550.1886 5
72589.6002 12
72675.7970 6
72836.6851 16
72901.5578 1
72960.5561 14
73016.7919 3
73207.5576 3
73282.7853 17
73440.4585 11
73631.8012 5
73678.0562 4
73752.1019 12
73912.2716 11
73948.9554 20
74111.4753 18
74248.1686 3
74288.9077 2
74414.9187 16
74498.9721 16
74685.9121 21
74797.2276 21
74918.4143 14
75078.6443 15
75230.4929 12
75338.6528 13
75387.4305 8
75468.4160 17
75597.7566 20
75708.6009 11
75771.0063 11
75823.6027 8
75923.6065 7
75983.6480 13
76111.4778 19
76262.7990 19
76308.6567 11
76359.7228 21
76476.0303 20
76564.4319 10
76679.7096 6
76889.5364 16
77081.6920 1
77133.3789 12
77182.4134 4
77413.8360 9
77476.3629 6
77698.8576 18
77898.9973 21
77960.5918 7
78140.8749 15
78340.8935 15
78440.2236 1
78560.5181 11
78584.9399 17
78711.1652 5
78796.2129 20
78868.0939 5
79019.5359 4
79129.2726 13
