387
43698.5679 18
43785.6551 3
43932.3540 19
43967.3115 11
44000.7632 2
44148.1627 5
44210.0306 20
44352.1855 18
44504.3980 7
44698.8836 3
44726.1676 12
44810.8679 4
44942.7936 18
44977.9799 10
45008.5762 16
45072.5693 11
45229.4471 3
45350.0788 19
45486.5538 1
45676.3549 12
45737.3161 5
45774.4573 18
45869.2902 1
45950.3470 16
46144.3158 5
46176.3787 10
46362.0232 17
46491.8100 19
46643.3399 8
46763.9461 11
46898.7517 8
47096.5881 12
47153.7130 11
47172.8042 11
47255.7279 3
47369.6719 18
47545.1185 5
47671.7870 3
47788.7898 11
47962.4549 4
48027.7260 18
48051.0926 12
48158.5188 1
48281.6070 1
48483.5188 19
48663.3532 5
48796.4038 10
48958.6837 21
49117.9713 2
49251.8809 10
49440.6395 5
49592.9524 5
49624.9982 11
49654.7674 16
49742.1444 18
49771.7180 4
49903.3770 19
49967.1425 2
50190.6989 1
50268.8507 11
50434.3434 12
50584.9122 18
50626.8520 19
50757.5477 3
50840.0578 12
50956.3018 11
51019.9852 17
51208.0745 12
51335.2402 7
51474.3647 7
51526.4947 18
51650.3536 17
51735.3940 10
51906.0752 20
52016.1031 9
52052.1082 15
52239.9726 12
52355.9318 6
52440.0828 8
52587.3883 12
52780.7908 14
52948.0693 15
53151.3429 6
53267.7789 2
53388.4888 11
53429.9654 13
53616.1638 18
53640.9576 16
53761.2794 11
53846.0406 11
53891.9020 10
54087.2602 12
54154.0698 19
54312.4596 12
54478.8707 18
54636.7992 7
54688.9021 12
54787.9920 4
54904.9566 5
54972.8167 4
55189.3151 14
55403.3469 13
55560.8132 12
55741.5537 18
55867.9774 9
56011.9970 11
56085.3608 12
56124.6578 11
56306.1515 12
56509.9623 21
56603.7743 19
56644.9496 9
56711.6337 7
56807.7479 7
56898.3833 1
57000.3078 4
57211.6946 6
57375.7041 10
57438.9513 16
57534.9730 21
57692.9720 15
57720.8912 11
57886.9000 15
57960.7270 7
57984.8117 10
58031.0508 19
58090.9940 4
58205.7350 16
58268.6762 21
58455.1926 7
58635.8751 3
58686.7479 19
58768.5523 14
58976.4721 10
59100.7516 13
59187.7643 21
59343.1970 13
59517.4844 6
59706.9876 1
59891.4100 2
59951.7833 7
60086.7473 13
60171.1788 2
60232.1174 12
60303.6450 10
60513.7972 12
60574.9085 4
60789.1699 18
60893.7789 11
60994.3735 12
61160.6400 17
61329.3424 13
61493.7332 19
61611.6302 5
61660.6571 11
61754.7312 13
61887.2702 14
62120.2756 5
62242.9168 14
62472.2584 18
62622.8587 15
62675.3280 15
62714.2041 10
62898.3822 12
63035.9780 21
63089.7082 4
63220.0003 15
63400.0560 12
63465.0574 3
63502.7687 14
63655.4139 10
63692.1504 9
63786.0582 10
63874.9683 4
64047.9921 18
64195.6419 4
64348.0476 7
64463.8039 11
64637.5113 10
64845.7978 15
64873.9306 15
64946.3368 5
65076.0890 6
65151.5151 12
65198.0233 12
65250.9746 12
65347.0203 17
65391.8197 12
65583.1771 16
65780.5007 7
65800.9694 13
65857.2159 18
65983.9116 19
66041.5842 11
66082.8987 11
66195.4682 6
66398.3137 7
66532.2014 8
66724.5466 14
66930.7332 1
67022.3805 21
67100.2619 21
67128.7124 10
67165.1586 6
67271.5763 19
67452.3458 12
67497.2088 5
67589.4022 12
67753.6872 20
67905.3529 18
67952.2568 11
68117.2391 11
68259.7365 15
68462.5244 11
68646.7749 8
68843.9341 11
68907.0020 21
68937.2095 11
69106.6285 1
69144.2161 1
69209.2417 6
69296.5585 16
69434.1247 8
69619.0778 13
69653.4442 18
69794.0679 11
69919.3804 20
69989.4620 6
70061.9334 18
70087.5395 7
70184.7241 13
70284.0995 18
70315.4879 7
70408.3165 8
70477.3061 7
70554.5471 20
70597.2833 2
70672.0989 1
70787.2715 7
70833.6746 19
71029.0577 8
71243.1923 12
71390.0667 21
71455.0115 2
71652.0438 12
71692.8532 11
71812.7164 5
71897.6747 9
72046.9276 21
72148.4685 2
72271.7713 17
72319.1298 10
72401.8521 12
72545.3361 5
72658.4878 17
72783.2902 20
72810.3399 14
72989.7991 6
73149.9853 14
73258.2814 18
73312.5841 2
73454.1819 12
73649.5027 8
73874.8642 18
73968.5117 17
74000.1275 19
74019.7778 16
74119.6219 17
74210.2768 4
74317.5975 1
74490.2769 14
74591.6335 11
74691.9217 21
74799.4971 7
74913.8802 11
74936.2226 20
75010.3916 18
75203.1088 1
75397.9547 7
75562.2135 2
75798.1143 14
75903.6874 10
76101.6075 12
76183.2313 2
76420.9421 6
76618.3694 6
76694.3190 18
76831.0645 14
76947.4560 21
77065.2819 11
77167.5238 8
77233.2937 11
77285.2443 21
77492.2743 4
77687.7072 14
77911.3675 14
78019.2080 13
78173.5223 11
78266.4629 15
78319.0351 11
78418.4128 16
78465.2033 9
78554.5964 11
78639.5201 19
78748.0132 10
78776.8495 14
78870.8921 4
79111.4697 5
79213.6747 8
79392.2202 18
79423.3896 6
79552.0262 2
79762.6597 21
79801.2628 11
79876.7110 9
79943.4513 18
80038.9924 4
80240.0306 3
80293.4125 4
80439.2824 10
80583.7974 16
80738.0675 9
80812.0274 16
80901.9417 15
81053.0559 18
81080.9798 4
81252.0714 17
81394.2111 12
81517.3062 12
81549.9545 1
81647.6084 12
81702.8702 10
81787.4837 8
82009.6448 4
82112.3248 12
82173.2805 11
82294.1588 14
82445.6104 3
82571.3369 12
82685.9668 11
82822.8916 8
82945.0653 18
83130.2961 14
83237.0017 7
83263.4745 11
83449.9012 20
83482.4077 18
83613.1605 21
83783.8829 8
83911.9329 16
84107.6439 10
84224.1728 3
84287.4907 18
84470.5721 11
84659.2822 19
84724.1860 6
84784.3375 11
84968.8572 12
85139.5009 19
85257.2531 7
85297.1690 17
85499.2315 12
85670.0070 20
85858.0151 12
85983.8992 11
86005.2326 17
86027.6234 8
86156.9957 15
86330.9221 16
86421.8497 11
86583.5578 15
86768.8499 12
86943.4947 12
87099.4331 19
87256.5936 9
87299.8040 16
87452.2265 21
87652.9943 15
87793.6011 14
87875.7112 19
87913.8325 3
88111.9399 12
88163.7797 5
88270.2339 2
88343.4440 2
88529.2118 13
88677.5735 11
