387
45947.5312 18
46065.2457 8
46187.7470 13
46352.4177 13
46522.2208 18
46595.2879 19
46747.9211 18
46893.7057 20
46986.8751 1
47195.4681 16
47232.0228 1
47433.2772 20
47561.3154 9
47741.1430 14
47877.3600 13
48005.1951 2
48215.6632 10
48371.8087 11
48486.9296 15
48555.9428 8
48671.0549 18
48851.6309 18
48916.0924 14
49001.9805 9
49174.8863 20
49333.6824 3
49388.2107 21
49454.3623 12
49511.9492 15
49648.9948 18
49787.8707 2
49919.0363 21
50056.6698 20
50102.7755 4
50245.8609 21
50372.4569 4
50600.5464 17
50781.3433 12
50812.7183 15
50882.3873 4
51028.2653 18
51157.4029 19
51326.6014 5
51524.4913 11
51682.2614 11
51787.3478 16
51904.4844 11
51950.4125 4
52066.5105 15
52127.3898 3
52208.5178 9
52337.4244 2
52418.9959 9
52501.4652 9
52686.4078 12
52850.2592 16
52971.8535 11
53042.6479 3
53070.8594 7
53256.1244 12
53404.6536 15
53491.3393 4
53587.2543 2
53809.8611 12
53935.8715 10
54107.8161 13
54311.4888 12
54340.1996 11
54511.7129 12
54688.7149 7
54870.3609 6
55036.4185 6
55194.3978 12
55372.3580 8
55575.2052 16
55627.5129 1
55844.5103 21
55931.8974 20
56112.1341 14
56298.8017 16
56446.0276 11
56556.8392 12
56661.5661 1
56759.4528 16
56927.8068 18
56994.9021 12
57088.8134 12
57180.8569 18
57214.0565 10
57362.1566 16
57401.3896 21
57505.7982 9
57627.6557 11
57728.9981 14
57823.7046 21
57973.5054 18
58060.3483 17
58077.8249 15
58269.7396 11
58383.0810 16
58403.3822 12
58581.9767 13
58778.6928 17
58883.0285 20
59081.6529 5
59160.7919 13
59369.1768 13
59425.6056 4
59514.0289 3
59560.8817 18
59692.5379 19
59776.8217 16
59919.8519 10
60032.0682 12
60067.3492 21
60115.2879 16
60161.7311 2
60297.1105 12
60481.5034 13
60572.5088 11
60634.2818 21
60695.3969 21
60743.7406 13
60888.3195 20
61056.1251 14
61228.7938 12
61374.9344 18
61482.9366 5
61617.2711 7
61640.1424 11
61722.0286 4
61910.3069 14
61963.2362 5
62024.8273 1
62205.7124 6
62332.3035 18
62470.0493 18
62552.0729 5
62709.6604 3
62831.0856 12
62905.8305 15
62979.6672 20
63031.0972 18
63157.9306 8
63352.1465 5
63444.7143 19
63524.5535 9
63688.0501 6
63757.6491 11
63945.3212 12
64035.4820 18
64166.3880 3
64285.0947 11
64406.4944 13
64492.5245 2
64720.3086 1
64790.8836 5
64981.7658 12
65096.1944 12
65162.2819 8
65287.5835 21
65360.7028 11
65484.4190 9
65514.6202 3
65641.1800 18
65822.8805 1
65917.7312 9
66020.6961 13
66127.5342 10
66295.4445 9
66354.7319 1
66399.1515 18
66490.2959 14
66680.6303 7
66838.1221 8
67008.7311 15
67134.5560 11
67262.3739 15
67446.8941 18
67485.0596 2
67729.4665 19
67770.3491 13
67919.4440 6
67972.9358 10
68123.1253 18
68284.6536 18
68319.5933 6
68428.8675 9
68622.5906 18
68655.8020 7
68680.5052 7
68735.3077 3
68902.3861 8
69127.0160 17
69210.1220 2
69317.8150 12
69495.7535 14
69679.5665 13
69849.0406 4
69972.5535 12
70004.8143 10
70161.6837 20
70183.3534 14
70323.3665 9
70405.1040 18
70565.9090 3
70668.3804 18
70812.6397 3
70903.5985 12
71081.5000 3
71284.6554 2
71509.4887 6
71638.8457 7
71751.7697 11
71938.5114 7
71970.2598 11
72004.8330 19
72148.4043 11
72330.6207 1
72544.0967 13
72632.1688 21
72801.6422 5
72874.6919 15
73035.6334 17
73214.8634 19
73286.2579 13
73321.3846 19
73354.1208 1
73532.8872 11
73721.4503 14
73885.7376 12
73942.6493 14
74078.4854 12
74266.8971 12
74412.1676 7
74559.8315 12
74651.4554 20
74673.7360 3
74718.3213 20
74836.4953 12
74980.3999 9
75006.6388 14
75217.8995 3
75277.2739 6
75456.4164 15
75510.1152 17
75616.0792 17
75795.9737 12
75956.5101 10
76175.8311 10
76281.6549 7
76311.8835 6
76519.7484 12
76575.4563 16
76619.7551 18
76804.4835 17
76886.6226 15
76972.3024 14
77200.6366 7
77255.9400 7
77321.1058 12
77356.2555 7
77393.5341 5
77570.4408 3
77702.8013 20
77744.6819 4
77875.8363 10
77952.0435 4
78092.0117 12
78218.8963 18
78310.2971 14
78521.6767 13
78683.4948 13
78789.0680 15
78922.1108 21
78989.9916 7
79010.5814 5
79098.7227 11
79209.9220 4
79369.8403 14
79532.7425 20
79687.2736 1
79867.5344 13
79962.9726 5
80081.7780 21
80181.0761 13
80354.8444 1
80398.6702 11
80521.0805 16
80612.1590 10
80729.3044 9
80843.9514 6
81024.3416 21
81091.4407 7
81173.0039 11
81202.3181 16
81302.3254 1
81432.1106 20
81630.5990 21
81788.2004 11
81820.9399 19
82021.3539 15
82061.9984 11
82146.4122 5
82349.0304 10
82377.5172 3
82491.9050 11
82547.9043 5
82628.7759 5
82664.4550 20
82779.2124 17
82944.2523 11
83039.5354 11
83067.7946 9
83262.9676 19
83347.3667 19
83424.9893 11
83556.1836 19
83579.5513 12
83657.8746 12
83760.1915 12
83858.9073 12
83876.8442 9
83916.2534 4
84040.1804 5
84244.0885 11
84367.4850 14
84576.4794 13
84651.4518 18
84818.5482 18
85014.0336 12
85194.2467 16
85393.3033 11
85435.4358 16
85546.8619 10
85633.0222 9
85732.8794 6
85817.2753 12
85840.3896 13
85900.6789 5
86025.2384 13
86120.4806 11
86246.9410 6
86423.6331 3
86554.8931 17
86677.1528 1
86812.3851 11
86881.1052 19
86921.7666 9
86946.0136 11
86988.2982 9
87134.8650 8
87247.0542 16
87407.8862 12
87485.6898 2
87557.8189 1
87600.6264 18
87756.8116 15
87793.1759 12
87991.1553 3
88025.7068 21
88186.0590 4
88305.9328 8
88455.1006 10
88630.0819 6
88859.5373 18
89032.1993 21
89230.7490 18
89364.0565 11
89562.6750 12
89702.0799 5
89910.0031 11
90043.1804 9
90200.5577 2
90325.2352 12
90476.1685 7
90650.0278 18
90774.0563 8
90963.7038 17
91096.2890 11
91263.4329 2
91341.2537 12
91493.9329 8
91654.1500 12
91740.5849 7
91897.0794 21
91971.8599 12
