387
16792.1373 12
16950.1471 1
17115.1130 12
17174.1143 6
17261.7177 3
17452.0625 21
17503.3276 3
17673.7768 20
17820.6456 16
17873.9212 13
18071.2622 15
18120.1530 7
18239.3692 2
18405.8036 4
18631.1233 3
18826.8566 11
18854.7663 15
18931.3033 2
19042.0160 9
19174.1464 10
19372.3918 11
19439.2902 13
19612.3068 11
19701.5919 20
19871.4846 20
19973.1781 20
20129.7071 18
20217.5981 10
20415.2712 16
20598.8361 14
20758.4614 15
20936.9633 12
21116.7343 18
21252.4258 11
21389.1078 7
21474.0478 9
21669.7666 20
21759.5939 18
21937.5254 14
22062.9042 20
22185.6456 12
22373.3574 2
22454.6314 8
22633.2619 3
22778.6580 12
22864.0722 4
23055.7133 3
23237.1293 15
23384.4719 16
23407.9914 1
23565.9246 6
23624.4651 1
23834.5325 9
24017.3876 3
24082.0241 12
24273.1440 19
24391.8428 9
24472.8259 7
24496.8363 3
24536.0713 8
24710.1136 18
24856.1963 20
24928.7499 21
24993.3664 3
25110.2487 6
25311.9188 15
25503.0621 12
25551.2747 11
25668.6089 19
25816.4508 11
25936.5258 13
26027.9117 9
26166.2675 11
26276.5237 2
26377.9505 5
26505.2177 1
26718.4328 20
26736.8921 18
26834.4410 17
26883.4219 13
27010.0185 21
27043.9685 1
27165.5450 13
27196.5424 11
27226.8547 12
27326.1392 14
27402.8782 16
27551.9358 11
27596.3077 15
27752.1462 18
27894.1965 14
28009.4044 7
28065.8476 11
28233.0277 15
28296.3514 15
28328.4689 19
28376.7426 12
28420.8999 16
28455.2470 11
28614.0774 19
28743.5740 11
28859.7134 2
29045.4746 16
29203.8087 18
29356.3054 3
29563.8958 3
29639.0318 2
29812.1357 1
29957.8200 19
29984.4809 4
30040.9813 7
30079.2792 11
30123.4748 6
30235.9575 11
30327.1053 15
30457.4871 9
30490.3964 11
30694.0205 11
30890.7336 15
30991.8800 4
31078.9457 11
31222.3924 18
31253.6205 11
31337.0866 18
31526.0444 12
31655.8094 5
31743.2582 3
31788.8588 16
31844.4689 15
31992.5441 19
32105.9302 2
32262.1557 15
32322.4384 11
32462.7575 10
32682.9852 5
32745.1638 14
32888.0427 21
32962.6430 13
33013.7906 4
33236.2307 2
33336.6896 2
33437.3271 15
33587.0127 10
33658.7317 6
33843.2831 3
34029.6857 16
34194.6292 14
34422.3496 18
34602.5642 1
34656.0190 11
34678.4730 9
34709.9970 21
34912.8023 12
34978.0113 5
35120.1507 15
35243.5786 4
35342.9530 7
35366.5409 18
35426.3483 14
35509.3521 6
35664.2830 12
35838.8690 11
35916.5285 5
36069.0506 9
36266.9590 9
36325.8249 2
36549.9143 19
36578.5115 11
36733.1865 3
36907.1220 4
36963.2654 11
37001.1911 11
37125.7206 14
37226.4483 1
37326.7943 4
37435.6167 1
37633.1335 11
37717.3964 15
37868.1878 5
37998.9574 3
38093.5172 20
38128.5063 12
38252.3683 13
38406.6639 16
38563.0536 6
38642.3976 12
38696.1495 14
38897.9557 2
39141.5312 10
39370.6786 5
39516.1755 5
39666.7822 20
39795.2130 17
39845.6613 11
39965.9667 12
40041.5850 6
40129.1087 3
40323.6348 9
40456.8756 8
40653.1175 5
40781.6312 8
41012.5034 12
41186.1151 15
41362.6515 11
41431.9988 16
41489.7877 8
41720.1233 10
41880.5767 7
42073.3634 10
42133.0114 12
42219.8684 19
42399.5594 15
42564.6674 14
42769.1243 11
42819.1585 11
42900.5519 4
42954.5654 18
43084.1743 11
43113.0098 12
43284.6112 9
43321.9883 15
43343.7437 11
43501.0436 1
43694.6069 7
43883.9404 15
43905.4444 12
44020.5584 21
44157.6111 15
44270.3478 20
44301.6430 1
44344.2156 8
44436.9878 6
44633.6084 11
44762.7114 10
44946.4599 1
45162.4823 18
45322.1253 9
45488.8223 18
45618.2196 5
45681.9822 12
45765.3116 13
45945.6097 8
46021.9193 9
46041.1612 16
46124.4707 7
46233.9025 14
46306.7669 8
46495.6365 7
46670.9184 13
46712.2956 12
46772.5073 20
46937.2711 11
46984.9529 9
47081.9500 12
47130.6702 7
47150.8062 18
47330.5031 21
47380.6356 13
47408.1883 12
47607.1002 11
47632.3977 1
47705.4036 8
47838.9772 11
47888.1925 11
47945.2623 1
48117.7215 13
48248.3826 9
48371.0862 2
48548.7344 6
48649.1649 8
48784.0425 7
48890.9500 11
49093.7500 13
49153.3869 14
49335.3725 10
49443.6818 17
49583.9605 9
49662.5025 12
49720.0593 16
49873.8049 21
50074.5193 15
50212.4156 10
50252.4699 2
50389.7520 6
50542.5467 3
50725.4820 16
50775.9245 11
50806.7853 4
51013.3015 15
51034.3701 19
51189.1438 3
51236.7408 12
51434.3451 17
51553.3444 6
51754.5858 10
51915.1744 7
52032.0735 10
52222.3377 11
52243.2719 18
52386.8010 2
52459.1189 20
52581.2486 18
52670.6736 6
52756.4343 6
53003.8509 15
53080.0143 17
53210.2269 5
53421.0841 18
53567.5528 18
53694.6119 13
53751.5316 14
53858.7450 4
54073.0687 20
54267.9673 11
54357.0665 8
54491.5059 1
54593.8669 16
54684.9106 18
54817.6494 15
54968.1662 13
55168.6368 9
55362.4957 16
55408.2836 4
55562.7295 5
55745.6554 20
55806.9838 1
55972.2182 12
55994.2738 18
56038.5013 9
56181.4177 15
56322.2245 11
56482.9680 17
56567.8572 11
56637.9692 13
56734.4548 8
56919.6401 4
57144.9682 14
57370.5521 10
57431.2576 18
57554.0718 2
57648.0483 11
57670.1119 9
57818.7006 18
58005.1368 21
58137.1892 13
58339.0518 13
58413.7582 15
58612.7494 15
58721.0845 14
58830.7304 17
58912.6306 21
59009.5895 21
59183.8929 10
59367.5229 16
59443.7598 20
59488.4077 17
59617.0339 8
59817.2481 12
59983.5477 6
60177.0029 2
60385.2908 12
60465.4263 21
60665.1267 15
60691.9878 19
60895.2262 10
60973.9122 7
61047.6236 18
61134.7129 15
61241.9449 20
61430.8168 9
61615.3611 14
61715.1708 15
61753.0904 7
61817.5306 21
61976.7521 8
62109.5471 21
62161.3697 12
62341.2050 6
62532.6270 18
62633.4045 9
62702.7940 11
62731.6022 11
62886.9478 5
63081.9588 2
63276.3366 2
63474.2736 11
63621.9307 16
