387
39983.3430 21
40173.1569 1
40235.8426 18
40352.6602 19
40476.9627 14
40551.3046 7
40642.0779 15
40670.9243 9
40824.9527 10
41040.3667 14
41185.9266 2
41279.6917 12
41422.7511 13
41593.6989 11
41695.9113 18
41821.5346 12
42017.2304 17
42211.4613 21
42410.3693 15
42583.5217 2
42681.7392 15
42861.0787 19
42974.4270 20
43083.4902 21
43279.9410 11
43452.3617 12
43564.9663 7
43637.5196 1
43754.2228 20
43941.4867 12
44005.9978 8
44114.6049 6
44335.5240 11
44463.5383 18
44554.4077 1
44685.1104 20
44728.0671 20
44931.1524 19
45087.1048 10
45218.4123 14
45374.6048 12
45515.1012 9
45710.0720 8
45772.3075 2
45892.7661 13
45999.4718 6
46203.2302 13
46407.1653 12
46586.1577 11
46709.9201 17
46811.6449 19
46953.3587 11
47009.1423 18
47029.8316 11
47051.0035 19
47194.7586 11
47377.7710 12
47537.1150 9
47593.7535 15
47781.9431 19
47977.4909 9
48063.8971 9
48244.8509 3
48380.4741 8
48446.1247 1
48575.5366 11
48763.3900 9
48886.8621 11
49012.2467 18
49032.6656 9
49160.5759 20
49250.4853 11
49394.1912 8
49523.2081 13
49604.9027 13
49802.3925 12
49896.1065 6
50114.8915 6
50217.0219 8
50269.1304 10
50322.7448 21
50474.5906 21
50609.4703 1
50717.9996 16
50856.4863 12
51020.6752 14
51246.6012 13
51365.9332 2
51460.5927 9
51564.6384 17
51748.2840 12
51897.1033 3
51996.8324 12
52054.7414 6
52243.0743 6
52363.3847 11
52473.1933 20
52626.0255 10
52767.5472 3
52824.1040 4
52988.3402 2
53141.9537 13
53311.5063 12
53427.9293 6
53638.5575 12
53839.1264 21
53972.6283 17
54096.3281 15
54139.5864 17
54240.1147 1
54432.9238 19
54476.1135 17
54647.7728 13
54754.4374 4
54937.7179 5
55056.8178 3
55159.1549 20
55284.4265 19
55475.0021 17
55623.4734 11
55708.2211 1
55913.4717 13
55997.0211 18
56013.9709 18
56065.9204 14
56109.7797 10
56336.4257 1
56523.3814 2
56742.7043 20
56809.5755 9
56938.9921 12
57031.7110 14
57217.4040 16
57397.7672 16
57563.0014 12
57625.4636 2
57790.9309 18
57822.2967 13
57891.3164 14
58047.3606 15
58166.9000 1
58242.5718 13
58395.2419 6
58526.1137 19
58662.7195 6
58895.4548 17
58953.3562 8
59121.9831 16
59163.4889 16
59243.9148 11
59295.5069 1
59463.4832 8
59585.9184 8
59686.6868 21
59726.7820 17
59790.7262 4
60004.3580 12
60181.5160 19
60230.0385 18
60385.4539 20
60560.7801 9
60732.8490 3
60845.4726 21
60917.2188 11
61116.1566 3
61151.0452 1
61297.4083 21
61476.6640 2
61611.5700 15
61801.5360 14
61947.1735 7
61984.2344 15
62173.1802 5
62211.1616 20
62257.1604 18
62353.4020 14
62490.9024 14
62691.9133 12
62886.8784 2
63030.3150 16
63140.4376 21
63300.4701 11
63373.4481 5
63485.6722 17
63538.5648 12
63658.6641 9
63716.5998 12
63877.9810 10
64073.3029 2
64183.8981 13
64386.4251 12
64505.9342 11
64617.0979 18
64795.2235 11
64949.8584 7
65106.5399 15
65289.2420 2
65401.2139 18
65458.2298 17
65580.0203 11
65757.7623 20
65858.4862 11
65959.2375 1
66119.1826 18
66227.1514 13
66421.9295 19
66446.5496 5
66585.1654 12
66680.3483 12
66879.6361 15
66922.0739 5
67041.1694 17
67130.0579 19
67254.2259 14
67483.1171 2
67656.5348 17
67734.4596 12
67797.6185 12
67821.3315 1
67951.1470 15
67977.2240 11
68001.1358 12
68102.9566 2
68241.9451 7
68366.1988 12
68504.5776 4
68618.7669 15
68710.5738 2
68951.2273 8
69174.6839 12
69340.3257 12
69478.1206 21
69653.8621 6
69750.5739 14
69967.3480 9
70134.3789 14
70360.6737 17
70440.1905 12
70492.3786 19
70684.1194 20
70707.7444 12
70779.2176 11
70853.2629 18
70950.3279 16
71073.0482 5
71113.4356 15
71225.2292 5
71263.8598 6
71390.2985 1
71433.6854 7
71482.2993 3
71557.0889 17
71753.9138 9
71826.7798 7
71948.2803 11
71993.9966 13
72105.1800 2
72248.0820 12
72339.0504 11
72389.9783 3
72478.6392 15
72601.0366 17
72649.7079 7
72782.7648 6
72872.4020 3
72990.1036 3
73027.8670 21
73088.0247 7
73231.0870 1
73362.1289 7
73518.5199 16
73553.5193 11
73709.0240 7
73878.2553 5
74027.4309 10
74147.3523 14
74310.3417 21
74430.5711 2
74513.8045 14
74727.4562 15
74828.3602 7
74908.7214 12
75074.8352 8
75142.1998 4
75242.3278 6
75456.0137 9
75597.9746 17
75649.7794 1
75724.9732 19
75833.1292 16
75923.3647 16
76028.2517 18
76108.8833 21
76150.4232 2
76311.7606 11
76500.9642 17
76593.2636 16
76796.1361 16
76922.4006 3
77013.5826 19
77049.6184 1
77134.2661 11
77170.2732 19
77243.8173 15
77353.3526 14
77574.8694 9
77604.1845 9
77760.6760 17
77897.7658 12
78004.1162 17
78128.3144 10
78351.8721 9
78399.6247 11
78519.9480 7
78595.8732 20
78762.8378 20
78940.7232 14
79086.2246 18
79258.8220 4
79483.4244 11
79673.4185 19
79847.1919 4
79931.0514 18
80110.0560 12
80270.3826 5
80416.2820 20
80577.1744 19
80617.0549 11
80768.2165 18
80969.6817 19
81073.0885 12
81101.2898 18
81299.5144 10
81535.4156 8
81691.0083 15
81719.4957 5
81761.4582 7
81936.3577 4
82040.2122 13
82158.1989 21
82258.9871 6
82383.1740 17
82545.4870 14
82703.8171 20
82857.1749 13
82884.7654 3
83004.9506 15
83097.6743 13
83231.2144 11
83428.3490 12
83455.3314 13
83636.0040 8
83822.3051 21
83983.0138 11
84171.9268 11
84231.5214 11
84425.8934 5
84527.5384 12
84609.2850 11
84690.6480 12
84855.9948 13
84973.3003 10
85072.2642 13
85237.5782 12
85378.1264 12
85499.3631 11
85695.6500 21
85844.8725 19
85999.6865 12
86053.3994 1
86213.1114 18
86324.9124 12
86357.8709 1
86391.3756 2
86579.1503 12
86656.5888 2
86776.6779 13
86823.9525 12
86873.2081 11
86958.4274 13
87121.8973 19
87315.8946 6
87413.5620 18
87469.8969 21
87540.5100 16
87732.0272 1
87837.7143 19
