387
27472.1663 14
27541.9291 11
27724.2700 11
27834.2521 9
28026.2423 3
28171.0166 11
28215.8383 12
28262.6092 14
28521.1810 20
28665.8191 14
28840.4372 16
28944.9649 20
29093.4111 1
29276.6502 13
29457.9999 16
29617.6718 20
29723.8798 6
29904.0698 11
30016.2886 8
30204.8963 18
30256.5227 11
30334.0337 1
30488.0223 1
30589.3734 6
30710.6618 6
30797.6911 21
30951.9986 14
31030.0267 5
31182.1339 11
31297.0759 14
31436.5774 12
31534.0413 21
31729.8232 18
31783.7072 7
31881.3763 10
32044.4827 11
32214.9457 8
32341.2331 18
32500.6463 18
32648.2897 15
32700.7310 10
32767.6497 3
32960.3548 15
33065.8121 7
33222.4256 20
33373.7275 6
33594.1057 3
33768.2724 10
33823.8897 2
34039.1781 10
34176.6159 18
34334.4555 4
34555.8344 11
34640.0329 18
34716.6508 12
34785.9288 21
34985.8454 17
35127.8946 20
35221.0542 20
35270.0829 11
35448.2681 21
35632.0827 10
35698.8968 19
35735.0593 21
35862.9051 19
35943.8798 14
36094.9094 20
36121.6645 13
36243.6186 11
36389.4787 7
36429.8703 16
36564.0446 16
36722.3536 12
36827.0581 15
37030.3824 17
37092.0549 2
37171.8810 11
37317.9624 20
37457.4409 10
37633.5677 2
37824.5810 16
37979.1475 3
38179.8637 10
38306.1456 5
38393.9386 1
38600.5317 12
38707.6342 10
38759.6504 2
38892.9376 12
39006.6044 20
39210.5175 21
39251.8102 2
39384.1203 20
39516.0802 1
39586.8211 11
39697.2817 11
39823.5251 14
40027.3087 4
40147.4910 11
40225.2390 7
40252.7273 18
40412.6530 9
40614.2030 21
40707.6107 6
40910.8202 18
41052.0519 11
41233.0402 17
41436.1462 11
41621.1566 17
41655.2013 16
41734.9931 1
41942.4470 10
42053.8246 19
42245.1346 16
42333.1156 16
42535.9551 11
42689.7677 12
42837.5056 21
42943.8712 13
42984.0504 18
43086.3675 8
43135.2445 11
43293.7297 7
43441.1365 8
43503.7382 12
43610.2842 10
43647.9953 18
43798.7204 11
43995.8983 8
44136.3307 17
44243.4798 6
44373.2160 15
44402.1085 20
44427.4673 3
44597.0909 7
44723.9890 11
44772.6842 5
44929.1502 10
45101.9416 18
45199.9628 18
45233.0042 1
45310.9333 5
45467.7947 11
45580.2029 16
45636.1208 19
45780.1689 10
45909.6139 21
46007.4656 2
46172.4494 13
46265.1905 14
46418.9277 19
46583.5309 9
46758.7991 1
46956.3381 16
47007.8128 12
47199.8100 2
47439.4671 5
47627.4516 12
47684.8779 3
47744.9222 2
47885.8487 11
47948.3402 1
48092.3289 19
48160.4692 10
48216.0312 4
48287.2196 13
48317.9640 20
48406.7395 14
48639.1509 5
48693.0869 14
48786.4510 12
48825.5772 18
48933.0165 18
49092.3104 12
49211.4336 13
49384.3930 16
49419.6953 10
49612.8597 9
49737.6374 16
49795.5576 11
49848.4157 9
50000.6680 11
50028.8497 11
50212.2685 5
50413.8944 16
50563.7527 4
50663.6991 3
50754.9259 18
50812.0572 20
50919.3344 12
51068.3655 3
51176.8974 19
51243.7379 12
51306.3177 18
51508.5448 4
51626.5344 11
51646.3880 19
51690.9352 12
51729.3401 12
51750.2216 13
51820.5612 10
52005.9423 2
52148.8339 21
52321.2287 16
52393.7796 13
52567.6400 5
52656.2911 15
52699.9447 3
52756.3270 20
52791.7074 17
52828.6696 9
53013.1465 7
53137.3800 19
53196.4799 15
53338.1739 3
53421.9964 4
53501.3152 19
53571.1955 5
53759.1617 13
53884.3123 3
54089.8214 21
54257.3321 10
54312.8396 11
54348.8794 15
54547.1199 20
54688.9183 14
54822.4048 2
55034.8511 12
55203.0221 16
55226.4196 4
55303.2316 8
55478.5276 3
55553.6342 12
55722.3899 17
55900.4329 16
56067.2877 20
56184.8037 8
56408.5382 20
56596.2516 14
56818.3987 20
56909.6792 6
56964.0748 19
57035.7213 17
57119.9147 10
57201.4599 13
57347.0496 12
57424.7270 8
57484.8952 19
57678.5816 4
57875.6316 13
57963.8132 16
58142.0482 16
58186.4561 11
58276.8701 12
58373.2390 6
58435.2590 16
58589.4206 5
58748.5390 4
58983.4161 17
59008.6160 18
59147.4863 9
59201.2760 4
59351.6743 17
59547.9002 12
59652.1351 11
59720.5122 11
59873.8722 17
60054.5453 7
60155.0269 4
60358.2406 19
60396.9247 8
60573.7183 16
60694.7091 14
60760.9051 19
60831.1827 18
61010.4985 10
61118.0773 10
61190.1368 18
61217.5148 6
61363.2283 18
61551.7960 15
61639.9169 5
61810.9229 18
61977.8922 10
62204.1558 11
62299.1151 19
62440.9239 20
62542.5408 16
62696.1114 11
62719.5404 14
62853.2721 11
62938.6669 20
63093.6350 11
63154.8486 18
63243.2843 11
63436.7651 7
63620.8248 12
63767.3732 11
63819.5316 2
63963.0820 1
64017.4448 11
64096.1789 11
64237.6933 15
64316.5097 2
64528.7704 11
64673.2146 5
64823.1949 3
64945.1885 15
65144.6655 7
65221.2089 17
65346.7656 16
65382.4430 2
65617.9290 21
65678.4319 6
65840.9560 12
65881.6087 15
65948.1418 18
66028.5476 12
66202.9050 4
66362.1161 7
66502.8312 1
66552.5977 11
66741.4921 4
66844.7303 6
67089.0252 2
67334.3162 4
67553.2568 12
67613.9834 9
67660.7533 12
67800.2317 11
67857.2227 21
67942.7171 1
68142.8780 5
68215.1814 11
68317.2228 1
68496.1424 18
68645.8466 3
68692.4612 11
68829.6843 15
68869.2376 14
69027.6073 11
69094.2013 1
69256.5020 21
69342.5662 2
69398.5500 2
69510.5381 5
69706.2401 11
69851.5461 9
70014.2887 14
70210.4963 18
70286.4099 3
70454.1933 7
70513.6526 7
70700.2065 1
70889.0915 6
71011.6068 15
71135.9389 11
71256.0020 12
71429.6361 2
71550.4742 8
71652.8915 14
71850.9437 17
71874.4600 20
71928.6374 9
72060.2467 2
72199.5341 8
72414.5165 7
72537.8113 11
72557.0090 12
72690.8480 10
72822.6278 3
72861.8806 12
72990.6652 6
73124.6781 9
73198.5740 13
73391.5479 14
73482.4740 14
73654.2087 10
73806.2521 12
73881.8342 1
74024.8141 18
74079.0090 2
74304.8194 12
74400.2581 11
74602.2576 1
74751.5821 11
74904.4914 12
