387
23809.5803 6
23927.9624 4
23979.3244 15
24102.8326 12
24273.5984 2
24428.3011 18
24455.1758 15
24594.4871 9
24620.6488 21
24683.0847 12
24811.6014 5
24961.8823 11
25078.5273 13
25274.0094 15
25441.0945 11
25609.5384 5
25738.0079 11
25926.7645 11
25986.7662 19
26096.0962 4
26280.6136 15
26373.1195 7
26552.4933 17
26587.5192 19
26616.9420 7
26716.0891 18
26751.0576 3
26940.2092 12
27027.3211 3
27068.3610 12
27244.4123 18
27398.7523 1
27449.3419 4
27658.9356 3
27743.3414 9
27928.5738 21
28086.6335 18
28172.0102 6
28312.3109 14
28379.1546 14
28469.1746 11
28524.9396 16
28588.6191 6
28766.2320 8
28965.4994 17
29134.2427 19
29231.1984 2
29413.7051 8
29586.0979 3
29773.2284 14
29945.2385 6
30164.1162 14
30254.0563 13
30293.2156 21
30444.4447 1
30550.2554 12
30577.6618 14
30723.6361 14
30884.0845 21
30955.4565 16
30998.7131 11
31102.7714 11
31251.9350 12
31333.7506 15
31427.2504 11
31517.2694 6
31587.8765 16
31695.0617 3
31835.5832 1
31903.0112 16
31923.8170 6
32110.2025 1
32256.2774 12
32323.3257 10
32378.4659 21
32515.2423 15
32624.6212 15
32664.9964 1
32802.2622 15
32988.1655 11
33169.8688 15
33347.3148 11
33426.5706 14
33558.4251 12
33613.3587 18
33683.5351 20
33858.9653 8
34002.4945 2
34218.0422 1
34401.2330 1
34446.0256 17
34599.6043 6
34724.7336 3
34800.4278 10
34972.1840 13
35011.5761 11
35111.4447 8
35324.4706 16
35528.6611 2
35690.4986 12
35797.9133 19
35942.3901 16
36125.1069 12
36309.2202 16
36366.0208 18
36427.8843 4
36603.4178 18
36736.8946 9
36760.2543 3
36967.6786 18
37100.7995 7
37136.0806 7
37266.9111 21
37378.1486 8
37460.3463 13
37545.6740 1
37623.6094 2
37876.4524 11
37978.5382 12
38118.1256 13
38143.7086 11
38194.8448 7
38373.6618 2
38499.9246 15
38610.8974 19
38767.1972 1
38827.9118 10
38904.5829 18
39049.3722 16
39213.1543 19
39264.9797 4
39412.7783 19
39470.5653 15
39597.7349 16
39686.4538 11
39714.8450 18
39747.4176 12
39865.4176 12
39901.8410 3
40087.9483 14
40171.8968 9
40287.3975 5
40432.0241 18
40626.4789 14
40779.0459 12
40979.2876 8
41098.9394 12
41256.7678 5
41426.1219 8
41554.3014 8
41659.9811 9
41790.7047 13
41980.9013 6
42050.1883 10
42215.7909 15
42416.3911 1
42534.5466 11
42662.5867 3
42762.6139 14
42937.1270 11
43098.6443 2
43244.7559 11
43289.3984 7
43491.0938 9
43552.3228 15
43615.5476 20
43766.7084 6
43895.4179 21
43974.3105 3
44050.6515 21
44120.6068 14
44345.3129 14
44448.1388 11
44547.2905 5
44742.7637 2
44931.1899 4
45033.3696 4
45162.4539 8
45234.4640 19
45259.5839 19
45404.3444 14
45506.9134 13
45673.7507 8
45875.2805 6
46080.5599 2
46289.6749 10
46482.8439 8
46614.6994 12
46634.7163 5
46792.2542 11
46824.9990 12
46853.4989 12
46972.7766 12
47062.2468 11
47224.2318 12
47294.6418 10
47393.7570 13
47496.7725 11
47581.8902 11
47623.2091 12
47789.1430 18
47816.2986 12
47849.1615 12
47899.3549 18
47970.5416 20
48079.5319 21
48165.5510 9
48214.4972 3
48245.8936 1
48384.1850 18
48542.9632 11
48607.7497 14
48793.4753 12
48971.0646 12
49056.0240 18
49155.2521 5
49228.1692 9
49355.5746 20
49435.6573 10
49633.2173 21
49685.3586 10
49879.4059 11
49909.2064 15
50000.9279 1
50056.2893 17
50245.8356 19
50390.4890 9
50533.2009 12
50569.5411 15
50766.3843 11
50911.1769 11
50999.9566 5
51163.8040 7
51223.5941 2
51367.3740 4
51525.3776 14
51673.3656 5
51810.7464 2
51979.7136 15
52149.5859 3
52290.2710 7
52483.1687 11
52521.7595 16
52688.4275 20
52801.1059 9
52960.5770 19
53131.5962 20
53231.4435 13
53339.1177 21
53455.3878 12
53607.1675 9
53737.0141 3
53943.8286 12
54022.9491 9
54167.2506 14
54306.0332 5
54354.8176 4
54489.8397 1
54704.1071 1
54793.5143 20
54921.8428 13
55002.8310 12
55179.8501 5
55320.0658 5
55426.5710 5
55550.9330 2
55718.6039 9
55833.3364 2
55912.7225 9
55985.0165 12
56174.3241 18
56203.8885 18
56239.9686 20
56308.9621 11
56412.4257 4
56473.5824 21
56535.1599 12
56708.3456 17
56737.9240 21
56840.0213 2
56933.4042 13
56964.9383 14
57122.1774 18
57202.8984 18
57396.0507 18
57572.3559 11
57736.1361 14
57976.9679 12
58113.3846 18
58250.2783 20
58285.1716 1
58359.8752 8
58550.6977 11
58741.6753 12
58941.3210 1
59017.5493 9
59120.3853 16
59256.7435 3
59328.0299 10
59495.6496 11
59652.8989 12
59743.8005 12
59827.9167 11
60003.9604 20
60025.9387 18
60105.8546 19
60239.8761 18
60354.6301 2
60576.5452 9
60775.1703 2
60835.3662 21
60901.9987 13
61080.7470 8
61186.9940 11
61288.2318 15
61451.8771 11
61554.1011 4
61737.4282 19
61936.1621 21
62032.0308 11
62185.2173 12
62230.6581 9
62406.9696 13
62453.3969 8
62654.1634 21
62725.7674 17
62833.3770 14
62882.1985 12
62989.0991 2
63074.6941 16
63196.7081 18
63311.7045 10
63372.9398 18
63494.5149 1
63633.4328 13
63711.5155 18
63801.8125 9
63849.6875 6
64050.7479 14
64267.6352 12
64374.7651 20
64526.5687 3
64556.2123 5
64767.6706 21
64806.7976 16
64837.9382 12
65001.0240 9
65104.7694 1
65142.2923 8
65236.4186 19
65355.2895 6
65522.5644 6
65603.1143 19
65741.8241 11
65769.4701 7
65820.7140 6
65939.2487 9
66020.9299 9
66107.3359 14
66187.8745 11
66376.3454 13
66456.8593 13
66633.7098 11
66797.9640 13
66853.7384 11
66998.8686 14
67216.1971 18
67235.6087 4
67366.9104 19
67393.5589 7
67574.4275 1
67681.1896 19
67840.6287 12
68032.1700 12
68190.8169 7
68254.2157 17
68327.1877 11
68438.5111 11
68506.8165 18
68653.4464 3
68796.2371 7
68874.1189 6
69060.7205 11
69257.6158 18
69408.7710 8
69641.3622 21
69777.2539 7
