387
17436.5931 9
17630.2557 3
17819.1051 12
18003.1901 11
18199.8198 1
18245.6682 11
18442.4380 2
18579.8895 11
18706.7207 15
18897.6131 12
19025.7588 16
19195.8049 11
19252.3419 21
19335.3066 18
19482.7863 20
19568.7324 1
19775.7102 19
19843.9504 11
19885.4485 11
20053.6698 18
20163.5435 13
20213.3234 2
20406.3748 5
20605.5467 3
20779.8222 9
20827.6366 3
20999.2118 17
21140.7035 17
21332.3033 19
21411.6122 3
21507.9739 1
21689.6204 15
21747.1842 1
21868.4022 14
21967.5181 9
22163.5875 18
22253.4396 19
22358.9720 12
22429.8421 11
22539.9989 8
22621.7721 21
22786.7120 16
22825.0432 11
23024.3738 1
23197.9014 1
23390.3400 20
23587.8003 4
23674.3166 15
23736.4318 12
23773.3583 6
23976.3227 19
24076.0772 11
24186.0836 6
24328.3791 4
24540.9288 18
24609.4434 16
24717.9445 15
24849.4680 1
24986.3342 12
25143.8419 6
25252.3055 4
25444.9976 19
25562.6840 12
25750.2972 11
25845.7792 19
25882.1879 6
25947.7588 11
26114.0204 11
26149.3269 18
26235.0120 6
26406.4765 11
26467.9930 4
26673.6218 1
26814.1158 19
26880.3734 18
26946.4750 5
27016.5188 6
27181.3947 17
27301.1125 18
27397.4340 19
27418.1639 17
27474.5152 9
27652.4111 5
27697.9269 15
27747.2330 7
27868.9531 3
27932.1101 18
28100.8827 10
28158.9106 5
28309.9741 19
28471.0887 14
28688.7796 6
28847.5211 4
29013.5479 13
29209.3498 7
29230.3629 8
29341.2399 4
29547.5664 1
29626.7441 19
29785.1352 21
29921.0072 15
30123.5238 11
30305.7444 11
30400.8810 5
30518.5020 2
30672.9557 11
30826.8472 14
31012.3988 6
31146.1144 21
31264.0667 21
31308.1403 1
31516.3059 13
31719.7979 12
31768.3795 11
31916.6213 18
32104.8370 3
32274.5311 11
32406.2601 12
32560.5512 11
32603.1563 8
32745.1684 15
32764.3942 7
32825.7199 16
32895.7407 19
33061.9567 11
33219.8097 8
33273.1181 2
33504.0949 6
33635.7389 6
33692.2682 4
33902.5503 18
34017.8196 8
34138.9701 21
34288.6055 16
34491.6001 16
34578.7031 16
34734.5153 6
34909.8744 18
35092.0911 2
35205.5857 14
35338.7229 7
35409.7727 13
35523.3249 12
35713.0605 7
35841.6764 17
35978.2963 11
36082.1822 11
36205.4445 2
36277.3562 12
36410.7484 1
36476.3315 12
36592.4848 9
36728.6390 11
36826.3619 11
37006.0090 15
37190.3249 4
37415.7898 11
37549.2784 21
37697.0657 6
37830.6278 7
37996.9200 20
38017.7759 15
38219.8409 3
38296.3248 2
38475.8149 15
38671.2527 8
38874.0510 16
39046.5803 1
39158.1020 21
39283.2317 5
39400.4584 3
39471.7848 14
39559.7497 11
39757.4103 20
39786.8096 1
39832.1028 21
39943.6448 17
40079.2658 4
40280.5799 15
40306.0265 12
40386.8696 12
40524.1353 21
40650.2102 17
40836.4229 7
40861.3755 16
40990.5223 9
41101.5005 8
41285.8006 6
41329.9406 9
41470.1410 9
41574.0802 11
41706.3504 15
41874.2578 19
41976.7969 4
42216.2528 10
42286.1420 21
42418.6949 11
42566.8163 14
42701.0361 9
42796.4372 15
42828.6394 19
43016.3417 9
43200.4880 7
43321.5426 11
43521.7233 12
43576.3334 1
43696.3133 11
43849.9695 13
44025.8064 16
44077.7660 10
44242.4722 12
44309.8618 16
44375.1783 8
44460.7585 15
44523.4055 17
44542.7795 14
44616.4195 15
44693.7794 12
44712.7470 15
44822.7797 11
45022.8917 11
45182.9250 12
45272.1441 12
45315.1493 1
45530.6238 14
45755.8411 6
45853.0590 14
45975.4912 4
46040.2723 20
46211.5477 9
46411.8267 13
46451.0543 13
46626.9640 16
46792.9389 17
46961.3201 15
46998.5174 17
47193.2179 18
47376.8172 9
47413.8954 12
47515.6871 7
47659.5039 11
47753.5728 14
47849.0022 3
47983.3923 21
48055.0835 11
48138.7624 9
48193.4133 20
48255.6809 12
48379.0440 7
48513.8166 7
48664.5297 11
48853.2992 1
48903.2139 3
49032.2873 15
49055.6317 14
49191.8771 2
49401.1171 5
49578.7770 11
49747.3357 14
49980.6876 6
50155.0304 20
50342.5221 17
50475.2607 11
50658.5544 2
50850.7753 18
50940.5408 10
51031.8751 16
51231.9084 11
51418.2645 18
51578.7822 8
51751.6388 11
51898.0710 1
52046.8264 18
52081.7691 20
52258.6643 18
52402.2787 13
52505.2545 15
52545.6700 14
52721.7123 17
52863.3804 11
52957.1712 8
53183.2427 9
53360.9113 6
53533.1749 18
53597.3181 4
53715.5459 4
53819.8395 13
54010.5699 19
54204.1436 6
54343.9591 19
54427.8335 4
54634.8968 6
54740.6168 12
54787.2964 14
54988.1376 11
55108.9919 2
55308.4754 12
55341.0317 13
55368.8687 1
55580.4060 16
55684.7035 18
55729.7218 1
55782.6355 7
55856.8947 5
56063.1402 15
56191.6403 2
56299.9081 21
56482.5257 12
56645.0914 20
56720.7659 5
56833.1448 16
57010.4916 17
57089.3241 9
57239.6768 12
57283.5759 15
57383.2946 15
57571.3036 6
57725.6732 13
57819.4234 3
58008.3516 16
58054.3827 20
58148.3068 2
58275.2404 9
58310.2717 16
58404.3902 10
58485.4394 10
58690.6797 2
58771.4354 18
58887.9319 6
58956.9059 14
59096.0765 2
59307.7413 18
59501.4714 9
59550.5029 15
59670.6172 1
59781.8703 11
59815.1319 3
59965.2365 7
60007.2449 11
60028.2588 20
60148.7507 5
60254.6171 14
60399.0303 20
60429.2209 15
60474.7563 11
60503.9820 11
60585.4750 15
60656.6361 16
60790.5878 18
60961.0326 11
61068.5906 11
61197.6723 11
61293.5158 7
61479.8484 16
61560.8693 12
61595.4883 11
61723.0048 19
61837.2656 21
61955.7006 14
62128.5102 3
62176.9180 12
62273.8582 1
62338.4759 17
62502.1912 11
62624.9944 21
62807.7534 16
62859.5728 19
62916.7016 10
63090.6655 11
63278.1084 16
63361.4623 12
63418.5188 4
63517.9515 1
63675.0179 8
63729.9373 9
63748.2213 19
63917.4233 13
64112.5307 21
64303.1683 19
64444.2908 8
64544.9991 17
64578.3410 12
64616.3477 12
64806.1802 10
64944.3763 11
65041.7908 1
65228.4336 18
