387
17436.5931 9
17504.2422 3
17542.8420 12
17738.6581 11
17831.2155 1
17954.0692 11
18119.9104 2
18337.7039 11
18454.7188 15
18517.2122 12
18718.4307 16
18883.2949 11
18960.5523 21
19155.6387 18
19304.0642 20
19505.5520 1
19617.8961 19
19734.5528 11
19809.5592 11
19986.5322 18
20151.4817 13
20262.1594 2
20403.4068 5
20578.2867 3
20729.0538 9
20786.5054 3
20833.8166 17
20879.6944 17
21080.5509 19
21105.4425 3
21205.7914 1
21245.5482 15
21421.9491 1
21537.3175 14
21791.9127 9
21979.4274 18
22043.6389 19
22107.6348 12
22299.6787 11
22320.6100 8
22371.2937 21
22475.0001 16
22613.4538 11
22764.6455 1
22822.7945 1
22965.2419 20
23025.4952 4
23230.5441 15
23363.1700 12
23553.4634 6
23721.6248 19
23784.7522 11
23986.7869 6
24115.8227 4
24247.5953 18
24374.9063 16
24565.0568 15
24606.6101 1
24790.4469 12
24857.0229 6
25039.1293 4
25169.8444 19
25195.8307 12
25313.6457 11
25344.1610 19
25521.0492 6
25648.0116 11
25836.7004 11
25952.4940 18
26062.2715 6
26178.8165 11
26340.5494 4
26510.3590 1
26575.7067 19
26594.9590 18
26681.9713 5
26767.3890 6
26873.2299 17
27034.8753 18
27076.1547 19
27178.5101 17
27241.3818 9
27348.3943 5
27389.3337 15
27539.7819 7
27620.3159 3
27817.5206 18
27946.5989 10
28068.4575 5
28186.3841 19
28286.7712 14
28401.8610 6
28510.3519 4
28616.1150 13
28807.5743 7
28978.2925 8
28996.7627 4
29142.6532 1
29242.4164 19
29418.6082 21
29534.7465 15
29619.0712 11
29736.7401 11
29772.4992 5
29809.2153 2
30014.3694 11
30135.7493 14
30208.3919 6
30316.6145 21
30418.2869 21
30590.8080 1
30711.2161 13
30769.3033 12
30918.7852 11
31045.9182 18
31217.2243 3
31310.6704 11
31442.6401 12
31513.0883 11
31712.4768 8
31791.8492 15
31837.5235 7
32006.1130 16
32034.2904 19
32110.9428 11
32312.2454 8
32482.4514 2
32647.1102 6
32793.9398 6
33017.8840 4
33063.2650 18
33157.1258 8
33262.8273 21
33421.8658 16
33625.5721 16
33663.3452 16
33779.2735 6
33912.5367 18
33949.1878 2
34153.8836 14
34222.4806 7
34337.0188 13
34490.6793 12
34547.9044 7
34745.5982 17
34878.2046 11
34912.5720 11
34934.4896 2
35157.5965 12
35191.1806 1
35361.6678 12
35452.4459 9
35553.4385 11
35594.5548 11
35705.1350 15
35727.9851 4
35930.3717 11
36017.7643 21
36070.2414 6
36137.5937 7
36234.7465 20
36288.5649 15
36355.3961 3
36405.4125 2
36601.4649 15
36798.4036 8
36911.9542 16
37025.6827 1
37188.4749 21
37286.2686 5
37326.7749 3
37487.2944 14
37610.7320 11
37654.7690 20
37714.9409 1
37897.9544 21
37996.4702 17
38154.5205 4
38297.7165 15
38426.3144 12
38627.0457 12
38734.5035 21
38788.6429 17
38894.4611 7
39044.4313 16
39224.1084 9
39313.6009 8
39446.6575 6
39576.3792 9
39662.8397 9
39761.0890 11
39897.4339 15
39966.0921 19
40134.8358 4
40282.8162 10
40512.4151 21
40537.3876 11
40732.6307 14
40917.3835 9
41051.7815 15
41171.4687 19
41290.5701 9
41397.5593 7
41581.6819 11
41738.1047 12
41778.2865 1
41924.1285 11
41949.7656 13
42118.0792 16
42177.5366 10
42288.2634 12
42451.1761 16
42578.4213 8
42809.2263 15
42895.2066 17
43076.6396 14
43312.3765 15
43377.7266 12
43562.8452 15
43615.1816 11
43693.9690 11
43837.1145 12
43974.1152 12
44149.7575 1
44270.2090 14
44470.6117 6
44681.3887 14
44739.0769 4
44952.4107 20
45015.4446 9
45086.6084 13
45264.5920 13
45329.0993 16
45525.0996 17
45719.4564 15
45907.6368 17
45945.0972 18
46104.2376 9
46261.9037 12
46409.7095 7
46528.6227 11
46585.9974 14
46751.2605 3
46784.8656 21
46822.8578 11
46890.0359 9
46991.5516 20
47157.3577 12
47216.8878 7
47300.8853 7
47461.3684 11
47575.8218 1
47746.8140 3
47856.7789 15
47951.0400 14
48065.8323 2
48211.4914 5
48387.3581 11
48563.5311 14
48787.8196 6
48908.8731 20
48950.2853 17
48989.7574 11
49025.4319 2
49204.2995 18
49237.0140 10
49456.5377 16
49647.2330 11
49847.0442 18
50033.5216 8
50221.6617 11
50379.0380 1
50532.5372 18
50699.3325 20
50825.8599 18
50954.8636 13
50996.8980 15
51142.5933 14
51328.7295 17
51517.2670 11
51639.5563 8
51673.8056 9
51697.6662 6
51924.1596 18
52037.7409 4
52186.9688 4
52399.1949 13
52435.1983 19
52574.6506 6
52663.9482 19
52732.7016 4
52836.5822 6
52943.6567 12
53070.4668 14
53306.7137 11
53499.1947 2
53602.4521 12
53758.8365 13
53809.8511 1
53927.8749 16
54003.8242 18
54174.8786 1
54269.9548 7
54305.7182 5
54479.8466 15
54577.3184 2
54640.2912 21
54805.1512 12
54896.2715 20
55098.3480 5
55155.4523 16
55333.2817 17
55355.2095 9
55399.2831 12
55595.5168 15
55645.1353 15
55730.9846 6
55959.0006 13
56005.8823 3
56088.7611 16
56168.1924 20
56366.6977 2
56432.9900 9
56538.4816 16
56572.4084 10
56644.4483 10
56697.2908 2
56889.5688 18
56997.2702 6
57214.2494 14
57429.8617 2
57646.6355 18
57798.8889 9
57946.6126 15
58100.7795 1
58151.7573 11
58197.8762 3
58250.8123 7
58376.4177 11
58456.5151 20
58478.1144 5
58510.5386 14
58708.3394 20
58888.1924 15
59040.1412 11
59208.9539 11
59409.0496 15
59450.3755 16
59491.4146 18
59678.6403 11
59829.2177 11
59935.3122 11
60098.4065 7
60211.3177 16
60330.3332 12
60370.6812 11
60491.2457 19
60523.4061 21
60652.5889 14
60776.5389 3
60833.8739 12
60874.5423 1
60967.8838 17
61048.8492 11
61123.5373 21
61285.6718 16
61488.5533 19
61529.1837 10
61579.4722 11
61710.6429 16
61745.0657 12
61823.8938 4
62067.7908 1
62257.2253 8
62378.7881 9
62528.7879 19
62633.0295 13
62770.9159 21
62881.5826 19
62997.7524 8
63119.9319 17
63221.6239 12
63343.0379 12
63527.0891 10
63609.9834 11
63802.3388 1
63929.9366 18
