387
45002.7431 16
45159.9422 7
45216.3875 10
45361.9969 11
45427.3811 21
45469.1861 4
45564.4701 11
45622.1469 3
45761.3029 3
45868.2048 13
45896.3568 12
45990.0021 13
46096.2165 20
46248.5056 15
46359.5641 5
46425.6042 18
46456.6100 17
46520.3726 18
46621.9968 15
46661.7605 11
46779.0815 17
46877.1426 11
46988.4923 14
47124.3063 15
47289.1352 15
47384.5445 4
47574.1662 1
47701.3455 18
47797.6257 9
47866.4083 18
47939.0226 13
48125.1523 20
48281.4746 15
48399.2511 21
48433.5407 12
48604.9597 8
48711.1376 15
48837.3923 19
48994.5426 11
49100.3225 20
49147.4197 2
49357.4259 11
49530.7682 15
49600.3208 21
49626.8350 8
49791.3789 10
49945.3012 19
49990.8733 7
50070.9992 21
50232.7559 15
50285.7098 16
50464.1555 18
50542.9696 13
50702.7189 3
50898.4832 12
51034.2623 11
51236.4259 3
51292.5644 17
51367.0097 11
51456.8681 18
51648.8150 16
51844.0149 8
52030.2400 11
52082.8382 10
52299.2483 3
52462.7107 17
52513.7050 10
52659.3177 11
52715.6996 14
52925.0505 19
53009.8445 8
53148.1119 17
53309.6652 17
53476.9350 6
53619.7633 18
53796.8524 15
53880.0508 21
53937.7271 9
54028.8459 5
54224.2316 8
54346.1284 6
54453.3642 12
54603.0374 12
54721.0712 6
54896.0168 6
55114.0806 5
55291.6778 1
55425.9933 11
55476.4552 11
55568.5062 6
55787.7792 7
55829.0419 6
56018.3629 12
56089.4312 12
56155.1415 11
56221.6162 2
56401.2080 12
56505.2870 18
56693.6704 6
56908.0098 1
57072.5888 2
57264.8003 13
57434.6243 5
57524.7826 11
57654.7267 2
57856.2690 1
58013.1283 5
58188.7248 12
58339.8319 3
58524.8113 11
58550.4125 15
58608.8437 6
58676.1508 11
58716.6580 12
58804.7317 16
58991.4901 4
59165.8482 18
59304.9395 18
59322.1677 8
59428.3543 14
59586.7186 9
59772.2755 2
59859.9980 3
59978.0577 21
60077.4983 16
60139.0313 21
60297.8702 4
60484.5857 7
60679.6100 8
60846.0754 17
60960.3179 4
61114.8703 8
61207.2236 11
61246.7621 17
61406.5797 10
61483.6160 14
61647.6317 5
61844.8886 18
61909.1915 19
61967.3962 2
62119.1332 6
62290.7137 6
62369.2195 17
62390.8070 8
62510.8539 11
62621.3554 1
62836.1096 18
62888.2296 9
63032.2443 13
63078.6569 3
63119.0984 12
63145.1157 4
63231.4178 15
63308.6644 7
63494.3053 6
63653.1837 8
63756.8463 11
63801.8741 14
63860.0251 1
63980.5538 18
64038.6040 12
64198.6323 9
64272.4881 12
64465.7821 18
64576.0357 21
64681.9905 11
64752.3727 20
64917.4008 6
65141.2689 11
65288.8209 16
65353.6567 11
65482.3397 15
65665.4832 19
65738.7401 8
65894.6960 11
65920.5542 4
66003.2469 21
66109.3797 11
66210.3707 12
66269.4025 18
66351.5033 1
66401.6841 9
66431.7060 17
66453.0420 6
66585.5008 18
66713.9700 12
66748.9655 15
66805.3518 6
66949.3948 8
67057.2722 15
67235.0331 12
67273.6963 10
67478.1140 14
67563.3835 5
67627.8743 11
67824.2187 2
67921.7883 18
67963.9173 12
68096.0948 17
68241.9163 9
68400.7588 6
68577.5759 3
68630.2762 20
68819.0422 14
69026.5968 18
69112.3845 14
69327.0172 16
69413.1765 7
69567.1076 9
69751.0576 12
69931.2655 12
69959.4441 14
70041.4725 4
70254.8875 21
70449.7694 16
70509.6818 5
70697.0609 12
70862.8048 18
70903.2187 20
70931.0827 10
71043.7405 18
71065.5906 11
71142.0152 12
71345.6385 6
71552.5929 6
71702.1617 21
71908.5798 4
72087.9115 2
72243.2326 3
72403.4898 17
72534.8665 11
72594.4015 12
72710.4385 11
72901.2616 6
73097.5176 15
73211.6932 16
73233.5720 15
73283.4883 18
73447.8453 1
73557.4322 2
73798.0671 15
73907.8849 1
73970.3803 10
74150.4103 12
74312.9297 19
74359.1448 12
74460.4494 13
74526.7466 6
74751.8114 19
74783.2304 1
74839.2284 18
75004.3665 8
75216.0806 12
75358.0575 14
75499.3443 12
75534.0338 17
75575.3671 19
75692.3133 16
75845.0257 18
76035.3896 11
76158.3686 1
76252.0532 18
76326.2689 15
76497.2858 1
76623.6886 5
76826.8249 17
76922.6646 13
77128.7967 3
77295.1446 3
77430.6859 14
77550.6255 11
77611.3687 16
77722.5950 2
77888.2961 5
78000.8600 18
78120.4585 16
78307.5255 18
78503.3020 8
78579.5452 11
78600.9923 2
78802.6691 19
78838.6328 5
79049.3030 17
79073.8609 18
79247.5884 12
79441.5566 14
79560.6834 12
79699.9459 17
79837.2156 20
79954.5080 11
80008.2850 7
80159.5573 12
80243.9849 18
80323.5312 21
80365.2376 11
80567.1827 21
80612.5661 7
80719.0236 13
80790.0124 21
80933.4265 2
81167.3905 18
81226.2966 13
81319.7290 1
81528.2801 17
81704.4195 11
81888.2549 20
81963.0382 1
82178.1235 11
82360.0881 1
82468.6578 9
82493.0591 2
82611.3463 11
82761.9829 15
82945.6732 13
83134.7065 15
83168.6297 13
83219.4234 11
83352.3114 11
83533.8378 20
83728.0507 1
83912.8704 2
84129.8161 6
84308.6733 13
84481.9057 7
84631.1678 17
84685.1870 11
84805.8902 14
84870.5825 17
85042.3031 2
85227.2186 8
85322.5487 15
85483.9072 15
85516.0761 19
85610.8116 18
85790.5879 12
85972.4037 10
86095.1208 12
86244.8878 6
86281.6458 8
86448.0623 11
86572.0516 7
86684.0386 19
86774.2989 14
86992.0131 7
87134.5965 12
87332.2842 9
87393.9778 15
87528.0386 17
87628.4709 15
87792.9651 12
87920.6900 9
88072.3957 14
88127.8630 11
88195.8054 11
88266.8739 11
88347.3939 12
88374.0449 8
88542.4443 10
88689.1322 17
88888.1154 16
88931.0515 15
88953.0743 11
89096.0578 8
89184.9212 2
89379.8679 2
89611.9237 1
89709.3775 14
89904.7187 7
90033.9898 4
90249.3768 9
90273.5553 17
90354.2727 13
90525.9431 11
90675.6060 11
90780.9846 1
90928.2604 7
91118.7191 11
91248.2441 16
91335.3296 1
91537.3809 16
91581.7329 15
91744.9928 7
91812.7817 18
91973.7826 6
92089.7258 5
92191.3405 16
92389.3213 8
