387
48651.0196 11
48826.2723 4
48972.4453 8
49162.7848 21
49233.0864 9
49352.5240 18
49506.0192 16
49621.3836 5
49714.0150 6
49891.2182 1
49991.0217 15
50091.8524 12
50136.8637 2
50272.4491 18
50293.6517 12
50371.0505 11
50475.8371 16
50579.6657 14
50743.9422 9
50768.5437 3
50882.4699 20
50988.2870 11
51028.7004 11
51144.2678 19
51238.8167 18
51350.4388 13
51445.9142 21
51596.7457 13
51801.1814 13
51925.8417 14
52098.2836 14
52225.4162 16
52293.9408 11
52457.8625 10
52606.2908 18
52754.1964 2
52988.7099 1
53152.4989 18
53339.5224 14
53516.1221 1
53631.3926 10
53706.7454 1
53777.3010 8
53835.0051 1
53921.5705 12
54056.0694 7
54225.6418 11
54327.7698 11
54411.3487 2
54555.0183 5
54721.2674 20
54912.9751 11
54981.7117 18
55099.9670 10
55240.5591 5
55450.5371 9
55612.7512 20
55781.9431 4
56018.6903 5
56048.3207 16
56227.2704 9
56275.9398 3
56426.0247 2
56660.8693 21
56815.4385 12
56945.6852 9
57148.0094 16
57264.7550 20
57319.9766 11
57442.0665 11
57461.9483 10
57571.8216 13
57764.2413 4
57869.9970 7
57959.5817 13
58075.5162 16
58238.8137 9
58377.5720 9
58443.2484 20
58589.4089 11
58709.2313 9
58891.3625 7
59064.7082 16
59216.3892 13
59418.9231 19
59440.0486 9
59471.6715 21
59532.4705 21
59720.7085 12
59854.0304 21
59901.5757 15
60059.5375 13
60182.8577 12
60327.4335 9
60350.7901 14
60541.4749 7
60617.9457 7
60749.8533 20
60824.7916 11
61017.2690 15
61049.4328 11
61192.5585 12
61390.3150 19
61482.6220 12
61558.8951 14
61721.9195 5
61750.4799 7
61846.9067 4
62014.6405 17
62134.7391 14
62202.6753 11
62355.8281 19
62502.1614 18
62566.2999 20
62654.2317 11
62741.7475 16
62859.2818 11
63016.0495 9
63092.0495 14
63261.5326 12
63359.4662 19
63499.9208 15
63640.2118 2
63801.8578 19
63889.1297 9
63928.0846 21
63992.8670 5
64069.3230 4
64283.5463 6
64434.1360 6
64596.7931 11
64679.2046 3
64821.2335 4
64892.1036 1
65100.0424 7
65203.0966 1
65313.4524 13
65388.6220 15
65578.8023 2
65689.2759 4
65853.8500 12
65985.1014 8
66187.8854 9
66238.5395 14
66353.5492 11
66458.6243 7
66491.8572 16
66590.2949 19
66731.6266 11
66928.7165 20
67003.2942 20
67097.6767 10
67132.4056 16
67232.4798 16
67271.6326 16
67324.0509 6
67405.1948 2
67496.2174 16
67657.0143 3
67690.7494 14
67876.8993 19
67908.6699 3
68058.5585 11
68186.6352 9
68329.7506 1
68469.7160 11
68514.9947 20
68593.1413 19
68744.5199 7
68919.9173 2
69177.4173 3
69347.0953 7
69428.1700 12
69513.1801 12
69535.8165 15
69664.4342 10
69819.0112 21
69917.6360 15
69957.3368 11
70075.6491 15
70154.5411 16
70260.8184 18
70443.4245 21
70550.0784 13
70575.6076 18
70718.1396 12
70899.8236 11
70965.0460 13
71023.7054 10
71197.9220 14
71418.7749 11
71513.4307 3
71724.4212 21
71748.5086 6
71939.4008 4
72117.8540 12
72291.5021 18
72380.2934 18
72441.4411 19
72507.2667 14
72662.4318 6
72774.4826 11
72865.3283 1
72938.8548 17
73059.0871 19
73172.6264 11
73196.8467 17
73391.5945 11
73579.7039 6
73691.2942 7
73740.6053 3
73808.2792 14
73878.2256 5
74089.0113 4
74287.4567 2
74354.8652 10
74556.3918 1
74709.4506 18
74787.9446 12
74946.6577 10
75096.3552 4
75194.7401 1
75381.5387 17
75478.0892 7
75662.6296 19
75746.6151 7
75818.8837 18
75954.2925 16
76115.2308 9
76190.4016 6
76395.8084 5
76559.5261 11
76747.6322 3
76929.6729 20
77038.8896 2
77092.1896 15
77238.7794 8
77402.5717 18
77603.4380 5
77720.5747 20
77763.5848 2
77903.1911 15
78042.9843 12
78226.6143 8
78362.6005 18
78381.3371 11
78548.0347 13
78614.1584 3
78743.6722 12
78775.6332 14
78842.4971 15
78873.8311 21
79057.4587 11
79164.6142 14
79329.5016 4
79417.6393 16
79577.0780 12
79637.9998 19
79663.9105 18
79749.2060 10
79916.0441 13
80113.0517 8
80249.7815 18
80427.8971 20
80535.2737 16
80733.2092 11
80874.7099 17
80919.5059 8
81013.1640 5
81181.0640 15
81369.8756 3
81508.5789 10
81651.0353 11
81800.6795 18
81859.9836 11
82042.7138 12
82132.1402 19
82155.7946 18
82314.7066 13
82504.4738 18
82547.9799 13
82600.2366 21
82794.1025 14
83049.0157 14
83258.4757 13
83321.8405 1
83417.2810 17
83573.4814 21
83660.5963 19
83831.4800 18
83940.6922 4
84146.6767 2
84256.0785 21
84300.2715 9
84462.7530 2
84668.5137 3
84781.2699 13
84912.9646 11
85071.8504 21
85130.9896 14
85368.4557 10
85521.7994 16
85563.3564 11
85766.9586 5
85819.4151 2
85905.8491 2
86137.4866 11
86233.5669 18
86349.2456 11
86400.0257 14
86647.4777 11
86681.0653 17
86755.8330 10
86859.0967 3
86970.7154 1
87121.7074 15
87144.0781 16
87343.4676 20
87476.0538 1
87559.8440 15
87624.5221 10
87839.3155 4
88052.6304 11
88215.3301 20
88348.9775 6
88582.1266 9
88766.3895 17
88828.1948 2
88897.4731 16
89003.9204 20
89200.0240 8
89276.5390 16
89327.5015 12
89412.5357 13
89514.4576 12
89586.0747 14
89815.2256 2
90018.2823 9
90145.5288 9
90269.3810 2
90396.8916 7
90452.5249 11
90643.8354 12
90695.6451 18
90844.8957 5
90971.5665 12
91096.0592 5
91192.5624 4
91349.0617 20
91384.3392 14
91552.6106 18
91598.3481 8
91653.6751 6
91818.7104 15
91929.7557 12
91973.0939 20
92047.1120 18
92216.0509 12
92338.2608 9
92473.5593 10
92572.4168 4
92636.3470 14
92688.8292 1
92899.4233 18
92930.8571 1
93134.6397 18
93241.5581 17
93306.0836 20
93486.8150 13
93654.0548 11
93719.9438 16
93907.5405 10
93984.2482 6
94076.4099 12
94215.7150 3
94406.2372 16
94439.3621 11
94640.1402 13
94812.0489 5
94843.3971 12
94970.1409 8
95135.7655 9
95168.6598 13
95371.8448 8
95507.9573 15
95594.7311 15
95648.8822 11
