387
11468.2006 13
11641.3213 21
11785.3340 18
11808.5138 19
11901.0932 18
11967.8052 15
12085.2690 12
12265.3637 1
12363.8415 4
12438.0635 10
12607.0098 20
12704.2200 18
12848.1938 12
12930.5061 11
13034.7657 18
13154.3748 13
13242.8123 3
13334.3005 1
13532.2779 1
13621.7319 13
13742.0150 7
13930.3282 16
13983.9619 6
14153.7391 11
14333.1376 9
14506.4718 11
14579.9404 8
14775.2848 1
14968.4830 16
15089.2125 11
15213.0120 1
15358.0798 1
15427.0447 6
15557.1699 2
15640.2164 3
15769.9771 13
15905.1982 12
16072.6046 18
16174.4693 3
16308.9791 4
16479.0305 18
16509.8649 18
16642.5219 2
16870.0487 13
17029.1491 12
17097.1556 21
17128.4345 8
17310.8075 16
17447.3793 9
17536.2184 15
17640.9458 16
17747.4141 18
17919.7040 7
17955.1262 17
18036.6045 1
18123.9865 6
18330.7790 14
18544.1910 11
18660.3678 13
18814.0188 6
18884.0977 1
18994.0305 6
19108.3762 11
19203.1113 19
19345.1012 21
19369.7863 19
19566.8553 18
19749.8687 7
19890.6916 7
20060.1358 14
20265.4950 3
20470.5744 17
20638.0528 13
20766.8577 18
20929.6290 2
21137.8864 11
21311.2674 14
21373.9397 16
21453.2281 7
21550.9469 12
21611.0651 12
21706.9703 8
21834.0002 16
21865.4042 6
21997.4927 8
22048.9688 21
22208.4177 6
22304.4745 12
22447.9136 17
22613.4001 9
22779.2139 13
22854.2321 20
23052.2792 2
23268.3381 11
23296.9786 16
23423.7647 9
23531.9282 4
23652.9452 16
23738.4847 9
23910.0262 14
24133.4214 16
24265.3591 14
24390.6363 7
24565.4594 2
24741.5894 18
24823.9144 12
24847.4471 12
24926.9538 4
25109.9921 13
25231.7160 14
25345.3098 8
25408.6265 21
25599.6987 8
25784.5723 4
26009.1286 15
26119.0013 12
26187.3171 15
26206.5365 21
26407.0634 18
26523.2467 18
26712.4560 21
26805.6901 9
26850.9125 21
26891.3309 21
26940.5085 12
27109.6536 2
27281.2072 9
27408.0888 2
27567.1944 2
27627.0272 6
27752.8782 20
27842.6103 18
27866.5217 2
28084.8189 1
28254.6916 9
28352.6374 10
28426.1150 11
28601.0791 9
28680.7660 4
28892.8103 13
28957.6595 12
29140.7755 9
29186.3914 14
29266.2019 3
29312.0045 1
29456.9506 14
29664.5147 3
29863.6858 5
29989.5828 1
30047.2952 18
30167.1945 20
30299.8671 20
30411.3647 5
30481.0755 11
30670.5229 19
30834.0761 6
31036.6528 12
31094.5658 3
31197.5106 17
31244.5490 15
31353.6413 15
31385.0440 15
31537.2818 7
31597.0669 8
31827.8718 11
31848.1251 15
32007.7511 12
32123.1060 8
32204.4643 11
32337.2628 3
32430.9081 12
32615.7205 3
32712.1193 21
32820.3098 18
32931.3179 2
33092.2023 21
33254.6457 9
33439.0402 8
33587.0485 16
33655.7270 7
33808.2075 18
33934.3147 11
34031.4852 11
34158.9789 21
34300.2662 2
34456.0074 12
34482.0822 1
34610.0169 8
34757.3421 11
34917.7274 11
34949.0243 17
34975.4909 1
35116.0756 5
35316.7839 12
35479.7269 19
35500.4379 17
35538.4947 11
35724.9881 21
35839.6456 7
35998.2233 4
36128.6432 8
36195.9790 15
36260.1871 12
36331.9818 15
36470.1390 13
36645.5299 14
36776.2862 14
36933.3085 16
37048.8331 20
37192.7459 10
37218.7963 18
37387.8976 21
37557.0299 11
37642.8350 6
37732.4615 9
37879.3090 3
38081.5317 13
38230.6311 7
38288.4993 18
38445.2991 16
38647.3649 2
38769.3731 21
38880.8508 1
39095.9121 19
39240.3398 5
39454.2650 10
39626.6216 2
39786.4965 13
39845.0786 4
39959.7278 19
39978.6799 21
40172.1615 7
40233.0907 21
40425.8599 8
40625.6883 10
40732.7750 3
40801.9682 9
40915.7183 10
41104.0456 19
41211.0040 7
41339.6374 21
41380.0690 21
41465.9355 8
41544.2896 20
41718.5036 10
41743.5618 4
41944.6159 8
41963.5321 19
42013.6340 11
42131.4788 18
42216.7434 7
42394.2384 14
42487.8054 18
42632.1876 12
42680.7540 7
42738.0710 12
42852.8106 11
43010.4265 9
43081.1941 14
43296.7734 18
43398.7233 17
43447.2599 12
43575.6227 11
43686.0851 21
43804.0021 17
43907.8109 4
43969.5933 3
44089.1566 18
44174.3303 21
44366.4953 15
44497.5783 18
44692.6250 13
44899.4709 4
44982.3429 21
45019.7259 21
45117.2638 16
45235.9860 9
45349.3864 2
45580.4696 12
45619.6965 5
45681.8952 18
45822.6441 16
46022.3604 14
46223.3242 3
46417.4413 18
46485.7977 14
46716.0315 12
46898.0245 6
46961.7948 6
47191.6730 13
47374.3432 6
47500.3494 19
47690.2921 6
47831.2141 6
47886.1782 12
47917.2910 21
47990.1358 19
48138.4774 9
48273.2482 2
48415.0696 21
48482.5605 13
48518.2106 18
48710.6422 20
48826.5909 18
48857.8488 4
48991.7585 11
49167.4782 12
49355.2163 16
49397.0195 21
49497.2711 13
49670.9059 7
49728.0509 14
49775.7898 10
49916.8936 11
50010.3127 19
50211.7852 8
50318.7918 7
50442.7019 7
50474.8335 14
50544.8357 1
50660.2210 7
50855.2283 9
51001.1803 9
51163.6814 20
51300.2625 8
51395.0287 12
51500.6727 15
51525.0974 18
51677.9798 19
51780.4762 8
51838.8841 5
51932.8929 15
52090.3626 9
52203.5656 19
52344.6024 14
52511.8836 14
52662.6466 10
52726.0124 3
52918.4320 4
53090.4009 10
53158.0647 4
53377.2461 18
53496.2916 12
53571.5296 12
53763.7671 15
53853.3497 3
54058.5611 12
54257.9444 12
54325.6188 17
54427.2201 11
54542.3449 11
54583.8594 18
54699.0847 3
54849.8513 10
54951.7937 15
55090.5959 5
55145.8146 19
55327.4906 11
55439.9783 12
55521.3730 12
55645.3702 16
55798.9586 11
55936.4426 12
56110.5685 11
56165.4949 12
56251.7630 3
56336.9538 10
56559.9306 9
56651.4964 9
56835.9068 1
56990.7042 4
57192.8363 21
57268.4523 8
57482.0178 14
57683.8212 21
57751.9535 13
57836.3192 13
58044.8184 12
58094.3298 20
58262.1225 7
58435.4924 11
58592.7881 13
58717.2589 11
58869.4683 12
58976.2307 11
59172.0422 5
59382.8599 18
